3267
5.97724e-06	3.90657e-23	2.59983e-10	1	0.999999	0.181148	0.999999	1	2.59888e-10	0.513482	4.54474e-25	9.34262e-06	1.38795e-09	0.850501	1	0.397432	0.00247258	1	0.999774	1.1252e-06	7.96295e-16	3.94363e-21	0.0279836	1	0.982713	2.35999e-10	0	0.000572013	0.717823	

3779
5.56454e-06	1.00481e-23	6.48819e-11	1	0.999999	0.169432	0.999998	1	1.58931e-10	0.528795	2.95638e-25	5.72327e-06	2.25435e-09	0.696085	1	0.517152	0.00247258	1	0.999633	2.79161e-06	2.09336e-15	3.96836e-21	0.0931615	1	0.98868	2.31232e-10	0	0.000547575	0.674568	

12224
0.00259761	2.33614e-22	4.97869e-12	0.00263141	1	1	0.0024727	1	0.999999	0.999999	2.14264e-29	1	8.89488e-28	1	1	1	0.999999	1	1	1.0922e-20	8.19564e-09	8.61114e-09	5.0433e-12	0.00247262	0.00259761	3.89468e-10	0	0.000681357	0.816082	

1735
3.71404e-06	6.06822e-27	1.01249e-13	1	0.999999	0.0507198	0.999862	1	1.37899e-11	0.622955	3.89619e-26	1.96858e-07	8.27607e-08	0.0183434	1	0.969159	0.00247258	1	0.98686	0.00038014	5.30268e-12	6.43478e-20	0.988129	1	0.998505	2.11223e-10	0	8.57747e-06	0.505307	

3266
2.48271e-05	5.7381e-15	0.0210967	1	0.999999	0.551428	1	1	3.66637e-07	0.217905	1.22875e-22	0.0158794	7.85037e-13	1	1	0.000338386	0.0024726	1	1	5.42947e-13	2.48692e-22	2.08502e-21	4.14053e-11	0.999993	0.158898	3.14423e-10	0	0.00584503	1.09316	

1731
5.25633e-06	1.81123e-24	1.31291e-11	1	0.999999	0.147572	0.999994	1	9.02564e-11	0.539691	1.8095e-25	2.96211e-06	4.31662e-09	0.434401	1	0.675339	0.00247258	1	0.999298	8.18202e-06	7.59277e-15	4.90287e-21	0.321374	1	0.993114	3.76287e-10	0	1.39538e-05	0.67432	

12248
0.00259761	1.88848e-26	5.10924e-12	0.00259766	1	1	0.00247271	1	0.999999	0.999999	2.17055e-29	1	2.22018e-23	1	1	1	0.999999	1	1	1.10643e-20	0.589566	0.598305	5.109e-12	0.00247262	0.00259761	3.14009e-10	0	6.75552e-08	0.366024	

3779
5.3931e-06	4.12302e-24	2.90824e-11	1	0.999999	0.152368	0.999997	1	1.19848e-10	0.532986	2.34611e-25	4.00182e-06	3.20888e-09	0.575999	1	0.606837	0.00247258	1	0.999478	4.54701e-06	4.21546e-15	4.83534e-21	0.170018	1	0.991092	2.18127e-10	0	1.26274e-07	0.672341	

3267
8.68879e-06	3.15434e-20	2.09249e-07	1	0.999999	0.308143	1	1	2.59035e-09	0.443762	3.40637e-24	0.0001193	1.09177e-10	0.996403	1	0.050244	0.00247258	1	0.999982	2.22378e-08	4.92768e-18	3.64207e-21	0.000117539	1	0.887523	2.37472e-10	0	1.53247e-07	0.832285	

12224
0.00259761	9.7107e-24	5.10924e-12	0.00259766	1	1	0.00247271	1	0.999999	0.999999	2.17055e-29	1	2.15389e-26	1	1	1	0.999999	1	1	1.10643e-20	4.8294e-06	5.07424e-06	5.109e-12	0.00247262	0.00259761	3.38729e-10	0	5.29003e-08	0.656569	

1735
4.98997e-06	8.43853e-25	5.47041e-12	1	0.999999	0.1475	0.999987	1	6.22816e-11	0.553388	1.31514e-25	2.20343e-06	6.87446e-09	0.269241	1	0.743942	0.00247258	1	0.998883	2.11871e-05	2.3139e-14	5.2534e-21	0.580666	1	0.994987	2.98896e-10	0	3.98269e-08	0.683135	

1731
5.11209e-06	2.37035e-24	1.74262e-11	1	0.999999	0.14756	0.999995	1	9.47878e-11	0.54763	1.97117e-25	3.17426e-06	4.06901e-09	0.454474	1	0.660918	0.00247258	1	0.999338	7.75572e-06	6.80964e-15	4.81072e-21	0.295461	1	0.992507	2.98803e-10	0	6.06105e-08	0.662705	

3266
1.91804e-05	7.91615e-16	0.00350667	1	0.999999	0.526033	1	1	1.27769e-07	0.254318	7.29055e-23	0.00732906	1.71633e-12	0.999999	1	0.000832	0.00247259	1	1	5.04874e-12	1.18914e-21	1.67977e-21	8.35773e-10	0.999999	0.275626	2.82449e-10	0	1.62568e-07	1.05508	

12248
0.00259761	2.13166e-26	5.10926e-12	0.00259765	1	1	0.00247271	1	0.999999	0.999999	2.17056e-29	1	1.13332e-23	1	1	1	0.999999	1	1	1.10643e-20	0.530666	0.541408	5.109e-12	0.00247262	0.00259761	1.99187e-10	0	7.44201e-10	0.33038	

12232
0.00259761	3.44445e-26	5.10925e-12	0.00259765	1	1	0.00247271	1	0.999999	0.999999	2.17056e-29	1	1.02138e-23	1	1	1	0.999999	1	1	1.10643e-20	0.494696	0.505122	5.109e-12	0.00247262	0.00259761	1.46716e-10	0	1.66107e-08	0.324096	

