0	72
1	71
2	70
3	71
4	70
5	69
6	72
7	72
8	72
9	71
10	71
11	69
12	70
13	70
14	71
15	70
16	71
17	72
18	71
19	71
20	71
21	70
22	70
23	69
24	71
25	71
26	70
27	70
28	71
29	71
30	70
31	71
32	71
33	70
34	70
35	71
36	71
37	73
38	71
39	71
40	70
41	71
42	70
43	70
44	71
45	71
46	71
47	71
48	71
49	71
50	73
51	71
52	70
53	70
54	69
55	69
56	70
57	70
58	70
59	71
60	71
61	69
62	69
63	69
64	70
65	69
66	69
67	69
68	69
69	70
70	71
71	71
72	71
73	71
74	71
75	72
76	71
77	71
78	69
79	70
80	72
81	72
82	71
83	69
84	68
85	67
86	68
87	67
88	68
89	67
90	66
91	66
92	66
93	67
94	67
95	67
96	68
97	69
98	70
99	69
100	68
101	68
102	68
103	67
104	69
105	68
106	68
107	69
108	70
109	70
110	69
111	68
112	68
113	68
114	68
115	68
116	68
117	70
118	70
119	70
120	69
121	68
122	68
123	67
124	68
125	66
126	66
127	66
128	66
129	66
130	67
131	67
132	67
133	67
134	67
135	67
136	67
137	66
138	66
139	66
140	66
141	65
142	67
143	66
144	66
145	66
146	66
147	66
148	64
149	64
150	64
151	64
152	65
153	66
154	66
155	66
156	66
157	68
158	67
159	67
160	68
161	68
162	68
163	67
164	67
165	67
166	68
167	68
168	68
169	68
170	67
171	67
172	67
173	68
174	67
175	66
176	66
177	66
178	66
179	66
180	66
181	66
182	66
183	66
184	66
185	66
186	67
187	67
188	67
189	68
190	66
191	67
192	68
193	69
194	69
195	69
196	68
197	68
198	67
199	67
200	66
201	66
202	67
203	67
204	68
205	67
206	67
207	67
208	67
209	67
210	67
211	68
212	68
213	67
214	67
215	67
216	66
217	65
218	68
219	69
220	68
221	68
222	68
223	68
224	68
225	68
226	68
227	68
228	67
229	68
230	67
231	67
232	67
233	68
234	67
235	67
236	71
237	71
238	71
239	70
240	71
241	70
242	69
243	69
244	68
245	69
246	70
247	70
248	69
249	69
250	69
251	69
252	69
253	70
254	71
255	70
256	70
257	69
258	69
259	69
260	69
261	69
262	69
263	69
264	69
265	69
266	69
267	69
268	69
269	69
270	70
271	70
272	70
273	69
274	67
275	66
276	66
277	66
278	66
279	66
280	65
281	64
282	64
283	66
284	64
285	63
286	64
287	64
288	66
289	66
290	66
291	66
292	64
293	64
294	63
295	64
296	63
297	64
298	65
299	66
300	64
301	65
302	65
303	65
304	64
305	64
306	65
307	65
308	64
309	64
310	63
311	65
312	65
313	64
314	63
315	63
316	63
317	62
318	63
319	64
320	63
321	65
322	64
323	65
324	63
325	63
326	63
327	65
328	63
329	64
330	64
331	63
332	61
333	61
334	61
335	62
336	64
337	64
338	63
339	62
340	63
341	63
342	63
343	62
344	63
345	64
346	62
347	64
348	63
349	61
350	61
351	61
352	61
353	62
354	62
355	62
356	63
357	63
358	63
359	63
360	62
361	62
362	64
363	64
364	64
365	64
366	62
367	63
368	64
369	65
370	65
371	66
372	65
373	65
374	64
375	64
376	62
377	62
378	62
379	62
380	64
381	64
382	63
383	63
384	64
385	62
386	63
387	62
388	63
389	65
390	64
391	65
392	65
393	66
394	67
395	67
396	65
397	62
398	64
399	65
400	66
401	65
402	64
403	66
404	63
405	63
406	61
407	61
408	62
409	62
410	63
411	64
412	62
413	62
414	62
415	63
416	63
417	62
418	62
419	63
420	63
421	63
422	63
423	63
424	63
425	62
426	62
427	61
428	61
429	62
430	63
431	62
432	61
433	61
434	63
435	64
436	63
437	64
438	63
439	63
440	62
441	64
442	69
443	69
444	68
445	66
446	68
447	68
448	68
449	70
450	69
451	68
452	68
453	67
454	67
455	68
456	69
457	70
458	66
459	69
460	71
461	69
462	68
463	69
464	66
465	65
466	67
467	67
468	67
469	68
470	68
471	70
472	70
473	70
474	71
475	70
476	70
477	68
478	67
479	64
480	67
481	67
482	66
483	69
484	70
485	69
486	70
487	72
488	74
489	72
490	71
491	73
492	73
493	74
494	73
495	75
496	73
497	75
498	71
499	73
500	73
501	72
502	71
503	72
504	73
505	74
506	75
507	72
508	72
509	73
510	72
511	74
512	77
513	78
514	77
515	80
516	77
517	77
518	77
519	80
520	77
521	78
522	83
523	86
524	84
525	88
526	88
527	86
528	84
529	86
530	85
531	86
532	86
533	86
534	89
535	91
536	88
537	90
538	91
539	91
540	88
541	88
542	90
543	89
544	90
545	89
546	86
547	87
548	90
549	92
550	93
551	93
552	92
553	93
554	94
555	93
556	91
557	95
558	96
559	95
560	96
561	92
562	89
563	90
564	92
565	91
566	92
567	94
568	95
569	94
570	95
571	95
572	98
573	96
574	99
575	98
576	95
577	94
578	92
579	94
580	94
581	98
582	97
583	95
584	94
585	92
586	95
587	94
588	95
589	95
590	94
591	97
592	97
593	98
594	94
595	95
596	95
597	97
598	95
599	97
600	99
601	96
602	92
603	96
604	96
605	97
606	93
607	96
608	92
609	95
610	95
611	94
612	91
613	92
614	91
615	93
616	91
617	91
618	91
619	92
620	93
621	93
622	92
623	93
624	91
625	91
626	93
627	92
628	90
629	90
630	91
631	92
632	92
633	92
634	92
635	92
636	93
637	90
638	90
639	94
640	93
641	93
642	93
643	93
644	92
645	91
646	93
647	92
648	92
649	94
650	95
651	96
652	94
653	93
654	93
655	91
656	90
657	90
658	90
659	90
660	90
661	91
662	91
663	91
664	91
665	91
666	91
667	93
668	95
669	93
670	91
671	91
672	91
673	92
674	92
675	90
676	90
677	91
678	91
679	90
680	90
681	91
682	91
683	91
684	91
685	90
686	90
687	92
688	95
689	93
690	94
691	92
692	92
693	90
694	92
695	93
696	93
697	93
698	93
699	92
700	91
701	92
702	91
703	92
704	94
705	92
706	92
707	92
708	92
709	92
710	91
711	89
712	89
713	93
714	94
715	94
716	94
717	94
718	92
719	91
720	91
721	91
722	91
723	91
724	91
725	92
726	92
727	95
728	96
729	98
730	96
731	98
732	96
733	94
734	94
735	95
736	96
737	97
738	94
739	95
740	94
741	95
742	95
743	94
744	94
745	94
746	94
747	94
748	93
749	94
750	94
751	94
752	94
753	93
754	90
755	92
756	93
757	94
758	93
759	92
760	91
761	91
762	91
763	91
764	92
765	93
766	92
767	89
768	89
769	91
770	90
771	90
772	90
773	90
774	90
775	91
776	90
777	91
778	90
779	95
780	96
781	93
782	94
783	94
784	94
785	93
786	94
787	92
788	93
789	92
790	92
791	94
792	94
793	94
794	94
795	92
796	91
797	91
798	92
799	92
800	90
801	91
802	90
803	88
804	91
805	92
806	90
807	91
808	91
809	95
810	93
811	92
812	91
813	92
814	92
815	92
816	95
817	95
818	93
819	92
820	94
821	94
822	94
823	95
824	96
825	96
826	96
827	94
828	94
829	95
830	94
831	95
832	92
833	92
834	94
835	92
836	92
837	93
838	95
839	90
840	92
841	95
842	93
843	91
844	92
845	90
846	94
847	94
848	93
849	93
850	94
851	94
852	93
853	94
854	97
855	92
856	95
857	96
858	95
859	95
860	93
861	98
862	96
863	97
864	95
865	96
866	92
867	91
868	89
869	92
870	92
871	93
872	93
873	91
874	90
875	95
876	92
877	94
878	91
879	91
880	91
881	94
882	93
883	94
884	97
885	97
886	97
887	94
888	94
889	96
890	94
891	97
892	96
893	92
894	94
895	93
896	95
897	94
898	93
899	95
900	95
901	95
902	95
903	95
904	95
905	94
906	96
907	92
908	97
909	94
910	95
911	95
912	94
913	95
914	96
915	98
916	98
917	97
918	95
919	96
920	95
921	94
922	96
923	96
924	96
925	96
926	97
927	96
928	94
929	95
930	97
931	95
932	95
933	95
934	94
935	96
936	95
937	97
938	97
939	93
940	94
941	94
942	93
943	94
944	94
945	96
946	95
947	94
948	95
949	97
950	95
951	93
952	95
953	97
954	97
955	97
956	95
957	96
958	96
959	93
960	96
961	92
962	96
963	97
964	94
965	94
966	94
967	96
968	95
969	96
970	97
971	95
972	93
973	95
974	94
975	95
976	93
977	94
978	93
979	93
980	96
981	94
982	96
983	98
984	96
985	95
986	95
987	96
988	93
989	94
990	96
991	98
992	96
993	97
994	97
995	100
996	97
997	97
998	97
999	95
1000	95
1001	97
1002	96
1003	96
1004	97
1005	95
1006	94
1007	95
1008	97
1009	97
1010	96
1011	96
1012	98
1013	97
1014	96
1015	98
1016	98
1017	99
1018	93
1019	96
1020	97
1021	95
1022	95
1023	95
1024	94
1025	95
1026	99
1027	98
1028	97
1029	93
1030	92
1031	90
1032	93
1033	94
1034	94
1035	95
1036	96
1037	98
1038	94
1039	92
1040	94
1041	95
1042	95
1043	98
1044	96
1045	98
1046	96
1047	98
1048	99
1049	96
1050	96
1051	96
1052	97
1053	100
1054	98
1055	98
1056	97
1057	95
1058	99
1059	99
1060	95
1061	94
1062	97
1063	94
1064	95
1065	97
1066	96
1067	97
1068	98
1069	98
1070	96
1071	97
1072	96
1073	98
1074	96
1075	97
1076	98
1077	96
1078	97
1079	97
1080	97
1081	99
1082	98
1083	95
1084	97
1085	96
1086	96
1087	93
1088	98
1089	95
1090	96
1091	97
1092	95
1093	97
1094	96
1095	95
1096	93
1097	94
1098	94
1099	92
1100	95
1101	97
1102	96
1103	96
1104	97
1105	96
1106	92
1107	99
1108	97
1109	101
1110	50
1111	48
1112	47
1113	49
1114	49
1115	51
1116	50
1117	50
1118	52
1119	52
1120	51
1121	50
1122	51
1123	51
1124	50
1125	49
1126	50
1127	49
1128	48
1129	48
1130	48
1131	47
1132	50
1133	47
1134	49
1135	48
1136	49
1137	47
1138	49
1139	49
1140	48
1141	49
1142	51
1143	49
1144	51
1145	54
1146	49
1147	47
1148	48
1149	50
1150	50
1151	51
1152	50
1153	47
1154	46
1155	47
1156	51
1157	51
1158	50
1159	49
1160	50
1161	48
1162	50
1163	48
1164	48
1165	48
1166	48
1167	49
1168	49
1169	50
1170	48
1171	47
1172	48
1173	48
1174	45
1175	47
1176	47
1177	51
1178	52
1179	51
1180	50
1181	50
1182	50
1183	47
1184	47
1185	45
1186	46
1187	47
1188	47
1189	47
1190	48
1191	47
1192	48
1193	46
1194	47
1195	47
1196	46
1197	47
1198	48
1199	46
1200	47
1201	46
1202	50
1203	48
1204	47
1205	48
1206	49
1207	47
1208	46
1209	44
1210	46
1211	48
1212	49
1213	48
1214	49
1215	46
1216	48
1217	48
1218	49
1219	50
1220	48
1221	48
1222	50
1223	49
1224	48
1225	49
1226	49
1227	48
1228	48
1229	50
1230	47
1231	45
1232	47
1233	47
1234	46
1235	49
1236	49
1237	49
1238	47
1239	46
1240	46
1241	47
1242	48
1243	48
1244	47
1245	47
1246	48
1247	50
1248	49
1249	48
1250	50
1251	48
1252	47
1253	49
1254	49
1255	48
1256	51
1257	52
1258	48
1259	50
1260	50
1261	45
1262	49
1263	52
1264	50
1265	51
1266	52
1267	52
1268	49
1269	49
1270	51
1271	49
1272	51
1273	49
1274	48
1275	49
1276	50
1277	51
1278	54
1279	53
1280	50
1281	48
1282	51
1283	50
1284	49
1285	50
1286	50
1287	51
1288	51
1289	48
1290	51
1291	46
1292	47
1293	49
1294	50
1295	48
1296	50
1297	49
1298	49
1299	49
1300	50
1301	51
1302	51
1303	51
1304	50
1305	49
1306	49
1307	48
1308	48
1309	49
1310	46
1311	48
1312	47
1313	51
1314	50
1315	49
1316	52
1317	54
1318	49
1319	49
1320	51
1321	52
1322	51
1323	54
1324	52
1325	50
1326	49
1327	48
1328	52
1329	50
1330	50
1331	53
1332	51
1333	51
1334	51
1335	49
1336	48
1337	50
1338	50
1339	50
1340	50
1341	52
1342	51
1343	51
1344	49
1345	48
1346	49
1347	53
1348	53
1349	53
1350	50
1351	50
1352	50
1353	52
1354	51
1355	51
1356	51
1357	49
1358	47
1359	48
1360	50
1361	51
1362	50
1363	49
1364	50
1365	51
1366	50
1367	49
1368	48
1369	47
1370	46
1371	48
1372	51
1373	48
1374	51
1375	51
1376	48
1377	52
1378	52
1379	51
1380	51
1381	53
1382	50
1383	51
1384	50
1385	48
1386	52
1387	53
1388	51
1389	52
1390	51
1391	52
1392	52
1393	49
1394	50
1395	51
1396	52
1397	52
1398	52
1399	51
1400	51
1401	50
1402	52
1403	50
1404	53
1405	55
1406	54
1407	55
1408	57
1409	53
1410	56
1411	55
1412	55
1413	56
1414	55
1415	56
1416	55
1417	55
1418	55
1419	56
1420	56
1421	57
1422	56
1423	55
1424	52
1425	54
1426	54
1427	54
1428	54
1429	53
1430	54
1431	52
1432	54
1433	54
1434	56
1435	52
1436	53
1437	53
1438	53
1439	50
1440	54
1441	53
1442	48
1443	52
1444	55
1445	53
1446	53
1447	55
1448	55
1449	56
1450	56
1451	53
1452	52
1453	55
1454	51
1455	53
1456	52
1457	54
1458	54
1459	51
1460	53
1461	54
1462	55
1463	52
1464	53
1465	54
1466	54
1467	58
1468	57
1469	55
1470	56
1471	58
1472	58
1473	53
1474	55
1475	54
1476	55
1477	55
1478	58
1479	57
1480	56
1481	56
1482	56
1483	61
1484	61
1485	62
1486	62
1487	63
1488	61
1489	59
1490	59
1491	61
1492	60
1493	60
1494	62
1495	62
1496	61
1497	63
1498	62
1499	62
1500	61
1501	62
1502	61
1503	61
1504	60
1505	58
1506	61
1507	58
1508	61
1509	60
1510	60
1511	60
1512	61
1513	63
1514	64
1515	64
1516	66
1517	67
1518	68
1519	66
1520	66
1521	67
1522	66
1523	67
1524	66
1525	65
1526	66
1527	66
1528	65
1529	65
1530	64
1531	63
1532	63
1533	66
1534	66
1535	64
1536	64
1537	64
1538	66
1539	66
1540	65
1541	66
1542	69
1543	65
1544	66
1545	64
1546	67
1547	67
1548	66
1549	65
1550	66
1551	65
1552	64
1553	63
1554	66
1555	65
1556	63
1557	66
1558	64
1559	67
1560	63
1561	64
1562	66
1563	67
1564	65
1565	66
1566	69
1567	69
1568	69
1569	67
1570	65
1571	64
1572	66
1573	65
1574	65
1575	64
1576	62
1577	61
1578	64
1579	64
1580	62
1581	63
1582	65
1583	68
1584	67
1585	65
1586	67
1587	63
1588	63
1589	64
1590	64
1591	64
1592	66
1593	65
1594	62
1595	62
1596	63
1597	64
1598	62
1599	65
1600	62
1601	59
1602	64
1603	64
1604	64
1605	63
1606	63
1607	65
1608	64
1609	66
1610	66
1611	65
1612	65
1613	67
1614	66
1615	63
1616	67
1617	65
1618	63
1619	65
1620	65
1621	63
1622	63
1623	63
1624	64
1625	66
1626	64
1627	64
1628	64
1629	63
1630	63
1631	63
1632	63
1633	64
1634	65
1635	65
1636	63
1637	64
1638	63
1639	64
1640	65
1641	62
1642	63
1643	64
1644	64
1645	64
1646	65
1647	63
1648	64
1649	61
1650	62
1651	62
1652	62
1653	63
1654	63
1655	63
1656	67
1657	69
1658	67
1659	65
1660	63
1661	65
1662	62
1663	63
1664	63
1665	66
1666	66
1667	67
1668	66
1669	66
1670	67
1671	65
1672	63
1673	64
1674	64
1675	63
1676	63
1677	62
1678	63
1679	62
1680	64
1681	62
1682	59
1683	61
1684	62
1685	64
1686	64
1687	64
1688	65
1689	64
1690	65
1691	66
1692	62
1693	64
1694	63
1695	62
1696	62
1697	62
1698	63
1699	66
1700	63
1701	65
1702	63
1703	62
1704	61
1705	63
1706	64
1707	66
1708	64
1709	65
1710	64
1711	64
1712	67
1713	69
1714	65
1715	66
1716	66
1717	68
1718	67
1719	65
1720	65
1721	64
1722	65
1723	66
1724	66
1725	66
1726	67
1727	69
1728	65
1729	65
1730	66
1731	65
1732	64
1733	64
1734	65
1735	64
1736	63
1737	65
1738	66
1739	65
1740	65
1741	66
1742	67
1743	65
1744	67
1745	68
1746	66
1747	68
1748	64
1749	68
1750	65
1751	65
1752	63
1753	62
1754	62
1755	64
1756	65
1757	64
1758	66
1759	67
1760	68
1761	64
1762	65
1763	68
1764	65
1765	65
1766	64
1767	64
1768	63
1769	63
1770	64
1771	62
1772	63
1773	66
1774	65
1775	66
1776	67
1777	66
1778	65
1779	66
1780	66
1781	67
1782	66
1783	66
1784	67
1785	66
1786	65
1787	66
1788	66
1789	65
1790	63
1791	63
1792	63
1793	65
1794	64
1795	64
1796	66
1797	66
1798	65
1799	64
1800	65
1801	65
1802	64
1803	64
1804	66
1805	68
1806	68
1807	65
1808	64
1809	62
1810	64
1811	63
1812	64
1813	65
1814	66
1815	67
1816	64
1817	65
1818	64
1819	64
1820	67
1821	65
1822	64
1823	66
1824	65
1825	65
1826	66
1827	64
1828	63
1829	67
1830	64
1831	64
1832	64
1833	65
1834	64
1835	65
1836	64
1837	66
1838	66
1839	67
1840	65
1841	67
1842	65
1843	67
1844	67
1845	63
1846	61
1847	65
1848	63
1849	65
1850	67
1851	65
1852	65
1853	63
1854	64
1855	64
1856	64
1857	63
1858	64
1859	63
1860	60
1861	61
1862	64
1863	63
1864	63
1865	63
1866	63
1867	65
1868	66
1869	64
1870	63
1871	64
1872	65
1873	64
1874	63
1875	64
1876	62
1877	65
1878	64
1879	64
1880	65
1881	66
1882	63
1883	64
1884	65
1885	68
1886	65
1887	65
1888	64
1889	64
1890	64
1891	63
1892	63
1893	63
1894	62
1895	65
1896	64
1897	66
1898	65
1899	65
1900	64
1901	62
1902	62
1903	64
1904	65
1905	67
1906	69
1907	67
1908	65
1909	64
1910	66
1911	65
1912	66
1913	65
1914	66
1915	67
1916	63
1917	64
1918	64
1919	64
1920	63
1921	64
1922	63
1923	62
1924	62
1925	64
1926	67
1927	64
1928	66
1929	66
1930	65
1931	66
1932	63
1933	63
1934	65
1935	66
1936	64
1937	64
1938	61
1939	65
1940	64
1941	63
1942	60
1943	63
1944	64
1945	65
1946	63
1947	66
1948	68
1949	62
1950	61
1951	65
1952	66
1953	62
1954	64
1955	64
1956	64
1957	63
1958	62
1959	63
1960	63
1961	62
1962	64
1963	62
1964	65
1965	65
1966	63
1967	64
1968	64
1969	62
1970	64
1971	63
1972	64
1973	64
1974	65
1975	65
1976	65
1977	66
1978	65
1979	64
1980	65
1981	65
1982	65
1983	67
1984	67
1985	64
1986	64
1987	64
1988	64
1989	67
1990	66
1991	66
1992	70
1993	69
1994	69
1995	70
1996	69
1997	70
1998	67
1999	69
2000	68
2001	70
2002	68
2003	69
2004	68
2005	69
2006	70
2007	69
2008	68
2009	69
2010	69
2011	67
2012	67
2013	70
2014	70
2015	70
2016	68
2017	70
2018	71
2019	72
2020	72
2021	70
2022	69
2023	71
2024	70
2025	72
2026	69
2027	69
2028	69
2029	69
2030	69
2031	70
2032	67
2033	69
2034	72
2035	70
2036	71
2037	71
2038	70
2039	71
2040	69
2041	70
2042	70
2043	70
2044	69
2045	67
2046	68
2047	68
2048	68
2049	69
2050	69
2051	70
2052	67
2053	69
2054	69
2055	68
2056	70
2057	70
2058	67
2059	69
2060	70
2061	70
2062	71
2063	72
2064	71
2065	68
2066	66
2067	67
2068	71
2069	71
2070	68
2071	65
2072	68
2073	68
2074	69
2075	69
2076	69
2077	69
2078	71
2079	68
2080	66
2081	65
2082	67
2083	68
2084	70
2085	70
2086	69
2087	69
2088	69
2089	70
2090	69
2091	68
2092	68
2093	67
2094	72
2095	71
2096	72
2097	72
2098	72
2099	73
2100	73
2101	73
2102	72
2103	71
2104	70
2105	69
2106	70
2107	70
2108	73
2109	73
2110	73
2111	70
2112	73
2113	73
2114	71
2115	71
2116	74
2117	75
2118	76
2119	76
2120	77
2121	75
2122	75
2123	73
2124	74
2125	76
2126	75
2127	74
2128	72
2129	73
2130	73
2131	75
2132	77
2133	78
2134	76
2135	75
2136	73
2137	72
2138	72
2139	72
2140	73
2141	73
2142	73
2143	74
2144	74
2145	71
2146	74
2147	75
2148	72
2149	73
2150	75
2151	75
2152	76
2153	74
2154	75
2155	73
2156	73
2157	73
2158	74
2159	74
2160	72
2161	74
2162	76
2163	75
2164	76
2165	75
2166	77
2167	75
2168	76
2169	73
2170	76
2171	77
2172	75
2173	76
2174	76
2175	77
2176	75
2177	76
2178	80
2179	77
2180	77
2181	79
2182	79
2183	78
2184	78
2185	81
2186	82
2187	80
2188	81
2189	79
2190	80
2191	81
2192	80
2193	78
2194	79
2195	81
2196	78
2197	77
2198	82
2199	82
2200	81
2201	79
2202	76
2203	75
2204	80
2205	77
2206	83
2207	82
2208	81
2209	81
2210	80
2211	83
2212	81
2213	79
2214	84
2215	83
2216	83
2217	82
2218	83
2219	80
2220	83
2221	82
2222	81
2223	79
2224	83
2225	81
2226	82
2227	84
2228	82
2229	81
2230	82
2231	81
2232	81
2233	80
2234	79
2235	81
2236	80
2237	82
2238	84
2239	81
2240	83
2241	79
2242	82
2243	82
2244	81
2245	79
2246	81
2247	80
2248	81
2249	81
2250	78
2251	76
2252	80
2253	79
2254	79
2255	79
2256	79
2257	80
2258	80
2259	77
2260	75
2261	79
2262	78
2263	78
2264	76
2265	76
2266	76
2267	74
2268	73
2269	74
2270	75
2271	74
2272	74
2273	75
2274	77
2275	77
2276	77
2277	75
2278	78
2279	77
2280	75
2281	71
2282	70
2283	71
2284	69
2285	69
2286	72
2287	74
2288	74
2289	73
2290	72
2291	73
2292	76
2293	76
2294	74
2295	76
2296	75
2297	71
2298	71
2299	73
2300	75
2301	74
2302	77
2303	77
2304	77
2305	79
2306	78
2307	78
2308	77
2309	77
2310	78
2311	78
2312	78
2313	78
2314	76
2315	77
2316	76
2317	77
2318	75
2319	75
2320	77
2321	78
2322	78
2323	77
2324	75
2325	77
2326	76
2327	75
2328	76
2329	78
2330	77
2331	78
2332	78
2333	76
2334	74
2335	76
2336	76
2337	78
2338	78
2339	79
2340	77
2341	76
2342	77
2343	77
2344	80
2345	78
2346	77
2347	75
2348	74
2349	77
2350	75
2351	75
2352	77
2353	77
2354	77
2355	77
2356	77
2357	77
2358	78
2359	77
2360	77
2361	76
2362	73
2363	73
2364	73
2365	75
2366	75
2367	77
2368	76
2369	76
2370	76
2371	76
2372	76
2373	77
2374	77
2375	77
2376	77
2377	77
2378	77
2379	78
2380	77
2381	78
2382	77
2383	76
2384	76
2385	79
2386	78
2387	78
2388	78
2389	80
2390	80
2391	80
2392	80
2393	79
2394	79
2395	78
2396	77
2397	77
2398	78
2399	78
2400	79
2401	79
2402	77
2403	76
2404	76
2405	78
2406	79
2407	78
2408	79
2409	76
2410	76
2411	75
2412	75
2413	75
2414	74
2415	75
2416	76
2417	76
2418	74
2419	74
2420	73
2421	73
2422	72
2423	72
2424	73
2425	76
2426	76
2427	76
2428	77
2429	77
2430	75
2431	76
2432	77
2433	77
2434	77
2435	77
2436	76
2437	75
2438	75
2439	74
2440	74
2441	74
2442	74
2443	75
2444	75
2445	75
2446	76
2447	78
2448	80
2449	78
2450	78
2451	77
2452	77
2453	78
2454	76
2455	76
2456	77
2457	75
2458	77
2459	78
2460	77
2461	77
2462	77
2463	77
2464	78
2465	80
2466	81
2467	77
2468	78
2469	78
2470	78
2471	78
2472	78
2473	77
2474	77
2475	77
2476	76
2477	76
2478	75
2479	75
2480	75
2481	75
2482	76
2483	77
2484	77
2485	76
2486	77
2487	78
2488	78
2489	78
2490	77
2491	77
2492	78
2493	77
2494	75
2495	78
2496	78
2497	77
2498	78
2499	78
2500	78
2501	79
2502	79
2503	78
2504	77
2505	78
2506	78
2507	79
2508	81
2509	80
2510	81
2511	80
2512	80
2513	81
2514	81
2515	81
2516	80
2517	79
2518	80
2519	80
2520	80
2521	78
2522	78
2523	78
2524	77
2525	75
2526	76
2527	76
2528	76
2529	76
2530	76
2531	76
2532	76
2533	76
2534	76
2535	76
2536	76
2537	77
2538	78
2539	78
2540	79
2541	78
2542	78
2543	78
2544	77
2545	77
2546	78
2547	79
2548	77
2549	78
2550	78
2551	79
2552	79
2553	78
2554	79
2555	79
2556	79
2557	83
2558	83
2559	80
2560	80
2561	79
2562	79
2563	80
2564	80
2565	80
2566	80
2567	81
2568	80
2569	80
2570	81
2571	80
2572	80
2573	79
2574	78
2575	77
2576	77
2577	77
2578	76
2579	78
2580	78
2581	78
2582	80
2583	78
2584	79
2585	77
2586	78
2587	77
2588	79
2589	77
2590	80
2591	78
2592	80
2593	75
2594	74
2595	78
2596	78
2597	79
2598	78
2599	78
2600	76
2601	76
2602	74
2603	76
2604	75
2605	76
2606	77
2607	77
2608	79
2609	78
2610	78
2611	78
2612	79
2613	77
2614	79
2615	80
2616	79
2617	77
2618	77
2619	76
2620	79
2621	78
2622	75
2623	77
2624	79
2625	79
2626	80
2627	80
2628	78
2629	78
2630	80
2631	80
2632	80
2633	79
2634	79
2635	79
2636	78
2637	78
2638	78
2639	79
2640	78
2641	81
2642	79
2643	81
2644	77
2645	81
2646	82
2647	80
2648	81
2649	81
2650	81
2651	80
2652	79
2653	79
2654	81
2655	78
2656	80
2657	82
2658	82
2659	82
2660	81
2661	80
2662	83
2663	83
2664	81
2665	83
2666	82
2667	82
2668	81
2669	82
2670	82
2671	81
2672	84
2673	81
2674	81
2675	80
2676	80
2677	81
2678	80
2679	81
2680	82
2681	84
2682	83
2683	81
2684	80
2685	80
2686	82
2687	81
2688	83
2689	83
2690	84
2691	84
2692	83
2693	83
2694	82
2695	82
2696	82
2697	83
2698	80
2699	80
2700	79
2701	82
2702	80
2703	80
2704	81
2705	81
2706	80
2707	83
2708	83
2709	82
2710	83
2711	83
2712	84
2713	81
2714	83
2715	84
2716	84
2717	84
2718	82
2719	81
2720	82
2721	82
2722	83
2723	82
2724	83
2725	81
2726	84
2727	81
2728	81
2729	83
2730	85
2731	80
2732	84
2733	85
2734	83
2735	85
2736	83
2737	82
2738	81
2739	80
2740	80
2741	81
2742	81
2743	83
2744	80
2745	84
2746	83
2747	82
2748	80
2749	81
2750	79
2751	80
2752	80
2753	81
2754	81
2755	83
2756	81
2757	82
2758	81
2759	82
2760	81
2761	81
2762	81
2763	79
2764	80
2765	80
2766	84
2767	84
2768	83
2769	83
2770	80
2771	82
2772	82
2773	78
2774	79
2775	82
2776	81
2777	82
2778	80
2779	81
2780	83
2781	85
2782	83
2783	83
2784	80
2785	81
2786	82
2787	82
2788	83
2789	80
2790	80
2791	82
2792	83
2793	82
2794	83
2795	83
2796	82
2797	82
2798	82
2799	81
2800	81
2801	82
2802	83
2803	82
2804	81
2805	81
2806	81
2807	81
2808	83
2809	83
2810	84
2811	84
2812	80
2813	80
2814	82
2815	83
2816	85
2817	86
2818	84
2819	85
2820	87
2821	87
2822	88
2823	88
2824	83
2825	84
2826	87
2827	85
2828	84
2829	83
2830	86
2831	86
2832	85
2833	83
2834	86
2835	87
2836	84
2837	83
2838	83
2839	85
2840	84
2841	85
2842	83
2843	85
2844	86
2845	85
2846	86
2847	85
2848	82
2849	82
2850	83
2851	82
2852	80
2853	85
2854	83
2855	84
2856	86
2857	84
2858	85
2859	86
2860	83
2861	83
2862	83
2863	83
2864	82
2865	85
2866	84
2867	86
2868	86
2869	86
2870	86
2871	88
2872	87
2873	86
2874	86
2875	86
2876	85
2877	84
2878	84
2879	84
2880	83
2881	83
2882	85
2883	84
2884	86
2885	89
2886	88
2887	88
2888	87
2889	86
2890	86
2891	89
2892	87
2893	88
2894	87
2895	88
2896	87
2897	89
2898	89
2899	89
2900	88
2901	87
2902	88
2903	88
2904	86
2905	87
2906	86
2907	87
2908	89
2909	88
2910	87
2911	84
2912	83
2913	85
2914	85
2915	87
2916	87
2917	85
2918	84
2919	86
2920	86
2921	85
2922	85
2923	85
2924	86
2925	86
2926	87
2927	85
2928	85
2929	86
2930	86
2931	85
2932	88
2933	86
2934	86
2935	88
2936	92
2937	91
2938	90
2939	92
2940	91
2941	89
2942	89
2943	89
2944	90
2945	89
2946	90
2947	90
2948	89
2949	90
2950	90
2951	89
2952	88
2953	92
2954	90
2955	92
2956	91
2957	89
2958	88
2959	90
2960	89
2961	89
2962	90
2963	92
2964	87
2965	88
2966	90
2967	87
2968	91
2969	91
2970	86
2971	87
2972	88
2973	90
2974	88
2975	89
2976	90
2977	91
2978	90
2979	91
2980	90
2981	90
2982	86
2983	86
2984	88
2985	91
2986	89
2987	89
2988	90
2989	87
2990	89
2991	86
2992	89
2993	88
2994	88
2995	86
2996	89
2997	90
2998	88
2999	89
3000	88
3001	88
3002	90
3003	89
3004	89
3005	90
3006	90
3007	90
3008	91
3009	94
3010	92
3011	90
3012	94
3013	90
3014	89
3015	89
3016	91
3017	89
3018	90
3019	89
3020	89
3021	90
3022	93
3023	93
3024	91
3025	90
3026	91
3027	89
3028	90
3029	89
3030	93
3031	90
3032	90
3033	88
3034	88
3035	90
3036	87
3037	92
3038	91
3039	89
3040	90
3041	93
3042	88
3043	91
3044	94
3045	90
3046	88
3047	87
3048	89
3049	87
3050	87
3051	88
3052	89
3053	91
3054	90
3055	89
3056	90
3057	89
3058	88
3059	87
3060	90
3061	89
3062	90
3063	88
3064	91
3065	88
3066	88
3067	88
3068	91
3069	90
3070	88
3071	90
3072	90
3073	87
3074	90
3075	88
3076	88
3077	90
3078	90
3079	90
3080	90
3081	89
3082	90
3083	90
3084	91
3085	88
3086	90
3087	89
3088	87
3089	89
3090	89
3091	89
3092	87
3093	91
3094	90
3095	89
3096	90
3097	89
3098	90
3099	91
3100	89
3101	92
3102	89
3103	91
3104	89
3105	87
3106	89
3107	92
3108	92
3109	94
3110	92
3111	88
3112	86
3113	91
3114	93
3115	91
3116	91
3117	92
3118	92
3119	88
3120	92
3121	87
3122	88
3123	88
3124	90
3125	89
3126	89
3127	92
3128	91
3129	91
3130	88
3131	90
3132	89
3133	91
3134	93
3135	91
3136	91
3137	91
3138	91
3139	89
3140	93
3141	91
3142	91
3143	91
3144	92
3145	91
3146	92
3147	90
3148	92
3149	93
3150	90
3151	91
3152	93
3153	92
3154	92
3155	92
3156	90
3157	91
3158	90
3159	91
3160	91
3161	88
3162	90
3163	90
3164	89
3165	90
3166	88
3167	88
3168	90
3169	88
3170	89
3171	91
3172	92
3173	91
3174	90
3175	89
3176	92
3177	92
3178	88
3179	91
3180	89
3181	88
3182	88
3183	88
3184	89
3185	88
3186	86
3187	89
3188	88
3189	87
3190	91
3191	91
3192	91
3193	91
3194	92
3195	87
3196	89
3197	88
3198	89
3199	89
3200	91
3201	90
3202	89
3203	87
3204	88
3205	88
3206	90
3207	91
3208	90
3209	88
3210	89
3211	88
3212	90
3213	89
3214	90
3215	90
3216	91
3217	88
3218	87
3219	90
3220	88
3221	90
3222	90
3223	88
3224	87
3225	89
3226	89
3227	91
3228	89
3229	87
3230	88
3231	88
3232	89
3233	88
3234	88
3235	88
3236	90
3237	92
3238	94
3239	91
3240	90
3241	89
3242	90
3243	88
3244	92
3245	90
3246	93
3247	89
3248	90
3249	88
3250	89
3251	90
3252	88
3253	89
3254	91
3255	90
3256	88
3257	86
3258	88
3259	88
3260	91
3261	92
3262	90
3263	91
3264	88
3265	89
3266	91
3267	90
3268	88
3269	85
3270	88
3271	88
3272	90
3273	90
3274	91
3275	88
3276	88
3277	87
3278	87
3279	88
3280	87
3281	86
3282	87
3283	88
3284	91
3285	90
3286	89
3287	91
3288	92
3289	92
3290	95
3291	97
3292	94
3293	95
3294	91
3295	92
3296	95
3297	91
3298	94
3299	93
3300	95
3301	90
3302	91
3303	93
3304	95
3305	94
3306	93
3307	91
3308	92
3309	90
3310	93
3311	91
3312	90
3313	91
3314	94
3315	90
3316	90
3317	92
3318	93
3319	92
3320	91
3321	90
3322	90
3323	91
3324	92
3325	92
3326	89
3327	87
3328	90
3329	92
3330	92
3331	90
3332	90
3333	91
3334	92
3335	93
3336	94
3337	94
3338	93
3339	91
3340	95
3341	91
3342	92
3343	93
3344	91
3345	94
3346	95
3347	92
3348	94
3349	92
3350	90
3351	88
3352	93
3353	93
3354	93
3355	96
3356	96
3357	96
3358	94
3359	94
3360	92
3361	93
3362	94
3363	94
3364	97
3365	96
3366	92
3367	94
3368	92
3369	95
3370	95
3371	93
3372	92
3373	96
3374	96
3375	95
3376	95
3377	92
3378	92
3379	93
3380	94
3381	92
3382	93
3383	93
3384	93
3385	92
3386	92
3387	92
3388	92
3389	91
3390	94
3391	93
3392	95
3393	92
3394	92
3395	93
3396	95
3397	94
3398	91
3399	93
3400	93
3401	93
3402	96
3403	91
3404	92
3405	94
3406	94
3407	95
3408	93
3409	94
3410	95
3411	95
3412	93
3413	94
3414	91
3415	94
3416	92
3417	93
3418	94
3419	96
3420	95
3421	95
3422	96
3423	96
3424	91
3425	91
3426	93
3427	94
3428	93
3429	91
3430	93
3431	92
3432	91
3433	91
3434	93
3435	93
3436	93
3437	90
3438	91
3439	92
3440	91
3441	94
3442	95
3443	92
3444	92
3445	91
3446	92
3447	91
3448	92
3449	91
3450	91
3451	93
3452	93
3453	91
3454	94
3455	93
3456	94
3457	91
3458	92
3459	94
3460	93
3461	92
3462	92
3463	95
3464	94
3465	91
3466	94
3467	96
3468	97
3469	96
3470	95
3471	92
3472	95
3473	90
3474	89
3475	92
3476	94
3477	94
3478	93
3479	95
3480	92
3481	93
3482	93
3483	95
3484	93
3485	96
3486	92
3487	91
3488	93
3489	94
3490	92
3491	95
3492	95
3493	93
3494	95
3495	96
3496	96
3497	94
3498	92
3499	94
3500	97
3501	93
3502	95
3503	95
3504	93
3505	96
3506	94
3507	96
3508	93
3509	95
3510	93
3511	95
3512	91
3513	95
3514	92
3515	95
3516	96
3517	97
3518	97
3519	97
3520	94
3521	96
3522	95
3523	96
3524	93
3525	95
3526	95
3527	90
3528	92
3529	91
3530	93
3531	94
3532	92
3533	95
3534	92
3535	94
3536	91
3537	96
3538	94
3539	93
3540	92
3541	92
3542	92
3543	93
3544	96
3545	94
3546	94
3547	92
3548	94
3549	95
3550	95
3551	95
3552	94
3553	92
3554	93
3555	92
3556	94
3557	92
3558	93
3559	96
3560	92
3561	90
3562	90
3563	93
3564	92
3565	93
3566	93
3567	92
3568	95
3569	94
3570	93
3571	95
3572	94
3573	93
3574	93
3575	91
3576	91
3577	89
3578	92
3579	91
3580	90
3581	90
3582	94
3583	94
3584	95
3585	93
3586	96
3587	94
3588	93
3589	93
3590	96
3591	94
3592	94
3593	94
3594	92
3595	91
3596	92
3597	91
3598	92
3599	94
3600	93
3601	90
3602	90
3603	93
3604	90
3605	93
3606	93
3607	93
3608	92
3609	93
3610	94
3611	95
3612	96
3613	92
3614	92
3615	95
3616	96
3617	97
3618	96
3619	95
3620	96
3621	95
3622	97
3623	95
3624	98
3625	94
3626	96
3627	99
3628	97
3629	99
3630	100
3631	98
3632	97
3633	97
3634	100
3635	97
3636	97
3637	99
3638	97
3639	97
3640	99
3641	98
3642	97
3643	99
3644	95
3645	96
3646	98
3647	97
3648	99
3649	98
3650	94
3651	96
3652	97
3653	96
3654	95
3655	98
3656	99
3657	98
3658	97
3659	97
3660	97
3661	95
3662	96
3663	96
3664	96
3665	95
3666	97
3667	99
3668	100
3669	98
3670	98
3671	96
3672	96
3673	97
3674	96
3675	96
3676	99
3677	95
3678	95
3679	94
3680	98
3681	97
3682	97
3683	99
3684	98
3685	97
3686	93
3687	93
3688	97
3689	97
3690	98
3691	97
3692	94
3693	96
3694	97
3695	95
3696	94
3697	93
3698	97
3699	95
3700	94
3701	95
3702	94
3703	92
3704	93
3705	94
3706	95
3707	95
3708	96
3709	98
3710	96
3711	96
3712	97
3713	96
3714	95
3715	97
3716	97
3717	97
3718	97
3719	98
3720	94
3721	94
3722	93
3723	95
3724	95
3725	97
3726	99
3727	98
3728	97
3729	98
3730	100
3731	96
3732	95
3733	94
3734	97
3735	97
3736	98
3737	97
3738	98
3739	98
3740	93
3741	94
3742	94
3743	94
3744	96
3745	99
3746	95
3747	97
3748	99
3749	96
3750	95
3751	95
3752	95
3753	96
3754	97
3755	95
3756	94
3757	95
3758	97
3759	96
3760	98
3761	98
3762	96
3763	98
3764	98
3765	100
3766	99
3767	98
3768	96
3769	97
3770	94
3771	96
3772	93
3773	95
3774	95
3775	94
3776	92
3777	94
3778	94
3779	94
3780	94
3781	96
3782	99
3783	98
3784	96
3785	95
3786	97
3787	96
3788	95
3789	97
3790	94
3791	95
3792	96
3793	94
3794	94
3795	95
3796	95
3797	94
3798	96
3799	96
3800	94
3801	97
3802	97
3803	95
3804	95
3805	91
3806	93
3807	93
3808	93
3809	96
3810	94
3811	95
3812	97
3813	97
3814	97
3815	100
3816	95
3817	96
3818	96
3819	96
3820	97
3821	97
3822	97
3823	96
3824	93
3825	95
3826	96
3827	96
3828	95
3829	95
3830	98
3831	94
3832	94
3833	94
3834	93
3835	95
3836	95
3837	96
3838	96
3839	96
3840	96
3841	96
3842	95
3843	97
3844	97
3845	92
3846	97
3847	96
3848	94
3849	96
3850	93
3851	94
3852	94
3853	95
3854	96
3855	94
3856	95
3857	94
3858	94
3859	95
3860	93
3861	94
3862	93
3863	94
3864	94
3865	94
3866	95
3867	95
3868	98
3869	98
3870	96
3871	98
3872	98
3873	94
3874	96
3875	94
3876	94
3877	93
3878	94
3879	97
3880	95
3881	97
3882	96
3883	94
3884	95
3885	96
3886	97
3887	96
3888	96
3889	96
3890	95
3891	99
3892	97
3893	98
3894	99
3895	97
3896	95
3897	93
3898	100
3899	98
3900	97
3901	98
3902	99
3903	96
3904	95
3905	95
3906	97
3907	95
3908	96
3909	96
3910	98
3911	96
3912	96
3913	96
3914	97
3915	97
3916	97
3917	96
3918	96
3919	93
3920	96
3921	97
3922	95
3923	97
3924	95
3925	96
3926	96
3927	93
3928	94
3929	94
3930	94
3931	97
3932	97
3933	92
3934	94
3935	94
3936	94
3937	96
3938	96
3939	96
3940	97
3941	96
3942	95
3943	95
3944	97
3945	96
3946	96
3947	96
3948	99
3949	98
3950	99
3951	98
3952	94
3953	93
3954	93
3955	96
3956	94
3957	97
3958	95
3959	98
3960	95
3961	97
3962	95
3963	96
3964	96
3965	102
3966	50
3967	49
3968	49
3969	49
3970	48
3971	45
3972	49
3973	48
3974	48
3975	47
3976	52
3977	49
3978	46
3979	49
3980	49
3981	50
3982	49
3983	48
3984	45
3985	46
3986	48
3987	46
3988	46
3989	47
3990	47
3991	49
3992	49
3993	44
3994	48
3995	46
3996	46
3997	45
3998	45
3999	46
4000	46
4001	47
4002	47
4003	46
4004	48
4005	47
4006	45
4007	48
4008	46
4009	45
4010	47
4011	44
4012	44
4013	45
4014	45
4015	44
4016	48
4017	46
4018	46
4019	46
4020	47
4021	46
4022	50
4023	49
4024	47
4025	47
4026	48
4027	47
4028	50
4029	49
4030	48
4031	47
4032	48
4033	46
4034	49
4035	49
4036	47
4037	48
4038	50
4039	49
4040	48
4041	47
4042	46
4043	48
4044	47
4045	48
4046	49
4047	48
4048	48
4049	46
4050	47
4051	46
4052	46
4053	49
4054	47
4055	48
4056	46
4057	48
4058	47
4059	47
4060	46
4061	46
4062	49
4063	49
4064	48
4065	49
4066	47
4067	45
4068	47
4069	47
4070	50
4071	51
4072	49
4073	49
4074	48
4075	51
4076	49
4077	51
4078	49
4079	46
4080	49
4081	44
4082	44
4083	45
4084	47
4085	44
4086	46
4087	44
4088	47
4089	44
4090	44
4091	47
4092	47
4093	44
4094	48
4095	48
4096	46
4097	45
4098	45
4099	44
4100	45
4101	44
4102	47
4103	48
4104	47
4105	46
4106	47
4107	47
4108	48
4109	48
4110	49
4111	48
4112	49
4113	47
4114	45
4115	44
4116	46
4117	47
4118	46
4119	45
4120	47
4121	47
4122	46
4123	48
4124	48
4125	49
4126	49
4127	46
4128	48
4129	51
4130	50
4131	50
4132	48
4133	49
4134	47
4135	47
4136	48
4137	49
4138	48
4139	48
4140	48
4141	47
4142	48
4143	47
4144	45
4145	44
4146	47
4147	46
4148	46
4149	47
4150	48
4151	47
4152	45
4153	44
4154	45
4155	46
4156	47
4157	46
4158	48
4159	48
4160	46
4161	46
4162	44
4163	45
4164	47
4165	46
4166	50
4167	49
4168	49
4169	48
4170	45
4171	48
4172	50
4173	50
4174	48
4175	48
4176	49
4177	48
4178	48
4179	45
4180	46
4181	49
4182	48
4183	47
4184	46
4185	46
4186	46
4187	47
4188	45
4189	44
4190	46
4191	45
4192	48
4193	47
4194	45
4195	46
4196	46
4197	46
4198	48
4199	46
4200	47
4201	48
4202	48
4203	48
4204	49
4205	48
4206	47
4207	50
4208	50
4209	48
4210	48
4211	47
4212	47
4213	49
4214	48
4215	47
4216	47
4217	47
4218	47
4219	48
4220	49
4221	49
4222	48
4223	48
4224	49
4225	48
4226	52
4227	52
4228	49
4229	48
4230	47
4231	47
4232	48
4233	49
4234	47
4235	51
4236	47
4237	47
4238	46
4239	47
4240	48
4241	47
4242	46
4243	48
4244	50
4245	48
4246	49
4247	48
4248	46
4249	49
4250	48
4251	47
4252	48
4253	48
4254	47
4255	47
4256	47
4257	47
4258	47
4259	48
4260	47
4261	46
4262	46
4263	46
4264	47
4265	46
4266	48
4267	48
4268	48
4269	45
4270	46
4271	47
4272	49
4273	50
4274	47
4275	47
4276	47
4277	49
4278	48
4279	46
4280	43
4281	44
4282	45
4283	45
4284	44
4285	49
4286	47
4287	48
4288	45
4289	45
4290	44
4291	47
4292	47
4293	48
4294	48
4295	49
4296	45
4297	46
4298	47
4299	49
4300	51
4301	51
4302	48
4303	46
4304	46
4305	47
4306	47
4307	48
4308	48
4309	49
4310	47
4311	45
4312	47
4313	49
4314	48
4315	48
4316	49
4317	47
4318	46
4319	48
4320	50
4321	48
4322	46
4323	46
4324	48
4325	47
4326	47
4327	46
4328	47
4329	47
4330	47
4331	47
4332	46
4333	47
4334	48
4335	48
4336	50
4337	52
4338	51
4339	48
4340	49
4341	48
4342	47
4343	49
4344	50
4345	50
4346	46
4347	49
4348	46
4349	47
4350	47
4351	48
4352	47
4353	48
4354	48
4355	47
4356	50
4357	49
4358	49
4359	48
4360	48
4361	47
4362	49
4363	46
4364	50
4365	48
4366	49
4367	46
4368	47
4369	44
4370	47
4371	46
4372	47
4373	48
4374	44
4375	46
4376	47
4377	45
4378	45
4379	44
4380	46
4381	42
4382	43
4383	45
4384	46
4385	46
4386	46
4387	49
4388	48
4389	46
4390	51
4391	47
4392	49
4393	48
4394	47
4395	49
4396	48
4397	48
4398	47
4399	48
4400	47
4401	47
4402	48
4403	48
4404	46
4405	46
4406	49
4407	48
4408	46
4409	44
4410	45
4411	48
4412	45
4413	46
4414	47
4415	48
4416	47
4417	49
4418	49
4419	50
4420	52
4421	48
4422	46
4423	48
4424	48
4425	46
4426	48
4427	47
4428	46
4429	46
4430	50
4431	49
4432	46
4433	45
4434	44
4435	47
4436	48
4437	48
4438	48
4439	45
4440	48
4441	48
4442	49
4443	50
4444	47
4445	51
4446	47
4447	47
4448	48
4449	50
4450	51
4451	50
4452	47
4453	49
4454	51
4455	49
4456	48
4457	47
4458	45
4459	47
4460	47
4461	48
4462	47
4463	50
4464	50
4465	49
4466	48
4467	48
4468	48
4469	47
4470	45
4471	45
4472	48
4473	47
4474	46
4475	47
4476	42
4477	45
4478	48
4479	47
4480	45
4481	47
4482	48
4483	47
4484	46
4485	48
4486	46
4487	45
4488	43
4489	43
4490	43
4491	44
4492	46
4493	46
4494	47
4495	48
4496	49
4497	46
4498	48
4499	47
4500	47
4501	47
4502	45
4503	46
4504	47
4505	48
4506	49
4507	48
4508	43
4509	45
4510	48
4511	47
4512	48
4513	45
4514	45
4515	47
4516	46
4517	43
4518	44
4519	45
4520	45
4521	44
4522	47
4523	47
4524	48
4525	49
4526	49
4527	48
4528	49
4529	49
4530	49
4531	50
4532	46
4533	46
4534	46
4535	48
4536	45
4537	46
4538	46
4539	46
4540	46
4541	47
4542	48
4543	44
4544	41
4545	42
4546	47
4547	47
4548	47
4549	46
4550	45
4551	45
4552	46
4553	49
4554	49
4555	46
4556	46
4557	46
4558	50
4559	49
4560	48
4561	47
4562	47
4563	47
4564	48
4565	49
4566	46
4567	47
4568	47
4569	47
4570	46
4571	48
4572	48
4573	46
4574	47
4575	43
4576	45
4577	46
4578	45
4579	45
4580	45
4581	46
4582	46
4583	46
4584	48
4585	49
4586	49
4587	50
4588	49
4589	50
4590	47
4591	47
4592	46
4593	46
4594	45
4595	44
4596	44
4597	45
4598	45
4599	45
4600	45
4601	44
4602	46
4603	47
4604	47
4605	50
4606	49
4607	49
4608	50
4609	48
4610	48
4611	48
4612	44
4613	45
4614	45
4615	45
4616	45
4617	46
4618	49
4619	50
4620	47
4621	48
4622	48
4623	47
4624	45
4625	47
4626	47
4627	47
4628	45
4629	45
4630	47
4631	45
4632	46
4633	48
4634	49
4635	47
4636	45
4637	46
4638	49
4639	48
4640	47
4641	46
4642	46
4643	46
4644	47
4645	49
4646	48
4647	47
4648	50
4649	48
4650	49
4651	52
4652	48
4653	47
4654	48
4655	48
4656	50
4657	50
4658	52
4659	49
4660	50
4661	52
4662	51
4663	50
4664	44
4665	46
4666	47
4667	48
4668	47
4669	47
4670	48
4671	48
4672	49
4673	47
4674	47
4675	48
4676	45
4677	47
4678	48
4679	49
4680	47
4681	47
4682	46
4683	48
4684	47
4685	48
4686	47
4687	49
4688	46
4689	46
4690	48
4691	45
4692	47
4693	48
4694	49
4695	47
4696	48
4697	46
4698	47
4699	45
4700	47
4701	45
4702	45
4703	46
4704	46
4705	48
4706	48
4707	47
4708	46
4709	45
4710	46
4711	45
4712	46
4713	47
4714	45
4715	46
4716	46
4717	47
4718	50
4719	47
4720	47
4721	47
4722	46
4723	47
4724	44
4725	44
4726	43
4727	44
4728	45
4729	45
4730	47
4731	46
4732	46
4733	50
4734	50
4735	48
4736	49
4737	47
4738	47
4739	48
4740	49
4741	47
4742	48
4743	51
4744	48
4745	48
4746	50
4747	51
4748	50
4749	49
4750	48
4751	43
4752	46
4753	44
4754	47
4755	46
4756	45
4757	45
4758	47
4759	45
4760	46
4761	46
4762	46
4763	48
4764	44
4765	49
4766	48
4767	48
4768	47
4769	47
4770	46
4771	46
4772	46
4773	45
4774	44
4775	44
4776	45
4777	47
4778	44
4779	46
4780	47
4781	50
4782	53
4783	54
4784	52
4785	49
4786	49
4787	51
4788	51
4789	49
4790	51
4791	52
4792	49
4793	49
4794	51
4795	51
4796	51
4797	51
4798	51
4799	50
4800	49
4801	49
4802	51
4803	48
4804	48
4805	46
4806	47
4807	48
4808	48
4809	46
4810	46
4811	46
4812	47
4813	48
4814	48
4815	50
4816	50
4817	48
4818	48
4819	47
4820	48
4821	52
4822	50
4823	48
4824	47
4825	49
4826	48
4827	52
4828	49
4829	48
4830	50
4831	48
4832	49
4833	50
4834	49
4835	48
4836	49
4837	50
4838	49
4839	50
4840	50
4841	50
4842	50
4843	50
4844	48
4845	50
4846	49
4847	50
4848	50
4849	50
4850	49
4851	51
4852	53
4853	48
4854	48
4855	48
4856	47
4857	49
4858	50
4859	50
4860	50
4861	52
4862	52
4863	50
4864	50
4865	48
4866	50
4867	52
4868	53
4869	50
4870	51
4871	49
4872	53
4873	52
4874	50
4875	48
4876	48
4877	47
4878	48
4879	48
4880	49
4881	50
4882	49
4883	49
4884	47
4885	49
4886	46
4887	47
4888	48
4889	51
4890	49
4891	49
4892	49
4893	49
4894	50
4895	47
4896	49
4897	50
4898	50
4899	50
4900	51
4901	49
4902	52
4903	53
4904	49
4905	48
4906	48
4907	48
4908	51
4909	51
4910	50
4911	49
4912	50
4913	51
4914	50
4915	51
4916	52
4917	50
4918	50
4919	48
4920	47
4921	48
4922	47
4923	49
4924	49
4925	52
4926	50
4927	49
4928	51
4929	53
4930	50
4931	48
4932	48
4933	47
4934	51
4935	51
4936	51
4937	49
4938	48
4939	50
4940	49
4941	49
4942	48
4943	49
4944	49
4945	50
4946	48
4947	48
4948	48
4949	48
4950	51
4951	51
4952	50
4953	50
4954	47
4955	48
4956	48
4957	49
4958	49
4959	49
4960	48
4961	50
4962	52
4963	53
4964	50
4965	49
4966	47
4967	46
4968	47
4969	49
4970	51
4971	50
4972	48
4973	47
4974	48
4975	50
4976	49
4977	50
4978	51
4979	49
4980	49
4981	52
4982	53
4983	50
4984	49
4985	49
4986	50
4987	50
4988	51
4989	49
4990	50
4991	52
4992	50
4993	50
4994	51
4995	51
4996	51
4997	52
4998	52
4999	52
5000	51
5001	51
5002	51
5003	51
5004	50
5005	49
5006	48
5007	49
5008	51
5009	51
5010	48
5011	51
5012	50
5013	52
5014	52
5015	54
5016	52
5017	50
5018	48
5019	45
5020	48
5021	52
5022	52
5023	51
5024	50
5025	48
5026	48
5027	48
5028	49
5029	49
5030	49
5031	49
5032	50
5033	50
5034	50
5035	49
5036	49
5037	48
5038	49
5039	49
5040	48
5041	49
5042	48
5043	51
5044	51
5045	50
5046	50
5047	51
5048	51
5049	50
5050	51
5051	51
5052	52
5053	48
5054	49
5055	50
5056	51
5057	49
5058	50
5059	49
5060	50
5061	49
5062	50
5063	52
5064	48
5065	51
5066	50
5067	51
5068	51
5069	52
5070	50
5071	49
5072	50
5073	49
5074	52
5075	51
5076	47
5077	48
5078	49
5079	51
5080	52
5081	48
5082	49
5083	49
5084	50
5085	49
5086	49
5087	51
5088	48
5089	49
5090	49
5091	49
5092	49
5093	53
5094	51
5095	50
5096	53
5097	50
5098	51
5099	48
5100	49
5101	50
5102	51
5103	51
5104	51
5105	52
5106	51
5107	52
5108	53
5109	51
5110	49
5111	48
5112	49
5113	49
5114	49
5115	51
5116	50
5117	50
5118	48
5119	48
5120	47
5121	49
5122	50
5123	51
5124	50
5125	53
5126	50
5127	52
5128	48
5129	48
5130	51
5131	51
5132	50
5133	49
5134	48
5135	49
5136	49
5137	51
5138	52
5139	48
5140	51
5141	52
5142	54
5143	53
5144	51
5145	51
5146	53
5147	50
5148	46
5149	49
5150	50
5151	48
5152	52
5153	49
5154	52
5155	51
5156	49
5157	50
5158	49
5159	50
5160	48
5161	48
5162	47
5163	47
5164	52
5165	52
5166	48
5167	49
5168	50
5169	47
5170	49
5171	49
5172	51
5173	50
5174	50
5175	49
5176	47
5177	48
5178	51
5179	53
5180	52
5181	53
5182	51
5183	50
5184	51
5185	52
5186	51
5187	50
5188	52
5189	50
5190	48
5191	48
5192	50
5193	51
5194	53
5195	52
5196	53
5197	51
5198	48
5199	48
5200	48
5201	50
5202	49
5203	52
5204	51
5205	52
5206	50
5207	50
5208	51
5209	48
5210	50
5211	49
5212	49
5213	48
5214	47
5215	50
5216	49
5217	50
5218	51
5219	49
5220	50
5221	48
5222	48
5223	48
5224	49
5225	50
5226	48
5227	47
5228	47
5229	48
5230	49
5231	51
5232	49
5233	51
5234	48
5235	49
5236	47
5237	49
5238	49
5239	47
5240	48
5241	50
5242	48
5243	49
5244	48
5245	46
5246	48
5247	47
5248	48
5249	48
5250	47
5251	49
5252	51
5253	51
5254	50
5255	50
5256	48
5257	50
5258	49
5259	47
5260	49
5261	48
5262	49
5263	50
5264	49
5265	48
5266	49
5267	47
5268	46
5269	47
5270	48
5271	48
5272	49
5273	50
5274	49
5275	49
5276	48
5277	49
5278	49
5279	46
5280	44
5281	47
5282	46
5283	46
5284	46
5285	48
5286	49
5287	49
5288	47
5289	48
5290	49
5291	49
5292	50
5293	50
5294	48
5295	50
5296	49
5297	48
5298	48
5299	48
5300	49
5301	48
5302	46
5303	50
5304	46
5305	45
5306	48
5307	48
5308	48
5309	47
5310	50
5311	48
5312	48
5313	50
5314	53
5315	50
5316	49
5317	47
5318	51
5319	52
5320	52
5321	49
5322	49
5323	50
5324	47
5325	47
5326	46
5327	48
5328	48
5329	51
5330	50
5331	52
5332	49
5333	49
5334	50
5335	50
5336	49
5337	49
5338	51
5339	50
5340	52
5341	51
5342	50
5343	47
5344	50
5345	50
5346	49
5347	51
5348	50
5349	50
5350	49
5351	49
5352	48
5353	51
5354	50
5355	50
5356	49
5357	49
5358	52
5359	51
5360	50
5361	50
5362	52
5363	50
5364	50
5365	51
5366	52
5367	49
5368	48
5369	48
5370	49
5371	49
5372	50
5373	48
5374	49
5375	49
5376	46
5377	46
5378	47
5379	47
5380	46
5381	48
5382	47
5383	51
5384	48
5385	47
5386	47
5387	49
5388	49
5389	50
5390	51
5391	49
5392	46
5393	46
5394	50
5395	49
5396	50
5397	51
5398	48
5399	49
5400	50
5401	51
5402	49
5403	49
5404	49
5405	50
5406	49
5407	49
5408	47
5409	49
5410	49
5411	49
5412	48
5413	48
5414	50
5415	50
5416	48
5417	48
5418	49
5419	49
5420	49
5421	48
5422	47
5423	48
5424	49
5425	48
5426	46
5427	49
5428	48
5429	48
5430	46
5431	48
5432	47
5433	47
5434	45
5435	48
5436	50
5437	48
5438	51
5439	51
5440	50
5441	51
5442	48
5443	48
5444	48
5445	48
5446	51
5447	53
5448	49
5449	49
5450	49
5451	48
5452	46
5453	46
5454	47
5455	47
5456	46
5457	48
5458	48
5459	49
5460	48
5461	50
5462	50
5463	49
5464	50
5465	49
5466	50
5467	48
5468	50
5469	49
5470	50
5471	50
5472	50
5473	50
5474	50
5475	50
5476	48
5477	47
5478	48
5479	50
5480	48
5481	46
5482	48
5483	51
5484	49
5485	47
5486	47
5487	50
5488	49
5489	52
5490	52
5491	49
5492	51
5493	50
5494	48
5495	48
5496	46
5497	45
5498	48
5499	48
5500	47
5501	49
5502	49
5503	50
5504	50
5505	50
5506	46
5507	46
5508	48
5509	49
5510	50
5511	51
5512	50
5513	49
5514	48
5515	54
5516	53
5517	52
5518	51
5519	50
5520	51
5521	51
5522	49
5523	49
5524	50
5525	51
5526	50
5527	51
5528	51
5529	47
5530	48
5531	49
5532	51
5533	51
5534	51
5535	51
5536	50
5537	50
5538	51
5539	51
5540	51
5541	51
5542	49
5543	50
5544	49
5545	50
5546	49
5547	49
5548	48
5549	46
5550	47
5551	47
5552	47
5553	48
5554	46
5555	50
5556	49
5557	48
5558	48
5559	47
5560	48
5561	48
5562	49
5563	47
5564	50
5565	49
5566	48
5567	50
5568	48
5569	52
5570	51
5571	49
5572	50
5573	49
5574	48
5575	47
5576	46
5577	46
5578	46
5579	48
5580	48
5581	50
5582	49
5583	49
5584	48
5585	47
5586	48
5587	49
5588	52
5589	51
5590	49
5591	50
5592	50
5593	52
5594	52
5595	51
5596	50
5597	50
5598	50
5599	50
5600	50
5601	49
5602	46
5603	49
5604	48
5605	49
5606	49
5607	48
5608	46
5609	46
5610	47
5611	48
5612	49
5613	48
5614	49
5615	52
5616	50
5617	50
5618	50
5619	49
5620	49
5621	49
5622	49
5623	50
5624	50
5625	50
5626	50
5627	52
5628	52
5629	52
5630	53
5631	50
5632	50
5633	49
5634	49
5635	50
5636	50
5637	51
5638	51
5639	51
5640	51
5641	51
5642	50
5643	52
5644	50
5645	50
5646	50
5647	50
5648	48
5649	47
5650	47
5651	48
5652	46
5653	45
5654	48
5655	47
5656	47
5657	46
5658	44
5659	44
5660	45
5661	46
5662	47
5663	49
5664	49
5665	51
5666	50
5667	47
5668	47
5669	49
5670	48
5671	48
5672	50
5673	51
5674	48
5675	50
5676	51
5677	51
5678	50
5679	47
5680	47
5681	49
5682	51
5683	51
5684	49
5685	47
5686	47
5687	51
5688	48
5689	47
5690	47
5691	48
5692	48
5693	48
5694	46
5695	48
5696	49
5697	48
5698	49
5699	48
5700	48
5701	48
5702	50
5703	48
5704	48
5705	46
5706	45
5707	46
5708	47
5709	48
5710	46
5711	48
5712	49
5713	50
5714	49
5715	50
5716	50
5717	50
5718	50
5719	48
5720	50
5721	51
5722	50
5723	48
5724	46
5725	48
5726	46
5727	49
5728	50
5729	52
5730	49
5731	48
5732	48
5733	49
5734	50
5735	50
5736	49
5737	50
5738	49
5739	49
5740	49
5741	49
5742	48
5743	50
5744	50
5745	48
5746	48
5747	48
5748	50
5749	51
5750	50
5751	49
5752	49
5753	49
5754	48
5755	49
5756	50
5757	51
5758	52
5759	48
5760	49
5761	49
5762	47
5763	47
5764	47
5765	46
5766	46
5767	49
5768	49
5769	48
5770	48
5771	47
5772	47
5773	47
5774	49
5775	51
5776	52
5777	51
5778	47
5779	46
5780	47
5781	49
5782	51
5783	49
5784	48
5785	47
5786	48
5787	49
5788	49
5789	50
5790	49
5791	49
5792	51
5793	49
5794	50
5795	50
5796	49
5797	48
5798	47
5799	51
5800	49
5801	49
5802	50
5803	50
5804	50
5805	49
5806	49
5807	48
5808	50
5809	52
5810	52
5811	51
5812	51
5813	52
5814	51
5815	50
5816	51
5817	51
5818	49
5819	49
5820	49
5821	51
5822	51
5823	51
5824	50
5825	52
5826	50
5827	49
5828	51
5829	49
5830	48
5831	50
5832	50
5833	49
5834	49
5835	49
5836	49
5837	51
5838	52
5839	50
5840	52
5841	49
5842	50
5843	49
5844	48
5845	49
5846	50
5847	50
5848	50
5849	50
5850	50
5851	49
5852	49
5853	49
5854	50
5855	50
5856	49
5857	48
5858	48
5859	47
5860	50
5861	51
5862	48
5863	48
5864	48
5865	47
5866	48
5867	48
5868	47
5869	47
5870	49
5871	49
5872	49
5873	49
5874	49
5875	49
5876	49
5877	49
5878	49
5879	47
5880	47
5881	48
5882	50
5883	48
5884	48
5885	48
5886	48
5887	49
5888	50
5889	49
5890	49
5891	49
5892	50
5893	50
5894	49
5895	48
5896	47
5897	47
5898	46
5899	46
5900	46
5901	47
5902	47
5903	47
5904	45
5905	45
5906	46
5907	45
5908	47
5909	47
5910	48
5911	47
5912	49
5913	47
5914	48
5915	49
5916	49
5917	49
5918	46
5919	49
5920	48
5921	48
5922	48
5923	50
5924	48
5925	51
5926	49
5927	48
5928	49
5929	49
5930	49
5931	49
5932	49
5933	49
5934	49
5935	50
5936	48
5937	48
5938	47
5939	48
5940	48
5941	47
5942	49
5943	50
5944	47
5945	48
5946	47
5947	49
5948	50
5949	49
5950	50
5951	51
5952	51
5953	49
5954	48
5955	48
5956	50
5957	51
5958	51
5959	49
5960	49
5961	49
5962	49
5963	49
5964	50
5965	49
5966	48
5967	48
5968	48
5969	48
5970	49
5971	50
5972	48
5973	47
5974	49
5975	50
5976	51
5977	49
5978	47
5979	47
5980	50
5981	51
5982	49
5983	49
5984	49
5985	49
5986	49
5987	50
5988	50
5989	48
5990	46
5991	46
5992	49
5993	49
5994	50
5995	50
5996	47
5997	46
5998	47
5999	48
6000	47
6001	47
6002	47
6003	49
6004	47
6005	45
6006	48
6007	49
6008	48
6009	48
6010	49
6011	47
6012	49
6013	49
6014	49
6015	50
6016	50
6017	49
6018	48
6019	47
6020	48
6021	49
6022	49
6023	49
6024	49
6025	49
6026	50
6027	50
6028	49
6029	48
6030	49
6031	51
6032	53
6033	52
6034	50
6035	50
6036	46
6037	46
6038	47
6039	49
6040	47
6041	47
6042	49
6043	50
6044	48
6045	53
6046	52
6047	51
6048	50
6049	50
6050	49
6051	52
6052	53
6053	50
6054	49
6055	48
6056	49
6057	50
6058	52
6059	52
6060	49
6061	50
6062	52
6063	52
6064	50
6065	48
6066	48
6067	50
6068	52
6069	52
6070	51
6071	50
6072	48
6073	51
6074	50
6075	50
6076	49
6077	49
6078	50
6079	49
6080	48
6081	48
6082	48
6083	48
6084	47
6085	47
6086	48
6087	48
6088	50
6089	51
6090	49
6091	48
6092	47
6093	49
6094	48
6095	51
6096	52
6097	50
6098	52
6099	51
6100	51
6101	49
6102	50
6103	52
6104	50
6105	50
6106	51
6107	50
6108	51
6109	52
6110	50
6111	49
6112	47
6113	47
6114	45
6115	46
6116	46
6117	47
6118	49
6119	49
6120	49
6121	50
6122	48
6123	47
6124	48
6125	49
6126	50
6127	51
6128	51
6129	49
6130	50
6131	50
6132	49
6133	49
6134	50
6135	50
6136	50
6137	47
6138	48
6139	50
6140	48
6141	45
6142	48
6143	49
6144	50
6145	49
6146	48
6147	51
6148	50
6149	49
6150	50
6151	50
6152	50
6153	49
6154	50
6155	49
6156	50
6157	51
6158	52
6159	50
6160	49
6161	49
6162	50
6163	50
6164	51
6165	51
6166	52
6167	50
6168	50
6169	49
6170	48
6171	49
6172	49
6173	48
6174	49
6175	52
6176	51
6177	53
6178	51
6179	50
6180	51
6181	52
6182	50
6183	52
6184	53
6185	51
6186	53
6187	51
6188	53
6189	50
6190	50
6191	48
6192	48
6193	48
6194	50
6195	49
6196	50
6197	49
6198	49
6199	49
6200	52
6201	46
6202	48
6203	50
6204	49
6205	47
6206	49
6207	48
6208	50
6209	46
6210	51
6211	49
6212	48
6213	49
6214	51
6215	46
6216	46
6217	45
6218	50
6219	51
6220	50
6221	51
6222	53
6223	51
6224	50
6225	51
6226	50
6227	53
6228	54
6229	52
6230	53
6231	48
6232	51
6233	48
6234	48
6235	49
6236	51
6237	49
6238	49
6239	48
6240	49
6241	47
6242	48
6243	48
6244	48
6245	49
6246	52
6247	50
6248	50
6249	50
6250	49
6251	50
6252	51
6253	50
6254	47
6255	48
6256	46
6257	49
6258	52
6259	53
6260	54
6261	50
6262	49
6263	49
6264	48
6265	51
6266	51
6267	50
6268	51
6269	47
6270	45
6271	48
6272	50
6273	50
6274	50
6275	51
6276	50
6277	47
6278	47
6279	47
6280	50
6281	49
6282	51
6283	46
6284	48
6285	52
6286	50
6287	49
6288	49
6289	49
6290	49
6291	49
6292	50
6293	50
6294	50
6295	50
6296	51
6297	52
6298	54
6299	53
6300	50
6301	49
6302	50
6303	49
6304	51
6305	48
6306	47
6307	48
6308	48
6309	47
6310	48
6311	48
6312	49
6313	47
6314	50
6315	51
6316	50
6317	50
6318	51
6319	49
6320	51
6321	52
6322	52
6323	46
6324	47
6325	45
6326	47
6327	46
6328	48
6329	47
6330	50
6331	49
6332	51
6333	48
6334	47
6335	48
6336	48
6337	48
6338	48
6339	50
6340	49
6341	50
6342	49
6343	50
6344	51
6345	49
6346	48
6347	47
6348	48
6349	47
6350	48
6351	47
6352	47
6353	47
6354	48
6355	48
6356	48
6357	46
6358	50
6359	52
6360	47
6361	48
6362	49
6363	51
6364	50
6365	48
6366	49
6367	50
6368	49
6369	49
6370	50
6371	49
6372	48
6373	48
6374	48
6375	47
6376	46
6377	48
6378	48
6379	48
6380	49
6381	48
6382	50
6383	50
6384	50
6385	48
6386	49
6387	49
6388	48
6389	48
6390	47
6391	46
6392	47
6393	49
6394	47
6395	47
6396	48
6397	50
6398	49
6399	49
6400	50
6401	50
6402	48
6403	48
6404	50
6405	49
6406	51
6407	50
6408	52
6409	51
6410	49
6411	49
6412	50
6413	50
6414	50
6415	52
6416	52
6417	50
6418	49
6419	50
6420	51
6421	50
6422	48
6423	49
6424	50
6425	50
6426	51
6427	50
6428	48
6429	48
6430	50
6431	49
6432	48
6433	49
6434	49
6435	49
6436	50
6437	49
6438	50
6439	50
6440	48
6441	47
6442	47
6443	49
6444	48
6445	48
6446	48
6447	49
6448	48
6449	49
6450	50
6451	50
6452	50
6453	50
6454	49
6455	51
6456	48
6457	48
6458	48
6459	48
6460	48
6461	50
6462	50
6463	49
6464	49
6465	47
6466	48
6467	51
6468	49
6469	50
6470	52
6471	50
6472	47
6473	49
6474	48
6475	50
6476	51
6477	50
6478	49
6479	47
6480	48
6481	50
6482	50
6483	48
6484	50
6485	50
6486	50
6487	51
6488	50
6489	50
6490	49
6491	50
6492	49
6493	50
6494	45
6495	48
6496	48
6497	50
6498	52
6499	54
6500	52
6501	50
6502	50
6503	50
6504	49
6505	49
6506	51
6507	53
6508	51
6509	53
6510	53
6511	49
6512	49
6513	47
6514	48
6515	49
6516	47
6517	49
6518	48
6519	52
6520	52
6521	55
6522	56
6523	54
6524	55
6525	56
6526	54
6527	56
6528	56
6529	54
6530	55
6531	55
6532	53
6533	52
6534	52
6535	51
6536	51
6537	52
6538	54
6539	53
6540	55
6541	53
6542	50
6543	54
6544	53
6545	54
6546	55
6547	56
6548	57
6549	55
6550	53
6551	55
6552	52
6553	54
6554	49
6555	50
6556	50
6557	54
6558	52
6559	51
6560	52
6561	51
6562	50
6563	47
6564	49
6565	50
6566	53
6567	53
6568	51
6569	52
6570	52
6571	51
6572	53
6573	52
6574	50
6575	51
6576	53
6577	53
6578	51
6579	51
6580	50
6581	51
6582	52
6583	56
6584	54
6585	55
6586	56
6587	55
6588	54
6589	52
6590	51
6591	50
6592	51
6593	53
6594	53
6595	53
6596	52
6597	51
6598	50
6599	56
6600	53
6601	53
6602	51
6603	51
6604	53
6605	53
6606	57
6607	56
6608	55
6609	55
6610	55
6611	52
6612	55
6613	50
6614	53
6615	54
6616	54
6617	53
6618	52
6619	53
6620	53
6621	55
6622	57
6623	56
6624	55
6625	55
6626	53
6627	54
6628	54
6629	56
6630	53
6631	51
6632	49
6633	50
6634	50
6635	50
6636	51
6637	53
6638	53
6639	56
6640	55
6641	53
6642	51
6643	53
6644	51
6645	53
6646	51
6647	48
6648	49
6649	49
6650	50
6651	49
6652	54
6653	50
6654	48
6655	49
6656	51
6657	50
6658	50
6659	50
6660	50
6661	50
6662	53
6663	57
6664	53
6665	54
6666	54
6667	56
6668	54
6669	56
6670	53
6671	53
6672	53
6673	54
6674	53
6675	52
6676	54
6677	54
6678	52
6679	54
6680	53
6681	54
6682	55
6683	54
6684	51
6685	51
6686	53
6687	50
6688	53
6689	53
6690	54
6691	53
6692	54
6693	53
6694	53
6695	53
6696	52
6697	52
6698	51
6699	53
6700	54
6701	53
6702	52
6703	52
6704	51
6705	53
6706	55
6707	56
6708	54
6709	54
6710	55
6711	54
6712	55
6713	55
6714	58
6715	56
6716	54
6717	52
6718	51
6719	53
6720	51
6721	52
6722	55
6723	55
6724	52
6725	52
6726	53
6727	53
6728	55
6729	54
6730	52
6731	54
6732	53
6733	51
6734	51
6735	50
6736	52
6737	50
6738	54
6739	53
6740	51
6741	50
6742	52
6743	51
6744	51
6745	51
6746	52
6747	53
6748	54
6749	54
6750	52
6751	53
6752	53
6753	53
6754	53
6755	53
6756	54
6757	54
6758	55
6759	53
6760	55
6761	56
6762	54
6763	53
6764	54
6765	52
6766	53
6767	52
6768	59
6769	60
6770	59
6771	57
6772	55
6773	58
6774	54
6775	56
6776	57
6777	57
6778	56
6779	53
6780	56
6781	55
6782	57
6783	59
6784	58
6785	57
6786	56
6787	57
6788	56
6789	58
6790	58
6791	58
6792	56
6793	55
6794	54
6795	55
6796	60
6797	58
6798	56
6799	54
6800	53
6801	57
6802	55
6803	54
6804	53
6805	54
6806	55
6807	57
6808	56
6809	56
6810	54
6811	53
6812	56
6813	56
6814	55
6815	55
6816	56
6817	55
6818	54
6819	57
6820	58
6821	55
6822	57
6823	57
6824	59
6825	56
6826	58
6827	56
6828	53
6829	52
6830	53
6831	53
6832	54
6833	54
6834	55
6835	56
6836	56
6837	57
6838	55
6839	56
6840	56
6841	56
6842	56
6843	59
6844	61
6845	60
6846	57
6847	59
6848	57
6849	58
6850	56
6851	57
6852	58
6853	54
6854	56
6855	55
6856	57
6857	58
6858	57
6859	56
6860	56
6861	56
6862	56
6863	55
6864	53
6865	55
6866	54
6867	56
6868	56
6869	57
6870	56
6871	57
6872	57
6873	57
6874	57
6875	58
6876	55
6877	55
6878	56
6879	56
6880	58
6881	59
6882	58
6883	56
6884	57
6885	56
6886	57
6887	60
6888	60
6889	61
6890	58
6891	57
6892	57
6893	57
6894	58
6895	57
6896	56
6897	56
6898	56
6899	61
6900	58
6901	59
6902	58
6903	57
6904	58
6905	59
6906	59
6907	57
6908	54
6909	54
6910	53
6911	56
6912	58
6913	59
6914	59
6915	59
6916	58
6917	58
6918	57
6919	56
6920	54
6921	56
6922	55
6923	57
6924	56
6925	55
6926	54
6927	55
6928	54
6929	54
6930	53
6931	52
6932	56
6933	56
6934	57
6935	59
6936	60
6937	58
6938	59
6939	61
6940	55
6941	58
6942	58
6943	58
6944	58
6945	57
6946	56
6947	57
6948	59
6949	59
6950	59
6951	56
6952	56
6953	56
6954	59
6955	60
6956	60
6957	58
6958	56
6959	58
6960	58
6961	59
6962	56
6963	53
6964	55
6965	56
6966	57
6967	57
6968	56
6969	55
6970	53
6971	58
6972	57
6973	57
6974	55
6975	57
6976	54
6977	57
6978	54
6979	57
6980	57
6981	56
6982	60
6983	59
6984	57
6985	59
6986	58
6987	58
6988	62
6989	62
6990	61
6991	62
6992	60
6993	60
6994	58
6995	58
6996	59
6997	61
6998	59
6999	61
7000	61
7001	61
7002	60
7003	58
7004	60
7005	60
7006	61
7007	61
7008	61
7009	59
7010	60
7011	61
7012	63
7013	63
7014	64
7015	60
7016	59
7017	59
7018	57
7019	61
7020	63
7021	58
7022	60
7023	61
7024	59
7025	59
7026	59
7027	59
7028	58
7029	56
7030	58
7031	59
7032	58
7033	60
7034	60
7035	60
7036	60
7037	58
7038	59
7039	59
7040	58
7041	57
7042	57
7043	59
7044	60
7045	60
7046	57
7047	57
7048	63
7049	63
7050	62
7051	60
7052	63
7053	59
7054	60
7055	60
7056	59
7057	60
7058	60
7059	59
7060	61
7061	58
7062	58
7063	57
7064	59
7065	62
7066	62
7067	61
7068	59
7069	58
7070	60
7071	61
7072	60
7073	61
7074	63
7075	57
7076	56
7077	64
7078	59
7079	63
7080	60
7081	59
7082	59
7083	61
7084	62
7085	62
7086	63
7087	59
7088	58
7089	64
7090	58
7091	62
7092	61
7093	63
7094	61
7095	61
7096	59
7097	59
7098	63
7099	62
7100	64
7101	61
7102	61
7103	59
7104	59
7105	61
7106	62
7107	62
7108	62
7109	60
7110	61
7111	63
7112	64
7113	61
7114	61
7115	60
7116	61
7117	62
7118	61
7119	61
7120	59
7121	61
7122	60
7123	61
7124	60
7125	66
7126	65
7127	63
7128	62
7129	62
7130	62
7131	64
7132	65
7133	64
7134	66
7135	63
7136	64
7137	62
7138	64
7139	62
7140	64
7141	64
7142	69
7143	69
7144	69
7145	67
7146	65
7147	66
7148	65
7149	64
7150	67
7151	66
7152	71
7153	67
7154	68
7155	70
7156	70
7157	69
7158	69
7159	70
7160	71
7161	69
7162	69
7163	69
7164	67
7165	66
7166	66
7167	66
7168	67
7169	68
7170	66
7171	67
7172	67
7173	67
7174	67
7175	72
7176	70
7177	69
7178	67
7179	71
7180	72
7181	71
7182	69
7183	68
7184	71
7185	70
7186	69
7187	70
7188	72
7189	73
7190	72
7191	73
7192	71
7193	70
7194	72
7195	74
7196	70
7197	71
7198	71
7199	71
7200	70
7201	71
7202	71
7203	73
7204	74
7205	71
7206	72
7207	70
7208	72
7209	70
7210	68
7211	70
7212	69
7213	72
7214	73
7215	69
7216	68
7217	73
7218	69
7219	70
7220	70
7221	68
7222	71
7223	73
7224	70
7225	70
7226	70
7227	70
7228	70
7229	70
7230	69
7231	67
7232	71
7233	71
7234	72
7235	72
7236	73
7237	69
7238	69
7239	67
7240	68
7241	74
7242	74
7243	72
7244	72
7245	71
7246	75
7247	75
7248	74
7249	76
7250	75
7251	75
7252	75
7253	75
7254	74
7255	74
7256	76
7257	75
7258	75
7259	74
7260	73
7261	75
7262	72
7263	75
7264	77
7265	74
7266	75
7267	73
7268	74
7269	74
7270	72
7271	75
7272	76
7273	74
7274	74
7275	73
7276	74
7277	72
7278	76
7279	75
7280	72
7281	75
7282	75
7283	76
7284	76
7285	78
7286	76
7287	74
7288	74
7289	70
7290	73
7291	72
7292	73
7293	74
7294	74
7295	74
7296	75
7297	72
7298	74
7299	71
7300	73
7301	69
7302	70
7303	70
7304	73
7305	70
7306	70
7307	71
7308	71
7309	73
7310	75
7311	74
7312	72
7313	73
7314	73
7315	73
7316	73
7317	71
7318	71
7319	71
7320	70
7321	73
7322	72
7323	73
7324	72
7325	73
7326	73
7327	73
7328	73
7329	74
7330	74
7331	73
7332	72
7333	71
7334	72
7335	72
7336	72
7337	72
7338	72
7339	72
7340	72
7341	72
7342	71
7343	69
7344	68
7345	69
7346	69
7347	68
7348	68
7349	69
7350	70
7351	69
7352	69
7353	71
7354	71
7355	71
7356	70
7357	69
7358	70
7359	70
7360	70
7361	70
7362	69
7363	69
7364	67
7365	67
7366	68
7367	69
7368	67
7369	67
7370	70
7371	70
7372	70
7373	69
7374	71
7375	70
7376	72
7377	73
7378	72
7379	73
7380	73
7381	73
7382	73
7383	73
7384	72
7385	72
7386	71
7387	71
7388	73
7389	73
7390	74
7391	71
7392	71
7393	71
7394	70
7395	70
7396	72
7397	73
7398	71
7399	70
7400	72
7401	73
7402	75
7403	76
7404	78
7405	77
7406	77
7407	77
7408	76
7409	77
7410	75
7411	73
7412	71
7413	72
7414	74
7415	77
7416	77
7417	76
7418	75
7419	75
7420	74
7421	74
7422	76
7423	76
7424	75
7425	75
7426	76
7427	78
7428	77
7429	77
7430	76
7431	73
7432	76
7433	75
7434	75
7435	76
7436	74
7437	76
7438	76
7439	74
7440	74
7441	76
7442	77
7443	76
7444	76
7445	77
7446	78
7447	79
7448	76
7449	76
7450	75
7451	77
7452	78
7453	76
7454	73
7455	73
7456	77
7457	76
7458	76
7459	75
7460	79
7461	80
7462	76
7463	75
7464	74
7465	74
7466	76
7467	77
7468	77
7469	75
7470	76
7471	77
7472	78
7473	77
7474	76
7475	76
7476	77
7477	74
7478	78
7479	77
7480	78
7481	78
7482	75
7483	75
7484	78
7485	77
7486	76
7487	74
7488	72
7489	71
7490	74
7491	74
7492	73
7493	75
7494	74
7495	75
7496	80
7497	76
7498	78
7499	78
7500	76
7501	75
7502	76
7503	76
7504	76
7505	76
7506	74
7507	77
7508	76
7509	78
7510	79
7511	78
7512	80
7513	81
7514	80
7515	80
7516	79
7517	82
7518	79
7519	78
7520	80
7521	80
7522	82
7523	81
7524	80
7525	83
7526	81
7527	80
7528	81
7529	83
7530	77
7531	80
7532	80
7533	81
7534	80
7535	82
7536	82
7537	78
7538	81
7539	84
7540	82
7541	84
7542	81
7543	84
7544	87
7545	88
7546	86
7547	86
7548	84
7549	87
7550	85
7551	85
7552	86
7553	84
7554	85
7555	89
7556	89
7557	85
7558	87
7559	85
7560	88
7561	86
7562	84
7563	86
7564	85
7565	88
7566	88
7567	87
7568	85
7569	87
7570	87
7571	88
7572	87
7573	84
7574	86
7575	86
7576	86
7577	86
7578	88
7579	85
7580	87
7581	84
7582	86
7583	85
7584	83
7585	86
7586	87
7587	88
7588	85
7589	82
7590	85
7591	85
7592	86
7593	86
7594	87
7595	85
7596	83
7597	82
7598	86
7599	87
7600	86
7601	88
7602	87
7603	85
7604	86
7605	87
7606	85
7607	87
7608	85
7609	84
7610	85
7611	87
7612	87
7613	86
7614	85
7615	86
7616	84
7617	88
7618	85
7619	83
7620	82
7621	84
7622	87
7623	84
7624	83
7625	85
7626	88
7627	91
7628	90
7629	89
7630	91
7631	91
7632	91
7633	87
7634	88
7635	88
7636	88
7637	92
7638	90
7639	86
7640	87
7641	86
7642	87
7643	91
7644	89
7645	92
7646	90
7647	91
7648	87
7649	87
7650	85
7651	82
7652	84
7653	81
7654	83
7655	84
7656	83
7657	83
7658	84
7659	81
7660	83
7661	84
7662	84
7663	85
7664	85
7665	86
7666	86
7667	84
7668	83
7669	81
7670	82
7671	80
7672	79
7673	79
7674	77
7675	79
7676	80
7677	79
7678	80
7679	80
7680	76
7681	78
7682	80
7683	82
7684	82
7685	83
7686	82
7687	83
7688	86
7689	87
7690	85
7691	85
7692	87
7693	86
7694	86
7695	84
7696	85
7697	84
7698	84
7699	84
7700	85
7701	84
7702	83
7703	83
7704	82
7705	83
7706	83
7707	82
7708	84
7709	85
7710	86
7711	86
7712	86
7713	86
7714	85
7715	82
7716	81
7717	82
7718	82
7719	82
7720	82
7721	83
7722	84
7723	84
7724	84
7725	84
7726	84
7727	84
7728	84
7729	86
7730	85
7731	84
7732	83
7733	83
7734	82
7735	82
7736	82
7737	81
7738	83
7739	81
7740	86
7741	87
7742	84
7743	85
7744	86
7745	86
7746	85
7747	84
7748	84
7749	85
7750	84
7751	87
7752	86
7753	86
7754	87
7755	86
7756	85
7757	84
7758	83
7759	83
7760	83
7761	82
7762	83
7763	83
7764	84
7765	85
7766	86
7767	86
7768	84
7769	85
7770	84
7771	84
7772	84
7773	86
7774	87
7775	85
7776	85
7777	87
7778	85
7779	86
7780	88
7781	86
7782	84
7783	88
7784	88
7785	86
7786	87
7787	87
7788	86
7789	87
7790	87
7791	88
7792	88
7793	88
7794	87
7795	85
7796	86
7797	86
7798	87
7799	84
7800	85
7801	85
7802	86
7803	84
7804	80
7805	84
7806	85
7807	84
7808	84
7809	83
7810	82
7811	81
7812	82
7813	82
7814	81
7815	81
7816	81
7817	81
7818	82
7819	80
7820	82
7821	82
7822	81
7823	82
7824	83
7825	82
7826	81
7827	80
7828	83
7829	84
7830	84
7831	83
7832	81
7833	81
7834	83
7835	84
7836	83
7837	82
7838	82
7839	81
7840	84
7841	84
7842	83
7843	84
7844	84
7845	85
7846	81
7847	81
7848	81
7849	81
7850	81
7851	84
7852	83
7853	82
7854	82
7855	82
7856	82
7857	83
7858	84
7859	86
7860	82
7861	84
7862	84
7863	82
7864	83
7865	83
7866	85
7867	84
7868	85
7869	84
7870	84
7871	82
7872	82
7873	85
7874	85
7875	83
7876	85
7877	85
7878	84
7879	85
7880	86
7881	86
7882	84
7883	83
7884	84
7885	83
7886	85
7887	85
7888	84
7889	85
7890	85
7891	87
7892	87
7893	86
7894	84
7895	86
7896	88
7897	87
7898	87
7899	86
7900	86
7901	86
7902	85
7903	84
7904	83
7905	85
7906	85
7907	83
7908	83
7909	83
7910	85
7911	86
7912	84
7913	82
7914	82
7915	82
7916	82
7917	83
7918	83
7919	83
7920	81
7921	80
7922	81
7923	82
7924	82
7925	82
7926	82
7927	82
7928	83
7929	83
7930	82
7931	84
7932	82
7933	83
7934	85
7935	84
7936	84
7937	83
7938	84
7939	85
7940	85
7941	85
7942	85
7943	85
7944	85
7945	86
7946	84
7947	81
7948	80
7949	80
7950	81
7951	81
7952	82
7953	83
7954	84
7955	83
7956	85
7957	85
7958	85
7959	82
7960	84
7961	82
7962	83
7963	86
7964	85
7965	85
7966	85
7967	87
7968	84
7969	84
7970	83
7971	85
7972	84
7973	87
7974	87
7975	86
7976	85
7977	85
7978	86
7979	86
7980	84
7981	84
7982	85
7983	87
7984	86
7985	85
7986	88
7987	88
7988	87
7989	86
7990	88
7991	88
7992	88
7993	87
7994	85
7995	84
7996	84
7997	85
7998	84
7999	86
8000	85
8001	87
8002	88
8003	90
8004	89
8005	89
8006	90
8007	90
8008	89
8009	89
8010	91
8011	88
8012	89
8013	89
8014	90
8015	87
8016	87
8017	88
8018	86
8019	85
8020	86
8021	90
8022	90
8023	89
8024	90
8025	87
8026	90
8027	90
8028	88
8029	90
8030	89
8031	87
8032	87
8033	88
8034	90
8035	87
8036	86
8037	89
8038	88
8039	89
8040	89
8041	90
8042	91
8043	89
8044	87
8045	89
8046	89
8047	87
8048	89
8049	89
8050	87
8051	85
8052	89
8053	91
8054	91
8055	91
8056	90
8057	93
8058	90
8059	90
8060	91
8061	89
8062	91
8063	91
8064	88
8065	89
8066	92
8067	91
8068	89
8069	89
8070	89
8071	92
8072	92
8073	91
8074	92
8075	92
8076	88
8077	91
8078	88
8079	89
8080	88
8081	91
8082	91
8083	89
8084	88
8085	90
8086	89
8087	90
8088	88
8089	90
8090	90
8091	90
8092	90
8093	91
8094	90
8095	86
8096	90
8097	90
8098	86
8099	85
8100	84
8101	85
8102	88
8103	90
8104	90
8105	89
8106	90
8107	89
8108	89
8109	87
8110	88
8111	87
8112	89
8113	89
8114	90
8115	90
8116	89
8117	92
8118	92
8119	88
8120	90
8121	89
8122	91
8123	92
8124	90
8125	91
8126	86
8127	89
8128	87
8129	86
8130	85
8131	89
8132	89
8133	88
8134	88
8135	88
8136	88
8137	95
8138	94
8139	95
8140	96
8141	94
8142	90
8143	92
8144	95
8145	92
8146	91
8147	92
8148	91
8149	93
8150	93
8151	94
8152	94
8153	96
8154	96
8155	97
8156	95
8157	95
8158	96
8159	94
8160	95
8161	92
8162	90
8163	90
8164	92
8165	94
8166	94
8167	93
8168	93
8169	95
8170	93
8171	91
8172	91
8173	92
8174	91
8175	96
8176	98
8177	97
8178	96
8179	95
8180	96
8181	96
8182	101
8183	45
8184	45
8185	44
8186	44
8187	41
8188	41
8189	41
8190	44
8191	44
8192	44
8193	44
8194	45
8195	42
8196	42
8197	41
8198	41
8199	41
8200	42
8201	38
8202	41
8203	43
8204	42
8205	42
8206	38
8207	41
8208	41
8209	41
8210	44
8211	44
8212	44
8213	44
8214	44
8215	43
8216	43
8217	45
8218	44
8219	43
8220	44
8221	43
8222	42
8223	42
8224	43
8225	42
8226	42
8227	44
8228	44
8229	44
8230	45
8231	43
8232	41
8233	44
8234	45
8235	43
8236	42
8237	42
8238	43
8239	43
8240	41
8241	44
8242	43
8243	43
8244	44
8245	46
8246	44
8247	42
8248	42
8249	44
8250	40
8251	45
8252	44
8253	41
8254	40
8255	41
8256	39
8257	43
8258	43
8259	41
8260	43
8261	44
8262	45
8263	46
8264	45
8265	44
8266	45
8267	42
8268	41
8269	44
8270	43
8271	42
8272	42
8273	40
8274	40
8275	45
8276	43
8277	44
8278	45
8279	44
8280	44
8281	42
8282	45
8283	42
8284	42
8285	40
8286	38
8287	38
8288	38
8289	41
8290	41
8291	41
8292	39
8293	40
8294	38
8295	39
8296	40
8297	38
8298	37
8299	35
8300	35
8301	35
8302	34
8303	34
8304	35
8305	32
8306	31
8307	31
8308	31
8309	32
8310	32
8311	32
8312	32
8313	31
8314	32
8315	33
8316	32
8317	32
8318	32
8319	34
8320	33
8321	32
8322	32
8323	32
8324	30
8325	30
8326	30
8327	28
8328	28
8329	28
8330	29
8331	29
8332	29
8333	29
8334	30
8335	32
8336	34
8337	35
8338	34
8339	33
8340	33
8341	32
8342	31
8343	31
8344	30
8345	29
8346	28
8347	28
8348	30
8349	31
8350	30
8351	30
8352	31
8353	31
8354	31
8355	31
8356	31
8357	32
8358	32
8359	31
8360	31
8361	30
8362	29
8363	29
8364	29
8365	29
8366	29
8367	29
8368	31
8369	30
8370	31
8371	31
8372	32
8373	32
8374	33
8375	33
8376	33
8377	35
8378	36
8379	36
8380	36
8381	37
8382	37
8383	37
8384	37
8385	37
8386	37
8387	36
8388	37
8389	36
8390	36
8391	36
8392	36
8393	36
8394	35
8395	34
8396	34
8397	34
8398	34
8399	33
8400	33
8401	33
8402	33
8403	33
8404	34
8405	34
8406	34
8407	34
8408	34
8409	35
8410	35
8411	35
8412	35
8413	34
8414	34
8415	34
8416	34
8417	34
8418	34
8419	34
8420	34
8421	34
8422	34
8423	34
8424	34
8425	34
8426	34
8427	34
8428	32
8429	33
8430	32
8431	32
8432	32
8433	32
8434	31
8435	31
8436	31
8437	32
8438	31
8439	31
8440	32
8441	33
8442	33
8443	35
8444	35
8445	35
8446	35
8447	34
8448	34
8449	33
8450	33
8451	33
8452	34
8453	34
8454	35
8455	34
8456	34
8457	34
8458	34
8459	35
8460	34
8461	33
8462	33
8463	36
8464	37
8465	34
8466	37
8467	37
8468	37
8469	37
8470	37
8471	38
8472	38
8473	37
8474	35
8475	36
8476	37
8477	37
8478	35
8479	35
8480	35
8481	36
8482	36
8483	35
8484	36
8485	34
8486	35
8487	35
8488	35
8489	36
8490	36
8491	36
8492	36
8493	34
8494	34
8495	33
8496	33
8497	33
8498	33
8499	32
8500	33
8501	32
8502	34
8503	31
8504	31
8505	31
8506	32
8507	31
8508	32
8509	32
8510	33
8511	33
8512	33
8513	31
8514	31
8515	31
8516	31
8517	32
8518	32
8519	34
8520	32
8521	32
8522	32
8523	31
8524	31
8525	30
8526	30
8527	31
8528	31
8529	32
8530	32
8531	33
8532	34
8533	34
8534	34
8535	34
8536	34
8537	34
8538	34
8539	34
8540	34
8541	34
8542	34
8543	34
8544	34
8545	36
8546	38
8547	38
8548	37
8549	38
8550	38
8551	40
8552	38
8553	37
8554	38
8555	38
8556	36
8557	36
8558	36
8559	36
8560	36
8561	36
8562	36
8563	36
8564	36
8565	36
8566	36
8567	36
8568	37
8569	36
8570	36
8571	36
8572	37
8573	35
8574	36
8575	36
8576	36
8577	38
8578	37
8579	37
8580	37
8581	36
8582	35
8583	36
8584	35
8585	35
8586	34
8587	33
8588	34
8589	34
8590	35
8591	36
8592	36
8593	35
8594	35
8595	34
8596	34
8597	34
8598	34
8599	34
8600	34
8601	34
8602	34
8603	34
8604	34
8605	34
8606	32
8607	32
8608	32
8609	32
8610	32
8611	32
8612	32
8613	32
8614	32
8615	32
8616	32
8617	32
8618	32
8619	32
8620	33
8621	35
8622	34
8623	34
8624	33
8625	34
8626	34
8627	34
8628	34
8629	34
8630	34
8631	36
8632	36
8633	35
8634	36
8635	36
8636	36
8637	36
8638	36
8639	35
8640	35
8641	36
8642	37
8643	37
8644	37
8645	36
8646	36
8647	36
8648	37
8649	37
8650	37
8651	37
8652	36
8653	35
8654	34
8655	33
8656	33
8657	33
8658	33
8659	33
8660	33
8661	33
8662	33
8663	32
8664	33
8665	33
8666	33
8667	33
8668	33
8669	33
8670	32
8671	33
8672	33
8673	34
8674	33
8675	35
8676	36
8677	34
8678	34
8679	35
8680	35
8681	35
8682	34
8683	33
8684	30
8685	32
8686	34
8687	35
8688	33
8689	31
8690	32
8691	33
8692	33
8693	31
8694	30
8695	29
8696	30
8697	31
8698	31
8699	32
8700	33
8701	33
8702	31
8703	32
8704	31
8705	30
8706	32
8707	32
8708	30
8709	31
8710	32
8711	32
8712	31
8713	31
8714	30
8715	28
8716	28
8717	30
8718	30
8719	32
8720	31
8721	32
8722	31
8723	31
8724	31
8725	31
8726	33
8727	32
8728	31
8729	31
8730	33
8731	33
8732	32
8733	32
8734	32
8735	32
8736	32
8737	33
8738	33
8739	32
8740	32
8741	32
8742	32
8743	32
8744	31
8745	31
8746	31
8747	32
8748	30
8749	32
8750	32
8751	32
8752	31
8753	30
8754	30
8755	31
8756	31
8757	33
8758	33
8759	31
8760	32
8761	32
8762	32
8763	34
8764	35
8765	35
8766	35
8767	36
8768	38
8769	37
8770	35
8771	35
8772	36
8773	34
8774	36
8775	36
8776	35
8777	35
8778	35
8779	36
8780	36
8781	36
8782	36
8783	36
8784	35
8785	37
8786	37
8787	37
8788	37
8789	36
8790	36
8791	36
8792	37
8793	35
8794	37
8795	35
8796	35
8797	35
8798	36
8799	32
8800	32
8801	34
8802	36
8803	37
8804	37
8805	41
8806	41
8807	40
8808	41
8809	41
8810	41
8811	41
8812	40
8813	41
8814	42
8815	41
8816	40
8817	40
8818	43
8819	42
8820	42
8821	41
8822	41
8823	42
8824	43
8825	42
8826	44
8827	42
8828	41
8829	41
8830	41
8831	41
8832	42
8833	40
8834	43
8835	42
8836	41
8837	41
8838	38
8839	40
8840	41
8841	42
8842	40
8843	40
8844	39
8845	39
8846	41
8847	42
8848	41
8849	43
8850	42
8851	43
8852	41
8853	42
8854	44
8855	45
8856	43
8857	40
8858	40
8859	41
8860	43
8861	40
8862	41
8863	39
8864	36
8865	38
8866	42
8867	41
8868	45
8869	40
8870	41
8871	41
8872	43
8873	44
8874	44
8875	45
8876	43
8877	42
8878	44
8879	42
8880	43
8881	42
8882	44
8883	43
8884	41
8885	40
8886	40
8887	43
8888	44
8889	45
8890	44
8891	45
8892	44
8893	44
8894	44
8895	43
8896	42
8897	41
8898	41
8899	42
8900	42
8901	46
8902	44
8903	43
8904	42
8905	41
8906	39
8907	42
8908	41
8909	40
8910	39
8911	39
8912	39
8913	38
8914	39
8915	41
8916	46
8917	46
8918	46
8919	44
8920	42
8921	43
8922	43
8923	44
8924	42
8925	46
8926	42
8927	44
8928	42
8929	43
8930	44
8931	42
8932	39
8933	41
8934	42
8935	40
8936	43
8937	43
8938	44
8939	44
8940	43
8941	42
8942	43
8943	42
8944	41
8945	43
8946	44
8947	44
8948	44
8949	45
8950	45
8951	45
8952	42
8953	45
8954	45
8955	44
8956	43
8957	42
8958	39
8959	40
8960	41
8961	37
8962	37
8963	38
8964	39
8965	36
8966	35
8967	34
8968	32
8969	31
8970	31
8971	34
8972	32
8973	30
8974	31
8975	31
8976	31
8977	31
8978	31
8979	33
8980	32
8981	35
8982	36
8983	34
8984	34
8985	34
8986	35
8987	35
8988	36
8989	37
8990	37
8991	36
8992	35
8993	34
8994	35
8995	35
8996	33
8997	33
8998	33
8999	34
9000	35
9001	34
9002	34
9003	33
9004	32
9005	32
9006	33
9007	33
9008	33
9009	33
9010	32
9011	32
9012	32
9013	32
9014	31
9015	32
9016	32
9017	33
9018	33
9019	33
9020	34
9021	34
9022	34
9023	34
9024	34
9025	34
9026	33
9027	34
9028	34
9029	34
9030	34
9031	34
9032	36
9033	36
9034	37
9035	38
9036	37
9037	35
9038	35
9039	35
9040	34
9041	34
9042	34
9043	34
9044	34
9045	34
9046	34
9047	34
9048	34
9049	34
9050	34
9051	34
9052	34
9053	34
9054	35
9055	35
9056	35
9057	36
9058	37
9059	37
9060	38
9061	36
9062	36
9063	35
9064	34
9065	35
9066	34
9067	34
9068	34
9069	34
9070	34
9071	34
9072	34
9073	34
9074	34
9075	34
9076	34
9077	36
9078	34
9079	34
9080	36
9081	36
9082	36
9083	36
9084	35
9085	35
9086	36
9087	35
9088	36
9089	35
9090	35
9091	35
9092	36
9093	35
9094	34
9095	34
9096	34
9097	33
9098	33
9099	33
9100	33
9101	35
9102	33
9103	33
9104	35
9105	35
9106	36
9107	37
9108	37
9109	37
9110	36
9111	36
9112	36
9113	36
9114	36
9115	38
9116	38
9117	38
9118	36
9119	34
9120	36
9121	37
9122	38
9123	39
9124	39
9125	39
9126	39
9127	39
9128	39
9129	39
9130	37
9131	37
9132	38
9133	37
9134	38
9135	38
9136	38
9137	38
9138	37
9139	36
9140	36
9141	37
9142	37
9143	34
9144	35
9145	34
9146	34
9147	34
9148	35
9149	35
9150	35
9151	34
9152	36
9153	36
9154	36
9155	36
9156	36
9157	35
9158	36
9159	36
9160	37
9161	38
9162	38
9163	38
9164	39
9165	38
9166	37
9167	37
9168	36
9169	35
9170	36
9171	36
9172	36
9173	35
9174	36
9175	36
9176	37
9177	36
9178	36
9179	36
9180	35
9181	36
9182	36
9183	36
9184	36
9185	35
9186	35
9187	35
9188	36
9189	35
9190	35
9191	35
9192	35
9193	35
9194	35
9195	35
9196	34
9197	35
9198	35
9199	35
9200	35
9201	35
9202	34
9203	34
9204	34
9205	34
9206	34
9207	35
9208	35
9209	35
9210	35
9211	35
9212	35
9213	35
9214	35
9215	35
9216	35
9217	35
9218	35
9219	35
9220	35
9221	35
9222	35
9223	35
9224	35
9225	35
9226	34
9227	32
9228	31
9229	30
9230	30
9231	29
9232	29
9233	30
9234	32
9235	34
9236	34
9237	32
9238	32
9239	32
9240	35
9241	31
9242	33
9243	34
9244	34
9245	33
9246	33
9247	36
9248	35
9249	35
9250	36
9251	36
9252	36
9253	36
9254	35
9255	34
9256	34
9257	34
9258	34
9259	36
9260	35
9261	32
9262	32
9263	31
9264	33
9265	35
9266	35
9267	33
9268	36
9269	35
9270	33
9271	33
9272	34
9273	33
9274	33
9275	35
9276	33
9277	36
9278	35
9279	33
9280	35
9281	37
9282	36
9283	35
9284	34
9285	34
9286	34
9287	34
9288	34
9289	34
9290	32
9291	35
9292	36
9293	36
9294	34
9295	36
9296	34
9297	36
9298	35
9299	36
9300	37
9301	37
9302	37
9303	37
9304	35
9305	35
9306	35
9307	35
9308	34
9309	35
9310	35
9311	35
9312	35
9313	34
9314	34
9315	34
9316	35
9317	36
9318	38
9319	36
9320	35
9321	41
9322	42
9323	43
9324	41
9325	42
9326	43
9327	41
9328	41
9329	43
9330	44
9331	42
9332	44
9333	44
9334	43
9335	44
9336	42
9337	42
9338	42
9339	42
9340	42
9341	41
9342	42
9343	40
9344	39
9345	40
9346	42
9347	41
9348	42
9349	43
9350	41
9351	42
9352	39
9353	41
9354	42
9355	42
9356	42
9357	41
9358	43
9359	42
9360	40
9361	40
9362	39
9363	40
9364	42
9365	40
9366	39
9367	39
9368	42
9369	41
9370	40
9371	38
9372	40
9373	42
9374	42
9375	41
9376	40
9377	40
9378	41
9379	41
9380	44
9381	41
9382	42
9383	40
9384	41
9385	42
9386	43
9387	44
9388	42
9389	41
9390	43
9391	46
9392	44
9393	41
9394	44
9395	42
9396	43
9397	43
9398	42
9399	42
9400	41
9401	41
9402	41
9403	42
9404	39
9405	38
9406	40
9407	39
9408	39
9409	38
9410	40
9411	42
9412	42
9413	40
9414	41
9415	39
9416	39
9417	40
9418	40
9419	41
9420	41
9421	43
9422	42
9423	41
9424	42
9425	42
9426	42
9427	43
9428	40
9429	39
9430	42
9431	39
9432	42
9433	42
9434	42
9435	40
9436	41
9437	41
9438	39
9439	40
9440	41
9441	40
9442	42
9443	43
9444	42
9445	42
9446	42
9447	42
9448	40
9449	41
9450	40
9451	40
9452	42
9453	41
9454	43
9455	43
9456	41
9457	41
9458	40
9459	40
9460	40
9461	41
9462	42
9463	42
9464	41
9465	41
9466	39
9467	38
9468	39
9469	39
9470	42
9471	42
9472	44
9473	43
9474	43
9475	41
9476	42
9477	43
9478	43
9479	44
9480	42
9481	42
9482	44
9483	42
9484	41
9485	41
9486	41
9487	40
9488	41
9489	39
9490	37
9491	42
9492	41
9493	42
9494	38
9495	39
9496	38
9497	38
9498	36
9499	37
9500	38
9501	40
9502	40
9503	39
9504	42
9505	41
9506	41
9507	40
9508	41
9509	40
9510	41
9511	40
9512	40
9513	39
9514	39
9515	43
9516	42
9517	41
9518	42
9519	43
9520	43
9521	40
9522	41
9523	44
9524	41
9525	42
9526	39
9527	39
9528	40
9529	40
9530	41
9531	42
9532	41
9533	43
9534	43
9535	40
9536	41
9537	43
9538	41
9539	41
9540	41
9541	40
9542	39
9543	42
9544	43
9545	42
9546	44
9547	44
9548	41
9549	43
9550	41
9551	42
9552	42
9553	42
9554	43
9555	45
9556	44
9557	39
9558	37
9559	39
9560	40
9561	41
9562	41
9563	41
9564	41
9565	44
9566	40
9567	42
9568	42
9569	44
9570	41
9571	43
9572	41
9573	41
9574	42
9575	40
9576	43
9577	43
9578	42
9579	43
9580	40
9581	42
9582	39
9583	40
9584	41
9585	41
9586	42
9587	40
9588	40
9589	41
9590	42
9591	41
9592	41
9593	40
9594	42
9595	43
9596	41
9597	39
9598	43
9599	44
9600	43
9601	43
9602	43
9603	42
9604	40
9605	38
9606	40
9607	38
9608	36
9609	37
9610	38
9611	37
9612	38
9613	38
9614	41
9615	37
9616	39
9617	40
9618	42
9619	42
9620	40
9621	42
9622	41
9623	40
9624	37
9625	39
9626	41
9627	41
9628	40
9629	42
9630	42
9631	40
9632	38
9633	41
9634	42
9635	43
9636	42
9637	41
9638	41
9639	43
9640	40
9641	39
9642	40
9643	40
9644	42
9645	39
9646	39
9647	40
9648	43
9649	43
9650	38
9651	39
9652	39
9653	43
9654	42
9655	40
9656	40
9657	41
9658	41
9659	41
9660	43
9661	42
9662	41
9663	43
9664	42
9665	39
9666	35
9667	38
9668	40
9669	40
9670	39
9671	41
9672	39
9673	41
9674	41
9675	41
9676	44
9677	39
9678	41
9679	42
9680	40
9681	42
9682	44
9683	44
9684	42
9685	40
9686	40
9687	42
9688	41
9689	43
9690	45
9691	44
9692	45
9693	42
9694	42
9695	42
9696	43
9697	44
9698	42
9699	42
9700	42
9701	42
9702	42
9703	43
9704	43
9705	42
9706	40
9707	42
9708	42
9709	43
9710	42
9711	43
9712	42
9713	42
9714	46
9715	44
9716	45
9717	44
9718	43
9719	42
9720	40
9721	44
9722	46
9723	45
9724	45
9725	43
9726	44
9727	43
9728	43
9729	45
9730	45
9731	45
9732	43
9733	42
9734	46
9735	45
9736	45
9737	41
9738	42
9739	41
9740	41
9741	41
9742	42
9743	43
9744	42
9745	43
9746	41
9747	41
9748	39
9749	42
9750	38
9751	39
9752	38
9753	40
9754	39
9755	39
9756	42
9757	41
9758	41
9759	43
9760	43
9761	45
9762	44
9763	45
9764	45
9765	44
9766	46
9767	45
9768	42
9769	41
9770	43
9771	45
9772	43
9773	44
9774	44
9775	41
9776	42
9777	42
9778	40
9779	42
9780	43
9781	44
9782	42
9783	44
9784	43
9785	42
9786	44
9787	43
9788	43
9789	43
9790	43
9791	40
9792	41
9793	42
9794	42
9795	43
9796	42
9797	42
9798	41
9799	41
9800	41
9801	42
9802	43
9803	42
9804	41
9805	42
9806	42
9807	42
9808	40
9809	44
9810	43
9811	43
9812	43
9813	42
9814	40
9815	41
9816	39
9817	42
9818	44
9819	42
9820	42
9821	40
9822	41
9823	42
9824	42
9825	42
9826	40
9827	38
9828	40
9829	40
9830	42
9831	43
9832	41
9833	42
9834	42
9835	43
9836	42
9837	42
9838	44
9839	43
9840	41
9841	42
9842	43
9843	42
9844	43
9845	44
9846	45
9847	45
9848	44
9849	41
9850	42
9851	43
9852	44
9853	43
9854	41
9855	42
9856	41
9857	42
9858	42
9859	41
9860	43
9861	45
9862	43
9863	43
9864	43
9865	41
9866	42
9867	41
9868	41
9869	41
9870	42
9871	42
9872	42
9873	41
9874	40
9875	41
9876	45
9877	43
9878	44
9879	44
9880	45
9881	43
9882	44
9883	42
9884	43
9885	43
9886	46
9887	47
9888	48
9889	46
9890	48
9891	47
9892	50
9893	50
9894	50
9895	51
9896	51
9897	50
9898	50
9899	48
9900	48
9901	50
9902	49
9903	51
9904	50
9905	52
9906	53
9907	51
9908	50
9909	52
9910	51
9911	53
9912	52
9913	54
9914	53
9915	52
9916	53
9917	51
9918	53
9919	54
9920	55
9921	54
9922	53
9923	55
9924	53
9925	56
9926	56
9927	56
9928	58
9929	55
9930	53
9931	57
9932	58
9933	56
9934	57
9935	55
9936	55
9937	54
9938	55
9939	56
9940	57
9941	58
9942	56
9943	53
9944	53
9945	58
9946	58
9947	55
9948	54
9949	55
9950	59
9951	58
9952	60
9953	59
9954	60
9955	59
9956	60
9957	58
9958	59
9959	58
9960	59
9961	57
9962	61
9963	56
9964	57
9965	58
9966	53
9967	55
9968	54
9969	55
9970	54
9971	55
9972	53
9973	54
9974	53
9975	51
9976	54
9977	53
9978	52
9979	52
9980	52
9981	50
9982	50
9983	50
9984	51
9985	52
9986	52
9987	51
9988	50
9989	50
9990	50
9991	49
9992	49
9993	49
9994	48
9995	49
9996	47
9997	47
9998	46
9999	48
10000	50
10001	50
10002	50
10003	51
10004	50
10005	50
10006	50
10007	51
10008	53
10009	51
10010	51
10011	50
10012	51
10013	51
10014	52
10015	51
10016	50
10017	50
10018	49
10019	48
10020	47
10021	47
10022	46
10023	47
10024	47
10025	48
10026	46
10027	47
10028	47
10029	48
10030	48
10031	48
10032	47
10033	47
10034	48
10035	49
10036	48
10037	48
10038	49
10039	50
10040	49
10041	49
10042	49
10043	49
10044	49
10045	48
10046	49
10047	49
10048	49
10049	47
10050	49
10051	49
10052	48
10053	48
10054	48
10055	48
10056	47
10057	48
10058	48
10059	48
10060	51
10061	51
10062	51
10063	51
10064	51
10065	51
10066	50
10067	51
10068	51
10069	51
10070	51
10071	51
10072	52
10073	51
10074	51
10075	51
10076	50
10077	49
10078	49
10079	48
10080	48
10081	48
10082	47
10083	48
10084	48
10085	48
10086	48
10087	48
10088	48
10089	48
10090	48
10091	48
10092	48
10093	48
10094	47
10095	48
10096	47
10097	47
10098	48
10099	48
10100	48
10101	48
10102	49
10103	49
10104	50
10105	48
10106	48
10107	48
10108	48
10109	48
10110	49
10111	48
10112	48
10113	49
10114	48
10115	48
10116	48
10117	48
10118	48
10119	48
10120	48
10121	48
10122	50
10123	49
10124	51
10125	51
10126	49
10127	50
10128	50
10129	50
10130	50
10131	50
10132	51
10133	52
10134	53
10135	53
10136	52
10137	53
10138	53
10139	54
10140	56
10141	55
10142	54
10143	55
10144	53
10145	52
10146	54
10147	55
10148	57
10149	58
10150	57
10151	56
10152	55
10153	54
10154	53
10155	55
10156	54
10157	55
10158	55
10159	56
10160	56
10161	55
10162	56
10163	54
10164	55
10165	56
10166	56
10167	56
10168	52
10169	53
10170	52
10171	50
10172	51
10173	51
10174	51
10175	49
10176	50
10177	50
10178	49
10179	49
10180	48
10181	49
10182	50
10183	49
10184	49
10185	50
10186	51
10187	49
10188	50
10189	52
10190	51
10191	54
10192	55
10193	54
10194	53
10195	54
10196	54
10197	54
10198	53
10199	53
10200	55
10201	54
10202	53
10203	53
10204	54
10205	55
10206	55
10207	56
10208	57
10209	56
10210	57
10211	58
10212	56
10213	55
10214	54
10215	55
10216	54
10217	53
10218	53
10219	53
10220	53
10221	53
10222	56
10223	57
10224	58
10225	57
10226	57
10227	56
10228	56
10229	57
10230	56
10231	55
10232	54
10233	53
10234	53
10235	54
10236	57
10237	57
10238	56
10239	57
10240	54
10241	54
10242	55
10243	56
10244	56
10245	57
10246	58
10247	60
10248	59
10249	57
10250	60
10251	56
10252	59
10253	57
10254	56
10255	59
10256	57
10257	59
10258	56
10259	56
10260	59
10261	61
10262	56
10263	53
10264	57
10265	61
10266	57
10267	57
10268	58
10269	59
10270	59
10271	58
10272	58
10273	55
10274	56
10275	57
10276	56
10277	57
10278	59
10279	59
10280	61
10281	60
10282	57
10283	57
10284	59
10285	59
10286	58
10287	59
10288	59
10289	59
10290	60
10291	59
10292	58
10293	58
10294	59
10295	61
10296	59
10297	60
10298	60
10299	62
10300	60
10301	61
10302	60
10303	60
10304	61
10305	60
10306	58
10307	60
10308	62
10309	65
10310	64
10311	63
10312	62
10313	64
10314	63
10315	63
10316	63
10317	63
10318	60
10319	65
10320	66
10321	63
10322	61
10323	61
10324	59
10325	62
10326	64
10327	63
10328	63
10329	65
10330	66
10331	64
10332	65
10333	63
10334	64
10335	63
10336	61
10337	62
10338	62
10339	63
10340	63
10341	62
10342	63
10343	64
10344	63
10345	63
10346	61
10347	67
10348	65
10349	62
10350	61
10351	62
10352	60
10353	66
10354	62
10355	64
10356	63
10357	62
10358	64
10359	63
10360	66
10361	63
10362	63
10363	63
10364	63
10365	66
10366	62
10367	62
10368	64
10369	61
10370	62
10371	61
10372	62
10373	64
10374	63
10375	61
10376	63
10377	62
10378	64
10379	65
10380	65
10381	65
10382	65
10383	63
10384	61
10385	61
10386	64
10387	62
10388	64
10389	65
10390	63
10391	62
10392	63
10393	65
10394	63
10395	64
10396	62
10397	63
10398	63
10399	62
10400	63
10401	64
10402	63
10403	66
10404	66
10405	68
10406	67
10407	65
10408	65
10409	68
10410	67
10411	68
10412	71
10413	70
10414	71
10415	73
10416	74
10417	72
10418	74
10419	75
10420	77
10421	78
10422	77
10423	79
10424	75
10425	73
10426	75
10427	75
10428	76
10429	75
10430	76
10431	76
10432	77
10433	78
10434	77
10435	78
10436	78
10437	75
10438	76
10439	77
10440	77
10441	76
10442	78
10443	76
10444	72
10445	73
10446	74
10447	76
10448	77
10449	77
10450	76
10451	77
10452	79
10453	77
10454	77
10455	77
10456	75
10457	76
10458	76
10459	76
10460	77
10461	76
10462	75
10463	75
10464	73
10465	77
10466	74
10467	77
10468	76
10469	78
10470	76
10471	74
10472	76
10473	77
10474	77
10475	75
10476	75
10477	74
10478	77
10479	75
10480	75
10481	72
10482	72
10483	73
10484	73
10485	73
10486	70
10487	73
10488	73
10489	71
10490	72
10491	72
10492	68
10493	75
10494	73
10495	73
10496	75
10497	73
10498	71
10499	71
