0	85
1	83
2	81
3	82
4	83
5	83
6	83
7	81
8	82
9	82
10	83
11	82
12	80
13	80
14	81
15	81
16	82
17	82
18	83
19	80
20	79
21	79
22	79
23	80
24	81
25	81
26	81
27	82
28	83
29	84
30	84
31	84
32	84
33	82
34	81
35	81
36	80
37	82
38	81
39	80
40	82
41	82
42	83
43	81
44	82
45	83
46	82
47	81
48	81
49	82
50	81
51	81
52	81
53	81
54	81
55	81
56	81
57	81
58	82
59	82
60	82
61	82
62	81
63	80
64	82
65	81
66	79
67	79
68	79
69	80
70	80
71	78
72	79
73	78
74	78
75	79
76	79
77	79
78	80
79	82
80	83
81	83
82	82
83	82
84	80
85	80
86	83
87	83
88	80
89	80
90	79
91	79
92	80
93	81
94	80
95	80
96	82
97	84
98	83
99	82
100	81
101	81
102	81
103	82
104	82
105	82
106	82
107	81
108	83
109	78
110	78
111	79
112	79
113	81
114	82
115	81
116	81
117	81
118	81
119	79
120	80
121	78
122	78
123	78
124	79
125	81
126	81
127	81
128	82
129	80
130	80
131	80
132	78
133	79
134	79
135	80
136	80
137	80
138	80
139	80
140	80
141	80
142	81
143	80
144	79
145	78
146	79
147	79
148	80
149	80
150	77
151	77
152	79
153	80
154	80
155	80
156	81
157	80
158	80
159	81
160	81
161	81
162	82
163	82
164	82
165	80
166	80
167	81
168	81
169	81
170	80
171	78
172	78
173	77
174	76
175	77
176	78
177	78
178	79
179	78
180	78
181	79
182	79
183	80
184	79
185	78
186	78
187	79
188	79
189	80
190	79
191	78
192	80
193	79
194	78
195	77
196	77
197	79
198	80
199	80
200	79
201	79
202	80
203	80
204	82
205	80
206	81
207	81
208	80
209	77
210	79
211	78
212	77
213	79
214	79
215	79
216	79
217	80
218	80
219	81
220	80
221	80
222	81
223	80
224	80
225	81
226	81
227	81
228	82
229	84
230	84
231	83
232	83
233	83
234	85
235	85
236	84
237	83
238	84
239	84
240	84
241	83
242	82
243	81
244	83
245	83
246	84
247	83
248	81
249	81
250	82
251	83
252	84
253	83
254	83
255	82
256	82
257	82
258	83
259	83
260	83
261	84
262	81
263	80
264	79
265	78
266	80
267	79
268	79
269	79
270	77
271	79
272	81
273	81
274	81
275	82
276	80
277	80
278	82
279	82
280	82
281	78
282	78
283	77
284	81
285	83
286	80
287	78
288	79
289	76
290	79
291	79
292	79
293	81
294	79
295	81
296	83
297	81
298	81
299	80
300	79
301	80
302	77
303	79
304	78
305	80
306	78
307	81
308	79
309	77
310	76
311	75
312	79
313	79
314	78
315	81
316	81
317	82
318	80
319	79
320	81
321	82
322	81
323	81
324	80
325	82
326	78
327	81
328	80
329	80
330	82
331	82
332	81
333	81
334	82
335	80
336	78
337	80
338	80
339	80
340	80
341	82
342	81
343	80
344	81
345	82
346	82
347	79
348	79
349	79
350	79
351	80
352	79
353	79
354	79
355	81
356	81
357	81
358	80
359	77
360	77
361	78
362	76
363	78
364	81
365	79
366	78
367	79
368	83
369	84
370	82
371	80
372	80
373	80
374	78
375	78
376	81
377	80
378	81
379	79
380	79
381	79
382	78
383	76
384	78
385	79
386	81
387	80
388	82
389	79
390	80
391	78
392	79
393	81
394	77
395	81
396	78
397	80
398	79
399	76
400	78
401	78
402	79
403	79
404	81
405	78
406	80
407	78
408	78
409	80
410	82
411	81
412	81
413	81
414	80
415	80
416	80
417	79
418	80
419	80
420	80
421	78
422	79
423	81
424	79
425	76
426	80
427	78
428	81
429	81
430	80
431	79
432	80
433	82
434	83
435	81
436	81
437	80
438	81
439	82
440	80
441	78
442	82
443	81
444	81
445	82
446	81
447	82
448	79
449	81
450	82
451	79
452	83
453	82
454	80
455	80
456	79
457	78
458	80
459	78
460	77
461	81
462	81
463	82
464	82
465	82
466	81
467	82
468	81
469	79
470	79
471	82
472	84
473	83
474	80
475	81
476	79
477	77
478	78
479	78
480	80
481	79
482	79
483	78
484	81
485	79
486	82
487	79
488	81
489	81
490	80
491	79
492	80
493	79
494	81
495	81
496	82
497	80
498	81
499	82
500	79
501	78
502	80
503	81
504	80
505	80
506	80
507	81
508	82
509	79
510	81
511	83
512	81
513	82
514	83
515	80
516	81
517	81
518	85
519	80
520	79
521	79
522	82
523	80
524	81
525	82
526	80
527	82
528	83
529	78
530	81
531	81
532	83
533	82
534	80
535	82
536	83
537	82
538	81
539	82
540	83
541	83
542	81
543	81
544	84
545	81
546	83
547	81
548	81
549	83
550	81
551	80
552	82
553	83
554	81
555	82
556	81
557	84
558	84
559	85
560	81
561	82
562	83
563	81
564	82
565	81
566	83
567	85
568	85
569	82
570	79
571	79
572	79
573	82
574	80
575	82
576	78
577	79
578	80
579	79
580	79
581	81
582	81
583	78
584	76
585	77
586	77
587	79
588	82
589	81
590	81
591	81
592	83
593	80
594	79
595	82
596	82
597	84
598	84
599	83
600	81
601	80
602	82
603	81
604	83
605	81
606	78
607	82
608	82
609	84
610	83
611	81
612	84
613	80
614	80
615	79
616	81
617	81
618	80
619	83
620	84
621	83
622	83
623	82
624	83
625	80
626	81
627	81
628	83
629	83
630	80
631	82
632	81
633	84
634	81
635	82
636	80
637	84
638	84
639	80
640	85
641	83
642	82
643	80
644	81
645	81
646	82
647	81
648	82
649	84
650	81
651	82
652	81
653	79
654	78
655	81
656	78
657	81
658	82
659	80
660	76
661	76
662	80
663	82
664	79
665	81
666	81
667	80
668	80
669	79
670	77
671	79
672	83
673	82
674	83
675	82
676	80
677	79
678	78
679	77
680	83
681	82
682	83
683	78
684	81
685	78
686	81
687	79
688	79
689	80
690	78
691	80
692	84
693	83
694	80
695	81
696	81
697	80
698	83
699	82
700	82
701	82
702	81
703	76
704	80
705	81
706	80
707	81
708	78
709	82
710	84
711	80
712	82
713	84
714	78
715	81
716	79
717	79
718	79
719	79
720	80
721	82
722	83
723	84
724	83
725	82
726	81
727	82
728	80
729	79
730	77
731	79
732	78
733	77
734	76
735	76
736	78
737	79
738	79
739	81
740	78
741	79
742	82
743	82
744	83
745	83
746	81
747	81
748	78
749	80
750	83
751	79
752	80
753	80
754	80
755	81
756	77
757	81
758	82
759	82
760	83
761	82
762	82
763	83
764	82
765	83
766	80
767	78
768	81
769	79
770	77
771	79
772	81
773	80
774	79
775	80
776	82
777	83
778	81
779	81
780	79
781	82
782	78
783	81
784	80
785	82
786	81
787	83
788	80
789	82
790	82
791	81
792	80
793	78
794	78
795	77
796	78
797	78
798	82
799	83
800	79
801	78
802	79
803	79
804	79
805	78
806	80
807	79
808	81
809	80
810	78
811	78
812	79
813	83
814	83
815	81
816	82
817	84
818	82
819	83
820	82
821	82
822	82
823	79
824	77
825	78
826	81
827	84
828	82
829	81
830	82
831	84
832	82
833	80
834	81
835	80
836	79
837	77
838	77
839	81
840	80
841	81
842	81
843	83
844	83
845	80
846	84
847	82
848	79
849	80
850	81
851	83
852	81
853	82
854	81
855	81
856	79
857	81
858	78
859	79
860	79
861	77
862	79
863	83
864	80
865	79
866	79
867	82
868	80
869	82
870	82
871	78
872	78
873	77
874	78
875	77
876	80
877	80
878	79
879	80
880	81
881	80
882	81
883	80
884	82
885	84
886	80
887	81
888	83
889	80
890	80
891	80
892	81
893	80
894	79
895	79
896	79
897	82
898	83
899	81
900	82
901	79
902	79
903	81
904	83
905	82
906	81
907	82
908	81
909	78
910	79
911	79
912	79
913	80
914	79
915	80
916	80
917	80
918	80
919	79
920	81
921	79
922	80
923	79
924	79
925	79
926	81
927	78
928	79
929	79
930	80
931	80
932	79
933	82
934	79
935	81
936	81
937	81
938	80
939	80
940	78
941	79
942	82
943	79
944	79
945	82
946	82
947	80
948	79
949	81
950	80
951	78
952	80
953	79
954	81
955	81
956	81
957	80
958	80
959	81
960	81
961	82
962	80
963	82
964	84
965	82
966	80
967	80
968	79
969	78
970	80
971	82
972	81
973	81
974	79
975	79
976	78
977	83
978	82
979	80
980	81
981	82
982	82
983	80
984	79
985	80
986	82
987	81
988	84
989	83
990	83
991	82
992	80
993	81
994	81
995	82
996	80
997	79
998	78
999	80
1000	82
1001	80
1002	82
1003	79
1004	78
1005	80
1006	80
1007	80
1008	81
1009	82
1010	80
1011	81
1012	79
1013	80
1014	79
1015	81
1016	83
1017	82
1018	81
1019	83
1020	83
1021	84
1022	83
1023	83
1024	79
1025	81
1026	81
1027	82
1028	84
1029	82
1030	81
1031	79
1032	82
1033	79
1034	80
1035	81
1036	83
1037	83
1038	82
1039	81
1040	80
1041	80
1042	80
1043	81
1044	80
1045	82
1046	81
1047	82
1048	81
1049	83
1050	80
1051	79
1052	82
1053	82
1054	83
1055	78
1056	78
1057	79
1058	81
1059	79
1060	79
1061	84
1062	81
1063	78
1064	79
1065	80
1066	80
1067	81
1068	81
1069	80
1070	81
1071	81
1072	80
1073	79
1074	80
1075	78
1076	78
1077	79
1078	79
1079	78
1080	78
1081	79
1082	80
1083	79
1084	78
1085	81
1086	80
1087	81
1088	82
1089	81
1090	83
1091	81
1092	82
1093	80
1094	81
1095	79
1096	79
1097	81
1098	79
1099	78
1100	80
1101	81
1102	80
1103	80
1104	80
1105	80
1106	81
1107	80
1108	81
1109	79
1110	81
1111	78
1112	79
1113	79
1114	80
1115	80
1116	80
1117	82
1118	80
1119	81
1120	82
1121	81
1122	80
1123	82
1124	81
1125	83
1126	85
1127	82
1128	80
1129	80
1130	80
1131	82
1132	81
1133	82
1134	82
1135	79
1136	80
1137	82
1138	79
1139	82
1140	81
1141	81
1142	82
1143	79
1144	80
1145	81
1146	81
1147	81
1148	83
1149	82
1150	82
1151	81
1152	83
1153	77
1154	81
1155	80
1156	79
1157	80
1158	79
1159	81
1160	80
1161	81
1162	78
1163	80
1164	79
1165	80
1166	80
1167	79
1168	80
1169	80
1170	81
1171	81
1172	82
1173	80
1174	79
1175	83
1176	81
1177	82
1178	80
1179	82
1180	81
1181	79
1182	80
1183	82
1184	79
1185	79
1186	80
1187	79
1188	79
1189	79
1190	78
1191	81
1192	80
1193	79
1194	80
1195	80
1196	80
1197	79
1198	82
1199	82
1200	82
1201	81
1202	79
1203	81
1204	80
1205	79
1206	80
1207	82
1208	82
1209	82
1210	80
1211	80
1212	79
1213	82
1214	81
1215	82
1216	83
1217	82
1218	79
1219	79
1220	79
1221	79
1222	81
1223	81
1224	80
1225	81
1226	82
1227	79
1228	81
1229	81
1230	80
1231	79
1232	80
1233	82
1234	82
1235	80
1236	81
1237	81
1238	80
1239	80
1240	82
1241	80
1242	79
1243	81
1244	82
1245	81
1246	81
1247	81
1248	81
1249	82
1250	82
1251	81
1252	82
1253	81
1254	78
1255	79
1256	77
1257	78
1258	79
1259	82
1260	80
1261	79
1262	81
1263	84
1264	78
1265	80
1266	80
1267	81
1268	84
1269	82
1270	83
1271	81
1272	82
1273	80
1274	79
1275	81
1276	82
1277	80
1278	84
1279	83
1280	83
1281	82
1282	82
1283	81
1284	80
1285	80
1286	81
1287	83
1288	82
1289	82
1290	78
1291	79
1292	81
1293	80
1294	79
1295	82
1296	81
1297	80
1298	80
1299	81
1300	78
1301	79
1302	81
1303	80
1304	82
1305	79
1306	80
1307	80
1308	82
1309	78
1310	78
1311	79
1312	79
1313	81
1314	78
1315	79
1316	82
1317	80
1318	82
1319	81
1320	84
1321	81
1322	79
1323	79
1324	81
1325	81
1326	81
1327	81
1328	81
1329	82
1330	83
1331	82
1332	81
1333	80
1334	78
1335	81
1336	81
1337	80
1338	81
1339	84
1340	81
1341	83
1342	81
1343	77
1344	81
1345	84
1346	83
1347	84
1348	81
1349	81
1350	82
1351	82
1352	82
1353	81
1354	83
1355	83
1356	82
1357	83
1358	80
1359	81
1360	79
1361	81
1362	80
1363	82
1364	81
1365	83
1366	82
1367	80
1368	81
1369	81
1370	82
1371	83
1372	81
1373	80
1374	82
1375	82
1376	80
1377	81
1378	81
1379	85
1380	82
1381	83
1382	79
1383	79
1384	79
1385	80
1386	82
1387	84
1388	83
1389	80
1390	79
1391	82
1392	85
1393	83
1394	79
1395	80
1396	82
1397	84
1398	82
1399	82
1400	81
1401	81
1402	82
1403	80
1404	81
1405	81
1406	83
1407	81
1408	81
1409	80
1410	82
1411	81
1412	83
1413	82
1414	84
1415	82
1416	80
1417	80
1418	80
1419	80
1420	80
1421	82
1422	80
1423	80
1424	83
1425	83
1426	83
1427	82
1428	85
1429	86
1430	84
1431	84
1432	83
1433	84
1434	81
1435	82
1436	83
1437	85
1438	84
1439	84
1440	84
1441	82
1442	83
1443	83
1444	85
1445	84
1446	84
1447	84
1448	85
1449	83
1450	81
1451	81
1452	85
1453	85
1454	88
1455	83
1456	83
1457	84
1458	86
1459	86
1460	84
1461	83
1462	82
1463	82
1464	82
1465	82
1466	83
1467	83
1468	84
1469	84
1470	86
1471	86
1472	82
1473	82
1474	86
1475	84
1476	84
1477	84
1478	83
1479	81
1480	84
1481	83
1482	84
1483	83
1484	83
1485	85
1486	84
1487	84
1488	84
1489	83
1490	82
1491	83
1492	82
1493	85
1494	84
1495	82
1496	84
1497	84
1498	82
1499	83
1500	83
1501	83
1502	84
1503	82
1504	83
1505	86
1506	84
1507	86
1508	87
1509	86
1510	85
1511	84
1512	83
1513	82
1514	83
1515	82
1516	86
1517	85
1518	86
1519	86
1520	86
1521	85
1522	82
1523	84
1524	83
1525	83
1526	84
1527	85
1528	85
1529	85
1530	86
1531	87
1532	83
1533	87
1534	84
1535	84
1536	86
1537	86
1538	83
1539	86
1540	84
1541	84
1542	83
1543	83
1544	85
1545	86
1546	85
1547	85
1548	86
1549	86
1550	83
1551	84
1552	84
1553	81
1554	82
1555	84
1556	85
1557	84
1558	82
1559	81
1560	81
1561	83
1562	82
1563	83
1564	83
1565	84
1566	83
1567	84
1568	83
1569	85
1570	82
1571	82
1572	84
1573	82
1574	83
1575	84
1576	81
1577	83
1578	84
1579	81
1580	85
1581	84
1582	84
1583	83
1584	84
1585	85
1586	86
1587	88
1588	86
1589	84
1590	84
1591	85
1592	87
1593	85
1594	86
1595	86
1596	85
1597	84
1598	83
1599	83
1600	84
1601	85
1602	83
1603	81
1604	82
1605	82
1606	82
1607	81
1608	82
1609	83
1610	84
1611	84
1612	84
1613	87
1614	85
1615	84
1616	84
1617	83
1618	83
1619	81
1620	84
1621	82
1622	82
1623	83
1624	88
1625	87
1626	85
1627	87
1628	86
1629	86
1630	87
1631	86
1632	87
1633	86
1634	87
1635	87
1636	86
1637	87
1638	85
1639	86
1640	86
1641	89
1642	89
1643	89
1644	89
1645	89
1646	88
1647	89
1648	89
1649	88
1650	89
1651	86
1652	86
1653	85
1654	88
1655	89
1656	85
1657	84
1658	85
1659	85
1660	87
1661	88
1662	85
1663	86
1664	87
1665	83
1666	84
1667	88
1668	87
1669	87
1670	86
1671	87
1672	87
1673	86
1674	85
1675	84
1676	83
1677	82
1678	82
1679	83
1680	85
1681	86
1682	86
1683	83
1684	85
1685	86
1686	84
1687	85
1688	88
1689	87
1690	86
1691	86
1692	85
1693	86
1694	86
1695	87
1696	87
1697	87
1698	86
1699	87
1700	88
1701	86
1702	87
1703	85
1704	86
1705	88
1706	88
1707	86
1708	86
1709	85
1710	86
1711	87
1712	88
1713	85
1714	89
1715	90
1716	89
1717	87
1718	87
1719	85
1720	84
1721	88
1722	84
1723	86
1724	85
1725	85
1726	83
1727	84
1728	84
1729	86
1730	86
1731	88
1732	85
1733	85
1734	85
1735	85
1736	86
1737	86
1738	84
1739	87
1740	87
1741	87
1742	87
1743	86
1744	86
1745	87
1746	87
1747	86
1748	85
1749	86
1750	85
1751	88
1752	87
1753	87
1754	86
1755	86
1756	85
1757	86
1758	86
1759	84
1760	84
1761	86
1762	86
1763	86
1764	86
1765	87
1766	88
1767	89
1768	90
1769	86
1770	84
1771	86
1772	86
1773	86
1774	86
1775	87
1776	87
1777	87
1778	89
1779	90
1780	90
1781	87
1782	87
1783	87
1784	86
1785	88
1786	85
1787	88
1788	88
1789	84
1790	85
1791	85
1792	86
1793	87
1794	87
1795	88
1796	87
1797	86
1798	86
1799	86
1800	87
1801	86
1802	87
1803	87
1804	86
1805	87
1806	86
1807	85
1808	87
1809	84
1810	86
1811	86
1812	85
1813	85
1814	86
1815	84
1816	84
1817	86
1818	87
1819	87
1820	87
1821	85
1822	86
1823	85
1824	87
1825	88
1826	84
1827	85
1828	86
1829	86
1830	86
1831	88
1832	88
1833	87
1834	88
1835	88
1836	84
1837	84
1838	83
1839	87
1840	85
1841	87
1842	85
1843	85
1844	85
1845	85
1846	86
1847	86
1848	87
1849	85
1850	85
1851	85
1852	86
1853	85
1854	86
1855	88
1856	89
1857	86
1858	86
1859	87
1860	88
1861	90
1862	86
1863	88
1864	89
1865	86
1866	89
1867	88
1868	89
1869	87
1870	89
1871	88
1872	89
1873	85
1874	86
1875	86
1876	86
1877	85
1878	87
1879	86
1880	84
1881	85
1882	86
1883	86
1884	86
1885	88
1886	87
1887	87
1888	87
1889	88
1890	87
1891	88
1892	86
1893	88
1894	87
1895	88
1896	88
1897	86
1898	86
1899	85
1900	86
1901	88
1902	86
1903	84
1904	84
1905	86
1906	84
1907	85
1908	86
1909	85
1910	86
1911	86
1912	86
1913	89
1914	88
1915	89
1916	89
1917	88
1918	90
1919	89
1920	86
1921	85
1922	87
1923	86
1924	86
1925	86
1926	88
1927	86
1928	88
1929	87
1930	87
1931	86
1932	87
1933	87
1934	88
1935	87
1936	84
1937	85
1938	85
1939	87
1940	86
1941	85
1942	86
1943	86
1944	87
1945	85
1946	85
1947	86
1948	85
1949	87
1950	87
1951	86
1952	88
1953	89
1954	90
1955	89
1956	89
1957	85
1958	86
1959	86
1960	86
1961	87
1962	84
1963	84
1964	84
1965	82
1966	86
1967	86
1968	87
1969	85
1970	85
1971	85
1972	85
1973	83
1974	84
1975	85
1976	85
1977	88
1978	88
1979	89
1980	89
1981	86
1982	87
1983	86
1984	85
1985	84
1986	83
1987	86
1988	85
1989	85
1990	85
1991	87
1992	89
1993	89
1994	86
1995	86
1996	87
1997	86
1998	89
1999	87
2000	89
2001	88
2002	89
2003	89
2004	87
2005	90
2006	90
2007	89
2008	87
2009	87
2010	88
2011	89
2012	89
2013	86
2014	86
2015	86
2016	86
2017	85
2018	84
2019	85
2020	86
2021	87
2022	90
2023	90
2024	89
2025	89
2026	89
2027	89
2028	87
2029	87
2030	85
2031	86
2032	86
2033	86
2034	86
2035	87
2036	88
2037	88
2038	87
2039	87
2040	89
2041	89
2042	87
2043	87
2044	88
2045	88
2046	86
2047	88
2048	85
2049	85
2050	85
2051	84
2052	86
2053	85
2054	84
2055	85
2056	86
2057	85
2058	85
2059	85
2060	85
2061	84
2062	87
2063	86
2064	87
2065	87
2066	86
2067	88
2068	87
2069	86
2070	86
2071	89
2072	87
2073	89
2074	89
2075	88
2076	89
2077	90
2078	90
2079	87
2080	85
2081	87
2082	86
2083	89
2084	92
2085	88
2086	90
2087	92
2088	90
2089	89
2090	90
2091	89
2092	90
2093	89
2094	90
2095	92
2096	91
2097	87
2098	89
2099	89
2100	89
2101	90
2102	91
2103	90
2104	91
2105	91
2106	91
2107	91
2108	91
2109	89
2110	91
2111	91
2112	89
2113	89
2114	88
2115	89
2116	88
2117	90
2118	88
2119	87
2120	90
2121	90
2122	90
2123	91
2124	91
2125	86
2126	89
2127	91
2128	88
2129	88
2130	90
2131	88
2132	89
2133	90
2134	90
2135	89
2136	90
2137	90
2138	89
2139	91
2140	88
2141	89
2142	88
2143	88
2144	92
2145	90
2146	91
2147	92
2148	92
2149	89
2150	88
2151	90
2152	89
2153	90
2154	90
2155	91
2156	92
2157	90
2158	89
2159	94
2160	91
2161	91
2162	91
2163	91
2164	91
2165	90
2166	90
2167	90
2168	91
2169	91
2170	92
2171	91
2172	91
2173	90
2174	90
2175	92
2176	90
2177	89
2178	90
2179	91
2180	91
2181	89
2182	89
2183	90
2184	91
2185	92
2186	90
2187	90
2188	89
2189	88
2190	90
2191	90
2192	91
2193	90
2194	92
2195	91
2196	93
2197	92
2198	91
2199	90
2200	90
2201	92
2202	93
2203	91
2204	94
2205	93
2206	92
2207	88
2208	89
2209	90
2210	89
2211	90
2212	87
2213	90
2214	90
2215	89
2216	89
2217	90
2218	89
2219	85
2220	85
2221	87
2222	88
2223	89
2224	86
2225	87
2226	87
2227	89
2228	89
2229	88
2230	90
2231	91
2232	93
2233	93
2234	92
2235	92
2236	90
2237	90
2238	91
2239	89
2240	94
2241	93
2242	91
2243	90
2244	92
2245	88
2246	89
2247	89
2248	89
2249	89
2250	89
2251	91
2252	90
2253	91
2254	92
2255	89
2256	90
2257	91
2258	92
2259	92
2260	90
2261	90
2262	90
2263	90
2264	90
2265	93
2266	93
2267	93
2268	92
2269	94
2270	92
2271	92
2272	90
2273	88
2274	91
2275	88
2276	89
2277	90
2278	92
2279	91
2280	90
2281	88
2282	89
2283	89
2284	91
2285	91
2286	92
2287	89
2288	91
2289	90
2290	89
2291	87
2292	87
2293	89
2294	93
2295	91
2296	89
2297	87
2298	89
2299	88
2300	89
2301	88
2302	88
2303	90
2304	91
2305	89
2306	90
2307	90
2308	89
2309	89
2310	90
2311	89
2312	93
2313	95
2314	93
2315	93
2316	92
2317	96
2318	93
2319	91
2320	92
2321	93
2322	93
2323	92
2324	93
2325	92
2326	92
2327	93
2328	93
2329	94
2330	93
2331	93
2332	95
2333	94
2334	97
2335	93
2336	93
2337	94
2338	93
2339	95
2340	94
2341	91
2342	92
2343	93
2344	93
2345	93
2346	94
2347	95
2348	94
2349	95
2350	91
2351	92
2352	92
2353	91
2354	93
2355	91
2356	87
2357	91
2358	89
2359	88
2360	92
2361	90
2362	92
2363	94
2364	95
2365	91
2366	93
2367	92
2368	88
2369	92
2370	91
2371	90
2372	91
2373	91
2374	92
2375	93
2376	94
2377	93
2378	93
2379	95
2380	91
2381	93
2382	92
2383	92
2384	93
2385	93
2386	92
2387	93
2388	93
2389	93
2390	93
2391	92
2392	92
2393	94
2394	95
2395	94
2396	94
2397	93
2398	94
2399	93
2400	94
2401	94
2402	95
2403	93
2404	92
2405	92
2406	91
2407	90
2408	94
2409	91
2410	93
2411	94
2412	93
2413	92
2414	93
2415	93
2416	93
2417	93
2418	92
2419	93
2420	95
2421	93
2422	92
2423	96
2424	94
2425	92
2426	93
2427	92
2428	93
2429	92
2430	92
2431	92
2432	95
2433	94
2434	92
2435	92
2436	92
2437	93
2438	92
2439	92
2440	93
2441	94
2442	94
2443	93
2444	93
2445	92
2446	94
2447	93
2448	91
2449	94
2450	92
2451	93
2452	93
2453	91
2454	94
2455	92
2456	91
2457	96
2458	94
2459	94
2460	94
2461	91
2462	91
2463	96
2464	93
2465	93
2466	94
2467	93
2468	94
2469	94
2470	93
2471	94
2472	95
2473	95
2474	94
2475	92
2476	91
2477	95
2478	91
2479	91
2480	93
2481	97
2482	92
2483	91
2484	93
2485	92
2486	90
2487	91
2488	90
2489	92
2490	93
2491	93
2492	95
2493	93
2494	95
2495	94
2496	93
2497	94
2498	95
2499	97
2500	94
2501	95
2502	98
2503	96
2504	97
2505	93
2506	96
2507	95
2508	93
2509	95
2510	96
2511	99
2512	97
2513	97
2514	97
2515	96
2516	96
2517	98
2518	95
2519	93
2520	93
2521	96
2522	95
2523	95
2524	99
2525	97
2526	98
2527	98
2528	97
2529	97
2530	97
2531	99
2532	99
2533	99
2534	98
2535	94
2536	94
2537	96
2538	98
2539	97
2540	95
2541	99
2542	97
2543	97
2544	95
2545	94
2546	94
2547	94
2548	96
2549	95
2550	94
2551	95
2552	96
2553	92
2554	94
2555	92
2556	96
2557	96
2558	96
2559	94
2560	95
2561	94
2562	96
2563	96
2564	96
2565	96
2566	96
2567	93
2568	94
2569	94
2570	96
2571	96
2572	98
2573	98
2574	97
2575	96
2576	96
2577	95
2578	96
2579	96
2580	96
2581	96
2582	95
2583	96
2584	95
2585	95
2586	95
2587	93
2588	91
2589	96
2590	97
2591	98
2592	95
2593	97
2594	97
2595	96
2596	93
2597	93
2598	93
2599	95
2600	97
2601	96
2602	96
2603	95
2604	95
2605	97
2606	96
2607	95
2608	97
2609	98
2610	98
2611	96
2612	98
2613	98
2614	95
2615	97
2616	93
2617	93
2618	97
2619	97
2620	96
2621	98
2622	97
2623	99
2624	97
2625	95
2626	96
2627	97
2628	96
2629	95
2630	96
2631	96
2632	93
2633	95
2634	96
2635	93
2636	95
2637	94
2638	97
2639	97
2640	98
2641	94
2642	96
2643	93
2644	94
2645	93
2646	94
2647	93
2648	91
2649	94
2650	95
2651	97
2652	96
2653	97
2654	95
2655	100
2656	100
2657	98
2658	97
2659	96
2660	96
2661	94
2662	96
2663	97
2664	96
2665	94
2666	95
2667	96
2668	97
2669	95
2670	93
2671	95
2672	95
2673	96
2674	96
2675	97
2676	99
2677	98
2678	96
2679	94
2680	95
2681	94
2682	92
2683	92
2684	93
2685	94
2686	97
2687	96
2688	97
2689	98
2690	98
2691	97
2692	96
2693	96
2694	96
2695	100
2696	100
2697	97
2698	95
2699	98
2700	96
2701	96
2702	95
2703	95
2704	95
2705	98
2706	98
2707	96
2708	98
2709	99
2710	99
2711	97
2712	95
2713	97
2714	96
2715	95
2716	96
2717	95
2718	97
2719	95
2720	95
2721	93
2722	95
2723	95
2724	97
2725	98
2726	94
2727	96
2728	98
2729	96
2730	95
2731	95
2732	97
2733	96
2734	96
2735	95
2736	96
2737	95
2738	96
2739	98
2740	95
2741	96
2742	95
2743	96
2744	95
2745	96
2746	96
2747	96
2748	96
2749	93
2750	97
2751	95
2752	97
2753	96
2754	98
2755	95
2756	95
2757	96
2758	96
2759	96
2760	97
2761	98
2762	98
2763	94
2764	95
2765	95
2766	97
2767	95
2768	94
2769	94
2770	95
2771	96
2772	98
2773	97
2774	98
2775	94
2776	95
2777	96
2778	95
2779	96
2780	97
2781	96
2782	97
2783	94
2784	94
2785	93
2786	95
2787	97
2788	97
2789	96
2790	100
2791	98
2792	99
2793	99
2794	98
2795	96
2796	99
2797	95
2798	95
2799	95
2800	94
2801	94
2802	95
2803	95
2804	95
2805	96
2806	98
2807	95
2808	97
2809	96
2810	96
2811	97
2812	97
2813	98
2814	98
2815	98
2816	96
2817	98
2818	95
2819	98
2820	95
2821	95
2822	96
2823	100
2824	100
2825	96
2826	95
2827	96
2828	96
2829	94
2830	96
2831	97
2832	97
2833	97
2834	94
2835	93
2836	96
2837	96
2838	95
2839	98
2840	98
2841	96
2842	98
2843	95
2844	97
2845	95
2846	96
2847	98
2848	98
2849	97
2850	98
2851	97
2852	95
2853	94
2854	95
2855	97
2856	98
2857	97
2858	96
2859	96
2860	97
2861	95
2862	95
2863	94
2864	95
2865	97
2866	99
2867	98
2868	97
2869	94
2870	94
2871	96
2872	95
2873	96
2874	97
2875	97
2876	95
2877	94
2878	95
2879	95
2880	98
2881	97
2882	95
2883	97
2884	96
2885	93
2886	95
2887	96
2888	94
2889	95
2890	94
2891	95
2892	94
2893	95
2894	96
2895	94
2896	94
2897	92
2898	96
2899	96
2900	99
2901	98
2902	98
2903	94
2904	92
2905	95
2906	96
2907	95
2908	98
2909	94
2910	95
2911	96
2912	97
2913	95
2914	92
2915	95
2916	93
2917	93
2918	95
2919	95
2920	93
2921	95
2922	95
2923	95
2924	97
2925	98
2926	99
2927	96
2928	98
2929	96
2930	95
2931	94
2932	96
2933	99
2934	97
2935	92
2936	92
2937	92
2938	91
2939	92
2940	94
2941	94
2942	94
2943	95
2944	96
2945	97
2946	96
2947	94
2948	96
2949	99
2950	96
2951	95
2952	98
2953	96
2954	98
2955	97
2956	96
2957	95
2958	92
2959	95
2960	96
2961	93
2962	92
2963	93
2964	94
2965	95
2966	96
2967	97
2968	97
2969	97
2970	94
2971	96
2972	96
2973	94
2974	96
2975	95
2976	97
2977	95
2978	94
2979	94
2980	92
2981	94
2982	96
2983	96
2984	93
2985	94
2986	95
2987	96
2988	97
2989	97
2990	94
2991	96
2992	96
2993	95
2994	94
2995	95
2996	95
2997	94
2998	97
2999	94
3000	94
3001	96
3002	95
3003	96
3004	97
3005	98
3006	96
3007	97
3008	96
3009	98
3010	99
3011	99
3012	97
3013	96
3014	95
3015	95
3016	97
3017	95
3018	94
3019	98
3020	98
3021	93
3022	96
3023	97
3024	97
3025	94
3026	94
3027	96
3028	96
3029	95
3030	94
3031	96
3032	97
3033	94
3034	94
3035	92
3036	94
3037	96
3038	96
3039	94
3040	95
3041	97
3042	97
3043	93
3044	94
3045	94
3046	93
3047	91
3048	93
3049	94
3050	93
3051	95
3052	98
3053	98
3054	95
3055	97
3056	93
3057	93
3058	96
3059	95
3060	96
3061	97
3062	94
3063	94
3064	94
3065	93
3066	96
3067	97
3068	99
3069	97
3070	98
3071	98
3072	99
3073	97
3074	96
3075	97
3076	99
3077	99
3078	98
3079	95
3080	96
3081	95
3082	94
3083	95
3084	97
3085	93
3086	96
3087	95
3088	98
3089	95
3090	98
3091	96
3092	96
3093	94
3094	95
3095	93
3096	96
3097	93
3098	97
3099	94
3100	92
3101	91
3102	95
3103	95
3104	96
3105	97
3106	95
3107	94
3108	97
3109	95
3110	96
3111	97
3112	97
3113	93
3114	94
3115	93
3116	92
3117	94
3118	94
3119	93
3120	93
3121	96
3122	97
3123	97
3124	97
3125	95
3126	94
3127	93
3128	96
3129	95
3130	97
3131	96
3132	94
3133	92
3134	97
3135	95
3136	94
3137	96
3138	94
3139	93
3140	95
3141	95
3142	94
3143	96
3144	95
3145	94
3146	96
3147	95
3148	96
3149	95
3150	97
3151	95
3152	94
3153	94
3154	91
3155	96
3156	95
3157	93
3158	92
3159	94
3160	93
3161	95
3162	98
3163	97
3164	97
3165	95
3166	97
3167	98
3168	98
3169	97
3170	96
3171	98
3172	98
3173	96
3174	96
3175	96
3176	98
3177	99
3178	94
3179	94
3180	96
3181	96
3182	96
3183	96
3184	95
3185	97
3186	97
3187	97
3188	98
3189	97
3190	99
3191	94
3192	94
3193	95
3194	95
3195	94
3196	93
3197	94
3198	97
3199	99
3200	97
3201	97
3202	95
3203	92
3204	97
3205	94
3206	96
3207	97
3208	97
3209	94
3210	92
3211	95
3212	97
3213	95
3214	96
3215	96
3216	94
3217	94
3218	97
3219	96
3220	97
3221	96
3222	96
3223	93
3224	96
3225	96
3226	95
3227	95
3228	98
3229	94
3230	93
3231	95
3232	97
3233	95
3234	95
3235	96
3236	99
3237	96
3238	95
3239	95
3240	92
3241	89
3242	92
3243	93
3244	93
3245	94
3246	94
3247	95
3248	94
3249	95
3250	92
3251	95
3252	95
3253	95
3254	95
3255	96
3256	96
3257	97
3258	95
3259	96
3260	97
3261	96
3262	94
3263	94
3264	94
3265	95
3266	95
3267	97
3268	95
3269	95
3270	94
3271	93
3272	96
3273	97
3274	97
3275	94
3276	93
3277	95
3278	95
3279	95
3280	94
3281	94
3282	93
3283	93
3284	97
3285	97
3286	96
3287	96
3288	97
3289	99
3290	100
3291	100
3292	99
3293	99
3294	99
3295	95
3296	95
3297	95
3298	97
3299	96
3300	96
3301	96
3302	95
3303	94
3304	96
3305	96
3306	96
3307	96
3308	97
3309	94
3310	98
3311	99
3312	95
3313	95
3314	95
3315	94
3316	95
3317	94
3318	93
3319	93
3320	93
3321	95
3322	95
3323	93
3324	93
3325	96
3326	94
3327	93
3328	93
3329	94
3330	95
3331	95
3332	96
3333	95
3334	95
3335	95
3336	98
3337	96
3338	97
3339	97
3340	95
3341	95
3342	93
3343	96
3344	97
3345	95
3346	95
3347	96
3348	92
3349	95
3350	95
3351	94
3352	95
3353	99
3354	97
3355	94
3356	93
3357	95
3358	96
3359	98
3360	93
3361	96
3362	98
3363	97
3364	98
3365	96
3366	96
3367	95
3368	94
3369	95
3370	96
3371	97
3372	95
3373	96
3374	94
3375	97
3376	94
3377	96
3378	98
3379	97
3380	99
3381	98
3382	97
3383	95
3384	97
3385	97
3386	96
3387	97
3388	95
3389	96
3390	95
3391	97
3392	99
3393	97
3394	98
3395	98
3396	96
3397	94
3398	94
3399	95
3400	95
3401	98
3402	99
3403	100
3404	95
3405	95
3406	95
3407	95
3408	93
3409	96
3410	97
3411	101
3412	50
3413	51
3414	51
3415	49
3416	51
3417	50
3418	47
3419	47
3420	50
3421	51
3422	51
3423	51
3424	51
3425	50
3426	51
3427	53
3428	52
3429	49
3430	51
3431	53
3432	51
3433	53
3434	50
3435	50
3436	51
3437	51
3438	51
3439	51
3440	52
3441	50
3442	48
3443	51
3444	51
3445	52
3446	49
3447	50
3448	52
3449	53
3450	51
3451	51
3452	49
3453	50
3454	48
3455	50
3456	51
3457	52
3458	51
3459	51
3460	49
3461	52
3462	52
3463	50
3464	48
3465	46
3466	45
3467	47
3468	47
3469	50
3470	48
3471	48
3472	50
3473	53
3474	50
3475	49
3476	49
3477	49
3478	53
3479	53
3480	51
3481	49
3482	50
3483	53
3484	54
3485	54
3486	54
3487	50
3488	52
3489	51
3490	53
3491	49
3492	49
3493	50
3494	45
3495	46
3496	50
3497	49
3498	49
3499	49
3500	47
3501	47
3502	47
3503	50
3504	52
3505	51
3506	47
3507	45
3508	45
3509	44
3510	47
3511	50
3512	47
3513	47
3514	48
3515	48
3516	51
3517	48
3518	48
3519	46
3520	50
3521	53
3522	50
3523	51
3524	51
3525	50
3526	52
3527	50
3528	53
3529	50
3530	51
3531	50
3532	47
3533	46
3534	49
3535	49
3536	50
3537	49
3538	50
3539	48
3540	48
3541	49
3542	50
3543	53
3544	48
3545	50
3546	50
3547	48
3548	49
3549	49
3550	51
3551	49
3552	48
3553	52
3554	50
3555	48
3556	48
3557	51
3558	49
3559	48
3560	48
3561	48
3562	52
3563	51
3564	49
3565	50
3566	51
3567	51
3568	51
3569	49
3570	49
3571	52
3572	51
3573	53
3574	53
3575	51
3576	52
3577	52
3578	49
3579	52
3580	48
3581	49
3582	49
3583	46
3584	48
3585	48
3586	47
3587	53
3588	50
3589	50
3590	51
3591	51
3592	49
3593	49
3594	49
3595	50
3596	48
3597	48
3598	48
3599	49
3600	48
3601	51
3602	51
3603	46
3604	46
3605	48
3606	52
3607	48
3608	48
3609	52
3610	49
3611	49
3612	49
3613	48
3614	48
3615	52
3616	51
3617	50
3618	51
3619	51
3620	53
3621	48
3622	52
3623	48
3624	51
3625	52
3626	53
3627	51
3628	49
3629	48
3630	48
3631	48
3632	51
3633	50
3634	51
3635	50
3636	51
3637	53
3638	49
3639	49
3640	47
3641	46
3642	51
3643	48
3644	49
3645	48
3646	49
3647	50
3648	47
3649	47
3650	47
3651	48
3652	50
3653	52
3654	52
3655	50
3656	51
3657	51
3658	54
3659	51
3660	53
3661	51
3662	50
3663	51
3664	52
3665	51
3666	52
3667	51
3668	54
3669	51
3670	50
3671	53
3672	53
3673	53
3674	52
3675	55
3676	54
3677	54
3678	53
3679	52
3680	54
3681	53
3682	51
3683	50
3684	48
3685	51
3686	53
3687	50
3688	55
3689	53
3690	54
3691	56
3692	56
3693	58
3694	57
3695	56
3696	56
3697	59
3698	57
3699	57
3700	53
3701	53
3702	56
3703	54
3704	56
3705	55
3706	56
3707	59
3708	57
3709	57
3710	56
3711	57
3712	56
3713	56
3714	58
3715	56
3716	57
3717	53
3718	54
3719	53
3720	54
3721	52
3722	54
3723	55
3724	56
3725	57
3726	55
3727	54
3728	56
3729	55
3730	56
3731	58
3732	57
3733	55
3734	60
3735	56
3736	55
3737	58
3738	58
3739	58
3740	61
3741	62
3742	63
3743	62
3744	63
3745	61
3746	62
3747	60
3748	60
3749	61
3750	61
3751	61
3752	60
3753	62
3754	62
3755	60
3756	59
3757	58
3758	60
3759	59
3760	59
3761	61
3762	62
3763	62
3764	62
3765	61
3766	58
3767	58
3768	61
3769	59
3770	62
3771	60
3772	58
3773	60
3774	61
3775	62
3776	61
3777	60
3778	62
3779	59
3780	62
3781	63
3782	59
3783	59
3784	58
3785	60
3786	61
3787	60
3788	59
3789	57
3790	59
3791	61
3792	59
3793	58
3794	55
3795	59
3796	61
3797	59
3798	60
3799	60
3800	60
3801	60
3802	59
3803	62
3804	62
3805	63
3806	58
3807	59
3808	57
3809	59
3810	58
3811	60
3812	59
3813	59
3814	60
3815	61
3816	60
3817	60
3818	59
3819	61
3820	56
3821	60
3822	57
3823	57
3824	57
3825	60
3826	60
3827	61
3828	61
3829	61
3830	61
3831	60
3832	60
3833	60
3834	58
3835	59
3836	59
3837	60
3838	58
3839	58
3840	59
3841	62
3842	60
3843	64
3844	62
3845	62
3846	60
3847	62
3848	59
3849	61
3850	60
3851	59
3852	61
3853	62
3854	63
3855	62
3856	63
3857	60
3858	61
3859	62
3860	65
3861	61
3862	63
3863	62
3864	63
3865	63
3866	64
3867	64
3868	65
3869	64
3870	62
3871	61
3872	62
3873	63
3874	64
3875	65
3876	62
3877	63
3878	61
3879	60
3880	63
3881	63
3882	64
3883	62
3884	63
3885	63
3886	65
3887	64
3888	64
3889	62
3890	63
3891	62
3892	60
3893	60
3894	63
3895	62
3896	63
3897	64
3898	63
3899	63
3900	65
3901	64
3902	66
3903	62
3904	63
3905	62
3906	61
3907	60
3908	60
3909	61
3910	62
3911	61
3912	63
3913	62
3914	64
3915	60
3916	60
3917	63
3918	64
3919	62
3920	65
3921	66
3922	63
3923	58
3924	59
3925	60
3926	58
3927	57
3928	54
3929	55
3930	55
3931	58
3932	59
3933	61
3934	57
3935	58
3936	57
3937	56
3938	55
3939	54
3940	54
3941	53
3942	53
3943	53
3944	51
3945	54
3946	55
3947	56
3948	55
3949	55
3950	53
3951	55
3952	53
3953	52
3954	50
3955	52
3956	54
3957	52
3958	55
3959	56
3960	56
3961	54
3962	54
3963	55
3964	54
3965	56
3966	56
3967	55
3968	55
3969	55
3970	56
3971	55
3972	54
3973	53
3974	55
3975	56
3976	57
3977	56
3978	56
3979	56
3980	54
3981	54
3982	54
3983	52
3984	52
3985	51
3986	52
3987	50
3988	51
3989	53
3990	53
3991	52
3992	53
3993	51
3994	52
3995	52
3996	51
3997	52
3998	53
3999	52
4000	52
4001	53
4002	53
4003	53
4004	54
4005	54
4006	54
4007	54
4008	52
4009	52
4010	52
4011	52
4012	51
4013	52
4014	53
4015	52
4016	52
4017	52
4018	52
4019	53
4020	52
4021	52
4022	52
4023	53
4024	53
4025	52
4026	52
4027	52
4028	52
4029	52
4030	52
4031	52
4032	52
4033	52
4034	52
4035	52
4036	52
4037	52
4038	52
4039	50
4040	49
4041	51
4042	51
4043	52
4044	50
4045	51
4046	51
4047	53
4048	53
4049	54
4050	56
4051	55
4052	54
4053	56
4054	56
4055	55
4056	54
4057	56
4058	56
4059	59
4060	59
4061	58
4062	57
4063	57
4064	58
4065	58
4066	58
4067	57
4068	57
4069	57
4070	57
4071	57
4072	56
4073	57
4074	57
4075	57
4076	56
4077	56
4078	56
4079	55
4080	54
4081	54
4082	53
4083	53
4084	53
4085	53
4086	53
4087	54
4088	54
4089	55
4090	55
4091	56
4092	56
4093	55
4094	56
4095	55
4096	55
4097	57
4098	56
4099	57
4100	57
4101	57
4102	57
4103	57
4104	57
4105	57
4106	57
4107	57
4108	57
4109	59
4110	60
4111	59
4112	60
4113	60
4114	60
4115	60
4116	60
4117	59
4118	59
4119	61
4120	61
4121	59
4122	60
4123	61
4124	59
4125	56
4126	56
4127	55
4128	54
4129	54
4130	56
4131	58
4132	59
4133	57
4134	57
4135	53
4136	54
4137	55
4138	54
4139	55
4140	55
4141	54
4142	54
4143	54
4144	53
4145	56
4146	54
4147	54
4148	53
4149	53
4150	51
4151	52
4152	53
4153	52
4154	53
4155	53
4156	51
4157	50
4158	50
4159	50
4160	50
4161	50
4162	50
4163	50
4164	52
4165	55
4166	53
4167	53
4168	51
4169	49
4170	52
4171	50
4172	49
4173	49
4174	50
4175	52
4176	52
4177	51
4178	51
4179	51
4180	51
4181	51
4182	51
4183	51
4184	51
4185	50
4186	51
4187	50
4188	48
4189	48
4190	49
4191	51
4192	51
4193	51
4194	48
4195	48
4196	50
4197	52
4198	51
4199	52
4200	53
4201	49
4202	52
4203	51
4204	49
4205	51
4206	51
4207	53
4208	53
4209	52
4210	55
4211	56
4212	55
4213	55
4214	55
4215	54
4216	56
4217	57
4218	57
4219	57
4220	56
4221	56
4222	57
4223	56
4224	56
4225	57
4226	57
4227	57
4228	57
4229	54
4230	53
4231	55
4232	55
4233	56
4234	56
4235	57
4236	58
4237	58
4238	62
4239	60
4240	55
4241	54
4242	53
4243	58
4244	59
4245	58
4246	58
4247	57
4248	57
4249	55
4250	55
4251	54
4252	54
4253	55
4254	55
4255	55
4256	55
4257	56
4258	57
4259	56
4260	57
4261	57
4262	58
4263	58
4264	58
4265	58
4266	57
4267	55
4268	55
4269	56
4270	56
4271	55
4272	55
4273	55
4274	54
4275	52
4276	53
4277	53
4278	53
4279	53
4280	54
4281	54
4282	55
4283	55
4284	55
4285	56
4286	57
4287	59
4288	59
4289	59
4290	57
4291	57
4292	56
4293	57
4294	57
4295	58
4296	56
4297	55
4298	55
4299	53
4300	52
4301	54
4302	55
4303	52
4304	54
4305	54
4306	56
4307	56
4308	56
4309	57
4310	56
4311	56
4312	57
4313	57
4314	57
4315	56
4316	57
4317	60
4318	59
4319	56
4320	56
4321	55
4322	56
4323	58
4324	61
4325	60
4326	57
4327	57
4328	61
4329	64
4330	61
4331	61
4332	62
4333	59
4334	59
4335	59
4336	61
4337	60
4338	59
4339	58
4340	61
4341	60
4342	64
4343	62
4344	61
4345	60
4346	59
4347	61
4348	61
4349	64
4350	59
4351	60
4352	63
4353	61
4354	61
4355	62
4356	60
4357	60
4358	60
4359	60
4360	60
4361	61
4362	60
4363	61
4364	59
4365	58
4366	61
4367	60
4368	62
4369	61
4370	63
4371	62
4372	62
4373	62
4374	61
4375	60
4376	60
4377	61
4378	60
4379	61
4380	64
4381	63
4382	61
4383	63
4384	62
4385	57
4386	60
4387	58
4388	61
4389	61
4390	60
4391	63
4392	63
4393	62
4394	63
4395	64
4396	65
4397	63
4398	62
4399	64
4400	63
4401	61
4402	61
4403	60
4404	62
4405	62
4406	61
4407	62
4408	60
4409	59
4410	59
4411	60
4412	60
4413	60
4414	60
4415	60
4416	61
4417	62
4418	62
4419	61
4420	59
4421	62
4422	60
4423	61
4424	63
4425	60
4426	63
4427	63
4428	63
4429	60
4430	61
4431	60
4432	60
4433	60
4434	58
4435	58
4436	59
4437	61
4438	62
4439	66
4440	65
4441	63
4442	63
4443	63
4444	62
4445	63
4446	63
4447	62
4448	62
4449	61
4450	62
4451	60
4452	61
4453	62
4454	59
4455	60
4456	62
4457	62
4458	61
4459	61
4460	60
4461	61
4462	61
4463	62
4464	61
4465	62
4466	62
4467	62
4468	61
4469	60
4470	62
4471	61
4472	62
4473	62
4474	63
4475	61
4476	62
4477	62
4478	63
4479	62
4480	63
4481	62
4482	61
4483	61
4484	65
4485	65
4486	64
4487	63
4488	62
4489	64
4490	62
4491	61
4492	64
4493	61
4494	62
4495	63
4496	64
4497	66
4498	66
4499	67
4500	64
4501	69
4502	65
4503	63
4504	67
4505	67
4506	65
4507	69
4508	67
4509	67
4510	71
4511	71
4512	68
4513	66
4514	70
4515	69
4516	70
4517	70
4518	70
4519	69
4520	70
4521	70
4522	72
4523	70
4524	70
4525	70
4526	69
4527	73
4528	75
4529	74
4530	76
4531	77
4532	72
4533	75
4534	73
4535	74
4536	72
4537	73
4538	74
4539	75
4540	74
4541	75
4542	74
4543	74
4544	76
4545	77
4546	75
4547	74
4548	74
4549	78
4550	78
4551	78
4552	77
4553	76
4554	78
4555	76
4556	75
4557	70
4558	76
4559	75
4560	78
4561	79
4562	76
4563	76
4564	77
4565	75
4566	73
4567	74
4568	75
4569	76
4570	78
4571	74
4572	73
4573	73
4574	74
4575	76
4576	79
4577	77
4578	75
4579	75
4580	77
4581	78
4582	79
4583	76
4584	78
4585	78
4586	76
4587	76
4588	77
4589	77
4590	77
4591	75
4592	78
4593	78
4594	78
4595	78
4596	76
4597	76
4598	76
4599	76
4600	76
4601	74
4602	76
4603	79
4604	75
4605	81
4606	79
4607	77
4608	80
4609	81
4610	83
4611	79
4612	78
4613	81
4614	80
4615	79
4616	77
4617	80
4618	81
4619	80
4620	79
4621	79
4622	77
4623	79
4624	82
4625	80
4626	79
4627	81
4628	79
4629	82
4630	80
4631	79
4632	80
4633	78
4634	78
4635	78
4636	77
4637	79
4638	77
4639	78
4640	81
4641	81
4642	80
4643	81
4644	79
4645	80
4646	79
4647	80
4648	79
4649	79
4650	78
4651	80
4652	81
4653	79
4654	76
4655	76
4656	78
4657	79
4658	82
4659	81
4660	81
4661	82
4662	81
4663	80
4664	79
4665	81
4666	78
4667	81
4668	80
4669	79
4670	79
4671	77
4672	80
4673	80
4674	81
4675	79
4676	78
4677	79
4678	81
4679	81
4680	79
4681	82
4682	81
4683	79
4684	81
4685	78
4686	84
4687	82
4688	81
4689	80
4690	82
4691	83
4692	85
4693	84
4694	80
4695	80
4696	80
4697	81
4698	81
4699	83
4700	86
4701	84
4702	83
4703	83
4704	83
4705	86
4706	84
4707	84
4708	83
4709	81
4710	83
4711	81
4712	84
4713	84
4714	83
4715	84
4716	85
4717	83
4718	85
4719	79
4720	82
4721	82
4722	82
4723	83
4724	84
4725	81
4726	81
4727	81
4728	82
4729	80
4730	81
4731	82
4732	82
4733	79
4734	77
4735	78
4736	74
4737	74
4738	74
4739	75
4740	75
4741	75
4742	75
4743	74
4744	74
4745	74
4746	74
4747	74
4748	74
4749	77
4750	77
4751	76
4752	75
4753	73
4754	76
4755	77
4756	76
4757	74
4758	76
4759	76
4760	76
4761	77
4762	80
4763	81
4764	78
4765	76
4766	79
4767	78
4768	76
4769	74
4770	76
4771	76
4772	78
4773	80
4774	82
4775	83
4776	81
4777	81
4778	80
4779	79
4780	80
4781	79
4782	78
4783	79
4784	79
4785	80
4786	79
4787	80
4788	80
4789	79
4790	78
4791	76
4792	76
4793	76
4794	76
4795	77
4796	76
4797	76
4798	75
4799	75
4800	73
4801	75
4802	74
4803	74
4804	72
4805	71
4806	72
4807	72
4808	73
4809	71
4810	73
4811	76
4812	76
4813	75
4814	74
4815	77
4816	78
4817	78
4818	78
4819	79
4820	78
4821	76
4822	78
4823	78
4824	79
4825	79
4826	78
4827	78
4828	78
4829	80
4830	78
4831	78
4832	77
4833	76
4834	77
4835	78
4836	76
4837	75
4838	75
4839	76
4840	74
4841	78
4842	79
4843	81
4844	80
4845	81
4846	79
4847	78
4848	76
4849	76
4850	76
4851	76
4852	75
4853	76
4854	77
4855	78
4856	77
4857	76
4858	77
4859	76
4860	76
4861	75
4862	76
4863	76
4864	77
4865	75
4866	75
4867	75
4868	75
4869	75
4870	76
4871	77
4872	78
4873	78
4874	77
4875	77
4876	76
4877	76
4878	76
4879	76
4880	77
4881	78
4882	79
4883	77
4884	77
4885	77
4886	77
4887	77
4888	78
4889	77
4890	76
4891	75
4892	74
4893	74
4894	71
4895	72
4896	73
4897	74
4898	76
4899	75
4900	75
4901	74
4902	75
4903	76
4904	77
4905	77
4906	80
4907	80
4908	79
4909	80
4910	80
4911	80
4912	80
4913	81
4914	80
4915	81
4916	81
4917	80
4918	77
4919	77
4920	79
4921	79
4922	77
4923	77
4924	77
4925	78
4926	77
4927	77
4928	77
4929	77
4930	77
4931	77
4932	77
4933	77
4934	76
4935	74
4936	74
4937	75
4938	75
4939	76
4940	76
4941	76
4942	76
4943	76
4944	76
4945	75
4946	76
4947	77
4948	76
4949	75
4950	75
4951	75
4952	76
4953	78
4954	78
4955	79
4956	81
4957	81
4958	81
4959	80
4960	79
4961	79
4962	81
4963	80
4964	80
4965	80
4966	79
4967	82
4968	83
4969	82
4970	81
4971	82
4972	82
4973	83
4974	82
4975	83
4976	83
4977	81
4978	81
4979	84
4980	82
4981	81
4982	81
4983	79
4984	79
4985	77
4986	79
4987	78
4988	78
4989	79
4990	78
4991	80
4992	79
4993	80
4994	80
4995	80
4996	79
4997	76
4998	77
4999	78
5000	77
5001	76
5002	76
5003	75
5004	75
5005	75
5006	75
5007	75
5008	75
5009	75
5010	75
5011	76
5012	78
5013	78
5014	78
5015	79
5016	78
5017	78
5018	77
5019	77
5020	78
5021	78
5022	79
5023	79
5024	79
5025	79
5026	78
5027	78
5028	77
5029	77
5030	77
5031	77
5032	77
5033	78
5034	77
5035	77
5036	76
5037	77
5038	77
5039	77
5040	77
5041	77
5042	76
5043	77
5044	77
5045	77
5046	76
5047	77
5048	77
5049	76
5050	76
5051	77
5052	77
5053	76
5054	77
5055	77
5056	78
5057	77
5058	77
5059	77
5060	77
5061	77
5062	77
5063	77
5064	77
5065	77
5066	77
5067	77
5068	77
5069	77
5070	77
5071	77
5072	77
5073	77
5074	77
5075	77
5076	77
5077	77
5078	76
5079	76
5080	76
5081	77
5082	77
5083	77
5084	77
5085	77
5086	77
5087	77
5088	77
5089	77
5090	77
5091	77
5092	77
5093	77
5094	77
5095	77
5096	77
5097	77
5098	77
5099	77
5100	76
5101	77
5102	77
5103	77
5104	77
5105	77
5106	77
5107	77
5108	77
5109	77
5110	77
5111	77
5112	77
5113	77
5114	77
5115	77
5116	77
5117	77
5118	77
5119	77
5120	77
5121	77
5122	77
5123	77
5124	77
5125	77
5126	77
5127	77
5128	77
5129	77
5130	77
5131	77
5132	77
5133	77
5134	77
5135	77
5136	76
5137	77
5138	77
5139	77
5140	77
5141	77
5142	77
5143	77
5144	77
5145	77
5146	76
5147	77
5148	77
5149	77
5150	77
5151	77
5152	77
5153	77
5154	77
5155	77
5156	77
5157	77
5158	77
5159	77
5160	77
5161	77
5162	77
5163	78
5164	78
5165	78
5166	79
5167	79
5168	80
5169	80
5170	80
5171	78
5172	79
5173	80
5174	80
5175	79
5176	81
5177	81
5178	80
5179	81
5180	81
5181	82
5182	81
5183	80
5184	79
5185	79
5186	79
5187	79
5188	79
5189	79
5190	76
5191	78
5192	77
5193	76
5194	76
5195	79
5196	79
5197	79
5198	78
5199	78
5200	78
5201	78
5202	81
5203	79
5204	79
5205	79
5206	79
5207	77
5208	77
5209	79
5210	80
5211	79
5212	79
5213	77
5214	74
5215	75
5216	75
5217	75
5218	77
5219	77
5220	78
5221	79
5222	79
5223	79
5224	80
5225	78
5226	80
5227	78
5228	79
5229	79
5230	80
5231	80
5232	80
5233	79
5234	79
5235	78
5236	78
5237	77
5238	79
5239	79
5240	78
5241	78
5242	80
5243	81
5244	81
5245	81
5246	80
5247	79
5248	79
5249	79
5250	79
5251	80
5252	81
5253	80
5254	79
5255	78
5256	78
5257	80
5258	79
5259	79
5260	79
5261	78
5262	79
5263	79
5264	79
5265	82
5266	82
5267	83
5268	83
5269	82
5270	82
5271	81
5272	81
5273	75
5274	77
5275	77
5276	78
5277	78
5278	78
5279	77
5280	77
5281	79
5282	77
5283	81
5284	80
5285	81
5286	78
5287	76
5288	79
5289	80
5290	82
5291	81
5292	83
5293	81
5294	81
5295	83
5296	82
5297	84
5298	83
5299	81
5300	82
5301	82
5302	81
5303	82
5304	83
5305	84
5306	84
5307	85
5308	89
5309	90
5310	90
5311	91
5312	90
5313	92
5314	91
5315	90
5316	88
5317	92
5318	92
5319	90
5320	92
5321	92
5322	90
5323	90
5324	91
5325	91
5326	91
5327	91
5328	93
5329	90
5330	86
5331	88
5332	91
5333	89
5334	93
5335	92
5336	91
5337	91
5338	89
5339	90
5340	92
5341	92
5342	91
5343	90
5344	91
5345	91
5346	93
5347	94
5348	90
5349	92
5350	91
5351	90
5352	90
5353	90
5354	91
5355	89
5356	88
5357	89
5358	89
5359	92
5360	90
5361	93
5362	91
5363	90
5364	93
5365	94
5366	92
5367	91
5368	92
5369	93
5370	94
5371	93
5372	92
5373	90
5374	90
5375	90
5376	90
5377	92
5378	93
5379	93
5380	91
5381	93
5382	87
5383	91
5384	91
5385	91
5386	93
5387	94
5388	94
5389	94
5390	92
5391	92
5392	90
5393	93
5394	90
5395	91
5396	92
5397	92
5398	91
5399	94
5400	94
5401	91
5402	88
5403	91
5404	92
5405	87
5406	91
5407	94
5408	94
5409	91
5410	93
5411	90
5412	91
5413	92
5414	89
5415	94
5416	90
5417	93
5418	93
5419	91
5420	90
5421	91
5422	91
5423	90
5424	89
5425	91
5426	92
5427	90
5428	94
5429	93
5430	94
5431	91
5432	91
5433	92
5434	90
5435	90
5436	90
5437	88
5438	90
5439	90
5440	92
5441	90
5442	92
5443	93
5444	93
5445	91
5446	89
5447	90
5448	91
5449	93
5450	93
5451	95
5452	93
5453	94
5454	92
5455	93
5456	94
5457	93
5458	93
5459	97
5460	94
5461	96
5462	95
5463	93
5464	95
5465	96
5466	95
5467	99
5468	99
5469	99
5470	98
5471	97
5472	100
5473	101
5474	63
5475	63
5476	62
5477	62
5478	64
5479	65
5480	64
5481	63
5482	59
5483	61
5484	61
5485	60
5486	58
5487	59
5488	60
5489	58
5490	57
5491	59
5492	60
5493	62
5494	61
5495	59
5496	60
5497	59
5498	57
5499	57
5500	57
5501	57
5502	56
5503	58
5504	58
5505	56
5506	57
5507	58
5508	58
5509	57
5510	57
5511	57
5512	58
5513	61
5514	61
5515	58
5516	58
5517	58
5518	57
5519	57
5520	57
5521	59
5522	60
5523	59
5524	59
5525	60
5526	59
5527	58
5528	59
5529	59
5530	59
5531	60
5532	57
5533	58
5534	61
5535	63
5536	64
5537	60
5538	59
5539	62
5540	61
5541	60
5542	61
5543	61
5544	59
5545	60
5546	61
5547	61
5548	63
5549	62
5550	62
5551	62
5552	64
5553	62
5554	61
5555	61
5556	60
5557	60
5558	61
5559	59
5560	60
5561	60
5562	59
5563	60
5564	63
5565	60
5566	60
5567	62
5568	59
5569	61
5570	64
5571	63
5572	62
5573	63
5574	64
5575	65
5576	62
5577	63
5578	62
5579	62
5580	61
5581	61
5582	64
5583	62
5584	61
5585	62
5586	60
5587	62
5588	62
5589	59
5590	61
5591	60
5592	60
5593	61
5594	58
5595	60
5596	60
5597	60
5598	62
5599	64
5600	61
5601	64
5602	63
5603	62
5604	60
5605	62
5606	62
5607	61
5608	63
5609	62
5610	61
5611	61
5612	60
5613	59
5614	60
5615	59
5616	62
5617	61
5618	65
5619	65
5620	65
5621	61
5622	59
5623	60
5624	60
5625	61
5626	60
5627	60
5628	62
5629	64
5630	62
5631	63
5632	59
5633	63
5634	63
5635	60
5636	59
5637	58
5638	57
5639	57
5640	61
5641	65
5642	67
5643	69
5644	67
5645	67
5646	68
5647	67
5648	65
5649	64
5650	63
5651	64
5652	64
5653	63
5654	65
5655	63
5656	63
5657	65
5658	64
5659	68
5660	67
5661	66
5662	68
5663	66
5664	66
5665	67
5666	66
5667	69
5668	67
5669	67
5670	67
5671	65
5672	66
5673	65
5674	65
5675	69
5676	67
5677	66
5678	69
5679	68
5680	67
5681	67
5682	68
5683	68
5684	70
5685	68
5686	67
5687	67
5688	69
5689	73
5690	69
5691	72
5692	73
5693	77
5694	78
5695	75
5696	77
5697	75
5698	76
5699	79
5700	76
5701	77
5702	74
5703	73
5704	74
5705	76
5706	76
5707	78
5708	78
5709	77
5710	76
5711	75
5712	78
5713	77
5714	77
5715	78
5716	76
5717	76
5718	73
5719	74
5720	74
5721	79
5722	78
5723	80
5724	81
5725	79
5726	76
5727	78
5728	77
5729	82
5730	79
5731	82
5732	79
5733	81
5734	80
5735	80
5736	75
5737	76
5738	77
5739	78
5740	79
5741	81
5742	79
5743	78
5744	79
5745	79
5746	79
5747	77
5748	80
5749	79
5750	83
5751	84
5752	80
5753	84
5754	82
5755	81
5756	81
5757	85
5758	85
5759	85
5760	85
5761	82
5762	82
5763	82
5764	83
5765	84
5766	80
5767	82
5768	80
5769	81
5770	83
5771	83
5772	82
5773	83
5774	83
5775	82
5776	84
5777	81
5778	83
5779	82
5780	82
5781	84
5782	88
5783	87
5784	89
5785	90
5786	89
5787	87
5788	89
5789	89
5790	88
5791	91
5792	91
5793	91
5794	91
5795	92
5796	91
5797	92
5798	93
5799	93
5800	93
5801	92
5802	91
5803	90
5804	87
5805	87
5806	90
5807	87
5808	89
5809	89
5810	88
5811	92
5812	89
5813	90
5814	88
5815	90
5816	92
5817	91
5818	89
5819	92
5820	88
5821	87
5822	90
5823	88
5824	87
5825	90
5826	87
5827	89
5828	90
5829	88
5830	86
5831	88
5832	90
5833	90
5834	86
5835	86
5836	87
5837	88
5838	89
5839	93
5840	91
5841	88
5842	89
5843	89
5844	90
5845	88
5846	90
5847	89
5848	91
5849	89
5850	91
5851	88
5852	88
5853	86
5854	87
5855	88
5856	87
5857	89
5858	90
5859	89
5860	88
5861	87
5862	86
5863	86
5864	86
5865	86
5866	87
5867	86
5868	88
5869	86
5870	87
5871	88
5872	88
5873	88
5874	86
5875	85
5876	85
5877	84
5878	84
5879	86
5880	87
5881	88
5882	87
5883	87
5884	87
5885	87
5886	87
5887	88
5888	86
5889	86
5890	87
5891	88
5892	89
5893	88
5894	88
5895	86
5896	86
5897	85
5898	84
5899	83
5900	83
5901	83
5902	83
5903	81
5904	81
5905	84
5906	85
5907	84
5908	84
5909	84
5910	84
5911	84
5912	84
5913	85
5914	84
5915	85
5916	85
5917	84
5918	83
5919	84
5920	84
5921	83
5922	83
5923	84
5924	84
5925	84
5926	83
5927	84
5928	85
5929	85
5930	85
5931	85
5932	86
5933	84
5934	88
5935	83
5936	84
5937	86
5938	88
5939	88
5940	87
5941	86
5942	85
5943	84
5944	84
5945	84
5946	86
5947	85
5948	86
5949	86
5950	83
5951	84
5952	84
5953	83
5954	84
5955	84
5956	84
5957	84
5958	85
5959	85
5960	85
5961	85
5962	84
5963	85
5964	85
5965	85
5966	85
5967	84
5968	84
5969	84
5970	83
5971	85
5972	87
5973	87
5974	86
5975	86
5976	85
5977	85
5978	85
5979	84
5980	86
5981	85
5982	85
5983	83
5984	83
5985	84
5986	83
5987	83
5988	83
5989	83
5990	83
5991	82
5992	83
5993	82
5994	81
5995	82
5996	82
5997	84
5998	84
5999	82
6000	83
6001	83
6002	84
6003	86
6004	84
6005	85
6006	85
6007	82
6008	82
6009	81
6010	81
6011	83
6012	84
6013	85
6014	86
6015	85
6016	86
6017	86
6018	85
6019	85
6020	84
6021	84
6022	85
6023	85
6024	85
6025	86
6026	86
6027	85
6028	84
6029	83
6030	84
6031	85
6032	86
6033	86
6034	86
6035	86
6036	85
6037	86
6038	86
6039	85
6040	86
6041	86
6042	87
6043	86
6044	85
6045	83
6046	85
6047	86
6048	85
6049	85
6050	85
6051	88
6052	87
6053	87
6054	87
6055	85
6056	87
6057	86
6058	88
6059	86
6060	88
6061	87
6062	88
6063	86
6064	87
6065	89
6066	86
6067	85
6068	86
6069	86
6070	85
6071	87
6072	87
6073	87
6074	86
6075	86
6076	87
6077	86
6078	86
6079	86
6080	87
6081	87
6082	85
6083	85
6084	85
6085	85
6086	85
6087	85
6088	84
6089	86
6090	86
6091	86
6092	85
6093	87
6094	86
6095	88
6096	88
6097	88
6098	88
6099	87
6100	86
6101	87
6102	87
6103	86
6104	88
6105	88
6106	88
6107	86
6108	87
6109	88
6110	88
6111	89
6112	87
6113	86
6114	86
6115	85
6116	85
6117	84
6118	84
6119	84
6120	84
6121	83
6122	84
6123	83
6124	83
6125	84
6126	85
6127	84
6128	83
6129	84
6130	84
6131	82
6132	84
6133	86
6134	86
6135	86
6136	86
6137	88
6138	88
6139	87
6140	89
6141	86
6142	88
6143	85
6144	88
6145	88
6146	88
6147	89
6148	89
6149	88
6150	89
6151	90
6152	90
6153	87
6154	88
6155	89
6156	87
6157	88
6158	89
6159	86
6160	86
6161	89
6162	89
6163	90
6164	87
6165	87
6166	87
6167	91
6168	89
6169	88
6170	86
6171	89
6172	87
6173	89
6174	92
6175	92
6176	90
6177	90
6178	90
6179	89
6180	89
6181	91
6182	92
6183	89
6184	88
6185	90
6186	89
6187	91
6188	91
6189	91
6190	89
6191	88
6192	90
6193	89
6194	89
6195	88
6196	85
6197	83
6198	84
6199	88
6200	89
6201	91
6202	90
6203	90
6204	90
6205	89
6206	89
6207	90
6208	88
6209	91
6210	90
6211	87
6212	90
6213	90
6214	91
6215	87
6216	88
6217	88
6218	88
6219	89
6220	88
6221	90
6222	86
6223	86
6224	86
6225	90
6226	90
6227	91
6228	90
6229	89
6230	89
6231	88
6232	88
6233	90
6234	91
6235	92
6236	91
6237	88
6238	88
6239	89
6240	88
6241	89
6242	87
6243	92
6244	91
6245	90
6246	89
6247	88
6248	86
6249	87
6250	89
6251	86
6252	86
6253	90
6254	90
6255	89
6256	90
6257	94
6258	97
6259	95
6260	93
6261	98
6262	96
6263	94
6264	97
6265	95
6266	95
6267	96
6268	98
6269	94
6270	94
6271	95
6272	96
6273	97
6274	96
6275	95
6276	95
6277	96
6278	97
6279	97
6280	96
6281	99
6282	96
6283	99
6284	97
6285	95
6286	92
6287	94
6288	98
6289	95
6290	95
6291	97
6292	98
6293	95
6294	95
6295	95
6296	95
6297	94
6298	92
6299	97
6300	97
6301	95
6302	97
6303	98
6304	100
6305	100
6306	100
6307	97
6308	99
6309	98
6310	100
6311	101
6312	38
6313	39
6314	38
6315	36
6316	41
6317	43
6318	41
6319	39
6320	40
6321	40
6322	40
6323	40
6324	39
6325	40
6326	40
6327	41
6328	42
6329	42
6330	43
6331	40
6332	41
6333	38
6334	37
6335	39
6336	38
6337	44
6338	43
6339	40
6340	42
6341	43
6342	45
6343	44
6344	44
6345	43
6346	42
6347	45
6348	45
6349	45
6350	46
6351	47
6352	48
6353	48
6354	47
6355	47
6356	45
6357	46
6358	49
6359	47
6360	48
6361	45
6362	46
6363	48
6364	49
6365	49
6366	48
6367	49
6368	52
6369	53
6370	53
6371	52
6372	52
6373	51
6374	50
6375	50
6376	52
6377	52
6378	51
6379	52
6380	53
6381	55
6382	55
6383	54
6384	53
6385	54
6386	55
6387	54
6388	57
6389	57
6390	56
6391	54
6392	54
6393	56
6394	55
6395	55
6396	55
6397	55
6398	57
6399	56
6400	55
6401	55
6402	51
6403	53
6404	52
6405	53
6406	49
6407	52
6408	54
6409	52
6410	53
6411	54
6412	55
6413	53
6414	52
6415	51
6416	54
6417	50
6418	51
6419	52
6420	51
6421	52
6422	51
6423	52
6424	53
6425	54
6426	51
6427	51
6428	49
6429	49
6430	50
6431	50
6432	49
6433	48
6434	47
6435	47
6436	48
6437	48
6438	48
6439	51
6440	49
6441	49
6442	49
6443	48
6444	46
6445	45
6446	46
6447	46
6448	48
6449	47
6450	46
6451	45
6452	46
6453	46
6454	45
6455	45
6456	42
6457	43
6458	43
6459	44
6460	44
6461	44
6462	43
6463	44
6464	42
6465	42
6466	43
6467	40
6468	42
6469	44
6470	46
6471	46
6472	46
6473	47
6474	47
6475	48
6476	47
6477	49
6478	49
6479	49
6480	49
6481	49
6482	49
6483	47
6484	48
6485	48
6486	49
6487	48
6488	47
6489	45
6490	47
6491	47
6492	46
6493	46
6494	49
6495	48
6496	47
6497	47
6498	48
6499	48
6500	48
6501	47
6502	47
6503	47
6504	45
6505	46
6506	46
6507	46
6508	45
6509	45
6510	45
6511	45
6512	48
6513	48
6514	48
6515	47
6516	47
6517	47
6518	47
6519	45
6520	45
6521	47
6522	48
6523	49
6524	47
6525	47
6526	50
6527	52
6528	51
6529	49
6530	48
6531	49
6532	49
6533	48
6534	49
6535	47
6536	47
6537	48
6538	49
6539	49
6540	49
6541	49
6542	49
6543	49
6544	46
6545	46
6546	46
6547	47
6548	48
6549	47
6550	46
6551	45
6552	45
6553	44
6554	46
6555	45
6556	46
6557	46
6558	46
6559	46
6560	48
6561	48
6562	48
6563	48
6564	48
6565	48
6566	46
6567	47
6568	47
6569	47
6570	47
6571	47
6572	47
6573	47
6574	47
6575	47
6576	47
6577	46
6578	45
6579	45
6580	44
6581	48
6582	46
6583	47
6584	46
6585	48
6586	48
6587	48
6588	48
6589	47
6590	47
6591	47
6592	47
6593	47
6594	47
6595	47
6596	48
6597	50
6598	49
6599	51
6600	49
6601	50
6602	52
6603	53
6604	52
6605	51
6606	49
6607	50
6608	50
6609	52
6610	50
6611	51
6612	52
6613	51
6614	50
6615	51
6616	51
6617	49
6618	50
6619	50
6620	50
6621	49
6622	49
6623	49
6624	49
6625	50
6626	51
6627	51
6628	51
6629	51
6630	50
6631	50
6632	49
6633	50
6634	47
6635	46
6636	46
6637	48
6638	48
6639	48
6640	51
6641	51
6642	49
6643	49
6644	50
6645	49
6646	49
6647	49
6648	47
6649	47
6650	49
6651	48
6652	49
6653	47
6654	46
6655	46
6656	46
6657	47
6658	47
6659	45
6660	46
6661	47
6662	47
6663	46
6664	48
6665	50
6666	47
6667	48
6668	49
6669	47
6670	47
6671	48
6672	47
6673	48
6674	46
6675	45
6676	45
6677	47
6678	47
6679	47
6680	46
6681	47
6682	46
6683	48
6684	51
6685	53
6686	53
6687	53
6688	52
6689	51
6690	50
6691	51
6692	51
6693	50
6694	54
6695	55
6696	54
6697	52
6698	52
6699	53
6700	51
6701	55
6702	51
6703	53
6704	52
6705	53
6706	52
6707	51
6708	51
6709	51
6710	52
6711	51
6712	50
6713	50
6714	51
6715	50
6716	51
6717	53
6718	52
6719	51
6720	51
6721	52
6722	52
6723	53
6724	53
6725	53
6726	53
6727	50
6728	52
6729	53
6730	52
6731	50
6732	50
6733	50
6734	49
6735	49
6736	50
6737	50
6738	52
6739	52
6740	50
6741	50
6742	47
6743	49
6744	50
6745	51
6746	49
6747	51
6748	51
6749	52
6750	50
6751	51
6752	50
6753	50
6754	50
6755	52
6756	51
6757	51
6758	51
6759	51
6760	50
6761	49
6762	48
6763	49
6764	51
6765	52
6766	50
6767	49
6768	51
6769	52
6770	49
6771	49
6772	49
6773	50
6774	51
6775	53
6776	52
6777	52
6778	49
6779	50
6780	50
6781	50
6782	52
6783	53
6784	51
6785	49
6786	51
6787	52
6788	52
6789	51
6790	53
6791	53
6792	54
6793	56
6794	53
6795	53
6796	53
6797	54
6798	51
6799	50
6800	51
6801	52
6802	53
6803	54
6804	54
6805	55
6806	54
6807	54
6808	52
6809	54
6810	54
6811	55
6812	54
6813	57
6814	55
6815	53
6816	56
6817	52
6818	54
6819	52
6820	53
6821	53
6822	51
6823	52
6824	52
6825	50
6826	51
6827	54
6828	50
6829	50
6830	52
6831	57
6832	55
6833	53
6834	52
6835	49
6836	51
6837	51
6838	53
6839	49
6840	52
6841	52
6842	53
6843	52
6844	50
6845	52
6846	51
6847	51
6848	50
6849	51
6850	49
6851	50
6852	49
6853	48
6854	51
6855	51
6856	52
6857	53
6858	53
6859	50
6860	52
6861	53
6862	52
6863	54
6864	54
6865	53
6866	49
6867	49
6868	52
6869	52
6870	53
6871	53
6872	52
6873	51
6874	54
6875	52
6876	51
6877	48
6878	52
6879	54
6880	47
6881	50
6882	52
6883	53
6884	52
6885	52
6886	53
6887	54
6888	53
6889	53
6890	54
6891	53
6892	55
6893	54
6894	53
6895	52
6896	54
6897	56
6898	56
6899	54
6900	51
6901	51
6902	52
6903	52
6904	51
6905	52
6906	52
6907	52
6908	54
6909	56
6910	54
6911	54
6912	49
6913	52
6914	53
6915	55
6916	53
6917	53
6918	55
6919	53
6920	51
6921	53
6922	51
6923	52
6924	52
6925	54
6926	52
6927	55
6928	55
6929	52
6930	52
6931	54
6932	51
6933	52
6934	53
6935	52
6936	55
6937	54
6938	54
6939	56
6940	55
6941	54
6942	53
6943	51
6944	51
6945	54
6946	52
6947	53
6948	52
6949	54
6950	51
6951	54
6952	53
6953	52
6954	54
6955	52
6956	53
6957	53
6958	52
6959	54
6960	53
6961	52
6962	53
6963	55
6964	53
6965	54
6966	54
6967	53
6968	54
6969	54
6970	55
6971	55
6972	57
6973	56
6974	56
6975	56
6976	54
6977	54
6978	54
6979	53
6980	52
6981	53
6982	56
6983	51
6984	51
6985	55
6986	53
6987	53
6988	55
6989	56
6990	54
6991	55
6992	54
6993	53
6994	52
6995	52
6996	53
6997	54
6998	54
6999	52
7000	54
7001	53
7002	52
7003	53
7004	54
7005	52
7006	52
7007	51
7008	52
7009	53
7010	53
7011	55
7012	50
7013	51
7014	54
7015	53
7016	52
7017	55
7018	53
7019	51
7020	52
7021	50
7022	51
7023	53
7024	53
7025	54
7026	53
7027	54
7028	57
7029	55
7030	56
7031	54
7032	54
7033	52
7034	53
7035	54
7036	53
7037	54
7038	53
7039	54
7040	55
7041	56
7042	55
7043	55
7044	54
7045	55
7046	56
7047	56
7048	56
7049	57
7050	56
7051	55
7052	55
7053	55
7054	55
7055	55
7056	55
7057	56
7058	54
7059	53
7060	53
7061	53
7062	51
7063	52
7064	53
7065	54
7066	52
7067	51
7068	54
7069	54
7070	54
7071	54
7072	53
7073	55
7074	53
7075	56
7076	55
7077	54
7078	52
7079	49
7080	52
7081	52
7082	53
7083	52
7084	52
7085	51
7086	52
7087	56
7088	55
7089	54
7090	52
7091	55
7092	54
7093	52
7094	52
7095	52
7096	54
7097	52
7098	53
7099	54
7100	54
7101	54
7102	53
7103	53
7104	55
7105	51
7106	51
7107	52
7108	48
7109	51
7110	50
7111	52
7112	52
7113	53
7114	50
7115	50
7116	50
7117	53
7118	53
7119	56
7120	53
7121	53
7122	50
7123	49
7124	51
7125	51
7126	54
7127	52
7128	50
7129	52
7130	49
7131	52
7132	50
7133	50
7134	51
7135	53
7136	52
7137	53
7138	53
7139	54
7140	52
7141	51
7142	50
7143	51
7144	51
7145	51
7146	51
7147	52
7148	53
7149	54
7150	53
7151	52
7152	52
7153	51
7154	50
7155	51
7156	53
7157	52
7158	52
7159	53
7160	52
7161	54
7162	54
7163	53
7164	52
7165	51
7166	51
7167	53
7168	53
7169	50
7170	52
7171	52
7172	53
7173	53
7174	57
7175	56
7176	55
7177	53
7178	53
7179	53
7180	52
7181	51
7182	51
7183	52
7184	50
7185	50
7186	50
7187	52
7188	53
7189	51
7190	51
7191	50
7192	51
7193	51
7194	52
7195	53
7196	53
7197	51
7198	51
7199	53
7200	51
7201	54
7202	54
7203	55
7204	54
7205	47
7206	47
7207	51
7208	54
7209	52
7210	55
7211	54
7212	55
7213	55
7214	50
7215	51
7216	52
7217	52
7218	51
7219	51
7220	52
7221	53
7222	52
7223	50
7224	48
7225	49
7226	51
7227	50
7228	51
7229	53
7230	54
7231	53
7232	52
7233	51
7234	52
7235	53
7236	51
7237	51
7238	52
7239	52
7240	48
7241	49
7242	48
7243	48
7244	48
7245	48
7246	48
7247	51
7248	54
7249	53
7250	52
7251	50
7252	48
7253	49
7254	52
7255	53
7256	52
7257	54
7258	53
7259	52
7260	51
7261	50
7262	52
7263	51
7264	53
7265	53
7266	52
7267	52
7268	50
7269	53
7270	53
7271	52
7272	53
7273	53
7274	52
7275	50
7276	49
7277	51
7278	53
7279	52
7280	51
7281	52
7282	51
7283	53
7284	52
7285	53
7286	51
7287	52
7288	51
7289	54
7290	55
7291	54
7292	52
7293	53
7294	50
7295	53
7296	52
7297	52
7298	53
7299	56
7300	57
7301	55
7302	52
7303	56
7304	55
7305	56
7306	56
7307	55
7308	56
7309	55
7310	55
7311	54
7312	55
7313	51
7314	48
7315	48
7316	50
7317	51
7318	53
7319	55
7320	53
7321	52
7322	53
7323	52
7324	51
7325	54
7326	55
7327	57
7328	56
7329	51
7330	52
7331	51
7332	55
7333	55
7334	54
7335	53
7336	51
7337	55
7338	55
7339	56
7340	55
7341	55
7342	56
7343	56
7344	56
7345	54
7346	56
7347	56
7348	58
7349	58
7350	57
7351	57
7352	58
7353	61
7354	58
7355	57
7356	58
7357	58
7358	58
7359	60
7360	59
7361	59
7362	61
7363	62
7364	60
7365	61
7366	63
7367	60
7368	59
7369	58
7370	61
7371	57
7372	58
7373	61
7374	59
7375	60
7376	61
7377	60
7378	59
7379	59
7380	61
7381	59
7382	57
7383	61
7384	60
7385	59
7386	60
7387	58
7388	59
7389	60
7390	60
7391	62
7392	58
7393	61
7394	60
7395	59
7396	58
7397	57
7398	59
7399	56
7400	59
7401	60
7402	58
7403	59
7404	59
7405	59
7406	62
7407	61
7408	61
7409	57
7410	59
7411	58
7412	58
7413	59
7414	58
7415	57
7416	59
7417	62
7418	57
7419	59
7420	61
7421	59
7422	62
7423	62
7424	59
7425	60
7426	59
7427	57
7428	58
7429	61
7430	58
7431	60
7432	58
7433	58
7434	60
7435	58
7436	60
7437	60
7438	57
7439	59
7440	61
7441	59
7442	60
7443	59
7444	57
7445	59
7446	61
7447	60
7448	59
7449	59
7450	58
7451	58
7452	60
7453	60
7454	60
7455	57
7456	57
7457	57
7458	59
7459	56
7460	60
7461	60
7462	61
7463	56
7464	60
7465	60
7466	57
7467	59
7468	57
7469	59
7470	60
7471	61
7472	61
7473	60
7474	58
7475	57
7476	60
7477	56
7478	58
7479	58
7480	58
7481	57
7482	57
7483	59
7484	61
7485	60
7486	61
7487	56
7488	58
7489	57
7490	59
7491	60
7492	58
7493	61
7494	61
7495	60
7496	59
7497	58
7498	59
7499	58
7500	56
7501	58
7502	60
7503	57
7504	55
7505	56
7506	59
7507	59
7508	60
7509	56
7510	59
7511	58
7512	59
7513	57
7514	55
7515	57
7516	59
7517	59
7518	58
7519	58
7520	58
7521	58
7522	59
7523	60
7524	60
7525	59
7526	60
7527	60
7528	58
7529	60
7530	57
7531	59
7532	61
7533	58
7534	58
7535	60
7536	58
7537	57
7538	59
7539	61
7540	59
7541	62
7542	60
7543	60
7544	59
7545	60
7546	59
7547	59
7548	61
7549	61
7550	59
7551	60
7552	63
7553	59
7554	60
7555	58
7556	58
7557	57
7558	57
7559	56
7560	57
7561	57
7562	58
7563	59
7564	58
7565	60
7566	59
7567	60
7568	59
7569	60
7570	58
7571	59
7572	61
7573	58
7574	60
7575	59
7576	56
7577	57
7578	59
7579	55
7580	57
7581	56
7582	56
7583	57
7584	57
7585	59
7586	55
7587	57
7588	57
7589	59
7590	57
7591	58
7592	58
7593	59
7594	57
7595	57
7596	57
7597	60
7598	61
7599	60
7600	60
7601	59
7602	57
7603	55
7604	57
7605	57
7606	57
7607	57
7608	57
7609	58
7610	58
7611	60
7612	56
7613	57
7614	58
7615	59
7616	57
7617	58
7618	58
7619	60
7620	60
7621	61
7622	62
7623	58
7624	58
7625	57
7626	57
7627	58
7628	58
7629	59
7630	58
7631	61
7632	62
7633	62
7634	59
7635	60
7636	59
7637	59
7638	57
7639	59
7640	61
7641	59
7642	59
7643	60
7644	58
7645	58
7646	59
7647	61
7648	62
7649	60
7650	58
7651	59
7652	58
7653	59
7654	59
7655	60
7656	57
7657	57
7658	58
7659	60
7660	59
7661	59
7662	59
7663	60
7664	56
7665	56
7666	57
7667	57
7668	59
7669	58
7670	57
7671	61
7672	59
7673	60
7674	59
7675	60
7676	59
7677	60
7678	59
7679	56
7680	59
7681	58
7682	58
7683	60
7684	60
7685	61
7686	58
7687	58
7688	62
7689	60
7690	60
7691	59
7692	56
7693	57
7694	58
7695	56
7696	57
7697	61
7698	59
7699	58
7700	58
7701	59
7702	56
7703	59
7704	55
7705	56
7706	58
7707	55
7708	58
7709	58
7710	61
7711	58
7712	56
7713	60
7714	56
7715	58
7716	58
7717	60
7718	60
7719	60
7720	58
7721	58
7722	55
7723	55
7724	55
7725	57
7726	54
7727	55
7728	57
7729	55
7730	59
7731	59
7732	57
7733	56
7734	58
7735	58
7736	56
7737	58
7738	58
7739	58
7740	57
7741	57
7742	56
7743	57
7744	58
7745	59
7746	61
7747	60
7748	59
7749	57
7750	60
7751	59
7752	59
7753	58
7754	58
7755	61
7756	57
7757	55
7758	57
7759	57
7760	60
7761	62
7762	58
7763	57
7764	56
7765	58
7766	57
7767	58
7768	57
7769	59
7770	59
7771	59
7772	58
7773	57
7774	59
7775	59
7776	61
7777	61
7778	59
7779	58
7780	58
7781	60
7782	58
7783	59
7784	56
7785	55
7786	59
7787	61
7788	62
7789	63
7790	59
7791	61
7792	60
7793	59
7794	60
7795	61
7796	64
7797	64
7798	62
7799	64
7800	66
7801	63
7802	64
7803	65
7804	64
7805	61
7806	64
7807	65
7808	61
7809	62
7810	67
7811	67
7812	66
7813	65
7814	65
7815	63
7816	66
7817	65
7818	63
7819	61
7820	65
7821	67
7822	69
7823	66
7824	65
7825	65
7826	65
7827	66
7828	66
7829	65
7830	65
7831	65
7832	65
7833	65
7834	66
7835	65
7836	66
7837	67
7838	67
7839	64
7840	64
7841	63
7842	64
7843	67
7844	66
7845	67
7846	66
7847	64
7848	66
7849	68
7850	65
7851	66
7852	66
7853	68
7854	71
7855	73
7856	69
7857	70
7858	70
7859	69
7860	72
7861	73
7862	73
7863	74
7864	74
7865	74
7866	71
7867	73
7868	71
7869	76
7870	75
7871	78
7872	79
7873	74
7874	78
7875	79
7876	82
7877	83
7878	81
7879	83
7880	83
7881	82
7882	82
7883	84
7884	81
7885	85
7886	83
7887	87
7888	86
7889	87
7890	85
7891	87
7892	85
7893	86
7894	84
7895	89
7896	89
7897	90
7898	91
7899	91
7900	90
7901	90
7902	89
7903	90
7904	92
7905	91
7906	87
7907	92
7908	95
7909	94
7910	97
7911	97
7912	94
7913	96
7914	96
7915	96
7916	98
7917	97
7918	97
7919	94
7920	99
7921	99
7922	96
7923	95
7924	97
7925	100
7926	98
7927	100
7928	98
7929	98
7930	99
7931	99
7932	97
7933	98
7934	99
7935	94
7936	99
7937	100
7938	98
7939	97
7940	98
7941	98
7942	99
7943	96
7944	98
7945	99
7946	100
7947	97
7948	101
7949	39
7950	39
7951	42
7952	41
7953	41
7954	41
7955	43
7956	43
7957	42
7958	44
7959	44
7960	43
7961	42
7962	43
7963	41
7964	42
7965	40
7966	41
7967	40
7968	43
7969	42
7970	41
7971	41
7972	43
7973	41
7974	42
7975	41
7976	39
7977	41
7978	41
7979	40
7980	43
7981	45
7982	45
7983	45
7984	45
7985	47
7986	46
7987	48
7988	50
7989	51
7990	54
7991	54
7992	55
7993	55
7994	53
7995	55
7996	56
7997	59
7998	62
7999	61
8000	62
8001	62
8002	60
8003	61
8004	60
8005	58
8006	59
8007	58
8008	55
8009	56
8010	59
8011	61
8012	61
8013	59
8014	61
8015	62
8016	60
8017	60
8018	60
8019	59
8020	60
8021	60
8022	59
8023	59
8024	59
8025	60
8026	59
8027	58
8028	56
8029	54
8030	56
8031	59
8032	59
8033	57
8034	60
8035	57
8036	57
8037	57
8038	58
8039	57
8040	57
8041	54
8042	57
8043	57
8044	59
8045	59
8046	59
8047	58
8048	59
8049	60
8050	58
8051	56
8052	58
8053	59
8054	60
8055	58
8056	57
8057	59
8058	57
8059	56
8060	60
8061	61
8062	59
8063	60
8064	59
8065	59
8066	58
8067	57
8068	55
8069	55
8070	56
8071	57
8072	57
8073	56
8074	56
8075	56
8076	55
8077	56
8078	56
8079	57
8080	58
8081	59
8082	59
8083	59
8084	58
8085	57
8086	56
8087	57
8088	57
8089	57
8090	56
8091	58
8092	58
8093	58
8094	58
8095	58
8096	57
8097	56
8098	56
8099	56
8100	55
8101	56
8102	57
8103	58
8104	57
8105	58
8106	58
8107	57
8108	56
8109	53
8110	53
8111	53
8112	53
8113	54
8114	53
8115	52
8116	53
8117	53
8118	53
8119	54
8120	55
8121	53
8122	53
8123	55
8124	56
8125	57
8126	59
8127	58
8128	58
8129	58
8130	57
8131	57
8132	57
8133	56
8134	57
8135	58
8136	58
8137	57
8138	57
8139	57
8140	57
8141	56
8142	56
8143	56
8144	56
8145	57
8146	54
8147	53
8148	54
8149	54
8150	56
8151	57
8152	53
8153	53
8154	53
8155	53
8156	54
8157	53
8158	53
8159	52
8160	53
8161	53
8162	53
8163	53
8164	53
8165	53
8166	53
8167	53
8168	53
8169	53
8170	53
8171	53
8172	52
8173	52
8174	52
8175	51
8176	51
8177	51
8178	52
8179	52
8180	51
8181	51
8182	51
8183	51
8184	50
8185	51
8186	51
8187	52
8188	52
8189	52
8190	53
8191	53
8192	52
8193	53
8194	53
8195	53
8196	53
8197	53
8198	53
8199	52
8200	50
8201	50
8202	50
8203	50
8204	50
8205	49
8206	52
8207	52
8208	54
8209	55
8210	53
8211	53
8212	53
8213	52
8214	53
8215	52
8216	52
8217	52
8218	52
8219	52
8220	51
8221	52
8222	51
8223	52
8224	52
8225	52
8226	52
8227	53
8228	51
8229	51
8230	51
8231	51
8232	51
8233	52
8234	53
8235	50
8236	49
8237	51
8238	52
8239	52
8240	52
8241	53
8242	52
8243	52
8244	52
8245	53
8246	53
8247	54
8248	53
8249	55
8250	55
8251	55
8252	55
8253	56
8254	55
8255	53
8256	53
8257	53
8258	53
8259	52
8260	53
8261	53
8262	54
8263	53
8264	53
8265	53
8266	54
8267	55
8268	54
8269	54
8270	53
8271	54
8272	52
8273	52
8274	54
8275	53
8276	53
8277	53
8278	52
8279	52
8280	54
8281	54
8282	54
8283	54
8284	53
8285	54
8286	52
8287	52
8288	54
8289	54
8290	53
8291	53
8292	53
8293	52
8294	51
8295	52
8296	53
8297	51
8298	50
8299	49
8300	52
8301	51
8302	51
8303	51
8304	54
8305	55
8306	55
8307	53
8308	52
8309	53
8310	56
8311	55
8312	56
8313	55
8314	55
8315	54
8316	55
8317	55
8318	55
8319	55
8320	55
8321	55
8322	55
8323	54
8324	53
8325	54
8326	54
8327	54
8328	55
8329	54
8330	53
8331	54
8332	54
8333	55
8334	56
8335	57
8336	57
8337	57
8338	56
8339	56
8340	57
8341	57
8342	56
8343	56
8344	55
8345	55
8346	54
8347	50
8348	54
8349	54
8350	54
8351	56
8352	56
8353	56
8354	57
8355	57
8356	58
8357	58
8358	56
8359	55
8360	55
8361	57
8362	57
8363	58
8364	56
8365	56
8366	57
8367	58
8368	58
8369	57
8370	57
8371	59
8372	56
8373	55
8374	57
8375	59
8376	58
8377	59
8378	60
8379	61
8380	61
8381	60
8382	58
8383	58
8384	59
8385	59
8386	57
8387	58
8388	57
8389	57
8390	59
8391	57
8392	57
8393	56
8394	57
8395	56
8396	57
8397	58
8398	59
8399	56
8400	56
8401	58
8402	60
8403	61
8404	62
8405	59
8406	57
8407	56
8408	58
8409	59
8410	59
8411	61
8412	57
8413	59
8414	60
8415	57
8416	59
8417	56
8418	58
8419	58
8420	60
8421	59
8422	57
8423	57
8424	57
8425	57
8426	59
8427	59
8428	61
8429	59
8430	60
8431	62
8432	59
8433	64
8434	63
8435	64
8436	63
8437	63
8438	63
8439	63
8440	63
8441	61
8442	61
8443	63
8444	63
8445	64
8446	61
8447	62
8448	62
8449	61
8450	62
8451	62
8452	60
8453	59
8454	60
8455	61
8456	59
8457	62
8458	60
8459	62
8460	63
8461	63
8462	63
8463	61
8464	62
8465	62
8466	59
8467	59
8468	62
8469	60
8470	62
8471	65
8472	65
8473	66
8474	66
8475	65
8476	62
8477	65
8478	66
8479	68
8480	67
8481	69
8482	71
8483	71
8484	73
8485	78
8486	79
8487	80
8488	82
8489	83
8490	84
8491	83
8492	81
8493	81
8494	83
8495	83
8496	84
8497	83
8498	83
8499	83
8500	82
8501	84
8502	85
8503	85
8504	84
8505	86
8506	83
8507	85
8508	89
8509	89
8510	91
8511	91
8512	90
8513	90
8514	89
8515	89
8516	91
8517	93
8518	92
8519	97
8520	99
8521	96
8522	96
8523	97
8524	96
8525	95
8526	92
8527	94
8528	94
8529	92
8530	95
8531	99
8532	98
8533	96
8534	97
8535	96
8536	94
8537	92
8538	96
8539	96
8540	93
8541	94
8542	97
8543	98
8544	97
8545	97
8546	95
8547	97
8548	93
8549	97
8550	95
8551	93
8552	94
8553	94
8554	96
8555	96
8556	96
8557	95
8558	95
8559	94
8560	96
8561	98
8562	96
8563	95
8564	97
8565	96
8566	98
8567	98
8568	96
8569	97
8570	97
8571	96
8572	96
8573	93
8574	93
8575	95
8576	95
8577	94
8578	95
8579	95
8580	95
8581	94
8582	95
8583	95
8584	94
8585	93
8586	92
8587	93
8588	95
8589	96
8590	95
8591	96
8592	93
8593	96
8594	94
8595	94
8596	95
8597	93
8598	93
8599	95
8600	93
8601	93
8602	94
8603	95
8604	93
8605	92
8606	93
8607	92
8608	92
8609	91
8610	89
8611	89
8612	89
8613	91
8614	90
8615	90
8616	89
8617	90
8618	92
8619	93
8620	92
8621	92
8622	91
8623	91
8624	92
8625	91
8626	90
8627	92
8628	93
8629	93
8630	92
8631	91
8632	92
8633	94
8634	93
8635	92
8636	92
8637	91
8638	91
8639	89
8640	90
8641	90
8642	90
8643	89
8644	89
8645	90
8646	90
8647	90
8648	88
8649	87
8650	88
8651	90
8652	90
8653	90
8654	90
8655	92
8656	93
8657	92
8658	91
8659	89
8660	91
8661	92
8662	93
8663	92
8664	89
8665	92
8666	88
8667	87
8668	87
8669	89
8670	90
8671	90
8672	90
8673	90
8674	89
8675	89
8676	89
8677	89
8678	90
8679	90
8680	91
8681	93
8682	91
8683	94
8684	92
8685	91
8686	92
8687	94
8688	92
8689	93
8690	92
8691	92
8692	92
8693	92
8694	94
8695	94
8696	97
8697	97
8698	99
8699	95
8700	95
8701	95
8702	95
8703	95
8704	97
8705	95
8706	93
8707	92
8708	92
8709	93
8710	95
8711	95
8712	94
8713	94
8714	96
8715	97
8716	97
8717	96
8718	96
8719	96
8720	94
8721	96
8722	94
8723	95
8724	95
8725	94
8726	93
8727	92
8728	92
8729	93
8730	93
8731	92
8732	91
8733	92
8734	91
8735	93
8736	93
8737	91
8738	92
8739	92
8740	92
8741	91
8742	91
8743	90
8744	91
8745	92
8746	91
8747	91
8748	91
8749	91
8750	91
8751	91
8752	91
8753	91
8754	91
8755	91
8756	90
8757	90
8758	90
8759	89
8760	90
8761	91
8762	91
8763	91
8764	89
8765	90
8766	89
8767	88
8768	90
8769	87
8770	87
8771	83
8772	85
8773	86
8774	86
8775	85
8776	86
8777	84
8778	85
8779	85
8780	85
8781	85
8782	87
8783	87
8784	87
8785	88
8786	88
8787	88
8788	88
8789	88
8790	88
8791	87
8792	87
8793	87
8794	87
8795	87
8796	87
8797	87
8798	86
8799	87
8800	86
8801	87
8802	88
8803	89
8804	88
8805	88
8806	88
8807	89
8808	90
8809	88
8810	87
8811	88
8812	86
8813	88
8814	92
8815	91
8816	91
8817	91
8818	92
8819	92
8820	93
8821	92
8822	92
8823	92
8824	90
8825	91
8826	93
8827	94
8828	95
8829	94
8830	94
8831	95
8832	95
8833	96
8834	93
8835	94
8836	92
8837	92
8838	91
8839	91
8840	92
8841	93
8842	92
8843	92
8844	92
8845	93
8846	93
8847	93
8848	94
8849	92
8850	93
8851	92
8852	92
8853	91
8854	92
8855	90
8856	91
8857	92
8858	93
8859	90
8860	90
8861	92
8862	91
8863	92
8864	91
8865	91
8866	91
8867	92
8868	92
8869	91
8870	94
8871	93
8872	94
8873	93
8874	92
8875	93
8876	92
8877	92
8878	93
8879	92
8880	92
8881	92
8882	92
8883	90
8884	89
8885	89
8886	88
8887	88
8888	87
8889	89
8890	89
8891	88
8892	89
8893	90
8894	90
8895	89
8896	89
8897	87
8898	87
8899	88
8900	87
8901	88
8902	89
8903	89
8904	89
8905	89
8906	89
8907	89
8908	89
8909	89
8910	90
8911	91
8912	92
8913	92
8914	91
8915	90
8916	90
8917	91
8918	91
8919	90
8920	91
8921	92
8922	91
8923	92
8924	93
8925	93
8926	91
8927	91
8928	88
8929	88
8930	89
8931	91
8932	92
8933	92
8934	91
8935	92
8936	91
8937	91
8938	94
8939	92
8940	93
8941	92
8942	92
8943	92
8944	91
8945	90
8946	93
8947	95
8948	95
8949	95
8950	95
8951	96
8952	95
8953	95
8954	94
8955	92
8956	91
8957	91
8958	92
8959	93
8960	97
8961	96
8962	95
8963	93
8964	93
8965	94
8966	94
8967	96
8968	94
8969	94
8970	95
8971	93
8972	94
8973	92
8974	91
8975	93
8976	93
8977	92
8978	93
8979	95
8980	95
8981	95
8982	96
8983	94
8984	95
8985	96
8986	94
8987	95
8988	96
8989	94
8990	93
8991	94
8992	95
8993	93
8994	93
8995	93
8996	93
8997	95
8998	93
8999	94
9000	90
9001	94
9002	92
9003	94
9004	95
9005	95
9006	97
9007	96
9008	97
9009	95
9010	96
9011	95
9012	99
9013	99
9014	97
9015	96
9016	98
9017	99
9018	100
9019	100
9020	100
9021	101
9022	50
9023	52
9024	52
9025	52
9026	50
9027	50
9028	49
9029	50
9030	49
9031	49
9032	49
9033	50
9034	52
9035	51
9036	51
9037	48
9038	52
9039	49
9040	50
9041	49
9042	48
9043	48
9044	48
9045	49
9046	51
9047	51
9048	49
9049	51
9050	49
9051	49
9052	49
9053	47
9054	49
9055	49
9056	47
9057	49
9058	48
9059	46
9060	46
9061	48
9062	47
9063	49
9064	49
9065	48
9066	49
9067	49
9068	50
9069	48
9070	46
9071	47
9072	48
9073	52
9074	46
9075	46
9076	47
9077	47
9078	46
9079	46
9080	50
9081	48
9082	49
9083	49
9084	48
9085	50
9086	50
9087	49
9088	50
9089	49
9090	49
9091	49
9092	50
9093	50
9094	50
9095	49
9096	51
9097	50
9098	49
9099	50
9100	50
9101	48
9102	49
9103	49
9104	53
9105	49
9106	47
9107	47
9108	48
9109	49
9110	47
9111	47
9112	47
9113	49
9114	48
9115	49
9116	49
9117	50
9118	47
9119	48
9120	50
9121	49
9122	48
9123	47
9124	50
9125	49
9126	49
9127	50
9128	48
9129	49
9130	49
9131	50
9132	48
9133	49
9134	50
9135	52
9136	51
9137	50
9138	48
9139	48
9140	48
9141	47
9142	51
9143	49
9144	49
9145	49
9146	49
9147	45
9148	50
9149	48
9150	45
9151	46
9152	47
9153	48
9154	48
9155	49
9156	50
9157	47
9158	48
9159	47
9160	47
9161	49
9162	50
9163	46
9164	49
9165	49
9166	49
9167	47
9168	50
9169	51
9170	50
9171	50
9172	47
9173	47
9174	49
9175	50
9176	46
9177	50
9178	49
9179	49
9180	48
9181	48
9182	47
9183	45
9184	46
9185	44
9186	45
9187	45
9188	46
9189	46
9190	45
9191	45
9192	46
9193	47
9194	47
9195	47
9196	46
9197	47
9198	47
9199	47
9200	48
9201	48
9202	47
9203	47
9204	46
9205	48
9206	48
9207	49
9208	47
9209	47
9210	47
9211	46
9212	47
9213	48
9214	47
9215	51
9216	48
9217	48
9218	49
9219	47
9220	48
9221	49
9222	49
9223	48
9224	48
9225	47
9226	47
9227	47
9228	48
9229	48
9230	47
9231	46
9232	48
9233	44
9234	47
9235	48
9236	49
9237	48
9238	50
9239	49
9240	46
9241	45
9242	44
9243	44
9244	44
9245	47
9246	47
9247	47
9248	48
9249	48
9250	48
9251	49
9252	48
9253	47
9254	48
9255	49
9256	50
9257	45
9258	45
9259	47
9260	46
9261	46
9262	48
9263	47
9264	45
9265	48
9266	48
9267	51
9268	49
9269	48
9270	47
9271	48
9272	48
9273	47
9274	48
9275	49
9276	48
9277	48
9278	47
9279	49
9280	49
9281	50
9282	51
9283	50
9284	47
9285	50
9286	48
9287	49
9288	49
9289	48
9290	49
9291	48
9292	48
9293	48
9294	46
9295	46
9296	47
9297	47
9298	48
9299	49
9300	49
9301	48
9302	47
9303	49
9304	48
9305	47
9306	49
9307	48
9308	47
9309	49
9310	47
9311	45
9312	49
9313	49
9314	49
9315	50
9316	51
9317	48
9318	48
9319	46
9320	47
9321	46
9322	45
9323	46
9324	45
9325	50
9326	49
9327	50
9328	47
9329	45
9330	45
9331	45
9332	47
9333	50
9334	46
9335	46
9336	45
9337	46
9338	47
9339	49
9340	48
9341	50
9342	50
9343	47
9344	46
9345	47
9346	47
9347	46
9348	46
9349	47
9350	46
9351	45
9352	45
9353	48
9354	48
9355	47
9356	47
9357	46
9358	49
9359	50
9360	47
9361	46
9362	49
9363	50
9364	50
9365	49
9366	46
9367	44
9368	46
9369	50
9370	50
9371	49
9372	49
9373	50
9374	50
9375	51
9376	50
9377	48
9378	48
9379	49
9380	47
9381	44
9382	43
9383	44
9384	48
9385	47
9386	47
9387	46
9388	44
9389	50
9390	48
9391	48
9392	46
9393	47
9394	48
9395	49
9396	50
9397	49
9398	50
9399	51
9400	48
9401	48
9402	48
9403	48
9404	47
9405	46
9406	49
9407	50
9408	45
9409	48
9410	49
9411	50
9412	51
9413	50
9414	51
9415	50
9416	50
9417	47
9418	49
9419	52
9420	50
9421	50
9422	49
9423	48
9424	47
9425	46
9426	43
9427	45
9428	48
9429	50
9430	50
9431	52
9432	51
9433	47
9434	47
9435	48
9436	46
9437	49
9438	48
9439	48
9440	49
9441	49
9442	49
9443	47
9444	49
9445	47
9446	49
9447	50
9448	48
9449	50
9450	50
9451	47
9452	47
9453	47
9454	47
9455	47
9456	49
9457	51
9458	49
9459	52
9460	51
9461	48
9462	48
9463	47
9464	48
9465	47
9466	47
9467	49
9468	50
9469	48
9470	47
9471	46
9472	45
9473	49
9474	49
9475	48
9476	48
9477	47
9478	51
9479	51
9480	51
9481	51
9482	52
9483	51
9484	49
9485	49
9486	45
9487	50
9488	49
9489	48
9490	47
9491	49
9492	47
9493	48
9494	48
9495	48
9496	46
9497	49
9498	47
9499	47
9500	48
9501	47
9502	46
9503	47
9504	46
9505	47
9506	51
9507	52
9508	53
9509	50
9510	50
9511	49
9512	51
9513	49
9514	48
9515	49
9516	49
9517	48
9518	48
9519	49
9520	49
9521	50
9522	50
9523	51
9524	50
9525	47
9526	51
9527	49
9528	50
9529	51
9530	48
9531	49
9532	48
9533	47
9534	51
9535	48
9536	46
9537	49
9538	49
9539	48
9540	52
9541	50
9542	50
9543	51
9544	49
9545	50
9546	48
9547	46
9548	49
9549	50
9550	51
9551	47
9552	47
9553	49
9554	49
9555	47
9556	50
9557	49
9558	48
9559	46
9560	50
9561	49
9562	49
9563	52
9564	49
9565	49
9566	49
9567	48
9568	49
9569	51
9570	48
9571	48
9572	51
9573	52
9574	50
9575	51
9576	47
9577	49
9578	46
9579	47
9580	49
9581	47
9582	50
9583	50
9584	50
9585	49
9586	49
9587	47
9588	48
9589	47
9590	45
9591	47
9592	49
9593	50
9594	47
9595	47
9596	51
9597	49
9598	52
9599	51
9600	48
9601	48
9602	49
9603	48
9604	48
9605	51
9606	51
9607	52
9608	49
9609	51
9610	48
9611	48
9612	48
9613	46
9614	48
9615	47
9616	49
9617	50
9618	52
9619	52
9620	52
9621	49
9622	49
9623	48
9624	49
9625	48
9626	48
9627	48
9628	48
9629	50
9630	49
9631	47
9632	47
9633	48
9634	47
9635	47
9636	46
9637	49
9638	49
9639	48
9640	47
9641	46
9642	47
9643	49
9644	49
9645	49
9646	48
9647	49
9648	50
9649	48
9650	49
9651	49
9652	48
9653	48
9654	50
9655	47
9656	49
9657	49
9658	49
9659	49
9660	51
9661	51
9662	48
9663	50
9664	51
9665	48
9666	48
9667	49
9668	47
9669	47
9670	49
9671	49
9672	48
9673	45
9674	48
9675	52
9676	49
9677	46
9678	46
9679	47
9680	48
9681	46
9682	47
9683	47
9684	49
9685	49
9686	50
9687	51
9688	50
9689	50
9690	51
9691	50
9692	51
9693	49
9694	47
9695	47
9696	48
9697	46
9698	48
9699	50
9700	50
9701	51
9702	48
9703	50
9704	49
9705	47
9706	48
9707	50
9708	51
9709	51
9710	52
9711	50
9712	50
9713	48
9714	48
9715	45
9716	48
9717	47
9718	47
9719	46
9720	49
9721	48
9722	48
9723	49
9724	51
9725	51
9726	49
9727	50
9728	48
9729	49
9730	46
9731	48
9732	47
9733	47
9734	48
9735	49
9736	51
9737	50
9738	49
9739	53
9740	51
9741	53
9742	50
9743	48
9744	49
9745	49
9746	50
9747	48
9748	47
9749	50
9750	48
9751	47
9752	48
9753	51
9754	49
9755	48
9756	49
9757	49
9758	49
9759	49
9760	50
9761	50
9762	49
9763	49
9764	48
9765	47
9766	47
9767	49
9768	49
9769	51
9770	49
9771	49
9772	50
9773	48
9774	48
9775	49
9776	51
9777	53
9778	52
9779	50
9780	49
9781	49
9782	51
9783	48
9784	48
9785	51
9786	51
9787	50
9788	50
9789	52
9790	52
9791	51
9792	48
9793	52
9794	50
9795	51
9796	54
9797	51
9798	51
9799	52
9800	51
9801	51
9802	51
9803	50
9804	51
9805	55
9806	55
9807	53
9808	53
9809	53
9810	54
9811	51
9812	52
9813	54
9814	54
9815	53
9816	54
9817	57
9818	56
9819	55
9820	58
9821	58
9822	57
9823	58
9824	57
9825	58
9826	56
9827	56
9828	53
9829	52
9830	55
9831	53
9832	56
9833	57
9834	57
9835	57
9836	55
9837	55
9838	57
9839	58
9840	56
9841	57
9842	59
9843	56
9844	55
9845	56
9846	58
9847	58
9848	56
9849	58
9850	57
9851	58
9852	55
9853	54
9854	55
9855	54
9856	54
9857	55
9858	56
9859	55
9860	55
9861	56
9862	54
9863	54
9864	57
9865	53
9866	56
9867	56
9868	55
9869	54
9870	55
9871	54
9872	53
9873	57
9874	58
9875	54
9876	56
9877	57
9878	55
9879	55
9880	53
9881	54
9882	55
9883	55
9884	54
9885	55
9886	55
9887	54
9888	55
9889	54
9890	54
9891	56
9892	56
9893	57
9894	56
9895	58
9896	58
9897	59
9898	57
9899	56
9900	58
9901	56
9902	58
9903	56
9904	56
9905	58
9906	56
9907	56
9908	54
9909	55
9910	54
9911	57
9912	55
9913	54
9914	56
9915	54
9916	54
9917	55
9918	55
9919	54
9920	54
9921	56
9922	58
9923	56
9924	55
9925	55
9926	55
9927	55
9928	56
9929	56
9930	56
9931	55
9932	56
9933	55
9934	54
9935	56
9936	58
9937	54
9938	55
9939	56
9940	57
9941	57
9942	56
9943	53
9944	55
9945	58
9946	55
9947	54
9948	54
9949	53
9950	54
9951	54
9952	55
9953	53
9954	55
9955	53
9956	54
9957	57
9958	55
9959	54
9960	56
9961	54
9962	57
9963	55
9964	55
9965	55
9966	54
9967	53
9968	57
9969	54
9970	55
9971	55
9972	57
9973	57
9974	57
9975	54
9976	55
9977	52
9978	50
9979	54
9980	56
9981	57
9982	57
9983	56
9984	57
9985	57
9986	56
9987	55
9988	53
9989	53
9990	55
9991	54
9992	53
9993	55
9994	57
9995	56
9996	54
9997	54
9998	56
9999	57
10000	58
10001	57
10002	57
10003	58
10004	56
10005	55
10006	54
10007	54
10008	56
10009	55
10010	52
10011	55
10012	56
10013	56
10014	54
10015	55
10016	56
10017	54
10018	54
10019	52
10020	54
10021	53
10022	52
10023	53
10024	56
10025	55
10026	57
10027	54
10028	58
10029	57
10030	56
10031	55
10032	53
10033	54
10034	55
10035	58
10036	56
10037	54
10038	54
10039	56
10040	57
10041	56
10042	54
10043	56
10044	57
10045	56
10046	57
10047	55
10048	58
10049	54
10050	55
10051	53
10052	55
10053	55
10054	54
10055	55
10056	55
10057	57
10058	56
10059	55
10060	56
10061	52
10062	56
10063	57
10064	57
10065	58
10066	58
10067	56
10068	57
10069	57
10070	57
10071	56
10072	56
10073	55
10074	57
10075	58
10076	57
10077	55
10078	55
10079	56
10080	57
10081	58
10082	57
10083	57
10084	55
10085	56
10086	61
10087	60
10088	59
10089	60
10090	62
10091	64
10092	64
10093	63
10094	62
10095	63
10096	63
10097	65
10098	62
10099	62
10100	64
10101	64
10102	63
10103	64
10104	64
10105	65
10106	66
10107	66
10108	64
10109	65
10110	64
10111	63
10112	64
10113	62
10114	63
10115	61
10116	63
10117	66
10118	65
10119	65
10120	66
10121	65
10122	68
10123	68
10124	68
10125	67
10126	66
10127	66
10128	68
10129	67
10130	65
10131	67
10132	65
10133	67
10134	65
10135	67
10136	67
10137	65
10138	68
10139	66
10140	66
10141	65
10142	64
10143	65
10144	68
10145	66
10146	66
10147	67
10148	67
10149	69
10150	66
10151	68
10152	66
10153	66
10154	65
10155	66
10156	64
10157	65
10158	64
10159	67
10160	66
10161	63
10162	66
10163	64
10164	64
10165	64
10166	64
10167	66
10168	64
10169	64
10170	65
10171	67
10172	67
10173	67
10174	66
10175	66
10176	66
10177	65
10178	67
10179	66
10180	66
10181	67
10182	64
10183	66
10184	66
10185	67
10186	65
10187	67
10188	67
10189	67
10190	68
10191	67
10192	70
10193	66
10194	64
10195	65
10196	68
10197	65
10198	65
10199	65
10200	66
10201	65
10202	63
10203	61
10204	64
10205	64
10206	65
10207	67
10208	68
10209	69
10210	65
10211	68
10212	69
10213	68
10214	68
10215	67
10216	66
10217	66
10218	67
10219	68
10220	67
10221	65
10222	66
10223	64
10224	62
10225	65
10226	63
10227	63
10228	64
10229	67
10230	68
10231	68
10232	66
10233	64
10234	67
10235	66
10236	64
10237	65
10238	65
10239	69
10240	64
10241	64
10242	66
10243	68
10244	64
10245	65
10246	68
10247	64
10248	64
10249	64
10250	65
10251	66
10252	65
10253	64
10254	66
10255	67
10256	67
10257	67
10258	68
10259	64
10260	66
10261	64
10262	66
10263	69
10264	66
10265	68
10266	64
10267	65
10268	66
10269	64
10270	64
10271	65
10272	64
10273	63
10274	64
10275	63
10276	64
10277	64
10278	66
10279	65
10280	63
10281	64
10282	66
10283	65
10284	65
10285	67
10286	67
10287	65
10288	68
10289	65
10290	66
10291	64
10292	68
10293	67
10294	68
10295	66
10296	66
10297	67
10298	65
10299	68
10300	68
10301	64
10302	68
10303	68
10304	67
10305	69
10306	65
10307	66
10308	68
10309	66
10310	66
10311	65
10312	66
10313	64
10314	64
10315	64
10316	68
10317	71
10318	70
10319	72
10320	71
10321	71
10322	70
10323	71
10324	69
10325	69
10326	69
10327	66
10328	70
10329	67
10330	69
10331	70
10332	68
10333	68
10334	71
10335	68
10336	68
10337	68
10338	70
10339	70
10340	71
10341	71
10342	70
10343	69
10344	68
10345	66
10346	70
10347	71
10348	71
10349	70
10350	70
10351	67
10352	68
10353	67
10354	68
10355	66
10356	69
10357	67
10358	69
10359	70
10360	70
10361	67
10362	68
10363	67
10364	69
10365	71
10366	68
10367	69
10368	68
10369	67
10370	69
10371	70
10372	71
10373	68
10374	70
10375	68
10376	68
10377	71
10378	69
10379	71
10380	68
10381	67
10382	72
10383	70
10384	73
10385	73
10386	68
10387	69
10388	69
10389	70
10390	69
10391	71
10392	71
10393	69
10394	69
10395	70
10396	70
10397	71
10398	69
10399	70
10400	66
10401	67
10402	67
10403	71
10404	71
10405	70
10406	71
10407	68
10408	68
10409	66
10410	67
10411	67
10412	67
10413	67
10414	66
10415	69
10416	70
10417	72
10418	69
10419	70
10420	70
10421	69
10422	70
10423	68
10424	68
10425	69
10426	72
10427	69
10428	71
10429	68
10430	69
10431	71
10432	70
10433	71
10434	70
10435	71
10436	68
10437	68
10438	70
10439	66
10440	67
10441	70
10442	70
10443	68
10444	70
10445	68
10446	68
10447	68
10448	68
10449	66
10450	69
10451	69
10452	67
10453	68
10454	68
10455	69
10456	67
10457	69
10458	69
10459	69
10460	72
10461	70
10462	68
10463	70
10464	68
10465	70
10466	69
10467	69
10468	69
10469	67
10470	67
10471	71
10472	71
10473	71
10474	69
10475	68
10476	69
10477	67
10478	67
10479	69
10480	67
10481	70
10482	69
10483	69
10484	67
10485	68
10486	70
10487	70
10488	71
10489	70
10490	69
10491	68
10492	66
10493	69
10494	71
10495	70
10496	71
10497	74
10498	71
10499	73
