0	72
1	71
2	70
3	71
4	70
5	69
6	72
7	72
8	72
9	71
10	71
11	69
12	70
13	70
14	71
15	70
16	71
17	72
18	71
19	71
20	71
21	70
22	70
23	69
24	71
25	71
26	70
27	70
28	71
29	71
30	70
31	71
32	71
33	70
34	70
35	71
36	71
37	73
38	71
39	71
40	70
41	71
42	70
43	70
44	71
45	71
46	71
47	71
48	71
49	71
50	73
51	71
52	70
53	70
54	69
55	69
56	70
57	70
58	70
59	71
60	71
61	69
62	69
63	69
64	70
65	69
66	69
67	69
68	69
69	70
70	71
71	71
72	71
73	71
74	71
75	72
76	71
77	71
78	69
79	70
80	72
81	72
82	71
83	69
84	68
85	67
86	68
87	67
88	68
89	67
90	66
91	66
92	66
93	67
94	67
95	67
96	68
97	69
98	70
99	69
100	68
101	68
102	68
103	67
104	69
105	68
106	68
107	69
108	70
109	70
110	69
111	68
112	68
113	68
114	68
115	68
116	68
117	70
118	70
119	70
120	69
121	68
122	68
123	67
124	68
125	66
126	66
127	66
128	66
129	66
130	67
131	67
132	67
133	67
134	67
135	67
136	67
137	66
138	66
139	66
140	66
141	65
142	67
143	66
144	66
145	66
146	66
147	66
148	64
149	64
150	64
151	64
152	65
153	66
154	66
155	66
156	66
157	68
158	67
159	67
160	68
161	68
162	68
163	67
164	67
165	67
166	68
167	68
168	68
169	68
170	67
171	67
172	67
173	68
174	67
175	66
176	66
177	66
178	66
179	66
180	66
181	66
182	66
183	66
184	66
185	66
186	67
187	67
188	67
189	68
190	66
191	67
192	68
193	69
194	69
195	69
196	68
197	68
198	67
199	67
200	66
201	66
202	67
203	67
204	68
205	67
206	67
207	67
208	67
209	67
210	67
211	68
212	68
213	67
214	67
215	67
216	66
217	65
218	68
219	69
220	68
221	68
222	68
223	68
224	68
225	68
226	68
227	68
228	67
229	68
230	67
231	67
232	67
233	68
234	67
235	67
236	71
237	71
238	71
239	70
240	71
241	70
242	69
243	69
244	68
245	69
246	70
247	70
248	69
249	69
250	69
251	69
252	69
253	70
254	71
255	70
256	70
257	69
258	69
259	69
260	69
261	69
262	69
263	69
264	69
265	69
266	69
267	69
268	69
269	69
270	70
271	70
272	70
273	69
274	67
275	66
276	66
277	66
278	66
279	66
280	65
281	64
282	64
283	66
284	64
285	63
286	64
287	64
288	66
289	66
290	66
291	66
292	64
293	64
294	63
295	64
296	63
297	64
298	65
299	66
300	64
301	65
302	65
303	65
304	64
305	64
306	65
307	65
308	64
309	64
310	63
311	65
312	65
313	64
314	63
315	63
316	63
317	62
318	63
319	64
320	63
321	65
322	64
323	65
324	63
325	63
326	63
327	65
328	63
329	64
330	64
331	63
332	61
333	61
334	61
335	62
336	64
337	64
338	63
339	62
340	63
341	63
342	63
343	62
344	63
345	64
346	62
347	64
348	63
349	61
350	61
351	61
352	61
353	62
354	62
355	62
356	63
357	63
358	63
359	63
360	62
361	62
362	64
363	64
364	64
365	64
366	62
367	63
368	64
369	65
370	65
371	66
372	65
373	65
374	64
375	64
376	62
377	62
378	62
379	62
380	64
381	64
382	63
383	63
384	64
385	62
386	63
387	62
388	63
389	65
390	64
391	65
392	65
393	66
394	67
395	67
396	65
397	62
398	64
399	65
400	66
401	65
402	64
403	66
404	63
405	63
406	61
407	61
408	62
409	62
410	63
411	64
412	62
413	62
414	62
415	63
416	63
417	62
418	62
419	63
420	63
421	63
422	63
423	63
424	63
425	62
426	62
427	61
428	61
429	62
430	63
431	62
432	61
433	61
434	63
435	64
436	63
437	64
438	63
439	63
440	62
441	64
442	69
443	69
444	68
445	66
446	68
447	68
448	68
449	70
450	69
451	68
452	68
453	67
454	67
455	68
456	69
457	70
458	66
459	69
460	71
461	69
462	68
463	69
464	66
465	65
466	67
467	67
468	67
469	68
470	68
471	70
472	70
473	70
474	71
475	70
476	70
477	68
478	67
479	64
480	67
481	67
482	66
483	69
484	70
485	69
486	70
487	72
488	74
489	72
490	71
491	73
492	73
493	74
494	73
495	75
496	73
497	75
498	71
499	73
500	73
501	72
502	71
503	72
504	73
505	74
506	75
507	72
508	72
509	73
510	72
511	74
512	77
513	78
514	77
515	80
516	77
517	77
518	77
519	80
520	77
521	78
522	83
523	86
524	84
525	88
526	88
527	86
528	84
529	86
530	85
531	86
532	86
533	86
534	89
535	91
536	88
537	90
538	91
539	91
540	88
541	88
542	90
543	89
544	90
545	89
546	86
547	87
548	90
549	92
550	93
551	93
552	92
553	93
554	94
555	93
556	91
557	95
558	96
559	95
560	96
561	92
562	89
563	90
564	92
565	91
566	92
567	94
568	95
569	94
570	95
571	95
572	98
573	96
574	99
575	98
576	95
577	94
578	92
579	94
580	94
581	98
582	97
583	95
584	94
585	92
586	95
587	94
588	95
589	95
590	94
591	97
592	97
593	98
594	94
595	95
596	95
597	97
598	95
599	97
600	99
601	96
602	92
603	96
604	96
605	97
606	93
607	96
608	92
609	95
610	95
611	94
612	91
613	92
614	91
615	93
616	91
617	91
618	91
619	92
620	93
621	93
622	92
623	93
624	91
625	91
626	93
627	92
628	90
629	90
630	91
631	92
632	92
633	92
634	92
635	92
636	93
637	90
638	90
639	94
640	93
641	93
642	93
643	93
644	92
645	91
646	93
647	92
648	92
649	94
650	95
651	96
652	94
653	93
654	93
655	91
656	90
657	90
658	90
659	90
660	90
661	91
662	91
663	91
664	91
665	91
666	91
667	93
668	95
669	93
670	91
671	91
672	91
673	92
674	92
675	90
676	90
677	91
678	91
679	90
680	90
681	91
682	91
683	91
684	91
685	90
686	90
687	92
688	95
689	93
690	94
691	92
692	92
693	90
694	92
695	93
696	93
697	93
698	93
699	92
700	91
701	92
702	91
703	92
704	94
705	92
706	92
707	92
708	92
709	92
710	91
711	89
712	89
713	93
714	94
715	94
716	94
717	94
718	92
719	91
720	91
721	91
722	91
723	91
724	91
725	92
726	92
727	95
728	96
729	98
730	96
731	98
732	96
733	94
734	94
735	95
736	96
737	97
738	94
739	95
740	94
741	95
742	95
743	94
744	94
745	94
746	94
747	94
748	93
749	94
750	94
751	94
752	94
753	93
754	90
755	92
756	93
757	94
758	93
759	92
760	91
761	91
762	91
763	91
764	92
765	93
766	92
767	89
768	89
769	91
770	90
771	90
772	90
773	90
774	90
775	91
776	90
777	91
778	90
779	95
780	96
781	93
782	94
783	94
784	94
785	93
786	94
787	92
788	93
789	92
790	92
791	94
792	94
793	94
794	94
795	92
796	91
797	91
798	92
799	92
800	90
801	91
802	90
803	88
804	91
805	92
806	90
807	91
808	91
809	95
810	93
811	92
812	91
813	92
814	92
815	92
816	95
817	95
818	93
819	92
820	94
821	94
822	94
823	95
824	96
825	96
826	96
827	94
828	94
829	95
830	94
831	95
832	92
833	92
834	94
835	92
836	92
837	93
838	95
839	90
840	92
841	95
842	93
843	91
844	92
845	90
846	94
847	94
848	93
849	93
850	94
851	94
852	93
853	94
854	97
855	92
856	95
857	96
858	95
859	95
860	93
861	98
862	96
863	97
864	95
865	96
866	92
867	91
868	89
869	92
870	92
871	93
872	93
873	91
874	90
875	95
876	92
877	94
878	91
879	91
880	91
881	94
882	93
883	94
884	97
885	97
886	97
887	94
888	94
889	96
890	94
891	97
892	96
893	92
894	94
895	93
896	95
897	94
898	93
899	95
900	95
901	95
902	95
903	95
904	95
905	94
906	96
907	92
908	97
909	94
910	95
911	95
912	94
913	95
914	96
915	98
916	98
917	97
918	95
919	96
920	95
921	94
922	96
923	96
924	96
925	96
926	97
927	96
928	94
929	95
930	97
931	95
932	95
933	95
934	94
935	96
936	95
937	97
938	97
939	93
940	94
941	94
942	93
943	94
944	94
945	96
946	95
947	94
948	95
949	97
950	95
951	93
952	95
953	97
954	97
955	97
956	95
957	96
958	96
959	93
960	96
961	92
962	96
963	97
964	94
965	94
966	94
967	96
968	95
969	96
970	97
971	95
972	93
973	95
974	94
975	95
976	93
977	94
978	93
979	93
980	96
981	94
982	96
983	98
984	96
985	95
986	95
987	96
988	93
989	94
990	96
991	98
992	96
993	97
994	97
995	100
996	97
997	97
998	97
999	95
1000	95
1001	97
1002	96
1003	96
1004	97
1005	95
1006	94
1007	95
1008	97
1009	97
1010	96
1011	96
1012	98
1013	97
1014	96
1015	98
1016	98
1017	99
1018	93
1019	96
1020	97
1021	95
1022	95
1023	95
1024	94
1025	95
1026	99
1027	98
1028	97
1029	93
1030	92
1031	90
1032	93
1033	94
1034	94
1035	95
1036	96
1037	98
1038	94
1039	92
1040	94
1041	95
1042	95
1043	98
1044	96
1045	98
1046	96
1047	98
1048	99
1049	96
1050	96
1051	96
1052	97
1053	100
1054	98
1055	98
1056	97
1057	95
1058	99
1059	99
1060	95
1061	94
1062	97
1063	94
1064	95
1065	97
1066	96
1067	97
1068	98
1069	98
1070	96
1071	97
1072	96
1073	98
1074	96
1075	97
1076	98
1077	96
1078	97
1079	97
1080	97
1081	99
1082	98
1083	95
1084	97
1085	96
1086	96
1087	93
1088	98
1089	95
1090	96
1091	97
1092	95
1093	97
1094	96
1095	95
1096	93
1097	94
1098	94
1099	92
1100	95
1101	97
1102	96
1103	96
1104	97
1105	96
1106	92
1107	99
1108	97
1109	101
1110	49
1111	49
1112	49
1113	49
1114	47
1115	47
1116	48
1117	47
1118	48
1119	48
1120	49
1121	44
1122	46
1123	47
1124	49
1125	49
1126	47
1127	47
1128	46
1129	46
1130	46
1131	47
1132	45
1133	48
1134	47
1135	48
1136	48
1137	48
1138	44
1139	45
1140	45
1141	44
1142	44
1143	48
1144	44
1145	43
1146	44
1147	45
1148	47
1149	47
1150	47
1151	46
1152	44
1153	43
1154	43
1155	45
1156	43
1157	45
1158	47
1159	45
1160	45
1161	45
1162	46
1163	44
1164	45
1165	46
1166	45
1167	44
1168	45
1169	43
1170	45
1171	46
1172	47
1173	46
1174	44
1175	44
1176	45
1177	45
1178	44
1179	45
1180	47
1181	46
1182	44
1183	44
1184	46
1185	46
1186	44
1187	45
1188	43
1189	46
1190	43
1191	42
1192	44
1193	45
1194	46
1195	45
1196	45
1197	46
1198	45
1199	46
1200	45
1201	45
1202	42
1203	44
1204	45
1205	44
1206	45
1207	45
1208	46
1209	46
1210	46
1211	44
1212	43
1213	44
1214	44
1215	44
1216	44
1217	45
1218	45
1219	46
1220	44
1221	45
1222	46
1223	47
1224	47
1225	45
1226	43
1227	47
1228	50
1229	47
1230	47
1231	47
1232	46
1233	47
1234	47
1235	47
1236	48
1237	46
1238	45
1239	45
1240	47
1241	44
1242	46
1243	45
1244	45
1245	47
1246	44
1247	44
1248	45
1249	46
1250	47
1251	48
1252	47
1253	49
1254	46
1255	45
1256	45
1257	48
1258	51
1259	49
1260	47
1261	48
1262	48
1263	44
1264	45
1265	44
1266	45
1267	44
1268	45
1269	46
1270	45
1271	46
1272	45
1273	45
1274	46
1275	46
1276	47
1277	46
1278	44
1279	45
1280	45
1281	48
1282	48
1283	47
1284	47
1285	47
1286	47
1287	47
1288	46
1289	45
1290	45
1291	46
1292	47
1293	47
1294	48
1295	48
1296	49
1297	50
1298	47
1299	47
1300	44
1301	47
1302	47
1303	49
1304	45
1305	47
1306	45
1307	46
1308	46
1309	46
1310	48
1311	48
1312	49
1313	48
1314	45
1315	48
1316	48
1317	47
1318	47
1319	46
1320	45
1321	48
1322	48
1323	48
1324	49
1325	48
1326	47
1327	48
1328	49
1329	50
1330	52
1331	49
1332	51
1333	51
1334	50
1335	49
1336	49
1337	51
1338	49
1339	49
1340	48
1341	47
1342	49
1343	48
1344	48
1345	49
1346	50
1347	49
1348	48
1349	48
1350	51
1351	53
1352	49
1353	50
1354	50
1355	48
1356	48
1357	49
1358	50
1359	51
1360	48
1361	49
1362	48
1363	49
1364	49
1365	48
1366	50
1367	45
1368	47
1369	51
1370	47
1371	48
1372	48
1373	52
1374	49
1375	50
1376	51
1377	52
1378	51
1379	49
1380	49
1381	48
1382	49
1383	51
1384	48
1385	48
1386	48
1387	51
1388	49
1389	49
1390	49
1391	51
1392	48
1393	50
1394	50
1395	53
1396	51
1397	50
1398	51
1399	52
1400	49
1401	48
1402	47
1403	51
1404	50
1405	49
1406	49
1407	50
1408	51
1409	51
1410	49
1411	50
1412	49
1413	51
1414	49
1415	52
1416	53
1417	49
1418	49
1419	49
1420	48
1421	47
1422	47
1423	48
1424	49
1425	47
1426	48
1427	49
1428	51
1429	49
1430	50
1431	50
1432	50
1433	54
1434	49
1435	47
1436	47
1437	46
1438	47
1439	50
1440	48
1441	49
1442	51
1443	48
1444	49
1445	51
1446	51
1447	50
1448	48
1449	47
1450	47
1451	49
1452	51
1453	50
1454	47
1455	46
1456	49
1457	47
1458	50
1459	50
1460	49
1461	49
1462	50
1463	51
1464	51
1465	48
1466	49
1467	50
1468	50
1469	50
1470	49
1471	47
1472	46
1473	48
1474	46
1475	46
1476	48
1477	48
1478	47
1479	48
1480	49
1481	50
1482	51
1483	50
1484	50
1485	51
1486	50
1487	50
1488	51
1489	52
1490	52
1491	52
1492	52
1493	50
1494	49
1495	47
1496	49
1497	47
1498	49
1499	49
1500	48
1501	48
1502	52
1503	52
1504	51
1505	50
1506	52
1507	50
1508	51
1509	52
1510	51
1511	51
1512	50
1513	50
1514	49
1515	46
1516	48
1517	51
1518	50
1519	52
1520	52
1521	51
1522	50
1523	49
1524	51
1525	47
1526	49
1527	52
1528	51
1529	51
1530	49
1531	50
1532	48
1533	47
1534	48
1535	46
1536	50
1537	50
1538	51
1539	49
1540	49
1541	49
1542	48
1543	51
1544	49
1545	50
1546	49
1547	50
1548	48
1549	50
1550	50
1551	49
1552	50
1553	50
1554	50
1555	51
1556	49
1557	51
1558	51
1559	51
1560	51
1561	51
1562	51
1563	50
1564	50
1565	52
1566	50
1567	48
1568	48
1569	49
1570	51
1571	51
1572	51
1573	50
1574	51
1575	50
1576	49
1577	48
1578	47
1579	48
1580	50
1581	52
1582	50
1583	49
1584	49
1585	49
1586	47
1587	47
1588	49
1589	49
1590	50
1591	49
1592	48
1593	46
1594	50
1595	50
1596	51
1597	47
1598	46
1599	49
1600	48
1601	48
1602	48
1603	50
1604	49
1605	52
1606	51
1607	46
1608	48
1609	47
1610	45
1611	52
1612	50
1613	48
1614	50
1615	50
1616	50
1617	48
1618	49
1619	49
1620	47
1621	49
1622	50
1623	50
1624	49
1625	49
1626	50
1627	49
1628	48
1629	47
1630	49
1631	49
1632	49
1633	51
1634	52
1635	51
1636	51
1637	49
1638	51
1639	51
1640	48
1641	47
1642	48
1643	46
1644	49
1645	51
1646	48
1647	50
1648	49
1649	51
1650	50
1651	51
1652	47
1653	48
1654	49
1655	50
1656	50
1657	49
1658	49
1659	50
1660	48
1661	50
1662	46
1663	47
1664	50
1665	49
1666	50
1667	50
1668	50
1669	49
1670	50
1671	50
1672	50
1673	47
1674	49
1675	46
1676	46
1677	48
1678	48
1679	50
1680	51
1681	52
1682	50
1683	49
1684	49
1685	48
1686	50
1687	50
1688	49
1689	49
1690	46
1691	50
1692	51
1693	52
1694	53
1695	51
1696	50
1697	49
1698	47
1699	49
1700	48
1701	47
1702	49
1703	50
1704	49
1705	50
1706	48
1707	48
1708	48
1709	48
1710	46
1711	50
1712	52
1713	49
1714	51
1715	50
1716	51
1717	51
1718	53
1719	53
1720	51
1721	49
1722	51
1723	51
1724	52
1725	49
1726	51
1727	49
1728	50
1729	52
1730	48
1731	50
1732	50
1733	49
1734	49
1735	49
1736	49
1737	48
1738	47
1739	47
1740	48
1741	48
1742	49
1743	49
1744	50
1745	50
1746	47
1747	48
1748	51
1749	50
1750	50
1751	51
1752	50
1753	48
1754	48
1755	49
1756	49
1757	47
1758	50
1759	49
1760	49
1761	50
1762	49
1763	48
1764	50
1765	47
1766	49
1767	52
1768	50
1769	50
1770	49
1771	46
1772	48
1773	48
1774	49
1775	50
1776	51
1777	51
1778	52
1779	52
1780	49
1781	51
1782	50
1783	51
1784	52
1785	50
1786	52
1787	52
1788	48
1789	50
1790	51
1791	51
1792	51
1793	53
1794	50
1795	51
1796	50
1797	51
1798	48
1799	51
1800	48
1801	50
1802	52
1803	51
1804	48
1805	48
1806	48
1807	47
1808	49
1809	49
1810	51
1811	51
1812	52
1813	51
1814	50
1815	49
1816	49
1817	48
1818	49
1819	49
1820	48
1821	49
1822	49
1823	48
1824	47
1825	50
1826	51
1827	50
1828	50
1829	48
1830	49
1831	50
1832	49
1833	49
1834	50
1835	51
1836	51
1837	52
1838	51
1839	50
1840	50
1841	51
1842	50
1843	48
1844	49
1845	52
1846	51
1847	51
1848	51
1849	48
1850	49
1851	48
1852	51
1853	51
1854	53
1855	48
1856	48
1857	46
1858	48
1859	52
1860	53
1861	53
1862	52
1863	51
1864	50
1865	49
1866	51
1867	51
1868	50
1869	50
1870	49
1871	50
1872	49
1873	50
1874	51
1875	49
1876	50
1877	48
1878	48
1879	48
1880	48
1881	48
1882	51
1883	48
1884	49
1885	49
1886	49
1887	49
1888	50
1889	47
1890	47
1891	49
1892	50
1893	48
1894	47
1895	47
1896	48
1897	47
1898	48
1899	49
1900	46
1901	50
1902	50
1903	51
1904	51
1905	52
1906	49
1907	51
1908	53
1909	51
1910	50
1911	48
1912	48
1913	50
1914	47
1915	45
1916	47
1917	47
1918	48
1919	46
1920	46
1921	48
1922	48
1923	46
1924	48
1925	47
1926	47
1927	49
1928	48
1929	48
1930	49
1931	47
1932	48
1933	47
1934	48
1935	47
1936	50
1937	48
1938	48
1939	48
1940	51
1941	48
1942	49
1943	48
1944	50
1945	45
1946	48
1947	47
1948	46
1949	48
1950	49
1951	48
1952	48
1953	49
1954	49
1955	48
1956	46
1957	45
1958	48
1959	47
1960	50
1961	53
1962	49
1963	52
1964	50
1965	50
1966	50
1967	49
1968	49
1969	48
1970	49
1971	49
1972	47
1973	48
1974	48
1975	51
1976	49
1977	47
1978	49
1979	48
1980	51
1981	49
1982	49
1983	51
1984	51
1985	54
1986	52
1987	51
1988	50
1989	50
1990	50
1991	50
1992	50
1993	51
1994	51
1995	51
1996	51
1997	50
1998	51
1999	51
2000	51
2001	51
2002	50
2003	51
2004	53
2005	53
2006	52
2007	52
2008	48
2009	50
2010	52
2011	52
2012	52
2013	47
2014	48
2015	50
2016	50
2017	49
2018	51
2019	49
2020	49
2021	50
2022	52
2023	47
2024	49
2025	51
2026	49
2027	47
2028	50
2029	52
2030	51
2031	51
2032	52
2033	51
2034	53
2035	54
2036	53
2037	51
2038	53
2039	52
2040	52
2041	52
2042	51
2043	49
2044	50
2045	50
2046	50
2047	49
2048	49
2049	50
2050	50
2051	50
2052	51
2053	50
2054	53
2055	50
2056	49
2057	51
2058	51
2059	50
2060	52
2061	50
2062	50
2063	48
2064	49
2065	53
2066	52
2067	52
2068	52
2069	52
2070	50
2071	51
2072	50
2073	51
2074	51
2075	51
2076	49
2077	53
2078	52
2079	51
2080	54
2081	52
2082	49
2083	51
2084	52
2085	52
2086	50
2087	49
2088	49
2089	48
2090	47
2091	48
2092	48
2093	48
2094	51
2095	51
2096	48
2097	48
2098	51
2099	49
2100	47
2101	46
2102	48
2103	48
2104	47
2105	46
2106	48
2107	51
2108	48
2109	49
2110	49
2111	48
2112	49
2113	49
2114	47
2115	49
2116	49
2117	50
2118	50
2119	50
2120	50
2121	50
2122	49
2123	50
2124	47
2125	47
2126	46
2127	46
2128	48
2129	48
2130	47
2131	48
2132	48
2133	51
2134	51
2135	51
2136	48
2137	51
2138	53
2139	48
2140	50
2141	49
2142	50
2143	49
2144	50
2145	48
2146	47
2147	47
2148	47
2149	51
2150	50
2151	51
2152	48
2153	48
2154	45
2155	48
2156	47
2157	48
2158	47
2159	48
2160	48
2161	51
2162	50
2163	50
2164	51
2165	50
2166	49
2167	49
2168	47
2169	50
2170	48
2171	48
2172	48
2173	48
2174	48
2175	48
2176	46
2177	46
2178	46
2179	47
2180	48
2181	45
2182	46
2183	47
2184	49
2185	47
2186	46
2187	45
2188	47
2189	49
2190	50
2191	48
2192	47
2193	49
2194	48
2195	48
2196	47
2197	46
2198	47
2199	47
2200	49
2201	52
2202	49
2203	47
2204	44
2205	44
2206	45
2207	45
2208	44
2209	43
2210	42
2211	45
2212	46
2213	46
2214	46
2215	48
2216	48
2217	48
2218	48
2219	49
2220	47
2221	48
2222	49
2223	48
2224	47
2225	50
2226	52
2227	52
2228	51
2229	49
2230	49
2231	48
2232	48
2233	50
2234	51
2235	49
2236	51
2237	51
2238	48
2239	47
2240	48
2241	48
2242	46
2243	47
2244	47
2245	47
2246	48
2247	48
2248	48
2249	48
2250	48
2251	48
2252	47
2253	47
2254	46
2255	48
2256	47
2257	46
2258	44
2259	44
2260	45
2261	45
2262	46
2263	46
2264	47
2265	47
2266	48
2267	48
2268	48
2269	48
2270	48
2271	47
2272	48
2273	48
2274	47
2275	46
2276	48
2277	47
2278	47
2279	47
2280	46
2281	48
2282	48
2283	48
2284	47
2285	48
2286	46
2287	47
2288	48
2289	48
2290	47
2291	46
2292	46
2293	46
2294	47
2295	47
2296	47
2297	47
2298	46
2299	46
2300	45
2301	45
2302	44
2303	45
2304	44
2305	43
2306	43
2307	46
2308	46
2309	46
2310	46
2311	46
2312	47
2313	47
2314	47
2315	47
2316	47
2317	47
2318	47
2319	46
2320	46
2321	46
2322	47
2323	47
2324	47
2325	46
2326	47
2327	47
2328	47
2329	47
2330	47
2331	47
2332	47
2333	45
2334	45
2335	45
2336	45
2337	45
2338	47
2339	46
2340	47
2341	47
2342	46
2343	44
2344	44
2345	44
2346	45
2347	46
2348	46
2349	49
2350	48
2351	47
2352	47
2353	47
2354	47
2355	47
2356	47
2357	47
2358	47
2359	47
2360	47
2361	46
2362	47
2363	48
2364	48
2365	48
2366	49
2367	48
2368	49
2369	47
2370	45
2371	48
2372	47
2373	48
2374	46
2375	48
2376	45
2377	45
2378	45
2379	45
2380	46
2381	46
2382	46
2383	46
2384	45
2385	47
2386	47
2387	48
2388	47
2389	45
2390	45
2391	47
2392	45
2393	45
2394	46
2395	45
2396	45
2397	44
2398	44
2399	45
2400	46
2401	45
2402	47
2403	45
2404	45
2405	45
2406	45
2407	45
2408	46
2409	45
2410	45
2411	45
2412	45
2413	45
2414	45
2415	45
2416	44
2417	45
2418	46
2419	47
2420	46
2421	48
2422	50
2423	49
2424	47
2425	46
2426	46
2427	48
2428	46
2429	46
2430	47
2431	45
2432	45
2433	45
2434	46
2435	44
2436	44
2437	45
2438	45
2439	45
2440	46
2441	47
2442	47
2443	47
2444	46
2445	47
2446	47
2447	47
2448	47
2449	45
2450	47
2451	45
2452	45
2453	45
2454	46
2455	46
2456	45
2457	46
2458	45
2459	45
2460	45
2461	45
2462	45
2463	46
2464	47
2465	47
2466	46
2467	44
2468	41
2469	43
2470	44
2471	45
2472	45
2473	45
2474	45
2475	45
2476	45
2477	44
2478	44
2479	45
2480	46
2481	44
2482	44
2483	44
2484	45
2485	47
2486	46
2487	46
2488	45
2489	48
2490	47
2491	47
2492	45
2493	45
2494	44
2495	44
2496	44
2497	44
2498	45
2499	47
2500	46
2501	47
2502	47
2503	46
2504	45
2505	44
2506	46
2507	44
2508	45
2509	48
2510	49
2511	48
2512	48
2513	46
2514	46
2515	45
2516	43
2517	43
2518	43
2519	46
2520	44
2521	45
2522	45
2523	45
2524	46
2525	44
2526	44
2527	45
2528	44
2529	45
2530	46
2531	46
2532	46
2533	46
2534	45
2535	45
2536	45
2537	46
2538	48
2539	48
2540	46
2541	46
2542	46
2543	45
2544	44
2545	45
2546	47
2547	47
2548	48
2549	48
2550	47
2551	47
2552	47
2553	46
2554	47
2555	48
2556	48
2557	47
2558	48
2559	47
2560	48
2561	47
2562	47
2563	47
2564	45
2565	45
2566	45
2567	44
2568	44
2569	44
2570	45
2571	45
2572	45
2573	45
2574	45
2575	45
2576	45
2577	46
2578	46
2579	46
2580	47
2581	47
2582	47
2583	45
2584	45
2585	45
2586	45
2587	45
2588	44
2589	43
2590	43
2591	44
2592	45
2593	45
2594	44
2595	46
2596	44
2597	45
2598	46
2599	47
2600	46
2601	46
2602	47
2603	46
2604	45
2605	46
2606	46
2607	46
2608	46
2609	46
2610	46
2611	47
2612	47
2613	46
2614	46
2615	46
2616	46
2617	44
2618	43
2619	42
2620	43
2621	45
2622	45
2623	45
2624	45
2625	46
2626	45
2627	46
2628	45
2629	47
2630	46
2631	46
2632	48
2633	49
2634	48
2635	46
2636	46
2637	46
2638	46
2639	45
2640	45
2641	48
2642	47
2643	47
2644	45
2645	47
2646	45
2647	45
2648	47
2649	46
2650	46
2651	48
2652	48
2653	48
2654	47
2655	46
2656	45
2657	45
2658	46
2659	45
2660	45
2661	43
2662	43
2663	43
2664	42
2665	41
2666	41
2667	41
2668	41
2669	41
2670	41
2671	41
2672	41
2673	41
2674	41
2675	41
2676	41
2677	41
2678	41
2679	41
2680	41
2681	41
2682	42
2683	41
2684	41
2685	42
2686	42
2687	42
2688	42
2689	42
2690	42
2691	42
2692	42
2693	42
2694	41
2695	41
2696	41
2697	41
2698	41
2699	41
2700	40
2701	40
2702	41
2703	42
2704	43
2705	43
2706	42
2707	43
2708	42
2709	43
2710	43
2711	43
2712	43
2713	42
2714	43
2715	43
2716	42
2717	43
2718	43
2719	43
2720	43
2721	44
2722	44
2723	44
2724	44
2725	44
2726	43
2727	43
2728	43
2729	44
2730	44
2731	44
2732	43
2733	42
2734	42
2735	43
2736	44
2737	45
2738	45
2739	45
2740	45
2741	45
2742	45
2743	45
2744	45
2745	45
2746	44
2747	45
2748	45
2749	45
2750	44
2751	44
2752	44
2753	44
2754	44
2755	45
2756	45
2757	43
2758	41
2759	41
2760	41
2761	41
2762	41
2763	41
2764	41
2765	41
2766	41
2767	41
2768	41
2769	42
2770	42
2771	42
2772	42
2773	42
2774	42
2775	42
2776	42
2777	42
2778	42
2779	42
2780	42
2781	42
2782	42
2783	42
2784	42
2785	41
2786	42
2787	41
2788	41
2789	42
2790	42
2791	45
2792	44
2793	45
2794	45
2795	45
2796	44
2797	44
2798	44
2799	43
2800	43
2801	44
2802	44
2803	44
2804	43
2805	44
2806	45
2807	45
2808	46
2809	46
2810	46
2811	47
2812	47
2813	48
2814	48
2815	47
2816	47
2817	47
2818	49
2819	48
2820	47
2821	47
2822	47
2823	47
2824	48
2825	46
2826	47
2827	47
2828	47
2829	47
2830	46
2831	46
2832	46
2833	44
2834	45
2835	45
2836	45
2837	46
2838	45
2839	45
2840	45
2841	45
2842	45
2843	45
2844	43
2845	45
2846	45
2847	45
2848	45
2849	46
2850	46
2851	45
2852	46
2853	45
2854	47
2855	47
2856	46
2857	47
2858	46
2859	46
2860	44
2861	46
2862	44
2863	44
2864	47
2865	45
2866	47
2867	46
2868	44
2869	47
2870	47
2871	46
2872	49
2873	48
2874	48
2875	47
2876	48
2877	48
2878	47
2879	47
2880	47
2881	45
2882	45
2883	46
2884	46
2885	48
2886	47
2887	47
2888	46
2889	47
2890	46
2891	47
2892	47
2893	46
2894	46
2895	45
2896	45
2897	45
2898	45
2899	44
2900	45
2901	46
2902	46
2903	47
2904	47
2905	47
2906	47
2907	48
2908	45
2909	44
2910	48
2911	48
2912	46
2913	45
2914	46
2915	44
2916	47
2917	47
2918	47
2919	46
2920	47
2921	47
2922	46
2923	46
2924	46
2925	45
2926	45
2927	46
2928	46
2929	46
2930	46
2931	44
2932	44
2933	45
2934	45
2935	47
2936	47
2937	46
2938	48
2939	47
2940	47
2941	46
2942	46
2943	45
2944	44
2945	42
2946	42
2947	42
2948	43
2949	45
2950	45
2951	43
2952	44
2953	44
2954	43
2955	42
2956	43
2957	42
2958	42
2959	42
2960	42
2961	44
2962	44
2963	43
2964	45
2965	45
2966	43
2967	43
2968	44
2969	43
2970	43
2971	43
2972	43
2973	42
2974	44
2975	43
2976	42
2977	42
2978	43
2979	45
2980	43
2981	43
2982	44
2983	42
2984	42
2985	42
2986	44
2987	44
2988	44
2989	45
2990	45
2991	44
2992	42
2993	43
2994	44
2995	44
2996	44
2997	44
2998	44
2999	43
3000	43
3001	43
3002	43
3003	42
3004	43
3005	42
3006	42
3007	44
3008	44
3009	46
3010	47
3011	46
3012	46
3013	45
3014	45
3015	46
3016	46
3017	45
3018	45
3019	44
3020	46
3021	45
3022	46
3023	47
3024	47
3025	46
3026	46
3027	45
3028	44
3029	46
3030	47
3031	47
3032	47
3033	46
3034	46
3035	46
3036	45
3037	45
3038	44
3039	44
3040	45
3041	45
3042	45
3043	45
3044	44
3045	43
3046	44
3047	45
3048	45
3049	45
3050	44
3051	44
3052	43
3053	43
3054	43
3055	44
3056	44
3057	45
3058	45
3059	44
3060	43
3061	44
3062	44
3063	44
3064	45
3065	45
3066	45
3067	45
3068	43
3069	42
3070	42
3071	43
3072	44
3073	43
3074	41
3075	43
3076	43
3077	45
3078	46
3079	46
3080	46
3081	45
3082	46
3083	45
3084	47
3085	47
3086	48
3087	48
3088	48
3089	48
3090	48
3091	49
3092	49
3093	48
3094	47
3095	45
3096	44
3097	45
3098	44
3099	44
3100	41
3101	45
3102	45
3103	45
3104	46
3105	46
3106	45
3107	44
3108	44
3109	43
3110	43
3111	43
3112	44
3113	44
3114	43
3115	44
3116	43
3117	44
3118	45
3119	44
3120	44
3121	44
3122	44
3123	45
3124	45
3125	46
3126	46
3127	46
3128	44
3129	44
3130	44
3131	45
3132	45
3133	45
3134	45
3135	45
3136	44
3137	45
3138	46
3139	46
3140	46
3141	46
3142	45
3143	45
3144	46
3145	45
3146	44
3147	44
3148	44
3149	43
3150	42
3151	42
3152	42
3153	42
3154	44
3155	42
3156	43
3157	44
3158	44
3159	43
3160	43
3161	43
3162	43
3163	45
3164	43
3165	44
3166	44
3167	43
3168	43
3169	43
3170	44
3171	44
3172	45
3173	47
3174	45
3175	45
3176	45
3177	47
3178	45
3179	46
3180	46
3181	45
3182	45
3183	45
3184	45
3185	45
3186	45
3187	43
3188	42
3189	42
3190	43
3191	44
3192	45
3193	42
3194	44
3195	45
3196	46
3197	46
3198	44
3199	44
3200	44
3201	45
3202	45
3203	46
3204	47
3205	46
3206	44
3207	43
3208	43
3209	43
3210	43
3211	44
3212	44
3213	46
3214	44
3215	44
3216	45
3217	47
3218	46
3219	44
3220	45
3221	43
3222	42
3223	45
3224	45
3225	46
3226	45
3227	46
3228	46
3229	47
3230	46
3231	46
3232	45
3233	46
3234	45
3235	45
3236	45
3237	45
3238	44
3239	44
3240	45
3241	45
3242	45
3243	46
3244	46
3245	46
3246	46
3247	46
3248	46
3249	46
3250	46
3251	46
3252	46
3253	46
3254	46
3255	46
3256	47
3257	48
3258	49
3259	46
3260	47
3261	47
3262	46
3263	47
3264	46
3265	43
3266	44
3267	45
3268	44
3269	45
3270	45
3271	44
3272	45
3273	45
3274	45
3275	45
3276	45
3277	45
3278	44
3279	45
3280	45
3281	45
3282	45
3283	44
3284	44
3285	45
3286	44
3287	43
3288	46
3289	46
3290	43
3291	42
3292	45
3293	45
3294	45
3295	45
3296	45
3297	45
3298	44
3299	44
3300	44
3301	43
3302	45
3303	45
3304	45
3305	44
3306	45
3307	44
3308	44
3309	45
3310	45
3311	45
3312	45
3313	45
3314	44
3315	44
3316	44
3317	43
3318	45
3319	45
3320	43
3321	45
3322	45
3323	46
3324	45
3325	45
3326	45
3327	45
3328	44
3329	44
3330	45
3331	45
3332	45
3333	44
3334	44
3335	45
3336	46
3337	46
3338	47
3339	46
3340	46
3341	49
3342	49
3343	47
3344	48
3345	48
3346	49
3347	49
3348	49
3349	47
3350	47
3351	45
3352	46
3353	47
3354	47
3355	47
3356	47
3357	46
3358	46
3359	47
3360	46
3361	46
3362	46
3363	45
3364	45
3365	45
3366	46
3367	46
3368	46
3369	46
3370	46
3371	45
3372	45
3373	46
3374	46
3375	45
3376	43
3377	44
3378	45
3379	44
3380	44
3381	44
3382	47
3383	46
3384	45
3385	45
3386	43
3387	43
3388	43
3389	42
3390	42
3391	43
3392	44
3393	45
3394	45
3395	46
3396	46
3397	44
3398	43
3399	43
3400	44
3401	42
3402	44
3403	42
3404	43
3405	43
3406	45
3407	46
3408	45
3409	43
3410	43
3411	43
3412	45
3413	43
3414	42
3415	43
3416	43
3417	43
3418	43
3419	42
3420	42
3421	42
3422	41
3423	42
3424	42
3425	41
3426	42
3427	41
3428	41
3429	43
3430	43
3431	44
3432	44
3433	41
3434	42
3435	43
3436	43
3437	44
3438	44
3439	43
3440	42
3441	42
3442	45
3443	44
3444	45
3445	46
3446	44
3447	46
3448	45
3449	45
3450	44
3451	45
3452	44
3453	44
3454	47
3455	46
3456	46
3457	46
3458	47
3459	46
3460	47
3461	47
3462	46
3463	45
3464	46
3465	46
3466	45
3467	44
3468	44
3469	46
3470	46
3471	45
3472	45
3473	45
3474	45
3475	45
3476	45
3477	45
3478	43
3479	43
3480	43
3481	44
3482	45
3483	44
3484	43
3485	44
3486	44
3487	44
3488	43
3489	43
3490	44
3491	45
3492	44
3493	44
3494	45
3495	45
3496	46
3497	44
3498	43
3499	43
3500	43
3501	43
3502	44
3503	44
3504	43
3505	46
3506	47
3507	46
3508	47
3509	49
3510	49
3511	50
3512	49
3513	49
3514	47
3515	47
3516	46
3517	46
3518	47
3519	47
3520	46
3521	46
3522	46
3523	46
3524	46
3525	46
3526	46
3527	45
3528	44
3529	44
3530	43
3531	44
3532	44
3533	44
3534	44
3535	46
3536	47
3537	48
3538	48
3539	44
3540	42
3541	43
3542	42
3543	42
3544	43
3545	43
3546	45
3547	45
3548	45
3549	45
3550	45
3551	44
3552	42
3553	43
3554	44
3555	46
3556	46
3557	47
3558	48
3559	47
3560	44
3561	45
3562	45
3563	44
3564	45
3565	45
3566	45
3567	46
3568	45
3569	45
3570	45
3571	45
3572	47
3573	46
3574	46
3575	46
3576	47
3577	45
3578	46
3579	47
3580	47
3581	47
3582	45
3583	44
3584	44
3585	44
3586	44
3587	44
3588	44
3589	45
3590	46
3591	46
3592	44
3593	45
3594	45
3595	45
3596	45
3597	46
3598	46
3599	46
3600	45
3601	45
3602	45
3603	45
3604	45
3605	45
3606	47
3607	47
3608	45
3609	44
3610	44
3611	45
3612	44
3613	46
3614	45
3615	46
3616	45
3617	46
3618	45
3619	45
3620	44
3621	44
3622	45
3623	47
3624	46
3625	46
3626	46
3627	46
3628	46
3629	45
3630	46
3631	45
3632	45
3633	45
3634	45
3635	46
3636	47
3637	48
3638	48
3639	48
3640	48
3641	48
3642	48
3643	48
3644	47
3645	47
3646	48
3647	46
3648	47
3649	46
3650	47
3651	46
3652	45
3653	44
3654	43
3655	43
3656	44
3657	47
3658	47
3659	47
3660	45
3661	47
3662	46
3663	46
3664	45
3665	46
3666	45
3667	46
3668	48
3669	48
3670	47
3671	47
3672	49
3673	47
3674	47
3675	46
3676	45
3677	46
3678	45
3679	44
3680	44
3681	46
3682	46
3683	48
3684	49
3685	49
3686	48
3687	48
3688	49
3689	48
3690	49
3691	47
3692	47
3693	45
3694	48
3695	49
3696	50
3697	47
3698	48
3699	48
3700	48
3701	49
3702	49
3703	49
3704	48
3705	49
3706	46
3707	47
3708	43
3709	44
3710	46
3711	47
3712	47
3713	47
3714	46
3715	46
3716	46
3717	46
3718	46
3719	47
3720	47
3721	46
3722	46
3723	44
3724	45
3725	46
3726	47
3727	46
3728	48
3729	49
3730	49
3731	48
3732	48
3733	47
3734	47
3735	45
3736	47
3737	47
3738	47
3739	48
3740	48
3741	47
3742	46
3743	46
3744	45
3745	44
3746	45
3747	46
3748	46
3749	46
3750	46
3751	44
3752	43
3753	44
3754	44
3755	43
3756	43
3757	44
3758	43
3759	44
3760	43
3761	43
3762	43
3763	43
3764	43
3765	43
3766	43
3767	43
3768	44
3769	45
3770	45
3771	44
3772	44
3773	45
3774	45
3775	45
3776	47
3777	48
3778	48
3779	48
3780	47
3781	46
3782	46
3783	46
3784	46
3785	46
3786	45
3787	47
3788	45
3789	46
3790	44
3791	45
3792	45
3793	44
3794	46
3795	47
3796	46
3797	47
3798	47
3799	45
3800	45
3801	42
3802	43
3803	43
3804	42
3805	43
3806	43
3807	43
3808	45
3809	46
3810	47
3811	46
3812	46
3813	46
3814	48
3815	48
3816	44
3817	44
3818	45
3819	45
3820	45
3821	44
3822	46
3823	47
3824	45
3825	46
3826	44
3827	44
3828	43
3829	45
3830	45
3831	46
3832	46
3833	47
3834	47
3835	45
3836	46
3837	46
3838	46
3839	45
3840	45
3841	46
3842	47
3843	48
3844	48
3845	48
3846	48
3847	48
3848	45
3849	45
3850	45
3851	46
3852	46
3853	47
3854	49
3855	49
3856	49
3857	48
3858	48
3859	48
3860	48
3861	47
3862	45
3863	45
3864	44
3865	45
3866	45
3867	46
3868	44
3869	42
3870	43
3871	43
3872	44
3873	44
3874	44
3875	46
3876	46
3877	44
3878	46
3879	46
3880	46
3881	46
3882	46
3883	46
3884	45
3885	44
3886	44
3887	44
3888	44
3889	44
3890	43
3891	44
3892	43
3893	43
3894	43
3895	45
3896	44
3897	45
3898	46
3899	46
3900	48
3901	49
3902	49
3903	50
3904	50
3905	49
3906	49
3907	49
3908	47
3909	46
3910	47
3911	48
3912	48
3913	50
3914	49
3915	49
3916	47
3917	48
3918	47
3919	45
3920	47
3921	44
3922	43
3923	45
3924	46
3925	48
3926	48
3927	47
3928	46
3929	47
3930	47
3931	48
3932	46
3933	46
3934	46
3935	47
3936	47
3937	47
3938	44
3939	47
3940	45
3941	46
3942	46
3943	45
3944	47
3945	47
3946	47
3947	46
3948	46
3949	46
3950	44
3951	45
3952	47
3953	45
3954	48
3955	46
3956	45
3957	45
3958	45
3959	43
3960	43
3961	42
3962	42
3963	44
3964	45
3965	44
3966	43
3967	43
3968	43
3969	44
3970	44
3971	45
3972	45
3973	44
3974	43
3975	44
3976	44
3977	44
3978	44
3979	47
3980	46
3981	47
3982	49
3983	48
3984	48
3985	48
3986	49
3987	50
3988	52
3989	49
3990	49
3991	48
3992	47
3993	49
3994	49
3995	48
3996	48
3997	47
3998	46
3999	48
4000	50
4001	50
4002	49
4003	45
4004	45
4005	46
4006	46
4007	46
4008	46
4009	46
4010	46
4011	47
4012	46
4013	45
4014	45
4015	45
4016	44
4017	45
4018	45
4019	45
4020	45
4021	45
4022	45
4023	45
4024	44
4025	45
4026	45
4027	45
4028	45
4029	48
4030	48
4031	49
4032	48
4033	48
4034	48
4035	47
4036	47
4037	47
4038	46
4039	47
4040	48
4041	49
4042	49
4043	49
4044	50
4045	48
4046	47
4047	47
4048	45
4049	45
4050	45
4051	44
4052	46
4053	45
4054	45
4055	47
4056	47
4057	48
4058	48
4059	45
4060	44
4061	45
4062	45
4063	47
4064	48
4065	48
4066	50
4067	49
4068	48
4069	47
4070	47
4071	45
4072	46
4073	46
4074	46
4075	47
4076	47
4077	47
4078	46
4079	45
4080	46
4081	48
4082	48
4083	47
4084	45
4085	46
4086	46
4087	46
4088	46
4089	46
4090	46
4091	45
4092	46
4093	46
4094	46
4095	46
4096	46
4097	45
4098	46
4099	46
4100	47
4101	47
4102	47
4103	48
4104	46
4105	44
4106	45
4107	45
4108	46
4109	46
4110	46
4111	46
4112	48
4113	48
4114	47
4115	47
4116	47
4117	49
4118	48
4119	48
4120	48
4121	47
4122	49
4123	49
4124	48
4125	47
4126	47
4127	46
4128	47
4129	46
4130	46
4131	45
4132	45
4133	46
4134	45
4135	45
4136	46
4137	46
4138	47
4139	48
4140	48
4141	47
4142	48
4143	48
4144	48
4145	47
4146	46
4147	46
4148	46
4149	46
4150	45
4151	45
4152	46
4153	46
4154	47
4155	48
4156	45
4157	46
4158	45
4159	47
4160	47
4161	46
4162	47
4163	46
4164	47
4165	45
4166	44
4167	44
4168	46
4169	45
4170	46
4171	45
4172	44
4173	44
4174	45
4175	45
4176	47
4177	48
4178	48
4179	47
4180	47
4181	47
4182	47
4183	49
4184	48
4185	48
4186	48
4187	48
4188	47
4189	48
4190	49
4191	49
4192	48
4193	48
4194	47
4195	46
4196	47
4197	45
4198	46
4199	46
4200	46
4201	46
4202	47
4203	47
4204	46
4205	48
4206	49
4207	48
4208	48
4209	47
4210	46
4211	47
4212	47
4213	47
4214	48
4215	48
4216	47
4217	48
4218	50
4219	50
4220	51
4221	47
4222	46
4223	45
4224	47
4225	46
4226	47
4227	48
4228	48
4229	48
4230	46
4231	49
4232	51
4233	49
4234	52
4235	51
4236	52
4237	51
4238	51
4239	50
4240	50
4241	51
4242	48
4243	48
4244	47
4245	48
4246	48
4247	48
4248	47
4249	46
4250	43
4251	43
4252	43
4253	43
4254	43
4255	46
4256	46
4257	45
4258	45
4259	47
4260	48
4261	47
4262	48
4263	48
4264	48
4265	47
4266	46
4267	47
4268	48
4269	48
4270	48
4271	48
4272	48
4273	49
4274	46
4275	46
4276	47
4277	45
4278	45
4279	46
4280	45
4281	46
4282	46
4283	47
4284	46
4285	47
4286	44
4287	45
4288	44
4289	44
4290	45
4291	43
4292	44
4293	47
4294	48
4295	48
4296	47
4297	46
4298	47
4299	47
4300	48
4301	47
4302	47
4303	47
4304	46
4305	47
4306	46
4307	46
4308	46
4309	43
4310	45
4311	45
4312	45
4313	45
4314	46
4315	46
4316	47
4317	46
4318	46
4319	46
4320	45
4321	45
4322	44
4323	44
4324	45
4325	46
4326	45
4327	46
4328	45
4329	45
4330	46
4331	46
4332	46
4333	47
4334	48
4335	48
4336	49
4337	48
4338	45
4339	47
4340	46
4341	47
4342	46
4343	46
4344	47
4345	45
4346	46
4347	47
4348	46
4349	46
4350	46
4351	47
4352	46
4353	45
4354	45
4355	47
4356	48
4357	48
4358	48
4359	46
4360	48
4361	46
4362	47
4363	45
4364	46
4365	47
4366	46
4367	46
4368	46
4369	47
4370	48
4371	46
4372	45
4373	46
4374	45
4375	46
4376	45
4377	46
4378	45
4379	44
4380	45
4381	45
4382	46
4383	47
4384	47
4385	46
4386	46
4387	46
4388	46
4389	46
4390	47
4391	47
4392	47
4393	47
4394	47
4395	47
4396	46
4397	45
4398	45
4399	45
4400	45
4401	45
4402	45
4403	45
4404	47
4405	45
4406	43
4407	43
4408	42
4409	42
4410	42
4411	43
4412	42
4413	42
4414	42
4415	42
4416	43
4417	45
4418	44
4419	44
4420	43
4421	43
4422	42
4423	44
4424	43
4425	43
4426	43
4427	43
4428	43
4429	42
4430	42
4431	42
4432	43
4433	43
4434	43
4435	43
4436	43
4437	42
4438	42
4439	42
4440	42
4441	42
4442	42
4443	42
4444	42
4445	42
4446	42
4447	42
4448	42
4449	42
4450	43
4451	42
4452	43
4453	44
4454	44
4455	44
4456	43
4457	43
4458	43
4459	43
4460	43
4461	45
4462	44
4463	44
4464	44
4465	44
4466	45
4467	46
4468	47
4469	46
4470	46
4471	45
4472	46
4473	47
4474	45
4475	44
4476	43
4477	43
4478	44
4479	45
4480	45
4481	45
4482	45
4483	46
4484	46
4485	45
4486	44
4487	45
4488	45
4489	45
4490	45
4491	47
4492	47
4493	47
4494	46
4495	47
4496	47
4497	45
4498	46
4499	45
4500	45
4501	44
4502	44
4503	44
4504	44
4505	45
4506	45
4507	43
4508	44
4509	44
4510	43
4511	44
4512	44
4513	46
4514	46
4515	46
4516	46
4517	45
4518	44
4519	44
4520	45
4521	45
4522	46
4523	45
4524	46
4525	46
4526	45
4527	43
4528	45
4529	46
4530	46
4531	48
4532	47
4533	46
4534	47
4535	47
4536	47
4537	46
4538	47
4539	48
4540	47
4541	45
4542	45
4543	45
4544	45
4545	45
4546	45
4547	44
4548	43
4549	44
4550	45
4551	45
4552	45
4553	46
4554	45
4555	45
4556	44
4557	45
4558	45
4559	45
4560	45
4561	45
4562	45
4563	44
4564	47
4565	45
4566	46
4567	46
4568	48
4569	50
4570	48
4571	47
4572	47
4573	49
4574	47
4575	47
4576	47
4577	46
4578	46
4579	47
4580	47
4581	47
4582	47
4583	47
4584	47
4585	47
4586	45
4587	45
4588	45
4589	45
4590	45
4591	45
4592	45
4593	45
4594	46
4595	47
4596	48
4597	48
4598	48
4599	49
4600	48
4601	48
4602	50
4603	48
4604	48
4605	49
4606	48
4607	49
4608	46
4609	49
4610	48
4611	47
4612	47
4613	46
4614	46
4615	45
4616	46
4617	45
4618	42
4619	43
4620	45
4621	46
4622	47
4623	47
4624	47
4625	47
4626	47
4627	47
4628	47
4629	47
4630	50
4631	49
4632	49
4633	46
4634	47
4635	47
4636	46
4637	45
4638	43
4639	45
4640	45
4641	44
4642	44
4643	43
4644	44
4645	45
4646	43
4647	44
4648	44
4649	43
4650	44
4651	48
4652	48
4653	47
4654	45
4655	45
4656	45
4657	45
4658	46
4659	44
4660	43
4661	43
4662	43
4663	42
4664	42
4665	43
4666	42
4667	43
4668	43
4669	42
4670	43
4671	43
4672	44
4673	45
4674	46
4675	46
4676	46
4677	45
4678	45
4679	43
4680	43
4681	44
4682	45
4683	49
4684	48
4685	49
4686	48
4687	47
4688	47
4689	47
4690	47
4691	47
4692	47
4693	45
4694	45
4695	44
4696	44
4697	43
4698	44
4699	45
4700	45
4701	45
4702	45
4703	45
4704	45
4705	47
4706	48
4707	45
4708	48
4709	47
4710	48
4711	48
4712	48
4713	48
4714	47
4715	47
4716	45
4717	47
4718	47
4719	48
4720	47
4721	48
4722	48
4723	48
4724	48
4725	48
4726	47
4727	44
4728	44
4729	44
4730	44
4731	43
4732	43
4733	43
4734	43
4735	44
4736	44
4737	43
4738	43
4739	43
4740	44
4741	44
4742	45
4743	46
4744	46
4745	47
4746	45
4747	43
4748	42
4749	43
4750	45
4751	45
4752	45
4753	45
4754	45
4755	43
4756	46
4757	46
4758	46
4759	45
4760	47
4761	47
4762	47
4763	47
4764	46
4765	46
4766	46
4767	46
4768	46
4769	46
4770	47
4771	46
4772	44
4773	43
4774	43
4775	43
4776	45
4777	46
4778	44
4779	44
4780	44
4781	42
4782	43
4783	44
4784	44
4785	44
4786	45
4787	45
4788	45
4789	44
4790	43
4791	44
4792	44
4793	44
4794	45
4795	45
4796	43
4797	44
4798	45
4799	45
4800	45
4801	44
4802	44
4803	44
4804	45
4805	45
4806	44
4807	45
4808	46
4809	47
4810	48
4811	46
4812	47
4813	43
4814	46
4815	48
4816	48
4817	46
4818	47
4819	47
4820	47
4821	47
4822	46
4823	46
4824	46
4825	46
4826	45
4827	46
4828	46
4829	46
4830	46
4831	46
4832	45
4833	47
4834	46
4835	44
4836	43
4837	44
4838	44
4839	44
4840	45
4841	45
4842	45
4843	45
4844	44
4845	43
4846	43
4847	43
4848	43
4849	43
4850	42
4851	42
4852	43
4853	43
4854	43
4855	43
4856	44
4857	44
4858	44
4859	45
4860	46
4861	44
4862	42
4863	46
4864	45
4865	42
4866	42
4867	43
4868	43
4869	43
4870	44
4871	43
4872	43
4873	43
4874	43
4875	44
4876	44
4877	44
4878	44
4879	43
4880	43
4881	48
4882	47
4883	48
4884	47
4885	47
4886	48
4887	48
4888	48
4889	47
4890	46
4891	46
4892	48
4893	45
4894	46
4895	45
4896	45
4897	44
4898	44
4899	43
4900	42
4901	44
4902	44
4903	44
4904	43
4905	44
4906	44
4907	44
4908	44
4909	44
4910	44
4911	45
4912	45
4913	43
4914	43
4915	46
4916	44
4917	44
4918	44
4919	45
4920	46
4921	46
4922	46
4923	46
4924	46
4925	46
4926	45
4927	44
4928	44
4929	44
4930	44
4931	43
4932	43
4933	43
4934	43
4935	42
4936	41
4937	45
4938	46
4939	46
4940	46
4941	46
4942	46
4943	48
4944	47
4945	48
4946	46
4947	45
4948	44
4949	44
4950	44
4951	43
4952	45
4953	45
4954	44
4955	43
4956	44
4957	47
4958	46
4959	47
4960	47
4961	48
4962	47
4963	47
4964	48
4965	47
4966	46
4967	45
4968	46
4969	46
4970	46
4971	46
4972	47
4973	47
4974	46
4975	46
4976	47
4977	44
4978	44
4979	46
4980	43
4981	44
4982	43
4983	44
4984	45
4985	45
4986	47
4987	46
4988	44
4989	44
4990	44
4991	43
4992	44
4993	43
4994	43
4995	43
4996	43
4997	44
4998	44
4999	45
5000	45
5001	45
5002	45
5003	45
5004	44
5005	44
5006	45
5007	45
5008	44
5009	44
5010	44
5011	45
5012	43
5013	44
5014	46
5015	47
5016	45
5017	45
5018	44
5019	45
5020	45
5021	45
5022	46
5023	45
5024	45
5025	45
5026	46
5027	46
5028	46
5029	47
5030	46
5031	45
5032	46
5033	46
5034	46
5035	46
5036	45
5037	46
5038	44
5039	45
5040	45
5041	46
5042	46
5043	44
5044	43
5045	42
5046	43
5047	43
5048	44
5049	43
5050	43
5051	44
5052	45
5053	45
5054	45
5055	45
5056	46
5057	46
5058	44
5059	44
5060	44
5061	46
5062	47
5063	45
5064	45
5065	43
5066	45
5067	46
5068	46
5069	46
5070	45
5071	46
5072	46
5073	46
5074	45
5075	46
5076	44
5077	45
5078	45
5079	44
5080	45
5081	45
5082	46
5083	45
5084	45
5085	45
5086	46
5087	46
5088	44
5089	45
5090	44
5091	42
5092	44
5093	45
5094	46
5095	45
5096	45
5097	45
5098	46
5099	45
5100	43
5101	45
5102	45
5103	44
5104	43
5105	43
5106	43
5107	43
5108	43
5109	43
5110	44
5111	43
5112	45
5113	44
5114	44
5115	45
5116	45
5117	44
5118	44
5119	45
5120	46
5121	45
5122	46
5123	46
5124	46
5125	45
5126	45
5127	45
5128	45
5129	46
5130	46
5131	46
5132	46
5133	46
5134	46
5135	46
5136	45
5137	44
5138	44
5139	45
5140	45
5141	42
5142	43
5143	43
5144	45
5145	44
5146	45
5147	44
5148	44
5149	43
5150	45
5151	46
5152	45
5153	45
5154	46
5155	46
5156	46
5157	45
5158	45
5159	44
5160	46
5161	46
5162	46
5163	46
5164	46
5165	46
5166	46
5167	46
5168	45
5169	45
5170	45
5171	44
5172	44
5173	41
5174	43
5175	44
5176	43
5177	42
5178	43
5179	42
5180	42
5181	41
5182	41
5183	41
5184	41
5185	41
5186	41
5187	41
5188	41
5189	41
5190	41
5191	41
5192	41
5193	41
5194	41
5195	42
5196	44
5197	45
5198	45
5199	46
5200	46
5201	45
5202	46
5203	43
5204	43
5205	42
5206	43
5207	43
5208	43
5209	43
5210	43
5211	43
5212	43
5213	43
5214	43
5215	43
5216	46
5217	46
5218	44
5219	42
5220	42
5221	44
5222	43
5223	40
5224	40
5225	39
5226	39
5227	40
5228	39
5229	41
5230	44
5231	45
5232	45
5233	46
5234	44
5235	46
5236	46
5237	46
5238	44
5239	45
5240	43
5241	43
5242	44
5243	43
5244	45
5245	45
5246	44
5247	44
5248	44
5249	44
5250	43
5251	44
5252	43
5253	46
5254	46
5255	47
5256	44
5257	43
5258	43
5259	45
5260	46
5261	44
5262	45
5263	45
5264	45
5265	47
5266	46
5267	46
5268	46
5269	46
5270	45
5271	46
5272	46
5273	45
5274	44
5275	44
5276	42
5277	42
5278	42
5279	41
5280	42
5281	43
5282	45
5283	45
5284	46
5285	45
5286	45
5287	45
5288	45
5289	45
5290	43
5291	43
5292	44
5293	45
5294	44
5295	46
5296	46
5297	46
5298	46
5299	46
5300	45
5301	45
5302	46
5303	45
5304	45
5305	46
5306	47
5307	46
5308	46
5309	46
5310	46
5311	47
5312	46
5313	46
5314	48
5315	47
5316	45
5317	46
5318	46
5319	45
5320	46
5321	46
5322	45
5323	48
5324	45
5325	44
5326	46
5327	46
5328	46
5329	46
5330	46
5331	47
5332	45
5333	46
5334	46
5335	46
5336	45
5337	44
5338	44
5339	45
5340	45
5341	45
5342	45
5343	47
5344	45
5345	46
5346	47
5347	47
5348	47
5349	47
5350	46
5351	46
5352	47
5353	46
5354	46
5355	47
5356	49
5357	50
5358	49
5359	49
5360	48
5361	46
5362	47
5363	45
5364	45
5365	45
5366	48
5367	49
5368	47
5369	47
5370	48
5371	47
5372	48
5373	46
5374	49
5375	47
5376	45
5377	44
5378	45
5379	44
5380	44
5381	47
5382	45
5383	44
5384	45
5385	45
5386	45
5387	45
5388	45
5389	46
5390	46
5391	45
5392	45
5393	45
5394	45
5395	45
5396	45
5397	46
5398	45
5399	45
5400	44
5401	45
5402	44
5403	43
5404	43
5405	43
5406	44
5407	43
5408	45
5409	45
5410	45
5411	45
5412	45
5413	45
5414	47
5415	48
5416	48
5417	49
5418	50
5419	49
5420	48
5421	48
5422	49
5423	47
5424	46
5425	46
5426	46
5427	46
5428	48
5429	47
5430	45
5431	43
5432	44
5433	45
5434	45
5435	45
5436	45
5437	45
5438	45
5439	45
5440	45
5441	45
5442	45
5443	45
5444	45
5445	45
5446	45
5447	45
5448	45
5449	43
5450	43
5451	44
5452	45
5453	45
5454	45
5455	45
5456	44
5457	44
5458	45
5459	45
5460	45
5461	45
5462	45
5463	45
5464	44
5465	44
5466	45
5467	45
5468	45
5469	45
5470	45
5471	45
5472	45
5473	44
5474	44
5475	43
5476	45
5477	45
5478	45
5479	44
5480	45
5481	44
5482	45
5483	45
5484	45
5485	45
5486	45
5487	45
5488	45
5489	45
5490	45
5491	45
5492	45
5493	45
5494	45
5495	45
5496	45
5497	45
5498	44
5499	45
5500	45
5501	45
5502	45
5503	46
5504	46
5505	45
5506	47
5507	47
5508	46
5509	45
5510	46
5511	47
5512	47
5513	47
5514	47
5515	48
5516	49
5517	45
5518	45
5519	43
5520	42
5521	44
5522	43
5523	43
5524	43
5525	43
5526	44
5527	44
5528	44
5529	45
5530	45
5531	46
5532	46
5533	47
5534	46
5535	47
5536	46
5537	46
5538	45
5539	44
5540	45
5541	46
5542	46
5543	45
5544	44
5545	45
5546	45
5547	45
5548	43
5549	43
5550	44
5551	45
5552	46
5553	46
5554	46
5555	46
5556	46
5557	46
5558	46
5559	47
5560	46
5561	46
5562	46
5563	46
5564	46
5565	46
5566	46
5567	46
5568	46
5569	45
5570	45
5571	45
5572	45
5573	47
5574	47
5575	46
5576	46
5577	46
5578	46
5579	45
5580	45
5581	45
5582	45
5583	46
5584	46
5585	46
5586	46
5587	48
5588	48
5589	47
5590	48
5591	48
5592	48
5593	49
5594	49
5595	50
5596	50
5597	48
5598	48
5599	48
5600	48
5601	48
5602	50
5603	50
5604	50
5605	50
5606	50
5607	49
5608	49
5609	49
5610	49
5611	48
5612	48
5613	49
5614	48
5615	48
5616	48
5617	48
5618	47
5619	47
5620	47
5621	46
5622	46
5623	46
5624	46
5625	46
5626	46
5627	45
5628	46
5629	47
5630	48
5631	47
5632	46
5633	46
5634	46
5635	46
5636	46
5637	46
5638	46
5639	46
5640	45
5641	44
5642	45
5643	47
5644	46
5645	46
5646	47
5647	48
5648	45
5649	45
5650	47
5651	46
5652	45
5653	45
5654	46
5655	44
5656	44
5657	43
5658	44
5659	46
5660	48
5661	48
5662	49
5663	48
5664	48
5665	48
5666	48
5667	48
5668	48
5669	48
5670	48
5671	48
5672	48
5673	47
5674	47
5675	48
5676	48
5677	47
5678	45
5679	46
5680	48
5681	48
5682	47
5683	47
5684	47
5685	47
5686	48
5687	48
5688	48
5689	48
5690	47
5691	47
5692	46
5693	46
5694	46
5695	46
5696	46
5697	46
5698	46
5699	47
5700	46
5701	46
5702	45
5703	47
5704	48
5705	48
5706	48
5707	47
5708	46
5709	46
5710	46
5711	46
5712	46
5713	45
5714	45
5715	46
5716	46
5717	45
5718	47
5719	47
5720	48
5721	48
5722	48
5723	48
5724	48
5725	48
5726	48
5727	48
5728	48
5729	47
5730	47
5731	47
5732	48
5733	48
5734	48
5735	48
5736	47
5737	47
5738	45
5739	47
5740	48
5741	48
5742	48
5743	48
5744	45
5745	43
5746	44
5747	43
5748	45
5749	48
5750	46
5751	46
5752	45
5753	47
5754	47
5755	46
5756	45
5757	46
5758	42
5759	43
5760	42
5761	42
5762	42
5763	42
5764	42
5765	42
5766	44
5767	44
5768	43
5769	41
5770	40
5771	40
5772	40
5773	39
5774	38
5775	38
5776	40
5777	40
5778	42
5779	42
5780	42
5781	45
5782	45
5783	46
5784	46
5785	44
5786	44
5787	45
5788	47
5789	46
5790	47
5791	46
5792	46
5793	45
5794	45
5795	46
5796	47
5797	46
5798	46
5799	45
5800	45
5801	45
5802	46
5803	46
5804	46
5805	44
5806	44
5807	44
5808	45
5809	46
5810	47
5811	46
5812	46
5813	46
5814	46
5815	46
5816	44
5817	44
5818	43
5819	43
5820	43
5821	42
5822	42
5823	43
5824	42
5825	43
5826	43
5827	43
5828	41
5829	41
5830	43
5831	44
5832	43
5833	43
5834	45
5835	45
5836	45
5837	45
5838	44
5839	44
5840	44
5841	44
5842	43
5843	42
5844	42
5845	43
5846	43
5847	44
5848	44
5849	45
5850	45
5851	45
5852	46
5853	44
5854	44
5855	43
5856	42
5857	43
5858	43
5859	43
5860	43
5861	43
5862	44
5863	43
5864	43
5865	43
5866	45
5867	44
5868	43
5869	43
5870	43
5871	43
5872	43
5873	43
5874	44
5875	43
5876	43
5877	44
5878	46
5879	46
5880	46
5881	46
5882	45
5883	45
5884	45
5885	45
5886	44
5887	43
5888	43
5889	43
5890	42
5891	43
5892	42
5893	43
5894	45
5895	43
5896	45
5897	45
5898	45
5899	45
5900	45
5901	45
5902	43
5903	42
5904	43
5905	43
5906	39
5907	40
5908	40
5909	44
5910	44
5911	47
5912	47
5913	48
5914	48
5915	46
5916	46
5917	47
5918	46
5919	47
5920	47
5921	46
5922	48
5923	47
5924	46
5925	47
5926	49
5927	47
5928	48
5929	47
5930	49
5931	47
5932	47
5933	45
5934	45
5935	45
5936	46
5937	46
5938	46
5939	48
5940	48
5941	47
5942	47
5943	46
5944	46
5945	48
5946	47
5947	45
5948	46
5949	44
5950	44
5951	44
5952	44
5953	43
5954	43
5955	43
5956	44
5957	48
5958	47
5959	47
5960	47
5961	46
5962	45
5963	45
5964	45
5965	46
5966	46
5967	45
5968	44
5969	44
5970	44
5971	45
5972	46
5973	45
5974	45
5975	45
5976	47
5977	48
5978	47
5979	45
5980	47
5981	44
5982	44
5983	46
5984	47
5985	49
5986	49
5987	48
5988	46
5989	47
5990	44
5991	44
5992	46
5993	47
5994	47
5995	47
5996	49
5997	48
5998	49
5999	48
6000	49
6001	49
6002	50
6003	50
6004	49
6005	50
6006	49
6007	50
6008	49
6009	49
6010	48
6011	49
6012	50
6013	49
6014	47
6015	47
6016	46
6017	46
6018	46
6019	46
6020	45
6021	44
6022	45
6023	47
6024	44
6025	44
6026	44
6027	44
6028	44
6029	45
6030	46
6031	48
6032	47
6033	47
6034	47
6035	48
6036	49
6037	48
6038	45
6039	48
6040	48
6041	50
6042	48
6043	48
6044	47
6045	44
6046	46
6047	48
6048	47
6049	47
6050	47
6051	45
6052	46
6053	45
6054	45
6055	46
6056	46
6057	46
6058	46
6059	47
6060	47
6061	46
6062	46
6063	45
6064	45
6065	45
6066	45
6067	43
6068	43
6069	44
6070	45
6071	46
6072	46
6073	47
6074	47
6075	47
6076	46
6077	48
6078	48
6079	48
6080	45
6081	45
6082	45
6083	45
6084	44
6085	45
6086	46
6087	46
6088	46
6089	45
6090	45
6091	46
6092	45
6093	46
6094	45
6095	47
6096	50
6097	49
6098	49
6099	50
6100	48
6101	47
6102	47
6103	48
6104	47
6105	46
6106	47
6107	49
6108	46
6109	46
6110	47
6111	47
6112	47
6113	48
6114	49
6115	49
6116	49
6117	47
6118	45
6119	45
6120	46
6121	46
6122	44
6123	45
6124	46
6125	46
6126	45
6127	45
6128	45
6129	46
6130	47
6131	46
6132	45
6133	45
6134	45
6135	45
6136	45
6137	45
6138	45
6139	45
6140	45
6141	45
6142	46
6143	46
6144	46
6145	46
6146	47
6147	47
6148	47
6149	47
6150	47
6151	47
6152	47
6153	46
6154	45
6155	45
6156	46
6157	47
6158	47
6159	47
6160	47
6161	47
6162	47
6163	47
6164	47
6165	47
6166	47
6167	47
6168	47
6169	45
6170	44
6171	44
6172	45
6173	46
6174	47
6175	47
6176	47
6177	47
6178	48
6179	47
6180	46
6181	46
6182	47
6183	49
6184	47
6185	46
6186	46
6187	45
6188	46
6189	45
6190	48
6191	45
6192	46
6193	47
6194	47
6195	46
6196	45
6197	47
6198	45
6199	45
6200	46
6201	46
6202	46
6203	45
6204	43
6205	43
6206	43
6207	43
6208	44
6209	44
6210	45
6211	46
6212	47
6213	47
6214	47
6215	47
6216	47
6217	47
6218	47
6219	47
6220	46
6221	47
6222	47
6223	47
6224	47
6225	47
6226	47
6227	47
6228	46
6229	46
6230	46
6231	46
6232	47
6233	46
6234	46
6235	46
6236	46
6237	47
6238	47
6239	47
6240	47
6241	46
6242	46
6243	47
6244	45
6245	47
6246	47
6247	48
6248	47
6249	48
6250	47
6251	47
6252	47
6253	45
6254	47
6255	47
6256	47
6257	44
6258	46
6259	46
6260	46
6261	47
6262	48
6263	47
6264	49
6265	47
6266	48
6267	48
6268	48
6269	47
6270	48
6271	48
6272	48
6273	47
6274	46
6275	47
6276	49
6277	46
6278	45
6279	46
6280	46
6281	49
6282	49
6283	48
6284	49
6285	48
6286	48
6287	45
6288	45
6289	48
6290	47
6291	46
6292	46
6293	48
6294	49
6295	51
6296	51
6297	49
6298	49
6299	45
6300	47
6301	47
6302	48
6303	47
6304	48
6305	48
6306	51
6307	50
6308	48
6309	47
6310	48
6311	48
6312	48
6313	48
6314	48
6315	48
6316	47
6317	46
6318	46
6319	49
6320	50
6321	49
6322	47
6323	48
6324	49
6325	49
6326	50
6327	48
6328	45
6329	47
6330	47
6331	47
6332	46
6333	45
6334	44
6335	46
6336	46
6337	45
6338	45
6339	44
6340	43
6341	44
6342	45
6343	45
6344	46
6345	46
6346	45
6347	46
6348	47
6349	46
6350	46
6351	47
6352	48
6353	47
6354	48
6355	48
6356	47
6357	47
6358	49
6359	44
6360	44
6361	45
6362	47
6363	47
6364	46
6365	45
6366	45
6367	44
6368	43
6369	44
6370	43
6371	44
6372	47
6373	48
6374	49
6375	50
6376	49
6377	48
6378	46
6379	46
6380	47
6381	45
6382	45
6383	47
6384	47
6385	47
6386	49
6387	47
6388	48
6389	49
6390	49
6391	49
6392	49
6393	49
6394	48
6395	48
6396	48
6397	49
6398	48
6399	48
6400	49
6401	49
6402	48
6403	49
6404	48
6405	49
6406	50
6407	49
6408	49
6409	48
6410	47
6411	48
6412	49
6413	48
6414	49
6415	49
6416	49
6417	50
6418	49
6419	50
6420	49
6421	49
6422	48
6423	49
6424	49
6425	50
6426	51
6427	51
6428	49
6429	48
6430	48
6431	46
6432	46
6433	46
6434	46
6435	47
6436	46
6437	47
6438	45
6439	46
6440	45
6441	46
6442	46
6443	45
6444	46
6445	45
6446	45
6447	46
6448	45
6449	45
6450	45
6451	46
6452	45
6453	45
6454	46
6455	46
6456	48
6457	48
6458	48
6459	48
6460	47
6461	48
6462	48
6463	47
6464	46
6465	45
6466	45
6467	46
6468	46
6469	45
6470	44
6471	44
6472	44
6473	43
6474	42
6475	43
6476	44
6477	43
6478	45
6479	45
6480	47
6481	47
6482	47
6483	46
6484	47
6485	47
6486	45
6487	45
6488	46
6489	46
6490	47
6491	46
6492	45
6493	45
6494	45
6495	46
6496	47
6497	46
6498	46
6499	46
6500	45
6501	45
6502	47
6503	48
6504	47
6505	48
6506	48
6507	47
6508	48
6509	47
6510	49
6511	48
6512	47
6513	47
6514	46
6515	46
6516	45
6517	45
6518	44
6519	44
6520	45
6521	46
6522	46
6523	46
6524	47
6525	46
6526	47
6527	45
6528	44
6529	47
6530	44
6531	47
6532	46
6533	46
6534	47
6535	49
6536	47
6537	47
6538	47
6539	47
6540	46
6541	45
6542	47
6543	46
6544	46
6545	47
6546	47
6547	48
6548	48
6549	49
6550	47
6551	46
6552	46
6553	47
6554	47
6555	48
6556	47
6557	47
6558	48
6559	47
6560	47
6561	49
6562	48
6563	48
6564	48
6565	50
6566	50
6567	48
6568	46
6569	48
6570	48
6571	48
6572	47
6573	46
6574	47
6575	48
6576	48
6577	48
6578	46
6579	47
6580	46
6581	47
6582	46
6583	47
6584	47
6585	46
6586	46
6587	48
6588	47
6589	46
6590	47
6591	48
6592	48
6593	46
6594	46
6595	46
6596	45
6597	47
6598	47
6599	47
6600	47
6601	48
6602	47
6603	47
6604	47
6605	47
6606	47
6607	46
6608	46
6609	44
6610	44
6611	44
6612	44
6613	46
6614	47
6615	47
6616	46
6617	46
6618	46
6619	46
6620	46
6621	47
6622	48
6623	48
6624	47
6625	48
6626	49
6627	50
6628	49
6629	48
6630	50
6631	50
6632	50
6633	49
6634	48
6635	48
6636	48
6637	49
6638	49
6639	48
6640	48
6641	47
6642	45
6643	45
6644	46
6645	47
6646	48
6647	47
6648	46
6649	47
6650	48
6651	47
6652	48
6653	47
6654	47
6655	44
6656	45
6657	45
6658	44
6659	46
6660	45
6661	47
6662	47
6663	47
6664	48
6665	46
6666	46
6667	45
6668	45
6669	45
6670	45
6671	45
6672	46
6673	44
6674	44
6675	44
6676	44
6677	46
6678	45
6679	44
6680	44
6681	44
6682	45
6683	45
6684	46
6685	46
6686	45
6687	44
6688	45
6689	46
6690	46
6691	46
6692	45
6693	43
6694	43
6695	44
6696	44
6697	46
6698	46
6699	47
6700	45
6701	45
6702	46
6703	47
6704	46
6705	45
6706	46
6707	46
6708	45
6709	45
6710	45
6711	44
6712	43
6713	43
6714	45
6715	45
6716	46
6717	48
6718	47
6719	47
6720	46
6721	47
6722	48
6723	49
6724	48
6725	48
6726	48
6727	50
6728	49
6729	48
6730	48
6731	48
6732	47
6733	48
6734	48
6735	48
6736	48
6737	48
6738	49
6739	48
6740	49
6741	47
6742	47
6743	47
6744	48
6745	48
6746	48
6747	48
6748	48
6749	47
6750	47
6751	48
6752	48
6753	47
6754	50
6755	50
6756	49
6757	48
6758	46
6759	48
6760	46
6761	46
6762	47
6763	47
6764	47
6765	46
6766	47
6767	47
6768	47
6769	49
6770	48
6771	46
6772	47
6773	47
6774	50
6775	48
6776	48
6777	47
6778	48
6779	47
6780	47
6781	47
6782	47
6783	48
6784	46
6785	45
6786	45
6787	45
6788	46
6789	47
6790	47
6791	49
6792	48
6793	49
6794	48
6795	48
6796	47
6797	47
6798	45
6799	45
6800	46
6801	45
6802	43
6803	43
6804	45
6805	45
6806	49
6807	48
6808	49
6809	47
6810	47
6811	47
6812	48
6813	48
6814	48
6815	47
6816	47
6817	46
6818	46
6819	48
6820	47
6821	47
6822	47
6823	48
6824	49
6825	48
6826	47
6827	46
6828	44
6829	45
6830	46
6831	46
6832	47
6833	48
6834	49
6835	48
6836	48
6837	48
6838	49
6839	49
6840	49
6841	49
6842	50
6843	49
6844	51
6845	50
6846	49
6847	48
6848	46
6849	47
6850	48
6851	49
6852	49
6853	49
6854	51
6855	49
6856	49
6857	47
6858	48
6859	48
6860	48
6861	47
6862	46
6863	48
6864	48
6865	48
6866	48
6867	47
6868	47
6869	47
6870	48
6871	48
6872	48
6873	48
6874	48
6875	48
6876	48
6877	48
6878	49
6879	49
6880	49
6881	49
6882	47
6883	47
6884	48
6885	49
6886	49
6887	49
6888	49
6889	49
6890	49
6891	49
6892	50
6893	50
6894	49
6895	50
6896	50
6897	49
6898	48
6899	48
6900	47
6901	46
6902	45
6903	45
6904	46
6905	45
6906	45
6907	46
6908	48
6909	48
6910	47
6911	46
6912	48
6913	45
6914	45
6915	45
6916	44
6917	46
6918	47
6919	46
6920	46
6921	46
6922	45
6923	46
6924	46
6925	45
6926	45
6927	47
6928	45
6929	45
6930	45
6931	46
6932	45
6933	44
6934	44
6935	43
6936	43
6937	43
6938	43
6939	44
6940	45
6941	46
6942	45
6943	47
6944	47
6945	47
6946	48
6947	47
6948	47
6949	47
6950	48
6951	47
6952	48
6953	49
6954	50
6955	51
6956	50
6957	50
6958	47
6959	46
6960	46
6961	47
6962	47
6963	47
6964	47
6965	47
6966	48
6967	47
6968	47
6969	47
6970	49
6971	51
6972	49
6973	48
6974	48
6975	47
6976	48
6977	48
6978	49
6979	49
6980	50
6981	50
6982	50
6983	46
6984	47
6985	46
6986	48
6987	48
6988	46
6989	46
6990	46
6991	46
6992	47
6993	47
6994	47
6995	48
6996	49
6997	49
6998	48
6999	49
7000	49
7001	48
7002	47
7003	46
7004	46
7005	45
7006	45
7007	47
7008	44
7009	44
7010	43
7011	43
7012	45
7013	45
7014	45
7015	46
7016	46
7017	46
7018	46
7019	47
7020	48
7021	48
7022	48
7023	48
7024	48
7025	48
7026	48
7027	48
7028	47
7029	47
7030	48
7031	48
7032	46
7033	46
7034	48
7035	48
7036	49
7037	48
7038	46
7039	47
7040	45
7041	46
7042	48
7043	49
7044	47
7045	45
7046	47
7047	47
7048	48
7049	48
7050	49
7051	49
7052	48
7053	47
7054	47
7055	48
7056	47
7057	47
7058	48
7059	49
7060	48
7061	47
7062	48
7063	49
7064	49
7065	49
7066	48
7067	48
7068	48
7069	48
7070	49
7071	47
7072	46
7073	46
7074	46
7075	46
7076	47
7077	46
7078	45
7079	45
7080	46
7081	46
7082	47
7083	48
7084	47
7085	47
7086	46
7087	47
7088	48
7089	49
7090	47
7091	47
7092	47
7093	46
7094	47
7095	47
7096	45
7097	45
7098	46
7099	46
7100	46
7101	46
7102	48
7103	48
7104	48
7105	48
7106	47
7107	47
7108	47
7109	47
7110	47
7111	48
7112	48
7113	48
7114	48
7115	48
7116	48
7117	47
7118	47
7119	47
7120	46
7121	47
7122	47
7123	47
7124	48
7125	48
7126	48
7127	49
7128	48
7129	48
7130	49
7131	51
7132	49
7133	47
7134	47
7135	47
7136	48
7137	48
7138	48
7139	49
7140	47
7141	47
7142	48
7143	48
7144	48
7145	47
7146	47
7147	47
7148	46
7149	44
7150	44
7151	44
7152	44
7153	44
7154	44
7155	44
7156	44
7157	44
7158	44
7159	44
7160	44
7161	44
7162	46
7163	46
7164	45
7165	47
7166	46
7167	46
7168	46
7169	47
7170	48
7171	47
7172	46
7173	47
7174	46
7175	47
7176	47
7177	47
7178	47
7179	47
7180	47
7181	47
7182	47
7183	47
7184	47
7185	46
7186	46
7187	45
7188	46
7189	45
7190	45
7191	44
7192	45
7193	45
7194	45
7195	44
7196	44
7197	44
7198	44
7199	44
7200	44
7201	44
7202	44
7203	44
7204	44
7205	44
7206	44
7207	44
7208	46
7209	45
7210	45
7211	45
7212	45
7213	46
7214	48
7215	48
7216	47
7217	44
7218	44
7219	44
7220	47
7221	48
7222	48
7223	49
7224	49
7225	46
7226	46
7227	45
7228	45
7229	46
7230	45
7231	46
7232	45
7233	46
7234	46
7235	46
7236	46
7237	46
7238	46
7239	47
7240	47
7241	47
7242	46
7243	47
7244	46
7245	46
7246	45
7247	45
7248	45
7249	44
7250	44
7251	44
7252	44
7253	44
7254	45
7255	47
7256	46
7257	47
7258	47
7259	46
7260	45
7261	46
7262	45
7263	46
7264	46
7265	46
7266	46
7267	46
7268	45
7269	47
7270	46
7271	46
7272	48
7273	48
7274	45
7275	44
7276	43
7277	43
7278	44
7279	44
7280	45
7281	45
7282	43
7283	44
7284	44
7285	46
7286	46
7287	46
7288	46
7289	45
7290	45
7291	45
7292	45
7293	46
7294	46
7295	47
7296	46
7297	46
7298	48
7299	47
7300	47
7301	45
7302	47
7303	49
7304	46
7305	46
7306	45
7307	45
7308	45
7309	46
7310	46
7311	46
7312	46
7313	45
7314	45
7315	45
7316	46
7317	46
7318	45
7319	45
7320	45
7321	45
7322	45
7323	45
7324	46
7325	46
7326	46
7327	47
7328	46
7329	47
7330	45
7331	47
7332	47
7333	48
7334	47
7335	46
7336	46
7337	47
7338	47
7339	47
7340	46
7341	47
7342	47
7343	46
7344	45
7345	46
7346	47
7347	47
7348	46
7349	47
7350	47
7351	47
7352	47
7353	47
7354	47
7355	47
7356	47
7357	49
7358	48
7359	48
7360	48
7361	47
7362	47
7363	47
7364	47
7365	46
7366	46
7367	46
7368	46
7369	46
7370	46
7371	47
7372	47
7373	47
7374	48
7375	48
7376	48
7377	47
7378	47
7379	47
7380	46
7381	47
7382	45
7383	47
7384	46
7385	47
7386	47
7387	44
7388	43
7389	45
7390	46
7391	46
7392	46
7393	47
7394	47
7395	46
7396	46
7397	46
7398	46
7399	46
7400	46
7401	46
7402	47
7403	47
7404	45
7405	46
7406	46
7407	46
7408	46
7409	46
7410	46
7411	45
7412	45
7413	45
7414	45
7415	47
7416	47
7417	48
7418	49
7419	49
7420	48
7421	48
7422	48
7423	48
7424	48
7425	48
7426	48
7427	46
7428	46
7429	46
7430	47
7431	47
7432	47
7433	47
7434	46
7435	46
7436	49
7437	48
7438	49
7439	49
7440	49
7441	49
7442	49
7443	48
7444	48
7445	48
7446	49
7447	49
7448	49
7449	49
7450	49
7451	49
7452	50
7453	49
7454	49
7455	50
7456	50
7457	48
7458	48
7459	49
7460	49
7461	47
7462	46
7463	48
7464	47
7465	48
7466	48
7467	49
7468	48
7469	48
7470	50
7471	47
7472	48
7473	49
7474	46
7475	46
7476	47
7477	47
7478	45
7479	43
7480	42
7481	43
7482	44
7483	44
7484	44
7485	42
7486	46
7487	46
7488	45
7489	47
7490	47
7491	48
7492	48
7493	48
7494	47
7495	48
7496	48
7497	48
7498	48
7499	48
7500	48
7501	47
7502	48
7503	48
7504	48
7505	48
7506	48
7507	47
7508	47
7509	48
7510	47
7511	47
7512	47
7513	45
7514	45
7515	46
7516	46
7517	46
7518	46
7519	45
7520	45
7521	46
7522	46
7523	46
7524	46
7525	48
7526	48
7527	49
7528	49
7529	47
7530	47
7531	46
7532	46
7533	48
7534	48
7535	48
7536	48
7537	48
7538	48
7539	48
7540	46
7541	45
7542	44
7543	43
7544	44
7545	43
7546	45
7547	44
7548	44
7549	45
7550	46
7551	46
7552	47
7553	46
7554	46
7555	46
7556	46
7557	47
7558	44
7559	45
7560	46
7561	46
7562	45
7563	44
7564	45
7565	45
7566	45
7567	45
7568	45
7569	44
7570	44
7571	43
7572	43
7573	44
7574	43
7575	44
7576	44
7577	46
7578	44
7579	44
7580	45
7581	44
7582	46
7583	47
7584	48
7585	48
7586	47
7587	48
7588	48
7589	45
7590	47
7591	48
7592	49
7593	48
7594	48
7595	48
7596	48
7597	48
7598	47
7599	48
7600	48
7601	47
7602	46
7603	45
7604	46
7605	46
7606	45
7607	45
7608	45
7609	45
7610	46
7611	46
7612	46
7613	46
7614	46
7615	46
7616	47
7617	47
7618	47
7619	47
7620	47
7621	46
7622	45
7623	45
7624	45
7625	46
7626	46
7627	47
7628	45
7629	45
7630	43
7631	43
7632	43
7633	43
7634	44
7635	44
7636	44
7637	44
7638	46
7639	48
7640	48
7641	49
7642	49
7643	49
7644	49
7645	48
7646	47
7647	46
7648	47
7649	47
7650	46
7651	46
7652	46
7653	46
7654	46
7655	46
7656	44
7657	43
7658	43
7659	44
7660	44
7661	44
7662	43
7663	44
7664	44
7665	43
7666	43
7667	43
7668	42
7669	42
7670	42
7671	42
7672	42
7673	42
7674	42
7675	41
7676	41
7677	43
7678	43
7679	45
7680	43
7681	43
7682	44
7683	44
7684	44
7685	43
7686	43
7687	43
7688	43
7689	43
7690	43
7691	43
7692	43
7693	43
7694	43
7695	43
7696	43
7697	42
7698	42
7699	43
7700	42
7701	43
7702	43
7703	44
7704	44
7705	44
7706	43
7707	43
7708	43
7709	43
7710	43
7711	43
7712	43
7713	44
7714	45
7715	42
7716	43
7717	45
7718	45
7719	43
7720	45
7721	45
7722	44
7723	45
7724	46
7725	46
7726	46
7727	47
7728	46
7729	46
7730	47
7731	46
7732	46
7733	46
7734	44
7735	45
7736	45
7737	44
7738	44
7739	44
7740	43
7741	45
7742	45
7743	46
7744	46
7745	45
7746	46
7747	46
7748	48
7749	47
7750	46
7751	46
7752	47
7753	48
7754	49
7755	48
7756	48
7757	47
7758	47
7759	47
7760	46
7761	46
7762	46
7763	46
7764	45
7765	47
7766	46
7767	47
7768	46
7769	45
7770	45
7771	44
7772	46
7773	47
7774	47
7775	47
7776	47
7777	47
7778	48
7779	49
7780	46
7781	43
7782	43
7783	43
7784	43
7785	44
7786	44
7787	44
7788	44
7789	44
7790	46
7791	46
7792	46
7793	47
7794	47
7795	47
7796	47
7797	47
7798	47
7799	47
7800	46
7801	47
7802	47
7803	47
7804	47
7805	47
7806	47
7807	47
7808	47
7809	47
7810	47
7811	47
7812	47
7813	47
7814	48
7815	45
7816	45
7817	46
7818	45
7819	45
7820	46
7821	46
7822	46
7823	46
7824	48
7825	47
7826	46
7827	45
7828	45
7829	42
7830	43
7831	43
7832	43
7833	42
7834	43
7835	44
7836	44
7837	44
7838	45
7839	43
7840	43
7841	44
7842	43
7843	44
7844	43
7845	44
7846	44
7847	44
7848	43
7849	42
7850	43
7851	43
7852	44
7853	42
7854	43
7855	42
7856	43
7857	43
7858	43
7859	43
7860	45
7861	46
7862	47
7863	46
7864	47
7865	46
7866	47
7867	47
7868	46
7869	45
7870	44
7871	44
7872	44
7873	42
7874	41
7875	40
7876	40
7877	41
7878	41
7879	43
7880	44
7881	45
7882	46
7883	45
7884	47
7885	45
7886	44
7887	44
7888	45
7889	45
7890	47
7891	47
7892	46
7893	46
7894	46
7895	46
7896	45
7897	45
7898	45
7899	45
7900	45
7901	45
7902	45
7903	46
7904	45
7905	43
7906	44
7907	45
7908	45
7909	45
7910	46
7911	46
7912	46
7913	44
7914	42
7915	43
7916	42
7917	43
7918	43
7919	44
7920	44
7921	44
7922	44
7923	44
7924	45
7925	45
7926	44
7927	44
7928	44
7929	43
7930	44
7931	44
7932	46
7933	46
7934	47
7935	47
7936	46
7937	45
7938	45
7939	45
7940	46
7941	46
7942	46
7943	45
7944	47
7945	45
7946	47
7947	47
7948	46
7949	46
7950	47
7951	48
7952	48
7953	48
7954	47
7955	46
7956	46
7957	47
7958	46
7959	47
7960	45
7961	46
7962	46
7963	45
7964	45
7965	45
7966	45
7967	45
7968	45
7969	47
7970	46
7971	45
7972	44
7973	44
7974	44
7975	44
7976	44
7977	45
7978	45
7979	45
7980	44
7981	47
7982	46
7983	47
7984	47
7985	45
7986	45
7987	46
7988	47
7989	47
7990	48
7991	47
7992	47
7993	47
7994	47
7995	49
7996	47
7997	46
7998	46
7999	46
8000	44
8001	44
8002	44
8003	45
8004	45
8005	47
8006	47
8007	47
8008	46
8009	46
8010	48
8011	45
8012	45
8013	46
8014	46
8015	45
8016	43
8017	45
8018	46
8019	46
8020	45
8021	45
8022	45
8023	46
8024	46
8025	48
8026	47
8027	47
8028	44
8029	45
8030	46
8031	46
8032	45
8033	46
8034	46
8035	47
8036	47
8037	46
8038	46
8039	44
8040	44
8041	45
8042	44
8043	44
8044	44
8045	44
8046	46
8047	47
8048	47
8049	47
8050	47
8051	48
8052	47
8053	47
8054	46
8055	45
8056	46
8057	46
8058	45
8059	44
8060	44
8061	46
8062	46
8063	45
8064	46
8065	47
8066	48
8067	46
8068	47
8069	47
8070	47
8071	47
8072	49
8073	49
8074	48
8075	47
8076	47
8077	47
8078	48
8079	49
8080	48
8081	48
8082	48
8083	47
8084	47
8085	47
8086	47
8087	47
8088	47
8089	47
8090	47
8091	49
8092	49
8093	49
8094	49
8095	49
8096	49
8097	49
8098	49
8099	49
8100	49
8101	49
8102	48
8103	49
8104	49
8105	49
8106	49
8107	49
8108	48
8109	49
8110	48
8111	48
8112	47
8113	47
8114	47
8115	47
8116	47
8117	46
8118	46
8119	45
8120	45
8121	47
8122	47
8123	47
8124	46
8125	47
8126	47
8127	46
8128	47
8129	45
8130	45
8131	45
8132	45
8133	45
8134	45
8135	45
8136	46
8137	49
8138	49
8139	49
8140	49
8141	48
8142	48
8143	47
8144	47
8145	46
8146	47
8147	47
8148	48
8149	46
8150	47
8151	46
8152	46
8153	48
8154	48
8155	48
8156	48
8157	49
8158	49
8159	49
8160	48
8161	48
8162	47
8163	46
8164	45
8165	46
8166	46
8167	45
8168	45
8169	47
8170	47
8171	45
8172	46
8173	46
8174	47
8175	47
8176	46
8177	48
8178	46
8179	45
8180	47
8181	48
8182	46
8183	46
8184	46
8185	47
8186	47
8187	47
8188	47
8189	47
8190	49
8191	48
8192	48
8193	48
8194	48
8195	48
8196	47
8197	47
8198	45
8199	46
8200	46
8201	46
8202	48
8203	48
8204	48
8205	46
8206	45
8207	43
8208	46
8209	45
8210	45
8211	46
8212	46
8213	47
8214	48
8215	48
8216	48
8217	47
8218	47
8219	47
8220	47
8221	47
8222	47
8223	47
8224	46
8225	48
8226	49
8227	48
8228	47
8229	48
8230	47
8231	46
8232	45
8233	45
8234	45
8235	45
8236	47
8237	46
8238	46
8239	45
8240	45
8241	45
8242	45
8243	45
8244	45
8245	46
8246	46
8247	46
8248	48
8249	49
8250	48
8251	48
8252	47
8253	47
8254	47
8255	46
8256	46
8257	46
8258	46
8259	46
8260	47
8261	46
8262	47
8263	47
8264	45
8265	45
8266	46
8267	45
8268	45
8269	45
8270	45
8271	46
8272	45
8273	45
8274	46
8275	46
8276	46
8277	46
8278	47
8279	49
8280	49
8281	49
8282	49
8283	47
8284	46
8285	47
8286	47
8287	47
8288	47
8289	47
8290	47
8291	46
8292	46
8293	45
8294	46
8295	46
8296	47
8297	47
8298	48
8299	48
8300	49
8301	49
8302	49
8303	47
8304	46
8305	45
8306	44
8307	46
8308	46
8309	47
8310	47
8311	46
8312	45
8313	45
8314	43
8315	42
8316	44
8317	45
8318	46
8319	45
8320	48
8321	47
8322	45
8323	44
8324	44
8325	45
8326	46
8327	47
8328	47
8329	47
8330	48
8331	48
8332	46
8333	46
8334	45
8335	44
8336	44
8337	45
8338	45
8339	45
8340	46
8341	46
8342	46
8343	46
8344	45
8345	45
8346	46
8347	47
8348	46
8349	45
8350	45
8351	47
8352	47
8353	47
8354	46
8355	45
8356	46
8357	47
8358	46
8359	48
8360	47
8361	47
8362	48
8363	48
8364	48
8365	47
8366	49
8367	49
8368	49
8369	49
8370	49
8371	48
8372	47
8373	46
8374	46
8375	46
8376	46
8377	47
8378	47
8379	47
8380	45
8381	45
8382	44
8383	47
8384	47
8385	47
8386	48
8387	48
8388	48
8389	48
8390	48
8391	48
8392	48
8393	49
8394	48
8395	48
8396	48
8397	47
8398	47
8399	47
8400	48
8401	48
8402	47
8403	47
8404	46
8405	46
8406	46
8407	47
8408	46
8409	47
8410	47
8411	47
8412	47
8413	46
8414	46
8415	46
8416	46
8417	44
8418	43
8419	43
8420	43
8421	44
8422	44
8423	44
8424	45
8425	44
8426	43
8427	43
8428	44
8429	44
8430	43
8431	43
8432	43
8433	43
8434	43
8435	43
8436	44
8437	44
8438	47
8439	47
8440	48
8441	48
8442	49
8443	48
8444	48
8445	47
8446	47
8447	47
8448	46
8449	45
8450	47
8451	46
8452	44
8453	45
8454	49
8455	51
8456	50
8457	49
8458	48
8459	47
8460	48
8461	49
8462	47
8463	46
8464	47
8465	47
8466	48
8467	47
8468	47
8469	45
8470	45
8471	46
8472	46
8473	46
8474	47
8475	47
8476	45
8477	45
8478	46
8479	45
8480	45
8481	48
8482	48
8483	48
8484	48
8485	46
8486	45
8487	46
8488	47
8489	49
8490	48
8491	49
8492	48
8493	47
8494	47
8495	46
8496	46
8497	45
8498	45
8499	46
8500	47
8501	47
8502	47
8503	46
8504	46
8505	46
8506	45
8507	46
8508	45
8509	44
8510	42
8511	41
8512	41
8513	42
8514	40
8515	43
8516	41
8517	41
8518	41
8519	41
8520	43
8521	43
8522	43
8523	42
8524	43
8525	45
8526	44
8527	44
8528	44
8529	44
8530	46
8531	47
8532	47
8533	47
8534	46
8535	47
8536	48
8537	47
8538	44
8539	46
8540	48
8541	48
8542	47
8543	48
8544	48
8545	46
8546	46
8547	49
8548	49
8549	48
8550	48
8551	46
8552	46
8553	44
8554	46
8555	45
8556	46
8557	45
8558	46
8559	47
8560	47
8561	44
8562	46
8563	45
8564	45
8565	45
8566	45
8567	46
8568	45
8569	45
8570	45
8571	45
8572	46
8573	47
8574	45
8575	43
8576	44
8577	45
8578	48
8579	47
8580	47
8581	47
8582	46
8583	46
8584	47
8585	47
8586	46
8587	46
8588	45
8589	45
8590	45
8591	45
8592	45
8593	45
8594	45
8595	47
8596	46
8597	46
8598	47
8599	46
8600	47
8601	47
8602	46
8603	45
8604	45
8605	44
8606	45
8607	44
8608	45
8609	43
8610	44
8611	46
8612	46
8613	44
8614	46
8615	45
8616	45
8617	47
8618	48
8619	47
8620	48
8621	46
8622	46
8623	48
8624	50
8625	48
8626	47
8627	48
8628	48
8629	45
8630	43
8631	43
8632	43
8633	42
8634	44
8635	43
8636	47
8637	45
8638	46
8639	46
8640	45
8641	47
8642	47
8643	45
8644	46
8645	45
8646	46
8647	46
8648	45
8649	44
8650	46
8651	46
8652	45
8653	46
8654	47
8655	47
8656	43
8657	42
8658	44
8659	46
8660	44
8661	44
8662	45
8663	44
8664	48
8665	47
8666	46
8667	46
8668	46
8669	48
8670	46
8671	48
8672	47
8673	48
8674	47
8675	43
8676	44
8677	42
8678	42
8679	44
8680	47
8681	49
8682	48
8683	49
8684	48
8685	46
8686	46
8687	47
8688	48
8689	46
8690	47
8691	48
8692	47
8693	49
8694	50
8695	51
8696	50
8697	48
8698	47
8699	46
8700	46
8701	45
8702	46
8703	46
8704	46
8705	45
8706	44
8707	44
8708	43
8709	43
8710	44
8711	44
8712	43
8713	46
8714	45
8715	44
8716	46
8717	45
8718	45
8719	45
8720	45
8721	45
8722	47
8723	49
8724	48
8725	49
8726	46
8727	47
8728	46
8729	47
8730	46
8731	46
8732	48
8733	48
8734	47
8735	47
8736	47
8737	46
8738	47
8739	46
8740	46
8741	46
8742	46
8743	46
8744	46
8745	47
8746	48
8747	48
8748	49
8749	48
8750	47
8751	46
8752	47
8753	44
8754	45
8755	46
8756	48
8757	46
8758	45
8759	45
8760	44
8761	45
8762	45
8763	47
8764	46
8765	47
8766	48
8767	49
8768	49
8769	46
8770	45
8771	45
8772	46
8773	45
8774	47
8775	46
8776	47
8777	48
8778	48
8779	48
8780	48
8781	48
8782	47
8783	47
8784	47
8785	48
8786	46
8787	47
8788	44
8789	45
8790	44
8791	45
8792	46
8793	46
8794	46
8795	46
8796	46
8797	47
8798	48
8799	48
8800	48
8801	48
8802	48
8803	49
8804	49
8805	47
8806	47
8807	46
8808	48
8809	48
8810	47
8811	46
8812	47
8813	47
8814	46
8815	44
8816	46
8817	47
8818	49
8819	48
8820	47
8821	46
8822	44
8823	44
8824	44
8825	46
8826	46
8827	47
8828	48
8829	48
8830	48
8831	47
8832	45
8833	45
8834	45
8835	46
8836	47
8837	47
8838	47
8839	47
8840	49
8841	50
8842	49
8843	49
8844	48
8845	46
8846	45
8847	44
8848	45
8849	46
8850	47
8851	46
8852	46
8853	48
8854	47
8855	45
8856	45
8857	45
8858	45
8859	45
8860	45
8861	44
8862	46
8863	46
8864	47
8865	44
8866	48
8867	47
8868	47
8869	46
8870	47
8871	47
8872	47
8873	45
8874	45
8875	45
8876	46
8877	47
8878	47
8879	46
8880	46
8881	46
8882	48
8883	47
8884	49
8885	47
8886	48
8887	48
8888	45
8889	44
8890	43
8891	43
8892	43
8893	43
8894	43
8895	46
8896	46
8897	46
8898	44
8899	46
8900	46
8901	44
8902	45
8903	45
8904	47
8905	48
8906	47
8907	47
8908	47
8909	45
8910	46
8911	45
8912	46
8913	47
8914	48
8915	48
8916	47
8917	48
8918	47
8919	47
8920	48
8921	49
8922	48
8923	49
8924	49
8925	48
8926	49
8927	52
8928	51
8929	50
8930	50
8931	50
8932	48
8933	48
8934	48
8935	49
8936	48
8937	48
8938	47
8939	48
8940	47
8941	47
8942	48
8943	49
8944	48
8945	48
8946	49
8947	49
8948	48
8949	48
8950	45
8951	45
8952	45
8953	43
8954	45
8955	45
8956	46
8957	46
8958	46
8959	48
8960	47
8961	48
8962	47
8963	46
8964	46
8965	47
8966	47
8967	47
8968	47
8969	47
8970	46
8971	46
8972	45
8973	47
8974	48
8975	47
8976	46
8977	47
8978	47
8979	48
8980	47
8981	46
8982	46
8983	48
8984	47
8985	47
8986	48
8987	46
8988	46
8989	46
8990	44
8991	45
8992	46
8993	45
8994	45
8995	46
8996	47
8997	46
8998	46
8999	47
9000	46
9001	49
9002	48
9003	48
9004	47
9005	48
9006	48
9007	48
9008	46
9009	47
9010	49
9011	49
9012	49
9013	50
9014	49
9015	49
9016	48
9017	48
9018	46
9019	48
9020	48
9021	47
9022	46
9023	47
9024	47
9025	47
9026	48
9027	47
9028	46
9029	44
9030	43
9031	47
9032	46
9033	48
9034	48
9035	46
9036	44
9037	44
9038	44
9039	44
9040	46
9041	47
9042	46
9043	46
9044	46
9045	46
9046	45
9047	46
9048	46
9049	45
9050	44
9051	45
9052	46
9053	49
9054	50
9055	48
9056	47
9057	47
9058	47
9059	47
9060	47
9061	47
9062	47
9063	48
9064	49
9065	48
9066	46
9067	45
9068	45
9069	43
9070	44
9071	46
9072	45
9073	47
9074	47
9075	48
9076	46
9077	45
9078	46
9079	47
9080	48
9081	47
9082	48
9083	46
9084	46
9085	45
9086	43
9087	43
9088	43
9089	43
9090	43
9091	44
9092	44
9093	44
9094	42
9095	45
9096	45
9097	45
9098	45
9099	45
9100	45
9101	43
9102	42
9103	43
9104	43
9105	43
9106	44
9107	44
9108	44
9109	42
9110	42
9111	43
9112	44
9113	46
9114	45
9115	45
9116	45
9117	42
9118	42
9119	42
9120	42
9121	44
9122	45
9123	46
9124	46
9125	44
9126	44
9127	44
9128	43
9129	42
9130	42
9131	42
9132	42
9133	41
9134	41
9135	43
9136	44
9137	44
9138	45
9139	45
9140	46
9141	46
9142	47
9143	48
9144	47
9145	45
9146	44
9147	46
9148	45
9149	46
9150	45
9151	47
9152	45
9153	46
9154	47
9155	46
9156	47
9157	46
9158	46
9159	46
9160	47
9161	45
9162	45
9163	45
9164	44
9165	44
9166	45
9167	45
9168	45
9169	45
9170	45
9171	45
9172	45
9173	43
9174	43
9175	43
9176	45
9177	46
9178	48
9179	46
9180	46
9181	46
9182	46
9183	45
9184	45
9185	46
9186	45
9187	48
9188	48
9189	46
9190	49
9191	45
9192	44
9193	48
9194	48
9195	47
9196	47
9197	49
9198	49
9199	50
9200	48
9201	46
9202	46
9203	45
9204	46
9205	46
9206	46
9207	46
9208	47
9209	46
9210	47
9211	49
9212	49
9213	49
9214	48
9215	48
9216	49
9217	45
9218	44
9219	45
9220	46
9221	47
9222	46
9223	47
9224	47
9225	46
9226	45
9227	46
9228	46
9229	46
9230	45
9231	45
9232	45
9233	45
9234	46
9235	46
9236	46
9237	46
9238	45
9239	45
9240	45
9241	45
9242	44
9243	44
9244	45
9245	44
9246	44
9247	43
9248	44
9249	44
9250	44
9251	44
9252	44
9253	44
9254	43
9255	44
9256	44
9257	45
9258	44
9259	45
9260	45
9261	43
9262	43
9263	44
9264	46
9265	45
9266	45
9267	45
9268	45
9269	46
9270	45
9271	46
9272	47
9273	46
9274	46
9275	46
9276	45
9277	45
9278	44
9279	45
9280	45
9281	46
9282	47
9283	47
9284	44
9285	44
9286	44
9287	44
9288	44
9289	44
9290	44
9291	44
9292	45
9293	45
9294	44
9295	44
9296	44
9297	44
9298	44
9299	45
9300	45
9301	47
9302	46
9303	46
9304	46
9305	48
9306	48
9307	47
9308	46
9309	47
9310	47
9311	46
9312	46
9313	47
9314	47
9315	47
9316	46
9317	46
9318	46
9319	48
9320	49
9321	50
9322	50
9323	49
9324	49
9325	49
9326	49
9327	48
9328	48
9329	48
9330	48
9331	47
9332	46
9333	46
9334	46
9335	46
9336	46
9337	46
9338	46
9339	46
9340	46
9341	47
9342	45
9343	46
9344	45
9345	45
9346	45
9347	44
9348	44
9349	44
9350	44
9351	44
9352	44
9353	43
9354	43
9355	43
9356	43
9357	43
9358	44
9359	45
9360	44
9361	45
9362	45
9363	45
9364	45
9365	44
9366	44
9367	45
9368	46
9369	46
9370	45
9371	45
9372	45
9373	45
9374	46
9375	45
9376	46
9377	47
9378	46
9379	46
9380	46
9381	45
9382	45
9383	46
9384	45
9385	43
9386	44
9387	44
9388	43
9389	43
9390	45
9391	45
9392	46
9393	48
9394	47
9395	47
9396	47
9397	48
9398	48
9399	48
9400	49
9401	49
9402	49
9403	48
9404	48
9405	47
9406	47
9407	47
9408	48
9409	49
9410	49
9411	49
9412	47
9413	47
9414	47
9415	48
9416	48
9417	49
9418	48
9419	49
9420	48
9421	48
9422	49
9423	48
9424	48
9425	47
9426	46
9427	44
9428	45
9429	46
9430	46
9431	46
9432	46
9433	46
9434	46
9435	46
9436	46
9437	47
9438	45
9439	44
9440	45
9441	44
9442	45
9443	45
9444	47
9445	48
9446	48
9447	48
9448	48
9449	47
9450	46
9451	47
9452	44
9453	47
9454	46
9455	48
9456	47
9457	46
9458	47
9459	47
9460	46
9461	46
9462	46
9463	47
9464	49
9465	49
9466	46
9467	48
9468	48
9469	48
9470	48
9471	48
9472	48
9473	47
9474	45
9475	45
9476	45
9477	46
9478	47
9479	46
9480	46
9481	46
9482	45
9483	43
9484	43
9485	43
9486	44
9487	45
9488	44
9489	43
9490	45
9491	46
9492	43
9493	43
9494	43
9495	44
9496	43
9497	43
9498	42
9499	44
9500	44
9501	44
9502	44
9503	43
9504	42
9505	43
9506	42
9507	44
9508	42
9509	42
9510	42
9511	41
9512	41
9513	41
9514	42
9515	42
9516	42
9517	43
9518	44
9519	43
9520	42
9521	42
9522	42
9523	43
9524	44
9525	44
9526	45
9527	45
9528	44
9529	45
9530	44
9531	44
9532	45
9533	46
9534	43
9535	44
9536	46
9537	45
9538	45
9539	42
9540	44
9541	45
9542	46
9543	48
9544	49
9545	49
9546	48
9547	47
9548	47
9549	47
9550	47
9551	47
9552	46
9553	46
9554	45
9555	46
9556	45
9557	46
9558	45
9559	44
9560	46
9561	44
9562	45
9563	44
9564	45
9565	45
9566	45
9567	46
9568	46
9569	46
9570	47
9571	45
9572	47
9573	47
9574	47
9575	47
9576	48
9577	47
9578	46
9579	46
9580	46
9581	46
9582	45
9583	44
9584	44
9585	44
9586	44
9587	44
9588	43
9589	44
9590	44
9591	44
9592	44
9593	44
9594	43
9595	43
9596	44
9597	45
9598	47
9599	44
9600	44
9601	44
9602	45
9603	44
9604	44
9605	45
9606	45
9607	47
9608	47
9609	47
9610	46
9611	47
9612	47
9613	47
9614	47
9615	46
9616	45
9617	45
9618	46
9619	46
9620	46
9621	46
9622	43
9623	43
9624	41
9625	44
9626	46
9627	44
9628	43
9629	43
9630	44
9631	45
9632	46
9633	46
9634	46
9635	47
9636	47
9637	47
9638	46
9639	48
9640	49
9641	46
9642	48
9643	47
9644	47
9645	46
9646	46
9647	47
9648	48
9649	46
9650	47
9651	47
9652	46
9653	46
9654	45
9655	45
9656	46
9657	46
9658	47
9659	48
9660	47
9661	48
9662	48
9663	47
9664	48
9665	48
9666	48
9667	48
9668	46
9669	46
9670	47
9671	47
9672	47
9673	46
9674	47
9675	46
9676	47
9677	46
9678	47
9679	46
9680	46
9681	45
9682	45
9683	46
9684	44
9685	47
9686	46
9687	46
9688	45
9689	44
9690	44
9691	45
9692	47
9693	47
9694	47
9695	48
9696	47
9697	46
9698	46
9699	46
9700	48
9701	45
9702	46
9703	47
9704	47
9705	47
9706	47
9707	46
9708	46
9709	45
9710	45
9711	45
9712	45
9713	45
9714	45
9715	45
9716	45
9717	45
9718	43
9719	47
9720	47
9721	46
9722	45
9723	45
9724	45
9725	46
9726	45
9727	45
9728	45
9729	46
9730	45
9731	46
9732	46
9733	46
9734	46
9735	46
9736	47
9737	46
9738	46
9739	45
9740	46
9741	46
9742	46
9743	46
9744	46
9745	46
9746	46
9747	46
9748	46
9749	46
9750	46
9751	46
9752	46
9753	47
9754	46
9755	46
9756	45
9757	43
9758	44
9759	44
9760	47
9761	47
9762	46
9763	47
9764	49
9765	47
9766	47
9767	47
9768	46
9769	45
9770	45
9771	46
9772	45
9773	46
9774	46
9775	46
9776	48
9777	48
9778	48
9779	48
9780	48
9781	47
9782	46
9783	45
9784	44
9785	44
9786	43
9787	43
9788	44
9789	44
9790	45
9791	45
9792	46
9793	47
9794	47
9795	47
9796	48
9797	47
9798	46
9799	47
9800	46
9801	46
9802	46
9803	46
9804	46
9805	46
9806	46
9807	46
9808	46
9809	45
9810	45
9811	44
9812	43
9813	43
9814	43
9815	43
9816	43
9817	43
9818	44
9819	44
9820	45
9821	45
9822	47
9823	47
9824	47
9825	47
9826	47
9827	46
9828	46
9829	44
9830	45
9831	44
9832	44
9833	44
9834	43
9835	43
9836	44
9837	43
9838	43
9839	43
9840	43
9841	43
9842	45
9843	43
9844	45
9845	46
9846	46
9847	45
9848	44
9849	46
9850	47
9851	46
9852	46
9853	44
9854	45
9855	44
9856	45
9857	45
9858	44
9859	46
9860	45
9861	45
9862	45
9863	44
9864	45
9865	46
9866	46
9867	46
9868	45
9869	46
9870	46
9871	46
9872	45
9873	45
9874	47
9875	46
9876	47
9877	45
9878	45
9879	46
9880	46
9881	46
9882	44
9883	45
9884	45
9885	46
9886	45
9887	44
9888	44
9889	44
9890	46
9891	46
9892	46
9893	46
9894	46
9895	46
9896	46
9897	46
9898	45
9899	45
9900	44
9901	45
9902	46
9903	47
9904	47
9905	44
9906	44
9907	43
9908	43
9909	44
9910	44
9911	44
9912	45
9913	45
9914	47
9915	48
9916	48
9917	49
9918	48
9919	50
9920	50
9921	50
9922	50
9923	51
9924	50
9925	50
9926	50
9927	47
9928	48
9929	47
9930	46
9931	46
9932	47
9933	46
9934	49
9935	50
9936	50
9937	47
9938	44
9939	45
9940	45
9941	47
9942	46
9943	45
9944	46
9945	48
9946	48
9947	48
9948	46
9949	47
9950	48
9951	47
9952	48
9953	47
9954	47
9955	46
9956	46
9957	47
9958	47
9959	47
9960	46
9961	47
9962	46
9963	45
9964	45
9965	46
9966	46
9967	48
9968	47
9969	46
9970	45
9971	46
9972	45
9973	45
9974	46
9975	46
9976	45
9977	46
9978	47
9979	45
9980	46
9981	49
9982	50
9983	50
9984	49
9985	47
9986	46
9987	47
9988	46
9989	45
9990	47
9991	47
9992	47
9993	47
9994	47
9995	47
9996	46
9997	45
9998	46
9999	45
10000	45
10001	46
10002	46
10003	46
10004	46
10005	46
10006	48
10007	47
10008	47
10009	46
10010	46
10011	45
10012	44
10013	43
10014	44
10015	44
10016	45
10017	44
10018	45
10019	45
10020	45
10021	45
10022	46
10023	46
10024	46
10025	45
10026	44
10027	44
10028	44
10029	44
10030	45
10031	45
10032	46
10033	46
10034	46
10035	46
10036	46
10037	46
10038	47
10039	46
10040	46
10041	45
10042	45
10043	47
10044	48
10045	48
10046	47
10047	47
10048	48
10049	48
10050	47
10051	46
10052	45
10053	46
10054	46
10055	46
10056	47
10057	47
10058	47
10059	48
10060	48
10061	47
10062	47
10063	46
10064	47
10065	48
10066	49
10067	48
10068	48
10069	48
10070	47
10071	47
10072	46
10073	45
10074	45
10075	45
10076	46
10077	46
10078	47
10079	50
10080	49
10081	49
10082	46
10083	45
10084	47
10085	48
10086	47
10087	47
10088	47
10089	45
10090	48
10091	44
10092	45
10093	44
10094	46
10095	45
10096	46
10097	46
10098	45
10099	47
10100	46
10101	47
10102	46
10103	47
10104	46
10105	47
10106	46
10107	46
10108	47
10109	45
10110	46
10111	46
10112	43
10113	44
10114	41
10115	41
10116	40
10117	42
10118	43
10119	44
10120	43
10121	43
10122	44
10123	42
10124	43
10125	42
10126	42
10127	42
10128	43
10129	42
10130	43
10131	42
10132	44
10133	44
10134	43
10135	44
10136	44
10137	44
10138	45
10139	45
10140	44
10141	44
10142	46
10143	46
10144	46
10145	47
10146	45
10147	45
10148	45
10149	48
10150	47
10151	47
10152	47
10153	48
10154	48
10155	46
10156	47
10157	49
10158	49
10159	48
10160	47
10161	47
10162	49
10163	47
10164	47
10165	47
10166	51
10167	51
10168	51
10169	51
10170	49
10171	49
10172	46
10173	46
10174	46
10175	47
10176	48
10177	48
10178	47
10179	47
10180	48
10181	47
10182	47
10183	45
10184	46
10185	45
10186	48
10187	48
10188	48
10189	48
10190	49
10191	49
10192	48
10193	49
10194	49
10195	48
10196	47
10197	47
10198	48
10199	47
10200	45
10201	46
10202	46
10203	46
10204	47
10205	49
10206	49
10207	49
10208	47
10209	46
10210	47
10211	48
10212	47
10213	47
10214	48
10215	48
10216	48
10217	48
10218	48
10219	46
10220	47
10221	46
10222	44
10223	44
10224	43
10225	45
10226	44
10227	44
10228	46
10229	46
10230	45
10231	46
10232	45
10233	46
10234	45
10235	44
10236	47
10237	46
10238	46
10239	46
10240	46
10241	46
10242	46
10243	45
10244	45
10245	46
10246	46
10247	45
10248	45
10249	45
10250	46
10251	47
10252	46
10253	46
10254	46
10255	45
10256	46
10257	45
10258	45
10259	46
10260	47
10261	48
10262	48
10263	45
10264	46
10265	48
10266	47
10267	46
10268	48
10269	48
10270	49
10271	49
10272	49
10273	49
10274	49
10275	48
10276	47
10277	46
10278	48
10279	48
10280	47
10281	47
10282	47
10283	48
10284	50
10285	50
10286	48
10287	48
10288	46
10289	48
10290	48
10291	49
10292	50
10293	50
10294	50
10295	50
10296	50
10297	49
10298	49
10299	49
10300	48
10301	49
10302	50
10303	50
10304	51
10305	50
10306	51
10307	50
10308	48
10309	45
10310	47
10311	47
10312	45
10313	45
10314	46
10315	46
10316	46
10317	47
10318	47
10319	44
10320	44
10321	45
10322	45
10323	44
10324	45
10325	46
10326	46
10327	44
10328	45
10329	47
10330	48
10331	46
10332	44
10333	45
10334	47
10335	46
10336	46
10337	48
10338	46
10339	47
10340	46
10341	46
10342	47
10343	45
10344	44
10345	44
10346	44
10347	43
10348	46
10349	47
10350	47
10351	47
10352	47
10353	46
10354	47
10355	45
10356	46
10357	47
10358	49
10359	46
10360	45
10361	47
10362	47
10363	45
10364	45
10365	43
10366	45
10367	45
10368	46
10369	46
10370	47
10371	48
10372	47
10373	45
10374	43
10375	45
10376	46
10377	45
10378	48
10379	46
10380	46
10381	43
10382	44
10383	45
10384	45
10385	46
10386	45
10387	46
10388	45
10389	46
10390	47
10391	52
10392	52
10393	51
10394	51
10395	49
10396	51
10397	47
10398	47
10399	47
10400	48
10401	45
10402	48
10403	46
10404	45
10405	47
10406	48
10407	47
10408	47
10409	48
10410	49
10411	47
10412	48
10413	50
10414	48
10415	49
10416	48
10417	46
10418	45
10419	46
10420	48
10421	45
10422	47
10423	45
10424	46
10425	45
10426	46
10427	45
10428	46
10429	47
10430	47
10431	47
10432	48
10433	47
10434	46
10435	47
10436	46
10437	45
10438	46
10439	47
10440	48
10441	47
10442	46
10443	47
10444	47
10445	46
10446	45
10447	44
10448	45
10449	46
10450	46
10451	45
10452	46
10453	46
10454	46
10455	47
10456	47
10457	46
10458	46
10459	46
10460	46
10461	46
10462	47
10463	48
10464	47
10465	48
10466	48
10467	47
10468	48
10469	48
10470	47
10471	48
10472	46
10473	48
10474	48
10475	47
10476	46
10477	46
10478	46
10479	46
10480	44
10481	45
10482	45
10483	44
10484	43
10485	44
10486	43
10487	45
10488	47
10489	47
10490	46
10491	47
10492	47
10493	47
10494	48
10495	49
10496	48
10497	47
10498	46
10499	46
