0	80
1	80
2	83
3	80
4	79
5	79
6	79
7	79
8	79
9	79
10	80
11	81
12	84
13	86
14	85
15	85
16	85
17	84
18	84
19	85
20	85
21	85
22	86
23	84
24	86
25	85
26	84
27	85
28	85
29	85
30	86
31	85
32	85
33	86
34	86
35	86
36	84
37	84
38	84
39	84
40	83
41	82
42	81
43	81
44	81
45	82
46	82
47	82
48	81
49	82
50	83
51	81
52	81
53	82
54	80
55	81
56	81
57	83
58	83
59	82
60	84
61	84
62	83
63	83
64	83
65	82
66	82
67	82
68	83
69	83
70	83
71	84
72	84
73	84
74	81
75	81
76	82
77	82
78	82
79	82
80	82
81	83
82	84
83	84
84	85
85	85
86	84
87	84
88	85
89	84
90	84
91	84
92	84
93	85
94	85
95	85
96	84
97	83
98	83
99	82
100	82
101	83
102	84
103	83
104	83
105	84
106	83
107	83
108	82
109	83
110	84
111	84
112	84
113	83
114	82
115	83
116	83
117	82
118	82
119	83
120	84
121	84
122	84
123	84
124	83
125	81
126	81
127	81
128	82
129	82
130	82
131	82
132	84
133	83
134	83
135	82
136	81
137	80
138	81
139	81
140	82
141	82
142	80
143	82
144	82
145	81
146	81
147	84
148	81
149	80
150	81
151	82
152	83
153	81
154	82
155	82
156	82
157	83
158	85
159	84
160	83
161	83
162	83
163	82
164	82
165	83
166	81
167	82
168	82
169	82
170	81
171	81
172	82
173	83
174	84
175	84
176	84
177	85
178	86
179	85
180	84
181	83
182	84
183	84
184	83
185	83
186	84
187	82
188	79
189	79
190	79
191	79
192	77
193	77
194	78
195	78
196	78
197	76
198	77
199	80
200	81
201	82
202	82
203	80
204	80
205	82
206	81
207	81
208	79
209	78
210	80
211	82
212	83
213	82
214	82
215	83
216	82
217	81
218	80
219	79
220	80
221	80
222	80
223	80
224	80
225	81
226	81
227	81
228	82
229	82
230	82
231	82
232	82
233	82
234	81
235	81
236	83
237	84
238	84
239	84
240	83
241	83
242	83
243	83
244	82
245	82
246	82
247	82
248	78
249	78
250	80
251	78
252	78
253	79
254	79
255	79
256	79
257	79
258	78
259	78
260	77
261	78
262	80
263	79
264	78
265	79
266	79
267	80
268	81
269	80
270	80
271	80
272	81
273	82
274	83
275	82
276	84
277	82
278	83
279	83
280	82
281	80
282	81
283	83
284	83
285	82
286	82
287	83
288	83
289	84
290	81
291	85
292	85
293	81
294	81
295	81
296	84
297	85
298	86
299	82
300	87
301	85
302	86
303	85
304	85
305	84
306	84
307	84
308	86
309	83
310	81
311	83
312	83
313	84
314	84
315	84
316	86
317	85
318	87
319	87
320	85
321	83
322	83
323	85
324	87
325	85
326	85
327	84
328	86
329	86
330	83
331	83
332	82
333	87
334	83
335	83
336	82
337	84
338	83
339	84
340	83
341	82
342	81
343	80
344	80
345	84
346	86
347	87
348	86
349	87
350	81
351	84
352	83
353	84
354	87
355	84
356	84
357	83
358	85
359	85
360	84
361	84
362	83
363	86
364	83
365	86
366	83
367	85
368	82
369	80
370	82
371	82
372	83
373	84
374	84
375	84
376	86
377	84
378	82
379	84
380	80
381	81
382	84
383	85
384	87
385	82
386	83
387	82
388	82
389	81
390	84
391	85
392	85
393	85
394	83
395	82
396	82
397	81
398	83
399	85
400	85
401	85
402	81
403	84
404	84
405	86
406	86
407	84
408	84
409	84
410	86
411	87
412	83
413	83
414	82
415	84
416	83
417	83
418	81
419	82
420	85
421	86
422	84
423	83
424	88
425	86
426	86
427	86
428	84
429	85
430	83
431	85
432	86
433	83
434	82
435	83
436	86
437	84
438	83
439	82
440	82
441	83
442	83
443	83
444	84
445	83
446	82
447	79
448	79
449	81
450	83
451	83
452	85
453	83
454	83
455	83
456	84
457	82
458	81
459	81
460	81
461	82
462	80
463	82
464	83
465	84
466	85
467	80
468	82
469	83
470	82
471	83
472	83
473	81
474	82
475	84
476	84
477	84
478	83
479	84
480	86
481	85
482	86
483	86
484	85
485	85
486	82
487	81
488	83
489	83
490	81
491	82
492	80
493	83
494	83
495	82
496	83
497	83
498	83
499	83
500	83
501	84
502	83
503	84
504	85
505	85
506	85
507	83
508	84
509	83
510	85
511	85
512	84
513	85
514	83
515	86
516	85
517	85
518	84
519	88
520	88
521	83
522	86
523	83
524	84
525	85
526	85
527	83
528	81
529	83
530	84
531	84
532	84
533	85
534	85
535	83
536	83
537	87
538	86
539	81
540	82
541	87
542	88
543	84
544	82
545	85
546	84
547	82
548	85
549	85
550	85
551	85
552	84
553	84
554	82
555	85
556	87
557	86
558	84
559	85
560	82
561	82
562	82
563	83
564	79
565	79
566	81
567	82
568	82
569	85
570	84
571	84
572	83
573	85
574	88
575	83
576	85
577	84
578	81
579	83
580	84
581	83
582	84
583	83
584	85
585	83
586	84
587	83
588	84
589	84
590	88
591	88
592	84
593	82
594	83
595	83
596	85
597	82
598	84
599	85
600	85
601	83
602	84
603	86
604	81
605	80
606	84
607	84
608	86
609	84
610	84
611	86
612	83
613	82
614	85
615	85
616	87
617	87
618	87
619	86
620	83
621	85
622	84
623	85
624	82
625	84
626	83
627	87
628	84
629	85
630	85
631	84
632	86
633	83
634	86
635	85
636	85
637	86
638	86
639	86
640	84
641	86
642	86
643	86
644	83
645	85
646	86
647	84
648	86
649	84
650	83
651	83
652	82
653	82
654	82
655	84
656	85
657	85
658	84
659	84
660	84
661	84
662	85
663	83
664	85
665	85
666	84
667	81
668	81
669	83
670	86
671	86
672	83
673	83
674	82
675	81
676	82
677	84
678	83
679	84
680	84
681	86
682	84
683	85
684	85
685	87
686	85
687	87
688	86
689	84
690	88
691	84
692	81
693	85
694	90
695	87
696	90
697	87
698	87
699	87
700	89
701	86
702	84
703	86
704	86
705	87
706	86
707	87
708	88
709	87
710	85
711	90
712	87
713	84
714	88
715	87
716	88
717	89
718	88
719	87
720	85
721	87
722	89
723	90
724	90
725	89
726	90
727	89
728	88
729	85
730	88
731	83
732	84
733	87
734	88
735	88
736	89
737	89
738	89
739	87
740	87
741	89
742	88
743	87
744	89
745	86
746	88
747	86
748	87
749	87
750	87
751	87
752	85
753	86
754	85
755	85
756	87
757	86
758	86
759	88
760	86
761	89
762	87
763	86
764	85
765	84
766	88
767	88
768	84
769	87
770	90
771	86
772	86
773	87
774	88
775	89
776	92
777	92
778	91
779	91
780	91
781	88
782	90
783	88
784	89
785	87
786	90
787	87
788	91
789	87
790	86
791	88
792	87
793	86
794	88
795	88
796	85
797	87
798	88
799	85
800	87
801	89
802	85
803	85
804	85
805	87
806	86
807	88
808	87
809	88
810	87
811	88
812	86
813	88
814	87
815	89
816	86
817	87
818	88
819	90
820	88
821	86
822	86
823	87
824	86
825	88
826	88
827	90
828	90
829	88
830	87
831	89
832	86
833	87
834	88
835	87
836	89
837	90
838	87
839	86
840	84
841	85
842	88
843	89
844	86
845	86
846	87
847	87
848	88
849	87
850	89
851	87
852	85
853	86
854	87
855	86
856	89
857	87
858	87
859	86
860	85
861	86
862	86
863	88
864	85
865	85
866	88
867	87
868	86
869	88
870	87
871	85
872	87
873	87
874	87
875	87
876	86
877	87
878	85
879	86
880	85
881	86
882	85
883	89
884	87
885	83
886	86
887	88
888	86
889	88
890	87
891	86
892	87
893	87
894	86
895	86
896	90
897	90
898	90
899	88
900	88
901	88
902	85
903	86
904	88
905	86
906	89
907	87
908	89
909	88
910	87
911	89
912	89
913	91
914	87
915	88
916	88
917	89
918	90
919	88
920	88
921	85
922	87
923	86
924	86
925	88
926	85
927	86
928	88
929	86
930	87
931	88
932	87
933	86
934	89
935	85
936	87
937	86
938	90
939	86
940	87
941	87
942	87
943	87
944	88
945	87
946	88
947	90
948	87
949	90
950	90
951	89
952	86
953	88
954	85
955	87
956	85
957	86
958	87
959	88
960	89
961	89
962	90
963	89
964	86
965	84
966	84
967	86
968	86
969	88
970	90
971	88
972	89
973	90
974	87
975	89
976	87
977	87
978	89
979	91
980	89
981	88
982	88
983	87
984	87
985	88
986	89
987	87
988	89
989	89
990	89
991	86
992	88
993	89
994	89
995	87
996	88
997	89
998	88
999	87
1000	87
1001	88
1002	87
1003	87
1004	89
1005	85
1006	87
1007	89
1008	89
1009	85
1010	85
1011	89
1012	91
1013	89
1014	88
1015	90
1016	87
1017	88
1018	89
1019	89
1020	89
1021	89
1022	88
1023	87
1024	89
1025	87
1026	85
1027	85
1028	86
1029	85
1030	88
1031	90
1032	88
1033	89
1034	89
1035	86
1036	89
1037	86
1038	87
1039	88
1040	89
1041	88
1042	86
1043	88
1044	90
1045	91
1046	91
1047	88
1048	88
1049	88
1050	90
1051	90
1052	88
1053	87
1054	85
1055	85
1056	87
1057	86
1058	87
1059	88
1060	84
1061	85
1062	88
1063	87
1064	89
1065	86
1066	84
1067	83
1068	84
1069	88
1070	87
1071	88
1072	89
1073	88
1074	86
1075	84
1076	85
1077	86
1078	86
1079	85
1080	85
1081	85
1082	85
1083	84
1084	89
1085	84
1086	86
1087	87
1088	89
1089	88
1090	86
1091	89
1092	87
1093	88
1094	89
1095	87
1096	86
1097	86
1098	86
1099	88
1100	87
1101	89
1102	88
1103	92
1104	91
1105	89
1106	89
1107	91
1108	90
1109	90
1110	90
1111	89
1112	87
1113	84
1114	85
1115	87
1116	86
1117	87
1118	89
1119	86
1120	88
1121	85
1122	89
1123	89
1124	87
1125	86
1126	87
1127	87
1128	87
1129	87
1130	88
1131	88
1132	91
1133	86
1134	89
1135	86
1136	88
1137	89
1138	93
1139	91
1140	90
1141	92
1142	89
1143	88
1144	87
1145	87
1146	90
1147	91
1148	92
1149	92
1150	91
1151	91
1152	90
1153	92
1154	89
1155	90
1156	89
1157	92
1158	93
1159	89
1160	91
1161	88
1162	87
1163	90
1164	90
1165	90
1166	89
1167	90
1168	91
1169	90
1170	90
1171	91
1172	89
1173	91
1174	90
1175	90
1176	89
1177	90
1178	91
1179	91
1180	89
1181	90
1182	92
1183	90
1184	89
1185	89
1186	87
1187	90
1188	90
1189	88
1190	89
1191	90
1192	89
1193	91
1194	89
1195	90
1196	91
1197	89
1198	89
1199	91
1200	91
1201	93
1202	93
1203	92
1204	92
1205	93
1206	89
1207	92
1208	92
1209	92
1210	91
1211	92
1212	94
1213	89
1214	89
1215	88
1216	90
1217	92
1218	90
1219	92
1220	90
1221	89
1222	90
1223	91
1224	88
1225	89
1226	88
1227	91
1228	90
1229	92
1230	92
1231	91
1232	90
1233	90
1234	93
1235	94
1236	92
1237	92
1238	89
1239	88
1240	90
1241	93
1242	92
1243	92
1244	93
1245	92
1246	90
1247	91
1248	91
1249	91
1250	94
1251	92
1252	92
1253	92
1254	91
1255	90
1256	90
1257	92
1258	91
1259	90
1260	93
1261	93
1262	91
1263	89
1264	91
1265	92
1266	91
1267	90
1268	89
1269	90
1270	90
1271	91
1272	89
1273	92
1274	92
1275	92
1276	93
1277	91
1278	91
1279	90
1280	90
1281	90
1282	91
1283	90
1284	90
1285	90
1286	90
1287	89
1288	88
1289	89
1290	93
1291	93
1292	90
1293	90
1294	91
1295	90
1296	89
1297	89
1298	89
1299	88
1300	91
1301	93
1302	93
1303	94
1304	94
1305	92
1306	91
1307	94
1308	92
1309	96
1310	94
1311	95
1312	98
1313	94
1314	94
1315	94
1316	95
1317	94
1318	93
1319	95
1320	92
1321	94
1322	93
1323	93
1324	93
1325	92
1326	93
1327	94
1328	94
1329	91
1330	91
1331	94
1332	96
1333	96
1334	96
1335	94
1336	95
1337	95
1338	96
1339	93
1340	94
1341	92
1342	93
1343	94
1344	95
1345	94
1346	94
1347	95
1348	96
1349	96
1350	94
1351	95
1352	96
1353	96
1354	95
1355	98
1356	98
1357	93
1358	93
1359	93
1360	94
1361	92
1362	93
1363	93
1364	92
1365	95
1366	95
1367	94
1368	93
1369	94
1370	92
1371	92
1372	94
1373	93
1374	93
1375	93
1376	94
1377	93
1378	95
1379	94
1380	95
1381	94
1382	97
1383	95
1384	92
1385	95
1386	92
1387	92
1388	93
1389	94
1390	95
1391	95
1392	96
1393	95
1394	97
1395	96
1396	98
1397	92
1398	97
1399	96
1400	93
1401	95
1402	94
1403	94
1404	94
1405	95
1406	92
1407	94
1408	95
1409	92
1410	93
1411	96
1412	96
1413	94
1414	95
1415	94
1416	95
1417	95
1418	96
1419	97
1420	96
1421	91
1422	91
1423	93
1424	93
1425	95
1426	93
1427	95
1428	94
1429	95
1430	96
1431	97
1432	98
1433	97
1434	94
1435	98
1436	94
1437	92
1438	93
1439	93
1440	95
1441	98
1442	96
1443	95
1444	95
1445	98
1446	96
1447	96
1448	94
1449	96
1450	94
1451	94
1452	94
1453	98
1454	94
1455	96
1456	95
1457	95
1458	94
1459	94
1460	93
1461	95
1462	94
1463	92
1464	95
1465	95
1466	93
1467	93
1468	95
1469	94
1470	95
1471	95
1472	92
1473	93
1474	94
1475	93
1476	93
1477	96
1478	94
1479	94
1480	93
1481	94
1482	92
1483	94
1484	93
1485	94
1486	94
1487	92
1488	93
1489	94
1490	93
1491	93
1492	92
1493	94
1494	94
1495	93
1496	94
1497	94
1498	93
1499	93
1500	93
1501	93
1502	94
1503	96
1504	95
1505	93
1506	93
1507	92
1508	92
1509	92
1510	93
1511	94
1512	94
1513	92
1514	94
1515	93
1516	95
1517	96
1518	97
1519	96
1520	95
1521	93
1522	94
1523	93
1524	93
1525	95
1526	95
1527	96
1528	94
1529	94
1530	96
1531	96
1532	94
1533	94
1534	97
1535	94
1536	95
1537	94
1538	97
1539	96
1540	96
1541	93
1542	92
1543	97
1544	95
1545	97
1546	94
1547	95
1548	94
1549	95
1550	94
1551	96
1552	93
1553	93
1554	91
1555	94
1556	94
1557	92
1558	94
1559	96
1560	97
1561	92
1562	94
1563	96
1564	95
1565	94
1566	93
1567	92
1568	95
1569	94
1570	93
1571	91
1572	90
1573	92
1574	93
1575	92
1576	92
1577	91
1578	92
1579	94
1580	92
1581	92
1582	93
1583	95
1584	96
1585	95
1586	95
1587	95
1588	97
1589	94
1590	95
1591	93
1592	93
1593	95
1594	94
1595	95
1596	97
1597	96
1598	96
1599	98
1600	99
1601	99
1602	99
1603	101
1604	53
1605	52
1606	54
1607	52
1608	53
1609	51
1610	50
1611	50
1612	51
1613	48
1614	47
1615	47
1616	48
1617	49
1618	52
1619	51
1620	50
1621	49
1622	52
1623	51
1624	53
1625	55
1626	53
1627	55
1628	52
1629	55
1630	53
1631	55
1632	55
1633	54
1634	54
1635	57
1636	57
1637	56
1638	56
1639	52
1640	53
1641	53
1642	52
1643	55
1644	53
1645	54
1646	55
1647	52
1648	52
1649	52
1650	52
1651	53
1652	53
1653	54
1654	53
1655	53
1656	53
1657	52
1658	51
1659	53
1660	53
1661	50
1662	52
1663	51
1664	52
1665	53
1666	55
1667	54
1668	53
1669	53
1670	53
1671	52
1672	52
1673	53
1674	52
1675	53
1676	51
1677	53
1678	51
1679	51
1680	50
1681	51
1682	51
1683	51
1684	54
1685	52
1686	53
1687	53
1688	54
1689	54
1690	51
1691	53
1692	53
1693	54
1694	55
1695	54
1696	54
1697	54
1698	53
1699	52
1700	51
1701	50
1702	51
1703	52
1704	52
1705	53
1706	51
1707	53
1708	54
1709	55
1710	56
1711	52
1712	51
1713	50
1714	50
1715	49
1716	54
1717	53
1718	51
1719	54
1720	55
1721	51
1722	52
1723	52
1724	50
1725	54
1726	53
1727	55
1728	57
1729	55
1730	54
1731	52
1732	55
1733	52
1734	53
1735	54
1736	52
1737	52
1738	52
1739	52
1740	53
1741	52
1742	55
1743	53
1744	52
1745	51
1746	52
1747	52
1748	53
1749	54
1750	54
1751	54
1752	52
1753	51
1754	53
1755	54
1756	51
1757	53
1758	51
1759	51
1760	52
1761	54
1762	53
1763	54
1764	55
1765	53
1766	51
1767	51
1768	53
1769	52
1770	53
1771	54
1772	52
1773	54
1774	54
1775	54
1776	55
1777	52
1778	54
1779	53
1780	52
1781	53
1782	51
1783	54
1784	54
1785	53
1786	52
1787	52
1788	51
1789	54
1790	53
1791	52
1792	54
1793	55
1794	53
1795	52
1796	53
1797	54
1798	52
1799	53
1800	49
1801	49
1802	49
1803	50
1804	53
1805	52
1806	54
1807	50
1808	50
1809	53
1810	52
1811	53
1812	54
1813	51
1814	52
1815	54
1816	53
1817	53
1818	50
1819	54
1820	54
1821	53
1822	52
1823	51
1824	51
1825	51
1826	53
1827	56
1828	53
1829	52
1830	49
1831	51
1832	51
1833	49
1834	50
1835	53
1836	53
1837	54
1838	56
1839	53
1840	52
1841	53
1842	52
1843	51
1844	52
1845	50
1846	51
1847	53
1848	51
1849	51
1850	52
1851	51
1852	52
1853	55
1854	55
1855	54
1856	52
1857	53
1858	55
1859	55
1860	53
1861	52
1862	55
1863	52
1864	53
1865	53
1866	52
1867	54
1868	53
1869	54
1870	52
1871	52
1872	54
1873	53
1874	55
1875	54
1876	54
1877	54
1878	50
1879	55
1880	54
1881	52
1882	54
1883	53
1884	55
1885	51
1886	51
1887	52
1888	53
1889	54
1890	53
1891	53
1892	55
1893	54
1894	56
1895	58
1896	53
1897	55
1898	55
1899	57
1900	56
1901	57
1902	52
1903	54
1904	57
1905	56
1906	53
1907	53
1908	52
1909	56
1910	57
1911	57
1912	59
1913	55
1914	58
1915	58
1916	52
1917	57
1918	55
1919	53
1920	54
1921	55
1922	52
1923	52
1924	53
1925	54
1926	54
1927	56
1928	56
1929	55
1930	55
1931	56
1932	54
1933	52
1934	51
1935	52
1936	52
1937	54
1938	54
1939	56
1940	55
1941	56
1942	57
1943	59
1944	56
1945	55
1946	55
1947	56
1948	54
1949	56
1950	55
1951	56
1952	54
1953	53
1954	51
1955	52
1956	51
1957	52
1958	54
1959	55
1960	56
1961	56
1962	56
1963	56
1964	57
1965	57
1966	55
1967	55
1968	55
1969	55
1970	56
1971	57
1972	55
1973	54
1974	56
1975	54
1976	55
1977	53
1978	54
1979	55
1980	54
1981	53
1982	52
1983	54
1984	58
1985	58
1986	55
1987	54
1988	54
1989	55
1990	55
1991	57
1992	57
1993	57
1994	58
1995	58
1996	56
1997	58
1998	56
1999	58
2000	56
2001	55
2002	54
2003	55
2004	56
2005	55
2006	53
2007	56
2008	56
2009	57
2010	57
2011	55
2012	55
2013	57
2014	57
2015	55
2016	58
2017	56
2018	55
2019	55
2020	55
2021	56
2022	56
2023	58
2024	55
2025	55
2026	56
2027	56
2028	56
2029	58
2030	56
2031	55
2032	54
2033	54
2034	55
2035	58
2036	53
2037	54
2038	54
2039	52
2040	54
2041	55
2042	55
2043	53
2044	54
2045	53
2046	52
2047	51
2048	52
2049	56
2050	53
2051	54
2052	54
2053	58
2054	57
2055	57
2056	57
2057	57
2058	58
2059	56
2060	56
2061	57
2062	56
2063	54
2064	55
2065	53
2066	54
2067	55
2068	55
2069	55
2070	56
2071	57
2072	58
2073	59
2074	60
2075	58
2076	56
2077	57
2078	57
2079	55
2080	56
2081	55
2082	56
2083	57
2084	54
2085	57
2086	56
2087	55
2088	58
2089	57
2090	55
2091	55
2092	57
2093	57
2094	59
2095	57
2096	54
2097	58
2098	58
2099	59
2100	56
2101	52
2102	52
2103	54
2104	53
2105	56
2106	56
2107	56
2108	59
2109	60
2110	62
2111	62
2112	59
2113	60
2114	57
2115	58
2116	59
2117	61
2118	61
2119	60
2120	59
2121	58
2122	58
2123	56
2124	59
2125	60
2126	62
2127	59
2128	61
2129	60
2130	61
2131	60
2132	61
2133	61
2134	63
2135	64
2136	63
2137	60
2138	61
2139	59
2140	59
2141	59
2142	56
2143	60
2144	60
2145	60
2146	59
2147	59
2148	58
2149	59
2150	58
2151	57
2152	59
2153	58
2154	58
2155	57
2156	58
2157	58
2158	62
2159	61
2160	64
2161	61
2162	61
2163	61
2164	61
2165	61
2166	60
2167	63
2168	59
2169	59
2170	59
2171	59
2172	60
2173	58
2174	60
2175	60
2176	63
2177	62
2178	61
2179	59
2180	59
2181	59
2182	61
2183	57
2184	59
2185	59
2186	57
2187	60
2188	61
2189	61
2190	58
2191	61
2192	60
2193	63
2194	60
2195	58
2196	60
2197	58
2198	61
2199	62
2200	60
2201	57
2202	57
2203	59
2204	62
2205	61
2206	60
2207	61
2208	61
2209	62
2210	60
2211	59
2212	61
2213	59
2214	58
2215	60
2216	58
2217	58
2218	59
2219	59
2220	60
2221	61
2222	62
2223	61
2224	60
2225	59
2226	58
2227	59
2228	60
2229	58
2230	57
2231	57
2232	58
2233	59
2234	59
2235	61
2236	61
2237	62
2238	60
2239	62
2240	60
2241	59
2242	59
2243	59
2244	62
2245	64
2246	64
2247	62
2248	62
2249	59
2250	59
2251	60
2252	63
2253	61
2254	64
2255	64
2256	61
2257	59
2258	57
2259	59
2260	61
2261	61
2262	63
2263	62
2264	62
2265	63
2266	62
2267	58
2268	61
2269	57
2270	56
2271	58
2272	58
2273	64
2274	61
2275	62
2276	60
2277	61
2278	59
2279	62
2280	59
2281	63
2282	61
2283	62
2284	60
2285	59
2286	59
2287	60
2288	61
2289	59
2290	58
2291	60
2292	60
2293	60
2294	58
2295	57
2296	59
2297	58
2298	59
2299	57
2300	61
2301	61
2302	62
2303	61
2304	62
2305	60
2306	62
2307	64
2308	59
2309	61
2310	62
2311	60
2312	59
2313	58
2314	62
2315	59
2316	59
2317	59
2318	58
2319	60
2320	62
2321	60
2322	61
2323	62
2324	60
2325	61
2326	63
2327	63
2328	64
2329	62
2330	61
2331	58
2332	61
2333	59
2334	60
2335	61
2336	60
2337	61
2338	60
2339	58
2340	58
2341	61
2342	60
2343	59
2344	58
2345	63
2346	58
2347	59
2348	63
2349	64
2350	64
2351	63
2352	62
2353	63
2354	59
2355	65
2356	69
2357	66
2358	68
2359	67
2360	68
2361	68
2362	66
2363	64
2364	64
2365	69
2366	69
2367	66
2368	68
2369	66
2370	69
2371	66
2372	67
2373	65
2374	67
2375	66
2376	66
2377	68
2378	69
2379	73
2380	71
2381	70
2382	70
2383	72
2384	70
2385	70
2386	74
2387	74
2388	73
2389	75
2390	74
2391	70
2392	71
2393	68
2394	72
2395	71
2396	71
2397	73
2398	72
2399	71
2400	71
2401	70
2402	69
2403	70
2404	71
2405	72
2406	70
2407	74
2408	70
2409	72
2410	73
2411	72
2412	71
2413	71
2414	70
2415	73
2416	74
2417	72
2418	73
2419	70
2420	72
2421	72
2422	71
2423	72
2424	72
2425	72
2426	72
2427	69
2428	68
2429	72
2430	70
2431	72
2432	69
2433	72
2434	72
2435	74
2436	72
2437	71
2438	71
2439	73
2440	73
2441	73
2442	72
2443	71
2444	73
2445	71
2446	74
2447	74
2448	74
2449	74
2450	75
2451	71
2452	73
2453	74
2454	72
2455	72
2456	75
2457	71
2458	71
2459	73
2460	73
2461	72
2462	72
2463	71
2464	72
2465	74
2466	71
2467	72
2468	72
2469	70
2470	72
2471	71
2472	71
2473	72
2474	70
2475	73
2476	69
2477	71
2478	72
2479	72
2480	70
2481	69
2482	71
2483	69
2484	70
2485	71
2486	74
2487	74
2488	72
2489	71
2490	76
2491	72
2492	77
2493	76
2494	78
2495	78
2496	75
2497	78
2498	78
2499	76
2500	76
2501	76
2502	75
2503	77
2504	76
2505	75
2506	75
2507	70
2508	74
2509	77
2510	77
2511	75
2512	77
2513	74
2514	75
2515	74
2516	73
2517	75
2518	79
2519	76
2520	76
2521	78
2522	80
2523	79
2524	75
2525	78
2526	78
2527	80
2528	78
2529	78
2530	80
2531	78
2532	80
2533	80
2534	76
2535	78
2536	80
2537	78
2538	80
2539	79
2540	78
2541	77
2542	78
2543	77
2544	75
2545	76
2546	76
2547	75
2548	75
2549	77
2550	77
2551	78
2552	76
2553	74
2554	75
2555	72
2556	75
2557	75
2558	76
2559	79
2560	78
2561	78
2562	80
2563	77
2564	80
2565	78
2566	79
2567	75
2568	78
2569	75
2570	74
2571	80
2572	79
2573	79
2574	80
2575	78
2576	79
2577	80
2578	77
2579	77
2580	75
2581	74
2582	78
2583	77
2584	78
2585	77
2586	76
2587	76
2588	79
2589	77
2590	76
2591	77
2592	76
2593	75
2594	73
2595	74
2596	77
2597	75
2598	75
2599	78
2600	76
2601	76
2602	77
2603	81
2604	80
2605	77
2606	76
2607	75
2608	77
2609	75
2610	76
2611	77
2612	76
2613	76
2614	75
2615	76
2616	76
2617	73
2618	74
2619	76
2620	76
2621	79
2622	80
2623	79
2624	82
2625	83
2626	81
2627	83
2628	82
2629	80
2630	77
2631	80
2632	78
2633	79
2634	81
2635	84
2636	82
2637	82
2638	79
2639	81
2640	78
2641	79
2642	79
2643	80
2644	77
2645	82
2646	80
2647	80
2648	81
2649	78
2650	80
2651	81
2652	82
2653	80
2654	81
2655	80
2656	83
2657	80
2658	82
2659	80
2660	82
2661	81
2662	83
2663	82
2664	82
2665	81
2666	79
2667	79
2668	82
2669	83
2670	78
2671	77
2672	81
2673	81
2674	81
2675	79
2676	80
2677	80
2678	78
2679	79
2680	78
2681	80
2682	79
2683	81
2684	79
2685	78
2686	81
2687	81
2688	81
2689	81
2690	79
2691	80
2692	80
2693	81
2694	81
2695	81
2696	82
2697	82
2698	83
2699	82
2700	79
2701	82
2702	82
2703	82
2704	83
2705	80
2706	81
2707	84
2708	80
2709	82
2710	80
2711	81
2712	80
2713	80
2714	79
2715	78
2716	78
2717	80
2718	81
2719	80
2720	80
2721	78
2722	76
2723	79
2724	81
2725	83
2726	81
2727	80
2728	78
2729	80
2730	79
2731	79
2732	81
2733	82
2734	79
2735	78
2736	78
2737	83
2738	81
2739	81
2740	81
2741	83
2742	79
2743	79
2744	83
2745	79
2746	82
2747	82
2748	78
2749	77
2750	80
2751	79
2752	80
2753	80
2754	78
2755	79
2756	81
2757	83
2758	82
2759	80
2760	78
2761	78
2762	79
2763	79
2764	78
2765	77
2766	80
2767	81
2768	82
2769	80
2770	79
2771	77
2772	79
2773	80
2774	81
2775	80
2776	83
2777	81
2778	79
2779	80
2780	80
2781	79
2782	81
2783	80
2784	80
2785	80
2786	83
2787	78
2788	77
2789	82
2790	80
2791	81
2792	81
2793	79
2794	78
2795	81
2796	78
2797	81
2798	79
2799	79
2800	81
2801	79
2802	77
2803	78
2804	79
2805	80
2806	79
2807	81
2808	83
2809	84
2810	82
2811	83
2812	81
2813	78
2814	80
2815	80
2816	80
2817	79
2818	79
2819	78
2820	79
2821	79
2822	81
2823	86
2824	83
2825	86
2826	86
2827	83
2828	83
2829	85
2830	87
2831	84
2832	83
2833	83
2834	84
2835	84
2836	81
2837	85
2838	83
2839	84
2840	88
2841	86
2842	86
2843	87
2844	84
2845	86
2846	84
2847	85
2848	83
2849	83
2850	85
2851	85
2852	86
2853	86
2854	85
2855	87
2856	86
2857	86
2858	87
2859	85
2860	82
2861	84
2862	86
2863	87
2864	85
2865	84
2866	83
2867	85
2868	84
2869	86
2870	86
2871	81
2872	84
2873	85
2874	85
2875	85
2876	87
2877	85
2878	85
2879	83
2880	86
2881	84
2882	85
2883	82
2884	85
2885	85
2886	84
2887	84
2888	83
2889	85
2890	84
2891	87
2892	87
2893	82
2894	85
2895	84
2896	87
2897	83
2898	82
2899	80
2900	83
2901	84
2902	87
2903	82
2904	83
2905	84
2906	83
2907	81
2908	78
2909	84
2910	82
2911	81
2912	83
2913	84
2914	86
2915	83
2916	83
2917	83
2918	82
2919	84
2920	85
2921	84
2922	85
2923	85
2924	87
2925	84
2926	85
2927	85
2928	85
2929	86
2930	84
2931	82
2932	84
2933	87
2934	82
2935	84
2936	84
2937	83
2938	85
2939	82
2940	83
2941	85
2942	84
2943	86
2944	83
2945	81
2946	83
2947	82
2948	84
2949	81
2950	82
2951	85
2952	87
2953	84
2954	85
2955	85
2956	85
2957	83
2958	85
2959	83
2960	85
2961	85
2962	84
2963	84
2964	88
2965	86
2966	85
2967	84
2968	85
2969	85
2970	83
2971	86
2972	86
2973	86
2974	82
2975	85
2976	85
2977	86
2978	83
2979	84
2980	82
2981	82
2982	80
2983	80
2984	82
2985	84
2986	83
2987	82
2988	81
2989	82
2990	83
2991	86
2992	85
2993	85
2994	85
2995	85
2996	84
2997	83
2998	79
2999	85
3000	85
3001	84
3002	85
3003	85
3004	87
3005	85
3006	85
3007	82
3008	82
3009	84
3010	84
3011	84
3012	88
3013	85
3014	87
3015	86
3016	86
3017	84
3018	83
3019	80
3020	80
3021	83
3022	82
3023	82
3024	82
3025	86
3026	86
3027	82
3028	85
3029	82
3030	81
3031	86
3032	84
3033	83
3034	85
3035	87
3036	85
3037	86
3038	83
3039	83
3040	85
3041	83
3042	82
3043	86
3044	84
3045	83
3046	85
3047	84
3048	85
3049	83
3050	84
3051	81
3052	84
3053	84
3054	86
3055	85
3056	86
3057	86
3058	83
3059	84
3060	85
3061	85
3062	85
3063	84
3064	84
3065	84
3066	86
3067	86
3068	83
3069	85
3070	86
3071	85
3072	87
3073	83
3074	87
3075	85
3076	85
3077	84
3078	84
3079	87
3080	84
3081	86
3082	84
3083	84
3084	86
3085	84
3086	86
3087	83
3088	86
3089	88
3090	85
3091	81
3092	83
3093	85
3094	85
3095	85
3096	86
3097	86
3098	81
3099	83
3100	83
3101	84
3102	84
3103	84
3104	82
3105	82
3106	83
3107	85
3108	87
3109	84
3110	85
3111	83
3112	85
3113	84
3114	86
3115	85
3116	85
3117	88
3118	89
3119	89
3120	87
3121	90
3122	88
3123	88
3124	88
3125	94
3126	94
3127	93
3128	90
3129	91
3130	93
3131	94
3132	92
3133	94
3134	93
3135	93
3136	90
3137	92
3138	89
3139	90
3140	91
3141	93
3142	93
3143	92
3144	92
3145	92
3146	93
3147	94
3148	92
3149	94
3150	92
3151	92
3152	90
3153	91
3154	91
3155	94
3156	94
3157	90
3158	93
3159	96
3160	92
3161	94
3162	95
3163	93
3164	89
3165	92
3166	95
3167	94
3168	93
3169	93
3170	92
3171	95
3172	92
3173	94
3174	95
3175	94
3176	94
3177	93
3178	93
3179	92
3180	92
3181	95
3182	96
3183	93
3184	92
3185	92
3186	93
3187	91
3188	93
3189	93
3190	97
3191	95
3192	96
3193	97
3194	98
3195	98
3196	98
3197	97
3198	99
3199	96
3200	95
3201	94
3202	97
3203	96
3204	96
3205	99
3206	96
3207	98
3208	96
3209	94
3210	93
3211	99
3212	99
3213	97
3214	94
3215	95
3216	96
3217	99
3218	95
3219	96
3220	96
3221	95
3222	99
3223	98
3224	96
3225	98
3226	98
3227	99
3228	98
3229	98
3230	95
3231	97
3232	94
3233	94
3234	94
3235	95
3236	97
3237	96
3238	94
3239	93
3240	96
3241	97
3242	95
3243	94
3244	93
3245	91
3246	92
3247	93
3248	90
3249	91
3250	94
3251	94
3252	89
3253	89
3254	89
3255	91
3256	94
3257	96
3258	93
3259	91
3260	90
3261	88
3262	90
3263	90
3264	88
3265	85
3266	86
3267	90
3268	91
3269	92
3270	92
3271	91
3272	89
3273	91
3274	93
3275	91
3276	90
3277	89
3278	90
3279	90
3280	89
3281	90
3282	91
3283	90
3284	90
3285	88
3286	89
3287	91
3288	87
3289	90
3290	91
3291	91
3292	90
3293	88
3294	90
3295	89
3296	91
3297	90
3298	89
3299	89
3300	90
3301	90
3302	89
3303	89
3304	88
3305	85
3306	85
3307	85
3308	85
3309	85
3310	87
3311	85
3312	87
3313	88
3314	87
3315	90
3316	90
3317	91
3318	91
3319	89
3320	89
3321	89
3322	89
3323	88
3324	87
3325	88
3326	89
3327	86
3328	86
3329	88
3330	88
3331	88
3332	88
3333	88
3334	88
3335	88
3336	89
3337	89
3338	91
3339	90
3340	89
3341	89
3342	88
3343	90
3344	89
3345	88
3346	89
3347	88
3348	90
3349	90
3350	90
3351	91
3352	88
3353	92
3354	91
3355	92
3356	92
3357	91
3358	92
3359	93
3360	91
3361	90
3362	89
3363	88
3364	88
3365	88
3366	92
3367	90
3368	88
3369	90
3370	92
3371	90
3372	88
3373	88
3374	90
3375	89
3376	88
3377	87
3378	87
3379	88
3380	88
3381	88
3382	88
3383	89
3384	89
3385	90
3386	90
3387	90
3388	88
3389	87
3390	87
3391	89
3392	90
3393	92
3394	90
3395	90
3396	90
3397	90
3398	90
3399	92
3400	92
3401	92
3402	92
3403	91
3404	89
3405	91
3406	92
3407	90
3408	90
3409	87
3410	87
3411	89
3412	90
3413	89
3414	88
3415	87
3416	85
3417	86
3418	85
3419	86
3420	86
3421	87
3422	85
3423	85
3424	86
3425	87
3426	87
3427	88
3428	89
3429	87
3430	86
3431	86
3432	88
3433	91
3434	92
3435	93
3436	91
3437	90
3438	90
3439	93
3440	91
3441	91
3442	91
3443	91
3444	90
3445	89
3446	92
3447	89
3448	91
3449	89
3450	89
3451	88
3452	87
3453	88
3454	89
3455	89
3456	89
3457	91
3458	91
3459	91
3460	90
3461	91
3462	91
3463	91
3464	93
3465	91
3466	92
3467	90
3468	92
3469	92
3470	93
3471	91
3472	90
3473	89
3474	89
3475	89
3476	89
3477	89
3478	90
3479	89
3480	87
3481	89
3482	88
3483	88
3484	91
3485	92
3486	91
3487	93
3488	91
3489	91
3490	92
3491	93
3492	91
3493	92
3494	93
3495	92
3496	93
3497	93
3498	93
3499	91
3500	93
3501	94
3502	93
3503	94
3504	92
3505	90
3506	90
3507	90
3508	91
3509	91
3510	90
3511	91
3512	91
3513	90
3514	90
3515	90
3516	91
3517	92
3518	94
3519	93
3520	93
3521	94
3522	95
3523	95
3524	97
3525	97
3526	96
3527	93
3528	94
3529	94
3530	95
3531	93
3532	96
3533	95
3534	90
3535	92
3536	92
3537	95
3538	94
3539	96
3540	91
3541	94
3542	95
3543	95
3544	95
3545	94
3546	95
3547	94
3548	95
3549	93
3550	92
3551	92
3552	91
3553	93
3554	93
3555	91
3556	93
3557	90
3558	95
3559	94
3560	93
3561	96
3562	95
3563	98
3564	97
3565	96
3566	93
3567	98
3568	98
3569	94
3570	93
3571	93
3572	94
3573	97
3574	93
3575	95
3576	96
3577	96
3578	95
3579	93
3580	94
3581	94
3582	94
3583	95
3584	94
3585	93
3586	94
3587	94
3588	92
3589	91
3590	94
3591	93
3592	90
3593	93
3594	95
3595	94
3596	96
3597	97
3598	94
3599	94
3600	95
3601	95
3602	95
3603	93
3604	97
3605	94
3606	93
3607	94
3608	96
3609	94
3610	92
3611	94
3612	94
3613	92
3614	94
3615	93
3616	93
3617	93
3618	95
3619	93
3620	94
3621	92
3622	91
3623	92
3624	94
3625	96
3626	93
3627	93
3628	92
3629	97
3630	99
3631	98
3632	94
3633	91
3634	93
3635	93
3636	91
3637	94
3638	95
3639	93
3640	95
3641	96
3642	96
3643	95
3644	95
3645	91
3646	94
3647	96
3648	96
3649	95
3650	96
3651	94
3652	95
3653	96
3654	94
3655	93
3656	97
3657	96
3658	96
3659	97
3660	98
3661	96
3662	99
3663	95
3664	94
3665	95
3666	97
3667	99
3668	96
3669	95
3670	98
3671	93
3672	94
3673	95
3674	97
3675	94
3676	94
3677	95
3678	96
3679	100
3680	96
3681	97
3682	98
3683	100
3684	97
3685	98
3686	97
3687	100
3688	101
3689	55
3690	57
3691	58
3692	58
3693	57
3694	57
3695	60
3696	57
3697	57
3698	58
3699	57
3700	55
3701	55
3702	57
3703	56
3704	57
3705	58
3706	56
3707	58
3708	57
3709	55
3710	56
3711	58
3712	56
3713	56
3714	58
3715	58
3716	58
3717	57
3718	57
3719	56
3720	57
3721	54
3722	55
3723	55
3724	55
3725	53
3726	52
3727	52
3728	52
3729	53
3730	52
3731	51
3732	53
3733	58
3734	58
3735	58
3736	58
3737	58
3738	56
3739	59
3740	57
3741	56
3742	56
3743	56
3744	56
3745	57
3746	54
3747	56
3748	56
3749	57
3750	56
3751	56
3752	56
3753	57
3754	55
3755	56
3756	57
3757	59
3758	62
3759	57
3760	57
3761	57
3762	56
3763	57
3764	59
3765	58
3766	59
3767	56
3768	56
3769	55
3770	57
3771	57
3772	58
3773	59
3774	58
3775	56
3776	57
3777	57
3778	56
3779	57
3780	57
3781	58
3782	60
3783	59
3784	59
3785	58
3786	59
3787	58
3788	56
3789	55
3790	55
3791	57
3792	57
3793	56
3794	57
3795	57
3796	57
3797	57
3798	57
3799	56
3800	57
3801	57
3802	59
3803	56
3804	59
3805	58
3806	56
3807	55
3808	56
3809	58
3810	57
3811	55
3812	56
3813	56
3814	54
3815	56
3816	60
3817	61
3818	60
3819	56
3820	57
3821	58
3822	57
3823	59
3824	54
3825	57
3826	59
3827	57
3828	58
3829	57
3830	55
3831	57
3832	59
3833	60
3834	58
3835	55
3836	58
3837	55
3838	56
3839	55
3840	57
3841	57
3842	58
3843	59
3844	55
3845	57
3846	59
3847	61
3848	58
3849	55
3850	56
3851	58
3852	57
3853	55
3854	57
3855	55
3856	56
3857	57
3858	54
3859	56
3860	55
3861	53
3862	53
3863	53
3864	53
3865	54
3866	56
3867	56
3868	55
3869	58
3870	60
3871	56
3872	57
3873	58
3874	58
3875	59
3876	59
3877	58
3878	55
3879	56
3880	56
3881	58
3882	57
3883	57
3884	55
3885	57
3886	56
3887	57
3888	57
3889	58
3890	57
3891	60
3892	59
3893	60
3894	59
3895	60
3896	58
3897	56
3898	58
3899	57
3900	56
3901	56
3902	58
3903	58
3904	57
3905	54
3906	55
3907	57
3908	55
3909	55
3910	56
3911	56
3912	55
3913	56
3914	57
3915	58
3916	56
3917	56
3918	56
3919	58
3920	57
3921	59
3922	58
3923	58
3924	60
3925	57
3926	55
3927	59
3928	60
3929	60
3930	58
3931	59
3932	58
3933	59
3934	57
3935	58
3936	57
3937	57
3938	56
3939	58
3940	57
3941	55
3942	58
3943	58
3944	59
3945	58
3946	57
3947	55
3948	58
3949	58
3950	55
3951	53
3952	56
3953	53
3954	53
3955	54
3956	52
3957	51
3958	56
3959	55
3960	56
3961	56
3962	57
3963	58
3964	56
3965	56
3966	58
3967	58
3968	60
3969	59
3970	61
3971	60
3972	56
3973	58
3974	55
3975	58
3976	58
3977	57
3978	59
3979	58
3980	59
3981	58
3982	58
3983	55
3984	57
3985	57
3986	57
3987	60
3988	58
3989	57
3990	57
3991	58
3992	60
3993	58
3994	56
3995	57
3996	57
3997	57
3998	58
3999	57
4000	55
4001	58
4002	61
4003	59
4004	62
4005	62
4006	61
4007	62
4008	62
4009	63
4010	61
4011	60
4012	61
4013	58
4014	60
4015	61
4016	58
4017	58
4018	57
4019	59
4020	60
4021	59
4022	60
4023	60
4024	60
4025	59
4026	61
4027	61
4028	61
4029	61
4030	60
4031	62
4032	62
4033	61
4034	60
4035	59
4036	62
4037	61
4038	62
4039	62
4040	59
4041	58
4042	61
4043	60
4044	59
4045	58
4046	59
4047	58
4048	58
4049	58
4050	58
4051	58
4052	56
4053	57
4054	55
4055	55
4056	56
4057	58
4058	58
4059	59
4060	59
4061	59
4062	60
4063	61
4064	60
4065	62
4066	61
4067	61
4068	62
4069	60
4070	58
4071	61
4072	60
4073	59
4074	60
4075	62
4076	63
4077	62
4078	59
4079	58
4080	61
4081	61
4082	59
4083	59
4084	61
4085	60
4086	60
4087	60
4088	64
4089	63
4090	62
4091	61
4092	62
4093	61
4094	61
4095	59
4096	60
4097	63
4098	61
4099	61
4100	61
4101	61
4102	60
4103	58
4104	58
4105	60
4106	62
4107	61
4108	62
4109	60
4110	60
4111	61
4112	63
4113	60
4114	60
4115	61
4116	61
4117	62
4118	61
4119	61
4120	63
4121	62
4122	61
4123	60
4124	60
4125	59
4126	61
4127	63
4128	62
4129	61
4130	61
4131	62
4132	57
4133	59
4134	62
4135	60
4136	59
4137	60
4138	59
4139	60
4140	61
4141	62
4142	60
4143	63
4144	59
4145	61
4146	62
4147	65
4148	62
4149	63
4150	62
4151	60
4152	59
4153	62
4154	62
4155	59
4156	59
4157	59
4158	60
4159	60
4160	60
4161	60
4162	60
4163	60
4164	59
4165	61
4166	63
4167	61
4168	64
4169	61
4170	59
4171	59
4172	60
4173	62
4174	60
4175	60
4176	58
4177	56
4178	60
4179	57
4180	57
4181	59
4182	61
4183	61
4184	61
4185	63
4186	61
4187	60
4188	65
4189	62
4190	62
4191	60
4192	61
4193	63
4194	59
4195	58
4196	60
4197	60
4198	58
4199	59
4200	61
4201	61
4202	62
4203	59
4204	59
4205	60
4206	62
4207	61
4208	59
4209	62
4210	60
4211	59
4212	61
4213	60
4214	59
4215	58
4216	60
4217	58
4218	58
4219	59
4220	59
4221	60
4222	59
4223	60
4224	60
4225	59
4226	57
4227	56
4228	56
4229	60
4230	60
4231	58
4232	61
4233	61
4234	60
4235	64
4236	63
4237	59
4238	60
4239	58
4240	58
4241	58
4242	59
4243	59
4244	59
4245	60
4246	61
4247	62
4248	61
4249	64
4250	62
4251	61
4252	60
4253	61
4254	58
4255	60
4256	62
4257	59
4258	61
4259	63
4260	61
4261	62
4262	59
4263	60
4264	58
4265	61
4266	59
4267	61
4268	62
4269	58
4270	62
4271	60
4272	58
4273	60
4274	61
4275	60
4276	59
4277	60
4278	60
4279	61
4280	62
4281	60
4282	61
4283	58
4284	60
4285	60
4286	61
4287	59
4288	60
4289	59
4290	58
4291	59
4292	57
4293	57
4294	57
4295	60
4296	61
4297	61
4298	61
4299	61
4300	60
4301	61
4302	59
4303	62
4304	61
4305	63
4306	62
4307	62
4308	62
4309	61
4310	60
4311	60
4312	60
4313	60
4314	60
4315	62
4316	58
4317	58
4318	60
4319	61
4320	62
4321	58
4322	57
4323	59
4324	57
4325	57
4326	58
4327	57
4328	58
4329	57
4330	59
4331	58
4332	58
4333	60
4334	60
4335	60
4336	61
4337	60
4338	60
4339	59
4340	60
4341	61
4342	62
4343	60
4344	62
4345	62
4346	60
4347	61
4348	61
4349	60
4350	61
4351	62
4352	59
4353	60
4354	60
4355	58
4356	59
4357	58
4358	59
4359	58
4360	60
4361	60
4362	57
4363	57
4364	55
4365	59
4366	59
4367	57
4368	59
4369	57
4370	56
4371	59
4372	58
4373	61
4374	59
4375	60
4376	60
4377	61
4378	59
4379	61
4380	61
4381	61
4382	63
4383	64
4384	64
4385	58
4386	62
4387	59
4388	61
4389	60
4390	62
4391	62
4392	62
4393	61
4394	61
4395	62
4396	61
4397	63
4398	60
4399	62
4400	60
4401	61
4402	59
4403	62
4404	59
4405	58
4406	59
4407	60
4408	61
4409	59
4410	63
4411	62
4412	61
4413	62
4414	59
4415	60
4416	58
4417	58
4418	59
4419	60
4420	58
4421	59
4422	59
4423	58
4424	59
4425	59
4426	58
4427	60
4428	61
4429	61
4430	61
4431	62
4432	61
4433	64
4434	64
4435	61
4436	62
4437	62
4438	63
4439	62
4440	65
4441	61
4442	62
4443	60
4444	62
4445	63
4446	61
4447	60
4448	63
4449	64
4450	62
4451	61
4452	58
4453	61
4454	65
4455	64
4456	66
4457	65
4458	65
4459	65
4460	66
4461	66
4462	66
4463	65
4464	66
4465	65
4466	62
4467	62
4468	63
4469	63
4470	62
4471	65
4472	63
4473	65
4474	64
4475	63
4476	62
4477	62
4478	65
4479	64
4480	63
4481	64
4482	62
4483	60
4484	61
4485	63
4486	63
4487	62
4488	64
4489	66
4490	65
4491	64
4492	63
4493	64
4494	65
4495	66
4496	67
4497	64
4498	64
4499	66
4500	65
4501	65
4502	66
4503	67
4504	65
4505	64
4506	65
4507	63
4508	64
4509	63
4510	63
4511	64
4512	66
4513	67
4514	61
4515	65
4516	67
4517	63
4518	61
4519	63
4520	63
4521	64
4522	64
4523	64
4524	65
4525	63
4526	64
4527	62
4528	62
4529	65
4530	66
4531	67
4532	63
4533	64
4534	65
4535	66
4536	62
4537	65
4538	64
4539	65
4540	69
4541	68
4542	70
4543	70
4544	69
4545	71
4546	70
4547	69
4548	68
4549	68
4550	68
4551	66
4552	67
4553	67
4554	66
4555	63
4556	67
4557	70
4558	66
4559	66
4560	67
4561	66
4562	65
4563	67
4564	67
4565	67
4566	69
4567	70
4568	66
4569	65
4570	64
4571	65
4572	67
4573	62
4574	64
4575	66
4576	65
4577	66
4578	69
4579	67
4580	65
4581	65
4582	66
4583	67
4584	65
4585	65
4586	66
4587	65
4588	67
4589	66
4590	67
4591	67
4592	68
4593	66
4594	66
4595	68
4596	67
4597	68
4598	70
4599	69
4600	69
4601	70
4602	70
4603	65
4604	67
4605	67
4606	65
4607	68
4608	66
4609	66
4610	65
4611	67
4612	69
4613	66
4614	65
4615	64
4616	66
4617	63
4618	66
4619	63
4620	64
4621	66
4622	64
4623	61
4624	64
4625	64
4626	67
4627	64
4628	63
4629	65
4630	64
4631	66
4632	69
4633	71
4634	66
4635	63
4636	63
4637	66
4638	66
4639	66
4640	68
4641	65
4642	66
4643	66
4644	66
4645	68
4646	66
4647	68
4648	68
4649	66
4650	67
4651	65
4652	65
4653	66
4654	67
4655	68
4656	65
4657	68
4658	68
4659	68
4660	65
4661	69
4662	66
4663	68
4664	66
4665	67
4666	68
4667	68
4668	68
4669	67
4670	66
4671	65
4672	65
4673	66
4674	67
4675	68
4676	67
4677	69
4678	67
4679	69
4680	67
4681	67
4682	69
4683	69
4684	69
4685	68
4686	66
4687	71
4688	70
4689	70
4690	72
4691	70
4692	69
4693	68
4694	70
4695	70
4696	71
4697	70
4698	69
4699	72
4700	72
4701	69
4702	68
4703	67
4704	69
4705	69
4706	70
4707	70
4708	70
4709	72
4710	72
4711	69
4712	68
4713	69
4714	69
4715	68
4716	67
4717	67
4718	69
4719	70
4720	71
4721	70
4722	72
4723	71
4724	71
4725	73
4726	70
4727	71
4728	69
4729	68
4730	69
4731	70
4732	69
4733	69
4734	70
4735	69
4736	71
4737	67
4738	66
4739	68
4740	71
4741	72
4742	74
4743	71
4744	70
4745	69
4746	71
4747	71
4748	72
4749	72
4750	72
4751	70
4752	71
4753	70
4754	69
4755	71
4756	71
4757	69
4758	71
4759	69
4760	70
4761	72
4762	70
4763	67
4764	72
4765	71
4766	69
4767	70
4768	70
4769	68
4770	66
4771	72
4772	72
4773	73
4774	70
4775	72
4776	70
4777	72
4778	69
4779	70
4780	71
4781	69
4782	72
4783	71
4784	72
4785	70
4786	69
4787	70
4788	69
4789	69
4790	71
4791	71
4792	69
4793	68
4794	71
4795	72
4796	71
4797	70
4798	69
4799	73
4800	73
4801	72
4802	71
4803	70
4804	72
4805	72
4806	69
4807	68
4808	71
4809	73
4810	70
4811	72
4812	69
4813	69
4814	69
4815	71
4816	69
4817	71
4818	70
4819	70
4820	72
4821	69
4822	69
4823	68
4824	71
4825	69
4826	67
4827	68
4828	69
4829	69
4830	71
4831	68
4832	68
4833	70
4834	67
4835	66
4836	70
4837	71
4838	72
4839	68
4840	70
4841	70
4842	69
4843	70
4844	68
4845	71
4846	70
4847	69
4848	70
4849	74
4850	71
4851	70
4852	70
4853	72
4854	70
4855	69
4856	71
4857	73
4858	71
4859	67
4860	69
4861	70
4862	69
4863	68
4864	69
4865	69
4866	68
4867	71
4868	70
4869	69
4870	69
4871	70
4872	68
4873	68
4874	68
4875	68
4876	71
4877	71
4878	73
4879	69
4880	69
4881	70
4882	72
4883	72
4884	70
4885	70
4886	69
4887	71
4888	73
4889	72
4890	70
4891	73
4892	71
4893	71
4894	72
4895	68
4896	72
4897	71
4898	70
4899	70
4900	71
4901	73
4902	73
4903	71
4904	70
4905	70
4906	73
4907	72
4908	73
4909	70
4910	69
4911	72
4912	72
4913	71
4914	70
4915	68
4916	68
4917	70
4918	69
4919	70
4920	69
4921	72
4922	71
4923	71
4924	68
4925	66
4926	68
4927	69
4928	69
4929	73
4930	69
4931	69
4932	69
4933	69
4934	69
4935	69
4936	71
4937	71
4938	71
4939	74
4940	73
4941	73
4942	72
4943	72
4944	71
4945	69
4946	68
4947	67
4948	69
4949	70
4950	70
4951	71
4952	72
4953	69
4954	71
4955	70
4956	70
4957	69
4958	71
4959	71
4960	69
4961	71
4962	70
4963	69
4964	72
4965	69
4966	69
4967	72
4968	71
4969	68
4970	68
4971	71
4972	71
4973	74
4974	76
4975	74
4976	74
4977	74
4978	73
4979	72
4980	72
4981	74
4982	72
4983	74
4984	71
4985	72
4986	73
4987	75
4988	76
4989	75
4990	77
4991	73
4992	75
4993	72
4994	74
4995	78
4996	75
4997	77
4998	76
4999	72
5000	75
5001	78
5002	72
5003	73
5004	76
5005	72
5006	73
5007	77
5008	76
5009	76
5010	76
5011	78
5012	77
5013	76
5014	74
5015	74
5016	78
5017	77
5018	77
5019	76
5020	76
5021	76
5022	75
5023	77
5024	75
5025	77
5026	76
5027	78
5028	75
5029	75
5030	76
5031	78
5032	76
5033	74
5034	74
5035	72
5036	76
5037	75
5038	80
5039	75
5040	76
5041	76
5042	77
5043	74
5044	77
5045	78
5046	75
5047	74
5048	78
5049	74
5050	76
5051	75
5052	76
5053	75
5054	77
5055	75
5056	75
5057	73
5058	69
5059	66
5060	68
5061	70
5062	74
5063	74
5064	78
5065	77
5066	76
5067	74
5068	72
5069	71
5070	70
5071	71
5072	67
5073	67
5074	68
5075	71
5076	73
5077	74
5078	74
5079	74
5080	75
5081	72
5082	72
5083	73
5084	71
5085	71
5086	72
5087	74
5088	73
5089	73
5090	74
5091	74
5092	75
5093	74
5094	73
5095	73
5096	72
5097	72
5098	73
5099	70
5100	71
5101	69
5102	70
5103	70
5104	70
5105	71
5106	72
5107	73
5108	73
5109	73
5110	72
5111	71
5112	71
5113	74
5114	73
5115	73
5116	73
5117	71
5118	71
5119	70
5120	70
5121	72
5122	73
5123	74
5124	72
5125	73
5126	72
5127	71
5128	74
5129	73
5130	74
5131	74
5132	75
5133	73
5134	74
5135	74
5136	75
5137	73
5138	72
5139	72
5140	73
5141	73
5142	74
5143	73
5144	72
5145	73
5146	74
5147	73
5148	73
5149	71
5150	72
5151	71
5152	71
5153	70
5154	71
5155	72
5156	75
5157	75
5158	75
5159	77
5160	75
5161	75
5162	75
5163	78
5164	75
5165	78
5166	78
5167	78
5168	75
5169	77
5170	76
5171	77
5172	77
5173	75
5174	78
5175	75
5176	75
5177	74
5178	74
5179	77
5180	74
5181	74
5182	73
5183	76
5184	75
5185	79
5186	81
5187	76
5188	74
5189	74
5190	73
5191	75
5192	76
5193	75
5194	78
5195	78
5196	80
5197	75
5198	76
5199	77
5200	75
5201	77
5202	76
5203	75
5204	77
5205	76
5206	75
5207	77
5208	76
5209	78
5210	77
5211	76
5212	77
5213	75
5214	77
5215	78
5216	78
5217	76
5218	78
5219	79
5220	80
5221	78
5222	78
5223	77
5224	77
5225	79
5226	78
5227	78
5228	78
5229	79
5230	81
5231	79
5232	77
5233	76
5234	77
5235	78
5236	79
5237	77
5238	79
5239	79
5240	81
5241	81
5242	77
5243	76
5244	78
5245	78
5246	78
5247	78
5248	78
5249	78
5250	78
5251	80
5252	80
5253	81
5254	78
5255	77
5256	80
5257	77
5258	79
5259	77
5260	78
5261	75
5262	81
5263	81
5264	80
5265	80
5266	80
5267	80
5268	82
5269	83
5270	84
5271	84
5272	83
5273	81
5274	78
5275	76
5276	82
5277	80
5278	83
5279	82
5280	83
5281	80
5282	80
5283	81
5284	80
5285	81
5286	79
5287	80
5288	81
5289	80
5290	83
5291	80
5292	79
5293	79
5294	81
5295	79
5296	77
5297	81
5298	78
5299	77
5300	82
5301	83
5302	80
5303	80
5304	83
5305	83
5306	78
5307	83
5308	81
5309	79
5310	82
5311	82
5312	82
5313	80
5314	78
5315	79
5316	80
5317	80
5318	83
5319	84
5320	82
5321	82
5322	86
5323	84
5324	83
5325	85
5326	83
5327	84
5328	85
5329	86
5330	83
5331	84
5332	84
5333	82
5334	81
5335	84
5336	85
5337	84
5338	86
5339	84
5340	84
5341	83
5342	82
5343	81
5344	82
5345	85
5346	83
5347	83
5348	84
5349	81
5350	84
5351	84
5352	86
5353	86
5354	82
5355	82
5356	85
5357	85
5358	82
5359	84
5360	85
5361	84
5362	84
5363	87
5364	88
5365	88
5366	87
5367	87
5368	84
5369	83
5370	84
5371	84
5372	85
5373	83
5374	86
5375	89
5376	91
5377	86
5378	88
5379	91
5380	91
5381	92
5382	92
5383	92
5384	91
5385	94
5386	90
5387	92
5388	92
5389	88
5390	89
5391	92
5392	90
5393	89
5394	90
5395	88
5396	92
5397	91
5398	91
5399	89
5400	88
5401	91
5402	90
5403	94
5404	92
5405	89
5406	91
5407	89
5408	91
5409	90
5410	92
5411	92
5412	89
5413	89
5414	89
5415	90
5416	91
5417	89
5418	90
5419	90
5420	91
5421	91
5422	90
5423	91
5424	92
5425	91
5426	90
5427	88
5428	84
5429	88
5430	90
5431	86
5432	89
5433	90
5434	90
5435	91
5436	92
5437	89
5438	92
5439	91
5440	93
5441	90
5442	90
5443	89
5444	93
5445	90
5446	89
5447	90
5448	90
5449	91
5450	89
5451	87
5452	88
5453	88
5454	90
5455	93
5456	90
5457	89
5458	92
5459	91
5460	91
5461	90
5462	89
5463	88
5464	90
5465	91
5466	90
5467	88
5468	88
5469	89
5470	90
5471	89
5472	86
5473	89
5474	91
5475	89
5476	87
5477	88
5478	91
5479	92
5480	89
5481	90
5482	90
5483	93
5484	91
5485	90
5486	89
5487	88
5488	89
5489	93
5490	92
5491	90
5492	89
5493	91
5494	90
5495	90
5496	91
5497	89
5498	90
5499	89
5500	92
5501	90
5502	91
5503	93
5504	94
5505	92
5506	89
5507	89
5508	91
5509	88
5510	91
5511	89
5512	88
5513	90
5514	89
5515	92
5516	95
5517	93
5518	95
5519	96
5520	96
5521	94
5522	92
5523	91
5524	91
5525	92
5526	93
5527	93
5528	94
5529	96
5530	96
5531	95
5532	92
5533	97
5534	96
5535	94
5536	95
5537	92
5538	93
5539	94
5540	93
5541	91
5542	94
5543	92
5544	92
5545	93
5546	97
5547	93
5548	93
5549	91
5550	92
5551	96
5552	93
5553	93
5554	90
5555	91
5556	90
5557	91
5558	94
5559	95
5560	94
5561	95
5562	92
5563	92
5564	89
5565	87
5566	86
5567	85
5568	86
5569	87
5570	87
5571	87
5572	87
5573	85
5574	85
5575	88
5576	87
5577	88
5578	88
5579	88
5580	89
5581	89
5582	89
5583	89
5584	88
5585	86
5586	87
5587	86
5588	86
5589	86
5590	86
5591	86
5592	86
5593	85
5594	84
5595	83
5596	85
5597	87
5598	88
5599	88
5600	88
5601	86
5602	86
5603	88
5604	87
5605	88
5606	88
5607	89
5608	88
5609	88
5610	87
5611	87
5612	84
5613	83
5614	85
5615	85
5616	87
5617	88
5618	88
5619	87
5620	88
5621	89
5622	86
5623	87
5624	85
5625	85
5626	84
5627	83
5628	83
5629	85
5630	83
5631	83
5632	86
5633	85
5634	88
5635	85
5636	83
5637	83
5638	85
5639	84
5640	84
5641	85
5642	84
5643	86
5644	85
5645	85
5646	86
5647	86
5648	88
5649	89
5650	89
5651	87
5652	86
5653	88
5654	88
5655	87
5656	88
5657	89
5658	88
5659	89
5660	86
5661	86
5662	86
5663	88
5664	89
5665	90
5666	90
5667	89
5668	89
5669	87
5670	87
5671	87
5672	87
5673	88
5674	88
5675	88
5676	88
5677	90
5678	89
5679	89
5680	89
5681	87
5682	88
5683	89
5684	89
5685	88
5686	88
5687	89
5688	90
5689	90
5690	89
5691	88
5692	86
5693	87
5694	87
5695	87
5696	86
5697	88
5698	87
5699	86
5700	87
5701	88
5702	88
5703	89
5704	88
5705	90
5706	90
5707	88
5708	89
5709	88
5710	87
5711	86
5712	85
5713	88
5714	89
5715	87
5716	85
5717	86
5718	86
5719	86
5720	85
5721	86
5722	88
5723	86
5724	86
5725	86
5726	87
5727	88
5728	89
5729	90
5730	89
5731	88
5732	90
5733	91
5734	92
5735	94
5736	93
5737	91
5738	90
5739	90
5740	91
5741	89
5742	89
5743	88
5744	90
5745	89
5746	89
5747	91
5748	90
5749	90
5750	89
5751	87
5752	87
5753	89
5754	88
5755	87
5756	87
5757	88
5758	89
5759	90
5760	90
5761	89
5762	90
5763	89
5764	90
5765	90
5766	88
5767	89
5768	89
5769	88
5770	89
5771	88
5772	90
5773	92
5774	92
5775	93
5776	91
5777	91
5778	90
5779	90
5780	91
5781	91
5782	90
5783	91
5784	91
5785	91
5786	88
5787	89
5788	90
5789	89
5790	90
5791	90
5792	89
5793	88
5794	89
5795	89
5796	90
5797	89
5798	91
5799	89
5800	89
5801	88
5802	88
5803	86
5804	87
5805	86
5806	90
5807	91
5808	88
5809	87
5810	86
5811	86
5812	87
5813	86
5814	86
5815	86
5816	88
5817	88
5818	89
5819	90
5820	87
5821	87
5822	89
5823	88
5824	90
5825	89
5826	87
5827	86
5828	90
5829	89
5830	90
5831	88
5832	90
5833	92
5834	92
5835	90
5836	92
5837	92
5838	93
5839	92
5840	91
5841	92
5842	92
5843	93
5844	92
5845	92
5846	93
5847	93
5848	93
5849	94
5850	94
5851	92
5852	92
5853	92
5854	92
5855	93
5856	94
5857	93
5858	93
5859	94
5860	93
5861	90
5862	91
5863	91
5864	89
5865	92
5866	94
5867	96
5868	92
5869	95
5870	93
5871	92
5872	92
5873	90
5874	95
5875	92
5876	93
5877	93
5878	93
5879	94
5880	93
5881	94
5882	93
5883	91
5884	93
5885	93
5886	89
5887	91
5888	93
5889	93
5890	93
5891	91
5892	93
5893	93
5894	95
5895	96
5896	96
5897	95
5898	96
5899	94
5900	90
5901	92
5902	92
5903	93
5904	93
5905	94
5906	96
5907	95
5908	96
5909	94
5910	97
5911	92
5912	94
5913	96
5914	93
5915	91
5916	95
5917	95
5918	95
5919	96
5920	95
5921	96
5922	98
5923	96
5924	97
5925	96
5926	98
5927	97
5928	101
5929	47
5930	47
5931	47
5932	46
5933	45
5934	46
5935	45
5936	45
5937	46
5938	45
5939	44
5940	46
5941	47
5942	46
5943	48
5944	49
5945	49
5946	48
5947	47
5948	48
5949	47
5950	47
5951	51
5952	53
5953	50
5954	48
5955	45
5956	47
5957	47
5958	49
5959	46
5960	47
5961	47
5962	47
5963	47
5964	49
5965	48
5966	49
5967	53
5968	51
5969	50
5970	49
5971	50
5972	53
5973	52
5974	49
5975	50
5976	47
5977	49
5978	50
5979	49
5980	49
5981	47
5982	49
5983	46
5984	47
5985	49
5986	49
5987	50
5988	50
5989	48
5990	49
5991	46
5992	46
5993	47
5994	50
5995	48
5996	51
5997	49
5998	53
5999	51
6000	49
6001	50
6002	48
6003	49
6004	49
6005	50
6006	50
6007	53
6008	52
6009	52
6010	49
6011	50
6012	50
6013	49
6014	51
6015	53
6016	51
6017	52
6018	51
6019	53
6020	52
6021	51
6022	49
6023	54
6024	53
6025	54
6026	54
6027	53
6028	52
6029	53
6030	50
6031	53
6032	50
6033	49
6034	52
6035	54
6036	54
6037	55
6038	54
6039	54
6040	55
6041	55
6042	51
6043	51
6044	52
6045	51
6046	51
6047	50
6048	50
6049	50
6050	48
6051	48
6052	48
6053	47
6054	44
6055	45
6056	46
6057	45
6058	45
6059	43
6060	42
6061	43
6062	44
6063	44
6064	45
6065	44
6066	45
6067	44
6068	44
6069	45
6070	44
6071	41
6072	44
6073	46
6074	47
6075	48
6076	47
6077	48
6078	49
6079	48
6080	48
6081	48
6082	47
6083	44
6084	43
6085	42
6086	44
6087	46
6088	47
6089	47
6090	46
6091	47
6092	45
6093	45
6094	45
6095	47
6096	45
6097	44
6098	46
6099	46
6100	44
6101	48
6102	47
6103	47
6104	45
6105	44
6106	45
6107	45
6108	43
6109	44
6110	42
6111	42
6112	42
6113	42
6114	43
6115	41
6116	40
6117	41
6118	41
6119	41
6120	43
6121	44
6122	45
6123	45
6124	46
6125	45
6126	44
6127	44
6128	44
6129	44
6130	45
6131	45
6132	45
6133	45
6134	45
6135	45
6136	45
6137	45
6138	45
6139	44
6140	43
6141	44
6142	43
6143	45
6144	45
6145	44
6146	44
6147	44
6148	45
6149	46
6150	44
6151	44
6152	44
6153	44
6154	44
6155	43
6156	44
6157	44
6158	44
6159	44
6160	45
6161	45
6162	45
6163	46
6164	46
6165	45
6166	45
6167	44
6168	44
6169	44
6170	44
6171	44
6172	44
6173	44
6174	44
6175	42
6176	43
6177	42
6178	41
6179	42
6180	43
6181	42
6182	41
6183	41
6184	42
6185	43
6186	43
6187	43
6188	43
6189	42
6190	43
6191	42
6192	42
6193	44
6194	42
6195	40
6196	40
6197	41
6198	43
6199	42
6200	42
6201	44
6202	44
6203	44
6204	44
6205	43
6206	43
6207	42
6208	44
6209	45
6210	45
6211	44
6212	46
6213	46
6214	44
6215	44
6216	44
6217	45
6218	44
6219	44
6220	45
6221	45
6222	44
6223	44
6224	43
6225	44
6226	46
6227	46
6228	45
6229	44
6230	45
6231	45
6232	44
6233	45
6234	44
6235	45
6236	45
6237	46
6238	47
6239	47
6240	47
6241	45
6242	47
6243	47
6244	47
6245	44
6246	44
6247	45
6248	45
6249	46
6250	46
6251	47
6252	46
6253	44
6254	46
6255	46
6256	46
6257	45
6258	46
6259	45
6260	44
6261	44
6262	43
6263	43
6264	42
6265	42
6266	42
6267	42
6268	42
6269	41
6270	41
6271	43
6272	43
6273	43
6274	44
6275	42
6276	43
6277	42
6278	42
6279	44
6280	43
6281	43
6282	44
6283	44
6284	45
6285	46
6286	46
6287	46
6288	45
6289	45
6290	45
6291	45
6292	45
6293	45
6294	45
6295	45
6296	45
6297	46
6298	47
6299	46
6300	46
6301	46
6302	44
6303	43
6304	45
6305	44
6306	44
6307	45
6308	45
6309	45
6310	44
6311	44
6312	45
6313	45
6314	45
6315	45
6316	45
6317	44
6318	45
6319	47
6320	46
6321	45
6322	46
6323	46
6324	46
6325	46
6326	46
6327	44
6328	44
6329	44
6330	44
6331	43
6332	43
6333	45
6334	44
6335	45
6336	44
6337	43
6338	42
6339	42
6340	42
6341	44
6342	41
6343	43
6344	43
6345	43
6346	45
6347	44
6348	43
6349	41
6350	44
6351	41
6352	41
6353	43
6354	43
6355	43
6356	43
6357	45
6358	44
6359	46
6360	45
6361	45
6362	44
6363	44
6364	43
6365	43
6366	43
6367	44
6368	43
6369	42
6370	43
6371	44
6372	43
6373	42
6374	41
6375	43
6376	44
6377	45
6378	45
6379	44
6380	43
6381	43
6382	43
6383	43
6384	44
6385	44
6386	42
6387	43
6388	43
6389	43
6390	43
6391	43
6392	43
6393	44
6394	43
6395	43
6396	43
6397	43
6398	44
6399	45
6400	44
6401	45
6402	46
6403	46
6404	46
6405	45
6406	45
6407	45
6408	45
6409	45
6410	45
6411	45
6412	45
6413	45
6414	45
6415	44
6416	43
6417	46
6418	45
6419	45
6420	45
6421	45
6422	45
6423	45
6424	45
6425	44
6426	45
6427	44
6428	44
6429	47
6430	47
6431	46
6432	46
6433	47
6434	47
6435	47
6436	46
6437	45
6438	44
6439	45
6440	45
6441	46
6442	45
6443	46
6444	45
6445	45
6446	45
6447	45
6448	48
6449	49
6450	49
6451	47
6452	47
6453	47
6454	47
6455	46
6456	46
6457	45
6458	45
6459	45
6460	46
6461	46
6462	47
6463	46
6464	47
6465	46
6466	46
6467	49
6468	48
6469	47
6470	45
6471	46
6472	47
6473	44
6474	45
6475	45
6476	45
6477	43
6478	44
6479	45
6480	44
6481	46
6482	49
6483	52
6484	50
6485	50
6486	50
6487	51
6488	49
6489	50
6490	48
6491	46
6492	50
6493	50
6494	47
6495	45
6496	50
6497	49
6498	49
6499	49
6500	48
6501	49
6502	49
6503	48
6504	50
6505	50
6506	50
6507	49
6508	52
6509	51
6510	50
6511	51
6512	50
6513	51
6514	50
6515	50
6516	49
6517	48
6518	54
6519	51
6520	50
6521	50
6522	53
6523	53
6524	52
6525	53
6526	51
6527	50
6528	52
6529	51
6530	52
6531	51
6532	52
6533	51
6534	50
6535	50
6536	50
6537	52
6538	54
6539	54
6540	54
6541	54
6542	52
6543	53
6544	54
6545	51
6546	50
6547	52
6548	53
6549	53
6550	53
6551	54
6552	51
6553	52
6554	52
6555	51
6556	53
6557	54
6558	53
6559	52
6560	51
6561	49
6562	50
6563	51
6564	51
6565	51
6566	51
6567	50
6568	49
6569	49
6570	49
6571	51
6572	51
6573	49
6574	49
6575	49
6576	51
6577	52
6578	52
6579	50
6580	51
6581	50
6582	51
6583	52
6584	51
6585	49
6586	50
6587	50
6588	49
6589	50
6590	50
6591	52
6592	51
6593	50
6594	49
6595	52
6596	52
6597	51
6598	49
6599	51
6600	50
6601	48
6602	51
6603	52
6604	51
6605	50
6606	53
6607	51
6608	51
6609	51
6610	52
6611	52
6612	52
6613	49
6614	52
6615	50
6616	53
6617	52
6618	54
6619	51
6620	52
6621	54
6622	51
6623	50
6624	47
6625	48
6626	52
6627	49
6628	50
6629	50
6630	51
6631	54
6632	54
6633	54
6634	52
6635	53
6636	50
6637	52
6638	54
6639	52
6640	53
6641	54
6642	54
6643	55
6644	55
6645	52
6646	54
6647	53
6648	57
6649	55
6650	55
6651	57
6652	56
6653	56
6654	55
6655	56
6656	59
6657	58
6658	57
6659	55
6660	55
6661	56
6662	55
6663	57
6664	57
6665	53
6666	53
6667	56
6668	57
6669	55
6670	58
6671	54
6672	55
6673	56
6674	56
6675	54
6676	53
6677	55
6678	56
6679	56
6680	56
6681	56
6682	55
6683	55
6684	55
6685	57
6686	58
6687	54
6688	56
6689	55
6690	54
6691	56
6692	52
6693	54
6694	50
6695	53
6696	54
6697	58
6698	55
6699	53
6700	55
6701	53
6702	55
6703	54
6704	53
6705	53
6706	55
6707	55
6708	54
6709	54
6710	54
6711	57
6712	58
6713	59
6714	55
6715	57
6716	54
6717	53
6718	54
6719	54
6720	54
6721	54
6722	54
6723	54
6724	50
6725	51
6726	53
6727	55
6728	51
6729	49
6730	54
6731	53
6732	55
6733	55
6734	52
6735	51
6736	51
6737	54
6738	54
6739	52
6740	50
6741	50
6742	53
6743	54
6744	56
6745	52
6746	52
6747	53
6748	52
6749	51
6750	55
6751	52
6752	55
6753	55
6754	53
6755	55
6756	53
6757	53
6758	52
6759	52
6760	54
6761	54
6762	55
6763	51
6764	54
6765	54
6766	58
6767	58
6768	55
6769	53
6770	53
6771	52
6772	51
6773	53
6774	55
6775	54
6776	53
6777	54
6778	54
6779	56
6780	53
6781	55
6782	55
6783	53
6784	55
6785	53
6786	55
6787	53
6788	51
6789	52
6790	54
6791	53
6792	56
6793	57
6794	55
6795	52
6796	51
6797	53
6798	54
6799	54
6800	55
6801	54
6802	58
6803	57
6804	52
6805	53
6806	56
6807	56
6808	55
6809	57
6810	57
6811	58
6812	58
6813	54
6814	58
6815	60
6816	59
6817	57
6818	57
6819	54
6820	57
6821	56
6822	58
6823	56
6824	57
6825	58
6826	59
6827	60
6828	59
6829	61
6830	61
6831	61
6832	60
6833	57
6834	56
6835	60
6836	58
6837	60
6838	61
6839	59
6840	59
6841	58
6842	60
6843	58
6844	60
6845	55
6846	54
6847	58
6848	57
6849	56
6850	58
6851	56
6852	55
6853	55
6854	56
6855	59
6856	58
6857	58
6858	59
6859	59
6860	59
6861	60
6862	58
6863	57
6864	59
6865	61
6866	60
6867	58
6868	56
6869	56
6870	55
6871	54
6872	55
6873	59
6874	60
6875	57
6876	58
6877	59
6878	62
6879	57
6880	61
6881	60
6882	57
6883	58
6884	59
6885	59
6886	59
6887	58
6888	60
6889	60
6890	61
6891	60
6892	60
6893	59
6894	59
6895	59
6896	58
6897	61
6898	59
6899	57
6900	61
6901	58
6902	60
6903	59
6904	60
6905	56
6906	56
6907	59
6908	59
6909	58
6910	57
6911	61
6912	60
6913	59
6914	59
6915	57
6916	56
6917	59
6918	62
6919	58
6920	59
6921	58
6922	60
6923	61
6924	63
6925	63
6926	62
6927	60
6928	62
6929	63
6930	62
6931	62
6932	62
6933	59
6934	62
6935	61
6936	60
6937	60
6938	62
6939	60
6940	61
6941	57
6942	56
6943	60
6944	63
6945	60
6946	62
6947	63
6948	62
6949	62
6950	62
6951	61
6952	60
6953	59
6954	60
6955	60
6956	58
6957	61
6958	60
6959	59
6960	61
6961	63
6962	62
6963	60
6964	62
6965	60
6966	62
6967	60
6968	60
6969	62
6970	62
6971	60
6972	61
6973	58
6974	60
6975	59
6976	61
6977	62
6978	63
6979	65
6980	63
6981	60
6982	60
6983	59
6984	60
6985	61
6986	61
6987	57
6988	59
6989	60
6990	59
6991	59
6992	59
6993	61
6994	62
6995	62
6996	62
6997	62
6998	61
6999	62
7000	61
7001	61
7002	63
7003	64
7004	64
7005	63
7006	62
7007	61
7008	61
7009	61
7010	63
7011	61
7012	62
7013	62
7014	61
7015	62
7016	64
7017	61
7018	61
7019	64
7020	62
7021	64
7022	62
7023	60
7024	62
7025	59
7026	61
7027	60
7028	59
7029	62
7030	62
7031	63
7032	65
7033	64
7034	63
7035	61
7036	62
7037	61
7038	61
7039	62
7040	60
7041	61
7042	61
7043	62
7044	61
7045	63
7046	61
7047	63
7048	61
7049	61
7050	61
7051	61
7052	62
7053	62
7054	61
7055	61
7056	62
7057	63
7058	61
7059	61
7060	60
7061	58
7062	60
7063	61
7064	61
7065	63
7066	59
7067	61
7068	62
7069	61
7070	59
7071	62
7072	60
7073	62
7074	59
7075	60
7076	60
7077	60
7078	63
7079	61
7080	62
7081	62
7082	62
7083	62
7084	62
7085	61
7086	63
7087	60
7088	60
7089	58
7090	59
7091	60
7092	61
7093	59
7094	60
7095	60
7096	62
7097	61
7098	62
7099	62
7100	60
7101	61
7102	61
7103	60
7104	63
7105	63
7106	62
7107	62
7108	61
7109	60
7110	60
7111	60
7112	61
7113	62
7114	64
7115	63
7116	61
7117	61
7118	60
7119	60
7120	59
7121	60
7122	62
7123	62
7124	63
7125	62
7126	61
7127	63
7128	62
7129	64
7130	65
7131	64
7132	62
7133	63
7134	61
7135	61
7136	61
7137	61
7138	63
7139	63
7140	60
7141	61
7142	59
7143	59
7144	65
7145	60
7146	61
7147	61
7148	64
7149	63
7150	62
7151	63
7152	63
7153	60
7154	62
7155	63
7156	61
7157	60
7158	63
7159	63
7160	62
7161	58
7162	58
7163	63
7164	65
7165	65
7166	61
7167	63
7168	63
7169	62
7170	61
7171	64
7172	63
7173	60
7174	60
7175	58
7176	59
7177	61
7178	62
7179	65
7180	62
7181	61
7182	60
7183	60
7184	62
7185	60
7186	58
7187	59
7188	59
7189	61
7190	59
7191	61
7192	59
7193	58
7194	56
7195	59
7196	59
7197	62
7198	61
7199	62
7200	59
7201	60
7202	61
7203	63
7204	60
7205	63
7206	63
7207	62
7208	61
7209	62
7210	61
7211	61
7212	60
7213	61
7214	60
7215	62
7216	61
7217	61
7218	59
7219	61
7220	60
7221	61
7222	60
7223	58
7224	63
7225	60
7226	60
7227	57
7228	61
7229	62
7230	59
7231	61
7232	61
7233	60
7234	60
7235	60
7236	58
7237	58
7238	61
7239	62
7240	62
7241	60
7242	58
7243	61
7244	59
7245	62
7246	57
7247	58
7248	61
7249	62
7250	62
7251	61
7252	59
7253	62
7254	62
7255	62
7256	63
7257	64
7258	65
7259	64
7260	60
7261	60
7262	61
7263	60
7264	59
7265	60
7266	61
7267	61
7268	62
7269	66
7270	64
7271	63
7272	67
7273	65
7274	62
7275	63
7276	64
7277	64
7278	65
7279	64
7280	63
7281	61
7282	62
7283	61
7284	65
7285	66
7286	64
7287	65
7288	64
7289	64
7290	62
7291	63
7292	63
7293	63
7294	64
7295	65
7296	65
7297	63
7298	63
7299	64
7300	64
7301	64
7302	62
7303	61
7304	62
7305	61
7306	63
7307	62
7308	61
7309	61
7310	63
7311	61
7312	64
7313	61
7314	63
7315	63
7316	64
7317	65
7318	65
7319	64
7320	63
7321	64
7322	67
7323	65
7324	67
7325	66
7326	65
7327	66
7328	63
7329	66
7330	68
7331	66
7332	65
7333	67
7334	65
7335	65
7336	62
7337	64
7338	64
7339	66
7340	65
7341	61
7342	61
7343	62
7344	63
7345	65
7346	63
7347	62
7348	62
7349	64
7350	64
7351	64
7352	63
7353	64
7354	66
7355	67
7356	65
7357	66
7358	65
7359	67
7360	65
7361	63
7362	65
7363	67
7364	63
7365	63
7366	63
7367	67
7368	68
7369	65
7370	67
7371	61
7372	64
7373	64
7374	63
7375	62
7376	63
7377	68
7378	66
7379	65
7380	67
7381	66
7382	64
7383	66
7384	66
7385	66
7386	68
7387	66
7388	63
7389	65
7390	60
7391	65
7392	63
7393	64
7394	65
7395	62
7396	63
7397	63
7398	63
7399	64
7400	63
7401	63
7402	62
7403	60
7404	63
7405	64
7406	62
7407	61
7408	62
7409	63
7410	62
7411	61
7412	63
7413	66
7414	67
7415	65
7416	65
7417	65
7418	64
7419	66
7420	61
7421	63
7422	64
7423	66
7424	66
7425	65
7426	65
7427	69
7428	66
7429	66
7430	68
7431	69
7432	67
7433	68
7434	68
7435	69
7436	69
7437	69
7438	68
7439	66
7440	68
7441	67
7442	67
7443	64
7444	68
7445	66
7446	67
7447	68
7448	70
7449	72
7450	72
7451	72
7452	71
7453	70
7454	69
7455	70
7456	71
7457	70
7458	67
7459	70
7460	71
7461	69
7462	69
7463	69
7464	71
7465	73
7466	73
7467	73
7468	73
7469	72
7470	71
7471	71
7472	73
7473	73
7474	73
7475	73
7476	69
7477	67
7478	70
7479	70
7480	68
7481	70
7482	71
7483	71
7484	70
7485	68
7486	70
7487	70
7488	71
7489	69
7490	69
7491	68
7492	69
7493	69
7494	69
7495	71
7496	68
7497	68
7498	72
7499	71
7500	70
7501	70
7502	69
7503	69
7504	70
7505	72
7506	72
7507	68
7508	65
7509	68
7510	65
7511	69
7512	70
7513	71
7514	71
7515	72
7516	69
7517	70
7518	69
7519	72
7520	72
7521	69
7522	68
7523	67
7524	70
7525	70
7526	67
7527	69
7528	71
7529	68
7530	72
7531	69
7532	70
7533	71
7534	70
7535	70
7536	68
7537	69
7538	68
7539	67
7540	67
7541	67
7542	67
7543	66
7544	66
7545	68
7546	68
7547	68
7548	72
7549	70
7550	69
7551	68
7552	66
7553	67
7554	66
7555	67
7556	68
7557	69
7558	68
7559	69
7560	71
7561	69
7562	69
7563	69
7564	71
7565	71
7566	71
7567	68
7568	71
7569	71
7570	70
7571	68
7572	71
7573	68
7574	69
7575	68
7576	67
7577	71
7578	73
7579	72
7580	71
7581	72
7582	69
7583	69
7584	68
7585	74
7586	71
7587	69
7588	70
7589	69
7590	68
7591	70
7592	68
7593	70
7594	68
7595	70
7596	68
7597	69
7598	68
7599	71
7600	67
7601	66
7602	69
7603	67
7604	68
7605	67
7606	67
7607	67
7608	67
7609	66
7610	67
7611	68
7612	67
7613	69
7614	67
7615	70
7616	70
7617	69
7618	69
7619	71
7620	71
7621	68
7622	68
7623	68
7624	69
7625	69
7626	69
7627	69
7628	68
7629	71
7630	70
7631	72
7632	70
7633	70
7634	72
7635	70
7636	68
7637	68
7638	68
7639	70
7640	69
7641	68
7642	68
7643	68
7644	68
7645	70
7646	69
7647	68
7648	69
7649	68
7650	67
7651	68
7652	72
7653	71
7654	72
7655	71
7656	71
7657	70
7658	68
7659	68
7660	69
7661	68
7662	68
7663	70
7664	66
7665	69
7666	68
7667	67
7668	70
7669	71
7670	69
7671	70
7672	72
7673	70
7674	68
7675	66
7676	69
7677	69
7678	69
7679	70
7680	70
7681	69
7682	68
7683	68
7684	70
7685	67
7686	69
7687	68
7688	67
7689	70
7690	68
7691	67
7692	66
7693	67
7694	69
7695	72
7696	71
7697	72
7698	71
7699	69
7700	67
7701	65
7702	65
7703	69
7704	68
7705	69
7706	68
7707	66
7708	69
7709	67
7710	64
7711	69
7712	68
7713	70
7714	69
7715	69
7716	69
7717	68
7718	69
7719	68
7720	66
7721	67
7722	68
7723	71
7724	72
7725	66
7726	69
7727	69
7728	71
7729	71
7730	72
7731	68
7732	67
7733	67
7734	67
7735	66
7736	68
7737	67
7738	66
7739	66
7740	66
7741	68
7742	69
7743	70
7744	69
7745	69
7746	68
7747	68
7748	69
7749	69
7750	66
7751	67
7752	70
7753	70
7754	70
7755	71
7756	70
7757	67
7758	68
7759	68
7760	69
7761	71
7762	70
7763	70
7764	68
7765	68
7766	68
7767	68
7768	70
7769	70
7770	69
7771	72
7772	69
7773	69
7774	71
7775	69
7776	69
7777	68
7778	69
7779	70
7780	72
7781	69
7782	72
7783	72
7784	69
7785	70
7786	67
7787	69
7788	69
7789	71
7790	70
7791	69
7792	67
7793	67
7794	68
7795	69
7796	69
7797	68
7798	71
7799	73
7800	69
7801	70
7802	69
7803	67
7804	68
7805	70
7806	70
7807	69
7808	71
7809	69
7810	70
7811	67
7812	66
7813	69
7814	68
7815	72
7816	69
7817	70
7818	67
7819	70
7820	71
7821	69
7822	72
7823	72
7824	72
7825	68
7826	72
7827	70
7828	68
7829	67
7830	70
7831	70
7832	70
7833	68
7834	70
7835	68
7836	69
7837	71
7838	72
7839	72
7840	71
7841	70
7842	72
7843	71
7844	71
7845	71
7846	68
7847	69
7848	71
7849	74
7850	72
7851	71
7852	68
7853	71
7854	71
7855	69
7856	68
7857	68
7858	69
7859	70
7860	67
7861	67
7862	67
7863	68
7864	69
7865	68
7866	69
7867	69
7868	71
7869	70
7870	72
7871	70
7872	69
7873	67
7874	70
7875	73
7876	72
7877	71
7878	70
7879	72
7880	72
7881	73
7882	73
7883	72
7884	70
7885	71
7886	70
7887	71
7888	69
7889	69
7890	70
7891	69
7892	69
7893	69
7894	70
7895	70
7896	68
7897	69
7898	70
7899	68
7900	70
7901	72
7902	70
7903	71
7904	71
7905	71
7906	72
7907	72
7908	67
7909	68
7910	70
7911	71
7912	71
7913	70
7914	69
7915	69
7916	71
7917	73
7918	72
7919	73
7920	74
7921	72
7922	71
7923	72
7924	74
7925	72
7926	70
7927	70
7928	69
7929	69
7930	70
7931	71
7932	70
7933	66
7934	66
7935	68
7936	69
7937	70
7938	68
7939	70
7940	71
7941	72
7942	68
7943	70
7944	70
7945	72
7946	72
7947	71
7948	69
7949	71
7950	70
7951	70
7952	69
7953	70
7954	70
7955	70
7956	69
7957	67
7958	66
7959	66
7960	68
7961	67
7962	67
7963	71
7964	67
7965	68
7966	68
7967	68
7968	69
7969	67
7970	66
7971	66
7972	65
7973	66
7974	70
7975	69
7976	70
7977	70
7978	70
7979	72
7980	70
7981	69
7982	72
7983	69
7984	70
7985	69
7986	71
7987	71
7988	69
7989	69
7990	66
7991	68
7992	69
7993	67
7994	67
7995	68
7996	68
7997	70
7998	69
7999	71
8000	70
8001	71
8002	69
8003	71
8004	72
8005	70
8006	70
8007	69
8008	70
8009	69
8010	66
8011	68
8012	68
8013	68
8014	67
8015	68
8016	71
8017	70
8018	71
8019	70
8020	69
8021	71
8022	72
8023	72
8024	71
8025	70
8026	69
8027	67
8028	68
8029	73
8030	69
8031	69
8032	67
8033	69
8034	72
8035	68
8036	69
8037	67
8038	65
8039	68
8040	67
8041	68
8042	70
8043	70
8044	66
8045	68
8046	70
8047	68
8048	70
8049	69
8050	70
8051	71
8052	72
8053	69
8054	71
8055	70
8056	69
8057	71
8058	70
8059	69
8060	68
8061	68
8062	70
8063	70
8064	67
8065	68
8066	68
8067	68
8068	69
8069	72
8070	70
8071	68
8072	69
8073	70
8074	69
8075	69
8076	67
8077	68
8078	70
8079	68
8080	71
8081	69
8082	68
8083	72
8084	71
8085	67
8086	70
8087	71
8088	72
8089	72
8090	72
8091	72
8092	71
8093	73
8094	71
8095	70
8096	70
8097	71
8098	71
8099	70
8100	71
8101	71
8102	70
8103	70
8104	70
8105	70
8106	70
8107	68
8108	72
8109	70
8110	69
8111	72
8112	71
8113	72
8114	70
8115	69
8116	71
8117	73
8118	72
8119	69
8120	69
8121	68
8122	69
8123	72
8124	71
8125	71
8126	72
8127	70
8128	71
8129	70
8130	69
8131	68
8132	68
8133	70
8134	69
8135	70
8136	70
8137	70
8138	69
8139	69
8140	68
8141	68
8142	66
8143	70
8144	70
8145	72
8146	71
8147	72
8148	71
8149	70
8150	72
8151	71
8152	72
8153	69
8154	71
8155	72
8156	73
8157	70
8158	72
8159	72
8160	73
8161	69
8162	67
8163	68
8164	69
8165	66
8166	70
8167	71
8168	68
8169	68
8170	66
8171	68
8172	68
8173	70
8174	70
8175	68
8176	69
8177	69
8178	72
8179	69
8180	67
8181	68
8182	71
8183	72
8184	68
8185	68
8186	72
8187	71
8188	67
8189	69
8190	68
8191	69
8192	67
8193	69
8194	71
8195	69
8196	68
8197	68
8198	71
8199	70
8200	69
8201	69
8202	69
8203	71
8204	71
8205	69
8206	71
8207	70
8208	71
8209	70
8210	67
8211	70
8212	69
8213	67
8214	69
8215	69
8216	71
8217	74
8218	69
8219	70
8220	72
8221	73
8222	73
8223	72
8224	73
8225	70
8226	71
8227	72
8228	70
8229	68
8230	72
8231	72
8232	70
8233	70
8234	70
8235	70
8236	71
8237	71
8238	70
8239	68
8240	66
8241	64
8242	66
8243	69
8244	68
8245	66
8246	67
8247	69
8248	69
8249	69
8250	71
8251	69
8252	70
8253	71
8254	70
8255	68
8256	68
8257	72
8258	71
8259	71
8260	70
8261	72
8262	72
8263	70
8264	70
8265	71
8266	74
8267	71
8268	69
8269	71
8270	70
8271	73
8272	72
8273	69
8274	72
8275	71
8276	71
8277	72
8278	71
8279	74
8280	71
8281	72
8282	72
8283	71
8284	71
8285	71
8286	68
8287	67
8288	68
8289	70
8290	68
8291	68
8292	72
8293	70
8294	69
8295	71
8296	70
8297	69
8298	72
8299	71
8300	70
8301	69
8302	70
8303	71
8304	73
8305	70
8306	72
8307	71
8308	68
8309	71
8310	72
8311	70
8312	67
8313	68
8314	68
8315	67
8316	69
8317	71
8318	69
8319	69
8320	72
8321	72
8322	70
8323	69
8324	71
8325	71
8326	69
8327	68
8328	70
8329	70
8330	70
8331	70
8332	70
8333	69
8334	70
8335	68
8336	67
8337	68
8338	68
8339	70
8340	69
8341	70
8342	71
8343	71
8344	71
8345	70
8346	69
8347	68
8348	69
8349	67
8350	68
8351	68
8352	70
8353	66
8354	70
8355	70
8356	70
8357	70
8358	72
8359	69
8360	71
8361	69
8362	71
8363	71
8364	69
8365	69
8366	70
8367	69
8368	71
8369	68
8370	69
8371	68
8372	68
8373	69
8374	69
8375	70
8376	69
8377	70
8378	71
8379	71
8380	70
8381	71
8382	70
8383	72
8384	72
8385	72
8386	72
8387	71
8388	72
8389	72
8390	70
8391	73
8392	72
8393	74
8394	74
8395	70
8396	69
8397	70
8398	71
8399	72
8400	71
8401	72
8402	69
8403	71
8404	70
8405	68
8406	70
8407	70
8408	68
8409	70
8410	70
8411	74
8412	71
8413	71
8414	71
8415	72
8416	70
8417	69
8418	68
8419	68
8420	68
8421	68
8422	73
8423	71
8424	72
8425	68
8426	71
8427	71
8428	71
8429	69
8430	67
8431	70
8432	70
8433	68
8434	71
8435	73
8436	70
8437	69
8438	69
8439	72
8440	70
8441	72
8442	72
8443	70
8444	68
8445	72
8446	72
8447	68
8448	68
8449	68
8450	69
8451	69
8452	67
8453	69
8454	71
8455	69
8456	71
8457	70
8458	72
8459	73
8460	72
8461	71
8462	73
8463	69
8464	69
8465	68
8466	70
8467	71
8468	70
8469	71
8470	70
8471	70
8472	70
8473	71
8474	71
8475	72
8476	73
8477	70
8478	69
8479	71
8480	72
8481	71
8482	70
8483	71
8484	72
8485	70
8486	69
8487	69
8488	74
8489	71
8490	72
8491	73
8492	69
8493	71
8494	71
8495	69
8496	70
8497	68
8498	70
8499	72
8500	71
8501	71
8502	69
8503	70
8504	71
8505	69
8506	72
8507	71
8508	73
8509	73
8510	69
8511	70
8512	72
8513	71
8514	71
8515	69
8516	71
8517	72
8518	70
8519	70
8520	67
8521	68
8522	67
8523	70
8524	69
8525	70
8526	69
8527	68
8528	71
8529	74
8530	71
8531	71
8532	69
8533	68
8534	69
8535	68
8536	69
8537	71
8538	72
8539	73
8540	67
8541	69
8542	72
8543	71
8544	68
8545	69
8546	70
8547	68
8548	69
8549	73
8550	71
8551	72
8552	69
8553	69
8554	69
8555	68
8556	71
8557	71
8558	70
8559	68
8560	66
8561	67
8562	69
8563	68
8564	71
8565	71
8566	72
8567	72
8568	72
8569	69
8570	69
8571	71
8572	74
8573	72
8574	73
8575	73
8576	71
8577	69
8578	72
8579	71
8580	72
8581	73
8582	72
8583	71
8584	74
8585	75
8586	76
8587	76
8588	72
8589	73
8590	71
8591	73
8592	71
8593	74
8594	73
8595	73
8596	73
8597	72
8598	74
8599	72
8600	69
8601	72
8602	74
8603	73
8604	75
8605	74
8606	72
8607	73
8608	73
8609	71
8610	73
8611	73
8612	73
8613	74
8614	72
8615	73
8616	72
8617	73
8618	75
8619	73
8620	72
8621	72
8622	71
8623	72
8624	74
8625	72
8626	72
8627	73
8628	71
8629	75
8630	74
8631	74
8632	71
8633	77
8634	76
8635	72
8636	73
8637	75
8638	72
8639	72
8640	72
8641	73
8642	70
8643	72
8644	73
8645	73
8646	72
8647	71
8648	71
8649	73
8650	73
8651	73
8652	72
8653	73
8654	70
8655	71
8656	71
8657	71
8658	72
8659	73
8660	76
8661	73
8662	71
8663	72
8664	69
8665	71
8666	75
8667	75
8668	74
8669	75
8670	75
8671	75
8672	74
8673	71
8674	76
8675	74
8676	75
8677	71
8678	71
8679	73
8680	74
8681	76
8682	75
8683	73
8684	72
8685	75
8686	75
8687	72
8688	72
8689	72
8690	74
8691	75
8692	74
8693	76
8694	77
8695	75
8696	72
8697	72
8698	74
8699	75
8700	74
8701	74
8702	69
8703	69
8704	72
8705	70
8706	72
8707	73
8708	74
8709	74
8710	74
8711	73
8712	72
8713	73
8714	71
8715	73
8716	74
8717	73
8718	74
8719	75
8720	75
8721	75
8722	77
8723	78
8724	76
8725	75
8726	78
8727	77
8728	76
8729	78
8730	76
8731	78
8732	80
8733	79
8734	79
8735	77
8736	74
8737	77
8738	78
8739	78
8740	78
8741	77
8742	73
8743	75
8744	75
8745	75
8746	74
8747	75
8748	76
8749	74
8750	74
8751	76
8752	77
8753	75
8754	76
8755	77
8756	74
8757	74
8758	76
8759	74
8760	79
8761	79
8762	78
8763	77
8764	76
8765	78
8766	76
8767	75
8768	74
8769	78
8770	76
8771	74
8772	75
8773	75
8774	74
8775	76
8776	76
8777	76
8778	80
8779	76
8780	75
8781	80
8782	75
8783	76
8784	77
8785	75
8786	73
8787	78
8788	74
8789	77
8790	78
8791	77
8792	75
8793	73
8794	78
8795	77
8796	77
8797	75
8798	74
8799	76
8800	78
8801	77
8802	78
8803	76
8804	77
8805	74
8806	76
8807	80
8808	78
8809	76
8810	76
8811	74
8812	75
8813	77
8814	75
8815	75
8816	79
8817	78
8818	75
8819	76
8820	76
8821	73
8822	76
8823	76
8824	75
8825	76
8826	73
8827	74
8828	75
8829	77
8830	76
8831	74
8832	75
8833	79
8834	75
8835	75
8836	75
8837	76
8838	77
8839	76
8840	75
8841	77
8842	76
8843	78
8844	79
8845	79
8846	77
8847	78
8848	76
8849	77
8850	76
8851	76
8852	75
8853	76
8854	75
8855	74
8856	73
8857	73
8858	74
8859	75
8860	73
8861	75
8862	75
8863	76
8864	75
8865	76
8866	76
8867	77
8868	77
8869	76
8870	76
8871	77
8872	77
8873	76
8874	79
8875	78
8876	79
8877	79
8878	79
8879	78
8880	75
8881	75
8882	76
8883	75
8884	75
8885	76
8886	74
8887	77
8888	76
8889	76
8890	77
8891	75
8892	75
8893	74
8894	76
8895	77
8896	75
8897	77
8898	74
8899	75
8900	75
8901	76
8902	73
8903	77
8904	74
8905	75
8906	77
8907	77
8908	78
8909	79
8910	82
8911	82
8912	80
8913	78
8914	81
8915	81
8916	80
8917	81
8918	81
8919	78
8920	79
8921	78
8922	79
8923	80
8924	80
8925	79
8926	79
8927	79
8928	77
8929	81
8930	81
8931	82
8932	81
8933	77
8934	79
8935	79
8936	81
8937	78
8938	77
8939	76
8940	79
8941	79
8942	79
8943	80
8944	82
8945	80
8946	80
8947	79
8948	84
8949	81
8950	85
8951	83
8952	84
8953	82
8954	81
8955	80
8956	82
8957	82
8958	84
8959	81
8960	83
8961	81
8962	82
8963	83
8964	83
8965	84
8966	83
8967	83
8968	82
8969	83
8970	84
8971	85
8972	85
8973	84
8974	85
8975	86
8976	87
8977	86
8978	84
8979	85
8980	86
8981	84
8982	85
8983	84
8984	86
8985	83
8986	86
8987	85
8988	86
8989	82
8990	82
8991	82
8992	84
8993	83
8994	85
8995	84
8996	81
8997	83
8998	82
8999	84
9000	86
9001	85
9002	86
9003	84
9004	83
9005	84
9006	82
9007	83
9008	83
9009	85
9010	82
9011	84
9012	85
9013	85
9014	85
9015	83
9016	84
9017	82
9018	84
9019	85
9020	82
9021	84
9022	84
9023	85
9024	85
9025	84
9026	81
9027	83
9028	83
9029	84
9030	86
9031	88
9032	87
9033	86
9034	88
9035	86
9036	85
9037	86
9038	88
9039	88
9040	84
9041	87
9042	86
9043	84
9044	85
9045	85
9046	86
9047	84
9048	86
9049	88
9050	88
9051	85
9052	88
9053	87
9054	87
9055	87
9056	88
9057	87
9058	89
9059	86
9060	87
9061	84
9062	86
9063	88
9064	89
9065	85
9066	87
9067	85
9068	85
9069	87
9070	89
9071	89
9072	88
9073	88
9074	89
9075	87
9076	85
9077	86
9078	86
9079	86
9080	86
9081	86
9082	89
9083	87
9084	88
9085	88
9086	87
9087	89
9088	86
9089	88
9090	89
9091	87
9092	86
9093	85
9094	83
9095	84
9096	87
9097	85
9098	86
9099	86
9100	85
9101	86
9102	86
9103	87
9104	86
9105	85
9106	83
9107	85
9108	84
9109	84
9110	86
9111	85
9112	85
9113	84
9114	82
9115	84
9116	85
9117	87
9118	87
9119	86
9120	90
9121	86
9122	85
9123	87
9124	86
9125	85
9126	84
9127	85
9128	85
9129	85
9130	86
9131	85
9132	84
9133	87
9134	85
9135	84
9136	85
9137	85
9138	86
9139	87
9140	85
9141	83
9142	85
9143	84
9144	88
9145	85
9146	84
9147	85
9148	86
9149	87
9150	87
9151	86
9152	86
9153	86
9154	86
9155	90
9156	88
9157	91
9158	90
9159	89
9160	92
9161	92
9162	91
9163	92
9164	92
9165	90
9166	91
9167	92
9168	91
9169	89
9170	90
9171	89
9172	88
9173	91
9174	90
9175	93
9176	89
9177	89
9178	89
9179	90
9180	88
9181	90
9182	89
9183	88
9184	92
9185	91
9186	90
9187	90
9188	90
9189	91
9190	90
9191	90
9192	89
9193	87
9194	88
9195	88
9196	91
9197	88
9198	89
9199	90
9200	89
9201	91
9202	92
9203	88
9204	88
9205	89
9206	88
9207	89
9208	91
9209	91
9210	92
9211	93
9212	93
9213	92
9214	89
9215	90
9216	91
9217	91
9218	92
9219	89
9220	88
9221	90
9222	90
9223	90
9224	88
9225	88
9226	90
9227	88
9228	90
9229	91
9230	90
9231	91
9232	89
9233	89
9234	88
9235	91
9236	91
9237	88
9238	89
9239	91
9240	92
9241	89
9242	91
9243	91
9244	90
9245	90
9246	89
9247	90
9248	92
9249	92
9250	91
9251	90
9252	90
9253	88
9254	92
9255	88
9256	89
9257	89
9258	90
9259	87
9260	90
9261	89
9262	87
9263	86
9264	90
9265	90
9266	90
9267	91
9268	90
9269	89
9270	90
9271	88
9272	88
9273	87
9274	91
9275	92
9276	90
9277	89
9278	91
9279	89
9280	88
9281	91
9282	91
9283	91
9284	93
9285	90
9286	91
9287	90
9288	90
9289	91
9290	91
9291	89
9292	85
9293	89
9294	94
9295	92
9296	93
9297	95
9298	94
9299	94
9300	92
9301	92
9302	93
9303	93
9304	91
9305	93
9306	94
9307	92
9308	92
9309	94
9310	91
9311	92
9312	93
9313	92
9314	92
9315	92
9316	93
9317	93
9318	91
9319	91
9320	91
9321	91
9322	89
9323	93
9324	93
9325	89
9326	91
9327	88
9328	89
9329	91
9330	89
9331	89
9332	91
9333	91
9334	92
9335	91
9336	93
9337	90
9338	90
9339	90
9340	90
9341	91
9342	88
9343	91
9344	94
9345	94
9346	93
9347	94
9348	92
9349	91
9350	92
9351	91
9352	90
9353	91
9354	90
9355	93
9356	93
9357	93
9358	92
9359	93
9360	95
9361	92
9362	93
9363	91
9364	90
9365	91
9366	91
9367	89
9368	92
9369	92
9370	91
9371	92
9372	92
9373	90
9374	90
9375	91
9376	91
9377	91
9378	95
9379	94
9380	92
9381	94
9382	93
9383	93
9384	96
9385	94
9386	95
9387	95
9388	97
9389	94
9390	95
9391	97
9392	94
9393	96
9394	95
9395	94
9396	95
9397	93
9398	92
9399	94
9400	94
9401	96
9402	95
9403	95
9404	95
9405	95
9406	96
9407	94
9408	96
9409	95
9410	96
9411	95
9412	97
9413	97
9414	98
9415	97
9416	95
9417	94
9418	96
9419	96
9420	96
9421	92
9422	96
9423	93
9424	96
9425	96
9426	91
9427	94
9428	96
9429	96
9430	97
9431	95
9432	90
9433	95
9434	97
9435	96
9436	96
9437	95
9438	92
9439	94
9440	94
9441	93
9442	94
9443	95
9444	97
9445	96
9446	95
9447	96
9448	95
9449	97
9450	95
9451	97
9452	98
9453	95
9454	96
9455	96
9456	95
9457	97
9458	95
9459	97
9460	95
9461	96
9462	98
9463	96
9464	97
9465	95
9466	97
9467	95
9468	93
9469	92
9470	95
9471	93
9472	95
9473	95
9474	94
9475	94
9476	95
9477	97
9478	99
9479	97
9480	99
9481	96
9482	94
9483	93
9484	92
9485	95
9486	93
9487	93
9488	93
9489	95
9490	95
9491	94
9492	96
9493	97
9494	97
9495	98
9496	95
9497	94
9498	96
9499	96
9500	97
9501	96
9502	96
9503	94
9504	95
9505	95
9506	95
9507	94
9508	95
9509	96
9510	96
9511	94
9512	94
9513	95
9514	96
9515	96
9516	98
9517	98
9518	96
9519	96
9520	100
9521	99
9522	100
9523	98
9524	98
9525	100
9526	103
9527	51
9528	51
9529	54
9530	51
9531	51
9532	49
9533	51
9534	51
9535	49
9536	47
9537	48
9538	50
9539	47
9540	49
9541	50
9542	50
9543	52
9544	50
9545	49
9546	49
9547	50
9548	49
9549	48
9550	48
9551	46
9552	51
9553	53
9554	50
9555	50
9556	48
9557	49
9558	49
9559	49
9560	48
9561	50
9562	50
9563	48
9564	51
9565	49
9566	49
9567	49
9568	49
9569	47
9570	48
9571	49
9572	51
9573	47
9574	48
9575	47
9576	49
9577	48
9578	50
9579	49
9580	48
9581	47
9582	48
9583	47
9584	50
9585	47
9586	50
9587	48
9588	52
9589	50
9590	48
9591	47
9592	50
9593	47
9594	47
9595	47
9596	48
9597	50
9598	51
9599	48
9600	48
9601	51
9602	51
9603	52
9604	50
9605	52
9606	50
9607	52
9608	51
9609	48
9610	49
9611	52
9612	51
9613	50
9614	49
9615	47
9616	48
9617	49
9618	49
9619	52
9620	52
9621	50
9622	48
9623	48
9624	49
9625	49
9626	47
9627	47
9628	49
9629	50
9630	49
9631	47
9632	47
9633	48
9634	50
9635	48
9636	48
9637	47
9638	48
9639	50
9640	49
9641	48
9642	51
9643	49
9644	48
9645	45
9646	48
9647	52
9648	52
9649	51
9650	51
9651	52
9652	52
9653	49
9654	51
9655	50
9656	51
9657	49
9658	48
9659	49
9660	50
9661	51
9662	54
9663	53
9664	52
9665	53
9666	53
9667	52
9668	49
9669	48
9670	47
9671	48
9672	48
9673	48
9674	50
9675	51
9676	53
9677	51
9678	47
9679	50
9680	50
9681	49
9682	50
9683	51
9684	49
9685	49
9686	48
9687	48
9688	51
9689	50
9690	50
9691	51
9692	51
9693	52
9694	52
9695	52
9696	50
9697	51
9698	50
9699	51
9700	50
9701	50
9702	52
9703	50
9704	51
9705	51
9706	50
9707	51
9708	49
9709	51
9710	51
9711	49
9712	50
9713	49
9714	50
9715	49
9716	51
9717	50
9718	51
9719	51
9720	48
9721	49
9722	48
9723	51
9724	49
9725	51
9726	50
9727	49
9728	51
9729	52
9730	52
9731	52
9732	52
9733	53
9734	49
9735	50
9736	50
9737	52
9738	50
9739	49
9740	51
9741	51
9742	52
9743	50
9744	51
9745	49
9746	48
9747	47
9748	49
9749	47
9750	50
9751	51
9752	52
9753	48
9754	49
9755	51
9756	50
9757	49
9758	49
9759	50
9760	49
9761	48
9762	49
9763	50
9764	51
9765	48
9766	50
9767	50
9768	51
9769	53
9770	50
9771	49
9772	50
9773	48
9774	50
9775	51
9776	51
9777	52
9778	53
9779	51
9780	50
9781	49
9782	48
9783	50
9784	50
9785	48
9786	46
9787	51
9788	54
9789	53
9790	50
9791	47
9792	48
9793	47
9794	46
9795	50
9796	50
9797	49
9798	49
9799	48
9800	48
9801	45
9802	45
9803	44
9804	52
9805	53
9806	54
9807	51
9808	51
9809	51
9810	52
9811	53
9812	51
9813	51
9814	50
9815	49
9816	49
9817	49
9818	48
9819	50
9820	48
9821	47
9822	50
9823	49
9824	49
9825	47
9826	49
9827	50
9828	46
9829	47
9830	47
9831	46
9832	49
9833	47
9834	51
9835	49
9836	49
9837	48
9838	48
9839	47
9840	47
9841	48
9842	49
9843	47
9844	49
9845	50
9846	49
9847	47
9848	47
9849	50
9850	52
9851	51
9852	50
9853	50
9854	46
9855	49
9856	50
9857	49
9858	48
9859	52
9860	52
9861	52
9862	53
9863	52
9864	52
9865	52
9866	51
9867	50
9868	51
9869	51
9870	52
9871	50
9872	52
9873	53
9874	52
9875	52
9876	50
9877	50
9878	51
9879	50
9880	48
9881	51
9882	50
9883	52
9884	51
9885	51
9886	51
9887	53
9888	53
9889	55
9890	55
9891	52
9892	53
9893	52
9894	53
9895	57
9896	57
9897	54
9898	54
9899	53
9900	55
9901	56
9902	55
9903	55
9904	54
9905	56
9906	53
9907	54
9908	51
9909	52
9910	54
9911	53
9912	54
9913	54
9914	51
9915	52
9916	52
9917	54
9918	53
9919	54
9920	51
9921	55
9922	56
9923	55
9924	55
9925	55
9926	51
9927	52
9928	54
9929	54
9930	55
9931	54
9932	54
9933	54
9934	55
9935	56
9936	52
9937	53
9938	52
9939	55
9940	54
9941	54
9942	54
9943	54
9944	53
9945	55
9946	54
9947	54
9948	50
9949	51
9950	55
9951	54
9952	54
9953	53
9954	51
9955	50
9956	53
9957	52
9958	51
9959	52
9960	53
9961	55
9962	53
9963	53
9964	54
9965	52
9966	52
9967	53
9968	52
9969	51
9970	51
9971	48
9972	50
9973	51
9974	50
9975	51
9976	51
9977	53
9978	53
9979	52
9980	53
9981	56
9982	54
9983	56
9984	53
9985	54
9986	52
9987	54
9988	53
9989	53
9990	53
9991	54
9992	56
9993	52
9994	53
9995	54
9996	53
9997	55
9998	55
9999	55
10000	56
10001	55
10002	52
10003	53
10004	50
10005	54
10006	55
10007	53
10008	52
10009	53
10010	55
10011	51
10012	52
10013	51
10014	48
10015	48
10016	50
10017	52
10018	54
10019	54
10020	51
10021	53
10022	52
10023	52
10024	52
10025	53
10026	54
10027	54
10028	53
10029	53
10030	51
10031	53
10032	54
10033	53
10034	55
10035	51
10036	53
10037	55
10038	55
10039	51
10040	50
10041	52
10042	55
10043	50
10044	52
10045	49
10046	50
10047	54
10048	54
10049	50
10050	52
10051	55
10052	55
10053	54
10054	52
10055	53
10056	51
10057	55
10058	55
10059	55
10060	54
10061	54
10062	54
10063	54
10064	54
10065	54
10066	56
10067	55
10068	56
10069	55
10070	56
10071	55
10072	52
10073	52
10074	52
10075	54
10076	52
10077	52
10078	55
10079	52
10080	54
10081	53
10082	49
10083	51
10084	52
10085	52
10086	55
10087	53
10088	53
10089	52
10090	51
10091	53
10092	50
10093	52
10094	52
10095	55
10096	53
10097	54
10098	55
10099	54
10100	52
10101	53
10102	51
10103	51
10104	52
10105	51
10106	53
10107	54
10108	55
10109	52
10110	53
10111	51
10112	55
10113	52
10114	52
10115	51
10116	51
10117	52
10118	54
10119	54
10120	51
10121	53
10122	55
10123	54
10124	53
10125	54
10126	54
10127	54
10128	51
10129	52
10130	51
10131	52
10132	52
10133	53
10134	52
10135	51
10136	52
10137	53
10138	55
10139	53
10140	51
10141	53
10142	52
10143	55
10144	53
10145	52
10146	54
10147	52
10148	52
10149	53
10150	52
10151	52
10152	50
10153	50
10154	52
10155	53
10156	52
10157	49
10158	49
10159	51
10160	55
10161	51
10162	51
10163	49
10164	51
10165	52
10166	52
10167	52
10168	53
10169	51
10170	52
10171	52
10172	51
10173	50
10174	52
10175	52
10176	53
10177	54
10178	50
10179	47
10180	50
10181	51
10182	52
10183	53
10184	53
10185	53
10186	51
10187	51
10188	52
10189	51
10190	53
10191	51
10192	53
10193	53
10194	53
10195	55
10196	56
10197	56
10198	53
10199	55
10200	52
10201	53
10202	55
10203	55
10204	55
10205	52
10206	53
10207	52
10208	51
10209	53
10210	51
10211	52
10212	51
10213	53
10214	53
10215	50
10216	52
10217	50
10218	50
10219	51
10220	50
10221	51
10222	53
10223	53
10224	53
10225	52
10226	51
10227	50
10228	53
10229	53
10230	53
10231	52
10232	51
10233	52
10234	53
10235	55
10236	53
10237	55
10238	53
10239	55
10240	54
10241	50
10242	50
10243	50
10244	51
10245	53
10246	54
10247	55
10248	53
10249	53
10250	51
10251	54
10252	54
10253	54
10254	53
10255	51
10256	50
10257	51
10258	52
10259	50
10260	52
10261	51
10262	51
10263	52
10264	51
10265	51
10266	53
10267	52
10268	49
10269	50
10270	51
10271	51
10272	50
10273	49
10274	52
10275	51
10276	54
10277	55
10278	54
10279	52
10280	55
10281	55
10282	54
10283	54
10284	53
10285	51
10286	51
10287	52
10288	52
10289	50
10290	52
10291	53
10292	52
10293	54
10294	54
10295	52
10296	52
10297	52
10298	54
10299	56
10300	53
10301	54
10302	55
10303	54
10304	56
10305	53
10306	56
10307	53
10308	53
10309	55
10310	49
10311	51
10312	52
10313	51
10314	53
10315	51
10316	53
10317	54
10318	50
10319	50
10320	53
10321	55
10322	54
10323	55
10324	53
10325	51
10326	50
10327	52
10328	53
10329	54
10330	54
10331	54
10332	52
10333	54
10334	53
10335	55
10336	52
10337	54
10338	55
10339	53
10340	51
10341	50
10342	51
10343	49
10344	52
10345	51
10346	51
10347	50
10348	50
10349	52
10350	53
10351	54
10352	52
10353	51
10354	52
10355	55
10356	53
10357	50
10358	53
10359	53
10360	55
10361	55
10362	52
10363	53
10364	54
10365	54
10366	52
10367	53
10368	53
10369	53
10370	55
10371	53
10372	53
10373	52
10374	52
10375	52
10376	54
10377	52
10378	50
10379	53
10380	51
10381	52
10382	51
10383	50
10384	50
10385	50
10386	51
10387	52
10388	51
10389	54
10390	52
10391	51
10392	52
10393	51
10394	51
10395	52
10396	55
10397	52
10398	55
10399	53
10400	54
10401	54
10402	53
10403	54
10404	53
10405	55
10406	54
10407	53
10408	53
10409	53
10410	52
10411	52
10412	53
10413	53
10414	52
10415	50
10416	51
10417	50
10418	50
10419	49
10420	51
10421	53
10422	53
10423	51
10424	56
10425	56
10426	52
10427	52
10428	53
10429	53
10430	53
10431	53
10432	53
10433	55
10434	54
10435	53
10436	52
10437	55
10438	52
10439	55
10440	53
10441	52
10442	51
10443	51
10444	52
10445	50
10446	50
10447	50
10448	51
10449	53
10450	54
10451	52
10452	50
10453	51
10454	49
10455	51
10456	52
10457	52
10458	51
10459	52
10460	52
10461	54
10462	50
10463	52
10464	49
10465	50
10466	51
10467	50
10468	52
10469	51
10470	48
10471	48
10472	51
10473	50
10474	52
10475	52
10476	51
10477	51
10478	53
10479	52
10480	51
10481	52
10482	50
10483	49
10484	52
10485	51
10486	52
10487	55
10488	53
10489	53
10490	50
10491	49
10492	51
10493	51
10494	50
10495	50
10496	52
10497	51
10498	49
10499	51
