3.73933
3.8879
3.95037
4.01845
3.94712
3.79471
3.36283
3.57127
3.52588
3.69624
3.9794
3.93357
3.96614
4.00799
4.1391
4.09353
4.44207
4.30389
4.31923
4.36294
4.30572
4.12919
4.25092
4.259
4.19981
4.08652
3.9798
4.25
4.02473
3.92895
3.89375
3.94299
4.04209
4.1741
4.50688
4.29967
4.44586
4.53741
4.60273
4.55409
4.70249
4.59658
4.77064
4.89843
4.99252
5.2599
5.36613
5.06532
5.04371
5.53977
5.41311
5.40713
5.72868
5.69233
5.3384
5.33249
5.3319
5.05518
5.02391
4.75622
5.02968
5.13362
5.30453
5.38935
5.05784
5.12074
5.39105
5.16928
5.14066
5.40299
5.69336
5.82809
5.8386
6.0365
5.73012
5.66759
5.88578
5.50725
5.76379
6.18254
6.13078
6.40769
6.21268
6.35512
6.72853
7.17493
7.12933
7.11607
7.27078
7.67163
7.86045
7.92984
7.88811
8.00584
8.10419
8.0724
8.04555
8.17706
8.251
8.16198
8.16176
8.19006
8.22943
7.95904
7.83125
8.07083
7.88675
7.79555
8.07728
8.01781
7.92732
7.7869
7.94131
7.84804
7.76473
7.93276
8.28454
8.14168
8.32283
8.03673
7.64151
7.44763
7.66199
7.5623
7.56897
7.43587
7.1835
7.07786
6.99842
7.21815
6.99873
7.26989
7.22101
7.10025
7.08121
7.22851
7.1229
7.15579
7.27765
7.26201
7.59266
7.57481
7.4587
7.22462
7.36363
7.48423
7.29654
7.20144
7.10615
6.91318
7.00029
6.90013
6.53054
6.45213
6.6342
7.06468
7.13699
7.09103
6.99629
7.03188
6.85333
7.13333
6.90556
6.82483
7.08504
7.23918
6.92356
6.92772
6.97828
6.99063
7.27063
7.69948
7.67486
7.64007
7.73626
7.62992
7.69405
7.80844
7.86124
7.96305
7.93926
8.12191
8.3149
8.36396
8.72905
8.37638
8.39464
8.50212
8.56576
8.29319
8.41215
8.57802
8.6774
8.62866
8.53418
8.69349
8.58906
8.70328
8.57698
8.62918
8.51493
8.62085
8.60921
8.85932
8.9044
8.9241
8.8522
8.74551
8.54459
8.80859
8.77524
8.96743
8.8167
9.05588
9.02486
9.01613
9.27276
9.40883
9.36461
9.67209
9.74258
9.60087
9.2199
8.87385
8.84611
9.2322
8.85095
8.95021
8.95402
8.66672
8.76521
8.70523
8.63391
8.81361
8.68336
8.99302
9.06083
8.9568
8.8475
8.88107
8.95632
9.26432
9.31973
9.28168
9.74877
10.1153
10.2404
10.3742
10.1672
10.122
10.0444
10.1118
10.2401
10.4476
10.4143
10.0802
9.96599
9.96844
10.0677
10.0434
9.60257
9.2348
9.25346
9.36645
9.67117
9.64217
9.29231
9.3153
9.11849
9.45767
9.58393
9.37287
9.1545
8.96051
8.7365
8.66371
8.60918
8.56582
8.70142
8.8846
8.81014
9.08171
8.99561
9.08969
8.87895
9.05469
9.15245
9.00736
8.93021
8.93911
8.80828
8.76676
8.91332
8.65932
8.552
8.59124
8.59294
8.63427
8.19747
8.07616
7.63554
7.50083
7.55116
7.06813
6.87407
6.67573
6.69628
6.80606
6.61051
6.21019
6.45928
6.52396
6.75129
6.85053
6.89949
6.30253
6.34701
6.31583
6.89497
7.12634
6.97824
6.92003
6.90732
6.91971
6.85897
6.65633
6.70228
6.61271
6.66826
6.74439
6.66648
6.7935
6.98486
6.95672
7.00333
7.03364
6.94668
7.04857
6.95512
6.64358
6.70277
6.50912
6.65115
6.65353
6.47092
6.14464
6.10538
6.01755
5.65751
5.86772
6.61716
6.75997
6.57579
6.6471
6.46923
6.14109
6.26377
6.27667
6.05325
6.18693
6.188
5.56548
5.61871
5.65808
5.4207
5.4027
5.38854
5.25783
5.31827
5.43285
5.46617
5.50305
5.53682
5.53463
5.5359
5.46717
5.82784
5.51768
5.10802
5.27908
5.30178
5.17437
4.95892
4.89993
4.9402
5.06227
5.29651
5.1144
4.68551
4.87028
4.97139
4.8762
4.89987
4.95418
5.21368
5.13163
4.86619
4.65032
4.49349
4.32684
4.30265
4.41598
4.51095
4.41379
4.494
4.81625
4.68493
4.91831
4.94189
4.72555
4.71035
4.90014
4.38429
4.56331
4.59595
4.54795
4.81324
4.70958
4.47608
4.80869
4.73444
4.8188
4.70374
4.54556
4.62706
4.79341
4.86845
4.9299
4.77346
4.79377
4.54737
4.54325
4.56063
4.64043
4.22424
3.97966
3.83432
3.83352
3.63736
3.79026
3.89313
3.9254
3.96695
4.43301
4.60856
4.60246
4.57238
4.78091
4.86479
4.99652
5.10606
5.41121
5.29683
5.64527
5.41178
5.33955
5.10226
4.78328
4.66263
5.07617
4.97407
5.05988
5.12012
5.31249
5.1446
5.35105
5.06123
5.05721
4.96729
4.89647
4.73425
4.43623
4.32427
4.30237
4.30529
4.08724
4.00622
3.87065
3.97219
3.9606
3.78526
4.11575
4.15439
4.12762
4.00366
3.7944
3.72508
3.59505
3.50682
3.72421
3.47959
3.85386
3.45456
3.41484
3.31764
3.46052
3.53998
3.33254
3.44563
3.24572
3.45107
3.3982
3.19257
3.25887
3.17096
3.42104
3.41114
3.3213
3.34072
3.31739
3.32022
3.32623
3.23185
3.1255
3.11318
3.13599
3.10148
3.17316
3.28379
3.36232
3.45514
3.67336
3.63066
3.81747
3.6213
3.70123
3.68564
3.53073
3.59988
3.6958
3.71477
3.9094
3.92214
3.79788
3.96827
3.9967
4.01078
3.98119
3.95029
4.10702
4.36514
4.46033
4.27438
4.2255
4.11643
3.92227
3.7913
3.92716
3.88177
4.02347
4.17348
4.44282
4.45871
4.42435
4.51307
4.57852
4.44714
4.53795
4.3644
4.59505
4.81075
4.54176
4.52083
4.60538
4.61209
4.7578
4.74926
4.36835
4.13808
4.31353
4.1501
4.13399
4.25252
4.09846
3.95286
3.99477
3.96827
4.24466
4.16487
3.88911
3.76197
3.61732
3.56479
3.39103
3.6265
3.50311
3.67257
3.45822
3.53981
3.55482
3.58297
3.84537
3.6869
3.468
3.12123
3.15253
3.21139
3.02309
3.22696
3.27122
3.19464
3.24714
3.19756
2.99756
2.91358
2.63032
2.5741
2.53797
2.67131
2.36106
2.28809
2.25834
2.32568
2.13007
2.0463
1.83681
1.88777
1.91337
1.85058
1.722
1.89044
1.95442
1.76921
1.60914
1.53824
1.7775
2.04704
2.05081
2.14265
2.22783
2.33017
1.93078
1.98035
2.27087
2.31003
2.41926
2.66077
2.4033
2.12345
1.90255
1.8458
1.76726
1.87054
1.90535
2.06894
2.17412
2.26001
2.28883
2.34825
2.44499
2.36906
2.24771
2.48078
2.45392
2.2739
2.12734
2.25242
2.24728
2.19413
2.01524
1.78502
1.71407
1.87935
1.90773
1.53158
1.46857
1.58694
1.58415
1.99974
1.9351
1.85315
1.95637
2.33694
2.20873
2.0054
1.96813
2.08806
1.72311
1.84076
1.73174
1.67308
1.67895
1.49142
1.66179
1.59068
1.47514
1.69352
1.18499
0.994996
1.0794
1.44246
1.22619
1.06902
1.24665
1.45692
1.55024
1.53609
1.51213
1.49619
1.61396
1.72482
1.78045
1.88182
1.55437
1.74935
1.67892
1.82737
2.00617
2.31221
2.07416
2.17307
2.126
2.18454
1.66844
1.68691
1.55756
1.42969
1.41078
1.23787
1.6635
1.39114
1.49215
1.81588
1.71776
2.25467
2.17532
2.42297
2.5375
2.54385
2.28471
2.28717
2.6391
2.81943
2.71014
2.81573
2.77844
2.50763
2.54317
2.49968
2.75864
2.80295
3.22028
2.93149
2.83615
2.7189
2.58396
2.65338
2.47015
2.59868
2.56204
2.59967
2.52281
2.55997
2.42181
2.46082
2.42866
2.38008
2.1446
2.20765
2.05743
2.36728
2.34572
2.6248
2.91485
3.0155
3.07255
3.10968
3.20544
3.22387
3.0898
2.88842
3.08465
2.91518
2.89064
3.1395
3.3695
3.45373
3.56548
3.71465
3.92911
3.89887
3.79462
3.97371
4.05001
4.17759
3.80121
3.48072
3.60623
3.41736
3.46349
3.48227
3.69778
3.89897
4.1315
4.21532
4.30341
4.23094
4.2539
4.18719
4.15098
4.40923
4.50409
4.62083
4.52501
4.55041
4.85607
4.49338
4.53135
4.62816
4.65352
4.67614
4.50032
4.50833
4.8437
4.82832
4.52837
4.35848
4.44831
4.48544
4.51558
4.61145
4.66342
4.75196
4.73127
4.88647
4.76993
4.78148
4.83997
4.60962
4.73531
4.88143
4.42243
4.21393
4.43201
4.5871
4.21181
4.54176
4.21456
3.94593
4.35164
4.28414
4.35267
4.52477
4.5382
4.57634
4.7578
4.54382
4.83639
5.14889
4.89319
4.79935
4.94162
4.76171
4.64847
4.77736
4.6273
5.01203
4.90338
5.1362
5.25833
5.36807
5.57371
5.78772
5.90634
6.32499
6.3409
6.28744
6.43759
6.82293
6.84473
6.85255
7.27628
6.94905
7.05597
7.06283
6.97772
7.03401
6.84995
7.06824
7.12185
7.09052
7.74965
7.61577
7.5284
7.73148
7.5838
7.54249
7.28637
7.01284
6.84182
6.5396
6.5075
6.75808
6.60568
6.73931
6.67618
7.14592
7.67953
7.61968
7.8623
7.78993
7.84098
7.52213
7.62048
7.52112
7.40096
7.6657
7.57028
7.87418
7.9611
8.00705
7.90435
7.84136
7.69015
7.6447
7.99826
7.85328
7.91158
7.98006
7.66054
7.50868
7.14956
7.41801
7.51642
7.40312
7.44403
7.41578
7.72684
7.78343
7.82258
7.80413
7.73791
7.85404
8.33188
8.31755
8.26445
8.12047
7.9189
8.58887
8.5323
8.42264
8.37998
8.17049
7.98812
8.04596
8.07706
8.23748
8.13363
8.03094
7.89388
7.93634
8.11579
8.21932
8.37113
8.59482
8.71317
8.83587
8.76862
8.64393
8.43279
8.45791
8.51851
8.6301
8.68567
8.69572
8.67739
8.75915
8.7412
8.77982
8.93008
8.97905
9.14314
9.27117
9.43585
9.29106
9.12404
8.88886
8.87508
9.03122
8.96709
9.07437
9.32574
8.95808
9.01373
8.79852
8.75417
8.66747
8.58532
8.57173
8.61566
8.25908
8.21742
8.09083
8.09041
7.98815
7.79216
7.78162
7.93934
7.91054
8.04143
8.16264
8.24531
8.15004
8.0353
7.89393
7.61411
7.75946
7.77172
7.66274
7.49786
7.26907
7.52076
7.60614
7.65231
7.62276
7.34885
7.14811
7.04044
6.85271
6.93533
7.03823
7.09736
7.27137
7.29466
7.16006
7.18668
7.13197
7.07341
7.05252
6.91089
6.87744
7.0596
6.97861
7.09967
7.0727
6.95778
6.97711
7.27422
7.42768
7.50998
7.37783
7.48407
7.45926
7.26625
7.24364
6.90339
6.78685
6.61916
6.56641
6.74011
6.98335
6.84818
6.85731
6.8281
6.89635
6.8663
6.84461
6.72701
6.45155
6.3988
6.69492
6.63974
6.67326
6.83717
6.75133
6.64706
6.70883
6.51345
6.74202
6.83461
6.74878
6.89178
7.03021
6.81528
6.82297
6.96034
7.14996
7.18928
7.22964
7.34904
7.34333
7.41531
7.27919
7.30024
7.4041
7.26996
7.39281
6.97159
7.29198
7.14093
7.23995
7.4411
7.21152
7.14167
7.22526
7.16017
7.43368
7.46262
7.71261
7.81119
7.83227
7.87268
7.87296
7.83425
7.69102
7.39485
7.41745
7.38426
7.47874
7.38969
7.27995
7.03306
7.00962
6.98754
6.7343
6.76076
6.88956
6.51321
6.21922
6.11278
6.52425
6.62955
6.77441
6.46452
6.39682
6.1509
6.09457
6.06994
6.22167
6.35958
6.31817
6.421
6.61168
6.7066
6.92058
6.79175
6.51824
6.62024
6.81517
6.50312
6.32507
6.29208
6.41897
6.40395
6.46726
6.58261
6.51155
6.68671
6.62151
6.42045
6.35285
6.41073
6.23848
6.47038
6.41723
6.45792
6.44392
6.38818
6.88577
6.82832
6.68111
6.68304
6.47623
6.05412
6.14577
6.26948
6.26131
6.17623
5.84952
5.66195
5.90238
5.94354
5.95906
5.92985
5.87416
5.85159
5.66718
5.64774
5.90547
6.01675
6.00908
6.04255
6.15198
6.01323
6.22029
6.00732
5.89383
6.13273
6.27384
6.36847
6.10768
6.48257
6.77646
6.8441
6.80259
6.86829
6.81914
6.94092
6.76435
6.80032
6.62831
6.77702
6.71495
6.66132
6.56898
6.73711
6.65928
6.61164
6.41406
6.77834
6.77593
6.71991
6.84351
7.00224
7.12422
6.8874
7.08444
7.01348
7.24656
6.94332
7.21126
7.15904
6.9406
6.98762
6.74138
6.80498
6.71464
6.48727
6.46914
6.70552
6.75841
6.46234
6.58605
6.62858
6.84934
6.80009
7.03724
7.09043
7.22298
6.86691
6.93571
6.89106
7.03146
7.0766
6.84209
6.76708
6.64166
6.8406
6.86296
6.90364
6.67499
6.57206
6.29814
6.30794
6.29046
6.257
6.31101
6.35977
6.34209
6.67668
6.3767
6.33153
6.44283
6.34694
6.02063
6.12222
6.17599
6.10016
6.0339
6.02221
5.98036
5.58318
5.79697
6.0258
5.92707
5.86319
5.86154
5.77097
5.63226
5.81617
5.82634
6.08784
6.07444
6.03583
6.20263
6.26457
6.39986
6.34231
6.38653
6.37057
6.32569
6.18108
6.00162
6.08889
6.02383
5.68923
5.76414
5.91301
6.11402
6.22628
6.22989
6.38199
6.43537
6.71235
6.77011
6.78867
6.66754
6.86208
6.70077
6.71086
6.70395
6.60839
6.39587
6.41444
6.39102
6.30816
6.15512
6.19088
5.99083
5.71167
5.81882
5.6199
5.72862
5.51627
5.60591
5.93929
5.88951
5.80527
5.67863
5.63783
5.71435
5.8241
6.01424
5.7758
5.9425
5.99201
5.63993
5.85579
5.80843
5.49464
5.46275
5.51125
5.39425
5.50594
5.2931
5.24154
5.09081
5.1825
5.25783
5.67069
5.64578
5.53571
5.53986
5.58001
5.87443
5.90585
6.07697
5.98683
5.77388
5.69762
5.68003
5.81496
5.96981
5.77197
5.83626
5.99346
5.96866
6.26856
6.16994
6.07473
5.91765
5.70022
5.598
5.8924
6.03829
5.88997
6.01032
5.89923
5.85362
6.00725
5.79904
6.06886
6.01854
6.16083
6.23488
6.09542
6.44876
6.55935
6.71561
6.78834
6.50211
6.51444
6.24992
6.18349
6.16673
6.31484
6.18244
6.09963
6.24416
6.2536
6.36754
6.42086
6.19193
6.12893
5.84625
5.9609
5.86809
5.59139
5.73357
5.95108
5.95779
6.13209
5.92762
6.17729
5.97672
6.13753
6.26268
6.32102
6.26204
6.58303
6.28262
6.71593
6.56445
6.33527
6.49894
6.84198
6.96319
7.3992
7.28703
7.44509
7.49081
7.36185
7.54982
7.4543
7.66154
7.7105
7.6439
7.73734
8.09841
7.88258
7.59394
7.59851
7.55449
7.38861
7.38685
7.45819
7.61172
7.69721
7.54542
7.49284
7.62342
7.23666
6.94409
6.9757
6.95668
7.04194
6.89921
6.95767
7.24014
6.95935
6.9606
6.38435
6.45443
6.44289
6.73524
7.29931
7.31706
6.94413
6.75151
6.84419
6.65571
6.40325
6.16946
6.42922
6.67519
6.27754
6.29813
6.68266
6.61795
6.94183
6.67083
6.69328
6.91328
6.82832
6.73345
7.1145
7.16437
6.92445
6.74512
6.49658
6.37576
6.37166
6.29402
6.36094
6.35808
6.39112
6.3304
6.63655
6.75412
6.7774
6.75183
6.89029
6.65202
6.51225
6.37367
6.42834
6.49064
6.49588
6.32159
6.59743
6.5216
6.5416
6.702
6.72876
6.70654
6.62493
6.71182
6.57279
6.43611
6.56657
6.68421
7.03207
7.02824
6.99307
6.82226
6.99977
6.9854
7.14232
7.4281
7.28555
7.57747
7.49656
7.59609
7.61801
7.9964
7.81054
7.89399
8.03729
7.99298
7.63978
6.94448
6.90669
6.88689
6.53468
6.57036
6.5136
6.79864
7.13615
7.04467
7.14277
7.17605
7.11923
7.36375
7.16855
6.95807
6.92039
6.3542
6.294
6.09089
6.24544
6.18568
6.5338
6.76054
6.91488
6.61758
6.50363
6.55663
6.61033
6.72534
6.76714
7.03636
7.11808
7.37616
7.60057
7.62366
7.80193
8.1153
7.97983
8.0004
7.83973
7.75817
7.60543
7.39576
7.19086
7.32675
6.96279
7.18085
7.143
6.79318
6.61416
6.67258
6.69463
6.59288
6.83223
7.26885
6.93454
6.8893
6.92551
6.96732
6.91154
7.16758
7.28843
7.21169
7.11162
7.13605
6.86108
6.61771
6.98845
7.03608
6.94461
7.05724
7.25878
7.18536
7.08781
7.32955
7.21005
7.19388
6.77739
6.59711
6.87694
6.81389
6.89593
6.94274
7.01195
7.03733
6.98814
7.08712
7.15993
7.28094
6.88328
7.30232
7.4586
7.45859
6.94973
6.63809
6.93139
7.24506
7.12342
7.17349
6.94328
7.01045
6.76254
6.84348
6.72305
6.73949
6.96772
6.93957
7.17408
6.93454
6.5421
6.66496
6.35537
6.45925
6.50913
6.56882
6.27208
6.58902
6.47916
6.19369
6.22256
6.07312
6.07269
6.05782
6.50411
6.7228
6.6209
6.59659
6.64999
6.81836
6.91875
6.84798
6.69986
6.53634
6.57213
6.4401
6.86632
7.0636
7.24991
6.94177
6.58654
6.57169
6.87637
6.77991
6.8488
6.78631
6.92274
6.88435
7.06704
7.02081
6.91791
6.96328
6.87173
6.68127
6.49889
6.10623
6.14912
6.02151
5.78042
5.73351
5.22431
5.2415
5.2116
5.57263
5.76728
5.61355
5.65148
5.80896
5.72877
6.12343
6.08366
6.19828
6.31284
6.26187
6.27716
6.22035
6.2023
6.08537
5.77091
5.67328
5.9289
5.6336
5.85501
5.55575
5.91515
6.19992
6.10711
5.89912
5.74186
5.94676
5.96422
6.11065
5.98549
6.12117
5.9194
5.89907
5.8629
5.88603
5.9553
6.23691
6.11318
6.25508
6.32237
6.21825
6.30568
6.27373
6.20785
6.13268
6.37119
5.86687
5.845
5.69242
5.83474
5.84149
5.65336
5.77561
6.12562
6.34361
6.22178
6.22373
5.85516
5.89513
6.00373
5.96969
6.1558
6.47746
6.41486
6.31899
6.28231
6.33173
6.60127
6.62842
6.70224
6.32037
6.46951
6.61975
6.41839
6.32549
5.98293
5.839
5.93651
5.80006
5.60664
5.60632
5.60922
5.80624
5.69391
5.67356
5.74957
5.18014
5.35371
5.36752
5.47652
5.31498
5.14297
5.43327
5.51856
5.52022
5.60439
5.41361
5.26574
5.21765
4.88671
4.98563
4.8099
4.66049
4.58216
4.4956
4.36443
4.26449
4.12033
3.90172
4.06283
4.10032
3.95279
4.09095
4.10745
4.0698
4.18229
4.15537
4.00592
3.84416
3.86077
3.64525
3.87524
3.74294
3.6675
3.77151
3.97202
4.05758
3.86585
3.72869
3.72711
3.68463
3.82419
3.77582
3.69927
3.88881
3.7867
3.83041
3.86897
3.73892
3.62084
3.74339
3.88408
3.93423
4.02235
4.03677
4.11562
3.91673
3.62997
3.53447
3.56186
3.53208
3.6607
3.48082
3.2684
3.30767
3.32231
3.27552
3.09469
3.18247
3.00075
3.10018
3.22749
3.37806
3.25388
3.26557
3.48976
3.53105
3.31432
3.19503
3.21252
2.9836
3.34764
3.23213
3.30633
3.3331
3.17634
3.29115
3.46665
3.40266
3.33591
3.2444
3.28746
3.15253
3.39092
3.52822
3.75589
3.78544
4.12928
4.06247
4.07013
3.75288
3.80331
4.08954
4.20677
4.28004
4.07545
4.25916
4.34629
4.49156
4.59986
4.64465
4.86737
4.88241
4.76981
4.62126
4.37644
4.30704
4.12882
3.73253
3.881
4.28742
4.49916
4.43963
4.70236
4.75414
4.7955
4.68734
4.85395
4.65625
4.88172
4.6877
4.67668
4.6797
4.96288
4.94826
5.13873
5.04283
5.34335
5.20835
5.07863
5.13607
5.29881
5.19404
5.27097
5.15195
5.2627
5.21312
5.08574
4.82065
4.72871
4.51461
4.25291
4.39438
4.52969
4.60022
4.50751
4.66791
4.63392
4.51958
4.19861
4.03399
4.06771
3.99545
4.27449
4.1988
4.31114
4.35217
4.18724
4.23514
4.20304
4.24482
4.05803
4.39085
4.87741
5.19511
5.12176
4.88117
4.84219
4.83499
4.72487
4.89327
5.14463
5.52759
5.22938
5.12994
5.4848
5.24566
5.35441
5.29595
5.39331
5.35781
5.07376
5.1922
5.20137
5.69664
5.3116
5.22672
4.84378
4.5986
4.47235
4.13007
4.38255
4.11142
4.05333
4.17116
4.29676
4.33401
4.54618
4.54906
4.64627
4.68791
4.67352
4.41711
4.06308
4.35303
4.41713
4.20555
4.33204
4.34233
4.46145
4.78993
4.85264
4.79354
4.5511
4.68168
4.49522
4.28534
4.19604
4.24034
4.45871
4.49887
4.47635
4.44133
4.27574
4.20809
4.22446
4.21637
4.10915
4.26304
4.37796
4.32283
4.09848
4.29996
4.63584
4.66975
4.92279
4.94898
4.87057
4.73362
4.76221
4.58825
4.41989
4.141
4.2945
4.52215
4.78221
4.63762
4.6747
4.84092
4.86451
4.86214
4.9396
4.52429
4.58114
4.22123
4.21368
4.20533
4.21117
4.34746
4.64069
4.66859
4.82133
4.72988
4.69166
4.91407
5.11653
5.19768
5.15069
5.52789
5.39474
5.73155
5.65588
5.69692
5.95102
6.31713
6.11365
5.94211
5.69898
5.56788
5.37456
5.16626
5.27747
5.4541
5.16047
5.49995
5.32828
5.32845
5.30426
5.04889
4.90048
4.51072
4.7938
5.21476
5.4406
5.33718
5.46693
5.62374
5.57221
5.81252
5.76738
5.7566
5.51836
5.45197
5.27508
5.11598
5.45103
5.62912
5.74871
5.93031
5.95606
5.95505
5.72893
5.89334
5.94168
5.78799
5.44196
5.49634
5.33508
5.34866
5.1465
4.95751
5.08356
5.00172
5.1049
5.20862
5.1861
5.40914
5.17102
5.39176
5.36881
5.52426
5.14434
5.06581
5.15142
5.24869
5.33519
5.49469
5.07696
4.88921
4.68311
4.61619
4.65006
4.65547
4.41807
4.43255
4.69445
4.39721
4.28808
4.43251
4.30003
4.34593
4.39065
4.6233
4.42718
4.69582
4.69584
4.45596
4.34454
4.14838
4.33659
4.36558
4.50473
4.98164
4.91085
4.93848
5.50423
5.72367
5.90111
6.078
6.09354
5.99177
6.03077
5.87112
6.14251
6.16993
6.25478
6.1813
5.81325
5.70384
5.85865
5.74222
5.73162
5.62962
5.78361
5.67044
5.74158
5.76367
5.50468
5.53117
5.67645
5.51417
5.48098
5.28979
5.1529
4.90516
4.81443
4.87521
4.25774
4.30766
4.45872
4.63724
4.92829
4.83431
4.87675
4.83205
4.86055
4.73827
4.71159
5.00632
5.14382
4.89531
5.0843
5.1792
5.03875
4.93607
4.78161
4.85237
4.64189
4.61641
4.68132
4.5328
4.5459
4.79078
4.64174
4.66345
4.58149
4.67155
4.94486
5.3573
5.232
5.17072
4.88019
5.34995
5.26726
5.35678
5.49417
5.9209
5.67072
5.72012
5.86946
5.66039
5.70287
5.91619
5.77667
5.47691
5.29143
4.80351
4.58286
4.13482
4.41107
4.36316
4.19597
4.53548
4.64411
4.84108
4.52481
4.54559
4.49552
4.59273
4.65215
4.84721
4.86145
4.74731
4.70713
4.48189
4.15001
4.12901
4.11833
4.20498
3.98202
3.81186
4.00194
4.15815
4.24812
4.43557
4.2834
4.08477
4.07325
4.10784
3.72898
3.80632
3.79945
4.2653
4.06674
4.05083
4.0238
3.73883
3.67523
3.60447
3.46864
3.02161
2.81289
2.83182
2.86763
2.76333
2.87617
2.65593
2.44796
2.7754
2.29547
2.34286
2.32545
2.25299
2.32407
2.14893
2.01976
1.72493
1.52274
1.37352
1.33362
1.35656
1.1591
1.00025
0.816488
0.683586
0.590817
0.730047
0.38938
0.393494
0.289086
0.124989
0.155984
0.160202
0.29637
0.375528
0.701082
0.680725
0.442262
0.303579
0.301686
0.411765
0.443761
0.42356
0.337297
0.303634
0.421941
0.429277
0.491527
0.58208
0.47142
0.599405
0.912833
0.721864
0.514066
0.375041
0.246565
0.265272
0.445873
0.29842
0.288688
0.132781
0.220584
0.238641
0.245009
0.330328
0.389876
0.734233
0.709598
0.437868
0.600713
0.808984
0.792511
0.947511
1.0148
1.00404
0.986373
0.990409
0.835679
0.70295
0.671148
0.565235
0.66628
0.574303
1.01814
1.09521
0.842994
0.806818
0.936104
0.876826
0.837218
0.895251
0.993922
0.909823
1.07137
1.11489
1.24925
1.51451
1.8064
1.67788
1.81105
1.57129
1.69958
2.14344
2.36117
2.36291
2.43078
2.85003
2.86429
2.90937
3.12683
3.29018
3.35216
3.36065
3.52343
3.33949
3.14716
2.91414
2.94747
3.05394
3.43568
3.48783
3.61481
3.27405
3.44235
3.48278
3.78426
3.51925
3.68402
3.65365
3.59336
3.63095
3.50074
3.36056
3.7204
3.65056
3.8692
3.96995
4.03809
3.98698
4.029
4.30325
4.33342
4.00568
3.86916
3.92034
3.82818
3.78795
3.58428
3.4589
3.67791
3.65728
3.6211
3.64562
3.96196
4.1019
4.31924
4.63775
4.35805
4.32121
4.45167
4.45738
4.53213
4.67037
4.68209
4.58014
4.62198
4.50747
4.61961
4.66361
4.60811
4.98113
5.16493
5.23246
5.35088
5.48148
5.57561
5.39003
5.29043
5.37072
5.47938
5.33802
5.32154
5.4298
5.30868
5.05711
5.13479
4.84214
4.70204
4.58935
4.71168
4.69206
4.85687
4.81104
4.38292
4.70345
4.70122
4.59683
4.64406
4.60776
4.6004
4.41371
4.68296
4.61548
4.46884
4.70354
4.72474
4.67424
4.73693
4.80146
4.59534
4.73468
4.85306
4.77492
4.68771
4.75239
4.85057
4.62988
4.94795
5.16777
5.08781
5.17394
5.20621
5.00648
5.07094
5.05003
5.00587
4.91995
4.8286
4.77179
4.95667
4.85333
5.04543
5.12048
5.10441
5.22297
5.17459
5.21097
5.03515
5.14102
5.20885
5.05378
5.00257
4.96126
5.14113
5.21035
5.09237
5.11522
4.98727
5.22578
5.57359
5.38062
5.8294
5.56165
5.75731
5.594
5.69427
5.62626
5.6003
5.43996
5.55401
5.59848
5.60071
5.32727
5.68019
6.04718
5.8866
6.01988
6.05927
6.08868
6.10015
6.35918
6.61762
6.4512
6.67445
7.00786
6.89634
6.9245
6.77256
6.91448
6.84878
7.09395
6.93747
6.89441
7.07578
7.2748
7.31819
7.08324
7.23334
7.31873
7.54611
7.22919
7.42101
7.41074
7.45036
7.3085
7.16111
7.60105
7.59908
7.15236
7.01784
6.79678
6.87926
7.0194
7.20378
7.07821
6.94539
7.02984
7.02576
7.11093
6.83411
7.2353
6.67888
6.90684
6.8385
6.77375
6.82255
7.02146
7.19981
7.38287
7.33456
7.36787
7.06474
7.02019
7.02707
6.73283
6.87191
7.12761
6.93704
6.99657
6.83574
6.89469
6.83951
6.86958
6.87572
6.92565
6.75763
7.04065
6.68412
6.60426
6.72674
6.99453
6.81941
7.07513
6.9462
6.61651
6.93982
6.77754
6.65926
6.49392
6.42933
6.59537
6.72303
6.43947
6.22862
6.15091
6.10792
6.16742
6.55097
6.48415
6.42292
6.46214
6.27921
6.45663
6.41848
6.45655
6.31352
6.43449
6.29377
6.23549
6.13985
6.45297
6.30594
6.62937
6.74092
6.89505
7.66907
7.70039
7.81033
7.84065
7.86166
7.78166
7.75448
7.43176
7.33661
7.32132
7.24783
7.14714
7.07093
7.12636
6.9716
6.88758
6.93002
6.90176
6.92465
6.89961
6.69361
6.76642
6.59344
6.54211
6.61538
6.6961
6.59652
6.69225
6.48766
6.62584
6.70964
6.75603
6.30001
6.37327
6.41168
6.69965
6.87475
6.75383
6.74038
6.52169
6.49455
6.29488
6.20734
6.75132
6.78006
6.6417
6.84491
6.85882
6.68067
6.59436
6.43432
6.72102
6.71568
6.54844
6.77151
6.80009
6.63497
6.7544
6.78556
6.95985
7.15443
7.18219
7.35194
7.61697
7.62826
7.71313
7.57173
7.79577
7.80358
7.90336
7.7755
7.90755
7.75028
7.90842
7.86387
8.00454
8.07048
8.47011
8.52472
8.24469
8.00308
7.97087
7.63777
7.0955
7.52314
7.50211
7.48986
7.64445
7.84681
7.82858
7.71143
7.73835
7.95393
8.04367
8.03575
8.39707
8.18073
7.87274
7.7391
7.73027
8.00969
7.88612
7.71383
7.83292
7.53767
7.53652
7.47762
7.58092
7.66047
7.7313
7.63409
7.20767
7.22324
7.2316
7.09767
7.10772
7.11514
7.34822
7.39163
7.60027
7.7298
7.63301
7.59125
7.5936
7.46512
7.22683
7.14963
7.25372
7.25229
7.20798
7.25642
7.07972
6.8845
7.20636
6.99246
6.60985
6.67965
6.67648
6.72102
6.86599
6.81732
6.37951
6.12849
6.34734
6.09697
5.9031
6.02176
6.059
6.01891
6.03031
6.14141
6.40203
6.33315
6.44815
6.08309
5.69892
5.73205
5.64321
6.08113
5.83128
5.98857
5.88931
5.46397
5.71888
5.88996
5.97385
5.88622
5.77409
5.87564
6.05011
6.14898
6.28983
6.40651
6.30332
6.49622
6.4044
6.3888
6.52891
6.33584
6.46011
6.18113
6.21138
6.21095
6.30032
6.32285
6.48416
6.3491
6.48754
6.47369
6.46877
6.6499
6.4613
6.59118
6.60004
6.72101
6.4849
6.48984
6.41174
6.41659
6.22457
6.30322
6.48352
6.59803
6.79152
7.01019
6.95361
6.82157
6.88412
6.60993
6.93849
6.95306
6.99109
7.05309
6.97622
6.8017
6.93605
6.99081
7.14069
6.9618
7.00458
7.06833
6.82018
6.93265
6.99583
7.0091
7.06441
7.31767
7.21949
7.07557
6.91177
6.83636
6.90512
6.70726
6.73251
6.5409
6.52761
6.568
6.68394
6.67468
6.81239
7.07839
6.93805
7.05336
6.87699
6.67277
6.68824
6.52393
6.88408
6.8172
6.83915
7.02753
7.14574
7.29295
7.30245
7.2822
7.51838
7.9464
7.8376
7.67159
7.63893
7.52722
7.1402
7.11718
7.00221
7.20497
6.90688
6.77335
7.01683
6.98043
6.88881
7.10743
6.99328
7.19754
7.36181
7.08473
7.32382
7.59885
7.32283
7.21876
7.16356
7.19169
7.08052
7.26668
7.36566
7.2778
7.28375
7.21927
7.1808
6.99986
7.32068
7.16896
7.35698
7.34323
7.0358
6.98375
6.84612
6.43991
6.42954
6.41054
6.57681
6.80615
6.68295
6.71144
6.39942
6.50694
6.76685
6.87453
6.8589
6.77132
6.96634
7.28676
7.54949
7.4829
7.44321
7.3727
7.38362
7.08241
6.84452
6.93499
6.98722
6.88856
6.77461
6.52831
6.67134
6.65718
6.85437
6.8432
6.76808
7.10062
6.92884
6.9519
6.75907
7.30718
7.34236
7.36253
7.45359
7.71196
7.82529
7.54414
7.65815
7.43239
7.5928
7.27377
7.26591
7.43807
7.49866
7.68204
7.91635
7.61342
7.78427
7.7794
7.90069
7.90505
8.04176
7.99337
8.16096
7.91993
7.99472
7.91274
7.73594
7.68284
7.5334
7.49019
7.58317
7.63237
7.75368
7.76159
7.76971
7.80484
7.72221
7.8275
7.78472
7.98824
7.86983
7.49396
7.54514
7.36781
7.65943
7.69683
7.83825
7.81783
8.1125
8.07452
8.66197
8.76477
8.79815
8.99357
8.96725
8.76533
8.72389
8.59735
8.39311
8.33882
8.48489
8.27196
7.87306
7.92925
8.03848
7.84826
7.56242
7.90661
8.13354
8.22372
8.25608
8.61039
9.0458
8.91911
8.96523
8.84432
8.90652
8.91097
8.91131
8.91687
9.00092
9.07203
9.32979
9.79967
9.84991
9.5627
9.34037
9.73103
9.95081
9.85281
9.81773
9.79629
9.6865
9.88358
9.70416
9.96681
9.90509
9.81782
9.96508
10.287
10.2062
10.3789
10.0499
10.1812
10.5977
10.5084
10.6532
10.8411
10.9254
10.5302
10.7376
10.9585
10.9557
10.7598
10.4589
10.7942
10.5952
10.888
11.0117
11.1679
11.6209
11.7263
11.8979
12.0351
11.9094
12.1259
11.7547
11.6391
11.8867
12.3051
13.2091
13.3461
13.3836
13.3105
13.7608
13.6489
13.7182
13.9237
13.7759
13.1457
13.2859
13.2696
13.4015
13.1281
12.9102
13.5851
13.5552
13.6444
14.2471
14.1603
14.3468
13.8571
13.7231
13.9774
13.8498
13.9046
13.8832
13.7469
13.9073
13.9606
14.0103
13.7365
14.1088
14.3514
14.8883
14.9624
14.7474
14.6525
14.5107
13.9723
14.2328
14.9743
14.9522
14.8932
14.5823
14.4467
14.4663
14.6744
14.9504
15.3346
16.0056
16.1632
16.2633
16.2534
17.0135
16.605
16.7422
16.6419
16.5569
16.6399
17.1466
17.4124
17.3844
17.3526
17.3383
17.9188
17.7206
17.982
18.3827
18.3964
18.4291
17.933
18.1392
18.255
18.5144
18.3215
18.8641
19.5949
19.7403
19.6296
19.6335
19.5894
19.7843
19.975
19.9968
19.3711
19.7165
19.6979
19.6628
19.7545
19.5677
19.8882
20.5935
20.4709
20.4886
20.4577
20.4801
20.7235
21.144
20.5613
20.1329
20.0739
20.0476
19.9089
19.9607
20.4077
20.4533
20.6929
20.789
20.6313
20.7862
20.6108
20.4881
20.5424
20.6617
20.8746
20.6328
20.4445
20.6235
20.6367
20.598
20.5652
20.4336
20.3461
20.2461
20.4311
20.5844
20.6327
20.7147
20.6147
20.7268
20.8184
20.6573
20.9303
20.7441
20.5729
20.7048
20.8759
21.0278
20.9428
20.8684
20.824
20.7464
20.5477
20.616
20.5957
20.4409
20.3922
20.0271
20.085
19.8252
19.8634
19.6187
19.4341
19.1413
18.9919
18.9504
19.3371
19.185
19.1073
19.0067
18.9636
18.8723
18.7518
18.8411
18.8647
18.8138
18.5966
18.6921
18.7323
19.0299
18.8649
18.623
18.6758
18.6937
18.8232
18.9437
19.1278
18.7842
18.8304
18.9498
18.818
18.7311
18.9148
19.0239
19.0692
19.2011
19.2263
19.3784
19.4189
19.4116
19.2938
19.3072
19.4602
19.2978
19.3651
18.9371
18.9344
18.6619
18.589
18.9203
18.9729
18.9622
18.7971
18.8389
18.7286
19.0242
19.1713
19.1966
19.3985
19.4037
19.447
19.7027
19.6879
19.6801
19.7309
19.7654
19.4388
19.4743
19.3591
19.4944
19.743
19.7057
19.5352
19.682
19.9239
19.9742
20.1312
20.1007
20.176
20.1316
20.1536
20.1853
20.1554
20.3069
20.2008
20.0788
19.7307
20.0704
20.0409
20.1791
20.2166
20.2331
20.0525
20.1189
19.9394
20.05
20.2102
20.0891
20.2397
20.3821
20.2937
20.3828
20.4623
20.6227
20.5566
20.7775
20.8588
21.0652
21.1309
21.1813
21.0016
20.868
21.0173
20.9614
21.0207
20.7626
20.8043
21.0304
20.9604
20.9398
20.6739
20.5249
20.1828
20.271
20.6783
20.5704
20.6909
20.4917
20.5656
20.3994
20.4484
20.4639
20.1372
20.4018
20.3401
20.2548
20.29
20.3747
20.4527
20.3999
20.3733
20.5886
20.7315
20.8484
20.6259
20.6246
20.5581
20.38
20.4265
20.2371
20.1418
20.0591
20.03
20.2864
20.3076
20.4472
20.6647
20.7082
20.9333
20.9693
20.9752
21.065
21.3131
21.162
21.3672
21.1657
21.3886
21.2369
21.6348
21.9034
22.0476
21.9267
21.9395
22.0473
22.1333
22.4909
22.578
22.7273
22.8664
22.6567
22.6145
22.8007
22.5889
22.7064
22.6809
22.6086
22.6579
22.5846
22.5223
22.5065
22.5193
22.5664
22.5632
22.3068
22.5736
22.6628
23.1171
23.0771
23.2028
23.2501
23.0945
23.4127
23.4446
23.4191
23.4267
23.5428
23.5658
23.426
23.3539
23.3463
23.6522
23.7141
24.0194
24.0805
24.3154
24.1871
24.3296
24.4271
24.5767
24.4289
24.314
24.3538
24.6794
24.8122
24.5696
24.5878
24.5888
24.3849
24.3466
24.2158
24.3505
24.4264
24.2916
24.2686
24.2418
24.5005
24.426
24.1529
24.209
24.3135
24.0539
24.0491
23.6515
23.4204
23.453
23.6069
23.4414
23.3316
23.0623
22.942
22.71
22.7461
22.9176
22.6946
22.8217
22.5962
22.6838
22.6329
22.451
22.735
22.6778
22.7887
22.8221
22.8949
22.9628
22.9542
22.6391
22.6224
22.6392
22.237
22.2715
22.3578
22.2793
22.4168
22.2928
22.1458
22.2651
22.201
22.4427
22.3222
22.1476
22.2069
21.5294
21.5348
21.4404
21.3677
21.3158
21.1568
21.1536
20.5919
20.6258
20.1811
20.2014
19.7227
19.0633
18.8641
18.9588
18.9662
18.8826
17.7719
17.7038
17.2438
17.4489
17.1417
17.1971
17.0301
16.3998
16.1239
16.1632
16.3772
16.7323
16.6978
16.4157
16.5397
16.1935
16.3709
16.3065
16.4687
16.4784
16.4887
16.0313
15.8689
16.0093
15.5448
15.7397
15.8031
15.4904
15.3462
15.808
15.6994
15.6725
15.9502
15.8058
16.2877
15.3453
15.8813
15.5123
15.5602
15.6004
14.9787
14.6382
14.5172
14.5044
14.3981
13.9995
14.3838
14.5983
14.3793
14.1637
13.5506
13.3094
13.0275
13.6346
13.3407
13.2305
12.4008
11.7992
12.0475
12.9709
12.7021
12.865
12.5741
12.6683
12.514
12.0955
11.813
11.6567
10.8143
10.8005
10.75
11.4499
11.7519
11.3799
11.6097
11.5806
11.4424
11.2901
11.073
10.8603
10.5576
10.6937
10.0573
10.1939
9.59334
9.67017
9.66172
