2.26765
2.05944
1.97626
1.805
2.21118
2.22116
2.41713
2.49331
2.36178
2.19253
2.16358
2.08133
1.82486
1.80018
1.94012
1.85621
1.77806
1.55479
1.51855
1.71067
1.69733
1.62842
1.78718
1.80614
1.89258
1.75485
1.75535
1.65915
1.73213
1.81827
1.81695
1.70621
1.76019
1.68623
1.32841
1.29967
1.3502
1.52849
1.65072
1.64418
1.71656
1.68393
1.72024
2.01612
1.95769
1.96435
1.8208
1.71289
1.71696
1.97288
1.98012
1.87129
1.7166
1.68226
1.69398
1.79563
1.54764
1.62886
1.55417
1.6602
1.66334
1.79763
1.74771
1.73927
1.78467
2.07704
2.17372
2.12848
2.29955
2.13298
2.17224
2.12953
1.8826
1.83756
2.05591
2.00525
1.98204
1.97315
2.06685
1.94631
1.79314
2.09109
1.86389
1.90544
1.73193
1.67183
1.73231
1.37745
1.35836
1.23153
1.15205
0.910297
1.15751
1.12043
1.26604
1.06902
1.22793
1.23626
1.41551
1.30949
1.47528
1.45813
1.57079
1.54133
1.72241
1.84356
2.01067
2.00181
1.70494
1.77165
1.78967
1.60763
1.58073
1.55384
1.42809
1.29852
1.36352
1.64659
1.51244
1.48933
1.28987
1.08487
1.06682
1.07655
1.36164
1.1802
1.32933
1.52191
1.68249
1.85799
2.08731
1.9721
2.02283
1.99057
2.23288
2.29698
2.02922
1.78351
1.92043
1.67064
1.66551
1.4833
1.48837
1.70078
1.54069
1.56527
1.65921
1.77701
1.69242
1.95353
1.93469
2.07094
1.66139
1.62059
1.5654
1.51517
1.5059
1.619
1.57697
1.11021
0.687318
0.659849
0.969905
0.950378
1.04133
1.31394
1.37253
1.59672
1.57549
1.72507
1.81358
1.61334
1.52959
1.56935
1.38344
1.66015
1.63768
1.69627
1.56935
1.18183
1.31431
1.52688
1.24497
1.06064
1.2183
1.00494
1.2809
1.46666
1.26539
1.50471
1.53979
1.91786
2.12568
2.11097
2.00494
1.86033
1.90001
2.05136
2.19453
1.9819
2.01852
1.89747
1.669
2.08587
1.97579
1.96656
1.75972
2.039
1.8746
1.81038
1.84276
2.15106
2.39171
2.68108
2.50199
2.88319
3.00961
3.07101
2.95758
2.57172
2.61995
2.70191
2.86003
2.4723
2.34995
2.41559
2.4901
2.38775
2.58107
2.52058
2.62047
2.31551
2.20615
2.63769
2.58214
2.66605
3.02395
2.85492
2.79656
2.70994
2.71536
2.48692
2.36014
2.38475
2.31568
2.20463
2.28152
2.24093
2.252
2.10884
2.09442
1.99704
1.96421
2.14402
1.72865
1.84613
1.65323
1.73575
1.90671
1.88916
1.69161
1.48601
1.7739
1.62638
1.61578
2.00579
1.69647
1.84223
1.99361
1.90346
1.54253
1.57791
1.61019
1.52718
1.70643
1.9872
1.68813
1.62056
1.46781
1.61511
1.3114
1.15544
1.18695
1.3523
1.59645
1.63082
1.50598
1.86884
1.95519
1.98947
1.98537
1.94481
2.06251
1.93146
1.53436
1.44129
1.38424
1.47948
1.31263
1.16058
1.11391
1.34592
1.3054
1.14542
1.12263
1.23123
1.03117
0.988172
0.940269
0.89412
0.927046
1.08647
1.02836
1.14273
1.32173
1.35265
1.42061
1.45967
1.34454
1.44617
1.63588
1.45025
1.40108
1.13482
0.731605
1.14409
1.22035
1.20374
1.48969
1.29547
1.44706
1.66328
1.8697
1.78537
1.57485
1.86109
1.78422
1.74821
2.05265
2.04051
1.77394
1.6937
1.9204
1.57893
1.54964
1.72963
1.96614
1.8364
1.87995
1.87795
1.82358
1.79454
1.5677
1.64117
1.65191
1.67077
1.63336
1.85355
1.88462
1.99415
2.09165
1.9235
1.91465
1.77162
1.64548
1.6265
1.39702
1.25994
1.23309
1.16782
1.23808
1.15428
1.19235
1.11578
1.00727
1.02565
1.1357
1.06944
0.945143
0.673192
0.714355
0.579465
0.985912
1.16516
1.13325
0.992056
1.1831
1.36125
1.35905
1.38725
1.38346
1.57242
1.5374
1.96623
1.61545
1.50376
1.4957
1.66359
1.64074
1.70872
2.00603
1.99352
2.0247
2.29196
2.19545
2.14338
2.06744
2.34634
2.11432
1.99883
1.94468
2.24865
2.16427
2.21713
2.44489
2.58907
2.58375
3.08839
3.03648
2.85274
2.8221
3.06436
2.40609
2.54046
2.58507
2.76011
2.84308
2.80352
3.04488
2.90458
2.81079
2.79488
2.89295
2.95907
2.93927
2.92699
2.89808
3.30347
3.19634
2.89294
2.95306
3.11686
2.70535
2.81137
2.58341
2.67248
2.54307
2.4189
2.52406
2.45216
2.52969
2.43724
2.35178
2.31779
2.21557
2.25298
2.49634
2.59591
2.42496
2.46003
2.51468
2.40403
2.14617
2.1074
2.20078
2.46353
2.57243
2.2941
2.12523
2.25782
2.1472
1.9473
1.68207
1.67943
1.80519
1.91327
1.77236
1.75814
2.01962
2.1198
2.22313
2.18662
1.84631
2.02235
1.78718
1.70007
1.67748
1.62331
1.67241
1.27479
1.33797
1.40131
1.32491
1.54421
1.2858
1.35585
1.37959
1.47324
1.3811
1.12104
1.46776
1.45341
1.30511
1.50975
1.26123
1.26208
0.950001
0.757502
0.746705
0.741599
0.733704
0.682408
0.839821
0.79261
0.861843
0.762765
1.09273
1.40791
1.6695
1.75306
1.75151
1.84198
1.922
1.68056
1.30409
1.15642
1.00103
1.01105
1.05253
1.15495
1.11023
1.33153
1.30718
1.54016
1.61891
1.5423
1.44677
1.36262
1.14548
1.23817
1.24275
1.38758
1.34764
1.5172
1.47297
1.47146
1.12666
1.29573
1.34885
0.885059
0.216125
0.0996686
0.1078
0.291318
0.173887
0.456729
0.31331
0.359611
0.326749
0.608918
0.66816
0.886553
0.861041
0.951962
1.0429
0.861801
0.883134
0.842876
0.829455
0.829804
0.864248
0.798559
0.786389
0.661376
0.741345
0.550979
0.347018
0.455043
0.469334
0.623084
0.610527
0.69068
1.06502
0.955433
0.887725
0.817725
0.842774
1.10193
1.00738
1.25462
1.4987
1.64926
1.38974
1.36266
1.37908
1.47328
1.35035
1.22826
0.942052
1.07406
1.21208
0.977391
0.802204
0.690858
0.675196
0.597442
0.882372
0.890512
0.970555
0.834672
0.692041
0.91023
0.849843
0.755241
0.91005
0.678828
0.440801
0.54382
0.731943
0.903949
0.858155
0.737874
0.627239
0.786378
0.748416
0.551053
0.87091
0.38756
0.497629
0.538982
0.805466
0.839276
0.652847
0.621896
0.702384
0.744789
0.486847
0.41794
0.28566
0.19707
0.366661
0.404704
0.0317718
0.183428
0.271189
0.557139
0.419012
0.505886
0.62405
0.544335
0.551663
0.599541
0.674361
0.784524
0.441448
0.431824
0.370246
0.385969
0.483015
0.662276
0.825514
0.789265
0.544226
0.589929
0.334357
0.300406
0.28865
0.402943
0.387805
0.474631
0.324014
0.330713
0.286513
0.308267
0.360937
0.382065
0.668889
0.784712
0.937944
0.844721
0.96046
0.736092
0.490379
0.524911
0.327169
0.298012
0.518604
0.605571
0.549785
0.588018
0.45841
0.539276
0.742004
0.814101
0.523909
0.609269
0.893495
1.06624
1.32989
1.31097
1.21188
1.1507
1.06379
1.19423
0.868841
1.19533
0.687474
0.476169
0.478333
0.662483
0.557001
0.588516
0.581036
1.07348
1.05011
1.40685
1.25889
1.20507
1.37814
1.1061
1.19278
1.19792
1.34155
1.10019
0.713615
0.575546
0.566823
0.63428
0.664387
0.568067
0.478444
0.585715
0.773951
0.920708
0.674056
0.534811
0.721051
0.86178
0.913084
0.428762
0.517857
0.110838
0.13063
0.201642
0.224914
0.299784
0.306607
0.574889
0.514775
0.488791
0.272978
0.753217
0.592921
0.676502
0.680969
0.6448
0.859268
0.906802
0.646988
0.714963
0.631109
0.979781
0.98498
1.0723
0.945138
0.996315
0.656448
0.974193
0.922516
0.617265
0.811268
0.630795
0.59382
0.706637
0.948316
0.776943
0.774613
0.500871
0.673644
1.12652
1.23895
0.932331
0.932114
0.899295
1.06417
1.12002
1.19163
1.34812
1.36403
1.35629
1.43156
1.37873
1.53635
1.67485
1.35297
1.01025
0.992285
0.856204
0.734232
0.881697
1.00871
0.846287
0.81969
0.653213
0.431381
0.461947
0.465787
0.29888
0.171775
0.265094
0.280754
0.14413
0.225427
0.353977
0.202162
0.17222
0.34252
0.424045
0.467107
0.547519
0.496645
0.539788
0.241553
0.309011
0.462661
0.419417
0.248349
0.416264
0.646687
0.580214
0.614312
0.92595
1.06582
0.934823
0.763875
0.895256
0.837786
0.828592
0.878709
0.815197
0.80557
1.00566
1.06186
1.06612
1.06575
1.31142
1.54485
1.66825
1.49776
1.50098
1.06294
1.03062
0.827234
0.775271
0.747843
0.768713
0.731446
1.14759
1.01583
1.3358
1.53484
1.24758
1.55164
1.44513
1.23132
0.984938
1.03652
0.945431
1.11869
1.17473
1.18429
1.15186
1.3554
1.3071
1.16907
0.995509
0.929941
0.913257
0.872592
0.951785
1.0629
0.887568
1.13737
1.68487
1.55136
1.4496
1.36519
1.39667
1.46258
1.73834
1.9347
2.13472
2.27485
2.47632
2.38719
2.09642
2.19319
2.34913
2.23228
2.59464
2.84496
2.95846
2.80103
3.00521
2.62516
2.64548
2.46667
2.48954
2.42042
2.41305
2.16617
2.29683
2.28477
2.29166
2.23857
2.26543
2.3821
2.58079
2.82545
2.56229
2.32795
2.39261
2.10348
2.12308
2.57008
2.76889
2.96075
3.16467
3.32723
3.28098
3.23375
3.3225
3.62902
3.89313
3.92277
3.78274
3.85931
3.74587
3.37944
3.47905
3.10094
3.2674
2.9461
2.83933
2.72833
2.93059
2.85124
2.77255
2.74818
2.76026
3.01193
2.91796
2.99662
2.65958
2.68833
2.69423
2.87019
2.79256
2.76832
2.48893
2.63313
2.3243
2.05702
2.34641
2.51069
2.53883
2.46709
2.6977
2.62196
2.67109
2.74872
2.57032
2.50212
2.50331
2.37346
2.37944
2.45929
2.42264
2.67977
2.54844
2.61295
2.71841
2.38844
2.5284
2.35347
2.06949
2.1936
2.20927
2.31235
2.36314
2.21974
2.25814
2.21055
2.22084
2.12078
2.19908
2.26664
1.97348
2.19361
2.18735
2.33598
2.25734
1.99864
2.10541
1.94152
1.99038
1.96547
1.92593
2.02334
1.61805
1.74985
1.48044
1.38051
1.50567
1.5813
1.43315
1.65718
1.79506
1.7113
1.7301
1.50004
1.58379
1.77919
1.75395
1.67318
1.6015
1.51905
1.57101
1.33912
1.57785
1.48415
1.71918
1.57655
1.96145
1.91236
2.04453
2.06081
2.21776
2.06279
2.28903
2.24823
2.40804
2.18485
2.28642
2.20528
2.57722
2.51417
2.45686
2.40791
2.10749
1.71711
1.54274
1.21562
0.89104
0.829684
0.751673
0.831674
0.729045
0.867962
0.862896
1.00324
0.948694
0.921002
0.981017
1.01576
0.793707
0.958172
0.891873
0.9936
1.13865
0.982477
0.894063
1.27069
1.25085
1.37573
1.28153
1.34714
1.24581
1.26682
1.44982
1.38964
1.46011
1.66153
1.54202
1.43005
1.28177
1.15231
1.31053
1.2366
1.44943
1.56767
1.67842
1.56185
1.64012
1.60991
1.54528
1.45246
1.31028
1.20667
1.4173
1.74325
1.44533
1.30298
1.26644
1.04389
0.926222
0.906413
0.895598
1.15014
1.2779
1.05363
1.03069
0.799436
0.875662
0.850733
0.770244
0.900662
0.832671
0.71442
0.719325
0.824329
0.954769
0.828695
0.840705
0.983032
1.34453
1.14638
1.4004
1.51183
1.34453
1.32507
1.62471
1.29724
1.3102
1.14398
1.32064
0.898355
0.806628
0.887167
0.797012
0.645392
0.637503
1.03603
0.926012
0.602269
0.613142
0.75027
0.614192
0.437432
0.233071
0.422364
0.157222
0.234319
0.214451
0.492826
0.837269
0.741272
0.628577
0.488837
0.535593
0.565508
0.534869
0.451702
0.728835
0.807636
0.615046
0.646083
0.242768
0.111355
0.165495
0.0516919
0.25724
0.200703
0.452847
0.458311
0.357945
0.382091
0.463308
0.609389
0.689373
0.938738
0.643499
0.610816
0.759315
0.663278
0.71802
0.846048
0.954438
0.564884
0.553152
0.594533
0.536022
0.753529
0.988749
0.877223
0.943583
1.25933
1.49865
1.59259
1.93583
1.76155
1.85558
1.93997
1.66983
1.66662
1.4668
1.20165
0.94913
1.14488
1.40295
1.0779
0.817433
0.757421
1.26229
1.47939
1.64599
1.2908
0.929486
1.14787
1.07478
1.01623
0.909853
1.10926
0.894137
0.927105
0.571774
0.275358
0.37177
0.264398
0.287139
0.382313
0.498365
0.778438
0.787874
0.624835
0.625064
0.633951
0.704787
0.756944
0.480221
0.599235
0.175261
0.167967
0.27101
0.542657
0.506779
0.603083
0.835194
0.882867
0.702224
0.542157
0.461206
0.723035
0.58296
0.695677
0.766988
0.591546
0.503019
0.838111
0.979975
1.24092
1.32084
1.12369
1.06524
1.19169
1.22827
1.91775
1.92481
1.92866
1.56521
1.58437
1.76363
1.78838
1.75948
1.64211
1.67797
1.69554
1.53685
1.86968
2.24875
2.3473
2.35385
2.46653
2.3362
2.63777
2.55194
3.0986
3.33157
3.14881
3.0022
3.11641
3.36216
3.39274
3.55795
3.59643
3.34557
3.01283
2.95137
2.88901
2.88875
3.05566
2.81621
2.6736
2.31406
2.3324
2.41926
2.30781
2.08293
2.35912
2.4454
2.50607
2.42729
2.67626
2.88886
2.69186
2.60475
2.52415
2.66372
2.51913
2.54491
2.70823
2.66384
2.63553
2.49298
2.5726
2.3077
2.4005
2.21905
2.3273
2.55059
2.38862
2.80686
2.92388
2.92753
3.0018
3.21404
3.44617
3.31564
3.48934
3.4673
3.57594
3.53615
3.27342
3.15191
2.97982
2.95134
2.70775
3.04875
2.72849
2.78753
2.35474
2.33739
2.12411
2.0148
2.07651
2.21237
2.05411
2.50264
2.41445
2.67383
2.99496
3.05059
3.14309
3.24299
2.97646
3.05228
3.35538
3.3613
3.55045
3.35291
3.45763
3.41451
3.6584
3.62869
3.56926
3.51881
3.35284
3.45461
3.42549
3.52505
3.65159
3.8623
3.75012
3.68892
3.531
3.64387
3.59274
3.38584
3.49722
3.78902
4.05139
4.26253
4.36098
4.32371
4.59765
4.22436
4.11224
4.12617
3.9383
4.16543
4.17375
4.24131
4.38087
4.10566
3.73492
3.77172
3.78315
3.67045
3.88466
3.9508
3.64223
3.42604
3.82944
3.77197
3.55342
3.73915
3.64801
3.56095
3.59831
3.33966
3.30823
3.47411
3.36564
3.4832
3.50475
3.73291
3.58902
3.93043
3.93148
4.08836
3.96031
4.25772
4.43497
4.74681
4.72181
4.74824
4.83304
5.01216
4.7519
4.68791
4.48708
4.61015
4.79466
4.6304
4.61323
4.64631
4.55151
4.44051
4.38892
4.41042
4.33393
4.3274
4.42587
4.32091
4.15083
3.98456
3.998
3.95866
3.88131
3.95408
4.01909
3.73622
3.51123
3.58892
3.51539
3.94754
3.68308
3.9115
3.63917
3.58412
3.73847
3.72376
3.64127
3.51325
3.29623
3.23297
3.07126
3.02941
2.9925
2.99359
3.03577
3.37888
3.40936
3.45185
3.39324
3.30456
3.41307
3.54044
3.43487
3.55676
3.34991
3.30501
3.04263
2.84178
2.82411
2.93404
3.00365
2.91851
3.07241
3.04448
3.00841
3.05853
2.96912
2.92164
2.73378
2.62476
2.77847
3.12955
3.16905
3.16878
3.15916
3.03334
3.01739
3.03136
2.75458
2.7576
2.74086
2.69805
2.52596
2.48947
2.31466
2.30146
2.35363
2.44215
2.35851
2.42167
2.29986
2.32207
2.08029
2.26823
2.27647
2.31603
2.24763
2.37939
2.55034
2.84829
2.71411
2.89706
2.90979
3.07995
2.84627
2.94345
2.83882
2.90696
3.14461
3.31416
3.65871
3.41328
3.42529
3.41795
3.61705
3.98975
3.61925
3.47876
3.45074
3.40692
3.28264
3.24809
3.25495
3.29231
3.1013
2.97416
3.05198
2.90904
2.91074
2.88734
2.70613
2.51633
2.60656
2.68822
2.72085
2.67233
2.98154
3.08421
3.23279
2.68679
2.73306
2.61678
2.60829
2.7981
2.4897
2.8088
2.85956
2.97737
2.88494
2.95673
2.84119
2.66687
2.6532
2.54951
2.64381
2.61971
2.54175
2.72102
2.84444
2.88346
2.83367
2.91455
2.95317
3.47138
3.67238
3.42125
3.61795
3.54682
3.41512
3.29331
3.21776
3.1535
3.46307
3.69241
3.56311
3.55946
3.28534
3.09624
3.06003
3.00754
2.95965
2.8739
2.98066
3.21239
3.20579
2.67223
3.00014
3.05491
2.76918
2.78516
2.98302
2.75686
2.5146
2.51157
2.46506
2.34359
2.44019
2.50829
2.57895
2.55367
2.56101
2.52932
2.64764
2.62931
2.69118
2.50582
2.53054
2.79648
2.39605
2.09848
1.97554
2.03406
2.22677
2.08225
2.03678
1.71884
1.82645
2.04379
1.97272
2.18215
2.20529
2.08908
1.91741
1.9354
2.00126
1.73182
1.68658
1.61645
1.68705
1.59979
1.56295
1.8357
1.96274
2.11179
2.48918
2.31458
1.7116
2.04718
1.96256
1.99831
1.94678
2.04191
2.26469
2.1324
1.93704
1.77536
1.72128
1.48929
1.61364
1.33137
1.4097
1.59379
2.00825
2.31823
2.27892
2.2717
2.3032
2.14633
2.00694
2.1014
1.79879
1.53739
1.48675
1.16506
1.2701
1.38175
1.61604
1.76746
1.69161
1.89741
1.67663
1.4375
1.23079
1.08496
1.21442
1.45407
1.44907
1.3537
1.22989
1.10097
1.2991
1.29498
1.4085
1.23342
1.36264
1.38442
1.48735
1.17942
0.95561
1.16165
1.45814
1.35903
1.50231
1.5017
1.53118
1.6877
1.72727
1.46002
1.28609
1.02252
0.928595
1.02699
0.918005
0.666644
0.637653
0.612658
0.592901
0.649158
0.509727
0.554813
0.640738
0.476036
0.496291
0.564211
0.565369
0.696943
0.613134
0.726679
0.926464
0.820296
0.74052
0.821631
0.551998
0.481533
0.534526
0.754962
0.59244
0.58977
0.659361
0.522844
0.4761
0.760505
0.570527
0.228571
0.223453
0.559833
0.385975
0.495694
0.585949
0.345744
0.582039
0.567765
0.751349
0.860114
0.657667
0.710087
0.654745
0.764036
0.992316
0.776264
0.973626
1.24966
1.18176
1.15829
1.31435
1.47382
1.51283
1.47254
1.79185
1.77534
1.56657
1.67964
1.22665
1.163
1.44351
1.08031
0.884864
0.590843
0.719547
0.855599
0.851047
0.674625
0.824032
0.830114
0.843892
1.04865
1.04042
1.10301
0.974163
0.881373
0.837841
0.996538
1.10745
1.02561
1.17029
1.20592
1.10239
0.869435
0.752395
0.456203
0.582999
0.379265
0.598967
0.415798
0.253987
0.307353
0.600509
0.575426
0.91304
1.21203
1.2844
1.18095
1.46577
1.49267
1.44183
1.43248
1.11597
0.78053
0.80748
0.54658
0.313301
0.820581
0.545835
0.48357
0.444598
0.843191
0.711646
0.50926
0.415009
0.523242
0.507942
0.441649
0.577137
0.627316
1.05846
1.58184
1.34504
1.4523
1.14119
1.45883
1.73295
1.59517
1.57676
1.31701
1.70439
1.6107
1.71866
1.97727
1.75509
1.75001
1.7239
1.88781
1.80043
1.63429
1.60698
1.74251
1.66118
1.62541
1.56308
1.73199
2.00332
1.84299
1.98649
2.12358
2.24193
2.15095
2.15264
2.12508
2.37496
2.05436
1.9619
1.83797
1.76624
1.54782
1.83678
2.12933
2.35401
2.27896
2.23207
2.11346
2.14451
2.10151
2.23845
2.27731
2.14762
2.02899
2.30989
2.23329
1.98604
2.16131
2.02565
1.71451
1.48274
1.18645
1.33188
1.44789
1.62908
1.5414
1.42212
1.33869
1.26158
1.22079
1.14453
1.16714
1.16265
1.15171
1.1756
1.2884
1.14259
1.2195
1.35356
1.46537
1.31849
1.31099
1.41797
1.20253
1.34322
1.32673
1.33021
1.33079
1.25399
1.35365
1.14621
1.00819
0.873185
0.93306
0.926799
0.962622
1.03398
1.00438
1.22752
1.00356
1.00372
1.00656
0.974103
0.884867
0.879268
0.74824
0.55096
0.900453
0.7441
0.606461
0.42435
0.535236
0.633549
0.809008
0.870316
0.936676
0.720294
0.962178
0.904136
0.669727
0.583006
0.717805
0.63648
0.64835
0.715118
0.900769
0.837668
0.857493
0.867728
0.77808
0.845303
1.11371
1.13807
1.05518
0.645042
0.6197
0.563841
0.611095
0.521382
0.530385
0.541631
0.380178
0.301075
0.363152
0.359652
0.625554
0.872704
0.768606
0.40219
0.407234
0.691051
0.717581
0.697561
0.742895
0.684523
0.439959
0.615217
0.484948
0.475712
0.376254
0.358597
0.556279
0.552067
0.600155
0.72662
0.613521
0.455787
0.450626
0.445567
0.437421
0.461342
0.817955
0.734291
0.493156
0.589141
0.480405
0.816035
1.14243
1.07712
1.06789
1.00126
1.09517
0.835195
0.877148
0.823779
0.95647
1.15031
0.935263
1.04626
1.00869
1.30459
1.48397
1.48966
1.77928
1.30317
1.26839
1.15498
1.26286
1.15123
1.02051
0.957359
0.840906
0.59719
0.571941
0.63389
0.647304
0.304348
0.447647
0.336674
0.349254
0.621632
0.606127
0.724348
0.698442
0.707104
0.872639
0.980864
1.02129
1.0911
0.96795
0.911125
0.89905
0.830234
0.70272
0.856025
0.931964
0.705436
0.845535
1.0588
1.11887
1.24351
1.07452
1.06455
0.933813
0.950266
1.09696
1.09904
1.26604
1.26475
1.15646
1.11801
1.0242
0.991404
0.870873
0.905813
0.751765
0.871232
0.641643
0.660501
0.597837
0.406311
0.524672
0.638743
0.681713
0.485924
0.332291
0.523708
0.336921
0.194441
0.346601
0.603661
0.624414
0.591342
0.869472
0.639675
0.905931
0.620647
0.708303
0.694264
0.990469
1.09563
1.34926
1.17279
1.3005
1.48878
1.43889
1.43154
1.35505
1.35431
1.38309
1.3519
1.32337
1.162
1.25716
1.04441
1.02615
1.33618
1.34526
1.62025
1.63976
1.39645
1.84053
1.69558
2.17435
2.24148
2.10366
2.04276
2.14674
1.89945
1.79139
1.9298
1.71459
1.57944
1.81531
1.80475
1.44669
1.23186
1.43067
1.4152
1.02908
1.10455
1.08522
1.04505
0.812241
1.05147
0.721329
0.737476
1.0297
1.17877
1.07981
0.845617
1.08975
1.23391
1.41382
1.30282
1.25491
1.3417
1.34321
1.18098
1.25618
1.01075
0.903867
0.825368
0.448328
0.635656
0.432836
0.387196
0.436849
0.507648
0.682969
0.601554
0.601554
0.587427
0.393725
0.317959
0.240178
0.343061
0.49395
0.71633
0.976736
1.01505
1.37608
1.04846
1.07071
1.10206
1.10568
1.16867
1.08682
1.14062
0.966019
0.895661
0.904423
0.932896
0.885957
0.776119
0.943113
1.184
1.01846
0.94221
1.03818
0.854454
0.835858
0.897098
0.985181
1.10373
1.07072
1.2631
1.36118
1.32129
1.27218
1.69891
1.95916
1.96795
1.71751
1.97373
2.00675
1.91727
1.96471
1.63373
1.29668
1.10138
0.799862
0.67471
0.706264
0.692975
0.549485
0.841039
0.627146
0.330522
0.280338
0.137961
0.178257
0.419366
0.29889
0.324024
0.447927
0.496341
0.444945
0.271591
0.33696
0.239021
0.529447
0.720738
0.706036
0.345339
0.458493
0.453138
0.80695
0.948991
0.960181
0.950012
1.00019
1.08912
1.06398
0.991669
1.31361
1.40895
1.3328
1.41081
1.48469
1.42124
1.17443
1.23971
1.10568
1.3542
1.5678
1.67649
1.72033
1.8289
1.7349
1.5483
1.7483
2.14091
2.14324
2.29451
2.21118
2.48655
2.59762
2.57288
2.55691
2.55224
2.57962
2.52126
2.55462
2.38572
2.20666
1.8353
1.63896
1.47238
1.60194
1.54175
1.35023
1.39935
1.27234
1.28141
1.35104
1.13192
1.09514
0.967576
0.912493
0.938556
0.802012
0.77418
0.703771
0.645615
0.700676
0.841233
0.733256
0.879253
1.04056
0.94214
0.765096
0.881002
0.832465
0.739597
0.625941
0.990774
0.840332
0.927989
1.45851
1.53978
1.43587
1.32853
1.62403
1.81519
1.67632
1.28575
1.36093
1.6617
1.59932
1.83336
1.83998
2.23735
2.47246
2.34665
2.38606
2.15229
2.33529
2.23073
2.09138
2.29568
2.22604
2.54703
2.52589
2.55583
2.83853
2.69514
2.61158
2.66122
2.85517
3.07196
2.86859
2.91707
3.08093
3.29717
3.464
3.3862
3.34441
3.27227
3.34901
3.26752
3.2669
3.15632
2.9915
2.91861
2.79688
2.68326
2.62605
2.87218
2.70868
2.76648
2.5106
2.77137
2.8808
2.95899
2.9438
2.88628
3.00688
2.89812
2.82176
2.6927
2.88095
2.76521
2.43729
2.38434
2.19112
2.11373
1.88241
1.98496
1.78924
1.61298
1.57013
1.51873
1.7329
1.90611
1.73805
1.72452
1.33508
1.15773
1.09007
0.993573
1.01006
0.956796
1.08949
1.08692
1.02086
0.88121
0.835584
1.12933
1.26962
1.48494
1.72205
1.69734
1.81569
1.85466
1.84103
1.67117
1.66212
1.88857
1.99852
2.04803
1.79033
1.48785
1.40935
1.4099
1.43396
1.39604
1.34077
1.32103
1.04512
1.14415
1.21982
1.36606
1.18869
1.18906
1.28388
1.00989
1.14698
0.959654
0.948193
0.812858
0.999887
1.15515
1.17232
1.37399
1.39606
1.1964
1.40609
1.38104
1.30679
1.14439
1.04438
0.998892
1.1504
1.06356
1.31703
1.10399
1.06148
1.14507
0.912296
1.18048
1.4245
1.36226
1.26678
1.08184
1.31503
1.23429
1.15705
1.02374
1.15635
0.971978
0.880443
0.769753
0.812818
0.912583
1.0468
1.02592
0.916443
0.785705
0.681452
0.89276
0.658186
0.59294
0.625771
0.504183
0.480395
0.412216
0.282144
0.345439
0.639819
0.337993
0.381761
0.377424
0.495284
0.535559
0.417135
0.456119
0.434436
0.630875
0.556067
0.687422
0.749013
0.945559
0.784016
0.747847
0.755423
0.933249
1.23316
1.05006
1.0892
1.00309
0.74148
0.6628
0.533348
0.721728
0.900091
0.835651
0.97815
0.729794
0.730124
0.937332
0.942474
0.607788
0.737446
0.306837
0.26087
0.383994
0.724317
0.745916
0.584036
0.560141
0.839654
0.802243
0.764101
0.661356
0.785808
0.939897
1.0148
1.32928
1.46477
1.53713
1.44329
1.41564
1.30337
1.36798
1.26943
1.50563
1.59397
1.6871
1.69316
1.5874
1.56971
1.35601
1.15359
1.29299
1.30072
1.40478
1.31282
1.41755
1.55864
1.5307
1.80294
1.70256
1.64184
1.61295
1.83395
1.77829
1.72546
1.83951
1.96753
1.98449
2.07259
2.32612
2.47403
2.47039
2.69879
2.72049
2.77189
2.79772
2.97331
2.93257
2.71556
2.38571
1.91962
2.04051
1.99766
1.85037
2.06187
2.51557
2.6277
2.51202
2.46973
2.60232
2.58989
2.55705
2.64415
2.60582
2.76347
3.02202
3.17739
3.09429
2.91068
3.06077
3.34313
3.38939
3.21326
3.32608
3.35775
3.16955
3.33551
3.42442
3.37336
3.36324
3.35346
3.36443
3.09277
3.20897
3.20407
3.30847
3.33703
3.35975
3.61618
3.47459
3.85008
3.77155
3.5643
3.57556
3.61873
3.30116
3.3438
3.42064
3.0869
2.76532
2.93239
3.06233
2.91503
2.84149
2.75123
2.71396
2.45417
2.55289
2.53521
2.84979
2.43503
2.5111
2.24174
2.14671
2.47345
2.60573
2.56611
2.56172
2.75918
2.91135
3.24133
3.09129
2.79793
2.86082
2.72155
2.56274
2.78334
2.63771
2.71541
2.62719
2.49579
2.86958
2.9291
2.74853
2.74482
2.59986
2.78716
2.62126
2.46824
2.51948
2.70756
3.02663
3.10503
2.86173
2.79641
2.83943
2.93046
2.74643
2.9369
2.77644
3.16808
2.80814
2.789
2.77086
2.88917
2.92432
2.46634
2.27527
2.15541
2.1509
1.91178
1.92327
1.81343
1.96223
1.81634
1.7696
1.84435
1.57175
1.62005
1.71316
1.88455
2.12669
2.18999
2.36141
2.26978
2.22517
2.1072
2.41568
2.71344
2.70924
2.29326
2.51608
2.48956
2.51975
2.57018
2.57921
2.36982
2.13818
2.01714
2.07146
2.18003
1.82399
1.72367
1.7386
1.37272
1.37867
1.39167
1.37973
1.22795
1.41653
1.18617
1.38053
1.58989
1.60922
1.63302
1.43075
1.15828
1.44941
1.28783
1.10632
1.63434
1.70969
1.85878
1.64471
1.79991
1.44685
1.25896
1.18346
1.14596
1.20808
1.28611
1.36637
1.32488
1.5493
1.32326
1.49619
1.17734
1.07404
0.943831
1.08556
1.30357
1.26079
1.44543
1.3806
1.51624
1.34816
1.56314
1.77197
2.14581
2.08998
2.15307
2.29199
1.99719
2.24647
2.48513
2.63337
2.6777
2.48998
2.6496
2.55778
2.62073
2.51072
2.51829
2.2238
2.30553
2.1188
2.23099
2.31626
2.28732
2.41137
2.33805
2.46585
2.70498
2.72429
2.61255
2.75086
2.52989
2.70862
2.78401
2.48476
2.54196
2.55175
2.43364
2.58688
2.36849
2.42396
2.34336
2.40161
2.33415
2.27346
2.39521
2.32427
2.43808
2.3729
2.4713
2.67827
2.82445
2.86248
2.81032
2.62773
2.44583
2.33254
2.17304
1.82457
2.08223
2.0843
1.82108
1.96347
1.84668
2.1255
2.01289
2.03751
1.9022
1.89603
2.05197
2.00552
1.99767
2.01019
2.06468
2.29302
2.45599
2.20073
2.43485
2.49319
2.47929
2.57976
2.8965
3.03203
2.83819
2.7297
2.98737
3.33041
3.34655
3.43607
3.20573
2.77688
2.98617
2.67805
2.60384
2.52841
2.5665
2.41059
2.40291
2.51339
2.27459
2.18033
2.21355
2.1748
2.28724
2.52367
2.29171
2.46334
2.4899
2.39535
2.39093
2.32595
2.15386
2.00379
2.04562
2.12922
2.32054
2.21713
2.02809
2.01823
2.2208
2.24686
2.08538
2.10823
2.02684
2.21314
2.21343
1.95339
1.92924
1.8031
1.94727
2.09248
1.79709
1.84589
1.81456
1.64685
1.4984
1.6506
1.78212
1.83221
1.94772
1.97603
1.95661
1.97164
1.65198
1.73981
1.73336
1.84179
1.88406
2.03259
1.91801
1.87148
1.53967
1.26716
1.33704
1.33354
1.55003
1.562
1.80749
1.78748
1.835
1.82225
2.03544
2.02295
2.09978
1.62469
1.62545
1.58592
1.53967
1.80206
1.87828
1.9196
1.88203
1.64779
1.53152
1.47006
1.4658
1.30006
1.09793
1.37709
1.66293
1.37653
1.44991
1.50468
1.68349
1.59953
1.40968
1.39981
1.35018
1.25949
1.29106
1.45915
1.50715
1.27089
1.13588
1.08244
0.963212
1.02526
1.19931
1.35646
1.27413
1.22592
0.96985
1.22758
1.27387
1.28574
1.00957
0.703356
0.840205
0.597847
0.696377
0.7
0.873698
1.07981
1.25065
1.49727
1.54614
1.75109
1.68315
1.75667
1.74273
1.60928
1.48745
1.52843
1.58654
1.70688
1.57773
1.85467
1.80645
1.66277
1.48507
1.51208
1.45655
1.78554
2.00937
1.92261
1.85384
1.75327
1.8737
1.93379
1.56797
1.79271
1.7745
1.74756
1.54692
1.8597
1.97677
2.19494
1.9136
2.1279
1.86124
1.98238
2.00751
2.01176
2.09443
1.86949
1.98274
1.93638
2.29147
2.61073
2.19316
2.06577
2.21465
2.08799
1.91021
2.01817
2.2209
2.2331
2.16235
2.14556
1.86745
1.56993
1.4005
1.10501
1.21137
1.18698
1.11913
1.15308
1.17648
1.09099
1.09992
1.01359
0.93669
0.87664
0.952212
1.13031
1.17391
1.09902
1.01625
1.04499
1.28059
1.2044
1.24261
1.48985
1.17995
1.12428
1.13662
1.10098
0.826018
0.996235
0.916511
0.923884
0.834407
0.96721
0.74465
0.833104
0.797688
0.805086
0.64339
0.538246
0.67153
0.741099
0.779809
0.664188
0.529818
0.746773
1.0397
1.07084
0.93034
0.988034
1.03053
1.0721
0.827593
0.748899
0.699742
0.726692
0.695365
0.538723
0.449968
0.407232
0.477899
0.389604
0.50888
0.476121
0.370603
0.322456
0.338482
0.384124
0.391504
0.283095
0.145067
0.283408
0.472782
0.253742
0.067493
0.51612
0.528381
0.666941
0.618605
0.819383
0.727199
0.617986
0.554348
0.761577
0.866334
0.623496
0.971429
1.21668
1.12127
1.25975
1.07137
1.03078
1.13812
1.14371
0.854619
0.609808
0.60958
0.531425
0.654689
0.601902
0.406138
0.34205
0.120759
0.200416
0.435731
0.34485
0.367971
0.18346
0.15106
0.185007
0.195452
0.186084
0.284133
0.224035
0.234751
0.285532
0.130919
0.0931594
0.402289
0.514656
0.47239
0.3392
0.338283
0.353774
0.378967
0.511679
0.641043
0.702799
0.83926
0.706394
0.802155
1.01678
0.96723
0.966677
0.847739
0.896962
0.927462
1.13584
1.09204
0.861473
0.790639
1.01268
1.04713
0.682072
0.932092
1.15702
1.27766
1.02679
0.737075
0.788032
0.788462
0.819896
0.812466
0.558313
0.882948
0.761487
0.665209
0.598578
0.440014
0.440653
0.397448
0.308847
0.37926
0.536484
0.523734
0.553392
0.588085
0.8715
0.992712
1.07625
1.21076
1.0988
1.20602
0.754779
0.914541
0.8147
1.15623
1.35925
1.17048
1.18761
1.40552
1.27476
1.23356
1.24176
1.08831
1.24124
1.45154
1.34107
1.35357
1.45281
1.29399
1.5181
1.22481
1.03456
0.939955
0.836153
0.948935
1.01659
0.850802
0.943463
1.25292
1.09304
1.12294
1.1651
1.11903
1.27783
1.39428
1.11278
1.0838
1.03962
1.02208
0.781412
0.949461
1.00444
1.09143
1.12755
0.883074
0.669983
0.370225
0.493788
0.481918
0.403565
0.540983
0.542734
0.372733
0.373127
0.380528
0.189215
0.257663
0.204822
0.485913
0.277153
0.563863
0.631707
0.735349
0.612668
0.611557
0.52447
0.320975
0.573033
0.720516
0.700418
0.715383
0.72936
0.871683
0.79379
0.99437
0.666646
0.912576
0.814457
0.765304
0.650598
0.583106
0.779848
0.91909
0.698151
0.46594
0.599614
0.663658
0.621524
0.324239
0.513177
0.298701
0.695394
0.895998
0.62314
0.619617
0.703233
0.703593
0.602366
0.518438
0.651446
0.68397
0.537896
0.783663
0.535083
0.554788
0.50922
0.461362
0.395414
0.492027
0.514025
0.456055
0.153905
0.437347
0.593482
0.328521
0.610586
0.767992
0.926064
1.08708
0.972085
0.810194
0.782097
0.642317
0.596465
0.722169
0.590109
0.686568
0.648521
0.631609
0.37091
0.267825
0.563041
0.267082
0.369424
0.370676
0.552524
0.63443
0.480272
0.473962
0.338693
0.353901
0.212667
0.39294
0.335081
0.508134
0.168291
0.195978
0.385381
0.431071
0.411739
0.32723
0.347036
0.803667
0.780595
0.854561
0.95086
1.12809
0.527514
0.49769
0.492541
0.403643
0.338282
0.124658
0.0340741
0.655271
0.41953
0.390676
0.163023
0.108943
0.106193
0.280698
0.136959
0.375197
0.336375
0.240478
0.36067
0.249707
0.176916
0.294686
0.240476
0.296502
0.547393
0.617106
0.378959
0.473463
0.541979
0.411709
0.394768
0.231914
0.191021
0.350856
0.329199
0.366503
0.400233
0.417157
0.371709
0.134794
0.248093
0.1282
0.239078
0.38469
0.534332
0.599273
0.557635
0.447377
0.564629
0.492642
0.616777
0.57261
0.616173
0.379397
0.119816
0.330205
0.545977
0.904493
0.752447
0.772089
0.748699
0.889865
0.613068
0.881208
0.83596
0.874492
0.72719
0.610705
0.623253
0.853521
0.810363
1.01059
1.01749
1.00552
0.732361
0.433452
0.50025
0.573643
0.571582
0.345293
0.503077
0.419625
0.463532
0.474433
0.586269
0.468204
0.524654
0.538363
0.639745
0.501226
0.786622
0.893423
0.937479
0.875432
0.750703
0.908225
0.826946
0.933453
0.878041
0.805442
0.858435
0.766032
0.898421
0.743182
0.59183
0.274341
0.327989
0.423309
0.531419
0.387093
0.581601
0.834878
0.74678
0.763086
0.442125
0.219603
0.594748
0.354714
0.323868
0.226381
0.325383
0.683948
0.727658
0.713731
0.736307
0.909009
1.08046
0.999749
0.630982
0.616311
0.375694
0.68886
0.371654
0.459161
0.259697
0.174766
0.280032
0.0953793
0.334076
0.37457
0.678763
0.500657
0.628264
0.439397
0.556541
0.532229
0.688435
0.924741
0.95393
0.808883
0.885739
0.944167
1.00477
1.11706
1.03372
1.16426
1.22741
1.33391
1.15241
1.30289
1.73747
1.39289
1.29779
1.25341
1.17899
1.15621
1.33379
1.58303
1.67228
1.83246
2.1104
1.78314
1.577
1.70338
1.65914
1.70007
1.57159
1.42037
1.57245
1.61905
1.56885
1.80244
1.66599
1.56885
1.4928
1.50499
1.75895
1.36914
1.69806
1.66485
1.77751
1.65931
1.66977
1.81552
2.22197
2.00494
1.92544
1.9046
1.75666
2.03887
2.20509
2.13825
2.10925
2.05188
2.0954
2.03381
2.43859
2.29353
2.41343
2.53475
2.49948
2.48678
2.49168
2.44641
2.56599
2.72775
2.68081
2.89046
2.85831
2.80357
2.69808
2.67935
2.68518
2.61895
2.47861
2.35344
2.25889
2.27269
2.28736
2.44398
2.16744
2.09423
2.0161
1.88076
1.59126
1.63187
2.04703
1.95658
2.12881
2.04704
2.14915
2.13966
2.01844
1.90359
1.80626
1.88506
1.83857
1.55285
1.48585
1.35455
1.42597
1.59897
1.55422
1.5943
1.63287
1.54332
1.54311
1.62434
1.6261
1.61093
1.58005
1.57578
1.69202
1.83347
1.79748
1.46267
1.57389
1.53918
1.66816
1.64915
1.47197
1.67235
1.67366
1.70925
1.57377
1.704
1.71643
1.62573
1.60589
1.67224
1.51892
1.48357
1.34609
1.41969
1.21107
1.14807
1.27893
1.17181
1.11949
1.08602
1.20336
1.0416
1.01199
0.99066
1.05858
1.18829
1.08018
1.01434
1.04863
1.20608
1.14059
1.14251
1.00424
1.07267
1.23338
1.15139
1.12546
1.03749
0.896691
1.07454
1.16623
1.26198
1.17124
1.2549
1.25151
1.05403
1.00208
1.23111
0.963424
0.918734
1.16248
1.30834
1.36456
1.38059
1.22918
0.880776
1.10959
1.31096
1.27418
1.48263
1.42086
1.49571
1.78838
1.96641
1.70834
1.39211
1.29699
1.20241
1.25704
1.23134
1.215
1.076
0.982019
0.768206
0.97337
0.779703
0.913017
0.679906
0.603371
0.593139
0.659615
0.686897
0.827308
0.874333
1.04864
1.14426
1.15517
1.15643
1.14565
1.05501
1.00957
1.0212
0.629937
0.816994
1.03753
1.15492
1.29217
0.889455
1
0.779147
0.56153
0.526137
0.596848
0.489161
0.597709
0.770471
0.864435
0.954824
1.24751
1.3595
1.17041
1.29384
1.28841
1.43497
1.42916
1.25077
1.13826
1.16706
1.06235
1.57559
1.54542
1.34631
1.43614
1.41688
1.34187
1.66163
1.69505
1.54691
1.52045
1.61928
1.55411
1.49007
1.48705
1.28688
1.14485
1.24913
1.32114
1.37078
1.32348
1.15845
0.986476
0.911604
0.91121
0.961865
0.878466
0.971631
0.79487
0.798762
0.914555
0.775743
0.68326
0.782507
0.674856
0.686263
0.804997
1.24519
1.22855
1.22023
1.19564
1.27401
1.3287
1.29428
1.41105
1.32492
1.26745
1.47355
1.30305
1.12105
0.95746
0.861371
1.17214
1.29472
1.17796
1.21995
1.23313
1.29837
1.46359
1.47245
1.69706
1.79272
1.69968
1.67211
1.51678
1.24144
1.22827
1.38051
1.35816
1.34958
1.07828
0.955279
0.887802
1.09841
0.886829
0.8832
0.840431
0.932599
0.755209
0.743275
0.957317
0.901533
1.19845
1.24582
1.24925
1.23445
1.30644
1.38114
1.17545
1.26804
1.22848
1.13255
1.27609
1.37351
1.28547
1.24908
1.18154
1.25428
1.29994
1.3458
1.33371
1.46282
1.51547
1.57818
1.79069
1.59947
1.58529
1.84685
1.9077
1.82165
1.81819
1.78233
1.727
1.7053
1.81109
1.53686
1.14496
1.39731
1.47989
1.17877
1.19596
1.25459
1.12405
1.02752
1.25793
1.34206
1.38139
1.56776
1.72873
1.60014
1.62325
1.31717
1.19043
1.29314
1.21722
1.19222
1.32406
1.11827
1.18424
0.962819
1.2572
0.930859
0.946822
0.861907
0.764827
0.832974
0.7268
0.776275
0.777799
0.860887
0.914649
0.842768
0.613504
0.850922
0.738431
0.881599
0.871057
0.893429
0.958904
0.768371
0.811547
0.801089
0.725687
0.562656
0.845748
0.975948
0.835765
0.85927
0.992949
1.22031
0.874286
0.595123
0.927724
1.08262
1.25206
1.45532
1.15109
1.15242
1.43396
1.12499
1.16816
1.261
1.34065
1.45588
1.53285
1.70737
1.64448
1.42522
1.51586
1.68048
1.54198
1.63661
1.44199
1.28484
1.55716
1.41658
1.59245
1.46016
1.5414
1.3071
1.27097
1.40813
1.47526
1.42732
1.4198
1.42705
1.15822
1.45239
1.27427
1.53013
1.27758
0.982312
1.15855
1.14833
1.14749
1.02661
1.04307
1.23062
1.22758
1.22001
