4.00089
4.10528
3.94053
3.97137
4.44595
4.4762
4.74524
4.67496
4.4455
4.69296
4.52669
4.74427
4.37683
4.0834
3.94437
3.90898
4.00363
3.62436
3.63841
3.77795
3.60856
3.32242
3.23666
3.20069
3.19382
3.19495
3.3024
3.37319
3.31622
3.60882
3.57206
3.50606
3.73989
3.68156
3.4752
3.51984
3.51742
3.66167
3.79987
3.85949
3.61064
3.76012
3.56439
3.19356
3.21725
2.99209
2.87619
2.74377
2.83326
2.94417
3.08537
3.27761
3.46912
3.38559
3.36558
3.0937
2.98671
3.01742
3.07367
2.81335
2.93984
2.86206
2.74424
3.08507
3.28698
3.15164
3.21987
2.98987
3.05063
2.91639
3.43914
3.4907
3.57071
3.66605
3.53484
3.22151
3.43497
3.30517
3.39828
3.6974
3.63037
3.67931
3.61153
3.81409
3.622
3.50903
3.66851
3.71316
3.33385
3.49108
3.45648
3.75283
3.63224
3.62412
3.46071
3.63208
3.2889
2.92333
2.95575
2.80113
2.93877
3.01777
2.80165
2.68795
2.62655
2.64756
2.65008
2.4339
2.48574
2.58581
2.4221
2.48871
2.56172
2.59209
2.5047
2.40605
2.22513
2.39414
2.38526
2.66447
2.14348
2.05804
2.28735
2.435
2.53936
2.54562
2.52054
2.5566
2.73588
2.73075
2.92613
3.01925
2.88469
2.65216
2.6772
2.84582
2.79586
2.69413
2.55746
2.54713
2.72677
2.46221
2.37583
2.11379
2.17585
2.33863
2.35982
2.17398
2.20074
2.27718
1.85173
1.93523
2.04343
2.2193
2.10023
2.28112
2.18383
2.2439
2.15601
1.92632
1.8057
1.85709
1.87327
1.84431
1.62772
1.5177
1.42762
1.49357
1.71293
1.79343
1.91822
1.79404
1.76993
1.5793
1.69724
1.85844
1.72105
1.6645
1.53063
1.68274
1.78618
1.67352
1.86462
1.95498
2.04691
2.15603
1.85741
1.79258
1.91217
1.79381
1.74464
1.63738
1.44696
1.50974
1.63495
1.82186
1.7157
2.06979
2.43608
2.51054
2.38578
2.11004
2.07644
1.98364
1.96371
1.79224
1.90941
1.94682
1.85537
1.82485
1.33795
1.52747
1.60111
1.73656
2.13288
2.20591
2.26523
2.2058
2.15778
2.36081
2.16307
2.11914
2.26679
2.36227
2.19763
2.20964
2.2574
2.07625
1.64203
2.0598
1.80883
1.91267
1.66868
1.84607
1.76474
1.67054
1.47122
1.55564
1.53815
1.5481
1.59041
1.68019
1.7567
1.46549
1.72758
1.67757
1.502
1.33053
1.69943
1.50981
1.55739
1.3776
1.42847
1.32573
1.23259
1.30639
1.34985
1.54027
1.35562
1.04785
0.87627
0.997576
1.38475
1.2431
1.13414
1.03976
0.833978
0.607117
0.541047
0.416056
0.415326
0.371714
0.249036
0.257483
0.281346
0.605602
0.700921
0.671508
0.491065
0.72281
0.870488
0.781608
0.926344
0.830206
0.891283
0.507696
0.84393
0.790028
0.737919
0.794778
0.603431
0.748748
1.17412
1.11733
0.924922
0.604053
0.469471
0.37336
0.182673
0.394183
0.407941
0.27093
0.549774
0.491321
0.361811
0.58969
0.787599
0.730973
0.833633
0.700042
0.585909
0.73403
1.01817
1.3912
1.15764
0.930593
1.19493
1.42981
1.48872
1.66993
1.77245
1.76227
1.83682
1.87481
1.68811
1.86988
1.93881
1.83919
2.25105
1.99152
1.83757
1.70985
1.42696
1.73528
1.53522
1.98824
1.8728
2.09157
2.02671
1.84104
1.51849
1.34717
1.17965
1.02413
1.22954
1.23217
1.23323
1.11441
1.40643
1.38299
1.25406
0.943605
0.925622
0.941634
1.23953
1.01944
1.21607
1.12168
1.16744
1.35838
1.37328
1.41264
1.36808
1.10436
1.25234
1.38647
1.37338
1.39862
1.35406
1.38801
1.46923
1.60429
1.79215
1.6721
1.65884
1.84446
1.97281
1.87259
1.91864
2.04394
1.76095
2.11641
2.09398
1.97577
1.88341
2.16636
2.03673
1.88583
1.78061
1.61361
1.48787
1.44959
1.24966
1.30508
1.21933
1.51121
1.443
1.34415
1.27059
1.5969
1.62488
1.56205
1.38837
1.39965
1.42032
0.908569
1.10703
0.906275
1.09397
0.898079
1.21012
1.31844
1.47647
1.76464
1.97058
1.94092
1.98314
1.53047
1.56982
1.71547
1.87368
1.7812
1.43929
1.37836
1.64805
1.44752
1.67943
1.62747
1.29917
1.1952
1.36491
1.19145
1.35403
1.313
1.09564
1.06257
1.1651
1.13836
0.992375
1.11063
1.06489
1.06667
1.35809
1.68636
1.70452
1.51423
1.59542
1.78852
1.95654
1.91364
2.11808
2.37035
2.63793
2.79806
2.78289
3.08537
3.11677
2.96076
2.85494
2.70639
2.50219
2.58733
2.36928
2.39103
2.47251
2.54233
2.66727
2.66138
2.87393
2.84912
3.13354
3.01716
2.88794
3.08124
3.17913
3.04989
3.17084
3.11501
3.11937
2.97553
3.07939
3.13234
3.13381
3.14466
2.89163
3.13168
3.25588
3.06533
2.90162
2.96089
3.01245
3.18429
3.396
3.31922
3.48327
3.85745
3.79888
3.85351
3.73163
3.91545
3.89449
3.75487
3.60888
3.65919
3.70407
3.68506
3.67725
3.54008
3.51308
3.58063
3.45829
2.95009
2.64606
2.78572
3.22001
3.06341
2.7901
2.70409
2.72415
2.66428
2.72947
2.60808
2.38656
2.68427
2.71539
2.78056
2.92439
2.67441
2.87417
3.06817
2.95324
3.03503
2.83262
2.58732
2.66158
2.73619
2.57332
2.79343
2.96681
2.9307
2.84465
2.85892
2.76001
2.76654
2.70735
2.60899
2.47607
2.33335
2.43393
2.3012
2.30256
2.30349
2.27204
2.09973
2.21699
2.04914
2.01697
1.88744
1.9356
1.93047
2.01414
2.04515
1.91694
2.06103
2.01999
1.89701
1.94625
2.01709
2.15742
2.23411
2.39282
2.54809
2.7868
3.11463
3.29188
3.47924
3.69075
3.65214
3.59252
3.86694
3.81518
3.91372
4.00383
4.26514
4.23498
4.28558
4.21257
4.28104
4.31948
4.17794
4.19748
4.1926
4.16191
4.01184
3.82419
4.07446
3.77683
3.4702
3.51397
3.5529
3.75829
3.55879
3.23289
3.01384
3.38174
3.41857
3.53754
3.63836
3.99898
4.25728
3.91989
3.75864
3.82347
3.74585
3.81567
3.69126
3.5556
3.78003
3.95699
3.90741
3.97853
3.58157
3.71143
3.6941
3.73469
3.87623
3.60633
3.46553
3.56748
3.54988
3.57161
3.72164
3.62539
3.53868
3.50548
3.44547
3.64821
3.58338
3.61552
3.69521
3.69206
3.4802
3.45263
3.29172
3.26253
3.36831
3.5326
3.54058
3.49939
3.56429
3.36911
3.4845
3.75112
3.93853
3.89775
3.86878
3.81496
3.88537
3.72753
3.77359
3.58548
3.70967
3.71749
3.74276
3.69922
3.19489
3.35305
3.27595
3.40853
3.04014
3.14262
3.07696
2.64057
2.5314
2.5751
2.82202
2.7512
2.84252
2.66701
2.5473
2.69093
2.78759
2.68933
2.71551
2.90138
3.02172
2.87798
2.91552
2.8586
2.47624
1.98087
1.84028
1.96217
2.14853
2.4148
2.57423
2.19849
2.52876
2.74176
2.61973
2.90238
2.59214
2.76988
2.4528
2.67613
2.75249
2.91906
2.92639
2.80411
2.66334
2.54962
2.7458
3.04181
3.20545
3.2392
2.97884
2.69855
2.57911
2.56357
2.51834
2.27306
2.35452
2.2045
2.21161
2.31881
2.28626
2.07368
1.86047
1.98748
1.9301
2.15987
2.17549
2.11425
1.85321
2.16018
2.22237
2.20871
2.07775
2.22669
2.12682
2.14728
2.19116
2.4273
2.67205
2.57778
2.18497
2.11396
2.07753
1.96419
1.79753
1.76429
1.94887
1.99677
2.04155
2.0596
2.10113
2.2682
2.01078
1.73174
1.72771
1.8233
1.65986
1.65051
1.84974
2.01658
1.96807
2.07186
2.07038
2.48628
2.56308
2.50859
2.42243
2.33865
2.3166
2.01263
2.06657
2.1158
2.10647
2.32938
2.04292
2.00092
1.85407
1.79421
1.89339
2.19934
2.39961
2.16497
2.21423
2.24357
2.46787
2.26566
2.5
2.71775
2.84992
2.89993
2.97663
3.1799
3.39774
3.201
3.4236
3.66722
3.59809
3.52501
3.59298
3.49712
3.39285
3.44033
3.18145
3.16973
3.1432
3.51901
2.97446
3.02968
2.90939
2.97136
3.30675
3.1274
3.22126
3.30714
3.09918
3.156
3.0461
3.1374
3.20372
3.42344
3.36055
3.42599
3.33655
2.80326
3.2805
3.23378
3.24348
3.47593
3.28402
3.61748
3.39185
3.24405
2.97527
2.70118
2.93168
3.05138
3.27388
2.86647
3.20278
3.06748
3.00942
3.14312
3.01905
3.48579
3.69618
3.61512
3.90597
3.75607
3.24376
3.02929
3.11638
2.56502
2.33348
2.37327
2.2365
2.20701
2.16888
1.88842
2.13385
1.88986
1.87152
1.98335
2.0873
2.00131
1.70138
1.63706
1.56127
1.44715
1.74997
1.77083
1.73637
1.80421
1.70193
1.64141
1.3347
1.38954
1.26686
1.41202
1.55991
1.73784
1.53189
1.41503
1.26341
1.08169
0.907006
1.1349
1.28081
1.60392
1.483
1.55843
1.65003
2.00627
2.20338
2.07286
2.02578
1.71342
2.04625
2.01065
2.12469
2.09037
2.41167
2.1259
1.99438
2.19428
2.29674
2.29353
2.11303
2.09544
1.76582
1.73262
1.76812
1.78905
1.93661
1.58651
1.87094
1.824
2.17173
2.54488
2.24202
2.1186
2.50552
2.51376
2.5244
2.83383
3.09786
3.05173
3.4281
3.35343
3.4255
3.75192
3.79093
3.83478
3.72061
3.66346
3.45697
3.34259
3.31652
3.04766
2.79511
2.6776
2.61265
2.7506
2.68304
2.308
2.33019
1.96207
1.79012
1.52627
1.83529
1.57429
1.43567
1.44705
1.48735
1.58424
1.62931
1.66542
1.43005
1.597
1.61992
1.75186
1.81376
1.84862
1.803
1.73006
1.88704
1.93778
2.20026
2.32466
2.22815
2.07837
1.95713
1.84205
1.81736
1.93168
2.00725
1.96333
1.80219
1.86589
1.83987
2.04951
2.005
2.20653
2.72238
2.97676
2.71319
2.24973
2.19017
2.13839
2.05263
1.60624
1.26005
1.22611
1.1681
1.17949
1.05553
1.35887
1.41613
1.90388
1.75465
1.83504
1.73214
1.81538
1.78219
1.82782
1.90964
1.78463
2.21896
2.30645
2.27549
2.31618
2.41594
2.83034
2.68815
2.45383
2.30959
2.52807
2.83863
2.93999
2.67288
2.63932
2.72906
2.62346
2.69768
2.39782
2.23538
2.26367
2.20617
2.18297
2.36005
2.17229
2.2083
2.25207
2.39767
2.27137
2.09898
2.25764
2.32042
2.64474
2.53751
2.87812
2.70639
2.7502
3.08774
3.05026
3.13556
3.28898
3.44023
3.55899
3.76415
3.47577
3.40074
3.35015
3.29374
3.19597
3.19794
3.15374
2.99495
3.27371
3.20042
3.21964
3.66242
3.4926
3.46669
3.31594
3.42758
3.64184
3.64057
3.63063
3.65344
3.62326
3.22884
2.99482
3.00151
2.77491
2.79302
2.95387
2.70741
2.68668
3.1583
2.91715
2.98273
2.45577
2.5632
2.64352
2.81432
2.62111
2.84851
3.28905
3.14087
2.7108
2.57745
2.65291
2.68693
2.76225
2.507
2.64309
2.74728
2.86333
2.69206
2.3279
2.51517
2.52065
2.63103
2.58152
2.88675
2.79176
2.77733
3.09143
3.14504
3.22428
3.20833
3.23968
3.17754
3.18139
3.01565
2.84648
2.87659
2.77177
2.76366
2.86752
2.94981
2.85614
3.05312
3.0217
3.10089
2.88548
3.38488
3.20833
3.09994
2.99152
2.83525
2.81454
3.09908
3.11727
3.09638
2.97284
2.83072
2.77192
2.80573
2.71137
2.83753
2.90377
2.83441
2.71807
2.62952
2.93808
3.03101
2.85473
2.68
2.4381
2.35056
2.21329
2.3035
2.19477
2.1914
2.06876
2.29219
2.29372
2.09122
2.13555
2.22789
2.12535
2.15549
2.01206
2.23213
2.07565
2.00155
2.01629
2.10784
2.0857
1.9531
1.8162
1.70556
1.7546
2.12398
2.42976
2.30634
2.28044
2.00173
1.95584
1.86322
1.84199
1.75134
1.89056
2.05959
2.15405
2.42294
2.30582
2.22646
2.37836
2.31986
2.28782
2.34154
2.11622
2.17722
2.12432
2.27156
2.49768
2.57608
2.69975
2.72939
2.49644
2.31017
1.9567
1.93919
1.78046
1.64188
1.36894
1.04868
0.949086
0.894707
1.10722
1.16333
1.00851
1.09255
1.26985
1.32422
1.37622
1.37215
1.57708
1.32286
1.51917
1.80252
2.10187
1.92597
2.22031
2.35052
2.45763
2.4996
2.48291
2.3311
2.59105
2.75433
2.89761
2.72304
2.89566
2.46936
2.23303
2.14735
2.33441
2.52677
2.39916
2.36429
2.4798
2.67901
2.63695
2.67352
2.61025
2.52366
2.46137
2.56178
2.27662
2.55499
2.57511
2.63281
2.83615
2.65149
2.71921
2.68504
2.8434
2.7725
2.78243
2.73499
2.75366
2.75751
2.99249
3.07044
2.8198
2.84304
2.57536
2.7526
2.66026
2.60076
2.60172
2.71685
2.64388
2.71394
2.77938
2.48566
2.28555
2.24527
2.16617
2.40731
2.66072
2.65003
2.86403
3.01474
2.81953
2.86402
2.46069
2.41032
2.63008
2.68069
2.51181
2.4746
2.49193
2.43027
2.44179
2.56485
2.61909
2.5346
2.45795
2.21015
2.2227
2.40786
2.82843
2.51577
2.41421
2.19442
2.19891
2.09134
2.13735
2.13909
2.09176
1.84289
2.1556
2.13043
1.93952
2.13218
2.41911
2.54395
2.59973
2.45942
2.28116
2.51852
2.63659
2.51788
2.57896
2.48261
2.49979
2.45061
2.49858
2.36322
2.2735
2.49261
2.21211
2.24393
2.2333
2.39667
2.50971
2.95342
2.68004
2.59192
2.70968
2.51167
2.39252
2.75188
2.37442
2.05953
2.06641
1.99081
1.52604
1.32653
1.31778
1.41873
1.11576
1.11576
1.22154
1.12177
0.9249
0.789128
0.868133
0.766551
0.734183
0.947629
0.673417
0.38623
0.364117
0.394518
0.581827
0.768024
0.303039
0.072111
0.0744716
0.0977447
0.0509276
0.39726
0.422679
0.252459
0.491655
0.281964
0.486657
0.245239
0.280642
0.566998
0.474393
0.501136
0.622046
0.896976
0.676702
0.611128
0.412178
0.523517
0.450914
0.440096
0.432769
0.652138
0.447156
0.400249
0.477538
0.469283
0.745458
0.624392
0.701736
0.236582
0.163415
0.317352
0.546434
0.664445
0.669001
0.615743
0.317589
0.572884
0.634712
0.252811
0.274531
0.2058
0.634387
0.443064
0.241534
0.2933
0.692806
0.628407
0.804551
1.02684
1.06171
1.34781
1.37357
1.52755
1.63359
1.81798
1.69994
1.83619
1.81209
1.33165
1.17108
1.29308
0.97659
0.858843
0.541449
0.436855
0.680883
0.616732
0.420725
0.634157
0.708829
0.573557
0.86278
0.989759
1.04457
0.972879
0.915484
0.891718
0.594649
0.775569
0.496044
0.457132
0.546915
0.350756
0.445768
0.544909
0.719116
0.993198
1.20685
1.40006
1.80578
1.95083
1.8941
1.59494
1.46699
1.49957
1.35889
1.24166
1.24899
1.3962
1.43288
1.33532
1.42376
1.65117
1.83185
1.96144
2.052
2.4905
2.47478
2.41027
2.32863
2.2971
2.08101
1.66594
1.42167
1.50976
1.31328
1.37469
1.31533
1.24907
1.33251
1.23522
1.37402
1.4685
1.50168
1.86502
1.85983
1.65886
1.50323
1.56975
1.23437
1.45269
1.42657
1.30474
1.1906
1.35382
1.34141
1.25542
1.09154
0.625482
0.667307
0.721235
0.559286
0.688677
0.813288
0.8676
0.845744
0.581378
0.626536
0.441955
0.348436
0.338451
0.154204
0.233638
0.0418177
0.163419
0.281663
0.0573871
0.146033
0.220997
0.445779
0.291298
0.210708
0.292523
0.0908727
0.368054
0.467294
0.403781
0.476278
0.505843
0.676136
0.811885
0.908794
0.803507
0.839343
1.00379
0.896241
1.00199
0.901876
0.910561
0.937523
0.807307
0.868327
0.722421
0.652064
0.666708
0.856985
0.720273
0.760944
1.09059
1.53936
1.31644
1.37288
1.28848
1.32047
1.05102
1.05102
1.01665
1.27251
1.35748
1.41842
1.35273
1.61632
1.18227
1.27739
0.944198
1.45279
1.24044
1.24318
1.25503
1.28773
0.794281
0.956017
1.19926
1.60868
1.93386
1.92085
1.88219
1.79982
1.81509
1.99593
1.83593
1.83074
2.0401
1.91825
1.74307
2.01281
2.01701
2.41649
2.516
2.37873
2.21038
1.95017
1.92356
2.20128
2.10337
2.16703
1.75483
1.98968
1.76512
1.83353
1.74092
1.51426
1.49669
1.41213
1.53295
1.55182
1.45172
1.51602
1.40495
1.63744
1.00687
0.963679
0.994009
1.09724
1.10609
1.05533
1.0078
0.996101
0.806636
0.697584
0.798535
0.875102
1.13402
1.1773
1.25803
1.28207
1.38726
1.5918
1.67299
1.60543
1.45208
1.66851
1.79214
1.93101
1.94483
2.01786
1.74384
1.75722
2.04254
2.06319
1.90623
1.93823
1.98762
2.00007
2.01705
2.16176
2.31512
2.45613
2.34809
2.41382
2.60398
2.61168
2.42708
2.35731
2.1752
2.18915
2.06342
1.84449
1.91556
2.12668
2.26016
1.99919
2.10183
2.20428
2.32857
2.27063
1.94371
1.86834
1.6948
1.64837
1.39829
1.2807
1.39898
1.4088
1.09025
1.26996
1.29049
1.45773
1.3196
1.42658
1.39041
1.50232
1.33913
1.15909
1.22465
1.30134
1.2459
1.64904
1.97487
1.89267
1.9972
2.1255
2.27031
2.15699
2.27513
2.01545
2.04668
2.19228
1.99902
2.0118
2.05304
2.09895
1.84902
1.77424
1.8717
1.80123
1.60633
1.69032
1.69393
1.61214
1.61559
1.76457
1.55495
1.77451
1.61637
1.53847
1.36779
1.38792
1.19897
1.18724
1.1386
1.06956
1.17815
1.41881
1.2508
1.25156
1.24633
1.37108
1.34726
1.47224
1.46758
1.5533
1.33372
1.34793
1.5484
1.6182
1.67075
1.911
1.64316
1.58724
1.68742
1.67367
1.73163
1.84174
2.04201
2.33402
2.32142
2.63616
2.79001
2.85891
2.81697
2.24807
2.31781
2.14227
2.07634
2.15025
2.36971
1.96757
1.69147
1.87476
1.83301
1.76716
1.8554
1.63833
1.70428
1.72102
1.76217
1.59707
1.87973
1.98848
1.96719
1.90813
1.94809
2.09047
2.28085
2.28167
2.23296
2.27239
2.4339
2.66882
2.83421
2.82455
3.00025
3.01791
3.23902
3.08494
3.34487
3.35672
3.41465
3.42268
3.39288
3.50121
3.39928
3.26579
3.48462
3.35884
3.18138
3.02368
3.06103
3.32726
3.20467
3.20181
3.3622
3.60654
3.49463
3.46885
3.59457
3.49373
3.57015
3.63017
3.82459
3.82701
4.00372
4.08189
3.86792
3.71171
3.41304
2.87295
3.09496
2.83915
2.64958
2.60444
2.51767
2.51728
2.43167
2.39621
2.64733
2.50195
2.61064
2.43174
2.28628
2.33999
2.72645
2.69342
2.59589
2.56367
2.42333
2.31048
2.45099
2.80713
2.65476
2.05304
2.25306
2.00032
1.79314
1.60241
1.63405
1.79441
1.77329
2.17639
1.86865
1.79262
1.54894
1.35802
1.20038
1.71944
1.94091
1.99523
2.24465
2.03351
2.36713
2.56648
2.44582
2.65472
2.46472
2.83647
2.66081
2.69506
2.72075
2.42988
2.82393
2.85311
2.97464
3.00163
3.30128
2.85679
2.33368
2.62151
2.90922
2.78813
2.85797
2.73386
2.82064
2.40282
2.90754
2.98965
2.91662
2.54563
2.9802
2.65524
2.52904
2.46107
2.30238
2.46763
2.34403
2.605
2.28057
2.688
2.5213
2.69744
2.60909
2.72515
2.69694
2.39899
2.19467
2.2976
2.54477
2.59344
2.63847
2.95767
2.95856
2.97897
3.105
2.81539
3.12565
3.26426
3.44158
3.70607
3.34553
3.47699
3.85825
3.88672
4.05543
3.69386
3.95563
4.00358
3.91816
3.88877
4.05773
3.96945
3.84006
4.09246
4.10455
4.19788
4.10012
4.2494
4.17467
4.26049
4.17509
3.72188
3.84724
3.74025
3.34151
3.42717
3.59171
3.5972
3.52131
3.45565
3.67352
4.12824
4.01886
4.01795
3.8242
4.04078
4.36947
4.2486
4.27996
4.29001
4.44802
4.66798
4.77936
4.78915
4.72977
4.72364
4.5193
4.44989
4.31425
4.45283
4.39939
4.44389
4.26589
3.93798
3.55904
3.54857
3.59178
3.37023
3.31465
3.35329
3.1432
2.90779
2.71093
2.619
2.63042
2.71352
2.94914
2.89399
2.83625
2.47421
2.62075
2.47311
2.90054
2.76016
3.20981
3.05811
3.28534
3.10929
2.9031
2.9328
2.60942
2.66877
2.45392
2.09568
2.12049
2.02517
2.16745
2.30268
2.27801
2.58583
2.5612
2.7322
2.49646
2.45386
2.35469
2.47299
2.12932
2.01033
1.91331
2.22753
2.056
1.9439
1.96891
1.72728
1.33843
1.26699
1.43322
1.34167
1.2372
1.21218
1.50605
1.49131
1.7781
1.61246
1.66759
1.64643
1.93272
2.03212
2.4899
2.35174
2.15764
2.24226
2.19162
2.44298
2.14922
2.18526
2.06182
2.04042
1.89542
1.95108
2.03222
2.251
2.39326
2.38521
2.0599
2.09935
1.84238
1.81483
1.7329
1.83186
1.94709
1.68673
2.02528
2.22294
1.96548
1.81455
1.80754
1.86925
1.82348
1.91133
1.95806
2.22414
2.60929
2.49163
2.40424
2.15814
2.11241
2.09126
2.08874
2.01159
1.82478
1.73604
1.59471
1.46124
1.47911
1.6158
1.66117
1.81474
1.77514
1.68014
1.64089
1.58484
1.5545
1.78764
1.75972
1.76239
1.55425
1.78493
1.57172
1.55874
1.74308
1.81264
1.75733
1.68163
1.25227
1.234
1.41363
1.43899
1.39025
1.10728
1.12434
1.16069
1.26581
1.48424
1.39159
1.25707
1.18571
1.02578
1.2296
1.21886
1.06311
1.20522
1.23847
1.26554
1.17596
1.48078
1.63026
1.92507
1.56404
1.51304
1.3783
1.4415
1.06475
1.14441
0.899292
0.996617
1.10084
1.0878
1.36313
1.37799
1.27872
1.31587
1.36077
1.19581
1.09555
1.31472
1.38802
1.30467
1.18308
0.834688
0.795318
0.576697
0.546891
0.287548
0.370259
0.333808
0.4341
0.231489
0.237919
0.469483
0.421725
0.435397
0.69287
0.649463
0.578679
0.474605
0.606456
0.480769
0.739302
0.894373
1.05595
1.06769
1.07416
1.11706
1.09492
0.883838
1.10228
1.1243
1.33773
1.22268
1.0971
1.054
0.913875
0.998586
1.00387
0.919422
0.81787
0.806892
1.01091
1.04888
0.946625
0.93507
1.0112
0.879404
0.810669
0.865597
0.84335
1.37379
1.11251
0.955637
1.07482
1.05468
1.20204
1.22404
1.35493
1.44506
1.49569
1.36785
1.52154
1.18137
1.22168
1.13784
1.0624
1.20274
1.57237
1.43053
1.81204
1.82021
2.02911
1.95253
2.13433
1.95819
1.80215
1.80796
1.82831
1.75167
1.84361
1.75646
1.60229
1.53304
1.6651
1.70476
1.5054
1.56437
1.83354
1.96916
1.63987
1.37573
1.2967
1.16639
1.27879
1.30721
1.14534
1.34577
1.11383
0.852657
0.691413
0.41949
0.375796
0.439279
0.442296
0.529781
0.521503
0.817955
0.80236
0.826465
0.706264
0.546058
0.415389
0.692132
0.917718
0.99657
1.14897
0.983044
0.775232
1.14471
1.16173
1.15966
1.27146
1.53522
1.63302
1.52261
1.5152
1.5947
1.64612
1.73367
1.60026
1.50715
1.38347
1.21102
1.00574
1.02249
1.33522
1.41907
1.43305
1.49383
1.41509
1.27313
1.52954
1.39389
0.917159
0.881613
0.602057
0.453778
0.973764
0.940574
0.753626
0.687102
0.556746
0.729393
0.739051
0.684053
0.739733
0.765617
0.734364
0.810443
0.869648
0.938798
0.7203
0.745997
0.55009
0.417384
0.550312
0.474481
0.712227
0.594108
0.657135
0.583955
0.630207
0.584906
0.653784
0.728891
0.851327
0.889998
0.962963
0.941824
0.980959
1.08684
0.715574
0.996424
1.12782
1.19117
1.28748
1.13828
1.3606
1.3006
0.990116
0.895686
1.0005
0.841878
0.82893
0.641412
0.695344
0.576314
0.623276
0.5873
1.05344
1.26285
1.0919
0.983463
0.985222
0.885973
0.897796
0.752834
0.658573
0.824173
0.7288
0.828423
0.663668
0.528716
0.454468
0.605544
0.864064
0.526047
0.444444
0.389434
0.628812
0.73995
0.257344
0.30378
0.0724013
0.349424
0.305779
0.278394
0.065724
0.114768
0.167907
0.0807075
0.492611
0.368472
0.466799
0.600291
0.707711
0.694673
0.632807
0.597442
0.778787
0.986938
1.08306
0.965317
1.06435
0.982764
1.12032
1.26718
1.29586
1.52224
1.43732
1.49436
1.62976
1.98631
1.79987
1.78036
1.74684
1.86764
1.86296
1.87401
1.84723
1.63128
1.61654
1.9428
1.80862
2.06695
1.9323
1.95616
2.05329
1.73566
1.93022
2.06411
2.03106
2.31765
2.33259
2.2251
2.14657
2.18292
2.26654
2.03027
2.2408
2.00936
1.93346
2.11733
2.0526
1.90255
2.06076
1.97337
2.03962
2.00905
1.86401
1.89566
1.80339
1.98429
1.74154
1.35675
1.58072
0.913575
0.595142
0.782792
0.914841
0.746668
0.7988
0.700769
0.944811
1.22082
0.895535
1.02003
1.20698
1.30972
1.23342
1.24164
1.38168
1.08505
0.856764
1.17016
1.05018
1.15541
1.23859
1.24901
1.25762
1.21462
0.883682
0.721572
0.860513
0.753581
0.429008
0.137726
0.112257
0.343739
0.384449
0.435097
0.476673
0.494975
0.491849
0.439243
0.212115
0.327081
0.493821
0.437898
0.490929
0.233901
0.0734817
0.456744
0.519944
0.407269
0.615584
0.452547
0.92697
1.00022
1.26587
0.965621
1.13513
1.05826
0.915775
0.952094
0.755865
0.274496
0.239829
0.0434531
0.055169
0.0563238
0.283584
0.693243
0.816536
1.16703
0.961848
0.793639
0.76744
0.755384
0.552608
0.781197
0.443382
0.74439
0.681726
0.984088
0.808682
0.79731
0.643
0.741806
0.83537
1.0571
1.01746
1.01562
0.700195
0.51534
0.041527
0.271773
0.430633
0.304052
0.154469
0.253243
0.263159
0.332389
0.113208
0.0373448
0.364594
0.20419
0.383734
0.470338
0.44476
0.542549
0.42749
0.0905674
0.131705
0.066922
0.316231
0.13655
0.154156
0.103243
0.165854
0.287485
0.425632
0.252859
0.610601
0.637106
1.05626
1.08475
1.25055
0.999808
1.18746
1.29188
1.06506
1.19568
1.22764
1.43293
1.83221
1.73436
1.70725
1.71994
1.8999
1.81691
1.80035
1.8227
1.61092
1.58419
1.53159
1.54406
1.28433
1.11981
0.887753
0.996494
0.798856
0.779218
0.867324
0.819927
1.0298
0.908921
0.83281
1.16918
1.18743
0.960973
0.961442
1.23422
0.995318
0.86877
0.850671
0.912704
1.05391
1.31329
0.974277
1.25079
1.22602
1.79108
1.64322
1.64541
1.57418
1.73468
1.93675
2.12324
1.86228
1.72837
1.72166
2.05253
1.86325
1.90629
1.90326
2.35085
2.2933
2.45355
2.48547
2.51708
2.52646
2.19623
2.15269
2.03967
2.02126
2.06986
1.88691
1.72074
1.52205
1.50213
1.62566
1.50271
1.56202
1.51954
1.60058
1.74005
1.90652
1.8442
1.89984
1.49736
1.56746
1.82057
1.54215
1.12404
1.14507
1.21122
1.2988
1.13727
0.976534
0.817287
0.727368
0.857869
0.703956
1.00786
1.21224
1.06463
0.902731
1.20839
1.20895
1.19548
1.39014
1.33431
1.25829
1.12036
1.18234
0.992439
1.13727
1.07896
0.982483
1.27173
0.955707
1.22562
1.12739
1.08394
1.00388
1.13522
0.990544
1.09285
1.14669
1.16103
1.18795
1.18351
1.01965
0.692224
0.500004
0.413599
0.481225
0.440547
0.335439
0.367274
0.0636501
0.0802579
0.439947
0.596997
0.650409
0.334357
0.270773
0.413938
0.277782
0.149515
0.0795628
0.110204
0.166635
0.279215
0.0871406
0.0834641
0.0585607
0.220807
0.246391
0.381098
0.765582
0.893036
0.980352
0.989509
0.739803
0.498831
0.555139
0.432958
0.375462
0.472735
0.229933
0.28808
0.599077
0.686581
0.723641
0.810013
0.621973
0.819798
0.853397
0.771182
0.586595
0.732209
0.709013
0.880567
0.656939
1.04282
1.07932
1.006
0.931534
0.918678
0.814445
0.847737
0.918544
0.855107
0.659212
0.9483
0.912576
0.83226
1.04013
0.84729
1.10631
1.06585
0.927344
0.747608
1.2317
1.44737
1.49493
1.57088
1.48105
1.29777
1.06772
1.0642
1.31889
1.24925
1.15281
0.953921
1.14129
1.18972
1.38502
1.28339
1.33328
1.39091
1.28101
1.1235
1.08094
1.21189
1.41391
1.27752
1.55411
1.46267
1.60496
1.57242
1.93748
2.02655
1.98457
1.68344
1.5553
1.38914
1.30891
1.58686
1.51527
1.64145
1.53999
1.7848
1.88452
1.55077
1.71853
1.78198
1.94339
1.79364
1.70595
1.75956
1.3284
1.41342
1.68968
1.67265
1.53395
1.48256
1.43556
1.51099
1.28717
1.12686
0.93601
0.769004
0.690407
0.611491
0.510237
0.55224
0.384892
0.378776
0.677183
0.304509
0.338392
0.326666
0.197123
0.341342
0.228313
0.478298
0.868722
0.793869
0.651865
0.900879
1.01436
1.10508
0.99582
1.12434
0.811691
0.911809
1.00584
0.88016
0.876371
0.576267
0.329269
0.311178
0.374553
0.550928
1.02109
0.739035
1.05138
0.952156
0.923022
1.23589
0.901484
1.14569
1.07201
1.25293
1.52678
1.53756
1.53078
1.40128
1.30807
1.42328
1.38865
1.33061
1.09617
0.889937
1.22045
1.23933
1.28037
1.32066
1.12568
1.4556
1.74747
1.84464
1.68285
1.61333
1.83519
1.75946
1.7505
1.81773
1.83136
1.90748
1.78092
1.74537
1.92583
2.14924
2.10754
2.15708
2.30634
2.475
2.22741
2.34727
2.55349
2.51708
2.59475
2.59325
2.84002
2.90356
2.86777
2.91676
2.70522
2.50869
2.51075
2.43252
2.28508
2.34018
2.30177
2.13929
1.93906
1.71886
1.64872
1.57526
1.568
1.53256
1.39697
1.18104
1.20037
1.31978
1.09876
0.98516
0.866867
1.0917
0.97119
0.971174
1.22639
1.18472
1.41098
1.22546
1.38812
1.16899
0.821568
0.842368
0.362244
0.181587
0.173589
0.556993
0.54717
0.488965
0.63159
0.59149
0.509178
0.620288
0.513371
0.488181
0.377801
0.446837
0.571362
0.441318
0.418025
0.782212
0.984151
0.840045
0.610412
0.95847
1.09549
0.764604
0.951321
0.916894
0.820634
0.873899
0.713194
0.864625
0.818265
0.968143
1.03482
1.08469
0.983816
1.09754
1.06665
0.951426
0.984019
0.88102
0.668936
0.844162
0.854384
0.784014
0.653508
0.568094
0.673256
0.447821
0.351364
0.504764
0.428862
0.473039
0.63816
0.588745
0.575989
0.87898
0.966685
0.656579
0.665745
0.554748
0.407622
0.514123
0.197119
0.150365
0.223297
0.221917
0.300665
0.340413
0.529745
0.573354
0.725853
0.830359
0.5783
0.24808
0.288462
0.207107
0.275298
0.60071
0.488268
0.441159
0.376487
0.710191
0.514766
0.577912
0.447948
0.589444
0.72257
0.90944
0.644789
0.530228
0.518866
0.398652
0.511351
0.710861
0.797334
0.799668
0.536239
0.697712
0.704116
0.807772
0.862436
0.686255
0.446297
0.820143
0.846228
0.852404
0.845102
0.848691
0.602492
0.980717
1.01035
1.00089
1.37917
1.33844
1.18555
0.946533
0.935034
1.0996
0.919112
1.06337
0.865703
0.950192
1.03027
0.951421
1.29839
1.23846
1.16735
1.21189
1.21932
1.49818
1.47635
1.48113
1.83257
1.70134
1.56182
1.70718
1.46877
1.25742
0.928713
0.862709
0.857819
0.904309
1.13229
1.26446
0.923966
0.955101
0.831686
1.03874
1.1801
1.23421
1.2901
1.20055
1.2871
1.59483
1.46619
1.41818
1.35571
1.14634
1.16096
1.76862
2.08368
1.79288
1.73486
1.57091
1.62854
1.82157
1.60608
1.65811
1.91906
2.32526
2.34225
2.42625
2.33172
2.4873
2.64881
3.14743
2.73606
2.73873
2.62155
2.60111
2.59414
2.31822
1.96851
2.28772
2.06132
2.30497
2.28291
2.32709
2.24642
2.2257
2.26661
2.13697
2.0182
1.92309
1.92348
1.73382
1.50813
1.37921
1.75464
1.78047
1.96379
2.32422
2.41842
2.28626
2.31215
1.97796
2.24729
1.91125
1.93741
2.03244
2.22796
2.28648
2.19256
2.11888
1.96517
1.70647
1.6317
1.69747
1.41628
1.55265
1.22693
1.47982
1.68782
1.57485
1.48919
1.67204
1.67537
1.7403
1.53829
1.43655
1.55619
1.64737
1.59453
1.66783
1.78934
1.90595
2.14285
2.26335
2.2841
2.28655
2.15659
2.19915
2.04967
2.11185
1.98568
2.09575
2.13917
2.14159
2.42587
2.29692
2.30922
2.23407
2.14691
2.1441
2.37481
2.24756
2.17285
2.15603
2.0398
1.88973
2.04845
2.08572
1.84346
2.21544
2.2559
2.45252
2.6584
2.72719
2.85141
2.86672
2.9674
3.07058
2.92812
3.0094
3.22605
3.18292
3.13282
3.00992
2.68725
2.4919
2.53761
2.4199
2.44512
2.43487
2.7326
2.58914
2.55093
2.19834
2.42191
2.15039
1.96155
1.88012
1.47653
1.45931
1.5937
1.42526
1.57642
1.52731
1.66553
1.37289
1.53613
1.22608
1.03085
0.89423
0.804379
0.667646
0.587562
0.615748
0.46989
0.438787
0.511351
0.471523
0.66898
0.66972
0.681949
0.732626
0.900605
0.909062
1.03271
0.722862
0.48944
0.405115
0.357994
0.519042
0.853612
0.862729
0.80753
0.82697
0.774966
0.56585
0.800123
0.969291
0.820379
0.824384
0.727908
1.11932
1.20779
1.17834
1.38142
1.59696
1.53218
1.49836
1.44095
1.41782
1.73175
1.69856
2.12339
2.17085
2.27995
2.36506
2.56507
2.77633
2.57281
2.44671
2.58042
2.28309
2.20056
2.21077
2.17425
2.36334
2.30492
2.47448
2.87506
2.6225
2.65037
2.50519
2.53002
2.43529
2.4584
2.59898
2.13739
2.05116
2.15722
2.30013
2.13406
1.98351
1.87021
1.86159
2.18192
2.03607
1.96183
2.00882
1.92335
1.92778
1.86287
1.9802
1.98955
2.15188
2.05809
2.17242
2.4193
2.31208
2.41528
2.65754
2.71616
2.82093
2.95159
3.04262
3.01198
2.90824
3.24924
3.18649
3.38964
3.25937
2.88021
2.46733
2.51937
2.51327
2.55446
2.52921
2.37764
2.16384
2.18135
2.15911
2.29871
2.17086
2.24551
1.89858
1.94943
2.14982
1.85051
2.11082
1.92052
1.86039
1.88464
2.05482
2.1122
1.97306
1.87924
1.65853
1.4577
1.48027
1.26988
1.25904
1.43866
1.47632
1.44008
1.40221
1.34358
1.55396
1.67226
1.71641
1.5814
1.58201
1.72432
1.66353
1.76924
1.51199
1.67036
1.61889
1.81485
1.73959
1.93069
2.09053
2.20043
2.5286
2.49545
2.49627
2.77651
3.18974
3.02529
2.88012
2.95912
2.88382
2.97127
3.41883
3.2243
2.85557
2.97962
2.77008
2.78798
2.80447
2.79638
2.89531
2.68398
2.66766
2.7676
2.88878
2.67656
2.75792
2.71523
2.5608
2.61429
2.6705
2.81818
2.67988
2.55194
2.45259
2.60371
2.35843
2.39228
2.58786
2.58889
2.34496
2.20642
2.15779
2.25942
2.16925
2.07255
1.96639
1.9399
1.96674
1.96877
2.03123
1.97186
2.0524
2.09933
2.00977
1.99504
2.07707
1.96506
1.98316
1.93564
1.59432
1.48976
1.71532
1.45954
1.75745
1.6669
1.5491
1.33054
1.38211
1.38302
1.22169
1.05866
1.5551
1.77343
1.69057
1.55939
1.87098
1.82293
2.11147
1.83682
1.90111
1.66889
1.67257
1.54766
2.00591
2.06883
2.18553
2.12093
2.29563
2.45123
2.59949
2.36432
2.21781
2.44911
2.07397
1.80709
1.87253
1.77941
1.69665
1.55701
1.60928
1.56909
1.32928
1.4
1.35307
1.31685
1.55279
1.62887
1.82216
1.87065
1.70011
1.99098
2.01983
2.09803
2.12723
2.03004
2.21558
1.86317
1.72653
1.66726
1.84316
1.77721
1.82685
1.81561
1.93115
2.06443
2.23412
2.01485
1.96729
1.96724
2.19491
2.32287
2.24957
2.21711
2.27861
2.4707
2.58452
2.39159
2.43707
2.43074
2.44541
2.74564
2.08982
2.20421
2.22376
2.00252
2.14566
2.29769
2.31985
2.05789
2.32626
2.29572
2.44995
2.11213
1.97578
1.90035
1.96875
2.0065
1.86535
1.78889
1.78031
1.76064
1.90106
2.36782
2.0415
1.99673
1.98754
2.05104
2.25116
2.40748
2.5213
2.51906
2.31373
1.97242
1.90753
1.56155
1.2282
1.23272
1.37434
1.42344
1.48109
1.68299
1.61863
2.21138
2.46618
2.9101
3.00123
2.93372
2.9645
2.84909
2.60802
2.76557
2.88707
2.79618
2.99261
2.84305
2.57021
2.548
2.81545
2.70042
2.51978
2.33725
2.24758
2.40494
2.25158
2.33868
2.08945
1.79671
1.96883
2.38815
2.24247
2.17825
2.23867
2.33532
2.21268
1.90982
1.76703
1.68315
1.69534
1.72603
1.91814
2.23355
2.18777
2.6624
2.67222
2.94769
3.04273
2.96442
3.34958
3.60009
3.7167
3.80267
3.70387
3.46469
3.6669
3.84428
3.7671
3.60227
3.49994
3.80735
3.85375
3.85433
3.84787
3.91985
3.98813
3.93677
3.68517
3.35849
3.40342
3.62662
3.8549
3.75247
3.8214
3.7748
3.82213
3.63087
3.44442
3.23547
3.49729
3.5679
3.29177
3.32951
3.27756
3.19469
3.22928
3.2458
3.45105
3.22962
3.38563
3.25674
3.51762
3.55189
3.75
3.6952
3.83417
4.09752
3.96254
3.57303
3.44203
3.59938
3.67911
3.62412
3.76955
3.68457
3.80339
3.74362
3.87018
3.99217
4.13856
4.36171
4.0987
4.16761
4.1654
4.06262
4.07401
4.0528
3.84756
3.85604
3.97079
3.77454
3.93686
4.18405
4.0415
3.96203
3.97237
4.07493
4.0309
3.91332
4.20488
4.13622
4.50671
4.54448
4.82597
4.9371
5.12469
5.1122
5.39427
5.30925
5.16514
4.97051
5.05099
5.17986
5.07833
4.83265
4.89515
4.74805
4.6683
4.52522
4.21478
3.98651
3.85662
4.06672
4.06019
4.09448
3.68468
3.86115
3.76691
3.85866
3.94648
3.5655
3.58871
3.67169
3.64022
4.08131
4.30102
4.41278
4.30365
4.4073
4.0741
3.62652
3.37906
3.24153
3.18123
3.19371
2.68529
2.69629
2.88238
2.86184
2.89311
2.76157
2.87903
2.77264
2.73215
2.87646
2.72363
2.7776
2.94685
2.98048
3.4081
3.58271
3.44726
3.41283
3.46385
3.55359
3.37355
3.36967
3.36207
3.3656
3.17966
3.31003
3.44146
3.55496
3.23338
3.45009
3.54679
3.44617
3.56825
3.57185
3.34089
3.42829
3.43622
3.60409
3.45245
3.12916
3.15815
3.02356
2.99255
3.1468
3.1007
3.33974
3.13502
3.13477
3.08343
3.07589
2.85808
2.88417
2.96131
2.86626
2.95245
3.1115
3.08965
2.83809
2.99742
2.8084
2.74883
2.53509
2.34527
2.62528
2.75946
2.64783
2.58392
2.73928
2.8561
2.80027
2.87812
2.47531
2.63181
2.63025
2.9385
2.91709
2.80212
2.82061
2.75512
2.83631
2.88847
3.01894
2.92629
2.62224
2.92186
2.82699
2.59544
2.57845
2.27005
2.27103
2.14411
2.19235
2.33529
2.10171
1.84821
1.84282
1.96565
2.06842
2.23097
2.37775
2.51469
2.60303
2.38414
2.48441
2.36313
2.69383
2.57428
1.97421
2.0169
2.41902
2.15173
2.15892
2.18793
2.18667
2.03603
1.95297
2.00792
2.06593
1.95082
2.11513
1.55921
1.4672
1.5697
1.61874
1.33642
1.0919
1.07313
0.80498
0.721877
0.657602
0.858085
0.974716
0.796733
0.888945
0.957906
1.10846
1.05559
1.2285
1.20534
1.06571
1.53593
1.50356
1.39349
1.17695
1.47205
1.78466
1.74007
1.75215
1.42736
1.38861
1.46355
0.966287
0.981028
0.984241
1.05741
1.15413
1.19422
1.32157
1.15851
1.29558
1.35703
1.35572
1.08594
1.10652
1.34833
1.21827
1.17203
1.12379
1.00733
0.937734
0.961572
0.774429
0.793777
0.785917
0.873499
0.786218
0.585589
0.511472
0.38316
0.125519
0.254442
0.268764
0.150918
0.297669
0.372586
0.453832
0.767406
0.954284
0.999908
0.622272
0.639448
0.682372
0.851195
0.83396
0.70057
0.658792
0.724506
0.784108
0.712318
0.702193
0.860357
0.669283
1.0172
1.07635
0.861248
0.843518
0.9978
1.03923
1.16997
1.09214
1.13297
1.18541
1.15707
1.2373
1.44848
1.40819
1.53294
1.70759
1.75747
1.91138
2.0947
2.00994
2.51421
2.28755
1.94175
1.80854
2.17568
2.09133
1.85825
1.97044
1.68305
1.81248
1.47565
1.6089
1.7867
1.87392
