4.11218
4.08639
4.0706
3.97873
4.01017
3.91512
3.94558
4.03021
3.98619
3.86493
3.878
3.64314
3.49814
3.38291
3.27083
3.40307
3.12127
3.28476
3.14021
3.18741
3.24858
3.13815
2.82418
2.81932
2.97384
3.0031
3.27978
3.37872
3.31611
3.31895
3.36623
3.34805
3.0537
2.86446
3.11788
3.20754
3.22222
3.01828
3.1614
3.09506
2.93522
3.06586
3.00677
2.98777
2.8771
2.79112
2.62066
2.63979
2.562
2.22542
2.22071
2.24072
2.37628
2.34507
2.28873
2.47714
2.45131
2.4875
2.15327
2.13474
1.84391
2.07776
1.84778
1.6501
1.41919
1.72564
1.51747
1.63584
1.81797
1.89767
1.7656
1.51246
1.58878
1.28862
1.41453
1.53997
1.60021
1.77042
1.74028
1.79286
1.809
2.08713
2.06405
1.91003
2.13731
2.38067
2.55695
2.52433
2.36062
2.06022
2.35142
2.17065
2.21461
2.23547
2.41985
2.19824
2.03696
1.90423
2.01645
2.08059
2.19407
2.11716
2.10587
2.06476
1.99168
2.37494
2.19918
1.8133
1.956
2.22067
2.30726
2.54079
2.52689
2.89891
2.91251
2.79592
3.00193
2.84919
2.55883
2.52584
2.88213
2.78458
2.49055
2.16459
2.40712
2.66341
2.73129
2.91934
2.89496
3.10508
3.07497
3.00671
3.11577
3.19156
3.45773
3.16573
3.16878
2.91054
2.91044
2.68556
2.42008
2.29044
2.32585
2.45273
2.39287
2.33455
2.34284
2.27027
2.3559
2.60406
2.51058
2.24382
2.31781
2.67294
2.85653
3.00083
3.1448
3.24706
3.20073
3.02558
3.09046
3.14699
2.76563
2.42445
2.31196
2.17395
2.0799
2.10431
1.92215
1.88785
1.91822
1.98788
1.6164
1.65853
1.50268
1.58834
1.84994
1.61388
1.49305
1.62773
1.79558
1.93593
1.30765
1.42934
1.23342
1.20563
1.19574
1.16071
1.31728
1.35866
1.25207
1.25487
1.39941
1.43752
1.47139
1.32717
1.14258
1.1416
1.31118
1.5447
1.58249
1.73963
1.98707
2.12672
1.88654
1.69831
1.48721
1.62114
1.47532
1.43695
1.55951
1.64913
1.7694
1.86854
1.60757
1.80973
2.18817
2.13568
2.09278
2.30087
2.23487
2.20179
1.94984
2.00102
2.06667
2.30696
2.21004
2.29546
2.42143
2.70563
2.93955
2.97222
2.60927
2.50079
2.65581
2.98887
3.00851
3.10308
3.26924
3.50778
3.67741
3.70422
3.66984
3.25289
3.36813
3.18716
3.23417
3.30518
3.43036
3.5106
3.61076
3.75542
3.43125
2.97498
3.04773
3.49887
3.3539
3.46892
3.70654
3.66047
3.8363
3.9534
3.83628
3.75826
3.72657
3.51506
3.35693
3.49196
3.63451
3.49981
3.21852
3.2531
3.05943
3.1528
2.95808
2.80233
2.66422
2.8191
2.65667
2.36437
2.26471
2.19338
2.28488
2.42691
2.50513
2.4457
2.27814
2.3804
2.36277
2.36075
2.2768
2.14453
2.00844
2.18925
2.03922
1.78491
1.94974
1.56513
1.53893
1.58785
1.5164
1.61743
1.71188
2.1117
2.45428
2.38374
2.37143
2.2361
2.07393
2.46075
2.43166
2.35975
2.42859
2.47151
2.28221
1.83288
1.57144
1.60471
1.3246
1.05034
1.44335
1.38249
1.22808
1.32801
1.32763
1.46946
1.45087
0.926212
0.789975
1.10302
0.896327
0.960241
0.981763
0.862166
0.711111
1.15187
1.17994
1.25604
1.20557
0.9889
1.05344
1.00381
1.00589
1.18176
1.20058
0.997079
1.23237
1.3582
1.2707
1.3115
1.16741
1.03019
1.13137
0.949104
1.26556
1.51176
1.10624
1.05523
1.06032
1.20318
0.766869
1.15892
1.20847
1.28813
1.10622
0.924473
0.976645
0.952705
1.10472
0.911688
0.775592
0.771994
0.910485
1.26819
1.0706
1.58871
1.59002
1.75771
1.56583
1.86556
1.7203
1.50799
1.6716
1.57113
1.50633
1.58301
1.58642
1.55598
1.59876
1.47596
1.41555
1.29227
1.42093
1.4531
1.25604
1.32505
1.54704
1.8944
1.75148
1.81323
1.64685
2.06627
2.05472
1.92593
2.38909
2.15146
2.45465
2.36012
2.25506
2.33945
2.14492
2.16866
1.74747
1.76731
1.47931
1.47975
1.45243
1.67456
1.68954
1.74579
1.70617
1.71577
1.87459
1.85596
1.75532
1.74264
1.7708
1.71817
1.59961
1.67039
1.895
1.91833
2.00156
1.88944
2.04601
2.46841
2.8915
2.95849
3.03345
2.99374
2.6425
2.46461
2.26843
2.0153
1.96431
2.01982
1.9895
1.93062
2.08598
2.09598
1.98734
1.83293
1.67964
1.59598
1.61226
1.47412
1.51581
1.38163
1.32862
1.38262
1.45832
1.19839
1.32052
1.28172
1.60482
1.74614
1.91221
2.09789
2.05009
2.11358
2.07399
1.99239
2.31628
2.08319
2.19203
2.02709
2.06471
1.94199
2.28501
2.14492
2.05154
1.87243
1.86091
1.96034
1.93852
2.21879
2.02769
2.14449
2.18461
2.18716
2.41153
2.09429
2.0348
1.89675
1.8887
1.81327
1.55693
1.45649
1.42207
1.35931
1.39972
1.55843
1.42503
1.72427
1.99826
2.09452
2.05593
1.77421
1.6829
1.81174
1.68744
1.7401
1.62522
1.40481
1.61358
1.32692
1.58185
1.53738
1.54614
1.60862
1.51181
1.75079
1.5291
1.5301
1.44052
2.17496
2.27565
2.23504
2.21395
2.24406
2.25816
2.31438
1.94545
1.6465
1.62525
1.69571
2.53615
2.48072
2.43417
2.29984
2.27985
1.83083
2.00541
2.12021
2.01884
2.05564
1.92602
1.87426
2.24092
2.33545
2.21289
2.04513
1.89105
1.97574
1.81316
1.71759
1.81398
2.26613
2.08597
1.87169
1.94629
1.90968
2.09922
2.24824
1.99165
2.08292
1.98427
2.07988
1.99616
1.7245
1.22358
1.19012
1.1244
1.00173
1.03639
0.959148
0.712302
0.769362
0.618858
0.756676
0.66776
0.530141
0.512432
0.668245
0.772171
0.689378
1.0861
1.18454
0.820511
1.01957
1.15266
1.27961
1.18176
1.02192
1.05308
0.959492
0.721383
0.686813
0.463101
0.401621
0.421437
0.467451
0.466555
0.473519
0.588477
0.808918
0.520308
0.539903
0.728714
0.96112
0.866741
0.95206
1.10946
1.4519
1.48246
1.31393
1.54894
1.55136
1.44758
1.53371
1.61176
1.6465
1.51144
1.55215
1.63057
1.90826
1.8333
1.92383
1.81531
1.9874
1.96511
1.87999
1.94984
2.18023
2.5855
2.57374
2.29132
2.30135
2.26305
2.16199
2.17391
2.08521
2.01963
2.18174
2.09594
1.99627
1.94981
1.88554
1.7557
2.1039
2.0043
1.91363
1.81836
1.68614
1.82667
1.97718
2.00029
1.90485
1.91734
1.77194
1.99842
2.08297
1.8531
1.72963
1.97253
1.7543
1.61804
1.91143
1.62283
1.96501
2.07409
2.28721
1.99154
2.17177
1.88927
1.81253
2.059
1.95459
1.81024
1.92172
2.03634
2.11888
2.23901
2.25512
2.1916
2.54679
2.57902
2.36235
2.76877
2.95082
3.10871
2.92703
2.89083
2.87202
3.04274
3.10483
2.87423
2.70998
2.7909
2.98132
2.64842
2.86881
2.62774
2.8359
2.41865
2.30902
2.32112
2.42188
2.325
2.39856
2.62502
2.33045
2.64815
2.4293
2.29214
2.37866
2.31206
2.23333
2.44115
2.4966
2.47578
2.32422
1.95042
1.75991
1.78168
1.92657
2.27008
2.41952
2.66537
2.98142
3.12325
3.19161
2.73619
2.53351
2.77613
3.06819
3.31803
3.42105
3.34562
3.22338
3.67105
3.42144
3.22392
2.93121
3.03516
2.84162
2.72415
2.69416
2.80157
2.77928
2.99326
3.10953
2.93155
2.80881
3.02218
2.97424
2.53106
2.46058
2.58769
2.33387
2.39164
2.52277
2.12251
2.33523
2.26067
1.94352
1.77093
1.59788
1.54157
1.38853
1.25964
1.12666
1.16161
1.25661
0.998937
1.18744
1.26631
1.57482
1.65977
1.6024
1.31149
0.919763
1.06374
1.35294
1.44856
1.59794
1.72751
1.75934
1.96478
1.76757
1.71433
1.47123
1.67073
1.78139
1.80066
1.80088
1.70455
1.65655
1.77214
1.74312
2.01798
1.73163
2.02819
1.80521
2.12725
1.95294
2.03155
2.06206
1.79386
2.00936
2.10205
1.90971
2.02408
1.91738
1.87166
1.91418
2.01581
1.88389
1.75833
1.50222
1.24117
1.19871
1.16968
1.39137
1.27047
1.48737
1.04624
1.06439
1.25977
1.38088
1.5088
1.42254
1.58603
1.65575
1.41404
1.71486
1.84639
2.06976
1.89297
1.88939
1.98854
1.80337
2.28327
2.21335
2.01166
1.90664
1.95236
1.73799
2.02356
2.20184
2.04028
2.03798
2.14729
2.09784
2.40868
2.41944
2.62684
2.37262
2.574
2.34309
2.00167
2.10788
2.22672
2.26777
1.97476
2.08637
1.9363
1.84289
1.89136
1.75736
1.45475
1.1838
1.47881
1.74127
1.73179
2.28674
2.39784
2.38309
2.40343
2.28189
2.27169
2.20878
2.18649
1.89688
1.92279
1.66241
1.55368
1.70106
1.51985
1.45014
1.3462
1.43577
1.44363
1.51398
1.53206
1.35987
1.64267
1.56146
1.31254
1.32583
1.33251
1.22743
1.12239
0.959728
1.30884
0.905943
0.97501
1.06914
1.06681
0.858209
0.741733
0.96432
0.703404
0.516212
0.86717
1.02667
1.20229
0.96878
1.07392
1.07027
0.888791
1.10582
1.0683
1.1378
1.01546
1.032
0.814983
0.922527
0.989399
1.12551
0.931098
0.920756
0.785566
0.640068
0.753659
0.409917
0.639213
1.05559
1.19723
1.2979
1.43429
1.21813
1.09297
1.484
1.40337
1.21053
1.68959
1.43745
1.27741
1.50809
1.3215
1.23071
1.22719
1.02873
0.835023
1.03074
0.861052
0.975837
0.931076
1.091
1.14898
1.24518
1.27537
1.38424
0.944011
0.643304
0.71809
1.04766
1.08998
1.2929
0.855245
0.908248
1.08259
1.16469
1.31113
1.26001
1.21478
1.12411
1.48161
1.33993
0.985676
1.06679
0.911603
1.0481
1.0129
0.718218
0.697045
0.937946
1.32102
1.24203
1.23689
0.957456
1.01151
0.868086
0.81156
0.557288
0.70772
0.793319
0.696277
0.8017
0.683384
0.611018
1.1109
0.823519
0.772722
0.776208
0.872243
0.978753
0.951293
0.775004
0.709545
0.719412
0.512386
0.790465
1.0133
1.22484
1.07784
1.33434
1.19007
1.16672
0.955099
1.11622
0.913903
0.687452
0.889638
0.938094
0.859627
0.982566
1.17196
1.18333
1.00607
1.04778
1.20681
1.21106
1.17752
1.19774
1.52562
1.46555
1.24329
1.53075
1.3589
1.44995
1.21733
1.18274
1.21697
1.20281
1.36859
1.40857
1.07111
1.08069
0.839808
0.73489
0.656184
0.621974
0.555643
0.390897
0.46977
0.433413
0.423591
0.620845
0.908323
0.985127
0.978613
0.967078
0.924389
1.05998
0.994901
0.721819
0.68193
0.608266
0.648196
0.673444
0.542033
0.50848
0.572482
0.830428
0.84377
0.760067
0.857523
0.541757
0.271048
0.161964
0.284602
0.69942
0.605578
0.678464
0.786351
0.721061
0.538881
0.799875
0.798277
0.889279
1
0.908443
0.825767
1.02653
0.70424
0.773728
0.736011
0.716262
0.86731
0.793596
1.09956
1.09163
1.11061
0.932022
0.936929
0.989143
1.05542
1.14768
1.04243
1.0671
1.05485
1.08822
1.06632
1.21506
1.7852
1.6637
1.67458
1.7676
1.68688
1.41269
1.26526
1.26013
1.20396
1.24135
1.22573
1.02347
0.979265
0.861661
1.0409
0.868101
0.757566
0.947823
0.800663
0.84204
0.486301
0.538035
0.580685
0.625888
0.601129
0.649418
0.595651
0.666507
0.675262
0.70134
0.573417
0.732518
0.861645
1.09963
1.11494
1.11393
1.33858
1.3799
1.597
1.54855
1.22661
0.912253
1.1052
1.25779
1.0908
0.892608
0.772524
0.969873
1.0188
0.974056
1.09647
1.4278
1.64499
2.04128
2.03556
2.42935
2.49153
2.64286
2.65373
2.79203
2.82264
2.78512
2.63192
2.66785
2.42932
2.34615
2.45599
2.33575
2.22608
2.20304
2.09996
2.04678
2.16841
2.50784
2.81141
2.36773
2.21497
2.41917
2.65978
2.76563
2.6523
2.57312
2.73137
2.60949
2.56566
2.05726
1.88943
2.14198
1.87234
1.83731
1.94343
2.06301
1.93358
1.90942
1.82871
1.54967
1.63466
1.27325
1.42963
1.0994
1.10833
1.21258
1.37402
1.24171
1.05664
0.854238
0.79159
0.672447
0.704381
1.01108
1.37267
1.26457
1.27521
1.34864
1.60735
1.76829
1.78445
1.86899
2.14665
2.40904
2.66
2.66207
2.43542
2.02648
2.4687
2.16687
1.88442
1.95402
1.99384
1.7892
1.65864
1.87859
1.88728
1.95495
2.10425
2.13723
1.87386
1.82602
1.94376
1.87855
1.75791
1.60312
1.33657
1.07125
1.04196
1.11672
0.717062
0.732875
0.630951
0.864533
1.108
1.00864
1.31093
1.42234
1.84258
1.55351
1.29936
1.10695
1.30757
1.21589
1.53499
1.11132
1.15227
1.10638
1.02713
1.27322
1.04426
1.49051
1.48776
1.57646
1.38795
1.56481
1.77799
1.49539
1.22814
1.368
1.30341
1.39835
1.44903
1.42191
1.2728
1.35403
1.25144
1.22235
1.22599
1.11007
1.17022
1.11586
1.37705
1.29192
1.28776
1.34402
1.24655
1.42309
1.64767
1.80668
2.18226
2.4734
2.35016
2.20283
2.09242
2.38023
2.30905
2.5386
2.26067
2.31753
2.42759
2.35262
2.81147
3.15222
2.73416
2.54416
2.44317
2.38239
2.32147
2.37184
2.11038
1.93995
2.20776
2.11756
2.23567
2.37922
2.297
2.44114
2.62851
2.77854
3.01489
2.85513
2.66651
2.69696
2.72943
2.73412
2.78307
2.62806
2.67112
2.56973
2.53427
2.47892
2.69113
2.60642
2.78431
2.58076
2.69572
2.39432
2.1641
1.68151
2.05957
2.31789
2.04083
1.80448
1.8932
2.0085
2.20046
2.42352
2.23102
2.01802
2.34159
2.61419
2.78016
2.88878
2.74277
2.58659
2.59385
2.49982
2.20725
2.41532
2.3216
2.35205
2.48917
2.64645
2.5698
2.64176
2.72115
2.95053
2.65955
2.45146
2.29614
2.24225
2.43057
2.21035
2.32594
2.48443
2.533
2.27884
1.90864
2.14844
2.44408
2.43655
2.23336
2.25701
2.31741
2.34079
2.46152
2.62036
2.60538
2.51907
2.82079
2.73668
2.67364
1.97676
2.1419
2.2265
2.25789
1.79832
1.90391
1.96784
2.22369
2.17102
2.20459
2.45874
2.655
2.52399
2.82993
2.78571
2.75741
2.6547
2.94956
3.16551
3.13433
3.30785
2.99961
2.65404
2.59871
2.36562
2.53558
2.53694
2.62922
2.66045
2.56557
2.5772
2.47139
2.43257
2.36295
2.28255
2.22846
2.28922
2.14161
2.21288
2.43622
2.23315
2.07573
2.05285
2.17547
2.12573
2.10217
1.88002
1.75648
1.89874
1.72494
1.93335
1.79584
1.62436
2.00291
1.88889
2.05431
2.18589
2.41794
2.39585
2.29487
2.60054
2.77966
2.753
2.6874
2.46067
2.6184
2.45179
2.17323
2.03745
2.1841
2.33713
2.18762
1.92526
1.57978
1.53039
1.37773
1.83523
2.167
2.13429
2.30482
2.35777
2.1991
2.22223
2.12108
2.06384
2.05185
1.99537
1.67457
1.61412
1.6653
1.67004
1.6068
1.62395
1.83242
1.86159
1.98041
2.13075
2.25672
2.19662
1.97019
1.90626
1.66386
1.50145
1.63858
1.82709
1.61192
1.67924
1.75451
1.74109
1.63395
1.36795
1.46099
1.66455
1.81766
1.96151
1.80726
1.64127
1.43059
1.38506
1.67594
1.95291
2.4188
2.36225
2.46887
2.22745
2.15755
2.36881
2.19714
2.14697
2.30507
2.39427
2.47835
2.56486
2.82046
3.04122
3.20994
3.20161
3.20593
3.20585
3.44957
3.60741
3.33922
3.36094
3.23299
2.86942
2.62807
2.67901
2.96728
2.80924
2.43705
2.5772
2.65086
2.74402
2.97081
2.91852
2.63771
2.73126
2.73621
2.80078
2.52556
2.59819
2.48309
2.64066
2.80297
3.09992
3.11001
3.19322
3.37999
3.55196
3.37464
3.36643
3.55742
3.47988
3.84778
4.0954
3.96474
4.19729
4.02739
4.20741
4.01855
4.15091
4.22785
4.09545
3.96762
4.08256
3.74262
3.95822
4.16696
4.15539
3.94457
3.56423
3.67766
3.67766
3.72738
3.95333
3.50741
3.41261
3.06086
3.27664
3.23436
3.36649
3.47158
3.45912
3.67167
3.69565
3.5648
3.48874
3.38487
3.63859
3.59544
3.64673
3.33787
3.39058
3.12979
3.00788
3.01573
2.76687
2.69868
2.5546
2.38661
2.49389
2.58217
2.38061
2.42504
2.18169
2.20335
2.45012
2.71558
2.73711
2.97698
2.87617
2.59245
2.74362
2.7209
2.75105
2.76186
2.65896
2.36337
2.31212
2.13357
2.17506
2.17706
2.51931
2.8276
2.902
3.21958
3.25753
3.25982
3.01087
2.91457
3.07747
3.0417
3.07739
3.2087
3.20387
2.95301
2.71745
2.79029
3.2684
3.38309
3.55855
3.51434
3.60075
3.55228
3.31719
3.40199
3.57144
3.26166
3.19973
3.4462
3.60018
3.39125
3.57064
3.56043
3.42215
3.50961
3.83097
3.9355
4.1675
4.38108
4.47277
4.26261
4.40816
4.652
4.371
4.24541
4.57872
4.61543
4.42763
4.4148
4.61283
4.81953
4.72825
4.65849
4.5764
4.81552
4.76041
4.94892
5.03433
4.9614
5.33885
5.12169
4.94189
4.74763
4.99623
5.03559
5.22941
4.92632
4.98098
5.07539
4.69682
4.52177
4.6417
4.42042
4.69971
4.44583
4.64318
4.5377
4.77669
4.21881
3.91111
4.01034
4.27919
4.74251
4.97135
4.94705
4.71595
4.69277
4.64344
4.40347
4.37342
4.54515
4.78069
5.02438
4.72904
4.54316
4.44849
4.56858
4.46985
4.48309
4.32319
4.10108
4.24796
4.44551
4.38213
4.23388
4.205
4.52191
4.46522
4.3786
4.05437
3.90202
3.9699
3.79664
3.67735
3.79439
4.07976
4.36284
4.5098
4.36384
4.28099
4.04928
4.14042
4.1719
4.05315
3.90868
4.00023
4.24013
3.97747
4.32231
4.10553
3.74305
3.73366
3.90745
3.56656
3.65716
3.89008
3.92566
3.93358
3.98348
4.0896
4.27105
4.1733
3.96598
3.69691
3.83221
3.85204
3.97927
3.95647
3.74566
3.75541
3.83018
3.64307
3.77807
3.39328
3.32598
3.13616
2.95037
2.85795
2.97073
3.04208
3.05391
3.06341
3.33178
3.15853
3.26757
3.24599
3.33587
3.24668
2.9935
2.811
2.74689
2.76116
2.99753
3.02082
3.15246
3.44815
3.32977
3.13417
3.2506
3.24515
3.43859
3.40862
3.52522
3.64802
3.45847
3.65631
3.57194
3.88043
3.91451
3.87065
3.87336
3.61702
3.75271
3.94699
3.68938
3.97071
3.84717
4.03031
4.03847
3.8701
3.95121
3.91216
4.0705
4.0625
4.36483
4.50662
4.20265
3.98628
3.76704
4.24097
4.16719
4.31244
4.21841
4.05669
4.08162
4.16766
3.90171
3.90709
3.84795
3.95888
4.2269
4.35201
4.26136
4.19564
4.53406
4.4353
4.47132
4.55621
4.29663
4.29156
4.17342
4.1338
4.32441
3.90859
3.90225
3.891
3.92164
4.09162
3.87888
4.1632
3.95818
3.86093
3.89646
3.94486
4.03856
3.83349
3.67922
3.53668
3.58884
3.75554
3.67608
3.65215
3.52759
3.46737
3.43809
3.31554
3.29835
3.26017
3.52073
3.84668
3.47633
3.4854
3.58307
3.56659
3.42814
3.26594
3.12595
3.4628
2.97096
2.78134
2.56427
2.5858
2.55192
2.56774
2.49889
2.39974
2.32892
2.08775
1.97582
1.9393
1.99563
2.23973
2.3002
2.46267
2.3438
2.44603
2.55079
2.50572
2.30943
2.32704
2.20888
2.18955
2.41598
2.48906
2.50038
2.40333
2.66246
2.88863
2.69298
2.7005
2.76661
2.71093
2.70515
2.87701
2.66661
3.07425
3.16523
3.39846
3.46165
3.43072
3.1903
3.2938
2.99658
2.92551
2.79001
2.56681
2.40458
2.38728
2.23067
2.04671
1.95862
1.79323
1.66117
1.94342
1.79468
1.88263
2.07396
2.52922
2.55913
2.65806
2.57601
2.45482
2.47771
2.62951
2.6351
2.83241
2.90784
2.58837
2.71208
2.68982
2.67427
2.51761
2.78004
2.76463
2.4759
2.36778
2.49883
2.32944
2.46366
2.29989
2.23935
2.10635
1.87991
2.11626
2.12603
2.30961
2.54446
2.49071
2.67639
2.64068
2.70292
2.57748
2.43686
2.5139
2.77081
2.65069
2.66048
2.58649
2.79503
2.90405
2.70793
2.80612
2.50272
2.40427
2.59557
2.84901
2.65031
2.84311
2.53359
2.24283
2.03335
2.11707
2.01272
2.4301
2.17693
2.17056
2.16595
2.50396
2.1024
1.78336
1.76074
1.46653
1.41822
1.11786
1.39558
1.55349
1.52604
1.1566
1.0668
1.05251
0.993943
1.06441
1.37141
1.52455
1.48964
1.31704
0.967829
1.11955
1.5788
1.35955
1.32015
1.41904
1.01349
1.07473
1.28235
1.72904
1.86671
1.6966
1.781
1.67697
1.72013
1.77903
1.35888
1.13148
1.2219
1.20555
1.38577
1.09023
1.31423
1.10665
0.676471
0.90849
0.50926
0.10944
0.279933
0.434094
0.599514
0.458388
0.525457
0.443047
0.55473
0.692716
1.00264
0.99728
1.42049
1.01077
0.880417
0.710468
0.648827
0.759889
0.427946
0.515524
0.415972
0.383435
0.638601
0.767978
0.94545
0.652519
0.777429
0.684986
0.821521
0.718464
0.518285
0.298631
0.0616587
0.0747663
0.375184
0.819668
1.07218
1.12562
1.12693
0.972163
0.831803
0.847065
0.705289
0.829001
0.916075
1.28164
1.33595
1.38536
0.957744
1.01643
1.23187
1.44534
1.52623
1.4795
1.17874
1.21744
0.900274
1.02349
1.03664
0.763171
0.633458
0.600506
0.146623
0.389928
0.396805
0.394191
0.402891
0.221461
0.627561
0.589506
0.0815707
0.326737
0.609269
0.505739
0.590274
0.3497
0.422533
0.361595
0.180107
0.399751
0.179215
0.36332
0.572552
0.627626
0.832216
0.374838
0.351499
0.223485
0.45726
0.159879
0.255757
0.291106
0.26892
0.264108
0.418019
0.404093
0.307881
0.322052
0.558311
0.539075
0.44496
0.627214
0.599988
0.752241
0.867993
0.977473
1.19642
1.149
0.835631
0.763886
0.950678
0.952855
0.484073
0.473254
0.29206
0.361584
0.453126
0.22926
0.128358
0.376531
0.552091
0.436162
0.418986
0.291138
0.0751157
0.16195
0.22449
0.231641
0.482587
0.435247
0.580765
0.467297
0.501492
0.431509
0.886055
1.0284
0.985442
1.05659
1.37838
1.14909
1.12941
1.26243
0.728404
0.914894
0.740685
0.763269
0.648104
0.958699
0.958226
0.651563
0.708874
0.75913
0.887772
1.15706
1.26587
1.3382
1.49742
1.4212
1.20376
1.03223
1.13138
1.25657
1.27188
1.28776
1.3268
1.3969
1.45036
1.56597
1.62456
1.5838
1.5949
1.75761
1.75512
1.6146
1.62219
1.41949
1.38516
1.49703
1.47266
1.45121
1.57393
1.51005
0.988062
1.01586
1.0382
0.858481
1.07071
1.1699
1.22003
1.22003
1.09178
1.3527
1.5281
1.57073
1.42463
1.58625
1.45063
1.43669
1.72524
1.93629
1.75321
1.91826
1.80374
1.67653
1.99123
1.99005
1.91267
1.98557
2.02689
1.9278
1.92098
2.36893
2.29369
2.28539
2.37185
2.44287
2.33363
2.43185
2.43237
2.48563
2.52376
2.55752
2.46937
2.58337
2.41364
2.28949
2.09651
2.12168
2.12336
1.97991
1.918
1.72781
1.86833
1.72409
1.86862
1.77938
1.8968
2.00691
2.20227
2.1046
2.10892
2.00747
1.9259
1.58201
1.79754
2.15857
2.00036
2.12705
1.8922
1.95154
1.92762
1.98965
2.0023
1.74016
1.70166
1.70502
1.52331
1.49829
1.43313
1.5563
1.30192
1.10448
1.25269
1.2507
1.025
1.22961
1.14548
1.49115
1.59209
2.05438
2.048
1.98936
2.06697
2.06528
2.65957
2.21828
2.17561
2.3933
2.33398
2.44097
2.385
2.33076
2.2648
2.51059
2.55795
2.2923
2.17057
2.20888
2.28056
2.86567
2.79
2.55815
2.6591
2.55044
2.60688
2.72097
2.50603
2.58074
2.35678
2.30122
2.27306
2.1123
1.94873
1.81695
2.06596
1.93208
1.81086
1.81106
2.06425
2.16687
2.10234
2.02827
2.30959
2.31222
2.37819
2.45845
2.57626
2.78776
2.92574
2.79979
2.59827
2.49352
2.47087
2.59335
2.39493
2.4315
2.49759
2.75522
2.29433
2.34068
2.32124
2.06937
2.105
2.11402
2.12338
2.02272
1.71994
1.65378
1.72602
1.62982
1.66489
1.63043
1.8266
1.79153
2.02911
1.66651
1.44663
1.43201
1.38563
1.34795
1.5484
1.57859
1.36348
1.35644
1.38076
1.35968
1.3071
1.32429
1.24081
1.24869
1.66919
1.55568
1.53242
1.50895
1.50231
1.4855
1.42292
1.30414
1.16064
1.26209
1.03531
1.36492
1.29105
1.3742
1.6963
1.78742
1.41656
1.33717
1.15244
1.33061
1.47959
1.48906
1.56214
1.52689
1.53402
1.55261
1.57129
1.25081
1.39972
1.48691
1.50126
1.24699
1.39958
1.41783
1.75516
1.52121
1.3638
1.33554
1.57347
1.70719
1.55216
1.85094
1.6236
1.487
1.60718
1.15917
1.26061
1.44685
1.24753
1.40624
1.55959
1.44767
1.22155
1.16831
1.3841
1.32823
1.18204
1.211
1.08434
1.43471
1.29207
1.29277
1.33816
1.68866
2.08501
1.80144
1.95791
2.02555
1.83763
2.02636
1.8672
1.97337
2.18728
2.02458
1.7989
1.99476
2.15055
2.02507
1.96631
1.72425
1.69304
1.4587
1.57759
1.5678
1.44801
1.53834
1.52408
1.6719
1.54759
1.41958
1.48404
1.91371
1.90946
1.82763
1.70164
1.86084
1.60748
1.41905
1.67126
1.68936
1.49123
1.42282
1.7515
1.67725
1.78653
1.59751
1.60153
1.45535
1.53333
1.54631
1.50915
1.40428
1.65798
1.85969
1.61691
1.46669
1.45734
1.41827
1.44873
1.58438
1.45726
1.5088
1.54259
1.86599
1.87372
1.68937
1.88159
1.91755
2.03362
2.13872
1.86566
1.72473
1.5457
1.39931
1.44684
1.02068
1.00883
1.0729
1.34363
1.33119
1.44641
1.44423
1.65897
1.73545
2.05476
1.69304
1.75221
1.93289
1.96608
2.14266
2.41611
2.50028
2.5432
2.61098
2.46958
2.30719
2.12118
2.1449
2.10185
1.97516
1.89048
1.71135
1.75384
1.86139
1.62542
1.75637
1.356
1.09512
1.0106
0.812992
0.911642
0.821486
0.739538
0.671541
0.888791
0.900907
1.0422
0.825947
0.839986
0.967458
0.980895
1.16323
0.960565
0.946152
1.22315
1.19716
1.37993
1.28339
1.22934
1.32369
1.40222
1.3479
1.23593
1.29358
1.30913
1.36217
1.1178
1.05644
1.0976
1.2549
0.985805
1.05807
1.16749
1.19306
1.0937
0.974319
1.04514
1.02432
1.15992
1.24951
0.918298
1.03882
0.818803
0.616877
0.607347
0.730837
0.434902
0.619584
0.668548
0.998788
0.970973
1.19432
1.12792
1.22854
1.37037
1.49864
1.5638
1.33561
1.5949
1.44046
1.81358
1.73517
2.07902
2.08177
1.8949
2.13014
2.01782
1.96976
2.10994
2.1099
2.19698
2.23157
2.15875
2.3012
2.34091
2.41446
2.49424
2.45612
2.48097
2.59891
2.50903
2.62464
2.42545
2.0913
2.01195
2.22237
2.28471
2.27466
2.30487
2.44126
2.48294
2.54982
2.22436
2.14815
2.03714
2.17404
2.24786
2.28492
2.21117
2.20809
2.30611
2.24607
2.55009
2.55053
2.48632
2.49309
2.10343
1.71638
1.57447
1.63844
1.48158
1.45331
1.44638
1.40942
1.46948
1.63527
1.78478
1.84027
1.89466
1.82093
1.80189
1.69818
1.97281
1.95026
2.25021
2.42512
2.35748
2.37688
2.39602
2.26963
2.32433
2.29062
2.36654
2.28297
2.27241
2.23247
2.34007
2.38769
2.60771
2.60009
2.77518
2.9381
3.02897
2.8732
2.6478
2.38051
2.36183
2.3807
2.32469
2.40764
2.65535
2.74313
2.3443
2.41573
2.75788
2.89747
3.0396
3.02967
2.94389
2.83198
2.89471
2.71073
2.69558
2.90213
2.62177
2.72321
2.88462
2.94801
2.87775
2.79826
2.70417
2.73827
2.70238
2.68458
2.70788
2.82081
2.91975
3.15618
3.08024
3.00613
2.75743
3.20985
3.26719
3.3723
3.44658
3.6928
3.63548
3.81371
3.66419
3.50253
3.67953
3.64309
3.50757
3.52605
3.51566
3.30086
3.28143
3.12206
3.08927
3.12143
3.07165
2.55762
2.64266
2.70347
2.7474
2.82182
2.94548
2.97294
2.95723
2.866
2.63864
2.86598
2.4779
2.30323
2.43173
2.82929
2.69885
2.66818
2.52797
2.33251
2.47724
2.72443
2.47115
2.06625
1.99654
1.98938
2.0125
2.1261
2.1713
1.8479
1.77702
1.74617
1.92334
1.64314
1.30905
1.30535
1.25347
1.23559
1.1423
1.0317
1.01197
0.864809
0.519327
0.437618
0.620314
0.30287
0.494847
0.464306
0.557789
0.677837
0.822764
0.787846
0.780929
0.866732
0.618377
0.841704
0.983417
1.02399
0.950823
1.24616
1.21507
1.48539
1.42235
1.55721
1.85307
1.77504
1.74929
1.78393
1.7029
1.69518
1.96767
1.97157
2.18118
2.06222
2.08866
2.02676
2.28463
2.10138
2.07413
2.08392
2.29376
2.23858
2.02942
2.13827
2.13318
2.25964
2.355
2.52018
2.30469
2.17772
2.07564
2.03635
1.89598
2.06571
2.1752
2.17026
2.09847
1.95386
1.92699
2.02008
2.05242
1.78916
1.80029
1.68744
1.71174
1.81786
1.75904
1.57727
1.37671
1.52436
1.61466
1.43559
1.70173
1.63196
1.71586
1.79707
1.75053
1.58087
1.49089
1.48112
1.27572
1.13201
1.25083
1.4876
1.47453
1.03049
0.873761
0.985637
1.1946
0.911756
1.31678
1.142
1.12628
1.07845
1.29697
1.39999
1.54959
1.59345
1.4265
1.42607
1.3283
1.38874
1.16923
1.49428
1.84764
1.89924
1.46144
1.77364
1.84639
1.9154
1.81356
1.83647
1.9736
1.84103
2.01677
2.05193
1.75609
1.62163
1.728
1.89651
2.01234
1.98769
1.99378
2.34188
2.40327
2.49817
2.03543
1.99141
2.08871
2.02951
2.05423
2.0286
2.02419
1.86138
1.8916
1.85689
1.80326
1.74353
1.48327
1.4518
1.66545
1.70386
1.92635
2.04982
2.00826
2.06782
2.17515
2.02638
2.0475
2.30128
2.44099
2.15486
2.25045
2.50516
2.37376
2.12214
2.03788
1.99219
2.21287
2.27626
2.42605
2.50399
2.48083
2.37532
2.23692
2.49964
2.29166
2.31058
2.47126
2.19962
2.24205
1.95619
1.76786
1.70978
1.87599
1.45727
1.41436
1.23548
1.45994
1.18609
1.31496
1.06968
1.10775
0.890993
0.888989
1.07603
1.0722
1.28427
1.29864
1.44958
1.36082
1.38459
1.06383
1.10077
1.05404
1.22453
1.3892
1.49228
1.55021
1.45932
1.33746
1.45338
1.38708
1.30948
1.46819
1.20363
1.25698
1.08717
1.00453
1.10594
1.19224
1.08318
1.25337
1.45843
1.14601
1.30247
1.63723
1.8882
1.84778
1.71551
1.57415
1.29602
1.07719
1.06325
1.13836
1.14052
1.1034
1.1036
1.48341
1.64326
1.77831
1.79712
1.75628
1.63263
2.03849
2.09324
2.09154
2.10752
1.80193
2.01842
2.18006
2.11919
2.21908
2.35817
2.48732
2.04655
2.28874
2.38681
2.46902
2.04533
1.84081
1.50244
1.37953
1.46279
1.33849
1.57452
1.28359
1.09783
0.978134
0.890124
1.10908
1.1602
1.08302
1.18927
1.21295
1.08622
1.10602
1.03723
0.833055
0.551665
0.508618
0.523831
0.519071
0.566873
0.318847
0.418489
0.402541
0.768673
1.00034
0.976281
0.746232
0.718172
0.688761
1.0041
0.673134
0.233919
0.673146
0.368307
0.428238
0.556793
0.990714
1.184
1.12393
1.42014
1.22937
0.92507
0.855366
0.939351
1.2155
1.10925
0.839694
0.798131
0.692716
0.442479
0.401265
0.690781
0.956317
0.798571
0.727409
0.644587
0.727299
1.08186
1.01751
0.982167
0.845298
0.829121
0.859646
0.905221
0.757638
0.626212
0.483226
0.499968
0.478431
0.447636
0.801734
0.647931
0.690111
0.442291
0.292343
0.385218
0.458807
0.423977
0.472741
0.534258
0.684947
0.590606
0.573438
0.849489
1.007
1.02159
1.24378
1.17519
1.2019
1.32709
1.39897
1.49378
1.42557
0.985347
0.897208
0.920409
0.682164
0.730145
1.22521
1.52809
1.60173
2.06396
2.16516
2.18197
2.62099
2.52329
2.44803
2.25374
2.13776
2.24404
2.38566
2.32779
2.15031
2.11462
2.03778
1.84706
1.8349
1.78106
1.64657
1.73929
1.68144
1.76434
1.83582
1.98481
2.10178
1.84898
1.58077
1.63107
1.40991
1.34435
1.28537
1.44871
1.65665
1.6113
1.75177
1.6967
1.84573
1.87477
1.81681
1.6479
1.89092
2.16935
2.3472
2.28342
2.09843
2.19035
2.21356
2.137
2.28856
2.0667
1.9713
1.99944
1.70548
1.82781
1.99018
1.82954
1.76801
1.50985
1.78301
1.80796
1.55695
1.31341
1.66083
1.55439
1.66584
1.75979
1.6277
1.7489
1.69276
1.6995
1.74546
1.93057
1.80705
1.62476
1.55856
1.5517
1.74328
1.4749
1.41101
1.51837
1.73916
1.70043
1.52258
1.40332
1.41328
1.46198
1.66026
1.55861
1.56998
1.33324
1.34101
1.32232
1.15378
1.16106
1.26725
1.54126
1.44142
1.34614
1.47424
1.26479
1.27576
1.29443
1.25657
1.38167
1.47271
1.33025
1.39652
1.62557
1.31976
1.13087
1.15207
1.2633
1.25522
1.45381
1.44034
1.45901
1.44746
1.43327
1.43642
1.42963
1.16264
1.02293
1.1277
1.1494
1.12778
1.35949
1.17989
1.42133
1.3749
1.9352
2.0301
2.13688
2.42596
2.43099
2.52883
2.39969
2.31246
2.35275
2.42681
2.603
2.847
2.70182
2.77389
3.15313
3.22833
3.29904
3.09035
3.2008
3.41942
3.57456
3.56636
3.623
3.29758
3.40229
3.26572
3.52139
3.37265
3.42035
3.32829
3.35734
3.59192
3.31526
3.03574
2.81373
2.65271
2.48577
2.29719
2.31192
2.4744
2.07054
2.10549
2.42902
2.29603
2.19277
2.29057
2.35554
2.23497
2.37856
2.41427
2.31014
2.30527
2.58146
2.301
2.28288
2.19197
2.13958
2.32243
2.19614
2.15172
1.69721
1.65025
1.44244
1.18636
0.878069
0.878069
0.941929
0.907421
0.996958
0.726292
0.525907
0.25
0.248647
0.235747
0.136237
0.602545
0.398514
0.250193
0.617414
0.598733
0.451028
0.531926
0.595804
0.368632
0.246032
0.189207
0.380962
0.303752
0.324075
0.560699
0.520392
0.454575
0.414864
0.249846
0.408538
0.609683
0.316435
0.201772
0.187577
0.349116
0.339935
0.199165
0.372263
0.443509
0.660946
0.21698
0.308782
0.269604
0.363449
0.235856
0.29247
0.389168
0.707775
0.667616
1.02259
1.24881
1.27162
1.30016
1.12656
1.1672
1.16859
0.883963
0.858224
0.864287
1.08377
1.23964
1.36308
1.38514
1.25705
1.35052
0.942296
1.14135
1.13238
0.902988
1.48159
0.791877
0.792003
0.832277
0.554826
0.547414
0.710962
0.602825
0.989451
1.08555
1.43508
1.35974
1.10082
0.899264
0.876426
0.962976
1.22163
1.26273
1.10579
1.28185
1.40585
1.11648
1.30015
1.58265
1.95753
1.93487
1.81831
1.60526
1.51056
1.74891
1.38749
1.25755
1.26946
0.983577
0.979261
0.761682
0.84602
0.928696
0.817028
0.590637
0.855902
0.909843
0.860024
0.757381
0.759502
0.804516
0.637898
0.685726
0.576807
0.531915
0.712268
0.706183
0.49798
0.417187
0.66383
0.863713
0.990615
0.942534
0.998157
1.03288
0.991568
0.681846
0.737953
0.60521
0.676331
0.827602
1.1645
1.05155
0.958742
0.995213
0.86875
1.29687
1.18341
0.89679
1.01844
1.31843
1.35068
1.83914
1.53106
1.24975
1.19237
1.45718
1.57192
1.76528
1.58916
1.59728
1.54541
1.34671
1.6266
1.42786
1.79924
2.09205
1.92169
1.76208
2.16729
1.92225
1.64666
1.60422
1.26574
0.977052
1.05368
1.2045
1.54266
1.24515
1.0393
1.01921
1.09944
0.890732
1.056
1.14649
1.1929
1.1275
1.14696
1.13923
0.971017
0.826176
0.939953
0.910701
1.17109
0.983369
1.08635
1.1308
1.20306
1.43955
1.3067
1.25692
1.02482
1.02731
1.08553
1.31504
1.09304
0.83834
0.929121
0.861263
1.15582
1.17923
1.12487
1.12924
1.45373
1.4815
0.956906
1.0559
0.952576
1.34582
1.37214
1.48463
1.62993
1.50472
1.38305
1.27479
1.14124
1.1419
1.06371
1.03204
1.10574
0.96187
0.904683
0.687468
0.578849
0.279748
0.485185
0.383435
0.336344
0.558688
0.536047
0.626563
0.796666
0.499378
0.39653
0.628531
0.678135
0.76731
0.724792
1.32565
1.14485
1.0642
0.932135
0.716764
0.63796
0.610933
0.693796
0.846687
1.03203
0.895038
0.801867
0.700356
0.462573
0.419812
0.560161
0.98078
0.999768
0.837815
0.839819
0.948706
0.904201
0.967143
0.817557
1.02812
1.22618
1.17839
1.26118
1.10279
0.973243
0.787753
0.793821
0.929124
1.0661
1.16381
1.18442
1.12786
0.7901
0.735545
0.717669
0.801474
0.951992
0.824785
1.1527
1.21914
1.13815
1.03137
1.19886
1.25688
1.386
1.52596
1.48959
1.30164
1.23509
1.51811
1.55415
1.34639
1.07982
1.02449
0.926253
0.567789
0.661595
0.81591
0.841984
0.751615
0.810392
1.21121
1.16404
1.42851
1.63818
1.64544
1.50722
1.47835
1.45234
1.33404
1.56065
1.66483
1.20863
1.40497
1.28112
1.27055
1.12373
1.04801
1.02367
1.29196
1.42261
1.48889
1.41066
1.32593
0.987838
1.28128
0.978273
0.975392
0.82173
0.809932
0.982699
1.17147
1.23133
1.2604
1.18887
1.12283
0.944602
1.16153
0.85721
0.72418
0.902952
0.941775
1.07736
1.2526
1.47515
1.7531
1.727
1.85978
1.96919
1.77844
1.55521
1.58607
1.54662
1.99456
2.08338
2.16562
2.0123
1.76941
1.72194
1.68446
1.55223
1.77354
1.58297
1.62035
1.74136
1.90183
1.93514
1.94673
2.02759
1.9571
2.47741
2.60635
2.60738
2.54474
2.30323
2.39601
2.24402
2.21297
2.01433
2.30805
2.36823
2.36244
2.50561
2.68391
2.53851
2.43057
2.33738
2.57408
2.36109
2.41106
2.21109
2.32033
2.48607
2.67183
2.89931
2.98519
3.41078
3.33223
3.1363
3.10678
3.26016
3.11124
3.14134
3.01785
3.1509
3.31047
3.41861
3.1629
2.98301
2.91895
3.02195
3.15996
3.30357
3.15249
3.10536
2.97635
2.57907
2.68778
2.84103
2.77095
2.86545
2.81073
2.59054
2.66258
2.66235
2.43403
2.80909
2.91025
3.00428
2.92239
2.94319
3.06978
3.08437
3.44137
3.2455
3.24089
3.18847
3.16989
3.33031
3.62347
3.58601
3.71342
3.84985
3.89838
3.86536
3.75409
4.06206
4.10238
4.08724
4.23812
4.28722
4.23291
4.35052
4.36476
4.60977
4.47301
4.41993
4.29385
4.18985
4.18335
4.1423
3.78473
3.65033
3.51037
3.27657
2.94394
3.12332
3.34374
3.11017
3.07523
3.18207
3.0089
2.87871
2.89877
2.96786
3.11417
3.07519
3.01573
2.77444
2.80394
2.84348
3.15176
3.22292
3.43867
3.35734
3.61161
3.65999
3.77732
3.61149
3.41893
3.35467
3.36719
3.04561
2.84139
2.82978
2.71672
3.15609
2.76673
2.61372
2.51786
2.51923
2.37582
2.27468
2.67341
2.51425
2.30623
2.46389
2.49454
2.57585
2.47071
2.30707
2.13359
1.97305
1.99551
1.97198
1.71626
1.82291
1.78975
1.93207
1.90742
2.01093
1.91439
1.98505
1.95711
2.07053
2.13962
2.29692
2.20976
2.15004
2.37578
2.41514
2.27849
2.0891
2.29315
2.48465
2.39152
1.95606
2.012
2.16094
2.11574
1.90157
1.71
1.50869
1.7413
1.73811
1.86252
1.94683
1.93045
1.88995
1.9684
2.0968
1.91099
1.85899
1.48463
1.51312
1.36007
1.55147
1.42592
1.17928
1.05638
1.0794
1.02916
0.622863
0.84379
0.897541
1.07918
0.941955
1.05053
0.848574
1.01345
0.90446
1.44699
1.15789
1.3132
1.36016
1.56463
1.27689
1.49864
1.24457
1.375
1.21065
1.02041
0.776413
1.1002
1.16358
1.1616
1.03718
0.944084
1.07183
