2.30717
2.1793
2.03445
2.27483
2.10455
2.32585
2.33704
2.27355
2.31183
2.09875
2.16873
2.05381
1.95984
1.78381
2.09841
2.00293
2.09989
2.04539
2.07673
2.19867
2.20385
2.12751
2.13214
2.3113
2.39102
2.4936
2.63861
2.51809
2.57526
2.43009
2.38643
2.33193
2.38815
2.16619
2.22657
2.04876
1.98512
1.63314
1.85844
1.87391
1.71385
1.65773
1.80772
1.87248
1.60667
1.38774
1.1718
1.1755
1.11027
1.06661
1.06314
1.1812
1.11411
0.712519
0.72097
0.707015
0.587889
0.633779
0.484218
0.778683
0.978484
1.10551
1.31166
1.15858
1.23615
1.21615
1.39631
1.30926
1.31253
1.0351
1.198
1.40232
1.4002
1.39405
1.54034
1.78899
1.63769
1.36233
1.43595
1.20916
1.81093
1.87669
1.73074
1.61687
2.05445
2.2866
2.44348
2.6268
2.57316
2.32937
2.30797
2.49753
2.63433
2.43083
2.52803
2.60306
2.59987
2.76521
3.09382
3.02028
2.91451
2.85512
2.8093
2.82584
2.65934
2.1166
1.91814
1.779
1.97716
2.01213
2.19541
2.35007
2.18107
2.29008
2.38377
2.5745
2.31075
2.49227
2.32966
2.35527
1.91145
1.9418
1.8407
1.81746
1.90037
1.92923
2.1736
2.00171
2.30269
2.2782
2.40145
2.43607
2.36233
2.27598
2.2774
2.10031
1.84161
1.7437
1.69684
1.77669
1.71285
1.8291
1.64365
1.37354
1.50127
1.51766
1.66363
1.66713
1.76068
1.9293
2.04432
1.96461
1.95187
2.01597
1.94989
2.18613
2.24637
2.00226
2.2448
2.35839
2.44983
2.29995
2.38004
2.39654
2.47623
2.31057
2.5798
2.49158
2.44943
2.39565
2.16915
2.35304
2.00146
1.92041
2.45782
2.25295
1.93925
1.66974
1.69318
1.66659
1.69969
1.72853
1.85016
2.0389
2.25546
2.14072
2.36078
2.16446
2.25093
2.54467
2.10492
2.1949
2.02742
1.93778
1.84385
1.70034
1.61266
1.53927
1.4919
1.53067
1.61766
1.71128
1.5515
1.91468
1.86932
2.05197
2.19421
2.22856
2.13601
2.25084
2.27651
2.7431
2.70315
2.54416
2.45052
2.4573
2.64044
2.49515
1.94913
2.0649
1.92848
1.86681
1.61037
1.43871
1.37517
1.37512
1.21311
1.4374
1.56332
1.37422
1.66738
1.95135
1.96901
1.87596
1.88638
1.94065
2.27214
2.29818
2.42044
2.45127
2.37068
1.78389
2.05599
2.06191
2.23591
2.24467
2.31678
1.85455
1.85396
2.04107
2.15564
2.06714
2.04376
2.14825
2.20096
1.7848
1.6828
1.51603
1.69157
1.72348
2.13026
1.98778
1.98396
2.02092
2.31866
2.61242
2.49377
2.43251
2.51153
2.14312
2.3322
2.50065
2.57109
2.38586
2.49237
2.4543
2.70021
2.692
2.86826
2.57018
2.58663
2.41189
2.67809
2.44188
2.70788
2.475
2.27861
2.18681
2.14553
1.94137
1.67845
2.07388
2.15926
2.05524
1.98874
1.92293
1.8525
1.70149
1.71684
1.69537
1.62086
1.71632
1.77488
1.6264
1.85866
1.91367
1.98427
2.07792
1.93095
1.94236
2.06114
1.8759
1.98171
2.12046
2.07607
2.57614
2.64301
2.36427
2.75435
2.78728
2.85972
2.77209
2.89222
2.93522
2.77095
2.62908
2.81929
2.75328
2.79065
2.53078
2.55132
2.69848
2.57927
2.61503
2.2506
2.51844
2.71417
2.69164
2.45478
2.56845
2.8823
2.98163
2.99849
3.05842
3.05911
3.02246
2.88159
3.02452
3.11342
2.99333
3.04204
3.093
3.25557
3.14061
3.18312
3.7182
3.81247
3.8109
3.82511
3.74081
3.76049
3.76842
3.41765
3.38855
3.16868
3.25795
3.4278
3.43093
3.53638
3.44091
3.0613
2.96558
3.29145
3.48234
3.2683
3.38244
3.34101
3.56387
3.35005
3.51511
3.41467
3.58785
3.61679
3.82625
3.87364
3.85577
4.1322
4.43223
4.55
4.67351
4.56491
4.54675
4.36252
4.26284
3.78796
3.81332
3.85141
3.93899
4.10348
4.09458
3.70994
3.89223
3.82604
3.8555
3.71295
3.89204
3.93289
3.70913
3.87908
4.02895
3.96697
3.99298
3.74323
3.71943
3.78937
3.51855
3.90346
3.88175
4.05596
4.03395
3.62081
3.60182
3.77332
3.73658
3.40259
3.38344
3.64842
3.77304
4.10003
3.95926
3.7087
4.00735
4.13101
4.30173
4.60074
4.52983
4.39808
3.97613
3.87343
3.79911
3.90778
3.76802
3.83675
3.66474
3.38982
3.50907
3.33497
3.32175
3.35968
3.63965
3.76761
3.36581
3.14016
3.03327
3.00719
3.26457
3.08681
3.131
3.19782
3.26604
3.18104
3.17315
3.01457
3.18098
3.27712
3.41208
3.41468
3.84194
3.46447
3.86117
3.77892
3.50357
3.5351
3.48925
3.51051
3.63782
3.47691
3.04397
2.87304
2.57974
2.49753
2.21057
2.04494
2.01828
2.11916
2.268
2.19591
1.94284
1.66203
2.2742
2.55357
2.29134
2.29224
2.35442
2.63051
2.65533
2.56593
2.56437
2.97981
2.41925
2.36369
2.10472
2.09386
2.15014
2.56985
2.60415
2.66784
2.47302
2.61214
2.44317
2.55132
2.70216
2.73544
2.29895
2.02646
2.37999
2.37894
2.68416
2.66544
2.64988
2.70997
2.5635
2.45643
2.81922
2.87844
2.81401
2.5958
3.10705
2.69716
2.47155
2.53623
2.68453
2.61394
2.77438
2.87599
3.14544
3.39942
3.85553
3.94949
3.95242
3.93055
3.36028
3.64046
3.70971
3.83027
3.91094
3.52305
3.48153
3.55801
3.69737
3.59569
3.43804
3.48549
4.04319
3.86034
4.1419
3.98497
3.73338
3.83477
3.74644
3.78364
3.75639
3.70838
4.03058
3.83115
4.01447
3.88515
4.00288
3.79253
4.04108
4.12583
3.95752
4.09473
3.75934
4.0011
3.6421
4.09084
4.21626
4.27891
4.27775
3.7828
3.25486
3.00085
3.27629
3.17748
3.17211
3.00717
3.1428
3.2229
3.47252
3.48621
3.21149
3.20319
3.64612
3.51559
3.33435
3.2588
3.57656
3.30198
3.27256
3.29333
3.24658
3.16038
3.27843
3.58399
4.12215
4.21944
4.48921
4.44501
4.50757
4.29354
4.20574
4.18256
4.2159
4.12548
3.82216
3.76503
3.57834
3.70043
3.68217
3.98197
4.24192
4.31502
4.5365
4.32355
4.33257
4.25891
4.16607
4.1012
4.05692
4.22384
4.33736
4.66046
4.25306
4.2948
4.5444
4.06465
4.01724
3.79555
3.83611
3.80711
3.85866
3.97181
4.27139
4.1196
4.22265
4.10129
4.15281
4.1941
3.85107
3.87006
3.49767
3.53193
3.28991
3.23848
3.15425
2.92412
3.38157
3.33871
3.37918
3.33601
3.38933
3.3921
3.17253
3.09123
3.17144
2.78291
2.78073
2.60828
2.65922
2.34664
2.01918
2.21328
2.43039
2.30191
2.3642
2.32679
2.19895
2.28745
2.71994
2.46735
2.58647
2.28897
2.01862
1.74883
1.93608
1.91291
2.22704
2.13346
2.36462
2.71253
3.04499
3.03015
2.94375
2.76254
2.7965
2.92702
2.66671
2.90048
2.90579
2.67066
2.52646
2.58218
2.41375
2.41441
2.41063
2.46887
2.59661
2.25886
2.28541
2.20444
1.7349
1.85018
1.82767
2.15186
2.36289
2.15889
2.28269
2.82191
2.9035
3.07249
3.06615
3.29883
3.57026
3.53236
3.62232
3.88663
3.583
3.66769
3.89179
3.75201
3.83521
3.9999
3.94522
4.01258
3.98428
3.67979
3.84466
3.80884
3.74754
3.91799
4.218
4.02728
4.2203
4.17216
4.12998
4.12607
4.56818
4.59897
4.701
4.93435
5.1856
5.21985
5.01383
5.07906
4.83577
4.58574
4.38904
4.31364
4.35603
4.10824
4.28522
4.28053
4.07639
3.72728
3.44378
3.64866
3.74898
3.53898
3.81893
3.89414
3.87776
3.93864
3.91803
4.16622
4.42231
4.37881
4.20619
4.07148
4.36316
3.99344
4.18998
4.05186
4.21228
4.13524
4.53661
4.87063
4.72827
4.70639
4.81716
4.80565
4.56646
4.49052
4.53265
4.52888
4.45384
4.63342
4.65098
4.71423
4.64825
4.77837
4.49699
4.54223
4.79612
4.71292
4.87109
4.84308
5.24526
5.15522
5.07482
4.93905
4.95549
5.02507
4.6013
4.67578
4.54322
4.5608
4.71161
4.47321
4.27231
4.19769
4.20673
4.19845
4.17598
4.40613
4.48803
4.33604
4.42985
4.34405
4.60838
4.55299
4.48148
4.53548
4.62183
4.69255
4.7279
4.54021
4.56103
4.71758
4.81352
4.65941
4.54608
4.62383
4.10416
4.14205
4.09137
4.01395
3.8461
3.66674
3.68802
3.82192
3.8842
3.86109
3.81631
3.91619
3.75678
3.3689
3.49568
3.65872
3.77566
3.56346
3.57461
3.77297
3.54513
3.77824
3.69484
3.99883
3.93924
3.90462
3.89986
4.36354
4.20903
3.95342
3.31122
3.35817
3.25161
3.26188
2.90073
3.2467
3.19499
2.97305
2.93926
2.6794
2.91137
2.74309
2.61276
2.70378
2.71211
3.02126
3.14632
3.32785
3.34581
3.62347
3.69731
3.87572
3.91447
3.78814
3.67886
3.72624
3.74018
3.90926
3.80669
3.93583
4.16444
4.2885
4.45588
4.51686
4.55583
4.62035
4.42359
4.55742
4.48697
4.55566
4.78942
5.01747
4.78571
5.04214
5.01338
5.14598
5.11981
4.98755
4.90645
4.92466
4.70383
4.85682
5.02759
4.69374
4.7561
4.409
4.98906
4.92303
4.88973
4.93229
4.99086
4.82519
4.66057
4.60669
4.97501
5.17416
5.36466
5.41957
5.37548
5.2056
5.5567
5.75994
5.56752
5.90237
6.00349
5.89341
5.91708
5.65553
5.68273
5.59578
5.94928
6.07029
6.02496
6.11708
5.88647
6.04013
5.98863
5.78962
5.96661
6.23019
6.00612
5.92231
5.95683
5.80321
5.61035
5.67677
5.73772
5.58628
5.78602
5.80378
6.23911
6.20224
6.04781
5.8508
6.00393
6.14599
6.40488
6.34464
6.43547
6.50657
6.6866
6.59708
6.45388
6.49982
6.58418
6.49481
6.29187
6.3817
6.28038
5.98383
5.91273
5.64715
5.50284
5.72294
5.89802
5.45559
5.82807
5.84993
6.35556
6.4044
6.41414
6.24779
6.22059
5.97255
6.02008
6.00203
6.26444
6.16268
5.95062
5.57578
5.83658
5.84488
5.34218
5.15622
5.23652
5.10567
5.07284
5.47415
5.37347
5.49134
5.0561
4.87484
5.13178
5.4474
5.33534
5.56031
5.63604
5.69229
5.86234
5.90772
5.83803
5.64429
5.61886
5.68629
5.42716
5.39642
5.36462
5.50582
5.78737
5.79705
5.70104
5.64987
5.86651
5.7302
5.77322
5.41112
5.43309
5.58713
5.23199
5.23279
4.90816
5.13443
4.99109
4.78807
5.18134
5.03398
4.89428
4.7091
4.62397
4.51135
4.53008
4.6249
4.51794
4.71618
4.81744
4.84264
4.882
4.81736
4.83068
4.94893
5.3168
5.22596
5.25232
5.03717
5.04608
4.92879
4.81587
4.72132
5.38588
5.92302
5.91762
5.56184
5.40662
5.36541
5.11914
5.07541
4.82821
4.88729
5.26781
5.40615
5.47492
5.47896
5.59378
5.42954
5.09439
5.21327
5.23494
5.24022
5.47072
5.55929
5.50131
5.77156
5.49497
5.54077
5.45664
5.54979
5.34967
5.47498
5.45576
5.44585
5.43966
5.29701
5.52622
5.73839
5.69446
5.51458
5.32673
5.69994
5.04043
5.18483
5.03792
5.02953
4.88976
4.96649
5.24555
5.10898
5.28798
5.16821
4.98011
4.71135
5.11014
5.15387
5.04607
5.41691
5.49356
5.69753
5.69398
5.57931
5.68335
5.66894
5.49584
5.49241
5.26684
5.35915
5.41666
5.34349
5.78694
5.81059
6.10391
5.78952
5.555
5.69233
5.39517
5.57255
5.18656
5.15359
5.0025
4.96929
4.8206
4.67863
4.82953
4.6838
4.7866
5.26816
5.05994
5.25766
5.30719
5.47941
5.66376
5.83386
5.65961
5.55001
5.56126
5.66991
5.95434
5.88731
5.76187
5.91716
5.97171
5.98595
6.13976
6.28915
6.27088
6.00719
5.89651
5.96426
5.90549
5.49955
5.45498
5.37177
5.45352
5.14175
5.2752
5.43724
5.48514
5.3519
5.20498
5.27933
5.55094
5.51803
5.56147
5.58466
5.56407
5.62354
5.84168
6.0083
5.86361
5.9394
5.87828
5.98777
6.01479
5.88222
5.66672
5.81972
5.87706
5.90227
5.73306
5.50838
5.69661
5.64211
5.69932
5.4434
5.42832
5.38433
5.61276
5.51262
5.33988
5.12887
5.14069
4.7679
4.84674
4.47918
4.58142
4.54461
4.35807
4.70279
4.7374
4.67059
4.54814
4.43195
4.27877
4.16534
4.31326
4.2395
4.18335
3.93784
3.94356
4.03285
4.06209
3.86699
4.10757
4.25387
4.43368
4.20656
4.4994
4.50323
4.3301
4.29992
4.38328
4.32643
4.45816
4.71478
4.67514
4.71873
4.7695
4.83513
4.75813
4.58213
4.75927
4.78227
4.69665
4.31948
4.04969
4.01148
4.0981
4.18584
4.29043
4.27869
4.18585
3.8689
3.62274
3.81253
3.91258
4.03029
4.14869
3.96446
3.95023
3.93496
4.00811
3.93306
3.92938
4.05034
4.07263
4.11342
4.08757
4.46279
4.39739
4.34423
4.20881
3.97844
3.83247
4.05484
4.00143
4.09184
4.27999
4.24444
4.26001
4.39658
4.49976
4.34361
4.22051
4.40185
4.17143
4.41188
4.46865
4.17503
4.38064
4.40926
4.40932
4.35613
4.25951
4.3532
4.22841
4.18068
4.00388
3.74167
3.88675
4.08639
3.99769
3.78435
3.7518
3.58842
3.63898
4.03298
3.90878
3.90197
3.73206
3.75841
3.72561
3.54294
3.69835
3.73852
3.50941
3.81594
3.80818
4.01712
4.04831
3.77139
3.8658
4.28809
4.00492
4.01595
4.08458
3.86892
3.83741
4.01831
4.18106
4.30891
4.16914
4.07958
4.25075
4.11171
3.69065
3.69697
3.85206
3.77999
3.79264
3.80506
3.87561
3.84098
4.04851
4.30846
4.38534
4.03459
4.18681
4.29683
4.4326
4.38664
4.44036
4.79349
4.63267
4.78959
4.8295
4.82124
4.63772
4.63719
4.59559
4.26297
4.43566
4.37487
4.42278
4.15829
4.13023
4.03314
4.33036
4.52309
4.47043
4.73447
4.69236
4.688
4.96651
4.549
4.55895
4.64544
4.70366
4.88603
4.85528
5.27752
5.31377
5.24254
5.23424
5.35642
5.1279
4.89902
4.9236
5.32131
5.51984
5.22728
5.46525
5.22553
5.10276
5.09697
5.04167
5.08994
5.02378
4.92502
4.98533
4.93498
4.69297
4.88254
4.81041
4.62423
4.81912
4.83305
4.6464
5.04356
4.96965
4.89817
4.75568
4.61269
4.4057
4.06214
4.16174
4.45496
4.34998
4.50678
4.46146
4.64583
4.87263
4.7993
4.7882
4.4657
4.13557
4.01771
4.13168
4.14174
3.86778
4.09842
3.92395
3.88978
3.73851
3.50704
3.55383
3.58245
3.60804
3.59293
3.62694
3.31219
3.42675
3.43813
2.96241
2.6086
2.83516
2.80823
2.79051
2.56458
2.3432
2.41474
2.51425
2.39329
2.16714
2.23263
2.2448
2.07874
2.28372
2.2494
2.16665
2.1504
2.29071
2.39883
2.20408
2.78907
3.24864
3.01623
2.7978
2.9888
2.85887
2.88914
2.89916
2.72971
2.77426
2.95268
2.77281
2.80303
2.8455
2.92585
2.68967
2.53331
2.61249
2.67384
2.67437
2.79773
2.98791
3.14497
2.94502
3.09809
2.91812
2.53255
3.10617
3.22929
3.19698
3.48368
3.30139
2.72092
2.72181
2.72656
2.77711
2.7603
2.2254
2.35175
2.65376
2.39806
2.28877
2.32755
2.228
2.15157
2.08528
2.07708
1.99981
2.23824
2.07333
1.94419
1.79932
2.02246
1.83798
1.96704
2.05992
1.70472
1.75596
1.56458
1.67657
1.42834
1.44313
1.59389
1.39122
1.43081
1.1766
1.3818
1.49425
1.48217
1.63693
1.84283
2.03946
1.68756
1.68222
1.7971
1.60312
1.69529
1.76704
1.7417
1.54845
1.44437
1.45271
1.31159
1.36593
1.69793
1.6651
1.6153
1.63768
1.56137
1.6919
1.80779
1.86939
1.82743
1.827
1.96452
1.86262
1.95215
1.61941
1.47885
1.27881
1.32507
1.34968
1.68001
1.78723
1.69036
1.68601
1.82312
1.78323
1.64457
1.69043
1.39323
1.38565
1.24719
1.37934
1.07701
0.805165
0.623115
0.634274
0.777205
0.935072
1.21921
1.49707
1.31598
1.35328
1.32389
1.41212
1.41156
1.94557
1.91034
1.9945
1.92722
1.83434
1.73846
1.80767
1.59673
1.89538
1.94605
1.74958
1.893
1.55686
1.48126
1.73601
1.69409
1.87558
1.97154
2.07994
1.91504
1.89431
