0.854554
1.03368
0.942013
0.852127
0.647639
0.70771
0.868327
0.790759
0.668184
0.588421
0.656823
0.814646
0.732195
0.822123
0.817274
0.757464
0.72411
0.855695
0.838504
1.02986
1.07627
1.12421
1.03666
1.25215
1.39594
1.55726
1.5195
1.65178
1.5982
1.66305
1.91648
1.84072
1.78015
1.60028
1.46737
1.43954
1.71908
1.82881
1.6111
1.97202
2.00154
1.84965
1.48708
1.60315
1.67173
1.79721
1.6304
1.93427
1.73255
1.88769
1.84172
1.67637
1.81451
2.01484
1.73022
1.53696
1.39961
1.69015
1.77457
1.93873
1.93301
1.66992
1.86897
1.85276
1.72041
1.69465
1.58347
1.59615
1.55886
1.34563
1.39304
1.13156
0.964044
0.961197
0.993414
1.07447
1.45621
1.46556
1.47665
1.68898
1.60769
1.97549
1.82044
1.60882
1.61985
1.72646
1.61416
1.6311
1.56383
1.39825
1.44209
1.42419
1.52185
1.64516
1.3248
1.12996
1.17797
1.21597
0.933293
1.14658
1.1733
1.37029
1.48997
1.64158
1.67115
1.68281
1.70363
1.77953
1.78631
1.69774
1.85899
1.70599
1.62054
1.41988
1.53183
1.461
1.38012
1.64739
1.80017
1.88672
1.9954
1.91221
1.80348
2.33385
2.04628
2.20664
2.75692
2.82638
2.54281
2.64966
2.81997
2.25828
2.63633
2.89739
2.96132
3.35886
3.33351
3.48756
3.55136
3.44148
3.47446
3.84491
4.02736
3.70554
3.37408
3.22461
3.66966
3.954
3.8166
3.62651
3.58082
3.63455
3.5277
3.40153
3.35719
3.19635
3.32714
3.12697
3.09029
3.1915
3.17305
2.94997
2.92084
2.55161
2.70987
2.65673
2.67568
2.4026
2.57579
2.48682
2.61606
3.12631
3.10108
3.34581
3.40461
2.97319
3.11774
3.10769
3.3233
3.02498
3.23781
3.41527
3.20081
2.91955
2.96183
3.23616
3.07123
2.7665
3.27306
3.0554
3.17785
2.88615
2.81784
2.9984
2.87787
2.96603
2.78917
2.94454
2.96925
2.89435
2.85666
2.855
3.30084
3.25225
3.03107
3.20271
3.15181
2.82185
2.93757
2.62533
2.64187
2.84503
2.74509
3.04548
2.93674
2.95954
2.81408
2.92752
2.91758
2.98159
3.05689
2.98702
3.15039
3.00425
2.60732
2.28787
2.30883
2.15523
1.81953
1.94332
2.07886
2.08781
2.17228
2.20195
2.2459
2.22751
2.43499
2.29428
2.53234
2.58462
2.72656
2.93093
2.62813
2.54978
2.50856
2.89261
3.04195
3.04488
3.11194
3.44556
3.29118
3.20285
3.0865
2.71784
2.76529
2.75431
2.72472
2.74684
2.77438
2.77865
2.98606
2.96581
3.2152
3.17609
3.36493
3.58269
3.23059
3.35159
3.46997
3.6073
3.59048
3.25805
3.00382
2.89337
3.16507
2.76845
2.72591
2.91673
2.98459
3.17414
3.3407
3.4297
3.37661
3.48803
3.65615
3.72274
3.89676
4.06695
4.18962
4.01267
4.29771
4.30243
4.53302
4.05328
3.93761
3.99185
4.08937
4.20122
4.47759
4.48401
4.80425
4.63337
4.65245
4.50404
4.64813
4.4689
4.6505
4.80347
4.75875
4.91285
5.19395
4.83812
4.42653
4.37297
4.45864
4.46321
4.82538
4.48829
4.12247
3.9219
3.79515
3.72845
3.76551
3.83214
3.77409
3.97569
4.00229
4.15282
4.21213
4.00615
4.06298
3.73452
4.06741
4.15217
4.04223
3.9817
3.85335
3.51979
3.68898
3.90424
4.30469
4.15336
4.11948
4.38163
3.89516
3.84703
3.8758
3.55811
3.55345
3.23908
3.37969
3.78621
3.73211
3.52489
3.38292
2.79965
3.20124
3.61095
3.59882
3.58262
3.39486
3.0867
3.135
3.22861
3.51497
3.75667
3.77171
3.86143
3.90476
3.86112
3.59366
3.60263
3.58801
3.45539
3.47606
3.29592
3.37485
3.31236
3.2906
3.09248
3.23033
3.09668
3.55376
3.15501
2.97395
2.97886
3.09363
3.08166
3.03804
2.85743
2.7511
2.53266
2.51054
2.81358
3.04281
2.98438
3.52728
3.66206
3.94917
3.58408
3.62326
3.3671
3.53039
3.5213
3.93131
3.91545
3.85754
3.84966
4.11294
4.20393
4.06353
3.98252
3.98957
4.18685
4.09849
3.90283
3.78407
4.04274
4.0856
4.19198
4.0994
4.00615
4.05731
3.65982
3.89485
3.72761
3.57425
3.64461
3.53701
3.31337
3.41855
3.38761
3.49506
3.36229
3.3711
3.63368
3.70353
3.78275
3.95339
4.06456
3.9052
4.02691
4.04509
3.75683
3.92331
4.34389
4.63761
4.44585
4.54056
4.45386
4.26776
4.42277
4.18247
4.23921
4.23522
4.24392
4.41236
4.10451
4.14186
4.4053
4.71631
4.57738
4.16859
4.05956
3.62593
3.76107
3.74887
3.72705
3.52238
3.80451
3.88956
3.94272
3.92447
3.78288
3.73896
3.61777
3.72932
4.01559
3.94108
3.72352
3.60829
3.68555
3.57537
3.40015
3.48306
3.1966
3.21896
3.44105
2.94151
3.42515
3.40096
3.28442
3.55397
3.4716
3.4544
3.47928
3.61611
3.59044
3.55779
3.28018
3.61351
3.44712
3.47805
3.51652
3.38477
3.47868
3.2157
3.42414
3.52315
3.48259
3.38126
3.44687
3.61919
3.5039
3.647
3.68931
3.82484
3.47959
3.54182
3.63564
3.65529
3.55759
3.45871
3.14287
3.0351
3.03537
3.09985
3.01452
3.13895
3.15861
3.00476
2.77766
2.79526
2.85914
2.95903
3.14283
2.83084
2.74409
2.99975
3.18793
3.25713
3.14389
3.25162
3.12463
3.00397
2.97141
3.38445
3.33497
3.18177
3.19827
3.33627
3.47129
3.52618
3.32922
3.32766
3.35361
3.32181
3.36747
3.25165
2.78308
2.7054
3.15935
2.92791
2.83544
2.93385
2.86032
3.25274
3.25379
3.12616
3.15659
3.036
3.22015
3.49712
3.52342
3.14488
3.18983
3.24013
3.3341
3.31936
3.00417
3.21714
2.97427
2.95577
3.08731
2.81935
2.85416
2.8055
2.69071
3.00314
3.0154
3.0972
2.9506
2.70298
2.85382
3.02099
3.06984
3.12415
3.1261
3.33535
3.41614
3.39509
3.60097
3.32865
3.48126
3.44991
3.52717
3.3287
3.43712
3.61876
3.76206
3.59705
3.77807
3.75141
4.04422
3.86954
3.64731
3.95321
3.74071
3.74592
3.35792
3.36935
3.3675
3.22052
3.00793
3.06854
3.06028
2.92502
2.76451
2.66224
2.46589
2.24341
2.5024
2.18814
2.18419
2.31006
2.50925
2.53733
2.38826
2.55238
2.6043
2.65259
2.73275
2.62813
2.30135
2.30557
2.34966
2.32786
2.2525
2.17129
2.33241
2.09721
1.84627
1.81942
1.79599
1.6518
1.83783
1.87981
1.70196
1.8921
2.04858
2.06639
2.16416
2.35952
2.40817
2.53237
2.77954
2.77726
2.73234
2.69086
2.91858
3.23602
3.20786
3.077
3.00212
3.08392
2.8072
2.68961
2.44822
2.34199
2.22644
2.32413
2.17319
1.7442
1.6911
1.70146
2.01372
1.62132
1.72866
1.8109
1.71254
1.74798
1.85946
1.90574
2.15833
1.98748
1.79423
2.11492
2.17022
2.2512
2.29777
2.22585
1.9164
1.98777
2.05671
1.89847
2.12249
2.00846
1.79547
1.76553
1.76357
1.76339
1.39897
1.24735
1.5
1.64811
1.53765
1.61573
1.77064
1.85875
2.09928
2.07429
2.00013
1.99073
2.17722
1.85296
1.95997
2.07893
1.87301
1.46281
1.6602
1.4646
1.45416
1.47376
1.17134
1.39917
1.18995
1.0352
0.900912
1.04987
0.794278
0.811201
1.05921
0.991595
1.17096
1.32404
1.05799
0.906994
0.778659
1.06601
0.891914
0.922647
0.732896
0.846979
0.881793
0.750378
0.964228
0.959462
0.915171
1.12963
0.802013
0.817294
0.930885
0.681156
1.02589
1.25819
1.43831
0.993152
0.809769
0.745419
0.527593
0.990968
1.0869
0.901882
0.94691
0.837408
0.534089
0.654357
0.478607
0.369059
0.369027
0.491819
0.747484
0.630053
0.546852
0.572577
0.655628
0.509904
0.281068
0.207705
0.144112
0.373479
0.255513
0.533709
0.297237
0.192654
0.206249
0.291401
0.30081
0.0499033
0.119023
0.815892
0.795725
0.676899
0.470642
0.564299
0.424715
0.29358
0.573505
0.172046
0.587452
0.800366
0.926483
0.793633
0.577388
0.857233
1.06448
1.0249
1.2673
1.32387
1.38165
1.45531
1.31543
1.28506
1.12128
0.980684
1.01202
0.937346
1.29876
1.14136
1.1269
1.21256
0.890759
0.971811
0.710352
0.561746
0.537143
0.437662
0.584519
0.518048
0.632679
0.478095
0.400767
0.30301
0.302842
0.0470372
0.224987
0.0885313
0.0957875
0.176426
0.0592882
0.134497
0.479844
0.258548
0.137184
0.337314
0.672717
0.526171
0.790581
1.06189
1.18954
0.986635
0.854695
0.85863
0.945609
0.94422
0.948453
1.08429
0.872573
0.813727
0.810004
0.872016
0.888911
1.03282
0.916569
0.894706
0.965739
0.885143
0.747843
0.85118
0.951801
1.09128
1.13344
0.963723
1.01211
1.26044
1.21105
1.27736
1.16447
1.09965
1.18531
0.909131
0.978723
1.16445
0.780249
0.547227
0.504601
0.334339
0.44971
0.417889
0.167621
0.204749
0.22625
0.556736
0.685664
0.561693
0.804321
0.65222
0.684818
0.946344
0.892269
0.643325
0.597567
0.531045
0.724885
0.373018
0.18439
0.216618
0.481344
0.460542
0.430736
0.123625
0.394926
0.578535
0.371116
0.496155
0.43069
0.80243
1.05373
1.19226
1.53061
1.54763
1.48042
1.20273
1.20321
1.15987
0.889205
0.674293
0.669693
0.763945
0.295674
0.246401
0.447013
0.501255
0.645982
0.497666
0.403555
0.218085
0.218901
0.30839
0.414955
0.25188
0.104549
0.53823
0.36498
0.461905
0.537807
0.443043
0.429291
0.523768
0.28546
0.734
0.393022
0.241465
0.186695
0.445266
0.634636
0.563645
0.592618
0.583425
0.690323
0.65278
0.660881
0.471134
0.57612
0.605125
0.901557
0.748706
0.62063
0.636101
0.481006
0.592035
0.376885
0.405218
0.689933
0.210645
0.34789
0.555181
0.391858
0.553193
0.602372
0.714215
0.50551
0.368331
0.2836
0.630747
0.710742
0.663094
0.631876
0.599561
1.03265
0.797802
0.604568
0.465921
0.667515
0.649523
0.724843
0.566234
0.474881
0.500541
0.400287
0.499644
0.00843516
0.103424
0.423216
0.514947
0.710748
0.534221
0.879762
0.906052
0.694197
0.633163
0.558327
0.515165
0.517913
0.708154
0.896837
1.00299
1.03477
1.06975
0.969613
1.09009
1.00975
0.971885
1.02909
0.939175
0.75918
0.940344
0.736202
0.971095
0.940824
0.751062
0.689324
0.664154
0.523228
0.614334
0.414187
0.623974
0.592209
0.818312
0.991687
0.914002
0.716843
0.849579
1.04384
1.1444
1.20368
1.05714
0.953451
0.952743
1.25211
1.01965
1.12336
1.13585
1.15991
1.13219
1.40571
1.49459
1.30979
1.09983
0.933264
1.15873
0.905783
0.797664
0.689701
0.912303
0.883556
1.02341
0.883162
0.945072
1.03473
0.735711
0.612015
0.699283
0.518729
0.862743
0.880155
0.688039
1.13252
1.3611
1.28241
1.38693
1.52896
1.88663
1.46823
1.34958
1.43466
1.29501
1.20331
1.25372
1.42404
1.51368
1.03361
1.31263
1.22883
1.34791
1.3555
1.78145
1.61768
0.98238
1.07609
1.40163
1.1864
1.45173
1.66658
1.81763
1.76193
1.41026
1.55455
1.47573
1.44249
1.28085
1.53182
1.53266
1.59304
1.74926
1.67372
1.63562
1.88653
1.79642
1.88461
2.19658
2.03271
2.28268
2.27995
2.24376
2.04577
2.18752
2.20705
2.19692
1.95644
1.94687
2.00308
2.11434
2.01361
2.0809
1.93185
2.13704
1.84984
1.83174
2.14752
2.27526
2.38459
2.65641
2.52817
2.55515
2.35108
2.11825
2.32797
2.31561
2.48181
2.5695
2.49331
2.35096
2.4841
2.61393
2.28242
2.55101
2.62911
2.65208
2.70679
2.73214
2.40659
2.26623
2.12776
2.29684
2.22973
2.4201
2.43935
2.62811
2.60907
2.56092
2.59826
2.8675
2.94834
2.83853
2.92488
3.05772
3.15848
3.00242
3.01587
2.97747
3.01661
2.88294
2.77254
2.44361
2.53694
2.61491
2.49146
2.29568
2.22854
1.95294
2.29102
2.41444
2.27181
2.14477
2.04183
2.07858
2.25387
2.32116
2.30661
2.45696
2.68442
2.73967
2.66587
2.6022
2.89945
2.63618
2.61064
2.75185
2.61084
2.59444
2.58191
2.53372
2.53255
2.83725
2.81038
2.75252
2.48037
2.67376
2.54273
2.4476
2.58365
2.56749
2.39007
2.03149
1.85973
2.14066
2.20894
2.02757
2.40344
2.38598
2.09823
1.86797
1.71074
1.45787
1.81034
1.86067
1.90993
1.55336
1.55498
1.6172
1.72042
1.90183
2.1562
2.23342
2.16976
2.05241
2.37097
2.09945
2.16316
2.21304
2.26734
2.45931
2.16859
2.41195
2.42063
2.48859
2.65849
2.2416
2.34028
2.02587
2.17122
2.16063
2.40206
2.35153
2.64805
2.58853
2.66626
2.83849
2.72424
3.07958
2.91682
3.2259
3.13011
2.76005
2.72011
2.81383
2.40277
2.00135
2.13421
2.00182
1.98029
2.14496
1.9714
1.87031
1.76327
1.95131
1.84686
2.02994
1.95919
2.13874
2.31576
2.14168
2.05435
2.16774
2.24867
2.13386
2.22398
1.80179
2.05947
2.14451
2.04514
1.8257
1.67457
2.04662
2.34548
2.20052
2.74619
2.68096
2.49098
2.59554
2.56185
2.47624
2.42126
2.11144
1.85032
1.85778
1.81865
1.58644
1.76654
1.8643
1.80789
1.68704
1.48223
1.39436
1.30908
1.31708
1.33196
1.23952
1.08151
0.939605
0.847097
0.896912
0.843139
0.780284
1.00157
0.76939
0.817771
0.602919
0.6393
0.595632
0.837873
0.761837
0.568106
0.67448
0.287969
0.278491
0.392492
0.34567
0.194257
0.373391
0.433619
0.400157
0.185114
0.31932
0.418406
0.243604
0.473324
0.626559
0.934553
1.33559
1.1513
0.972119
1.10548
1.0895
1.06533
1.03604
0.892139
0.862163
1.03201
0.87841
0.672337
0.905388
0.649192
1.07548
1.02801
0.962239
0.620637
0.919042
0.957239
0.787344
0.783459
0.606624
0.792135
0.75682
0.998507
1.11826
1.12603
0.961867
1.08429
1.34007
1.43806
1.27355
1.53912
1.7097
2.05619
2.18373
2.30978
1.97588
2.13925
2.09846
2.15434
2.23545
2.01575
2.10273
2.27946
2.31064
2.05742
2.12826
2.01817
2.13948
1.99068
2.00808
1.93028
1.94779
1.54019
1.35741
1.13286
0.930323
0.67272
0.705608
0.916994
0.952116
0.68724
0.844574
0.852081
1.03541
0.992587
0.871923
1.00428
1.01965
1.14584
1.32342
1.34116
1.49329
1.38864
1.4251
1.09985
1.10003
0.958918
1.08226
1.10835
1.02501
1.11251
1.29045
1.10602
1.20924
1.41031
1.0665
1.48529
1.71682
1.73179
1.48744
1.45654
1.16866
1.08878
1.44084
1.49226
1.37703
1.209
1.12492
1.37566
1.46618
1.92657
1.81761
1.76874
1.91468
1.85943
2.18634
2.10037
2.35595
2.08482
2.16667
1.94018
2.31303
2.28441
2.09241
1.97273
2.08149
2.16128
2.43301
2.20142
2.22956
2.07384
1.78228
1.59328
1.69271
1.66283
1.52803
1.38075
1.60627
1.70054
2.04369
2.23015
2.52196
2.60056
2.11988
2.14955
2.02349
1.89597
1.70502
1.54962
1.22852
1.58583
1.5707
1.62914
1.38245
1.58572
1.46204
1.87002
1.94717
1.88049
2.06576
1.99026
1.90119
2.18357
2.40885
2.34689
2.37563
2.41847
2.41847
2.21903
2.06343
1.94471
1.55122
1.51513
1.3179
1.47499
1.28447
1.24728
1.39592
1.38358
1.37618
1.27662
1.22809
1.44394
1.23599
1.38046
1.12907
0.989262
0.928367
0.91992
0.952681
1.07529
0.815992
0.80324
0.938911
0.834905
0.71093
0.658942
0.951581
0.810288
0.761044
0.802964
0.996166
0.89298
1.04866
1.13661
1.14778
1.35416
1.03422
1.30599
1.16426
1.48977
1.51935
1.40668
1.26955
1.12829
1.36843
1.32703
1.45113
1.60587
1.66781
1.60769
1.54472
1.22912
1.24186
0.856448
0.590779
0.56686
0.533076
0.331269
0.192397
0.287341
0.337734
0.324729
0.375478
0.68814
0.628785
0.338656
0.464972
0.649139
0.630099
0.530268
0.0968285
0.276918
0.255263
0.166771
0.465965
0.468286
0.563573
0.701872
0.528813
1.26578
1.23625
0.800239
0.804393
0.876784
0.9932
0.997385
1.03988
1.32662
1.28108
1.26809
1.1319
1.26119
1.54188
1.08082
1.23936
1.22582
0.752771
0.734671
0.802788
0.754037
0.692199
0.842976
0.638715
0.729014
0.753649
0.824617
0.698484
0.538364
0.443875
0.317532
0.376466
0.453969
0.426632
0.740909
0.68613
0.396687
0.451371
0.476433
0.466868
0.723793
0.688276
0.784436
0.998273
0.88706
0.861016
0.791135
0.883526
0.798635
0.900126
0.839692
0.803789
0.917672
0.747384
0.781262
0.775296
0.423992
0.309329
0.416342
0.836824
1.0984
0.74994
0.943458
0.866989
0.982799
0.968835
0.884553
0.845247
0.891188
0.994167
0.983499
0.773471
0.76853
0.627199
0.818175
0.779677
0.814061
1.16989
0.872045
1.03423
1.02272
1.32559
1.36616
1.54716
1.58693
1.6198
1.76895
2.17444
1.9845
1.72727
1.87778
1.99579
1.855
1.95631
1.96216
1.92747
1.80103
1.92091
1.70048
1.77942
2.09243
2.14481
2.36659
2.23952
2.22821
2.1498
2.25994
2.32202
2.40065
2.7158
2.69121
2.72362
2.45652
2.40925
2.48992
2.46386
2.48807
2.4573
2.57567
2.45119
2.3695
2.27378
2.24147
2.43689
2.15866
2.22499
2.20163
2.02521
1.97464
2.59706
2.44613
2.49073
2.12798
2.57272
2.60743
2.64633
2.56791
2.51925
2.22537
2.10534
1.96931
2.26927
2.25347
2.3348
2.16079
2.10682
2.09607
2.025
2.00368
1.8817
1.90102
1.93112
2.05462
2.46771
2.55547
2.80505
2.70042
2.60492
2.42397
2.555
2.47768
2.18796
2.19786
1.85651
1.98488
2.15356
2.32254
1.96461
2.00929
1.81448
1.88735
1.7744
1.9763
2.15621
2.58775
2.72402
2.72292
2.74986
2.91579
2.7205
2.89517
2.86933
2.83884
2.79761
2.92408
2.90345
2.81248
2.95066
2.94916
3.06222
3.08686
2.96061
2.8015
2.89914
3.04102
3.07495
2.98848
3.13683
3.05761
3.06536
3.30808
3.20745
3.29178
3.42351
3.32172
3.82201
4.04872
3.94549
3.80191
3.88929
3.94228
4.2963
4.69126
4.80747
5.15709
5.04643
5.20331
5.08416
5.1004
5.27742
5.33306
5.33956
5.43242
5.63188
5.85633
5.88645
5.93593
5.96121
6.14541
6.31231
6.5599
6.57319
6.53799
6.52387
6.46921
6.33328
6.19044
6.32846
6.07694
6.00794
6.09782
5.79828
5.64918
5.56696
5.43202
5.4987
5.52633
5.49581
5.25761
5.48866
5.40564
5.30273
5.28652
5.31339
5.28402
5.20144
5.45939
5.46682
5.41518
5.61444
5.93688
5.88822
5.90172
5.74561
5.51627
5.49113
5.18356
5.16189
4.80184
4.76401
4.42515
4.46561
4.47501
4.45258
4.35871
4.61383
4.62921
4.48699
4.39194
4.35006
4.42889
4.70461
4.66156
4.80638
4.52757
4.58198
4.72771
4.79408
4.48511
4.59477
4.39371
4.74119
4.99524
5.21358
5.1954
5.12422
5.27348
5.29221
5.2698
5.34983
5.31604
5.39822
5.63766
5.5709
5.35813
5.42751
5.58929
5.43693
5.23221
5.61763
5.46415
5.50177
5.01496
5.01314
4.8492
4.92921
4.75239
4.83487
4.88684
4.84507
4.23226
4.30181
4.35034
4.41533
4.18558
4.16459
4.20603
4.22263
4.18838
4.20417
4.21876
4.28586
4.30688
4.24999
4.28696
4.47518
4.46531
4.09306
4.1175
4.27154
4.22595
4.29233
4.15657
4.21374
4.01183
3.93709
3.89121
3.48802
3.49212
3.29244
3.08739
2.87446
3.21116
3.19506
3.33586
3.23437
2.85342
2.93861
3.12373
2.9149
2.8944
3.08058
3.34319
3.25768
3.12525
3.15913
3.30106
3.19521
2.89863
2.78089
2.46925
2.49975
2.40223
2.71288
2.87268
2.91589
2.78164
2.52443
2.47693
2.82122
3.00867
3.06212
3.05858
2.93359
3.13868
2.97135
2.89902
2.94467
2.81659
2.99711
3.03359
2.97753
2.43948
2.46919
2.81583
2.78041
2.87668
2.86225
2.94978
2.86695
3.02853
2.83496
2.90073
2.86853
2.9219
2.92678
2.58137
2.51803
2.63906
2.48988
2.30144
2.30993
2.50686
2.43244
2.57499
2.54312
2.3501
2.42161
2.77732
2.75328
2.64725
2.80431
2.39184
2.70234
2.914
2.92827
2.69997
2.74689
2.60793
2.68168
2.52627
2.49311
2.46882
2.61578
2.65798
2.61591
2.61511
2.58816
2.63355
1.97589
2.06055
2.25182
2.09594
2.13219
2.21436
2.31635
2.44825
2.43779
2.46604
2.46855
2.42836
2.52273
2.62883
2.68727
2.69939
2.54399
2.36151
2.32974
2.35693
2.53255
2.42475
2.5468
2.32889
2.19914
2.3504
2.25432
2.22583
2.25146
2.221
2.42759
2.60302
2.59802
2.51364
2.80556
2.99461
3.17537
3.19079
2.91946
2.75901
2.64577
2.70999
2.39897
2.63123
2.64962
2.61206
2.39224
2.25697
2.36794
2.12837
2.0195
2.08402
2.20634
2.451
2.39584
2.53196
2.27447
2.48894
2.56382
2.5435
2.58059
2.55981
2.57583
2.55679
2.71894
2.85197
3.18934
3.35857
3.25888
3.31972
3.19625
3.15227
2.74353
2.7391
2.70883
2.78558
2.75102
2.86287
2.88887
2.95797
2.52024
2.60034
2.51963
2.39411
2.85068
2.89435
3.10534
3.33129
3.2049
3.20206
2.98805
3.0005
2.95746
2.95659
2.94118
2.83514
2.80868
2.9282
2.91412
2.97343
2.93222
3.19185
3.39416
3.10932
3.24352
3.10786
2.72389
2.70357
2.59937
2.76464
2.78577
3.09076
2.94718
2.61453
2.73498
2.73595
2.84976
2.71374
2.81958
3.12859
2.69004
2.42817
2.76485
2.68539
2.75188
2.56611
2.50469
2.51469
2.172
2.25516
2.32941
2.25509
2.08423
2.21882
2.65273
2.56856
2.59396
2.35942
2.19785
2.07509
2.26263
2.46778
2.30332
2.36066
2.39166
2.30445
2.02701
1.741
1.85356
1.71726
1.68897
1.87988
1.80315
1.94711
1.9327
1.9332
2.09104
2.27327
2.30587
2.33976
2.52503
2.47512
2.32115
2.53256
2.48936
2.70072
2.74265
2.8304
2.8611
2.87896
2.75144
2.73478
3.03338
2.63955
2.60574
2.47224
2.53611
2.59222
2.50366
3.01001
