28.262
28.1479
28.3038
28.2313
28.3328
28.4914
28.4485
27.8569
27.7542
27.5624
27.3345
27.1454
27.0431
27.1872
26.9027
26.7253
26.7505
26.6021
26.4648
26.5331
26.5427
26.6382
26.7167
26.7347
26.9886
27.1446
27.2477
27.5518
27.595
27.5858
27.5928
27.4121
27.6917
27.8226
28.208
28.1506
27.931
27.8658
27.8627
27.7389
27.7876
27.7882
27.8174
27.7513
27.6829
27.4671
27.8132
27.8587
28.0317
27.9708
27.9473
27.7782
28.2321
28.1074
28.1053
27.9346
28.1831
28.4437
28.7176
28.9095
29.0093
28.9907
29.2734
29.2695
29.298
29.5377
29.8196
29.7578
29.8379
30.0353
29.8913
29.6908
29.6739
29.9069
30.1519
30.2761
30.0994
29.9865
29.9666
29.7539
29.7335
29.5212
29.4201
29.4514
29.3071
29.3183
29.2078
29.4085
29.3424
29.5502
29.4106
29.6995
29.7227
30.0893
29.8648
29.9101
29.7672
30.0008
30.0784
29.9704
29.9305
30.0418
30.1602
29.979
30.0157
30.0265
29.7217
29.7732
29.8042
29.8478
29.5315
29.7598
29.5467
29.4389
29.5048
29.4455
29.2534
29.1014
28.9328
29.0707
29.1221
28.6621
28.4615
27.9893
28.5188
28.5429
28.41
28.6049
28.7851
28.7771
28.6624
28.6919
28.8349
28.643
28.3966
28.2055
28.3391
28.0533
27.9398
27.9093
28.3623
28.2901
28.5919
28.2869
28.1213
28.3224
28.1721
28.1182
28.0634
27.9732
28.132
28.0145
27.7457
27.7576
27.8301
28.0447
28.128
27.7411
27.9436
27.7527
27.9787
27.8239
27.9317
27.801
27.9854
27.9182
28.0891
28.0778
27.8138
27.8061
27.9662
27.713
27.533
27.3707
27.3426
26.9761
27.0438
27.0914
27.2536
27.4783
27.4101
27.5639
27.4277
27.4017
27.5026
27.5345
27.5348
27.6034
27.6237
27.8363
27.5715
27.3192
27.2287
27.2086
27.076
27.3633
26.8816
27.0771
27.0914
27.0848
27.1151
27.4695
27.4202
27.4413
27.6763
27.793
27.8527
27.7466
27.8761
27.8907
27.637
27.5582
27.5676
27.6576
27.5348
27.3716
27.4331
27.4559
27.5213
27.3703
27.1338
27.3749
27.4084
27.1888
27.3199
27.143
27.0762
26.9387
26.7531
26.9205
27.1945
26.9973
27.1474
26.9785
26.7115
26.9687
26.9835
26.9239
27.0189
27.0836
26.9089
26.8098
27.1038
27.0166
27.0134
27.2049
27.1143
27.0346
27.0143
27.2995
27.4636
27.5095
27.2384
27.4357
27.49
27.7388
27.6091
27.8088
28.0146
27.9297
27.9753
27.6622
28.0169
27.7187
27.7018
27.9115
27.424
27.7381
27.7721
27.9131
27.9635
28.0316
27.928
28.11
28.1265
28.5445
28.4803
28.4482
27.9574
27.5344
27.1426
27.031
27.4205
27.2721
27.1489
26.9333
27.0814
26.9917
26.7894
26.7001
26.7944
26.568
26.9092
26.9388
27.1772
26.8734
26.524
26.2672
26.2334
26.2034
26.374
26.183
26.197
25.999
26.3364
25.9162
25.9798
25.9069
25.4677
25.2121
25.0706
25.1574
24.9317
25.1254
24.9103
24.5814
24.5682
24.2627
24.2684
23.8341
23.7308
23.4316
23.559
23.8291
23.5939
23.4995
22.9932
22.4789
22.6225
22.5935
22.2734
22.4755
22.5429
21.8566
21.9301
21.6225
21.5554
21.7478
21.4424
21.5689
21.7254
21.7231
21.684
21.1363
21.3494
21.2382
20.6358
20.2253
20.6316
20.231
20.2467
19.8962
19.4326
19.041
18.6995
19.4508
19.2879
19.1063
18.7026
18.4993
18.3401
18.0773
17.8397
18.3766
18.1553
18.4729
19.1445
19.5665
19.2499
19.314
19.2423
19.1539
18.8632
19.1479
19.068
18.8794
18.8569
18.8034
19.2625
18.9469
18.3057
17.8225
17.8375
17.7824
17.5811
16.8577
16.8264
16.2616
16.5646
15.7135
15.5846
15.4601
14.9398
14.4154
14.1034
13.5323
13.6642
13.6001
13.2874
12.0387
12.3084
12.2547
12.5783
12.4972
12.0478
11.7081
11.6207
12.0343
11.5203
11.1614
11.2789
11.5384
11.8922
11.4377
10.7213
10.1108
10.0393
10.3661
11.065
11.5615
10.9496
10.9325
11.0471
10.1027
10.1386
10.1796
9.30462
9.12746
8.98978
8.9435
9.03106
8.68909
9.22196
9.1236
9.11056
8.83276
9.06853
8.87435
8.49949
8.62063
7.6687
7.63293
7.43294
7.81216
7.85114
7.8822
8.01338
7.77594
8.06768
7.70689
7.34413
7.42994
7.47763
7.20472
7.13287
6.82236
6.81122
6.7145
6.79751
6.89775
6.902
6.9228
6.98551
6.85163
6.89814
7.02235
7.07164
7.14474
7.07777
7.07544
6.91712
6.75682
6.91216
6.75904
6.60348
6.73766
6.88274
6.8344
6.83465
6.90966
6.8815
6.7838
6.93412
6.9675
6.87986
7.03512
6.89875
6.71374
6.75178
6.83723
6.73982
6.76093
6.84816
6.89748
6.88913
6.87545
6.81515
6.71602
6.76625
6.80203
6.86758
6.91349
7.07718
7.17767
7.29523
7.29
7.12
7.14867
7.03083
6.83763
6.66571
6.51639
6.37033
6.58084
6.52004
6.46258
6.33404
6.14255
6.11535
6.19617
6.21242
6.31848
6.31123
6.46176
6.26814
6.2787
6.33218
6.36435
6.40551
6.39178
6.2579
6.01355
5.99665
6.17142
6.38056
6.59254
6.5432
6.31274
6.22807
6.2735
6.22594
6.25549
6.22136
6.18494
6.10435
5.87171
5.92722
6.04071
5.98724
5.91572
5.82758
5.88128
6.02234
5.93238
6.10761
6.0343
6.23804
5.97632
6.08891
6.0819
6.36104
6.12498
6.22222
6.13579
6.31493
6.58315
6.59849
6.73905
6.4951
6.6788
6.80943
6.70377
6.82024
6.86447
6.97275
6.84441
6.83273
6.89844
6.9367
6.66875
6.69728
6.51548
6.80698
6.79438
6.60958
6.74656
6.80001
6.851
6.93192
6.86041
6.72193
6.80072
6.65731
6.64878
6.63306
6.57135
6.33926
6.44766
6.16687
6.05499
6.0885
6.10215
6.15575
6.18176
6.24132
6.24375
5.96346
6.09795
6.17815
6.41023
6.46959
6.49482
6.37532
6.41346
6.41334
6.42804
6.45575
6.34948
6.20313
6.14405
6.29836
6.21242
6.13375
6.15347
6.01844
6.11226
6.061
6.08299
6.33747
5.92919
5.95424
5.97887
5.86884
5.70055
5.57325
5.44266
5.55611
5.23437
5.46206
5.47627
5.33806
5.54762
5.50406
5.58349
5.54386
5.68994
5.64077
5.65118
5.55168
5.5064
5.42351
5.46282
5.46458
5.40571
5.37339
5.20674
5.22118
5.15931
5.43391
5.51609
5.65141
5.61372
5.62734
5.62404
5.631
5.532
5.652
5.84015
6.35952
6.35065
6.20889
6.08788
6.01872
5.89965
5.83079
5.96706
6.04517
6.26576
6.02446
6.2179
6.35764
6.28537
6.07331
6.14012
6.42492
6.33092
6.303
6.26738
6.23267
6.36621
6.25895
6.00235
5.97423
5.98027
6.14518
5.97779
6.06126
6.14641
6.22187
6.08578
5.81648
5.80302
6.01154
6.03874
6.16764
6.31795
6.43166
6.28658
6.309
6.16454
6.08199
6.02251
6.06005
5.95667
5.79804
5.76774
5.83015
5.92793
6.10301
6.19998
6.3091
6.38641
6.64061
6.50347
6.46765
6.60706
6.66642
6.5361
6.23218
6.28535
6.56028
6.37745
6.51471
6.41074
6.57199
6.72322
6.57298
6.31251
6.52075
6.19576
6.02884
6.22615
6.72292
6.69461
6.62862
6.56968
6.40086
6.19436
5.98479
6.064
5.96512
6.09203
5.98058
6.06458
6.07437
5.88893
5.70357
5.9139
6.00057
5.96238
6.11479
5.82742
5.82742
5.82566
5.70913
5.64034
5.49402
5.53355
5.53123
5.82132
5.66593
5.53843
5.49095
5.5577
5.56934
5.42294
5.54429
5.58751
5.4974
5.31922
5.40385
5.50309
5.33685
5.45977
5.54654
5.56171
5.45805
5.52524
5.38744
5.28963
5.29155
5.24309
5.49397
5.37276
5.34023
5.24199
5.32939
5.2376
5.05074
5.23808
5.19819
5.06807
5.07179
4.937
5.15204
5.10387
5.18849
5.1308
5.09919
5.09539
5.15376
5.28631
5.00002
4.92418
4.98955
4.78019
4.83502
4.64821
4.58856
4.66234
4.63927
4.7207
5.11326
5.22243
5.22949
5.3311
5.35775
5.27886
5.28998
5.46238
5.12626
5.06069
5.05855
4.94995
4.96757
5.05013
5.11118
5.23896
5.27219
4.98428
5.05874
4.99175
4.66905
4.47244
4.30299
4.2457
4.5263
4.61508
4.68413
4.61152
4.64789
4.66311
4.76499
4.78594
4.73476
4.7093
4.79386
5.17001
5.14834
5.2346
5.44021
5.38973
5.44613
5.595
5.49836
5.56815
5.66618
5.58415
5.55573
5.67698
5.64301
5.44069
5.34116
5.22151
4.99332
5.19053
5.39062
5.27238
5.61139
5.39505
5.71607
5.87977
5.86721
5.71089
5.45911
5.27122
5.47023
5.20271
5.02724
5.31872
5.1307
5.00928
5.03856
5.10632
5.00628
5.04248
4.9243
4.76554
4.56901
4.5758
4.39227
4.33359
4.30373
4.27472
4.34832
4.05939
4.06806
4.2456
4.06068
4.17857
4.05265
3.95018
3.958
4.13001
4.09696
4.10282
4.00074
4.2448
4.38165
4.55547
4.63504
4.73472
4.64965
4.38446
4.35635
4.5898
4.63322
4.54578
4.63338
4.97987
5.17001
5.16672
4.75124
4.77362
4.75938
4.72163
4.69577
4.51943
4.66806
4.40772
4.2231
4.09854
3.98501
3.99767
4.02264
4.08975
4.39371
4.52547
4.49252
4.5814
4.38327
4.25509
4.17157
4.12357
4.21485
4.38755
4.46031
4.0663
3.8156
3.96193
3.93116
4.00472
4.02885
4.34337
4.50507
4.833
4.92994
4.69376
4.57464
4.4087
4.23605
4.30827
4.00142
4.16945
4.269
4.39767
4.24743
4.30655
4.40178
4.26478
4.39434
4.43548
4.4474
4.66994
4.49318
4.14405
4.50864
4.44541
4.49153
4.54373
4.65065
4.77218
4.85823
4.73274
4.75047
4.83822
4.7011
4.82813
4.65183
4.67296
4.26128
4.1023
3.75344
3.64482
3.80838
3.75823
3.73609
3.76245
4.05716
4.07735
4.15448
4.4963
4.56794
4.1868
4.20231
4.23429
4.3356
4.25716
4.40507
4.28809
4.33383
4.25499
4.40529
4.37317
4.52779
4.45491
4.2221
4.16464
4.35044
4.1906
3.85347
3.9023
3.98281
3.98946
3.9045
3.54063
3.50335
3.55349
3.59096
3.38314
3.4862
3.45488
3.65845
3.34823
3.52747
3.58375
3.59353
3.62
3.71016
3.68913
3.64277
3.29697
3.67966
3.53337
3.36934
3.31168
3.28851
3.54743
3.19676
3.34858
3.22954
3.0422
2.99923
3.22112
3.0695
3.08815
3.20828
3.18291
3.30143
3.14058
2.92726
2.84134
2.72716
2.59047
2.57846
2.5226
2.73097
2.76517
2.76924
3.03766
2.97462
2.87057
2.7018
2.39395
2.6294
2.41309
2.54666
2.4519
2.29094
2.30891
2.24269
2.1112
2.15734
2.07941
2.00199
2.00607
1.96517
1.68076
1.63257
1.69034
1.70645
1.85136
1.56224
1.69063
1.6753
1.8203
1.98321
1.8025
1.88672
1.80806
1.8401
1.82615
1.76559
1.69574
1.67226
1.69224
1.5064
1.56123
1.81341
2.11316
2.16144
2.07096
1.90803
1.90563
2.07703
2.08893
2.20483
2.24136
1.97606
2.27371
2.18383
1.98999
2.22219
2.10433
2.06701
1.95931
1.95888
2.06895
2.17991
2.1577
2.35771
2.17919
2.26795
1.99524
1.92651
1.83491
1.83413
1.77562
1.61396
1.79456
1.63405
1.52191
1.91645
1.61668
1.56525
1.89928
1.77348
1.81273
1.82617
1.77122
1.81244
1.62191
1.63821
1.95281
1.96208
1.76776
1.62392
1.54213
1.04168
0.894765
0.943584
1.26129
1.04875
0.813698
0.794269
0.636164
0.657577
0.281903
0.510831
0.532026
0.469628
0.669865
0.777902
0.565898
0.382155
0.499371
0.464474
0.689242
0.882309
0.986704
0.96501
1.05476
1.07898
0.969821
0.73734
0.696482
0.866871
0.76404
0.734202
1.01801
1.0735
1.04657
0.828636
0.759546
0.875024
0.818691
1.15641
1.17346
1.35451
1.46046
1.50644
1.48856
1.20259
1.07836
1.19342
1.37726
1.2334
1.091
1.08312
1.26736
1.13689
1.24517
1.07312
1.14595
1.20759
1.28312
1.5641
1.5386
1.35517
1.51088
1.51438
1.5086
1.51955
1.33933
1.44824
1.74346
1.54244
1.51319
1.73704
1.49911
1.60648
1.59844
1.89364
1.92187
1.92888
1.71418
1.43888
1.44836
1.22603
1.06426
0.773673
0.677807
0.830633
0.839872
0.779004
0.615723
0.538107
0.700349
0.523153
0.658333
0.79781
0.773251
0.704474
0.935031
0.868581
0.823584
0.778838
0.794748
0.96917
0.961175
0.833077
0.893449
1.01396
1.15648
1.26886
1.07969
1.13122
1.13433
1.32057
1.28909
1.6388
1.70319
1.54999
1.80181
1.76645
1.66485
1.56875
1.71023
1.47337
1.37173
1.39821
1.26235
1.3601
1.10345
1.24446
0.995251
1.10502
1.12023
1.13576
1.12434
0.928175
0.779255
0.671974
0.832993
0.692059
0.635088
0.711273
0.663371
0.602175
0.503596
0.422195
0.630539
0.59085
0.422231
0.640681
0.515873
0.180949
0.0762578
0.154963
0.413782
0.174046
0.134642
0.474094
0.340938
0.458006
0.434098
0.823414
0.724536
0.94366
0.956535
0.505572
0.486161
0.170018
0.252047
0.336775
0.517654
0.376084
0.654446
0.746267
0.680931
0.746721
0.675896
0.704757
0.471858
0.411388
0.460513
0.696103
0.684318
0.698403
0.635965
0.801062
0.944669
0.998643
1.14828
1.10369
1.3091
1.2494
1.16856
1.23078
0.913736
0.965549
0.570043
0.951271
0.988491
0.826629
0.810035
0.991178
1.12666
1.0285
1.18602
1.24715
1.1095
1.12858
1.26116
1.09405
0.840233
0.864537
0.951576
1.05032
0.978286
1.66981
1.77274
1.76499
1.60045
1.50287
1.5335
1.69279
1.67231
1.84403
1.99215
1.9223
1.76002
1.98807
2.01945
1.83167
2.01674
1.97219
2.25826
2.09205
2.02209
1.93732
1.96384
1.90354
1.73357
2.01561
1.94651
1.96664
2.08845
2.07085
1.95223
1.99008
1.98914
1.96429
2.06522
2.01969
1.98191
2.13394
2.28256
2.44456
2.30461
2.28019
2.47056
2.35319
2.45947
2.33623
2.40787
2.31373
2.4747
2.61656
2.7732
2.827
2.94812
2.71322
2.5951
2.58008
2.58375
2.52345
2.46719
2.46008
2.31154
2.32254
2.56535
2.68603
2.86007
2.38951
2.47403
2.99552
2.98492
3.07344
2.91144
2.92207
2.64097
2.6443
3.04453
2.92473
2.80865
2.79144
2.78895
2.56429
2.69771
2.41062
2.21193
2.48726
2.7405
2.51918
2.70948
2.67114
2.65892
2.45367
2.35805
2.28858
2.19033
2.29582
2.24646
2.49979
2.55282
2.39959
2.46424
2.3649
2.29744
2.2675
2.42023
2.47901
2.4834
2.34124
2.55185
2.61856
2.38872
2.33963
2.39107
2.32235
2.38769
2.63386
2.66609
2.66271
2.93847
2.83167
2.75008
2.47078
2.4695
2.05544
1.95811
1.86935
2.09722
2.1166
2.22958
2.18101
2.20674
2.246
2.28355
2.30137
2.13143
1.90236
1.69898
1.78089
1.87516
2.01272
1.8267
1.97517
1.74647
1.83862
1.78084
1.94725
1.99093
2.04336
2.01773
1.6751
1.70985
1.91663
1.76706
1.62021
1.62468
1.68155
1.84237
1.91938
1.80406
2.0013
2.16903
2.2408
2.17126
2.42173
2.16566
2.27673
2.04855
2.15359
2.37304
2.31859
2.3538
2.39733
2.17693
2.16884
1.87106
2.1404
2.12053
2.1109
2.19321
2.38464
2.28768
1.99927
1.98057
2.03452
2.05628
2.06628
1.98678
2.09907
1.97663
2.10616
2.01304
1.99219
2.03884
2.12406
2.20693
2.07313
1.86521
1.89351
1.92563
2.33754
2.11492
2.07387
2.22657
2.22764
2.22715
2.2829
2.20207
2.23238
2.03866
2.13392
2.04247
1.96868
1.99553
1.93392
1.92212
2.01419
2.11097
2.16098
2.28744
2.05738
1.82157
1.77794
1.8664
1.79144
2.01264
1.91424
1.84639
1.81244
1.94671
2.06449
1.91908
1.96661
2.02162
2.16587
2.16348
2.16125
1.85993
2.04561
2.22636
2.04532
1.96607
2.20852
2.45353
2.5089
2.61133
2.38205
2.29353
2.07073
2.10224
2.25799
2.42121
2.59416
2.73633
2.59719
2.59947
2.60088
2.67362
2.47829
2.39001
2.31212
2.52908
2.76904
2.66933
2.55211
2.32855
2.47882
2.29246
2.50725
2.4057
2.31639
2.07094
1.94768
1.87312
1.80556
1.93563
2.19269
1.83331
1.84319
1.78774
1.85994
1.87259
1.96277
2.13554
2.00642
1.77613
1.96038
2.07638
2.30244
2.35134
2.2948
2.35447
2.11393
2.00942
2.19474
2.54725
2.30735
2.00036
2.19681
2.11323
2.33358
2.14358
1.94565
1.94824
2.02745
2.03189
1.94863
1.82084
1.83464
1.75931
1.56485
1.91239
2.13221
2.23635
2.26013
2.11085
2.09308
1.88683
1.83785
1.97618
2.07297
1.84979
1.80356
1.93484
2.08137
2.0838
1.86699
1.73677
1.8416
1.84465
1.89233
1.76695
1.80906
2.15736
2.14069
2.12113
2.19542
2.25218
2.29185
2.44096
2.32231
2.25473
2.11993
2.41864
2.22797
2.15715
2.07816
2.03758
2.10159
1.9787
2.21441
2.20921
2.1697
2.23679
2.23957
2.46461
2.3372
2.16367
2.06425
2.06239
1.96058
2.16234
2.05019
1.81677
1.6063
1.35919
1.14622
1.19254
1.34567
1.43917
1.61048
1.77931
1.79577
1.76112
1.69388
1.77169
1.51132
1.64461
1.71599
1.86505
1.86355
1.74042
1.84577
1.50116
1.39498
1.41565
1.37084
1.25222
1.50549
1.29499
1.26582
1.25277
1.09781
1.39611
1.58595
1.44974
1.27131
1.23578
1.13772
1.16361
1.04259
1.02186
1.09194
1.10588
0.978738
1.2068
1.29912
1.23428
1.20999
1.21331
1.49823
1.3624
1.25213
1.48382
1.44906
1.50642
1.7558
1.854
1.76544
1.9314
1.87297
1.84884
1.65469
1.80428
1.98245
1.86111
1.75324
1.56492
1.49919
1.57789
1.42632
1.63642
1.59054
1.60332
1.71991
1.54876
1.61485
1.53099
1.42888
1.46313
1.43186
1.26393
1.33211
1.45813
1.55501
1.33633
1.43801
1.60235
1.58272
1.77852
1.58035
1.47455
1.65632
1.6384
1.70235
1.56682
1.55172
1.53114
1.54347
1.40769
1.6111
1.5893
1.47026
1.45486
1.30302
1.11037
1.1811
1.24905
1.19936
1.26106
1.23607
1.41388
1.59132
1.46085
1.59865
1.74041
1.45022
1.28178
1.15708
1.3968
1.57055
1.32465
1.34984
1.34475
1.23817
1.02062
0.887369
1.05129
1.0509
1.15771
1.27872
0.90309
0.763949
0.916516
0.93639
0.95876
1.09423
0.988239
1.02447
1.08371
1.10364
1.26663
1.59904
1.5761
1.34748
1.48731
1.49395
1.65273
1.58062
1.63311
1.69599
1.69144
1.52252
1.50562
1.7383
1.86357
1.43322
1.51462
1.8047
1.75446
1.77799
1.63057
1.83319
2.18968
2.19572
2.08549
2.09906
2.3396
2.60758
2.48696
2.41899
2.65623
2.39979
2.5828
2.61488
2.63512
2.71928
2.57022
2.45768
2.51609
2.75652
2.82174
2.79414
2.75315
2.86308
2.83572
2.70724
2.70224
2.88281
2.8431
3.03727
3.08532
2.99283
3.06747
3.01448
2.98214
3.02053
2.88087
2.78547
2.76494
2.7451
2.93435
2.87049
3.0795
3.20257
2.94461
3.1288
3.11593
3.19501
2.91968
2.93326
3.00811
3.33278
3.48641
3.45825
3.72742
3.58258
3.41299
3.58432
3.68892
3.6686
3.75946
4.07028
4.15081
4.18103
4.13634
4.05999
3.91058
4.10413
4.08366
4.25937
4.12145
4.22691
4.23835
4.45325
4.51887
4.30647
4.43792
4.48323
4.32959
4.20175
4.19087
4.17879
4.19892
4.16113
4.09281
3.99129
3.94963
3.91831
3.81986
3.77448
3.85642
3.77543
3.62591
3.66451
3.63798
3.47899
3.43358
3.46787
3.39177
3.19481
3.32949
3.5095
3.48559
3.61201
3.50596
3.59175
3.51656
3.54979
3.41662
3.47596
3.30829
3.47216
3.49323
3.37278
3.46071
3.68481
3.8123
3.82679
3.54553
3.51767
3.52548
3.50417
3.60518
3.74762
3.72157
3.49891
3.37077
3.33441
3.44214
3.58854
3.48404
3.41004
3.50769
3.56931
3.53027
3.46246
3.35558
3.69555
3.50956
3.34481
3.06056
3.19704
2.98205
2.90986
3.15662
3.25894
3.16622
3.10643
3.18309
3.40011
3.47475
3.4979
3.6109
3.72303
3.61069
3.61791
3.54904
3.4317
3.51169
3.47518
3.5359
3.51236
3.48046
3.36921
3.22897
3.19826
3.30398
3.33886
3.52645
3.6028
3.79835
3.96266
4.14551
4.18716
4.04809
4.12947
4.0284
3.98342
3.97559
3.59082
3.78127
3.73061
3.59895
3.47662
3.23472
3.42845
3.39551
3.447
3.34046
3.61382
3.76099
3.94113
3.92102
3.78537
3.86168
3.73751
3.7952
3.87871
3.79355
3.81403
3.9587
4.25546
4.3396
4.20722
4.29952
4.11973
4.40169
4.32408
4.22485
4.20302
4.20724
4.30206
4.21856
4.52872
4.44821
4.52005
4.52632
4.4903
4.3037
4.39375
4.21744
4.37308
4.54756
4.64607
4.64414
4.55598
4.77131
5.01074
4.96476
5.07112
5.09448
5.22909
5.02066
4.96544
5.18602
5.43378
5.42332
5.36395
5.54534
5.50305
5.28048
5.08079
5.18353
4.93496
4.90768
4.89229
5.04081
4.72824
4.93472
5.05919
5.16261
5.19534
4.922
4.76975
4.59781
4.48982
4.68407
4.63402
4.45103
4.53395
4.33109
4.60525
4.46099
4.52016
4.45715
4.45822
4.58773
4.3678
4.37814
4.41319
4.24926
4.13559
4.18887
4.31203
3.87137
4.03446
3.83994
3.74338
3.86935
3.62518
3.72361
3.75749
3.94914
3.76944
3.58247
3.63503
3.62047
3.8237
4.02879
3.94436
3.95405
3.56683
3.52006
3.45359
3.54056
3.51316
3.70962
3.69171
3.86014
3.98022
4.20159
4.23804
4.32324
4.17442
4.15154
4.41023
4.38895
4.4467
4.3932
4.66354
4.68031
4.7677
4.67016
4.79243
4.77329
4.67941
4.45147
4.39526
4.45061
4.50001
4.58629
4.57463
4.49593
4.49172
4.54397
4.53622
4.47212
4.50864
4.45562
4.27728
4.08501
4.19097
4.43343
4.52532
4.38352
4.52611
4.58298
4.62837
4.87462
4.82343
4.31663
4.49069
4.56122
4.71627
4.73771
5.04353
5.08645
5.12737
5.16391
5.15691
5.1504
5.2044
5.12259
5.06776
5.11628
5.10011
5.08012
5.1762
5.23763
5.06976
5.30337
5.16204
5.26963
5.06579
4.86826
4.73268
4.63625
4.34573
4.37679
4.60697
4.6885
4.67984
4.54667
4.27742
4.36822
4.66424
4.6594
4.81833
4.91549
5.02602
4.96164
4.92701
4.93335
4.80251
4.60521
4.36293
4.32265
4.65922
4.65296
4.52777
4.6082
4.6459
4.38956
4.56212
4.50319
4.42399
4.17588
4.11707
4.05929
4.12394
4.18652
4.24648
4.34937
4.43336
4.75103
4.74994
4.87755
5.01199
4.93749
4.88486
4.9951
5.03185
4.96236
5.01104
4.96138
4.93255
5.10214
5.07889
5.20412
5.17144
5.19829
5.03756
5.07148
4.87038
5.03898
4.82524
4.86163
4.83937
4.55808
4.66502
4.85557
4.90669
4.90974
4.77847
4.46187
4.58184
4.59839
4.61473
4.70255
4.59599
4.67367
4.7749
4.70137
4.7904
4.86097
4.7365
5.08126
5.19841
5.04202
4.98566
4.81987
4.90212
5.07427
5.22216
5.21334
5.04226
4.84542
5.14977
4.95125
4.9377
5.05561
5.08546
5.34936
5.07146
5.14567
5.12831
5.36236
5.35583
5.42734
5.08139
5.43908
5.67074
5.89695
5.65858
5.40315
5.30014
5.27874
5.37016
5.44942
5.27187
5.2853
4.91166
4.99477
4.7245
4.6254
4.76754
4.85019
4.92397
5.01726
4.75644
4.91092
4.99247
4.99203
4.59653
4.49217
4.62539
4.64958
4.40823
4.46771
4.46153
4.68197
4.45195
4.24657
4.25313
4.03155
4.14686
4.10475
3.75012
3.95561
4.15011
4.07617
4.01328
3.9698
3.63915
3.72251
3.91191
3.95762
3.98148
3.98802
3.91069
3.81929
3.93393
3.71136
3.71581
4.05393
4.15471
4.11399
4.13505
3.9197
3.90829
3.73564
3.91924
3.97141
4.04155
4.06865
4.1565
4.44289
4.44011
4.27915
4.44509
4.42965
4.69295
4.57397
4.33784
4.63321
4.03447
3.85573
4.026
3.91901
3.68877
3.65369
3.30399
2.96704
3.25517
3.4679
3.70985
3.56816
3.64564
3.58189
3.69942
3.64446
3.64309
3.4746
3.34873
3.45859
3.65945
3.58082
3.75569
3.52786
3.31306
3.44447
3.61676
3.52385
3.31536
3.36996
3.48004
3.40772
3.26628
3.49734
3.52748
3.18312
3.19791
2.96184
2.62261
2.84047
2.91099
2.90418
2.90616
3.2081
3.21542
2.98002
3.00565
3.15076
3.23369
2.88137
2.87319
2.74904
2.94677
2.92781
2.93711
2.92838
2.73198
2.55603
2.33777
2.45741
2.62541
2.73232
2.69128
2.435
2.33212
2.47909
2.64947
2.56424
2.72176
2.78914
2.72197
2.70467
2.58181
2.70138
2.24138
2.19433
2.31122
1.98401
1.50506
1.38198
1.52106
1.73918
1.65487
1.70484
1.81847
1.88087
2.03899
2.06676
1.91579
1.79753
1.89557
2.19949
1.72081
1.86902
1.80705
1.62854
1.62933
1.6593
1.70185
1.42494
1.21093
1.32771
1.31077
1.3835
1.5452
1.59618
1.48401
1.45664
1.5723
1.65314
1.48108
1.49509
1.79797
1.5979
1.5834
1.59233
1.75648
2.04449
2.19442
2.44599
2.435
2.37223
2.13301
2.09469
2.03897
2.14483
2.04192
1.69469
1.52083
1.49522
1.61187
1.81108
1.88485
1.52962
1.65542
1.67219
1.86354
2.04818
2.17739
2.53648
2.56743
2.64364
2.70073
2.53815
2.37102
2.01644
2.03233
1.85036
1.86929
1.87464
1.80467
1.64208
1.56717
1.64773
1.92963
1.67826
1.58667
1.39497
1.39962
1.26925
1.22644
1.13991
1.13487
1.13138
1.23852
1.21094
1.12792
1.27961
0.921535
0.902782
0.573011
0.837438
0.93195
1.07613
1.19533
1.4645
1.2038
1.02064
1.26885
1.26351
1.58218
1.58436
1.66787
1.81092
1.77045
1.92892
1.74588
1.89865
2.04776
2.02455
1.77591
1.84962
2.05776
2.17981
2.06901
2.16402
2.18623
2.25476
1.98431
1.97177
2.01871
2.24473
2.0524
2.23053
2.24395
2.28171
2.18079
1.94363
1.87568
2.0742
2.19661
2.35199
2.35147
2.43057
2.43105
2.80343
2.76492
3.00738
2.95161
3.15825
3.02396
2.69954
3.09387
3.21584
2.92537
2.91213
3.01848
2.94136
2.66923
2.76613
2.74174
2.89584
3.06164
3.05266
3.26644
3.35989
3.44795
3.29058
3.23324
3.57072
3.50835
3.40053
3.4812
3.33568
3.30815
3.25882
3.20598
2.99786
2.99432
2.9
2.89237
2.80521
2.86393
2.69397
2.68883
2.64473
2.71353
2.65541
2.71648
2.81278
2.73999
2.77473
2.6011
2.74761
2.67589
2.60837
2.87589
2.74298
2.74584
2.82366
2.84231
2.74972
2.7396
2.56137
2.62281
2.60312
2.71068
2.73904
2.68964
3.00784
3.21998
3.34731
3.32456
3.22986
3.37023
3.24162
3.28751
3.24816
3.02011
2.92214
3.12436
3.19251
3.27685
3.34604
3.29557
3.03161
2.85463
3.06814
3.11339
3.23831
3.29173
3.32582
3.34312
3.4552
3.47599
3.63285
3.66537
3.68551
3.6083
3.5295
3.4615
3.32225
3.43685
3.3032
3.24631
3.28209
3.18456
3.3542
3.10922
2.80454
2.82714
2.75759
2.96669
2.97016
3.21069
3.38115
3.47049
3.32668
3.15834
3.04906
3.01506
2.72502
2.65549
2.67794
2.72981
2.77437
2.85728
3.0269
2.92981
2.95766
2.77801
2.96021
3.15439
3.181
3.25361
3.30007
3.52693
3.50168
3.54963
3.48795
3.44539
3.54373
3.70013
3.63414
3.87429
3.87081
3.72723
3.7814
3.88637
3.96776
3.91334
3.81727
3.83908
3.78322
4.05164
4.13874
4.08762
4.11993
4.25728
4.21821
4.12191
4.31665
4.4448
4.50103
4.43171
4.10264
4.19931
4.15555
3.82821
4.23122
3.76992
4.0438
4.16722
4.12097
4.22012
4.1998
4.29505
4.39132
4.45161
4.13564
3.94049
3.93154
4.13484
4.06391
4.06754
4.13355
4.15172
4.0217
4.10155
3.97046
3.94672
4.19171
4.26146
4.20545
4.33806
4.41056
4.44003
4.50102
4.45809
4.58102
4.50726
4.40518
4.53146
4.52232
4.56306
4.52699
4.32765
4.36323
4.17788
4.34842
4.50365
4.7696
4.70379
4.55303
4.45337
4.52656
4.94735
5.27478
5.10218
5.11685
5.12329
5.13835
5.18858
5.03567
4.79583
4.94255
4.79424
4.98404
4.83503
4.86944
4.93015
5.13633
5.14665
5.39552
5.37251
5.62833
5.47556
5.3023
5.31713
5.12577
5.02732
4.95168
4.83407
4.81503
4.98854
5.17623
5.099
4.96991
4.87501
4.72859
4.82048
4.79282
4.63294
4.89498
5.03945
5.01352
4.76836
4.86905
4.54736
4.44371
4.56811
4.54882
4.60163
4.7607
5.1304
4.87233
4.89961
4.68983
4.63094
5.07685
5.04367
5.00505
4.94606
4.73597
4.74507
4.83214
4.93856
5.22037
5.26405
5.2003
5.1448
5.18295
5.07793
4.77497
5.02852
5.24148
5.3624
5.38847
5.40556
5.7279
5.53811
5.29314
5.3182
5.12659
5.28202
5.27598
5.09159
4.76996
5.05638
5.18091
5.45986
5.28356
5.2835
5.44926
5.59155
5.5654
5.71374
5.52998
5.38235
5.30021
5.44084
5.14445
5.37395
5.30932
5.16321
5.28825
5.3483
5.34936
5.1159
4.92469
4.83831
4.91559
4.8333
4.8393
4.88451
4.48148
4.39618
4.16214
3.91372
4.06542
4.14135
3.98909
3.79941
3.96422
3.87508
3.71403
3.80903
3.82911
3.91653
3.6245
3.76583
3.68272
3.63152
3.67631
3.62599
3.75679
3.65422
3.5207
3.47432
3.44127
3.69669
3.80826
3.93985
3.92112
3.82324
3.85573
3.78075
3.90225
3.84833
3.65277
3.74692
3.68916
3.42961
3.40638
3.27786
3.36476
3.43254
3.6304
3.36629
3.33281
3.32698
3.35207
3.21576
3.19115
2.98937
3.06514
3.17619
3.25708
3.2084
3.27969
3.23619
3.30786
3.15006
3.22817
3.25548
3.11251
3.23872
3.0253
2.99165
3.28128
3.24803
3.33126
3.33698
3.45131
3.38712
3.54985
3.62855
3.78381
3.93472
3.88274
3.90953
3.83742
4.07206
3.81356
3.93057
3.99501
4.11159
4.27183
4.24766
4.06707
4.16123
4.12728
3.87807
3.8756
4.02981
4.3268
4.03747
3.85256
3.51923
3.47245
3.27887
3.27172
3.08655
3.20117
3.14966
3.25167
2.98133
3.07435
2.86984
2.82246
2.66833
2.57881
2.89009
2.64964
2.57298
2.32992
2.0197
1.99489
2.05501
1.9035
1.76478
1.9616
1.94793
1.77944
1.83061
1.86815
1.71324
