5.22423
5.05364
4.39401
4.6823
4.52552
4.57417
4.38059
4.11723
4.01652
4.18478
4.40954
4.28624
4.22702
4.33387
4.20377
3.85852
3.88902
3.84103
3.68751
3.83948
3.75278
3.72323
3.75556
3.7034
3.80761
3.70304
3.75348
3.75348
3.79893
4.04939
3.99642
4.06747
4.30795
4.40705
4.28734
4.47717
4.63738
4.83694
4.54724
4.51923
4.55924
4.50932
4.44602
4.19173
4.0231
3.98928
4.26509
4.36725
4.2221
4.14958
4.02073
4.1313
3.92729
4.00949
4.03455
3.86497
4.03877
4.13358
3.69615
3.71621
3.55048
3.6433
3.52828
3.67073
3.27507
3.42478
3.71024
3.76297
3.97042
3.92539
3.99504
4.06202
4.31247
4.35272
4.22443
3.95905
3.92853
4.16844
4.55888
4.23618
4.35536
4.30243
4.47917
4.35545
4.35128
4.31397
4.5406
4.57128
4.36155
4.39806
4.77542
4.59413
4.58049
4.70941
4.58056
4.76868
4.74611
4.6671
4.95034
4.99712
5.02792
4.99203
4.94049
4.53465
4.40454
4.57498
4.73946
4.89732
5.08672
4.97584
4.88321
4.7132
4.7122
5.05474
4.96196
5.20539
5.44978
5.2545
5.16301
5.12334
5.32699
5.32107
5.11077
5.0523
5.32778
5.00942
4.70326
4.84908
4.71656
5.0283
4.8816
4.61456
4.81226
4.51284
4.25471
3.97256
4.49465
4.19992
4.12963
4.18172
4.18649
4.07079
4.19397
3.94405
4.0787
3.91102
4.03844
3.98721
3.97224
3.90226
3.71544
3.48514
4.05822
3.7362
3.76698
3.82953
3.36808
3.57405
3.69242
3.89117
4.1785
3.90941
3.93444
4.18215
4.3576
4.45347
4.30184
4.6193
4.54645
4.5553
4.69911
4.728
4.89348
4.90803
4.86912
4.95575
5.24119
5.30337
5.40443
5.40004
5.37504
5.36796
5.37496
5.41779
5.1554
5.13571
5.13808
4.89723
4.74486
4.88152
4.76627
4.65362
4.76506
4.72532
4.74885
4.54811
4.43652
4.57977
4.40444
4.67063
4.82259
5.07084
5.41771
5.34255
5.1693
5.01971
4.95159
5.10078
5.15235
5.25697
5.49272
5.52753
5.4447
5.37335
5.24295
5.18886
5.61795
5.55909
5.57106
5.7633
5.63609
5.53044
5.57633
5.33334
5.08155
5.22221
4.901
4.93496
4.90426
4.95854
5.19928
5.17058
4.94668
5.01108
4.97122
5.07039
4.8973
4.69543
4.80114
4.88358
4.74414
4.9407
5.04241
5.19967
5.09466
5.04786
4.83864
4.71962
4.75712
4.54591
4.55554
4.41424
4.53476
4.62994
4.54824
4.60124
4.7449
4.6563
4.52542
4.54812
4.80208
4.88018
5.02919
5.40239
5.21299
5.14951
4.99344
4.88253
4.92544
4.7803
4.6863
4.58528
4.67959
5.14634
5.20343
4.89154
5.28547
5.27128
5.23355
5.3889
5.19635
5.19245
5.22333
5.00393
5.03734
4.82233
4.53501
4.64141
4.68459
4.50688
4.44204
4.48413
4.56992
4.57029
4.6669
4.76495
4.68992
5.01763
5.19386
5.27683
5.03622
4.8932
4.55669
4.93484
4.93294
5.04697
5.33604
5.44223
5.41033
5.38416
5.40142
5.35411
5.38768
5.54618
5.43086
5.41936
5.422
5.47646
5.3143
5.45092
5.38481
4.94636
4.9052
5.03985
5.47163
5.72893
5.33405
5.49956
5.41443
5.68773
5.66758
5.45318
5.56809
5.63052
5.895
5.73406
5.83684
5.33846
5.30866
5.35132
5.50528
5.40732
5.52192
5.63439
5.68585
5.3805
5.37491
5.34659
5.39268
5.77596
5.66674
5.37318
5.37543
5.46483
5.80327
5.74949
5.87768
6.08241
6.10625
6.11151
6.02395
6.00936
6.1248
6.51754
6.69756
7.05361
7.41277
7.41445
7.09466
7.01187
7.48269
7.56989
7.67412
7.98083
8.20523
8.1498
8.21339
8.11672
8.08635
8.39836
8.47908
8.67433
9.2159
9.18376
8.94363
8.94376
9.4063
9.47708
9.41526
9.87606
10.2328
10.4943
10.1266
10.0831
10.3299
10.5116
10.6112
10.6621
10.9101
11.0593
11.355
11.0794
10.6974
10.376
10.5316
10.5545
10.5477
10.4613
10.1783
10.1456
10.1622
10.0866
10.1346
9.85928
9.68406
9.40247
9.38492
9.2977
9.31356
9.20886
9.36822
9.44009
9.61867
9.52598
9.69376
9.99251
10.031
9.82213
9.94366
9.86133
9.87959
9.71376
9.64112
9.94204
10.2759
10.2976
9.94961
10.0383
10.1245
10.0252
9.97479
10.1195
10.1167
10.1244
9.98976
9.83429
9.81773
9.97249
9.79257
12.6191
12.8493
12.8758
12.841
12.9598
12.8219
12.7454
12.4594
12.4045
12.7421
12.462
12.5776
12.9153
12.953
13.136
13.5026
13.3737
12.9898
13.1161
12.7399
12.8424
13.2264
13.1421
13.4104
13.4774
13.6803
14.3225
14.5375
14.4899
14.6494
14.6939
14.4759
14.4423
15.0619
14.8191
14.8981
15.2434
15.3083
15.0176
15.4586
15.9396
15.9518
15.9852
16.4429
15.6759
15.6107
15.9553
16.2537
17.2869
17.9817
17.6373
17.2619
17.9836
18.5521
18.9586
19.4824
19.6616
20.3162
20.0214
20.4829
20.5375
20.7776
20.8506
20.9654
21.0114
21.604
22.1472
22.0644
21.9232
22.1185
21.9798
21.8525
21.8489
21.7409
21.9395
22.3049
22.3334
22.6086
22.6535
22.3154
22.6627
22.5222
22.6189
22.3507
22.0028
21.9171
21.5231
21.4133
21.0539
21.0577
21.1277
21.061
20.854
20.9021
21.0008
21.1441
21.1856
20.8565
20.7714
20.649
20.8811
20.7899
20.8468
20.8987
20.7104
20.945
21.1298
21.0063
21.1563
21.3326
21.295
21.2691
21.3143
21.5538
21.1809
21.414
21.7648
21.7076
21.383
21.3076
21.2518
21.0368
20.6778
20.7947
20.4416
20.3809
20.4249
20.2926
20.24
20.0699
19.9334
19.4019
18.9474
18.8792
19.0103
18.7732
18.7875
18.8788
18.7529
18.6486
18.5963
18.3093
18.5146
18.3233
18.5789
18.6034
18.4468
18.4686
18.5427
18.5228
18.4675
18.395
18.3563
18.3396
18.431
18.1111
17.8678
17.7066
17.6172
17.5487
17.1367
17.1911
17.3312
17.2592
17.2106
17.1843
17.1114
16.982
17.0371
17.0576
17.4194
17.0477
17.0218
17.1341
17.4716
17.2075
17.548
17.8074
17.6837
17.6691
17.6558
17.8134
17.9266
17.6949
18.0409
18.0277
18.2868
18.0574
18.2007
18.2324
18.2857
18.2039
18.421
18.0641
18.4494
18.8093
18.8045
18.862
18.6423
18.5026
18.1837
18.2801
18.5049
17.9418
18.1393
18.0227
17.8752
18.4188
18.2086
18.1658
18.0919
18.019
18.0736
18.0048
17.8955
17.5506
17.4975
17.5408
17.565
17.5327
17.6569
17.6984
17.7379
17.9224
17.7787
17.6876
17.4125
17.3483
17.181
17.1863
17.2853
17.3825
17.6597
17.8991
17.7018
18.0952
18.1226
18.0058
18.1602
18.3333
18.3037
18.458
18.3688
18.3715
18.2229
18.2275
18.6481
18.4317
18.5296
18.5597
18.5431
18.5519
18.1215
17.9843
17.9242
18.1633
17.9931
18.1252
17.9121
18.0978
18.0248
18.1666
18.4291
18.1993
18.1536
18.4086
18.5591
18.4793
18.4627
18.5971
18.6789
18.7454
18.4729
18.4463
18.3912
18.8386
18.7036
18.4029
17.8535
18.2844
18.1725
18.2337
18.1366
18.2257
18.2456
18.2836
18.5003
18.6019
18.6618
18.5966
18.4004
18.4951
18.6863
18.4169
18.4681
18.5539
18.6891
18.7996
18.8577
18.6714
18.6836
18.625
18.7812
18.6678
18.7548
18.535
18.3208
18.1382
18.1372
18.4126
18.5443
18.3247
18.1189
18.2267
17.6334
17.8508
17.6303
18.0167
18.2718
18.2948
18.2661
18.0326
18.2289
18.2421
18.0235
17.9843
18.0401
18.067
18.3639
18.2418
18.0584
18.2745
18.1734
18.192
18.3908
18.2749
18.2942
18.2646
18.1147
18.1896
18.1112
17.9532
17.7969
17.7601
17.5736
17.3044
17.2631
17.59
17.3571
17.7259
17.6737
17.8193
17.7179
17.8863
18.0251
18.2793
18.327
17.8535
17.8248
17.5619
17.3213
17.1914
17.3274
17.4733
17.4767
17.5267
17.6029
17.6086
17.5949
17.6094
17.424
17.4047
17.4252
17.3503
17.357
17.2052
16.8953
17.227
16.9188
17.2542
17.1386
17.1031
17.3347
17.2335
17.1405
17.3103
17.2235
17.3716
17.1638
17.2176
16.6808
16.6068
16.7326
16.5036
16.5388
16.4563
16.1525
16.2098
16.1703
15.764
15.9831
15.8674
15.7678
15.9069
15.9017
15.7497
15.522
15.4913
15.2098
15.3552
15.5642
15.7633
15.6785
15.4855
14.9825
14.7089
14.7564
14.6462
14.7415
15.1092
15.1465
14.7015
14.7309
14.4716
14.3719
14.355
14.6249
14.233
14.2133
14.5294
14.7458
14.7326
14.396
13.6885
14.1343
13.9757
14.1797
13.5366
13.4994
13.7075
13.078
12.8309
12.5666
12.9999
13.2232
12.9342
12.6285
12.4786
12.7943
12.6663
12.6419
12.1489
12.334
13.0445
13.2225
13.1007
13.318
13.5757
13.5629
14.0906
13.8591
13.9078
14.2553
14.1557
14.9859
15.042
15.3842
15.2674
15.9742
15.7155
16.1331
16.5319
16.6163
16.7043
16.3501
16.4627
16.3517
16.0196
16.2377
15.7991
15.7796
15.4808
15.8975
16.0581
16.0343
15.6142
15.3696
15.6269
15.5061
15.4323
15.3281
15.5288
15.2389
15.03
15.1884
15.5007
15.4057
15.4327
15.4381
15.818
10.5076
10.5974
10.8516
10.7088
10.3789
10.4722
10.6824
11.0169
11.0728
11.125
11.2367
11.0502
10.4706
10.581
10.5324
10.1095
10.3316
10.5815
10.1658
10.8636
10.6257
10.1529
9.95556
9.32624
9.26571
8.80736
7.99759
7.78086
7.81515
7.51904
7.98569
8.20626
8.37586
7.73194
7.96955
7.59883
7.17987
7.35209
7.81003
7.56129
7.52098
7.38198
7.39269
6.91569
7.46503
7.66462
7.26048
6.80637
5.36959
4.84072
5.28492
5.88218
5.37493
5.2644
4.98567
4.43847
4.18011
3.75424
4.22156
4.01353
3.85482
3.48897
3.76942
3.52284
3.51048
3.36438
3.25145
3.3449
3.39082
3.18704
3.20196
3.26973
3.251
3.04881
2.96097
2.78028
2.74685
2.671
2.77779
2.77342
2.54631
2.73847
2.44507
2.46065
2.81642
2.77816
2.72365
2.73829
2.89873
2.9898
3.14093
3.15719
3.14612
3.09135
3.09179
3.06483
3.033
2.93683
3.15423
2.94944
2.74014
2.72375
2.29793
2.35141
2.17133
2.09248
2.42164
2.36688
2.2275
2.0989
1.85452
2.12564
1.93698
1.80243
2.07401
2.44508
1.90369
1.79949
2.13261
2.30644
2.10883
2.22077
2.5278
2.48565
2.41017
2.22225
2.24107
2.3384
2.54304
2.48209
2.41729
2.84543
3.13964
3.15447
3.06028
3.48358
3.32943
3.33644
3.55655
3.54356
3.78452
3.6539
3.4239
3.40332
3.14435
3.34046
3.18156
3.28343
3.21135
3.07526
2.86055
3.125
3.09197
3.32927
3.06521
3.31054
3.69019
3.9292
3.85869
4.00441
4.24379
4.65077
4.50307
4.52221
4.624
4.72763
4.86189
4.79447
4.93342
4.83988
4.65034
4.61181
4.80656
5.10642
4.93519
4.95458
4.79741
4.99835
4.99623
5.17856
5.14694
5.27495
5.28545
5.50189
5.55034
5.60432
5.44427
5.3865
5.50422
5.5255
5.36156
5.20233
5.22741
5.35562
5.28086
5.03032
4.87252
5.07341
5.28151
5.57239
5.66504
5.76748
5.8074
5.60218
5.67563
5.46542
5.44184
5.37364
5.36014
5.50628
5.66969
5.47259
5.55972
5.60953
5.69998
5.74616
5.68547
5.86477
5.58683
5.61845
5.29846
5.66397
5.83129
5.57439
5.64996
5.75751
5.79601
5.60605
5.76071
5.54496
5.57915
5.32186
5.3431
5.20693
5.07261
5.39719
5.31693
5.2695
5.29587
5.26294
5.25266
5.36587
5.62896
5.68488
5.94613
5.94266
5.95976
6.00645
5.86644
5.68319
5.44544
5.19046
5.53684
5.67205
5.56963
5.75279
5.81266
5.92527
6.22581
6.35167
6.32522
6.25253
6.24447
6.34156
6.29684
6.25999
6.0145
6.09362
6.23675
6.26163
6.11872
6.10141
6.35628
6.45065
6.7081
6.45431
6.19803
6.22896
6.29535
6.25651
6.31686
6.5253
6.8461
7.186
7.18768
7.19719
7.18409
7.19235
7.14672
7.29423
7.29916
7.30068
7.4363
7.57476
7.63418
7.38744
7.27217
7.20125
7.27493
7.274
7.38924
7.23062
7.25607
7.14347
7.2225
7.35445
7.40535
7.58012
7.72978
7.54612
7.46521
7.36965
7.57603
7.58636
7.79407
7.7101
7.58473
7.52365
7.33362
7.45781
7.5354
7.82461
7.82954
8.02607
8.10088
7.99238
8.11475
8.05209
8.03008
8.38805
8.3577
8.69854
8.91026
8.68754
8.56591
8.31325
8.09662
8.18734
8.04245
7.87566
7.89848
8.01735
7.7871
7.63931
7.74925
7.99217
8.02509
7.79128
7.94863
7.5644
7.65318
7.67862
7.58141
7.51646
7.27532
7.31099
7.27805
7.19381
7.41463
7.0489
7.1916
7.15398
7.0737
6.95538
7.16287
7.08603
7.15112
7.09037
6.95916
7.01029
6.9216
7.16842
7.47285
7.45254
7.58123
7.47647
7.56463
7.46917
7.43368
7.3192
7.23498
7.31398
7.112
7.094
7.0626
6.92238
7.23907
7.38024
7.25697
7.22814
7.18098
6.99344
7.07418
6.8037
6.68474
6.91297
6.98011
7.11743
7.20405
7.20114
7.26678
7.38065
7.33729
7.46233
7.40133
7.51565
7.50726
7.66175
7.66295
7.45041
7.59714
7.49308
7.71183
7.8392
7.60737
7.49373
7.41871
7.699
7.75643
7.88832
8.03517
8.24556
8.19846
8.05631
8.09438
7.87041
7.57861
7.60671
7.46971
7.4564
7.35794
7.25398
7.14514
7.24117
6.77781
6.78113
6.8228
6.92735
7.04944
6.98082
6.9209
6.80851
6.78789
6.50585
6.58302
6.3078
6.22112
6.33107
6.01972
6.09543
6.11507
6.11325
6.0959
5.99727
6.03863
5.87498
5.80769
5.74751
6.00342
5.7792
5.94877
5.99305
5.9327
6.03508
5.93206
5.66566
5.75514
6.03241
5.43395
5.66314
5.49859
5.26476
5.52739
5.40955
5.51336
5.52239
5.4453
5.55103
5.62032
5.98873
6.03062
5.98636
5.96078
5.66345
5.60807
5.78349
5.62058
5.69946
5.74033
6.08236
6.09135
5.98015
6.19902
6.02587
6.04601
6.15433
6.27064
6.13559
6.07057
5.9248
5.69385
5.32148
5.36451
5.68863
5.93131
5.85133
5.77597
5.52882
5.47875
5.09954
4.60689
4.99645
4.97035
4.80166
4.65183
4.68132
5.20182
4.84033
5.25538
4.85193
4.89138
5.08949
5.55897
6.02972
5.98732
6.27515
6.40291
6.71027
6.76423
6.92916
6.52543
6.31915
6.30887
6.3749
6.41793
6.45178
6.40426
6.56195
6.37715
6.34485
6.16813
6.38602
6.65741
6.94358
7.59663
7.43646
7.40998
7.59712
8.03135
7.90528
7.97666
8.05578
7.74344
7.60721
7.38429
7.84822
7.68645
8.05643
8.11282
7.95487
7.97531
7.52386
7.39354
7.05483
7.8381
7.99973
8.48679
8.25157
7.95869
8.32703
8.37775
8.70731
8.654
8.55823
8.6793
8.94261
8.97767
9.11386
8.69629
8.49165
8.50714
7.82325
7.9014
8.04618
7.87716
8.07462
7.85347
8.06824
8.05189
8.30355
7.98126
7.76151
7.34264
7.62908
7.68957
7.64106
7.84509
7.85551
7.51717
7.52707
7.95799
7.70168
7.90156
7.78508
7.73756
7.79394
7.84514
7.28848
7.70986
7.88944
7.83245
7.50539
7.17155
7.22177
7.0543
7.11126
7.03801
7.06717
6.41926
6.06758
6.44106
6.31465
6.01021
6.25306
6.37215
6.53325
6.71503
6.81559
6.93603
6.79254
7.07096
6.82637
6.53829
6.65809
6.58764
6.33327
6.57273
6.63121
6.73609
6.74982
6.67526
6.96362
6.98418
6.74449
6.92338
6.85417
6.95287
6.81133
6.85195
6.65541
7.14123
7.28415
7.71224
7.5691
7.2871
7.38296
7.19606
7.11819
7.15652
6.85446
7.05272
6.39575
6.60827
6.51455
6.15553
5.84657
5.52607
5.48523
5.66845
5.55229
5.68148
6.20099
5.83329
5.54405
5.08193
5.27549
5.23224
5.1405
5.35202
5.1735
4.96388
4.88642
4.89584
4.72716
4.70625
4.9368
5.01447
4.6873
4.41329
4.61996
4.6012
4.53497
4.40254
4.49858
4.41018
4.13934
4.35991
4.06532
3.57604
3.47591
3.3715
3.31644
3.36464
3.61997
3.61172
3.65143
3.76991
3.73514
3.83628
3.84422
3.79683
3.74911
3.88446
3.60083
3.72117
