4.23962
4.49557
4.22024
4.52958
4.68121
4.73163
4.78246
5.10353
5.39856
5.36039
5.55264
5.40602
5.37895
5.54237
5.67071
5.72349
6.04162
6.56652
6.29533
6.1708
6.02253
6.28029
6.01447
5.78682
5.85726
5.70145
5.79037
6.12714
5.93743
5.73568
5.46366
5.60823
5.80118
5.55797
5.6167
5.75136
5.39431
5.77319
5.79954
5.88613
6.39587
6.24784
6.12845
6.00581
6.20514
5.93417
5.77064
5.70249
5.9444
5.8796
5.98872
5.83993
5.89968
5.93233
5.98241
5.68937
5.56149
5.68405
5.21805
5.13092
5.31318
5.18155
5.34566
5.12408
5.03429
5.13085
5.15714
4.93896
4.66026
4.64984
4.5878
4.96863
5.04604
5.1541
5.00257
5.06717
4.88429
4.84504
4.51065
4.5844
4.28985
4.25964
4.03086
4.06174
4.13579
4.01595
4.11947
4.61138
4.31477
4.41525
4.27761
4.40903
4.19513
4.30473
4.49496
4.27354
4.0829
3.73106
4.02873
4.27655
4.31462
4.10011
4.18163
3.983
3.89572
4.46227
3.7879
3.84082
3.60922
3.26956
3.21325
3.20999
2.71669
2.49051
3.08775
3.19138
3.29846
3.46321
3.31722
3.10155
3.02049
3.23942
3.21173
3.10483
3.12798
3.3174
3.28146
3.45008
3.75391
3.83524
3.34692
3.47391
3.53693
3.48141
3.25346
3.51312
3.83234
3.6238
3.57354
3.58339
3.76866
3.41714
3.7094
3.65031
3.71494
3.63202
3.23693
3.01616
2.87966
2.82066
3.07807
2.89178
2.58362
2.73931
2.84228
2.81748
2.7577
2.77325
2.64319
2.46
2.47394
2.5282
2.31288
2.74099
3.03078
2.71169
2.58615
2.69904
2.76461
2.67333
2.72404
2.64183
2.47506
2.47777
2.37834
2.66427
2.63517
2.90354
2.94298
2.95834
3.12431
3.02104
3.01711
3.20804
2.86331
2.67677
2.71206
2.62359
2.32949
2.3515
2.14875
2.15494
2.09597
2.22039
2.42392
2.48688
2.64998
2.70068
2.6025
2.71383
2.88763
3.01961
3.05812
3.03494
3.10071
3.17508
3.28011
3.32962
3.68154
3.44857
3.4277
3.18105
3.04142
2.95846
3.05217
3.39647
3.89209
3.92391
3.71882
3.57848
3.31305
3.63843
3.89117
3.81939
3.50805
3.54048
3.90015
3.86914
3.94762
3.97328
4.22023
4.19059
4.44706
4.51319
4.43987
4.45678
4.62805
4.46878
4.50457
4.57351
4.70103
4.58634
4.53305
4.54845
4.73206
4.60581
4.7837
4.87193
4.87193
4.61225
4.33433
4.48874
4.40623
4.15871
4.22933
4.70399
4.56465
4.51458
4.69686
4.79849
4.8754
4.73825
4.66851
4.74888
4.72713
4.94765
4.89456
4.93024
4.92357
4.71748
4.14354
4.48732
4.3008
4.5186
4.69574
4.80963
4.75846
4.5941
4.5211
4.59478
4.26413
4.02491
3.83395
3.88766
3.68434
3.69739
4.10501
4.29955
4.34286
4.29071
4.46618
4.06103
3.72563
3.91269
3.86795
3.80748
3.40348
3.6916
3.55072
3.71445
3.80802
3.68685
3.46519
3.27734
3.29234
3.09835
3.13636
3.28439
3.2965
3.10341
2.8559
2.86967
2.9641
2.93214
3.42994
3.28257
3.32526
3.38467
3.46953
3.39303
3.35839
3.0881
2.84906
2.49151
2.58232
2.47614
2.29215
2.26346
2.62775
2.84087
2.5427
2.69765
2.90679
2.84453
2.97447
2.7973
2.87989
2.8926
2.7124
2.82768
2.70283
2.67197
2.96011
2.97193
3.24492
3.07847
2.86414
2.92439
2.64638
2.75528
2.56749
2.71383
2.47861
2.72988
2.54902
2.55313
2.2994
2.04439
1.545
1.79207
1.75826
1.56933
1.74427
1.82209
1.8649
1.61717
1.96339
1.79148
1.88874
1.96493
2.14163
1.99134
2.14624
2.12106
2.03974
2.01522
2.06591
2.12855
2.14211
2.29405
2.59547
2.36652
1.91421
2.08087
2.60417
2.49084
2.21371
2.24976
2.81571
2.80412
3.16357
2.97714
3.04583
3.05713
2.95812
2.78623
2.5263
2.6783
2.93548
2.81169
2.58745
2.87447
2.88548
2.89475
3.03477
3.13669
3.233
3.17338
3.12393
2.73328
2.8721
2.86492
2.79064
2.84224
3.0015
3.13429
2.92548
3.21146
3.14914
3.10592
2.95045
2.69605
2.5471
2.88043
2.88907
2.80574
2.91338
3.12086
3.38244
3.20915
3.18396
2.96718
3.10669
3.27339
3.44456
2.85534
2.84389
2.93033
2.92005
2.98636
2.90063
3.3697
3.33079
3.17673
2.75461
2.98713
2.65914
2.71556
2.83319
2.70376
3.04377
2.7251
2.79508
2.81811
2.56803
2.67003
2.63118
2.82072
2.88316
2.74288
2.31855
2.0995
2.01355
2.01213
2.41972
2.40803
2.51386
2.18769
2.31851
2.39315
2.11628
2.46873
2.36784
2.54494
2.73842
3.01432
2.95592
2.93684
2.68758
2.83281
2.87683
2.87316
2.67936
3.09078
3.11522
2.7965
2.95574
2.71052
2.86906
2.83167
2.91727
3.18688
3.27494
3.50546
3.31902
3.74244
3.58186
3.54246
3.62581
3.26743
3.13897
3.25085
3.59804
3.42651
3.29439
3.2169
3.0891
2.83552
2.90981
3.08166
3.06144
3.14949
3.11538
3.0144
3.14334
3.25572
3.23302
3.26873
3.51631
3.80685
3.81117
3.72022
3.78453
3.77577
3.82562
3.77563
3.66113
3.40118
3.72043
3.50008
3.70747
3.41859
3.38954
3.24862
3.11726
2.88402
2.78141
2.81915
3.10094
3.16407
2.9965
2.87468
2.82262
2.66385
2.62526
2.31121
2.47337
2.75438
2.56915
2.49239
2.54983
2.78444
2.54832
2.25912
2.1321
2.2546
2.18834
2.25538
2.52854
2.46175
2.53012
2.73613
2.74909
2.79526
2.52566
2.53063
2.71693
2.91439
3.06657
3.35651
3.18058
3.15096
3.00854
3.10549
3.20756
3.15915
2.92289
2.74753
3.18176
3.19644
3.14273
3.12138
2.95332
2.8604
2.93132
2.98852
2.92443
2.64571
2.64519
2.19313
2.1541
2.05756
2.10794
2.37997
2.20883
2.43328
2.45332
2.36863
2.34944
2.31558
2.29671
2.43594
2.16977
2.05984
2.13897
1.97316
2.05451
1.94967
2.06491
2.29619
2.32606
2.42432
2.41102
2.43108
2.18691
2.2139
2.27878
2.39826
2.67141
2.79599
2.72994
2.47799
2.60283
2.6588
2.78668
2.84345
2.73445
2.65394
2.19201
2.11641
2.31353
2.23556
2.07084
1.97744
2.17065
2.19233
1.98834
1.99653
1.96397
1.83345
1.59667
1.93765
1.85276
1.9548
1.97908
1.92856
2.2315
2.09294
2.06272
1.92737
2.01913
2.27812
2.31587
2.28854
2.05956
1.85584
1.34701
1.28591
1.4362
1.50279
1.51168
1.17718
1.58466
1.46356
1.39926
1.58568
1.57316
1.58992
1.49363
1.72276
1.93592
1.99683
2.03301
2.12019
2.40831
2.53988
2.48446
2.33224
2.40922
2.43435
2.27614
