10.9867
10.7526
10.3449
10.58
10.473
10.8618
10.412
10.5393
10.2328
10.16
10.0631
9.89301
9.50638
9.45814
8.964
9.1157
9.14424
7.80962
7.74974
6.89599
7.43227
7.37294
7.60694
7.56019
7.25186
7.20272
7.1893
6.90606
6.71214
6.96154
6.80688
6.88104
6.93083
6.61329
6.4899
6.2838
6.18507
6.50337
6.61156
6.81426
6.18398
6.36524
5.95849
5.91753
5.90892
5.47531
5.67552
5.81407
5.62457
5.29888
5.23011
5.17962
5.21084
5.22272
5.13511
5.45898
5.46745
5.02816
4.81477
4.64512
4.49417
4.45652
4.44927
4.39393
4.37484
4.39474
4.37551
4.29663
4.28965
4.38881
4.57216
4.6075
4.62798
4.70531
4.6061
4.69136
4.66384
4.4901
4.43324
4.27219
4.20067
3.8341
3.62989
3.66593
3.6049
3.55088
3.6015
3.79817
3.62146
3.63855
3.94186
4.14126
4.104
4.29473
4.11217
4.1817
4.12962
3.98565
4.04577
4.03651
4.017
3.89774
3.9099
4.12917
3.93202
3.99399
4.20089
4.32552
4.21303
4.1533
4.36751
4.16204
4.04275
4.17083
3.95507
3.7093
3.7437
3.90152
4.13088
3.92375
4.32175
4.255
4.41117
4.00101
3.96102
3.91339
3.97576
3.86303
4.02497
4.05322
3.88734
3.84883
3.93268
3.98491
3.90711
3.93389
4.18712
4.60561
4.70348
4.70333
4.86792
4.89265
4.65003
4.7342
5.02095
4.91768
4.72868
4.76701
4.68437
4.7952
4.88684
4.78004
5.03679
4.65079
4.55096
4.36069
4.46212
4.7448
4.83983
4.81441
4.74524
4.52805
4.57328
4.49312
4.60239
4.66806
4.67177
4.90803
4.60111
4.80207
4.86617
4.67896
4.99329
4.82731
4.77287
4.74981
4.88972
4.8478
4.79609
4.58755
4.66094
4.54081
4.46028
4.33808
4.35372
4.62639
4.53132
4.47335
4.45474
4.45487
4.51323
4.77537
4.64894
4.81111
4.69066
4.17228
4.23066
4.39179
4.58825
4.95586
4.99739
4.99907
4.76524
4.62053
4.21231
4.18274
4.30761
4.11649
4.04022
4.01985
3.69758
3.72144
3.87854
3.76275
3.91398
3.75796
4.03701
4.15072
4.16258
4.01467
3.80779
3.74954
3.44087
3.66142
4.18089
4.02551
4.02211
4.09132
3.8714
3.83028
4.1777
4.29858
4.07743
3.86002
3.82754
3.99503
3.58175
3.697
3.71297
3.59135
3.53905
3.51248
3.50535
3.33731
3.36561
3.57114
3.59726
3.59117
3.36751
3.48638
3.66683
3.42958
3.3833
2.86037
3.05298
2.92259
3.08517
3.18372
3.24298
3.51117
3.5987
3.56403
3.45974
3.55656
3.54311
3.61183
3.77827
3.51402
3.60937
3.77866
3.5288
3.70718
3.39408
3.79767
3.70087
3.53912
3.48965
3.49984
3.33384
3.60788
3.77917
3.65398
3.66798
3.6543
3.52344
3.95231
4.26325
4.18924
4.29875
4.48018
4.59044
4.09335
4.0985
4.35438
4.51085
4.82394
4.75888
4.46235
4.65188
4.60365
4.4378
4.14826
3.93481
3.83257
3.82438
3.79396
3.92816
3.93723
3.78276
3.73997
4.10019
4.28354
4.48623
4.36382
4.39571
4.40706
4.27932
4.33067
4.39621
4.25301
4.35405
4.52024
4.64288
4.68393
4.56423
4.58985
4.70014
4.96625
5.03445
5.04352
4.97889
4.80388
4.64734
4.89525
4.64172
4.46751
4.31808
4.27475
3.98068
3.77521
3.78545
3.9865
3.91583
3.71652
3.35187
3.26633
3.2638
3.18467
3.06671
2.91333
2.80841
2.94096
3.03282
3.18708
3.4352
3.45321
3.34698
3.45416
3.36429
3.53664
3.51144
3.23246
3.47867
3.16445
3.24269
3.08327
3.09401
3.07094
3.08439
2.88068
2.63115
2.77443
2.96775
3.11027
3.39851
3.08085
3.35765
3.45225
3.1739
2.59811
2.45159
2.89475
2.8176
3.07191
2.95546
2.96892
3.20407
3.18665
3.24251
3.34662
3.30857
3.25899
3.4089
3.24229
3.28774
3.24803
3.14745
3.32525
3.24909
3.48129
3.14652
3.14052
2.81113
2.66611
2.76371
2.80044
2.66364
2.61207
2.64568
2.68743
2.63696
2.69622
2.28621
2.4297
2.46131
2.47256
2.55783
2.5056
2.70025
2.87233
2.78019
2.57708
2.48097
2.9191
2.31698
2.27924
2.36041
2.30061
2.43468
2.34106
2.29417
2.26084
2.0184
2.12466
2.08407
1.94275
2.03835
1.97435
2.51693
2.27682
2.0931
2.10213
2.10611
1.76695
2.14956
2.14242
2.30118
1.99865
1.81804
1.82906
1.64091
1.67439
1.92137
1.97657
1.87612
1.75573
1.27347
0.973711
1.19107
1.21631
1.00317
0.916768
0.965355
1.03685
0.701343
0.834453
0.968746
1.20675
0.91727
0.909639
1.10007
0.999196
1.20444
0.901737
0.76726
1.19995
1.04644
0.993952
0.879619
0.685702
0.592017
0.653844
0.761507
0.626773
0.537347
0.550801
0.622576
0.697084
0.696145
0.820953
1.06477
0.972927
1.32477
1.32541
1.29504
1.26971
1.10323
1.43399
1.34805
1.35264
1.41657
0.938576
0.630147
0.701282
0.586369
0.599078
0.811919
0.951681
0.990772
1.09376
1.08381
0.846094
0.9602
0.939711
0.753257
1.18189
1.20067
1.20198
1.19539
1.07609
1.14388
0.956957
1.4102
1.61469
1.6489
1.50895
1.35871
1.41173
1.29125
1.54558
1.45669
1.32404
1.1879
1.33676
1.18861
1.19861
1.22401
1.28954
1.53242
1.8106
1.62565
1.55729
1.63022
1.71536
1.83477
2.03471
1.80818
1.73631
1.65005
1.71992
1.51918
1.4575
1.7163
1.47531
1.6364
1.99312
1.99564
1.70058
1.3524
1.42361
1.2886
1.15024
1.0435
1.05741
0.924878
0.921343
0.859071
0.748412
1.01796
1.0035
0.990041
1.00448
0.919722
0.878028
0.992894
1.00391
1.21496
1.14856
1.17751
1.29351
1.56822
1.59572
1.60463
1.47701
1.56806
1.76176
1.55682
1.42765
1.85218
1.91545
2.02211
1.93749
1.75545
1.45203
1.24614
1.2217
1.19467
1.44712
1.22462
1.28103
1.41493
1.36401
1.40786
1.3868
1.58764
1.71673
1.53002
1.51108
1.43327
1.36204
1.2748
1.43376
1.78491
1.80196
1.87694
1.99435
1.93532
1.82674
2.06523
1.97803
1.83173
1.71963
2.00113
1.926
1.90972
1.93385
2.08783
2.26793
2.21511
2.34196
2.29258
2.14034
1.99837
1.90524
1.84749
1.86285
1.835
1.80452
1.66398
1.59208
1.39059
1.39859
1.14158
1.46475
1.59481
1.41899
1.40781
1.72464
1.47292
1.59603
1.36251
1.67257
1.73948
1.86952
1.9535
1.86339
1.73308
1.75929
2.02338
1.94362
1.92773
2.05624
2.4244
2.68239
2.92198
2.92072
2.93742
2.93906
3.03813
3.14888
2.99998
3.02773
2.71266
2.70447
2.62254
2.75611
2.46775
2.50412
2.21198
2.48955
2.36047
2.45502
2.55763
2.77513
2.7119
2.65866
2.86439
2.94956
2.73168
2.78132
2.71403
2.63418
2.44061
2.50351
2.72728
3.07567
3.21789
3.35373
3.34206
3.52049
3.7326
3.78072
3.75427
3.79796
3.67778
3.4821
3.56902
3.69834
3.50888
3.33467
3.61947
3.55728
3.17104
3.2795
2.91241
2.98635
2.79448
2.71316
2.76238
2.83078
2.95797
2.73302
3.12768
3.15375
2.90619
3.1447
3.52207
3.5141
3.54195
3.45314
3.37914
3.2501
3.45353
3.71334
3.46132
3.38264
3.51853
3.25676
3.13578
3.24903
3.41838
3.38161
3.34427
3.60303
3.71041
3.60125
3.57213
3.14504
3.24759
2.90171
3.00641
3.32333
3.41294
3.62669
3.52651
3.58025
3.47188
3.3917
3.28012
3.05651
2.97624
3.02188
2.97175
2.87927
2.8633
2.78396
2.73103
2.83541
2.8692
2.75882
2.78029
2.67183
2.6986
2.69052
2.91539
2.89479
2.8889
2.8223
2.812
2.91831
2.82586
2.72329
2.736
2.59042
2.97408
2.51795
2.51148
2.38782
2.64541
2.65996
2.41241
2.6623
2.64397
2.66855
2.65032
2.55608
2.53937
2.49897
2.66165
2.83841
2.84686
2.81944
2.97708
3.01427
2.80869
2.87025
2.80379
2.73884
2.54627
2.41252
2.35569
2.35733
2.16488
2.14153
2.10317
2.26788
2.45847
2.70489
3.0471
3.18953
3.17106
3.05609
3.03955
3.01844
3.34802
3.0508
2.99273
2.89999
3.18212
3.37593
3.31926
3.34758
3.49834
3.38686
3.23877
3.19671
2.94357
2.67957
2.88476
2.96594
3.16447
3.14314
3.46227
3.52038
3.38956
3.55205
3.43083
3.23107
3.30443
3.28585
3.30877
3.60242
3.5758
3.42553
3.2052
2.89183
2.83326
2.59349
2.64329
2.77663
2.79871
2.75065
2.48566
2.64022
2.7205
2.36394
2.25951
2.27649
2.39695
2.22084
2.56579
2.35727
2.30997
2.26268
2.04168
2.32457
1.91255
2.02469
2.01345
2.16372
2.02143
1.9776
1.66321
1.4303
1.48008
1.67689
1.54727
1.55668
1.37649
1.40119
1.36171
1.50411
1.40035
1.52934
1.54443
1.61089
1.4417
1.29008
1.21169
1.12738
1.15694
1.2114
1.61659
1.46883
1.32936
1.17803
1.3437
0.971327
1.04748
1.18534
1.32075
1.03486
1.55156
1.5379
1.25625
1.49111
1.3238
1.47861
1.1494
0.73111
0.773904
0.922243
0.958841
0.970398
1.56279
1.39835
1.18737
1.20925
1.11587
1.33499
1.49372
1.37644
1.34695
1.24282
1.41482
1.53574
1.73633
2.02328
1.73839
1.85026
1.70906
1.89317
2.02153
1.98189
1.74946
1.65354
1.36011
1.5707
1.42967
1.38675
1.42759
1.06488
0.950938
1.21148
1.30031
1.26544
1.42005
1.53546
1.40608
1.43396
1.70444
1.44865
1.28616
1.40026
1.61778
1.52277
1.83501
1.82753
1.97937
2.13537
1.92978
1.85702
1.67915
1.99036
1.95747
1.80632
2.1749
1.95516
2.02838
1.94017
2.12371
2.23371
2.14332
2.28094
2.27021
2.62064
2.82637
3.22972
2.74762
2.48672
2.61635
2.77402
2.65972
3.06437
3.00772
3.0724
2.9351
2.62896
2.62293
2.74647
2.59218
2.45813
2.31632
1.98179
2.03535
2.02104
1.64234
1.68479
1.67814
1.68656
1.36743
1.51024
1.53067
1.60081
1.69974
1.68994
1.5535
1.48819
1.38658
1.61179
1.47301
1.39161
1.05136
0.891674
0.83171
1.11306
1.26363
0.97587
1.05606
1.04693
0.582644
0.647604
0.948261
0.773406
0.622063
0.689305
0.605247
0.479614
0.504709
0.513638
0.492349
0.444027
0.570671
0.727904
0.493801
0.540353
0.524241
0.689641
0.505629
0.508213
0.341698
0.399773
0.196767
0.314608
0.229023
0.122113
0.121592
0.536238
0.544912
0.549007
0.382022
0.378221
0.231069
0.241619
0.245212
0.273638
0.226509
0.287793
0.500084
0.668205
0.724345
0.599081
0.507424
0.648934
0.381498
0.367557
0.325432
0.456842
0.192791
0.264944
0.369666
0.012538
0.217035
0.0727058
0.1519
0.172343
0.324191
0.475203
0.327853
0.0786377
0.0606855
0.130275
0.338634
0.537991
0.546904
0.853121
0.953409
0.910113
1.09691
1.17399
1.07949
1.24654
1.03162
0.846359
0.723823
0.804685
0.83059
0.854747
0.922026
0.748173
0.637427
0.817454
0.685321
0.60449
0.508239
1.0079
1.22721
1.25114
1.15729
1.67443
1.3892
1.22449
1.26854
1.29346
1.25265
1.19277
1.37761
1.30286
1.78336
1.79753
1.84971
1.85096
1.58867
1.73566
1.8182
1.78492
1.90436
1.89526
2.0214
2.04981
1.92234
2.12389
1.98654
1.85402
1.75731
1.80735
1.94499
1.47989
1.41703
1.35891
1.48071
1.36004
1.45256
1.31641
1.53243
1.58086
1.71061
1.94165
1.88551
1.93088
1.90297
2.18583
2.18418
2.00423
2.0636
2.03868
2.10323
1.78566
1.42782
1.48686
1.78569
2.13539
2.14803
1.75764
1.76319
2.1325
1.74484
1.87893
1.88036
2.09236
2.15972
1.82111
1.77265
1.66344
1.60518
1.63803
1.18424
1.48287
1.42239
1.3295
1.16428
1.07631
1.15295
1.22081
0.611703
0.479384
0.548916
0.884589
0.76613
1.04826
1.12192
1.25735
1.27977
1.20755
0.974198
0.768652
0.955693
0.914784
0.821869
0.614115
0.557323
0.420716
0.147619
0.282659
0.407641
0.349791
0.300482
0.257025
0.371724
0.0552891
0.348863
0.143778
0.384523
0.23162
0.225469
0.0903513
0.330647
0.196702
0.318638
0.2664
0.189194
0.296024
0.086413
0.23646
0.347227
0.362255
0.387205
0.53866
0.590155
0.436195
0.29206
0.521875
0.492548
0.37644
0.313444
0.518451
0.201291
0.390643
0.509266
0.565232
0.306155
0.277742
0.528716
0.378854
0.494282
0.298113
0.213443
0.241433
0.525565
0.407945
0.496388
0.735165
0.799486
0.861496
0.84141
0.784249
0.711065
0.706231
0.721215
0.896705
1.24064
1.09642
1.10567
0.987156
1.18842
1.11505
0.763174
0.945619
0.916175
1.38405
1.20371
1.16035
1.33402
1.34872
1.4796
1.66324
1.67149
1.62797
2.07787
2.15485
2.07858
2.0061
1.9914
2.0946
2.09347
2.34775
2.16562
2.14034
2.47441
2.34423
2.36864
2.31898
2.26811
2.28673
2.21989
2.23675
2.19876
2.15402
1.94383
2.00147
1.78061
1.79949
1.62987
1.60322
1.50128
1.51299
1.51819
1.80966
1.9217
1.69212
1.48754
1.55352
1.54738
1.53562
1.55973
1.36142
1.6038
1.32387
1.55906
1.61144
1.63146
2.00052
1.72993
1.67554
1.57838
1.70965
1.46429
1.48883
1.60604
1.74726
1.78599
1.86974
1.98277
2.08598
2.1281
2.10737
2.03985
1.76793
1.89794
1.87902
1.90127
1.84494
1.79077
1.53849
1.50883
1.45095
1.42058
1.5044
1.64063
1.62207
1.44129
1.37943
1.66729
1.75403
1.77597
1.79398
1.83828
2.02022
2.11389
1.91521
1.91985
2.06844
2.14036
1.8205
1.64898
1.71674
1.63818
1.57197
1.6016
1.64471
1.98503
2.02186
2.12502
2.18419
2.17796
2.14844
1.96074
1.97107
1.9585
2.15908
2.2984
2.23317
2.31788
2.33847
2.3499
2.3197
2.51153
2.53079
2.60891
2.70317
2.57154
2.64548
2.48874
2.37993
2.68076
2.77244
2.77475
2.82851
2.6977
2.62761
2.69733
2.89169
2.77532
2.93733
3.02576
2.91297
3.08677
2.74133
2.59991
2.81673
2.59514
2.70226
2.77775
2.67765
2.41394
2.37323
2.61349
2.57359
2.51222
2.65256
2.35395
2.37715
2.32346
2.58309
2.31408
2.22683
2.34824
2.31957
2.39866
2.37567
2.43023
2.53846
2.51053
2.36253
2.29236
2.29085
2.26011
2.34496
2.37168
2.30863
2.23105
2.39746
2.42741
2.40969
2.39449
2.39864
2.45072
2.55081
2.15915
2.11766
1.9811
2.11948
2.08244
2.19919
2.23862
2.19163
2.07424
2.13138
2.3245
2.34189
2.12882
2.20739
2.1291
2.19457
2.16629
2.18082
1.9249
1.76199
1.60586
1.82637
2.06025
2.3707
2.12657
2.50948
2.60373
2.91057
3.05805
3.24507
3.03077
2.95105
3.15282
3.03222
2.97322
3.02488
3.06958
2.94591
2.8831
2.9169
2.83443
2.65537
2.77121
2.81916
2.77518
2.78836
2.76646
3.31331
3.23126
3.69521
3.72598
3.71034
3.72627
3.49751
3.77324
3.6535
3.63827
3.56544
3.44839
3.64292
3.70892
3.55434
3.79947
3.70456
3.6315
3.6508
3.23322
2.81972
2.57572
2.76028
2.89093
2.88149
2.71507
2.57319
2.66031
2.57725
2.40936
2.78409
2.75024
2.66721
2.70127
2.56776
2.59084
2.45268
2.67183
2.54907
2.73604
2.69063
2.58866
2.71567
2.69824
2.99743
2.8271
2.98508
3.06513
2.95584
3.33188
3.42743
3.27816
2.88065
2.77366
2.94436
3.07616
3.15441
3.35502
3.33554
3.44726
3.25056
3.40639
3.26936
3.22798
3.39835
3.40282
3.53811
3.2352
3.3424
3.40356
3.45932
3.72706
3.66803
3.43297
3.21248
3.19995
3.0128
3.10227
2.84346
2.86562
2.8701
3.01237
2.72232
2.62662
2.38623
2.37363
2.63149
2.40406
2.58386
2.33151
2.11275
2.09655
2.21839
2.22591
2.18733
2.28708
2.19422
2.30835
2.37376
2.44794
1.92561
1.85954
2.05061
1.9422
1.76394
1.75529
1.64194
1.80758
2.19492
2.29076
2.08168
1.91975
2.02105
1.96778
1.69543
1.7431
1.84513
1.95308
2.05858
2.1365
2.28757
1.88555
1.89126
1.7659
1.79476
1.80162
1.82572
2.21599
2.13248
2.10953
1.99998
1.73397
1.44609
1.53657
1.42868
1.6911
1.54975
1.87885
1.75512
1.75903
1.90469
1.95307
1.99056
2.1574
2.24675
2.01467
2.23346
2.34425
2.25841
1.95524
1.7739
1.92028
1.84079
1.93792
1.87507
1.79111
1.78693
1.74624
2.12178
1.95016
2.00122
1.84988
2.12089
2.22744
2.30803
2.32469
2.04511
2.10794
2.40255
2.18685
2.07732
2.22112
2.26718
2.1797
2.05133
1.96351
2.26626
2.11414
2.35349
2.44819
2.18223
2.49235
2.3664
2.48573
2.36337
2.31788
2.405
2.40159
2.35571
2.11644
2.20168
2.37639
2.23646
2.2116
2.37528
2.39725
2.6452
2.93162
2.96173
3.0778
3.14284
3.3079
3.17371
3.05158
3.15355
2.8622
3.06263
3.10362
3.16504
3.3495
3.36042
3.48717
3.39057
3.44176
3.28601
2.9462
2.92839
2.78182
2.83544
2.69547
2.66957
2.713
2.84601
2.97137
2.96978
3.14903
3.50758
3.18209
3.27381
3.25832
3.10403
3.19371
3.17647
3.27707
3.13608
3.28886
3.30586
3.44678
3.45675
3.57587
3.42161
3.46386
3.20425
2.94488
3.3553
3.57172
3.72754
3.84598
3.78536
3.66118
3.52813
3.31178
3.45326
3.58245
3.51965
3.71075
3.80082
3.65733
3.67018
3.57265
3.32649
3.09498
2.91456
2.87743
2.60332
2.71026
2.56771
2.544
2.47549
2.37546
2.6206
2.97449
3.00564
3.07242
2.69705
2.83619
3.27899
3.2434
3.09217
3.17821
3.12225
3.26807
3.19594
2.89661
3.04221
2.99873
2.88586
2.58957
2.48307
2.39891
1.97734
2.09088
2.06675
2.06641
1.81112
1.91741
2.00121
2.1126
2.33201
2.48423
2.36189
2.42025
2.26543
2.27576
1.95367
2.23236
2.17069
2.26034
2.31086
2.25662
2.17683
2.33759
2.26344
2.14813
2.29579
2.43635
2.52881
2.74936
2.56513
2.81827
2.84332
2.98021
3.17838
3.22318
3.03558
2.92948
2.50318
2.58552
2.68978
2.76395
2.72577
2.75811
2.53511
2.41481
2.5062
2.33411
2.46538
2.14134
2.16937
2.06809
2.26171
2.44824
2.8171
2.90897
3.09805
3.01781
3.17953
3.22505
3.16004
3.52875
3.81098
3.63194
3.48743
3.38523
3.47985
3.68682
3.52269
3.82014
4.02113
3.7554
3.64585
3.47656
3.6218
3.84673
3.62061
3.76752
3.39971
3.11887
3.2548
3.53641
3.19441
3.42346
3.28661
3.16483
3.02031
3.34296
3.55947
3.20419
3.13434
2.99404
3.05128
2.8761
2.83276
2.58034
2.81283
2.82463
2.80545
2.81175
3.00123
2.52522
2.51648
2.65133
2.4952
2.37453
2.67699
2.6335
2.96606
2.83306
2.84722
3.16701
3.45896
3.49466
3.1064
3.34735
3.23493
3.43584
3.39153
3.52183
3.44616
3.7982
3.86432
3.75245
3.3736
3.1191
3.03837
2.86057
3.13401
3.46146
3.50343
3.4464
3.08813
3.1657
3.32386
3.24792
3.24783
3.43396
3.37082
3.10411
3.32333
3.27141
3.23019
3.12395
3.02898
3.31256
3.05536
3.05544
3.03507
3.13247
2.92764
3.00081
3.04006
3.05787
3.03386
2.80204
2.82916
3.15178
3.11446
3.07201
3.11129
2.59381
2.33031
2.30981
2.16607
2.28677
2.49394
2.42509
2.48413
2.11203
2.00423
2.15369
2.16207
2.05809
1.97788
1.691
1.65214
1.9936
2.08692
2.19674
2.08524
1.97716
2.21824
1.90136
1.88327
1.65848
1.88259
1.62856
1.5022
1.23071
0.946492
0.947548
0.801258
0.792538
0.707058
0.703194
0.760608
0.655563
0.827143
0.960063
0.789541
0.956827
0.929338
1.07472
0.97056
1.04466
1.32052
1.41175
1.2505
1.01589
1.00966
0.671989
0.22307
0.331675
0.201108
0.246939
0.0691388
0.166295
0.330131
0.260889
0.207197
0.35652
0.447675
0.408945
0.515388
0.552978
0.570892
0.601009
0.453417
0.473936
0.755734
0.935469
1.14677
1.25391
1.23447
1.23201
1.06115
1.28896
1.51631
1.44018
1.42655
1.46215
1.36964
1.12963
1.19648
0.891232
0.750173
0.603102
0.582384
0.357837
0.448589
0.299582
0.426538
0.664579
0.52063
0.973009
0.964769
1.24067
1.19541
0.926796
1.11555
1.21876
0.913597
0.97938
1.05501
1.18879
1.2294
1.16926
1.35819
1.64738
1.64032
1.58766
1.59303
1.48603
1.50524
1.49696
1.1251
1.43964
1.44852
1.58612
1.52234
1.58096
1.61201
1.52293
1.33698
1.52271
1.54155
1.56711
1.63712
1.82498
2.1666
2.20859
2.01287
1.9278
2.10498
2.27528
2.2507
1.95666
2.07417
1.9847
1.87762
2.18778
2.25588
2.15435
2.27399
2.40386
2.62379
2.807
2.68011
2.89556
2.91327
3.15883
3.32068
3.24762
3.23917
3.00132
3.19348
3.13431
3.11643
3.11241
3.14152
3.14361
2.95278
2.9223
3.18168
3.26974
3.3303
3.14058
3.03339
3.17102
3.09823
3.00789
3.0055
2.83885
2.82364
2.98499
3.01078
3.1572
3.13519
2.85702
2.80824
2.81362
3.07259
3.19496
3.08759
3.04514
3.23092
3.20088
3.09105
3.18687
3.3504
3.33367
3.5688
3.4898
3.36679
3.45154
3.63911
3.31035
3.3044
2.98585
2.9547
3.17409
3.14586
3.24781
3.25034
3.04257
3.14826
3.19237
3.24279
3.23701
3.28447
3.48963
3.82444
4.01341
3.99757
3.79264
3.97377
4.29527
4.26295
4.16031
4.05737
4.21635
4.26093
4.1311
4.15287
4.14439
4.3463
4.2399
3.93466
3.98313
4.32177
4.48366
4.39335
4.32302
4.48625
4.5035
4.40374
4.14067
4.12956
4.09218
3.99015
3.87456
3.75949
3.82567
3.8756
3.72789
3.8527
3.84449
4.08449
4.0383
4.08119
3.97154
4.0462
4.07866
4.16263
4.0575
4.15468
4.13601
4.18019
4.04816
4.02949
4.21289
4.31176
4.37901
4.55018
4.58179
4.53638
4.34683
4.39376
4.43902
4.46828
4.35686
4.01845
4.03486
4.17908
4.14257
4.36832
4.33827
4.43637
4.35979
4.35664
4.31288
4.40474
4.37335
4.47445
4.56559
4.5998
4.60746
4.70506
4.61717
4.55482
4.60624
4.45229
4.20421
4.12012
4.22819
4.49649
4.101
4.21022
4.36191
4.21086
4.44009
4.38746
4.33405
4.40657
4.36428
4.26494
4.34233
4.22741
4.10293
3.93489
3.99745
3.93025
3.61974
3.69135
3.78465
3.62535
3.82451
3.7132
3.67201
3.49037
3.44369
3.55011
3.63498
3.4844
3.80195
3.67355
3.50829
3.68671
3.50789
3.31119
3.374
3.46185
3.6929
3.7461
3.45111
3.29547
3.17262
3.27063
3.0208
2.90748
2.85385
2.98351
3.14246
2.89302
2.99329
2.82443
2.88784
2.77722
2.63221
2.85492
2.94188
2.88732
3.04767
3.25223
3.07441
2.80724
3.23147
3.27926
3.56056
3.59143
3.55711
3.41171
3.60005
3.6237
3.41148
3.46298
3.43976
3.45167
3.62065
3.73371
3.90813
3.70174
3.60543
3.89705
4.08055
3.88946
3.92997
4.15056
4.07191
3.85511
4.00232
4.08359
3.93094
3.68687
3.68806
3.82791
3.74716
3.557
3.35694
3.17051
3.34554
3.15703
3.62347
3.8326
3.63771
3.91172
4.06025
3.90446
3.95953
3.87239
3.9216
4.02274
3.87481
3.77549
3.55107
3.50927
3.72093
3.79617
3.94913
4.12185
4.12376
4.0888
3.9909
4.02848
4.18338
3.94285
4.08221
4.01728
3.87342
3.90263
4.20464
4.27992
4.50368
4.13832
3.97916
3.67252
3.57644
3.70216
3.6193
3.59612
3.68749
3.76064
3.58599
3.65241
3.79856
4.04405
3.94877
4.00311
3.8986
3.94566
3.87074
3.58896
3.77575
3.58544
3.4755
3.49569
3.41587
3.37525
3.2609
3.33022
3.44831
3.36129
3.50744
3.49725
3.82866
4.03631
3.92589
3.95373
3.77041
3.92605
4.0809
4.02572
4.13514
3.99188
3.94432
3.87054
3.95005
4.03655
4.2414
4.22361
4.32351
4.16452
4.34719
4.5595
4.48295
4.67857
4.68307
4.62723
4.62603
4.69399
4.77834
4.96389
4.8499
4.64878
4.51039
4.61863
4.58618
4.51335
4.53776
4.48137
4.62997
4.50571
4.53192
4.4453
4.5038
4.26151
4.6898
4.81617
4.85842
4.71468
4.84277
4.33492
4.38003
4.13992
4.25447
4.36097
4.45855
4.25096
3.98722
4.00825
4.28366
4.51549
4.54103
4.69728
4.62945
4.766
4.73428
4.76695
4.6553
4.51126
4.42403
4.58831
4.64465
4.342
4.37389
4.39935
4.15057
4.14487
3.72115
3.63146
3.54659
3.78354
3.38112
3.64645
3.45715
3.62717
3.43771
3.35862
3.46095
3.33411
3.4105
3.40622
3.50769
3.55386
3.8244
3.93533
4.22874
4.14763
4.09646
4.19968
3.70673
3.75398
3.7971
3.80167
3.58044
3.44176
3.17273
3.2782
3.24513
2.89067
3.03985
3.39084
3.3889
3.80039
3.79981
3.70271
3.80342
3.68301
3.70328
3.82804
3.90448
3.99079
4.03144
3.99353
4.2292
4.3183
4.40641
4.47819
4.58143
4.54849
4.647
4.6639
4.75449
4.55716
4.48691
4.5131
4.39323
4.34591
4.38692
4.46082
4.40094
4.2914
4.15617
4.17332
3.71114
4.06664
4.23046
4.09373
4.21526
4.33246
4.1734
4.16441
4.26975
4.33289
4.18469
4.25227
4.10788
4.02711
3.90622
4.34393
4.53681
4.66207
4.6299
4.31154
4.55017
4.54882
4.64686
4.68908
4.74078
4.80826
4.55409
4.7459
4.80855
4.93074
4.99347
4.88497
5.01294
4.99916
5.04759
4.94092
4.99604
5.03273
5.19628
5.2726
5.08721
5.02298
5.06544
4.90348
4.99621
5.0225
5.07828
5.29186
5.00961
5.25375
5.40993
5.24223
5.16452
5.03327
5.11116
5.05288
5.11828
4.8619
4.71237
4.85724
4.90733
4.79869
4.74357
4.70961
4.72663
5.06264
4.95468
4.75146
4.75038
4.77157
4.48038
4.28005
4.32784
4.34901
4.44047
4.26
4.1345
4.33344
4.47317
4.48101
4.55861
4.65687
4.53323
4.40208
4.48162
4.4733
4.45392
4.32071
4.29831
4.38078
4.32006
4.38703
4.37157
4.42825
4.43136
4.49451
4.54249
4.43626
4.44107
4.57057
4.56734
4.49468
4.39347
4.36989
4.54131
4.2636
4.10481
4.11142
3.89087
3.62297
3.78972
3.53555
3.53054
3.6514
3.44341
3.37924
3.35596
3.36258
3.14849
3.18465
3.4713
3.29071
3.27121
3.07471
3.16357
3.33855
3.20621
3.10636
3.09976
3.03604
2.96177
3.04927
3.01896
3.28399
3.2661
3.15333
3.55962
3.27819
3.29872
3.08653
3.06681
3.05253
3.10759
2.90863
2.86485
2.92763
2.76479
2.77564
2.68898
2.73274
2.78377
2.61541
2.65281
2.6161
2.99848
2.7983
3.13972
3.04295
3.01351
3.14023
3.02987
2.89866
3.05928
2.86752
2.79667
3.07547
3.1011
3.5781
3.16312
2.87567
2.58415
2.65645
2.83629
2.88573
2.80414
2.9066
3.01829
3.09735
3.40838
3.3055
3.19359
3.02764
2.97315
3.21471
3.34429
3.47684
3.38819
3.09131
3.06848
2.93726
3.03058
2.93083
2.98715
2.99267
2.90178
3.05544
3.09808
3.11491
3.3581
3.36788
2.99564
2.85217
3.13077
2.86961
2.74718
3.05285
3.00721
3.02065
2.95361
2.87398
2.92051
2.76854
2.59015
2.74087
2.68098
2.7414
2.56027
2.51317
2.47364
2.46271
2.54072
2.8389
2.66158
2.48696
2.59682
2.83884
2.78764
2.55946
2.48357
2.62533
2.34513
2.65964
2.7044
2.76704
3.15881
3.06684
3.00914
2.92078
2.93838
2.8862
3.05673
3.2189
3.36867
3.30871
3.48112
3.53486
3.53488
3.74449
3.61049
3.61207
3.77851
3.69489
3.87461
3.83186
3.5826
3.61019
3.59968
3.37655
3.0955
2.76601
2.78943
2.74603
2.57579
2.38029
2.17493
2.32648
2.23777
2.38184
2.30156
2.45995
2.33174
2.47283
2.37599
2.37757
2.28083
2.13438
1.89889
2.13951
2.17098
2.34657
2.2288
2.04138
1.95631
1.98737
2.21357
2.19621
2.29457
2.16083
1.96208
1.93148
1.94298
2.05065
2.08805
2.20315
1.99355
1.98175
1.93098
1.94867
1.69346
1.48253
1.5215
1.3082
1.31373
1.6386
1.505
1.72555
1.74609
1.83934
1.80757
1.91066
2.05285
2.17825
2.21356
2.05065
2.07363
2.05549
1.91951
1.88544
2.18745
2.53546
2.45583
2.6332
2.96967
2.74386
