4.46817
4.39812
4.57119
4.64917
5.04775
4.90392
4.52083
4.58196
4.66881
4.23858
4.32442
4.40755
4.17514
4.51394
4.50852
4.20764
4.14474
3.91182
3.67933
3.60867
3.20495
2.78911
2.95351
3.0565
3.18314
3.59163
4.18326
4.74946
4.57805
4.06303
3.78482
4.16153
4.0599
5.13984
5.166
4.88531
5.39644
5.36934
5.96748
6.33819
6.04348
6.71058
7.19504
6.14286
5.40991
4.79939
5.05159
5.44098
5.51052
5.81237
6.15753
6.29109
6.38396
6.69982
6.43378
5.86147
5.43271
5.57987
5.40021
5.1827
5.61221
5.63851
6.6388
6.75765
6.32353
6.64857
6.91318
7.10427
7.21722
7.27349
6.83356
6.68739
7.05817
7.26235
7.88756
7.81859
7.38432
7.54758
7.34126
7.14421
7.46814
7.30377
7.46745
7.27196
7.57169
7.80165
7.85633
7.99113
7.88911
7.76885
7.75001
7.86746
8.14052
8.60604
8.92113
8.92032
8.94898
9.1389
8.88945
8.78802
8.56664
9.11096
9.06199
9.61919
10.0526
9.85824
9.68748
9.79179
10.594
10.4789
10.793
10.7225
10.1438
10.4418
10.4701
10.4343
11.0234
10.9107
10.8692
10.8787
10.5987
10.7468
10.9339
11.3965
11.6829
11.7577
12.4285
11.6054
11.3938
11.9018
12.6252
13.4766
14.2445
13.9466
13.8057
14.0511
13.9175
14.0723
14.5662
14.7301
14.7255
14.5596
14.6803
14.2036
14.5978
14.8276
14.7631
15.7086
16.0111
15.8206
15.6125
15.5443
14.396
14.3495
14.8938
14.5713
14.3415
14.426
14.3148
14.212
14.4132
14.2822
13.9391
13.7575
13.822
13.6647
13.4709
13.5989
13.1069
12.8739
12.8856
13.0497
13.2691
13.0848
13.3848
13.8239
13.827
13.9298
14.1713
14.3253
14.5752
14.6392
14.9237
15.091
15.6254
15.7261
15.346
14.9596
14.9548
14.6156
14.5264
14.7
14.4986
14.49
14.3775
14.5942
14.7379
14.945
14.8575
14.6566
14.8302
14.9369
15.03
15.03
15.2562
15.3492
15.2484
15.4492
15.9017
15.7553
15.8328
16.041
16.3619
16.2852
16.0024
16.2082
16.2957
16.3684
16.2942
16.2395
15.8047
15.6837
16.1447
15.8959
15.82
16.1478
15.9966
15.9789
15.3897
15.2724
15.2692
15.2131
15.1527
14.7748
15.1593
15.0922
15.4672
15.5116
15.4905
15.9407
15.9469
16.0054
16.3788
16.561
16.5162
16.82
16.7661
16.7211
16.1474
16.4992
16.7755
16.7769
16.7869
16.5332
16.6444
16.5049
16.2733
16.1946
16.2513
16.2758
16.3783
16.2666
16.1481
15.9094
15.8413
15.816
15.9144
15.633
15.3767
15.2509
15.3393
15.6177
15.2346
14.7289
14.7575
14.6656
14.5453
14.3641
14.5653
14.3329
13.9573
14.0288
13.8773
13.8976
13.7363
13.5597
13.2056
13.0486
12.6315
12.708
12.7034
12.6368
12.3416
12.1543
11.8423
11.7685
11.6392
11.6792
11.9269
11.4225
11.3516
11.336
11.2489
11.0475
11.1827
11.416
11.5979
11.3675
11.0929
11.2325
11.2072
11.4211
11.6792
11.8146
11.8621
12.1332
11.9747
11.5995
11.4324
11.5907
11.8541
11.7227
11.4597
11.3997
11.7419
11.7479
11.826
12.1267
11.8593
11.7394
11.8802
12.0131
12.0904
12.0019
12.5818
12.4597
12.5275
12.5082
12.7785
12.7208
12.406
12.304
12.1796
12.4618
12.6973
13.11
13.1392
13.1059
13.044
13.2135
13.1664
13.1267
13.0928
13.4412
13.3863
13.2888
13.1711
13.7253
13.4672
13.2732
13.2443
13.2687
13.1209
13.1766
13.4774
13.6989
13.9462
14.1105
13.4855
13.6643
13.5686
13.4555
13.4624
13.8202
13.5256
13.6491
13.5476
13.4149
13.4123
13.6259
13.2568
12.9886
13.3447
13.2671
13.1374
13.3538
13.2807
13.6985
13.6438
13.783
13.2738
13.3314
13.3072
13.3239
13.3019
13.4522
13.38
13.541
13.9226
14.0821
14.015
14.5495
14.5821
14.8094
15.1189
14.9398
14.8766
15.2101
15.1242
15.2396
15.3835
15.41
15.1007
15
14.7779
14.5574
14.5905
14.2899
14.6237
14.6349
14.5811
14.8277
14.678
14.7877
14.9084
15.0484
14.9741
15.2952
15.0503
14.6347
15.0437
14.8151
15.1259
15.4681
15.2581
15.1847
15.3169
15.1313
14.9649
15.3267
15.3974
15.175
15.425
15.3744
15.2081
15.3291
15.017
14.7904
15.1296
15.1219
15.1437
15.0062
14.908
15.0632
14.9062
14.976
15.0664
14.9968
15.0268
14.6664
14.6192
14.8068
14.8649
15.0003
15.0532
14.7856
14.7743
14.6117
14.6041
14.7022
14.6743
14.4516
14.3449
14.3261
14.1503
14.0322
13.8806
14.1729
14.087
14.4772
14.5443
14.5357
14.3219
14.2719
14.4675
14.6476
14.4994
14.7314
14.6194
14.8934
14.9884
14.9664
14.9665
15.0957
14.9464
14.6982
14.6358
14.717
14.6396
14.777
14.7082
14.3424
14.1287
14.7647
14.4913
14.499
14.4556
14.4415
14.4596
14.7941
14.6523
14.4672
14.3831
14.1494
14.2202
14.1164
14.3409
14.347
14.5425
14.6622
14.4276
14.2866
14.2894
14.2656
14.0546
14.0133
14.0745
13.933
13.7314
13.5178
13.1825
13.2102
13.1578
12.8809
12.7228
12.8309
12.7452
12.8716
12.7515
12.6962
12.8811
12.6062
12.7753
12.6677
12.4555
12.5925
12.5493
12.3151
12.1886
12.5677
12.3426
12.3662
12.1232
11.9351
11.4637
11.3604
10.7526
10.4012
10.6412
10.9883
10.7355
11.0344
10.8951
10.7254
11.0325
11.297
11.4421
11.4809
12.0378
12.1526
12.256
12.1169
12.0111
12.0058
11.5119
11.0968
10.9235
10.5291
10.5255
10.4016
10.0676
10.328
10.1861
10.0387
9.99635
9.74727
9.55162
9.44962
9.74037
10.0107
9.96136
10.206
10.3293
9.74572
9.53928
9.61412
9.57714
9.23815
9.58055
9.24903
9.36627
9.36604
9.23148
8.68595
8.53374
8.78963
8.70497
8.59726
8.3594
8.42965
8.15747
8.27495
8.30312
8.07189
7.89804
7.92012
7.43771
7.34446
7.37162
7.557
7.82125
7.77828
7.53987
7.33402
7.26167
7.22617
6.65264
7.07301
7.23414
6.81494
6.55733
5.83383
5.39826
5.41866
5.44388
5.18347
5.44397
5.04745
4.50246
4.6109
4.57343
4.79911
4.57565
4.48637
4.48952
4.04997
4.06088
3.4051
3.19909
3.6461
3.44357
3.68054
4.47083
4.44706
4.08708
4.34272
4.36988
4.29664
4.12106
4.22473
4.39821
4.59538
4.71278
4.7002
4.56171
4.66979
4.94765
4.79516
5.38552
5.26705
5.53281
5.60921
5.38175
5.45376
5.3248
5.07472
5.1782
5.39391
5.24683
4.95226
4.88683
4.70038
4.45579
4.28197
3.87627
3.72943
3.6878
3.97145
3.96126
4.22374
4.12602
3.90294
3.95824
3.75997
3.57976
3.53167
3.55529
3.41813
3.52289
3.79834
3.7015
3.65488
3.57373
3.57373
3.52571
3.5816
3.50531
2.95022
2.90381
3.12818
2.83469
2.99691
2.8811
2.78754
2.82288
2.92365
2.61934
2.77161
2.82188
2.75805
2.83265
2.92009
3.1541
3.07287
3.00616
3.06533
3.33362
3.34093
3.14223
2.99102
3.11727
3.12608
3.25306
3.17965
3.13936
3.2857
3.36633
3.11148
3.06676
3.10519
3.06714
3.34911
3.22741
3.32869
3.31367
3.26056
3.34242
3.53062
3.64995
3.67407
3.84387
3.59758
3.69603
3.644
3.95438
4.18087
4.1503
4.4062
4.38553
4.3751
4.57137
4.60059
4.66802
4.82379
4.7275
4.72247
5.14555
4.91115
4.42138
4.21326
4.06088
4.32035
4.23768
4.02058
4.17824
4.33411
4.38859
4.43723
4.39246
4.20765
4.20321
4.25746
4.10454
4.03683
4.27186
4.40856
4.204
4.12853
4.34007
4.20863
4.03665
4.11824
4.05024
4.34403
4.29593
4.21338
4.13393
4.1765
4.21201
4.15522
4.10595
4.06468
3.96568
4.04498
3.91028
4.01854
4.23208
4.19925
3.85025
4.05479
4.14327
4.72317
4.80257
4.83939
4.74945
4.61942
4.59851
4.44334
4.38005
4.78523
4.51289
4.38397
4.27236
4.47016
4.5573
4.5026
4.52195
4.86742
4.93902
4.73917
5.02957
5.10079
5.18317
5.38834
5.63915
5.73515
5.66114
5.4153
5.45437
5.63768
5.73164
5.89032
6.02566
6.43575
6.43317
6.45895
6.54713
6.61909
6.71642
6.7263
7.04141
7.24984
7.04052
6.79018
6.86909
6.81274
6.56168
7.01272
6.72304
6.53711
6.50695
6.63667
6.47114
6.40486
6.37233
6.41558
6.28929
6.57792
6.36546
6.33674
6.24222
6.13371
6.0878
6.20977
6.0585
6.11879
6.48678
6.38601
6.16976
6.23628
5.92922
5.70906
6.0613
5.88477
5.5847
5.6579
5.55974
5.64893
5.86762
6.07068
5.89703
6.01083
5.87738
5.95964
5.58669
5.78905
5.48282
5.78035
6.19874
6.25707
6.45931
6.78849
6.5617
6.94475
6.94733
6.53225
6.77556
6.93222
6.82194
6.74786
7.01395
6.88518
6.73396
6.59778
6.57278
6.52812
6.42329
6.4216
6.37059
6.38242
6.4656
6.35323
6.22502
6.45527
6.73398
7.07806
6.73376
6.79282
6.70736
6.45779
6.628
6.77437
6.8234
6.85083
6.77624
6.95983
7.14168
7.08028
7.03032
7.1632
7.55453
7.59171
7.74542
7.50227
7.51574
7.78548
7.60629
7.57646
7.12812
7.13028
7.32239
7.40646
7.5612
7.71432
7.70164
7.57359
7.6559
7.45619
7.11144
7.20142
7.07726
7.2452
7.51103
7.84063
8.06102
7.88413
7.52895
7.364
7.00561
6.94445
7.46581
7.62491
7.3174
7.56912
7.73771
7.35135
7.33196
7.41512
7.51814
7.18773
7.20876
7.35418
7.27208
7.17395
7.23846
7.10619
6.9628
6.71206
6.75115
6.79206
6.96112
7.16225
7.00104
6.9989
7.08537
7.22136
7.19702
7.13002
7.15961
7.25919
7.23397
7.17886
6.92063
7.02162
7.00823
7.01829
7.38533
7.44676
7.30082
7.14243
7.17776
6.90556
7.08322
7.05709
7.1139
7.1933
7.4895
7.59252
7.61219
7.4112
7.01736
6.86886
7.07483
6.89313
6.63628
6.80409
6.91573
6.77722
6.75246
6.85905
6.79585
6.85678
6.76918
6.72056
6.62422
6.70352
6.48524
6.58156
6.68631
6.66072
6.74601
6.67229
6.7991
7.06613
7.02196
7.27756
7.23149
7.16643
6.87333
7.28703
7.1562
7.02108
6.87146
6.79469
6.77482
6.6821
6.53391
6.45323
6.65668
6.61341
6.40208
6.56432
6.40771
6.52956
6.48656
6.54538
6.5417
6.25888
6.52595
6.761
6.7727
6.89739
7.03148
6.95326
7.00835
6.98643
6.75585
6.47038
6.44733
6.63408
6.50991
6.52464
6.40826
6.24553
6.02235
5.85625
5.73699
5.50929
5.70721
5.83441
6.06509
6.13879
6.45567
6.25143
6.22332
5.98269
5.97342
5.88672
6.04762
6.16558
6.15791
6.15996
6.06499
5.60602
5.6985
5.8501
5.50643
5.57095
5.5045
5.18492
4.84376
4.65973
4.47536
4.44568
4.42429
4.35922
4.67716
4.77583
4.64087
4.62745
4.68103
4.58216
4.49493
4.71405
4.74546
5.35635
5.09637
4.85687
4.88512
4.90672
4.76672
4.63201
4.78055
4.83961
5.00307
5.17085
5.39504
5.14437
4.99203
5.39692
5.25482
5.20097
5.1253
4.54251
4.78985
4.64807
4.52907
4.08117
4.54852
4.42198
4.19549
4.17653
4.1025
3.91252
3.8023
4.30384
4.12507
4.41749
3.95326
3.94634
3.83298
3.57202
3.57799
3.5751
3.65563
3.68437
3.02748
3.2
3.08511
3.17263
3.17357
3.29135
2.9258
2.81653
2.64202
2.91921
2.91691
2.36637
2.22708
2.32925
2.30613
2.3914
2.31604
2.21053
1.81794
1.89672
1.84832
1.93914
2.17612
2.14022
2.18208
2.30671
2.29889
2.18272
1.97059
1.9104
1.88572
1.68181
1.65887
1.75208
1.76485
1.76873
1.60559
1.53034
1.42042
1.29223
1.42658
1.60956
1.30945
1.21478
1.25171
1.06411
1.243
1.56851
1.40668
1.46153
1.36521
1.14328
0.987849
1.15625
1.08273
1.05632
1.04371
1.07494
0.979673
0.852501
0.768985
0.97889
0.792337
0.731414
0.604796
0.718708
0.861227
1.10272
1.26485
0.950339
0.611136
0.774121
0.72151
0.633968
0.537357
0.416063
0.573286
0.305149
0.232915
0.306146
0.144466
0.199554
0.279025
0.15789
0.185152
0.283068
0.306565
0.498958
0.580074
0.650897
0.925152
1.42708
1.32998
1.84109
2.16793
2.11504
1.99868
2.06694
2.58117
2.37911
2.79916
2.65401
2.35308
2.25791
1.91164
2.24288
2.4515
2.17548
2.2813
2.55314
2.60933
2.56323
2.51203
2.20372
2.45599
2.44691
2.41831
2.3983
2.62798
2.97269
3.05265
2.98491
3.23145
3.22669
3.12
3.47336
3.35241
3.69131
3.73641
3.43915
3.50642
3.16676
2.89537
2.89829
2.76545
2.62069
3.08926
3.18795
3.46046
3.50392
3.6393
3.44108
3.56009
3.42283
3.4836
3.63854
3.56317
3.47116
3.54022
3.4281
3.53037
3.83574
3.86754
3.7816
4.02289
4.0153
3.8084
3.87621
3.97679
3.99278
4.25891
4.14966
3.93712
3.48455
3.41048
3.37193
3.37174
3.4771
3.62567
3.45043
3.65735
3.27506
3.24795
3.54631
3.86389
3.94401
4.60516
4.75545
4.74309
4.43353
4.37629
4.54835
4.49345
4.60679
4.71652
4.82439
4.83219
4.48409
4.51561
4.48429
4.25424
4.15483
4.02469
3.9218
4.28675
4.39855
4.05027
3.64658
3.86881
3.78644
3.78624
4.03847
3.91799
3.81622
3.77859
3.46685
3.27046
3.28975
3.26563
2.91055
3.17638
3.28108
3.11976
2.70933
2.70012
2.70985
3.13597
2.96015
3.28292
3.59403
3.80407
3.81079
3.87444
4.01424
3.93729
3.96667
4.13647
3.94216
3.72029
3.91618
3.83686
3.89186
4.27018
4.1289
4.14984
4.31271
4.02828
4.2554
4.22789
4.11958
4.06221
4.36236
4.25276
4.14249
4.35555
4.23236
4.00212
3.95819
3.95741
3.88748
3.58527
3.54213
3.54025
3.62689
3.80874
3.69049
3.39202
3.65862
4.05329
4.06925
3.92624
3.71108
3.70664
3.46928
3.50616
3.61009
3.76513
3.5937
3.75474
3.62419
3.71847
3.92611
3.68944
3.70952
3.92685
3.94579
4.08261
4.08846
4.12715
4.36089
4.19776
4.17396
3.90102
3.84757
3.75021
3.86609
3.78538
4.00534
3.92348
3.60884
3.67057
3.87633
3.75835
4.02301
3.89595
3.85418
3.91305
3.78941
3.84413
3.96947
3.76019
3.83644
3.53681
3.41756
3.77691
3.78782
3.54538
3.82948
4.00107
3.80575
3.56596
3.67923
3.8729
3.61342
3.47799
3.7722
4.19125
4.33957
4.41139
4.28959
4.11002
3.69172
3.84808
3.92113
3.85016
3.90032
3.92659
3.69231
3.58922
3.82512
3.71368
3.56997
3.50818
3.21169
3.15836
3.18255
3.35554
3.42547
3.54627
3.47561
3.79338
3.85934
3.75491
3.67708
3.5884
3.54369
3.752
3.85497
3.82611
3.87623
3.80339
3.88091
3.87393
3.76188
3.65409
3.74945
3.93703
3.85077
3.71433
4.02995
4.11115
4.11078
4.1434
4.17646
4.109
4.1636
4.29986
4.55001
4.58534
4.42983
4.24229
4.30477
4.34095
4.58857
4.47434
4.44363
4.28954
4.27927
4.29028
4.27603
4.42631
4.39111
4.20107
4.36333
4.30482
4.21168
3.95717
4.00519
3.96692
4.02299
4.1483
4.1981
4.15882
4.17549
4.12484
4.33267
3.98556
4.18099
4.24166
4.0733
3.99717
4.02089
3.93029
3.98429
3.92446
4.16892
4.49916
4.56384
4.6657
4.44857
4.17122
4.07571
4.20845
4.47721
4.22298
4.1424
4.00637
3.9199
3.9447
4.1609
4.49911
4.28796
4.37343
4.46822
4.42978
4.54151
5.01579
4.97651
5.02461
5.06935
4.77515
4.48522
4.42233
4.47972
4.35023
4.37706
3.93702
3.62407
3.76975
3.81441
3.84868
4.14721
3.76568
3.84209
3.35499
3.15792
3.05141
2.9805
3.04199
2.87763
3.23182
3.37465
3.31092
3.28234
3.41804
3.49044
3.3857
3.42058
3.31248
3.98257
3.59925
3.33715
3.3821
3.40329
3.33209
3.27359
3.13475
3.18441
2.93272
2.69525
2.60302
2.61625
2.38319
2.56331
2.88856
2.87638
2.76516
2.55858
2.84877
2.59042
2.56801
2.01836
2.58339
2.40045
1.88692
1.96049
2.07453
2.12279
2.08267
2.30061
2.11691
2.3279
1.96053
1.88507
1.77782
1.96826
2.00935
2.0897
2.0815
2.17705
1.59883
1.69995
1.29191
1.60096
1.5019
1.8088
1.69056
1.67205
1.69618
1.84501
2.23633
2.0362
1.86183
1.81088
1.86669
1.88838
2.05977
1.97484
1.6422
1.48232
1.81516
1.90966
2.02731
2.21765
2.41765
2.43746
2.52111
2.48985
2.4588
2.59749
2.61803
3.15881
3.27143
3.19841
3.68917
3.46894
3.04011
3.26902
3.3611
2.94905
3.23961
3.45346
3.23718
3.28415
3.0877
2.92561
2.90842
3.18273
2.94906
3.04213
2.7097
2.80471
2.6526
3.03704
3.04253
3.11059
3.54683
3.54364
3.37684
3.18336
3.09151
2.74323
3.01881
3.12538
2.99085
2.8748
2.65287
2.91886
2.94122
2.86859
2.7943
2.94209
3.15488
3.17442
3.58205
3.16429
2.74516
2.66486
2.94215
2.6251
3.01071
2.91397
2.7407
2.95605
2.83627
3.02014
2.9113
2.60141
2.72688
2.50782
2.39643
2.56049
2.57568
2.31998
2.32837
2.17066
2.28853
2.57337
2.10683
2.36239
2.05047
1.9948
1.80514
1.82853
1.74737
1.82209
1.7374
1.81718
1.61766
1.49742
1.69534
2.05433
1.85198
2.1389
1.63643
1.91207
1.93093
2.19387
2.05595
1.85476
1.70924
1.55657
1.47701
1.22823
1.56896
1.07529
1.03362
1.01714
1.10377
1.3885
1.22196
1.30377
1.60915
1.60015
1.71419
1.61516
1.47731
1.4937
1.46848
1.42923
1.43257
1.69704
1.49787
1.62101
1.55208
1.61142
1.84408
1.62106
1.76489
1.4573
1.54156
1.68787
1.27798
1.41245
1.18999
1.0893
1.23511
1.2131
1.30901
1.5413
1.31043
1.50944
1.7662
1.72094
2.08159
2.003
2.1209
2.2084
2.33081
2.32214
2.00477
1.96455
2.03563
1.97576
1.89431
1.67464
1.64604
1.73643
1.90013
1.82622
1.94205
1.71445
1.4309
1.36458
1.47591
0.965335
0.923122
0.744233
0.764512
0.97091
0.839011
0.813122
1.14642
1.22795
1.35649
1.30308
1.05303
1.15564
1.14757
0.879823
0.929591
0.9913
1.05717
1.02812
1.35711
1.61216
1.65343
1.45286
1.4372
1.41899
1.24206
0.943627
0.747976
0.794862
0.465455
0.573628
0.837251
0.89658
0.475307
0.518939
0.40663
0.806276
0.781409
0.725494
0.633977
0.713651
0.882116
0.60426
1.0371
1.09284
1.27162
1.34437
1.61372
1.7858
1.58668
1.69642
1.22147
1.58068
1.28574
1.55883
1.35945
1.74452
1.7098
1.70182
1.86819
1.76044
1.65792
1.42127
1.40618
1.14716
0.950265
0.937087
0.972724
0.854598
0.850331
1.0788
0.850381
1.07783
1.18008
1.16827
1.31182
1.15665
1.26632
1.4186
1.56544
1.47289
1.45596
1.59928
1.81927
1.50489
1.39922
1.35642
1.20677
1.1032
0.943796
1.00197
0.796598
0.81909
0.589015
0.623017
0.489675
0.365944
0.610819
0.444613
0.466598
0.634456
0.850837
0.901919
0.854039
0.888868
1.0521
0.774785
1.03873
0.856924
0.727569
0.758748
0.701181
0.631101
0.779119
0.737499
0.505199
0.286705
0.280037
0.237164
0.377349
0.318006
0.381717
0.162067
0.490747
0.412485
0.841044
0.851835
0.716983
0.635527
0.826353
0.67802
0.750285
0.57287
0.605901
0.849357
0.97056
1.05518
1.13589
1.45307
1.29454
1.14429
1.06229
1.17373
1.38148
0.810522
1.07506
1.32799
1.15899
1.51473
1.45844
1.59872
1.44377
1.36748
1.05978
0.895986
0.648876
0.305537
0.650168
0.853302
0.674601
0.687876
0.596093
0.383504
0.392547
0.336315
0.258292
0.528056
0.48315
0.315564
0.477624
0.479251
0.55045
0.783832
0.481475
0.81509
0.921795
0.899753
0.955307
0.78643
0.967096
0.640373
0.670981
1.10189
1.12384
1.30721
1.18881
0.965622
1.21761
1.20256
1.24382
1.07393
1.18585
1.08408
0.950594
0.945209
0.996119
1.06472
0.968899
0.998449
1.18784
1.13744
0.95893
0.989065
1.01276
0.9671
1.21265
1.19399
1.32333
1.17097
0.773061
0.900587
0.534445
0.73701
0.918123
0.785777
0.461414
0.525024
0.511366
0.0776221
0.310438
0.519274
0.714667
0.703667
0.624048
0.605794
0.990074
0.90023
0.538087
0.38055
0.195484
0.351573
0.233052
0.24478
0.348837
0.467783
0.686736
0.607039
0.885028
0.928991
0.711594
0.887772
1.10151
1.26552
1.20145
1.53659
1.24061
1.08477
0.932887
0.9788
0.859638
0.830278
0.971108
0.648575
0.624695
0.447794
0.85429
1.17175
0.894165
0.9946
1.02676
1.10201
1.03209
1.06882
1.11496
1.06397
1.03323
1.30564
0.998839
1.33914
1.34131
1.56269
1.28831
1.35339
1.47654
1.51454
1.33388
1.12656
1.25068
1.15212
1.03998
1.22909
1.25628
1.2515
0.840111
0.812669
0.948655
0.752579
0.780203
0.718331
0.658294
0.673713
0.598152
0.507279
0.475908
0.226486
0.222562
0.28421
0.143186
0.288958
0.148097
0.256096
0.0824061
0.414779
0.288456
0.200314
0.293817
0.407706
0.346723
0.340901
0.196933
0.119259
0.167301
0.0362069
0.206279
0.253949
0.302395
0.467436
0.960278
1.07166
1.07029
1.29329
1.23156
1.30191
1.38842
1.35835
1.53336
1.46543
1.51403
1.36566
1.43495
1.23729
1.3365
1.25423
1.22057
1.34876
1.54369
1.70335
1.74658
1.98834
2.29223
2.18962
2.12291
2.18962
2.14544
2.22842
2.38619
2.87402
3.03989
2.81086
2.90564
2.84114
2.68871
2.66556
2.6708
2.70169
2.94652
3.16089
3.07639
3.22895
2.78571
2.91645
2.25053
2.4011
2.48704
2.3922
2.26734
2.39262
2.21361
2.3278
2.39557
2.44917
2.71684
2.70477
2.90078
2.97506
2.79566
2.81854
2.96772
3.12025
3.14347
2.81811
2.76704
2.66335
2.48437
2.42459
2.41641
2.75544
2.80941
3.05104
3.19214
2.99367
2.80462
2.4403
2.68167
2.47421
2.69226
2.61222
2.68531
2.70342
2.76401
2.81204
2.62074
2.46439
2.80497
2.49211
2.18152
2.35252
2.24564
2.30264
2.22298
1.94827
2.06047
2.40991
2.11249
2.13412
2.03046
2.05187
1.90797
2.04846
2.00157
1.94576
2.02511
1.81469
1.53621
1.70678
1.7091
1.89737
1.90922
2.13874
2.37354
2.79728
2.48359
2.4159
2.82796
2.56074
2.74746
2.8113
2.84924
2.48446
2.62378
2.58459
2.79722
2.67552
2.94748
2.88681
2.81768
2.8642
2.94676
2.79866
2.69937
2.77309
2.82086
3.01252
2.74604
2.54271
2.69826
2.71813
2.96235
2.94857
2.97524
3.27514
3.18574
3.07154
3.03916
3.01084
2.72847
2.8319
2.73036
2.99054
3.02687
2.94917
2.9053
2.87988
3.14258
3.37687
3.19366
3.26078
3.31657
3.37146
3.54234
3.82177
3.82111
3.85128
3.86893
3.88289
3.60648
3.58789
3.30484
3.26692
3.14392
2.77174
2.86488
2.59126
2.72147
2.82258
2.53524
2.41818
2.42238
2.1864
2.05113
2.04737
2.01617
1.68354
1.81817
1.57452
1.47703
1.43121
1.18116
1.35884
1.29663
1.17851
1.30733
1.41582
1.60872
1.60938
1.85415
1.80001
1.55214
1.64836
1.6245
1.42945
1.39802
1.3794
1.08599
1.15389
0.947727
1.05123
1.39546
1.46043
1.3962
1.6046
1.6964
1.6882
1.52662
1.22718
1.17874
1.12938
1.13684
0.988658
1.17634
1.15701
1.18595
0.616077
0.508103
0.715058
0.516422
0.818475
0.942975
0.932178
0.609415
0.876562
1.00981
0.87209
0.611955
0.70598
0.983362
1.16223
1.12792
1.19044
0.939547
1.12159
1.15753
1.20032
1.23146
1.10154
0.963359
0.842221
0.848248
0.973602
0.953924
1.0024
1.00945
1.00781
1.45226
1.24437
1.06835
0.927067
1.15787
1.69145
1.71781
1.47733
1.26696
1.22087
1.312
1.36383
1.58808
1.54545
1.76201
1.7292
1.63513
1.68644
1.55245
1.3191
1.24175
1.29492
1.41077
1.25714
1.38864
1.22913
1.20488
1.1847
1.52563
1.57361
1.57217
1.56187
1.59963
1.49499
1.60645
1.64775
1.49662
1.62616
1.56737
1.76022
1.71268
1.47624
1.12298
1.09979
1.16979
1.11478
1.03151
1.15425
1.17369
1.33918
1.08658
0.956037
0.633097
0.679124
0.44652
0.452532
0.316997
0.300026
0.486243
0.467932
0.726445
0.737055
0.641782
0.858894
1.02047
1.09206
1.05606
1.01078
1.20307
1.16139
1.26847
1.17409
1.28939
1.05678
0.914633
1.04266
0.917918
0.862808
0.292266
0.497335
0.687826
0.767873
0.647952
0.678103
0.552917
0.426631
0.2021
0.290075
0.0915663
0.344297
0.188399
0.28548
0.412168
0.303219
0.390505
0.454036
0.370566
0.369654
0.327589
0.202858
0.438199
0.339074
0.415065
0.417347
0.530696
0.685807
0.532723
0.773491
0.604651
0.628995
0.773682
0.723991
0.448972
0.378131
0.362587
0.540419
0.250396
0.20723
0.251031
0.303464
0.225877
0.322938
0.195267
0.208006
0.334894
0.477273
0.743874
0.755184
0.390197
0.36335
0.647308
0.620303
0.692933
0.557884
0.934743
0.696453
0.731875
0.738424
0.526581
0.486441
0.538522
0.391129
0.237248
0.169788
0.160706
0.504318
0.300694
0.365044
0.585841
0.759388
0.892629
0.983661
1.26622
1.43182
1.40501
1.50846
1.32349
1.52853
1.42663
1.34738
1.2816
1.29119
1.27822
1.10788
1.15854
1.06293
0.996603
1.20468
1.12713
1.21296
1.19143
1.0554
0.774017
1.0625
1.26338
1.5616
1.89905
1.78154
1.68521
1.48594
1.52621
1.62576
1.57062
1.39582
1.51933
1.44158
1.26662
1.05375
1.36439
1.48441
1.31572
1.30046
1.34659
1.39943
1.5561
1.7302
1.90978
1.89737
2.19278
2.15122
1.94489
2.06167
1.91718
1.7055
1.89434
1.88524
1.82116
1.80548
1.80152
1.56299
1.33075
1.66684
1.86416
1.71198
1.98229
1.83293
1.4273
1.31326
1.90342
1.92319
1.86639
1.89975
1.8442
1.6971
1.88083
1.80244
1.71881
1.77397
1.97632
2.31281
2.08369
2.03647
2.2239
2.35326
2.15648
2.15875
2.00889
