1.22588
1.39248
1.31477
1.7682
2.01905
1.76833
1.60189
1.62231
1.69508
1.41521
1.33535
1.34839
1.4623
1.7014
1.53437
1.69385
1.50824
1.34715
1.30013
1.52647
1.42892
1.46603
1.17903
1.47091
1.64596
1.63665
1.56163
1.55677
1.25903
1.33589
1.2673
1.10592
1.06344
0.789311
0.739597
0.748044
0.733504
0.614171
0.503768
0.428651
0.554746
0.760609
0.596618
0.419749
0.423769
0.568471
0.591199
0.786404
1.03208
0.650698
0.458268
0.506787
0.848942
0.722341
1.00165
0.695663
1.09457
1.01782
0.950958
0.733711
0.698185
1.00987
1.14021
0.939256
1.05757
0.841233
0.738241
0.409859
0.118685
0.220636
0.32269
0.180788
0.861616
1.10414
1.11384
0.998992
0.837726
0.890108
1.13455
1.00987
1.43495
1.72647
1.8
1.7816
1.74668
1.60407
1.47667
1.30794
1.46611
2.21886
2.19217
2.16025
2.23852
2.37025
2.43675
2.5738
2.43843
2.20997
2.20761
2.34815
2.25252
2.55433
2.75454
2.70874
2.72231
2.67561
2.62232
2.89018
3.13478
3.00281
2.85164
3.18993
3.19086
3.43475
3.52609
3.66371
4.03259
4.53458
4.22178
4.20843
4.2289
4.54751
4.76043
5.01809
4.97716
4.8727
4.82918
4.6379
4.4741
4.62326
4.56294
4.53963
4.42651
4.58232
4.73305
4.84995
4.65456
5.10754
5.23785
5.6606
5.68578
5.38842
5.60072
5.67473
5.5667
5.8998
5.77636
5.97515
5.87827
5.74444
5.75835
5.47226
5.4465
5.62813
5.64675
5.70749
5.81258
5.72568
5.78878
5.95143
5.96174
5.95789
5.85347
5.76718
5.62688
5.65091
5.34579
5.14989
5.27253
5.16884
5.38085
5.48668
5.45051
5.168
5.18191
4.96914
5.16388
5.296
5.26815
4.86141
4.78776
4.81367
4.80235
4.93175
4.91218
5.00496
4.85633
4.83385
4.59201
4.33282
4.71907
4.68108
4.75407
4.67564
4.74632
4.6841
4.37861
4.15564
4.36504
4.36926
4.19654
4.00526
3.86724
4.00598
3.85498
3.85744
3.8675
4.0538
4.13054
4.06377
4.09108
4.06706
3.95532
3.89158
4.02357
4.2199
4.18222
4.35344
4.3143
4.38664
4.21947
4.54784
4.39945
4.592
4.8147
4.79768
4.71858
4.77769
4.83629
4.89074
4.76574
4.96041
4.75023
4.58157
4.6691
4.44188
4.11057
4.04495
4.0239
3.87852
3.87946
3.84036
3.92308
3.83456
3.68859
4.18534
3.99478
3.89931
3.99009
4.00158
3.90926
3.71811
3.82388
3.74192
4.06873
4.27421
4.34185
4.12858
4.32084
4.11262
4.06645
4.37683
4.25969
4.30497
3.83562
3.54331
3.55993
3.77878
3.78654
3.6449
3.83538
3.78109
3.67857
3.59711
3.34439
3.18153
3.13759
3.18229
2.96969
2.84073
2.99705
3.21169
3.38794
3.43825
3.39316
3.49913
3.45192
3.52573
3.55362
3.64903
3.89583
3.88705
3.93893
3.75652
3.57209
3.55365
3.9699
4.10646
4.1493
4.0797
3.86298
4.12159
3.94381
4.23046
3.97019
3.96609
4.10196
4.11128
4.02242
4.06135
3.78623
3.92777
4.01321
3.80489
3.72252
3.8594
3.67592
3.77197
3.92183
3.95186
3.8185
3.80161
3.69903
3.70603
3.52405
3.40782
3.10602
3.30775
3.41909
3.26366
3.37493
3.2795
3.34433
3.50488
3.46388
3.4101
3.20816
3.37155
3.6884
4.0884
4.1815
4.40767
4.47173
4.33694
4.49495
4.43182
4.52029
4.52366
4.44232
4.19347
4.1268
4.18367
4.06461
4.41921
4.4342
4.68588
4.88178
4.74128
4.78062
4.62074
4.63945
4.70176
4.89523
4.79694
4.98974
5.28425
5.42049
5.22457
5.26017
5.18448
5.16346
5.43444
5.72109
5.62725
5.61206
5.65334
5.77374
5.87506
5.63738
5.52718
5.34695
5.25327
5.43
5.0864
5.04053
5.30429
5.33767
5.13427
5.30514
5.04757
5.09717
5.24043
5.27153
5.12463
5.09603
5.32223
5.18385
5.26298
5.23526
5.32914
5.48538
5.50801
5.26365
5.26421
5.28136
5.11875
5.16862
5.13129
5.18462
5.11285
4.95991
4.84872
4.94145
4.73386
4.64346
4.56579
4.78566
4.90652
4.71818
4.78331
4.8422
4.68962
4.61525
4.65697
4.93509
4.83307
5.20296
5.54944
5.53931
5.7354
6.04605
6.35134
6.27043
6.1447
6.10199
6.00208
5.93803
5.92994
5.95096
5.9521
6.31945
6.47897
6.52764
6.31077
6.42145
6.42598
6.3066
6.20488
6.26659
6.43509
6.24112
6.26748
6.36893
6.21487
5.94188
5.88064
6.19154
5.96215
6.0402
6.00989
6.30811
6.49835
6.31562
6.17558
6.05015
5.98626
5.87834
6.0951
5.94172
5.89004
5.85753
6.00218
6.0761
6.17923
6.30791
6.01912
5.84793
5.87172
6.1118
6.11998
6.12399
6.00238
5.31006
5.09884
5.26246
5.15514
5.22835
4.92848
5.01786
5.15286
5.29231
5.10129
5.32718
5.71015
5.49857
5.73164
5.73488
5.47348
5.45106
5.53533
5.45414
5.73243
5.42344
5.81712
5.82389
5.71402
5.81372
5.80619
5.64029
5.62356
6.01996
6.03411
5.97974
5.98105
5.81022
5.6288
5.55949
5.67047
5.81624
6.19099
6.33395
6.70284
6.79381
6.89381
7.24747
7.47241
6.98154
7.28274
7.28167
7.0498
7.21757
6.93778
6.87904
7.12335
7.48686
7.45212
7.23859
7.13419
6.95568
7.13216
7.60264
7.42776
7.58664
7.76031
7.47469
7.50702
7.84687
7.97068
8.38352
8.48083
8.61754
8.75713
8.81563
8.92977
8.83198
8.59442
8.58395
8.52077
8.62749
8.57648
8.68695
8.61856
8.53908
8.6464
8.66745
8.54741
8.21936
8.0197
7.79258
7.84047
7.85426
8.06097
7.94245
7.80317
7.76005
7.77031
8.00704
7.99386
7.98594
7.8343
7.75681
8.01309
8.01301
7.8641
7.733
7.90084
8.24164
8.52911
8.72675
8.56254
8.67162
8.58937
8.71896
8.80722
8.91266
8.77325
8.92772
9.17499
9.18775
9.28492
9.24795
9.06601
9.22957
9.07391
9.44786
9.12419
9.04041
9.04001
9.19998
9.17247
9.35223
9.35555
9.40331
9.28595
9.21514
9.12387
9.14452
9.00183
9.06674
9.11345
8.94616
8.92101
8.90416
8.60554
8.5118
8.29579
8.18709
8.3197
8.15167
7.98792
7.96286
7.53395
7.4478
7.46885
7.42921
7.03271
7.3058
7.12249
7.18706
7.30432
7.36178
7.15925
6.94516
6.8496
6.79095
6.89341
7.08337
7.09847
7.5122
7.32233
7.39487
7.48185
7.5777
7.4453
7.65582
7.74052
7.97476
8.08836
8.19093
7.97282
8.02473
8.00003
7.98602
8.27045
7.98562
8.01951
8.18512
8.30142
8.09054
8.26323
8.38407
8.1101
8.51108
8.69064
8.62919
8.89242
8.80386
8.61728
8.62702
8.74264
8.94036
8.95458
9.03234
9.26359
9.62767
9.55379
9.53079
9.58075
9.72176
9.83518
9.82123
9.63598
9.55891
9.42664
9.08551
8.95539
9.02715
9.01129
8.9468
8.72534
8.58832
8.81993
8.85567
9.08811
9.30249
9.52472
9.34122
9.09798
9.11341
9.14585
8.9737
8.86655
8.76124
8.60937
8.41473
8.59931
8.87624
8.86728
8.84424
8.99471
9.3241
9.43288
9.74565
10.1449
10.2801
10.319
10.2809
10.5535
10.3657
10.0371
10.1053
9.90111
10.0216
9.68987
9.78634
10.0692
10.4554
10.3965
10.4835
10.2233
10.4685
10.3805
10.257
10.2509
10.081
10.0688
10.201
10.3585
10.1676
10.1876
10.1723
10.1692
10.3661
10.5027
10.2678
10.2034
10.3077
10.2148
10.0377
10.0078
10.0544
10.1114
10.234
10.4697
10.7182
10.8488
10.5298
10.6758
10.5792
10.4868
10.186
10.2244
10.2989
10.2254
10.1651
10.2875
10.0966
9.83239
9.98816
10.2473
10.2323
9.86932
9.59816
9.3144
9.33303
9.34621
9.35405
9.42541
9.51051
9.65514
9.63595
9.59657
9.52951
9.61998
9.71756
9.73634
9.70002
9.68624
9.59159
9.63144
9.73382
9.56979
9.63004
9.54693
9.83908
9.85343
9.63978
9.58407
9.57587
9.65588
9.63191
9.48446
9.45764
9.29997
9.44202
9.24031
9.345
9.08205
8.97711
8.92692
9.03932
9.05796
9.14632
9.15081
9.15898
9.21737
9.54458
9.63081
9.46339
9.58982
9.54713
9.80305
9.76886
9.53231
9.52834
9.39579
9.47973
9.39608
9.18789
8.84791
8.82033
8.88833
9.06844
9.06
8.76734
8.8311
8.52053
8.49
8.80627
8.87861
8.88015
8.75521
8.86162
8.55407
8.5737
8.63188
8.62839
8.60704
8.82665
8.79739
8.68308
8.48913
8.33496
8.26347
8.09986
8.08742
8.37855
8.63534
8.7317
8.41217
8.2671
8.19489
7.8151
8.45833
8.49713
8.75655
8.75861
8.60113
8.60834
8.81564
8.91292
8.53569
8.19108
8.0422
7.9669
8.1326
8.28991
8.34869
8.24646
8.48297
8.16916
8.22307
8.25017
8.32177
8.49243
8.45073
8.61119
8.70342
8.53335
8.3861
8.39301
8.29516
8.19221
8.01064
8.30217
8.65455
8.48987
8.59198
8.6549
8.61538
8.49717
8.47813
8.62557
8.51858
8.54412
8.38668
8.24475
8.21455
8.13232
8.10456
8.09869
7.92957
7.80307
7.59391
7.53231
7.72022
7.729
7.69581
7.72641
7.83264
7.83559
7.86216
7.99401
8.12525
8.10548
8.0812
8.04963
8.13936
8.22207
7.95002
7.94807
7.98456
8.13889
8.31482
8.21978
8.17248
8.23683
8.45474
8.44673
8.39684
8.29777
8.38
8.44155
8.58766
8.76599
8.74433
8.80011
9.05185
8.91146
8.74515
8.73367
8.92831
9.01688
8.9228
8.99228
9.5396
9.60087
9.45989
9.48262
9.60932
9.66421
9.76659
9.82543
10.0353
10.2115
9.94553
10.1678
10.0412
10.1198
10.3464
9.98029
9.84188
10.2944
10.3576
10.0167
9.90622
10.0513
10.4989
10.6154
10.3911
10.1374
10.0452
9.94664
9.87597
9.73154
9.90298
9.95708
10.0748
10.2715
10.1932
10.1387
9.80223
10.1552
10.8913
10.8645
10.4623
10.3051
10.6114
11.2385
11.5058
11.1554
11.1628
11.0292
11.1305
11.432
12.1954
12.6567
12.6113
12.3664
12.195
12.0254
11.8717
11.6319
11.3498
11.1936
11.2617
11.467
11.294
11.6067
11.7035
11.4176
11.8863
12.1533
11.8582
11.3924
11.4641
11.6101
11.5391
11.8435
11.8448
11.6166
11.3321
11.5697
11.409
11.5555
11.3186
10.7022
10.6689
10.0813
10.2106
9.86309
9.5134
9.44544
9.13248
8.77202
9.15237
9.02213
8.85506
8.76269
8.80398
8.70743
8.4573
8.59992
8.59746
8.73261
8.94352
9.19245
9.14478
9.20499
9.32294
9.21106
8.84757
8.88143
8.94013
8.82212
9.28782
8.96485
8.94047
8.78515
9.09838
8.99502
9.22305
8.63871
8.62807
8.96167
8.78133
8.45302
8.22115
8.36054
7.9895
8.22978
8.21049
8.03087
7.83588
7.64192
7.68673
7.66254
7.31715
7.38248
7.44688
7.78518
8.18722
8.34469
8.65735
8.36511
8.57853
8.61676
8.6676
8.64432
8.75342
8.65924
8.78346
9.00278
8.95088
8.99985
9.06531
9.30118
9.05936
9.27289
9.3262
9.39353
9.3246
8.99016
9.21314
9.14935
9.0104
8.9647
8.92439
9.19432
9.00001
8.85056
8.84547
8.58897
8.66235
8.79673
9.13488
9.20102
9.47851
9.2718
9.13662
9.16865
9.33224
9.41246
9.48407
9.33339
9.22896
9.12076
8.82608
8.72067
8.70789
8.53985
8.46196
8.16936
8.25189
7.99392
7.93094
7.84584
7.97534
7.83623
7.92195
7.9234
7.94651
7.98474
7.69232
7.65024
7.62118
7.71976
7.67616
7.86934
7.94874
7.8271
7.6975
7.50543
7.31098
7.41683
7.2852
7.14526
7.19573
6.982
7.10906
7.08845
7.18292
7.0792
7.06904
6.90835
6.95737
6.93085
6.81766
6.71024
6.74312
6.49978
6.66099
6.50937
6.23038
6.50154
6.5295
6.78262
6.63836
6.55749
6.48146
6.59314
6.40775
6.21532
5.76191
5.53802
5.11787
5.30024
5.36264
5.4281
5.12685
5.27215
5.621
5.8316
6.17682
6.31046
6.15664
6.21184
6.23567
6.25412
6.12987
6.20193
6.02055
5.94971
5.65174
5.40526
5.3522
5.08291
4.92007
4.75649
5.06562
5.09819
5.23959
5.20056
5.56095
5.53325
5.62442
5.53216
5.50782
5.68405
5.74759
5.74307
5.64438
5.66261
5.52401
5.76644
5.68912
5.52875
5.72419
5.66884
5.42265
5.27224
5.32396
4.96941
4.92004
4.83007
4.80748
4.60397
4.95412
4.71351
4.64612
4.43947
4.28008
4.22306
3.931
3.79106
3.57266
3.72539
3.82609
3.92998
3.89623
4.02736
4.29582
4.09814
4.13261
4.28109
4.20193
4.27719
4.63256
4.65811
4.49835
4.50895
4.45406
4.4657
4.53739
4.44871
4.40941
4.1684
4.30711
4.30625
4.21513
4.11686
3.9374
3.80339
3.87506
3.7989
3.7781
3.88934
3.90714
4.00982
3.68558
3.85521
3.97095
3.90758
3.94034
3.73831
3.50766
3.32495
3.48226
3.59847
3.48241
3.43261
3.48661
3.43168
3.70596
3.49767
3.65379
3.72008
4.08619
3.80783
3.95326
3.78718
3.79904
3.81842
3.77511
3.79377
3.7382
3.67984
3.53817
3.52468
3.48893
3.47436
3.36483
3.32244
3.31023
3.22659
3.43038
3.37362
3.25227
3.52553
3.87973
4.07861
3.87438
3.74709
3.9608
4.05289
4.09428
4.25329
4.33054
4.07772
4.1307
4.22417
4.23896
4.0344
4.1338
3.92531
3.54629
3.69661
3.75509
3.83745
3.93514
3.98024
4.12555
4.09429
4.15391
4.06453
3.93783
3.6
3.45964
3.31231
3.64648
3.72382
3.62498
3.96809
3.62936
3.41223
3.17696
3.04704
3.30977
3.33862
3.13209
3.17378
3.49821
3.68892
4.15388
4.30101
4.24552
3.9817
3.85553
