2.70511
2.62278
2.78102
2.6839
2.54997
2.38102
2.12087
2.1594
2.02989
2.22991
2.2846
2.0964
2.27941
2.51505
2.69327
2.5681
2.52564
2.71065
2.64411
2.55631
2.53536
2.67694
2.29692
2.29783
1.97302
1.81164
1.8182
1.66333
1.80846
1.83441
1.54997
1.54312
1.34517
1.31432
1.41788
1.51186
1.52611
1.66435
1.66861
1.44676
1.35164
1.3475
1.25517
1.4053
1.69367
1.7546
1.69786
1.77912
1.65729
1.77402
2.01828
2.12969
2.3845
2.4696
2.35824
2.35477
2.60034
2.38656
2.33654
2.22635
2.06294
2.22211
2.23726
2.22437
2.38221
2.48864
2.49241
2.25335
2.16177
2.21516
1.82453
1.85649
2.06626
1.70331
1.82558
1.76784
1.47578
1.64348
2.09297
2.33548
2.20669
2.22995
2.24972
2.21834
1.75417
1.44967
1.50537
1.88862
1.49158
1.49592
1.49234
1.42484
1.29606
1.16111
1.11751
1.09317
1.08548
1.02968
1.03577
1.11449
1.27204
1.00576
1.07907
0.864709
0.937023
0.8979
0.907087
0.865665
0.685521
0.747549
0.88393
0.913469
0.800584
0.70978
0.58847
0.431883
0.416387
0.484564
0.15434
0.18379
0.382553
3.06594
3.03282
3.39113
3.00605
3.06834
2.9828
3.25127
3.25147
3.09293
3.05477
3.17046
3.29612
3.39863
3.4413
3.29977
3.23262
3.31423
3.3395
3.26045
2.56611
2.62604
2.71534
2.89309
2.69961
2.62089
2.59986
2.46417
2.47951
2.66667
2.83103
2.80472
2.9002
2.9887
3.23295
3.01349
2.79251
2.84785
2.68719
2.89542
2.74988
3.012
2.85293
2.99737
3.02813
3.06
3.11959
2.94141
2.74639
2.77337
2.67516
2.44764
2.27272
2.4784
2.62766
2.51094
2.76538
2.87841
2.59468
2.43415
2.53257
2.53941
2.34654
2.18245
2.35246
2.85124
3.06893
2.74345
2.68626
2.66579
2.74269
2.8878
2.78928
2.52328
2.7498
2.78916
2.70311
2.86289
2.48477
2.41542
2.4053
2.69669
2.8176
2.74936
2.44323
2.28914
2.74602
2.82485
2.70707
2.95707
2.81547
2.57898
2.88593
2.84678
3.00222
2.94259
2.86963
3.05843
2.99854
2.80481
2.7227
2.80911
3.06691
3.20837
3.56063
3.47404
3.41204
3.15146
3.118
3.11137
3.4413
3.61098
3.4173
3.19929
3.14574
3.13165
2.99431
3.07492
3.19089
2.95942
2.9036
2.97961
3.06454
3.03922
3.03341
2.98549
2.67476
2.57955
2.82778
2.7707
2.69854
2.5251
2.58364
2.95009
3.0798
3.00218
2.99981
2.94525
3.20682
3.33208
3.39554
3.17935
3.50521
3.82346
3.8574
3.75614
3.83849
3.91362
3.67129
3.53534
3.40627
3.61555
3.67407
3.49524
3.66688
3.79404
3.64442
3.61508
3.51853
3.49109
3.19877
3.04113
2.96301
2.94704
2.98732
2.93873
2.84045
2.71442
2.73926
2.57325
2.58111
2.59491
2.54689
2.63391
2.60652
2.32478
2.44215
2.32964
2.38445
2.36376
2.48437
2.39959
2.42521
2.82738
2.74057
2.60241
2.61183
2.86183
3.00112
2.95533
2.62901
2.63512
2.55899
2.38216
2.58341
2.55777
2.44437
2.48124
2.35057
2.40248
2.36969
2.49499
2.51644
2.70622
2.63426
2.53863
2.47434
1.98233
2.06432
2.17653
2.27814
2.13139
2.23846
2.48234
2.45532
2.43452
2.69224
2.78578
2.44819
2.35109
2.08286
2.15109
2.18113
2.3635
2.45304
2.51247
2.88245
2.98574
2.69326
3.05733
3.08561
3.21221
3.16185
3.11128
2.81783
2.96431
3.08098
2.84061
2.75764
2.90682
2.81608
2.86712
2.61058
2.7023
2.9006
2.80837
2.83898
2.80616
2.87316
2.78155
2.91826
2.81533
2.67106
2.66545
2.54169
2.79421
2.70588
2.65818
2.72101
2.74486
2.42222
2.50081
2.63903
2.47407
2.60398
2.66692
2.64895
2.61913
2.66893
2.84639
3.05516
2.92567
2.59535
2.76459
3.08078
2.72809
2.89788
2.92034
2.82924
3.02382
2.97699
3.1641
3.23754
3.33375
3.20348
3.20295
3.00529
2.89386
2.88852
2.99809
2.73861
2.74034
3.04579
3.22058
3.28005
3.27715
3.1614
3.21616
2.95819
3.00307
2.93593
3.01255
3.13446
2.96178
2.90733
2.70204
2.91627
2.9806
2.89224
2.77143
2.85511
3.14676
2.9443
3.26509
3.02701
3.2229
3.39637
3.35635
3.02723
2.88449
2.69399
2.74363
2.92861
3.01897
2.79809
2.7125
2.77521
2.76207
2.54546
2.56892
2.49549
2.24306
2.27935
2.37147
2.44611
2.67519
2.624
2.40824
2.72601
2.73079
2.48047
2.51674
2.67097
2.57576
2.854
2.92007
3.09562
2.9814
2.81267
2.88944
2.83688
2.79886
2.47525
2.05061
2.22476
2.05857
2.14225
2.24546
2.23449
2.26959
2.29686
2.17018
2.51616
2.39947
2.32148
2.47653
2.57691
2.30946
2.41601
2.40296
2.16942
2.12381
2.21064
2.15342
2.31554
2.62303
2.579
2.38451
2.45053
2.29441
2.14137
2.15847
2.13159
2.06685
2.10388
2.22046
2.22342
2.18005
2.1594
2.03412
1.73006
1.86508
1.72483
1.83238
1.64816
2.06776
1.97203
2.15866
2.28667
2.14886
2.10301
2.11068
2.31234
2.4653
2.64595
2.68073
2.94884
2.89039
2.69567
2.91876
3.27109
3.33713
3.2893
3.31556
3.46704
3.37463
3.2803
2.96761
3.09589
3.56431
3.74273
3.58379
3.43421
3.48028
3.04557
2.93142
2.82732
2.54174
2.60726
2.62301
2.36463
2.36278
2.37542
2.5066
2.30476
2.54336
2.40672
2.70875
2.93732
2.79956
2.73092
2.96585
2.88302
2.59203
2.63703
2.2585
2.00623
1.96716
2.18496
2.17067
2.47054
2.45611
2.45301
2.7202
2.72886
2.84976
2.55869
2.39675
2.19454
2.06244
2.00118
2.0013
2.06892
2.0516
2.34426
2.48968
2.56721
2.39525
2.67844
2.63613
2.88047
2.88896
2.75962
2.85699
3.25146
3.15223
3.28348
3.17998
3.11952
3.08606
3.17803
3.76007
3.8182
4.15893
4.20055
4.11924
3.99515
3.80509
3.99921
4.05488
3.97744
3.91447
3.88192
3.82199
3.75844
3.76556
3.66204
3.53234
3.7989
4.08741
4.2304
1.12206
1.08701
0.806671
0.932896
1.07687
1.16606
1.0146
1.04348
1.06111
1.30833
1.30261
1.21869
1.17517
1.04342
0.871668
1.34632
0.898618
0.734749
0.691952
0.456914
0.462549
0.744681
0.978299
1.08341
1.39222
1.37244
1.54386
1.56175
1.43372
0.879576
0.890554
0.982871
1.09528
1.58237
1.50361
1.20079
1.08344
1.1275
1.40233
1.3999
0.84552
0.897057
0.788732
0.361405
0.503547
0.91668
1.18289
0.899439
0.734861
0.467285
0.843278
0.74775
0.718744
0.690994
0.707767
0.467117
0.460967
0.59502
0.725586
0.652342
0.821785
1.18619
1.3519
1.31821
1.07267
1.09279
1.0462
0.978948
1.02821
1.18244
0.90904
0.919883
0.887872
0.774924
0.915329
1.21263
1.46983
1.60528
1.64597
1.61758
1.34565
1.49875
1.63992
1.84323
1.73981
1.63119
1.59587
1.59406
1.41887
1.63544
1.73045
1.57226
1.69804
1.7718
1.95738
1.81639
1.8814
1.59224
1.58712
1.64374
1.70207
1.44125
1.4646
1.17702
1.09723
1.05708
1.01406
0.996844
1.27539
0.872334
0.867851
0.808112
1.09766
1.0489
0.84355
0.921883
0.727794
0.763937
0.875022
0.701479
0.82376
0.653767
0.754301
0.879429
0.628929
0.813416
1.0179
1.26522
1.33016
0.916264
0.835632
0.902591
0.70245
0.67852
0.492765
0.625393
0.477396
0.470674
0.486347
0.415977
0.43514
0.781706
0.33813
0.257086
0.452383
0.369431
0.268485
0.668245
0.721041
0.868258
0.628691
0.771766
0.684609
0.785118
0.580477
0.65924
0.875992
0.832743
0.688367
0.847886
1.02781
1.23649
1.35176
1.63513
1.05723
0.958827
0.93548
1.08167
1.33665
1.1418
1.29604
1.07532
1.16062
1.12097
1.72533
1.78473
2.10674
1.65303
1.85471
1.91167
1.83104
1.60735
1.74556
1.98858
1.96058
1.85456
1.55139
1.65567
1.47957
1.29497
1.38357
1.30132
1.45389
1.53121
1.42086
1.03873
1.00293
1.18812
1.19514
1.04895
0.939265
0.811543
0.700012
0.765921
1.04399
1.22781
1.36266
1.32509
1.06405
1.32898
1.29221
1.43326
1.22663
1.27808
1.29064
1.19883
1.24757
1.40513
1.54056
1.86282
2.08926
2.12549
2.19964
2.16059
2.32953
1.75879
1.5409
1.74221
1.44858
1.3252
1.36559
1.21159
1.22773
1.39788
1.31277
1.00702
1.06964
1.2171
1.18333
1.02247
0.924633
0.912162
0.82747
0.83529
1.12613
1.11887
0.572713
0.345377
0.2771
0.517358
0.529675
0.728554
0.702864
0.44138
0.344867
0.662944
0.696416
0.432388
0.335344
0.315176
0.391024
0.441099
0.574257
0.567071
0.614652
0.427629
0.634819
0.52714
0.585344
0.352845
0.837627
1.10432
1.21933
1.16521
1.27163
1.22565
1.33352
1.57908
1.49444
1.652
1.59126
1.24515
1.23789
1.26178
0.996241
1.36858
1.49663
1.30664
1.50113
1.6408
1.70501
1.81029
2.10483
2.33358
2.33331
2.45091
2.63589
2.69517
2.80107
3.01416
3.01792
2.85312
2.78817
2.88189
2.6705
2.68809
2.53888
2.37874
2.07049
2.1503
2.3158
2.438
2.36603
2.31768
2.35982
2.56133
2.62781
2.45085
2.5361
2.38634
2.45229
2.65107
2.78909
2.54386
2.83696
2.76306
2.37288
2.28313
2.37571
2.66271
2.79547
2.83487
2.75669
2.82174
2.74583
2.59867
2.44425
2.79933
2.64258
2.45023
2.54392
2.71335
3.00346
2.92798
3.10402
3.41094
3.40303
3.26627
3.26481
3.48015
3.45381
3.16044
2.86356
2.80842
2.76137
2.85556
2.99853
2.70528
2.39658
2.75013
2.42474
2.55301
2.80233
2.774
2.72722
2.84289
2.51494
2.25533
2.29451
2.45782
2.68084
2.70065
2.85519
3.22878
3.09741
2.98288
2.79286
3.01315
2.82078
2.74679
2.51765
2.37224
2.27928
2.48319
2.59619
2.59592
2.60318
2.48143
2.08564
2.11629
2.10452
1.95468
2.00542
2.17871
2.16495
2.41905
2.40218
2.37095
2.27789
2.25298
2.13276
2.46311
2.32484
2.39579
2.39681
2.56943
2.65134
2.42538
2.61658
2.69073
2.55188
2.43291
2.74565
2.87434
2.94854
2.541
2.67424
3.0791
3.33623
3.4455
3.18389
3.01982
2.71414
2.76538
2.49838
2.55686
3.22708
3.32735
3.54639
3.48307
3.19459
3.50935
3.5517
3.40254
3.5657
3.37627
3.48951
3.30413
3.18983
3.24999
3.30947
3.30388
3.10624
2.96318
2.96853
2.83534
2.97014
3.14991
3.21434
3.45995
3.43817
3.49556
3.45746
3.75716
3.95358
3.86914
3.77808
3.65501
3.76417
3.86405
3.96997
3.97622
3.84704
3.47021
3.5269
3.56114
3.63724
3.74516
3.72523
3.20251
2.86176
2.93527
2.83159
2.62853
2.76011
2.83465
2.69725
2.25788
2.11068
2.11541
2.02879
1.89366
2.31686
2.41922
2.72178
2.49981
2.49835
2.67828
2.29992
2.26383
2.37696
2.35421
2.26327
1.98494
1.98844
2.22631
2.23579
2.13168
1.58944
1.71173
1.78535
1.98401
2.29723
2.30368
2.18228
2.05516
2.21314
2.14618
2.25659
1.81199
1.97041
1.81851
1.92449
1.65719
1.67167
1.61041
1.67943
1.7323
1.62619
1.62171
1.63278
1.52402
1.3516
1.37201
1.0582
0.963901
0.714358
0.747272
0.813494
0.981406
0.987215
1.05163
1.18023
1.40877
1.46635
1.28932
0.991286
0.687505
0.854167
0.781291
0.796616
0.981352
1.51954
1.48961
1.48435
1.12078
1.43294
1.3872
1.4893
1.61333
1.5403
1.61789
1.70026
1.59178
1.71359
1.83059
1.79879
1.64658
1.49064
1.71455
1.92671
1.81622
1.93512
1.85807
1.95798
1.87983
2.00953
2.04413
1.96801
2.06275
1.99884
2.01279
2.0981
1.81097
1.35233
1.10458
1.22429
1.15337
1.32829
1.40776
1.11701
0.936124
0.919739
0.800549
0.606447
0.72828
0.79091
0.847386
0.705228
0.767819
0.751169
0.768935
0.807776
0.644397
0.566335
0.660376
0.615579
0.913895
1.07452
1.11647
1.18482
1.1779
1.40667
1.31837
1.45524
1.5727
1.52923
1.51685
1.5189
1.46787
1.66863
1.50792
1.51546
1.59279
1.75555
1.8282
1.90771
1.67376
1.90994
1.87711
1.85616
1.88558
1.90814
1.82932
1.86167
1.98885
2.03805
1.71007
1.97395
2.10828
2.33287
2.12152
2.16426
2.17925
2.37097
2.56388
2.50172
2.51607
2.31153
2.20786
2.17414
1.95849
2.07533
2.2226
1.94169
1.92879
2.04333
1.70403
1.7505
1.81876
2.37782
2.29339
2.42668
2.33938
2.3857
2.16759
1.83261
1.85075
1.7658
1.63288
1.54691
1.60642
1.29937
1.2064
1.42111
1.29646
1.28807
1.17225
0.988059
0.954585
1.15863
1.02486
0.880366
0.810235
0.838677
0.969612
0.645833
0.84519
0.554713
0.635028
0.661918
0.831427
0.860211
0.544825
0.582519
0.581257
0.650446
0.727259
0.652536
0.477716
0.566843
0.326688
0.124716
0.121478
0.102041
0.338077
0.336573
0.156633
0.302384
0.243548
0.137616
0.179058
0.166243
0.0388653
0.210115
0.33974
0.266833
0.2
0.433463
0.188674
0.162567
0.603859
0.757112
0.397737
0.331181
0.31695
0.348887
0.373419
0.501161
0.68484
0.925393
1.07759
1.10882
1.09417
1.21397
1.04172
0.963939
0.929954
1.01004
0.836213
0.752792
0.549208
0.666763
0.838571
0.610292
0.406489
0.514859
0.360311
0.398657
0.241317
0.222977
0.064837
0.116818
0.0456816
0.223758
0.186669
0.429418
0.327939
0.502094
0.341939
0.5625
0.784443
0.625248
0.595637
0.619486
0.630509
0.667037
0.734272
0.658761
0.873825
1.00591
1.15275
1.26135
1.31602
1.27121
1.51373
1.317
1.23909
0.801464
0.920577
0.957036
0.918886
0.953162
0.96757
0.677031
0.890006
0.723964
0.593537
0.554812
0.0288615
0.163738
0.10816
0.171221
0.306389
0.291667
0.338624
0.315324
0.211115
0.390938
0.792484
0.282557
0.298657
0.252435
0.363065
0.358228
0.601891
0.520985
0.560283
0.592057
0.434957
0.517579
0.376237
0.435043
0.355111
0.558829
0.824344
0.837526
0.630735
0.332326
0.452883
0.193098
0.397358
0.318618
0.353086
0.467481
0.58122
0.595464
0.480539
0.4403
0.586972
0.583843
0.453744
0.708638
0.598772
0.957081
0.775338
0.460768
0.378673
0.501499
0.684571
0.945025
0.91301
0.763614
0.87065
0.822713
0.338452
0.218536
0.402293
0.255502
0.524237
0.559464
0.445367
0.665644
0.372227
0.740454
0.880308
0.90581
0.929578
0.81453
1.1807
1.07657
1.1377
0.869803
0.665043
0.629986
0.793023
1.06723
0.86454
0.64656
1.17603
0.916589
0.989545
0.900542
0.720023
0.551509
0.910492
0.688262
0.564771
0.151669
0.446591
0.70108
0.69857
0.783457
0.909278
0.690201
0.657295
0.614708
0.802167
0.921988
0.960984
0.794363
0.893923
0.90683
1.12772
1.27951
1.59583
1.70252
1.94105
1.57641
1.65687
1.6269
1.72105
1.60606
1.49963
1.67674
1.58417
1.72678
1.59822
1.5586
1.39375
1.17061
0.986699
1.32386
1.39538
1.59667
1.46708
1.41246
1.4798
1.57798
1.84122
1.6384
1.88789
2.02448
2.13471
2.22711
2.08654
2.01163
2.16726
1.96493
2.28272
1.95678
1.74979
1.68737
1.67009
1.70836
1.52266
1.46828
1.2668
1.33183
1.41403
0.927288
0.799706
0.795073
0.814551
0.929633
0.905148
0.943612
0.969309
1.19088
1.39363
1.67539
1.61192
1.9273
2.08658
2.22841
2.03638
2.04396
1.81704
2.12663
2.25052
2.40323
2.26585
2.27965
2.40242
2.4338
2.47094
2.31698
2.30106
2.50107
2.58276
2.46685
2.31341
2.26693
2.15253
2.23708
2.33597
2.25753
2.34983
2.30339
2.26419
2.11349
2.21196
2.12735
1.95472
1.78873
1.89579
1.9451
1.68192
1.81241
1.80691
1.82377
1.89706
2.1245
1.85092
1.69915
1.80265
1.69779
1.63103
1.85555
1.89327
2.00846
1.91989
1.94803
1.88036
1.63671
1.66472
1.61396
1.42135
1.57156
1.51877
1.49872
1.91715
2.17791
2.1806
2.15854
2.08759
2.19455
1.75831
1.83487
1.52133
1.43476
1.43913
1.57116
1.62902
1.46466
1.56106
1.50648
1.50402
1.36087
1.92521
2.04018
2.02632
2.30873
1.96822
1.8503
1.85853
2.00043
1.96335
2.38838
2.45747
2.46065
2.39781
2.15509
2.22129
2.17099
1.9534
1.73418
1.69044
1.86633
1.80823
1.69771
1.95059
1.81946
1.91869
2.02472
2.17103
1.94444
1.9251
1.93889
1.81599
2.00725
1.96932
2.02827
2.01419
2.05369
1.90055
1.37682
1.18103
1.17135
1.15708
1.48718
1.46014
1.36097
1.34018
1.20392
1.39934
1.35051
1.42019
1.38035
1.23712
1.28516
1.25969
1.13652
1.07614
0.882409
1.1637
1.21257
1.22126
1.34833
1.56759
1.60115
1.49466
1.58578
1.59596
1.45247
1.7307
1.4007
1.56315
1.45628
1.35341
1.69829
1.51902
1.64426
1.50807
1.38752
1.35805
1.24649
1.34866
1.61023
1.68365
1.72495
1.67587
1.53556
1.53759
1.66284
1.82211
1.89097
2.10112
1.96306
1.83159
1.84718
1.88933
1.74012
1.86159
2.15628
1.84599
1.76201
1.29204
1.15581
1.1675
1.42573
1.37013
1.33698
1.48179
1.47386
1.66411
1.8023
2.07438
2.15624
1.87813
1.93434
1.80917
1.89525
2.01231
1.95695
2.00822
1.90459
1.84065
1.91489
1.94352
1.92176
2.0458
2.07862
1.98566
2.16764
1.96668
1.82513
1.76135
1.77909
1.81705
2.03253
2.18835
2.21653
2.04513
1.981
1.91133
1.55124
1.39588
1.23266
0.977279
0.97053
0.96762
0.776482
0.694152
0.961367
0.883987
0.76093
0.614592
0.471667
0.445748
0.379358
0.278522
0.276341
0.168971
0.49401
0.921303
0.781376
0.659295
0.280413
0.620344
0.610901
0.702413
0.943024
0.742367
0.81959
0.87652
0.919287
0.892127
0.641025
0.693524
0.685862
0.541094
0.147883
0.0716762
0.0979756
0.233938
0.237867
0.328246
0.232409
0.0721671
0.28099
0.325057
0.416876
0.332604
0.382249
0.544059
0.264412
0.595021
0.751401
0.716065
1.14064
1.14182
0.911939
1.13788
1.41531
1.42246
1.34813
1.14261
1.27577
1.1175
1.2737
1.46832
1.23009
1.26014
1.30704
1.53385
1.5795
1.45226
1.55389
1.6539
1.63467
1.50264
1.2725
1.43093
1.1322
1.25903
1.33939
1.02374
0.905639
0.944126
1.03896
1.05307
1.07439
0.980344
0.804094
0.85594
0.92597
0.94942
1.00888
1.3926
1.25245
1.16956
0.70802
0.758899
0.849173
0.919576
0.992135
1.0995
1.13709
1.44531
1.67395
1.71654
1.63142
1.54092
1.55386
1.63614
1.27382
1.19725
0.908406
1.11542
1.30192
1.13666
0.991567
1.10057
1.02601
0.965111
0.911544
0.940219
1.35815
0.992098
1.18152
1.5117
1.86542
1.75692
1.8761
2.00267
1.66737
1.54273
1.58415
1.757
1.73902
1.81005
1.55339
1.83748
2.04048
2.06625
2.12338
1.75889
1.70556
1.88042
2.14839
2.11419
1.96924
1.68716
1.63613
1.58303
1.26841
1.22258
1.20435
1.19849
1.28521
1.2615
1.27276
1.3757
1.1891
1.34926
1.03095
0.996111
0.863452
0.724011
1.01297
1.37978
1.3174
1.45279
1.60326
1.55249
1.39523
1.19942
1.47366
1.36384
1.45258
1.4048
1.28835
1.08833
1.23154
0.982089
0.928299
0.942419
1.06806
1.25621
1.26821
1.15313
1.28274
1.5222
1.78364
1.77269
1.67951
1.38058
1.1069
1.19548
0.950117
1.276
1.14656
1.33841
0.920773
1.19931
1.34769
1.31952
1.38628
1.47608
1.30316
1.49537
1.1343
1.15181
1.13337
1.4524
1.28051
1.18698
1.14977
1.33337
1.2127
1.1796
1.02219
0.995291
0.731948
0.706158
1.03878
1.09351
1.49719
1.63632
1.58396
1.64347
1.77877
1.86874
1.76836
1.90194
2.04072
2.07312
2.06065
2.03113
2.20596
2.67169
2.67481
2.36479
2.33226
2.07927
2.08788
2.03191
1.9313
1.90644
2.15556
2.23088
2.65779
2.6803
2.6863
2.60038
2.38685
2.3829
2.54755
2.60947
2.4418
2.66489
2.6464
2.47228
2.39475
2.23631
2.21856
2.38079
2.33365
2.61994
2.42246
2.19238
1.94007
2.06055
2.00385
1.92026
1.94164
1.82689
1.90206
2.1392
1.84849
1.61811
1.65065
1.59226
1.70165
1.83288
2.16332
1.88888
1.91865
2.02791
1.98012
1.78758
1.93539
1.74772
2.09145
1.93397
1.8767
1.83791
1.90159
1.79146
1.86741
1.82215
1.72358
1.67521
1.59925
1.59925
1.53795
1.34158
1.49772
1.55842
1.34664
1.32068
1.24166
1.36552
1.57976
1.66823
1.62003
1.58092
1.52898
1.53864
1.6655
1.72132
1.71666
1.59475
1.3409
1.67653
1.52402
1.45117
1.68597
1.89956
1.93233
2.26267
2.21589
1.79229
1.56883
1.86111
1.75637
1.70916
1.67993
1.70086
1.67305
1.72975
1.73527
1.55322
1.61484
1.65516
1.58012
1.43384
1.46461
1.34989
0.682736
0.977767
1.20512
1.2426
0.970962
1.18145
1.05363
0.910864
0.826602
0.653306
0.418644
0.298989
0.234803
0.0955207
0.313391
0.294802
0.297727
0.46223
0.551058
0.477881
0.490306
0.622289
0.338758
0.584016
0.543546
0.667448
0.55285
0.452988
0.288144
0.25597
0.116946
0.239829
0.634583
0.719242
0.926763
1.12402
1.32714
1.26776
1.12156
1.60696
1.60295
1.51776
1.54187
1.66201
1.07376
0.861815
1.12145
1.43632
1.54958
1.46549
1.28672
1.46369
1.55831
1.57398
1.60605
1.06807
1.40852
1.50249
1.4362
1.6093
1.29943
1.40401
1.35144
0.929319
1.29208
1.41899
1.25359
0.981274
0.843108
0.910271
1.22972
1.50732
1.2685
1.29639
1.11873
1.09636
1.32003
1.07964
1.22658
1.19559
1.23957
1.3744
1.62294
1.24218
0.863636
0.841763
1.00095
1.11606
0.803593
1.11783
0.93666
1.03985
0.873139
0.883118
1.07795
1.04136
1.30722
1.21847
1.57141
1.24234
1.24858
1.18911
1.32292
1.31434
1.30889
1.17077
1.15643
1.26956
1.41353
1.344
1.61525
1.49389
1.53772
1.61941
1.56113
1.73894
1.60686
2.09985
1.84633
1.98682
1.87987
1.97479
2.15703
1.97256
1.76926
1.81788
1.81355
1.74639
1.94266
1.99916
1.996
2.01597
1.98304
1.82456
1.68325
1.76498
1.79481
1.90748
2.02116
2.09
2.17126
2.53534
2.47736
2.62643
2.54232
2.48005
2.69323
2.688
2.3123
2.34725
2.61247
2.29455
1.83225
1.82616
1.73682
1.84773
2.10768
2.17824
2.02829
2.07493
2.4384
2.48826
2.62879
2.49207
2.16328
2.16361
2.19067
2.48344
2.44309
2.46018
2.42154
2.55466
2.69448
2.49004
2.41899
2.49651
2.32594
2.56195
2.35219
2.27016
2.30999
2.30276
2.30479
2.46309
2.54619
2.53704
2.55229
2.55879
2.39955
2.47541
2.32571
2.30783
2.53854
2.5886
2.65067
2.25992
2.30163
2.05915
2.16539
2.31932
2.18554
1.94784
2.14754
2.07703
2.11358
1.86093
1.96493
2.0953
2.32724
2.20512
2.34418
2.59307
2.36859
2.58222
2.58042
2.59448
2.63014
2.57205
2.5799
2.58927
2.51546
2.38577
2.54535
2.57213
2.46396
2.7176
2.6383
2.5365
2.21348
2.17186
2.16476
2.31645
2.39207
2.40271
2.38801
2.53407
2.30888
2.15999
2.07085
2.16682
1.97714
1.79176
1.90362
1.72604
1.63618
1.68989
1.83209
1.86798
2.14284
2.06275
2.05615
2.0649
1.96237
2.11457
2.19188
2.40879
2.37624
2.26143
2.13447
2.19925
2.03805
1.94972
1.97432
1.99493
1.91988
1.88562
1.57208
1.68622
1.52433
1.43
1.53881
1.45585
1.29602
1.46151
1.2948
1.1983
1.19126
1.3359
1.2037
1.13844
0.965691
1.04145
1.14774
1.1327
1.35912
1.32928
1.31264
1.35309
1.22248
1.08653
1.1651
1.31339
1.33
1.50592
1.64254
1.57606
1.28419
1.13605
0.760865
0.815515
1.15029
1.26502
1.23699
1.29675
1.61928
1.71369
1.49083
1.35114
1.39145
1.41274
1.47158
1.68152
1.70022
1.5833
1.6224
1.50199
1.33117
1.45146
1.41957
1.33341
1.60465
1.51527
1.44585
1.70493
1.66281
1.99993
2.04942
1.95665
1.95426
1.96523
1.83813
1.89034
1.53443
1.93196
1.89883
1.78473
1.86489
1.51052
1.68454
1.48336
1.37231
1.35746
1.02476
1.59015
1.75615
1.83316
1.62679
1.84289
1.83996
1.84524
1.77583
1.71748
1.99888
2.09292
2.13778
2.05695
2.0112
2.00995
1.7761
1.65262
1.62163
1.77897
2.02475
2.25055
2.08372
1.99515
1.85252
2.0745
2.07971
2.31272
2.46877
2.51809
2.47517
2.49632
2.44999
2.50246
2.09222
2.17972
2.30185
2.28204
2.15014
1.92154
1.79831
1.73242
1.98848
2.12751
1.88648
2.05089
1.9769
1.73881
1.77573
1.67638
1.64146
1.49083
1.53665
1.8965
2.20763
2.83665
2.74551
2.83559
2.8616
2.85429
2.97961
2.97182
2.98095
3.04065
2.90187
2.9616
3.14406
2.98386
3.01973
3.29086
3.06003
2.76022
2.7999
2.97786
2.94759
3.18319
3.27812
3.41793
3.60368
3.48222
3.49599
3.5121
3.42998
3.56502
3.5582
3.44909
3.39421
3.68826
3.70638
3.80056
3.72044
3.75903
3.68499
3.9785
4.09145
3.87102
3.93303
4.0204
4.2785
4.11813
4.21168
4.17534
4.123
4.06053
3.86116
3.83858
3.82036
3.9608
4.17116
3.96246
3.77691
3.84094
3.68541
3.63178
3.62548
3.46225
3.46617
3.61439
3.27974
3.24956
3.23902
3.1637
3.23539
3.28615
3.31617
3.08279
3.32612
3.36087
3.52541
3.64307
3.51464
3.66015
3.81482
3.69053
3.61023
3.83789
3.86293
4.0778
4.00846
3.85036
3.62108
3.46208
3.43259
3.75017
3.93507
3.52014
3.74843
4.01217
4.22921
4.70014
4.69582
4.55954
4.48965
4.65686
4.65758
4.7988
4.79028
4.34722
4.42329
4.28956
4.32583
4.68888
4.65108
4.92297
4.64818
4.85759
4.62464
4.42567
4.11926
4.05087
4.13692
4.10832
4.16036
4.31375
4.27373
4.07683
4.23679
4.05518
4.09881
3.96889
3.87926
3.97115
3.90971
3.98202
4.01462
4.22816
4.01745
4.00097
3.94587
4.00268
3.81384
3.65212
3.32007
3.3944
3.07008
2.96507
3.06607
2.91261
2.99004
3.3082
3.21859
3.04935
2.99843
3.05288
3.15728
2.7307
2.75546
2.69284
3.00291
2.91008
2.62207
3.03316
3.19429
3.2194
3.37118
3.22797
3.12823
3.01356
2.8557
2.70839
2.67875
3.09403
3.00701
2.84782
2.78856
2.71185
2.62689
2.80098
3.01526
3.08727
3.03853
3.00946
2.84486
2.81466
2.88152
2.85567
3.01786
2.9704
2.93589
2.86583
2.98539
3.13571
3.2755
3.11553
3.32532
3.07317
3.24374
3.24515
2.96917
3.12421
3.2093
3.15439
3.60824
3.52911
3.50348
3.68117
3.64326
3.67171
3.69518
3.80355
3.87785
3.794
3.58151
3.18905
3.25849
3.1358
3.06257
3.03397
3.09091
2.98197
2.97744
2.78891
2.59392
2.80852
2.84334
2.83177
2.90299
2.77778
2.69875
2.6571
2.44629
2.70341
2.7926
2.71314
3.0257
2.94423
2.93884
2.7956
2.88771
2.95081
3.22464
3.28168
3.47452
3.19229
2.8406
2.72129
2.90215
2.82697
2.75754
2.75972
2.56339
2.4621
2.32033
2.55565
2.36699
2.37263
2.4777
2.74597
2.62834
2.82993
3.15737
3.31206
3.24228
3.00919
3.109
3.10934
3.26437
3.32312
2.90845
2.89584
3.02764
2.98533
3.04706
2.88385
2.87542
2.81659
2.78681
2.69156
2.97184
2.98156
3.00097
3.02358
3.19876
3.26379
3.38083
3.41285
3.47178
3.45872
3.47562
3.50286
3.43506
3.07719
3.23177
3.32542
3.32972
3.29916
3.53711
3.5598
3.72377
3.82392
3.80723
3.71519
3.5897
3.68406
3.66831
3.87688
3.78169
3.80522
3.70317
3.76609
3.77819
3.71544
3.79247
4.05115
4.27292
4.48309
4.46221
4.63404
4.7665
4.63609
4.52466
4.57391
4.77182
4.64007
4.33618
4.27465
4.3545
4.34661
4.23398
4.09504
4.14455
4.11967
4.1288
4.22342
4.06462
3.99364
4.4094
4.2525
4.16852
4.16109
4.37423
4.1656
4.23608
4.45986
4.19347
4.08457
3.98453
3.8943
4.0865
4.32383
4.45334
4.2849
4.29773
4.26641
4.18936
4.14401
4.11103
4.24683
3.95402
3.89374
4.03825
3.91689
4.09134
4.22591
4.15628
3.89033
3.68568
3.61702
3.8043
3.67695
3.64398
3.50562
3.21102
3.43164
3.41428
3.28166
3.25024
3.31296
3.36055
3.35458
3.34476
3.48235
3.55446
3.77066
3.66959
3.6784
3.74072
3.64608
3.43664
3.44288
3.60404
3.33025
3.27706
3.21418
3.20502
3.11023
2.98004
3.09825
3.14152
3.08754
2.92409
2.94159
2.98879
2.91937
2.93819
2.92456
2.86998
2.74039
2.65939
2.47627
2.25778
2.16735
2.24374
2.13999
2.15192
2.01299
1.71987
1.93694
2.24464
2.41977
2.04992
2.13155
2.24171
2.43394
2.23003
2.09312
2.34178
2.3348
2.50135
2.60694
2.67812
2.56231
2.64588
2.50206
2.62882
2.74429
2.71326
2.44577
2.49804
2.38548
2.36385
1.98031
1.84253
1.60647
1.59477
1.52766
1.55115
1.56216
1.93458
1.78104
2.09468
1.87225
2.05681
1.89379
1.82863
1.83264
2.07057
2.23586
2.10985
2.12125
2.08774
1.91173
1.79048
1.81522
1.65334
1.74544
1.87588
1.96461
1.64831
1.83721
1.94257
1.99615
1.95093
1.77584
1.88925
2.03533
2.107
2.08579
1.85091
1.97246
2.13728
2.02225
1.76775
1.79455
1.51168
1.7174
1.92025
1.98282
2.1874
2.09189
2.18707
2.21927
2.42653
2.37199
2.49259
2.49239
2.60381
2.55984
2.82327
3.11006
2.93682
2.93558
2.97392
2.93426
2.95746
2.82925
2.90495
3.13624
3.02764
2.8665
2.61103
2.71403
2.63711
2.46748
2.44717
2.54585
2.38961
2.0048
2.03986
2.178
2.40152
2.24666
2.01651
1.80867
1.46237
1.61025
2.00971
1.96354
1.60506
1.77768
1.92875
2.22184
2.20162
2.01641
1.8115
1.8732
2.12291
2.37711
2.48714
2.56611
2.43375
2.37649
2.28715
2.29637
2.29475
2.00407
1.90982
1.90775
1.96579
1.47691
1.1724
1.3987
1.31829
1.08672
1.58625
1.424
1.43421
1.51678
1.69861
1.38178
1.26679
1.37524
1.20024
1.16325
1.37998
1.43087
1.57878
1.22473
1.10088
1.18703
1.18207
1.24622
1.27595
1.18835
1.39714
1.17788
1.20074
1.04062
0.850905
0.708316
0.416152
0.431868
0.595377
0.537074
0.721911
0.793272
1.03598
0.884256
0.823538
0.720809
0.779759
0.460294
0.502427
0.750639
0.953257
0.990065
1.07039
1.12116
1.34457
1.48072
1.42118
1.47553
1.34406
1.19204
1.37864
1.42607
1.25091
1.50479
1.49473
1.54003
1.27457
1.55903
1.58432
1.88463
1.83636
2.02406
2.00161
2.12922
2.22779
2.4176
2.62305
2.61918
2.66555
2.80986
2.51101
2.44333
2.62761
2.48675
2.55683
2.54265
2.48948
2.50521
2.47389
2.53229
2.46596
2.28749
2.03977
2.19464
2.20059
2.23205
2.14281
2.016
1.73604
1.85058
1.71951
1.68681
1.83636
1.63713
1.68667
1.99024
1.9433
1.89842
2.04795
2.08976
2.00662
1.5283
1.67684
2.00092
2.43393
2.27729
2.03603
2.15689
2.19576
1.87184
2.17304
2.29115
2.17905
1.93451
1.50257
1.60634
1.47525
1.68355
1.74493
1.38624
1.04929
1.34031
1.3954
1.45908
1.49224
1.596
1.47611
1.11474
1.18835
1.03819
1.00327
1.49688
1.3902
1.33368
1.67555
2.0016
2.46794
2.4182
2.41487
2.5761
2.91514
2.6117
2.64822
2.65235
2.29018
2.53234
2.82092
2.48384
2.75973
2.68093
2.53078
3.02114
2.84304
3.06584
3.14837
3.28535
3.30354
3.39169
3.16646
2.71612
2.69774
2.66095
2.73912
2.67692
2.88917
2.91328
2.93982
2.82891
2.64627
3.06514
3.06347
2.82329
2.71553
2.86833
2.86559
2.83445
2.65106
2.67051
2.67293
2.42289
2.74027
2.50088
2.44522
2.45592
2.53258
2.43079
2.56549
2.68826
2.92609
2.67284
2.34594
2.48076
2.60567
2.42731
2.39691
2.45092
2.39895
2.32786
2.38323
2.14367
2.14745
2.08883
1.91447
2.25704
2.20324
2.17533
2.39486
2.60412
2.54558
2.29998
2.47805
2.41205
2.52513
2.85638
2.72679
2.47119
2.39733
2.2657
2.04322
1.94095
2.03514
2.06026
2.04576
1.61404
1.75514
1.74501
1.7519
2.04497
1.78414
1.99875
2.06599
2.09952
2.08291
1.94709
1.97732
2.0285
1.94027
1.84944
2.1759
1.95859
1.86249
1.95219
2.07605
2.24422
2.28147
1.99819
1.98978
1.71226
1.34755
1.37172
1.68443
1.59097
1.56869
1.59236
1.44871
1.49986
1.54577
1.59477
1.88083
1.98128
1.87829
2.01153
2.03503
2.15956
2.16738
2.09611
1.93583
1.91375
1.86969
1.74079
1.87701
2.14736
1.96007
1.94307
1.97537
1.88784
1.79327
1.72746
1.83157
1.68679
1.61881
1.76026
1.8467
1.77817
1.51291
1.83365
1.68565
1.73875
1.96875
1.97279
1.8648
1.8747
2.04286
2.20417
2.21225
2.21885
2.03633
2.01811
2.00673
1.95602
1.7672
1.99945
1.7478
2.0226
2.22667
1.88033
2.1632
2.03948
2.22304
2.18537
2.2144
2.02204
1.86528
1.67404
1.8604
1.89569
1.67148
1.70623
1.26856
1.54215
1.44144
1.68011
1.60462
1.47415
1.55678
1.35486
1.21783
1.22819
1.26844
1.58755
1.76296
1.66719
1.33108
1.43882
1.44124
1.58928
1.47958
1.40257
1.75912
1.65283
1.84221
1.58551
1.45605
1.4677
1.57768
1.73403
1.61805
1.46556
1.4812
1.46303
0.989221
0.88027
0.882118
0.971913
1.28295
0.865191
0.715149
0.900399
0.940376
1.15132
0.987808
1.47498
1.46861
1.43682
1.67118
2.06012
1.98248
1.65734
1.66778
1.85317
1.51647
1.82047
1.55448
1.44582
1.65894
1.66218
1.72051
1.96193
2.04341
1.67795
1.86665
1.88125
1.71353
1.68027
1.57311
1.82087
1.77992
1.46953
1.272
0.924018
0.66939
0.653773
0.919227
0.854379
0.529835
0.436926
0.650357
0.786876
0.8216
0.741734
0.54949
0.490978
0.581989
0.770633
0.740513
0.505069
0.84916
0.751533
0.748079
0.866735
0.941284
0.978001
0.885661
0.80454
0.711277
0.660703
0.519566
0.515866
0.451196
0.475091
0.611085
0.317594
0.0406558
0.218938
0.293173
0.185725
0.298761
0.317148
0.411102
0.43498
0.226191
0.851449
0.907158
0.841037
0.802976
0.648293
0.64584
0.728333
0.864348
0.881171
0.889558
0.830455
0.765534
0.741295
0.766676
0.926584
0.834491
0.913798
0.878745
0.873983
0.94946
1.19723
1.30021
1.29365
1.22535
1.19484
1.00381
1.10993
1.05562
0.85627
0.84123
0.820988
0.770241
0.561854
0.756128
0.797276
0.95171
0.957004
0.873916
0.69908
0.662977
0.597638
0.538879
0.672297
1.08117
0.770627
0.896341
0.931847
0.968994
0.957692
1.04363
0.97254
0.92771
1.34591
1.50394
1.62461
1.32826
1.53188
1.83892
2.01104
2.1037
2.13875
1.78969
1.85465
1.69518
1.69998
1.52638
1.61348
1.66116
1.70083
1.68957
1.89645
1.77867
1.68705
1.79342
1.41594
1.20726
1.04353
0.989383
1.07039
1.30236
1.35906
1.49674
1.35027
1.22642
1.24865
1.41667
1.15782
1.14311
1.17497
1.1934
0.879467
1.08431
1.05295
0.895806
0.901918
1.02523
0.885216
0.901162
0.969792
0.890877
1.0146
0.768113
0.965334
0.983069
1.09605
0.991791
1.04082
1.16799
0.958448
1.15634
1.40088
1.17704
1.25596
1.0714
1.15109
1.36298
1.15857
1.17495
1.42963
1.50703
1.30424
1.2826
1.26807
1.21171
1.06738
1.25828
1.22444
1.19185
0.917937
0.861481
0.98839
0.98218
0.821866
0.799608
0.750013
0.633212
0.68259
0.872319
0.575484
0.614434
0.731742
0.967345
0.804287
0.859585
1.0261
0.991136
1.0769
0.684608
0.554582
0.660167
0.68605
0.869924
0.776283
0.784087
0.837623
0.979869
1.04828
0.998903
0.926024
1.26783
1.37003
1.45589
1.37434
1.63085
1.54365
1.48012
1.27701
0.997504
1.10611
1.34501
1.4257
1.31304
1.18729
1.12559
1.29129
1.39533
1.35743
1.36498
1.68904
1.51038
1.46605
1.40012
1.45937
2.09139
1.94164
2.1024
2.10794
2.02933
2.10673
2.16504
2.11766
2.04842
2.07989
2.0151
1.71228
1.93242
2.12346
2.11536
2.06875
2.19213
1.98257
1.826
1.97528
1.85857
1.61285
1.64343
2.00945
1.80971
1.3263
1.44135
1.50773
1.59269
1.55917
1.66551
1.69037
1.5867
1.65971
2.0048
2.00387
2.02675
1.9567
2.09106
1.95126
1.86535
1.70176
1.65001
1.69735
1.70975
1.81171
1.67315
1.43211
1.49057
1.50202
1.57571
1.68509
1.65337
1.51429
1.55434
1.54416
1.4789
1.68437
1.59881
1.62593
1.52181
1.63907
1.60393
1.48167
1.4681
1.78803
1.7022
1.87454
1.95678
1.95815
1.94338
1.76106
1.74523
1.5399
1.56998
1.59656
1.89202
1.36582
1.44761
1.46168
1.43957
1.5753
1.7354
1.73622
1.56593
1.8334
2.11416
2.07028
2.18736
2.06701
2.06874
2.04976
2.03073
2.08261
2.26573
2.29122
2.33557
2.40528
2.42821
2.07557
2.24674
2.40844
2.25694
2.40368
2.47938
2.44447
2.23789
2.35323
2.36604
2.79175
2.91123
3.08754
3.03682
3.06058
3.04208
2.73284
2.79542
3.00177
3.01179
3.08481
2.98244
2.8958
2.5485
2.60824
2.37442
2.47446
2.52637
2.63471
2.58035
2.21364
2.30132
2.2162
2.40801
2.46477
2.5767
2.60197
2.57588
2.4663
2.62131
2.42934
2.44661
2.54169
2.46124
2.44401
2.42644
2.30458
2.43012
2.55582
2.3215
2.19375
2.4705
2.36372
2.51883
2.57545
2.50362
2.47498
2.64453
2.21761
1.96216
2.06685
2.11351
2.14972
2.04231
2.01227
1.55075
1.83644
2.02379
2.42372
2.02197
1.98641
1.62497
1.44788
1.44087
1.42054
1.21177
1.25017
1.35531
1.46846
1.28976
1.30669
1.33502
1.47082
1.52777
1.58615
1.56276
1.66466
1.76148
1.60516
1.89255
1.68697
1.43722
1.58525
1.48671
1.61497
1.53697
1.63106
1.43631
1.4371
1.44029
1.48475
1.28391
1.23354
1.17439
1.3494
1.38338
1.34329
1.37942
1.14373
1.02923
1.08929
1.06251
1.20878
1.44611
1.57505
1.56497
1.56228
1.63009
1.53107
1.54337
1.68747
1.73388
1.58196
1.63687
1.70833
1.63465
1.49603
1.63537
1.69479
1.81539
1.77179
1.86176
2.01181
1.96138
1.74192
2.08399
1.7849
1.54448
1.53162
1.46923
1.67329
1.47897
1.27982
1.12495
0.996507
1.09391
0.986505
1.33728
1.41099
1.44155
1.36938
1.4211
1.2444
1.25693
1.0284
1.05328
1.13344
1.24865
0.918231
0.856354
1.00869
1.10695
1.09077
0.953972
0.681319
0.802637
1.09046
0.978937
1.20882
1.50426
1.52302
1.49416
1.15408
0.74595
0.800787
0.604945
0.829147
0.817573
0.855066
1.01199
0.941343
1.28996
1.30953
1.14425
1.19754
1.12776
1.18465
1.07277
1.0108
1.01676
0.857335
1.10839
1.21005
0.963053
0.744435
0.776784
0.80623
0.714246
0.645443
1.01299
0.952661
0.799929
1.10647
1.34807
1.0251
1.23606
1.58129
1.35013
1.5013
1.49224
1.51441
1.34135
1.61325
1.3682
1.2558
1.13282
1.00974
1.04207
0.616605
1.10512
1.1031
0.913625
