7.7162
7.44707
7.47071
7.35484
7.21419
6.95166
7.0123
7.33226
7.46235
7.5514
7.36177
7.19468
7.24332
7.3449
7.17766
7.12497
7.06621
6.93829
6.72068
6.74033
6.66368
6.72971
6.50001
6.26494
6.23328
6.51028
6.58117
6.34253
6.27382
6.43569
6.62504
6.71605
6.68406
6.60229
6.64174
6.53132
6.67726
6.80747
6.46556
6.48322
6.40961
6.49735
6.7297
6.77368
6.71358
6.33345
6.34606
6.43102
6.36263
6.12318
5.94695
6.0033
5.98148
5.96688
5.72998
5.56952
5.36176
5.32008
5.34512
5.39551
5.49498
5.38207
5.12394
4.88933
4.8235
4.93346
4.78945
5.01677
4.89522
4.86599
5.05942
5.11514
5.23654
5.15704
5.00764
5.02063
5.05728
5.0718
4.77203
4.95157
4.81174
4.80508
5.2191
5.12556
5.32173
5.24637
5.38903
5.32356
5.33575
5.28278
5.35583
5.29674
5.26691
5.44771
5.47169
5.33521
5.27271
5.46284
5.41067
4.98536
5.07916
4.93399
5.14131
5.15499
5.0648
4.81018
5.17059
5.40078
5.44925
5.19547
5.2695
5.10302
5.12561
5.04544
5.02098
5.09186
4.83047
4.7183
4.85555
4.80816
4.74678
4.86942
5.19482
5.15933
5.22179
5.29604
5.29713
5.38627
5.3212
5.43096
5.45839
5.37889
5.3551
5.44173
5.51383
5.34751
5.33126
5.34718
5.24334
5.03394
4.98265
4.82135
4.70122
4.79782
4.54207
4.81057
4.91668
4.97882
4.70791
4.61209
4.76178
4.93729
4.99661
4.87395
4.61984
4.25626
4.58673
4.48233
4.2154
4.46756
4.28404
4.13813
4.34891
4.242
4.15613
4.14562
4.58753
4.32359
4.04429
4.11521
4.14359
3.98752
3.9409
3.87532
3.66246
3.89599
3.77282
3.7035
3.79748
3.60198
3.78867
3.76473
3.76601
3.54396
3.58642
3.53578
3.48529
3.63472
3.52656
3.78588
3.6178
3.70143
3.8034
3.81861
3.97352
3.79711
3.94935
4.11445
4.04026
3.7651
3.52752
3.56972
3.38134
3.66005
3.46873
3.52763
3.4321
3.4594
3.72422
3.73426
3.52052
3.66128
3.96929
3.86307
4.00184
3.98616
3.86594
3.78884
3.56114
3.4349
3.27627
3.23623
2.9841
3.11779
3.08429
3.09432
3.25707
3.22995
3.32166
3.19516
3.17158
3.2533
3.0529
3.20945
3.47365
3.31792
3.47286
3.4258
3.37465
3.30321
3.21295
3.23117
3.52916
3.39591
3.64346
3.73147
3.79922
3.79463
3.58642
3.53655
4.12251
4.01707
3.91924
3.742
3.81362
3.45407
3.34198
3.35968
3.32813
3.32061
3.40022
3.47192
3.37784
3.54197
3.41959
3.21402
3.31313
3.33394
3.38238
3.28004
3.14698
3.26086
3.12728
3.16473
3.03627
2.99369
3.07119
3.16312
2.96261
3.06702
2.89751
2.84882
2.7204
2.58406
2.60622
2.56921
2.637
2.84736
2.72623
2.80932
2.89164
2.73912
2.7304
2.63554
2.73576
2.92143
2.79435
3.11202
2.93344
3.04554
3.03435
2.93217
2.64277
2.54086
2.30796
2.19606
2.28816
2.50162
2.37344
2.18515
2.16313
2.17913
2.14266
2.12259
2.27643
2.08323
1.84577
1.89582
2.00505
1.87479
2.08931
1.66337
1.7339
1.57752
1.74839
1.6778
1.79584
1.66269
1.58251
1.47087
1.65693
1.40493
1.12192
1.3625
1.22505
1.48832
1.665
1.64663
1.52615
1.57406
1.457
1.05114
0.938617
1.0726
0.979539
0.863535
1.15517
0.993542
1.00094
1.32815
0.979213
0.949576
0.978497
0.868424
0.70804
0.71582
0.86738
0.854945
0.936106
0.530221
0.798058
0.674566
0.560827
0.260456
0.346413
0.325946
0.251409
0.500165
0.361033
0.329163
0.472905
0.575574
0.560926
0.311385
0.0780988
0.143004
0.171955
0.291175
0.362371
0.289025
0.245326
0.304223
0.163192
0.214796
0.395285
0.26392
0.442778
0.377582
0.330119
0.347471
0.5076
0.640837
0.533204
0.65012
0.687562
0.760332
0.608279
0.590425
0.50981
0.326364
0.295866
0.192193
0.224809
0.371072
0.62767
0.740233
0.600126
0.679609
0.937378
0.810948
1.04752
1.30561
1.35067
1.38482
1.23484
1.16541
0.933544
0.802112
0.569922
0.496184
0.505128
0.716793
0.78541
0.897843
1.19636
1.41861
1.33144
1.82872
1.71199
1.81159
1.71858
1.77191
1.75941
1.82828
1.48929
1.8461
2.02439
1.76
1.86556
1.77299
1.72714
1.7764
1.86068
1.75795
2.0375
2.04016
2.0789
2.12283
2.32
2.04809
1.88951
1.7663
1.81836
1.62749
1.475
1.61024
1.50839
1.56514
1.5849
1.53105
1.51072
1.40468
1.66127
1.82654
1.71759
1.70775
1.71184
1.74687
1.80045
1.86537
1.57921
1.59596
1.64872
1.70342
1.69627
1.66068
1.62077
1.36475
1.33293
1.26775
1.40304
1.40899
1.26439
1.57611
1.53671
1.5237
1.58025
1.38624
1.31743
1.15235
0.996587
0.975966
0.99898
1.10232
1.18855
1.15982
1.21587
1.28853
1.42216
1.64812
1.43608
1.08109
1.32186
1.31173
1.32536
1.45174
1.40876
1.46848
1.66299
1.49626
1.41768
1.63619
1.79675
1.64262
1.58273
1.88573
1.74426
1.78231
1.7268
1.72505
1.8527
1.86057
1.90909
2.13554
2.22699
2.35065
2.27396
2.09294
2.0617
2.13791
2.10103
2.34689
2.16016
1.99612
2.11622
2.03646
2.19126
2.12831
2.01024
2.09689
2.13804
2.37777
2.48
2.19316
2.22661
2.02769
2.15848
2.06079
2.2426
2.09566
2.01464
1.97927
1.96544
2.05619
2.07719
1.95424
1.9904
1.99978
2.33744
2.21919
2.16819
1.81735
1.68562
1.39369
1.5599
1.46278
1.5292
1.82448
1.82834
1.71559
1.86635
2.012
2.10733
1.96093
1.59728
1.8003
1.93906
1.96584
2.1373
1.95967
1.85402
1.80597
1.89987
2.11045
2.27353
2.27512
2.23366
2.26847
2.23519
2.23871
2.30097
2.08657
2.02108
2.08049
1.76901
1.75789
1.78843
1.76599
1.85885
1.69243
1.62714
1.65032
1.58749
1.55761
1.67411
1.60399
1.86521
2.4072
2.42593
2.38477
2.50238
2.44637
2.45816
2.44436
2.57921
2.71661
2.57902
2.46851
2.48645
2.36028
2.12704
2.25201
2.33117
2.18583
2.24415
2.34186
2.30203
2.04809
2.00386
2.06908
1.85916
1.81831
1.89769
1.8108
1.90126
1.78688
1.75139
1.79849
1.84466
1.88699
1.97143
1.80461
1.65617
1.97987
2.0013
2.26513
2.34469
2.05387
1.88843
1.69479
1.82929
1.99187
2.17192
2.19561
2.03836
1.89638
2.05586
1.6446
1.54882
1.6333
1.68221
1.57404
1.66254
1.69102
1.69753
1.75439
1.99484
1.76112
1.78677
1.38808
1.36318
1.37082
1.526
1.5427
1.57255
1.71308
1.69103
1.65263
1.83597
1.8847
1.96891
1.87052
1.98656
1.93902
1.92643
1.85427
1.88285
2.03302
1.96905
2.00828
1.86689
1.80618
1.82785
1.79612
1.83406
1.78828
1.95577
1.92853
2.2964
2.22052
2.23058
2.3589
2.23551
2.4611
2.18185
2.24438
2.21925
2.2908
2.22006
2.61462
2.40427
2.5956
2.94094
2.8598
2.95118
3.09853
2.92722
2.78162
2.52262
2.68124
2.40759
2.35393
2.21181
2.43026
2.60234
2.60003
2.7479
2.91586
3.03283
3.31964
3.11792
3.10586
3.13356
3.19563
3.33114
3.10365
3.15869
3.1867
3.16015
3.11821
3.16122
3.15775
3.23885
3.20793
3.39038
3.41912
3.4031
3.3021
3.09059
3.22788
3.39692
3.32049
3.22864
2.82242
2.76467
2.57171
2.49223
2.41183
2.56175
2.3162
2.42928
2.53475
2.53023
2.71917
2.79423
2.69883
2.78784
2.67459
2.67489
2.66694
2.7015
2.71351
2.38542
2.42321
2.51773
2.54215
2.7105
2.90784
2.80912
2.85614
2.57072
2.65114
2.48529
2.11675
2.47206
2.39066
2.72846
2.85096
2.7717
2.64029
2.91325
2.80166
2.83
2.74038
2.91621
2.94073
2.91841
2.84239
2.75392
2.94146
3.01019
2.78825
2.47396
2.4433
2.19955
2.2017
2.17646
2.25992
2.06777
2.19546
2.11459
1.78808
1.58234
1.35015
1.38406
1.53094
1.40995
1.3477
1.47196
1.67455
1.76799
1.55187
1.54975
1.25313
1.38429
1.29634
1.27315
1.03136
1.21544
1.06156
1.1543
1.02878
0.74295
0.740006
0.701771
0.879135
1.14335
1.01782
0.994593
0.918412
0.98458
0.773217
0.794791
0.808418
0.850908
1.07464
1.33346
1.23671
1.37613
1.5698
1.32984
1.29903
1.30043
1.09155
1.03387
1.21567
1.18806
0.998725
1.08108
0.610226
0.69536
0.567641
0.464509
0.391312
0.398928
0.309862
0.396236
0.446193
0.627196
0.641412
0.787321
0.557392
0.684973
0.383054
0.617331
0.762909
0.819044
0.715482
0.67088
0.718958
0.5753
0.642247
0.620028
0.654766
0.435155
0.514421
0.418277
0.365701
0.297885
0.229244
0.236998
0.252457
0.242694
0.334795
0.107843
0.215252
0.182139
0.190422
0.242517
0.246622
0.335842
0.264212
0.0997648
0.165194
0.322522
0.404502
0.253197
0.422597
0.662664
0.700733
0.911752
0.922988
0.922882
0.845884
1.11082
1.04464
0.74798
0.920862
0.948149
0.994715
1.23515
1.51391
1.49393
1.41281
1.46692
1.43782
1.51572
1.78469
2.01124
2.08482
1.90448
2.15121
2.12052
2.21874
1.8984
1.87662
1.91836
1.81143
1.66002
1.71282
1.47263
1.20469
1.44738
1.51875
1.54601
1.52834
1.86164
1.77928
2.08748
1.95216
1.86206
1.69149
1.49124
1.67483
1.23397
1.52238
1.53362
1.27218
1.46297
1.48824
1.45041
1.49686
1.57625
1.6666
1.52064
1.71947
1.4038
1.49315
1.63968
1.59973
1.50402
1.42669
1.32891
1.15385
1.21501
1.38464
1.41216
1.33503
1.47161
1.29741
1.2237
1.27555
1.34318
1.08013
1.28519
1.34155
1.43333
1.6101
1.61937
1.69323
1.6844
1.64961
1.86054
1.63118
1.67225
1.70821
1.67695
1.62443
1.76715
1.71906
1.87843
1.9361
2.00855
2.21862
2.1605
2.26194
2.33254
2.18325
2.25901
2.32515
2.21692
2.10982
2.24508
2.29932
2.37051
2.3346
2.42856
2.45008
2.51387
2.39856
2.41828
2.31344
2.47277
2.60613
2.56173
2.45477
2.78514
2.9546
3.23893
3.01931
3.33746
3.08361
3.0477
2.90809
2.96479
2.64093
2.85468
2.95611
2.94329
2.93809
2.86189
2.73056
2.88482
2.66729
2.70133
2.75756
2.5675
2.8777
2.85334
2.54903
2.63703
2.68831
2.32952
2.33925
2.49975
2.54598
2.2653
2.25883
2.20014
2.22746
2.27831
2.18944
2.1086
2.05932
1.65705
1.57203
1.58383
1.53274
1.50886
1.73082
1.56411
1.5843
1.53297
1.87778
2.14311
2.07227
1.8791
2.04399
1.94635
1.79756
1.6783
1.59429
1.54749
1.76674
1.76793
1.81591
1.87506
1.84035
1.86573
1.94533
2.16833
1.98216
2.24649
2.14532
1.84595
1.86622
1.62216
1.54891
1.71818
1.90672
1.81102
1.99095
2.13946
1.79214
1.88828
2.1616
2.08413
2.33922
2.34565
2.38927
2.49822
2.95129
2.88952
2.91179
2.86701
2.80564
2.65092
2.52526
2.28688
2.21301
2.05008
2.03305
1.97248
1.82826
1.92867
1.94046
2.09073
1.92109
1.81492
1.711
1.79389
1.80366
1.72967
1.63133
1.88654
1.61509
1.75336
1.72626
1.80443
2.20377
2.17042
2.12883
2.09375
2.22819
2.21765
2.22047
2.27656
2.18682
2.35034
2.18219
2.24784
2.356
2.4669
2.58772
2.49321
2.33846
2.28729
2.22706
1.87428
1.82578
2.17388
2.69039
2.68319
2.62659
2.89089
2.9697
2.88819
3.2271
3.16102
2.75262
2.70477
2.87494
3.02671
2.95764
3.30682
2.93617
2.84968
2.64275
2.62988
2.89235
2.94858
2.72616
2.9343
3.1724
3.06576
2.99501
3.08689
3.43766
3.59954
3.50988
3.43867
3.09927
2.78266
2.7401
2.57127
2.80056
2.97345
3.17997
3.27823
3.7303
3.83695
3.76453
3.77235
3.66502
3.46955
3.5052
3.47523
3.38166
3.53805
3.78928
3.73475
3.78858
4.02061
4.26528
4.17645
3.988
4.04805
3.95377
4.13794
3.71274
3.63276
3.68202
3.6327
3.63521
3.73337
3.63433
3.91599
3.94048
3.75984
3.84313
3.93227
3.99963
4.15293
4.16889
4.15841
3.7397
3.68171
3.80053
3.7404
3.65643
3.28446
3.53594
3.59085
3.7581
3.89341
3.88867
3.94978
3.60691
3.63485
3.30207
3.45436
3.61126
3.56623
3.43752
3.64321
3.40745
3.36838
3.19593
3.13971
3.3654
3.49002
3.63537
3.74595
3.68602
3.81447
3.85706
3.76476
3.86452
3.95123
3.83566
3.79726
4.09359
3.97378
3.93791
3.94
3.8076
3.95899
3.88681
3.77253
3.81444
3.94442
3.783
3.62665
3.73416
3.85373
4.0212
4.22633
4.36809
4.75391
4.67376
4.66946
4.5603
4.82885
4.59507
4.5965
4.80202
4.98339
5.19088
5.13964
5.10453
5.23344
5.1772
5.57251
5.47641
5.35482
5.36639
5.37249
5.43392
5.66194
5.22367
5.32499
5.31159
5.07652
4.87184
4.79805
4.77973
5.07416
4.96909
5.06527
4.91382
4.72436
4.52907
4.67325
4.84131
5.1252
5.24479
5.82297
5.82462
5.66649
5.65797
5.79941
5.81957
5.72038
5.66326
5.90012
5.92782
5.98533
5.93906
5.89751
6.28373
6.47686
6.38205
6.2959
6.30724
6.35387
5.8196
5.71767
5.73112
5.71778
5.83768
5.98279
5.93486
6.43671
5.94532
5.9536
5.90896
5.62752
5.86491
5.91778
6.00707
6.25463
6.47707
6.35383
6.50971
6.30987
6.41885
6.26631
6.19675
6.08989
6.09801
5.76621
5.68091
5.50944
5.65011
5.60709
5.48215
5.61078
5.78223
5.83973
6.03485
5.92463
5.99008
5.99802
6.02168
6.30823
6.20887
6.27283
6.33861
6.21838
6.23761
6.30827
6.10804
6.15934
6.46472
6.72199
6.76152
6.75974
6.71395
6.61475
6.61369
6.48453
6.8689
7.03484
6.85414
6.77915
7.08569
7.15833
7.10035
6.94781
6.96015
7.02124
7.13776
6.87424
6.71406
6.34369
6.2577
6.03027
6.11645
6.45233
6.30742
6.15347
6.17407
6.15591
5.84048
5.75071
5.82521
6.08444
5.95204
6.00151
6.3294
6.27419
6.5068
6.34129
6.59731
6.40945
6.35644
5.96543
6.17123
5.91676
5.77451
5.66074
5.61525
5.73523
5.97405
5.99249
5.79821
5.97598
6.07261
6.25401
6.03864
6.09007
6.01748
6.02149
6.25587
6.16274
5.91198
5.62445
5.52847
5.57053
5.51754
6.03916
5.96091
5.86075
5.86052
5.81766
5.71487
5.68948
5.55328
5.69405
5.4094
5.54826
5.20917
5.43171
5.43479
5.43062
5.55399
5.84011
5.77559
5.67874
5.93753
6.01859
5.70511
5.77325
5.6452
5.29036
5.68052
5.78813
6.11083
6.16131
6.18104
6.32875
6.16021
6.21116
6.25799
6.32947
6.16828
5.99738
6.34873
6.46307
6.37885
6.27879
6.29939
6.27524
6.33121
6.40706
6.28477
6.30395
6.05996
6.02613
5.97775
6.01027
5.99602
5.96636
6.2767
6.23608
6.17869
6.15982
6.28635
6.44527
6.44463
6.26563
6.1223
6.03342
6.0552
6.06649
5.9237
5.80603
6.0632
6.19038
6.1255
6.1659
6.16537
6.39179
6.25101
6.12746
6.46256
6.72585
6.57912
6.61235
6.65701
7.00211
6.75828
6.82694
6.52852
6.67374
6.83954
6.73275
6.84426
6.73211
6.46053
6.46233
6.46101
6.26611
6.2229
6.25858
6.36393
6.15957
6.25038
6.38322
6.35271
6.16678
6.28475
6.44257
6.52171
6.28181
6.18879
6.25493
6.32822
6.32473
6.39162
6.4233
6.79468
6.599
6.52457
6.53848
6.22137
6.21645
6.08091
6.18551
3.73209
3.65362
3.62371
3.65251
3.5843
3.28907
3.32035
3.52459
3.58569
3.80448
3.89038
3.66919
3.66208
3.49272
3.49718
3.51395
3.90667
4.34584
4.2265
4.17561
3.65933
3.90628
4.08097
4.07137
4.3088
4.57535
4.64228
4.94413
5.21965
5.48199
5.11055
4.96087
4.92231
4.64146
4.7508
4.96062
4.97439
5.089
5.12437
5.32556
5.31025
5.59702
5.86694
5.65064
5.56499
5.16076
5.28322
4.92857
4.6602
4.55628
4.43864
3.95343
4.01669
3.95209
4.14835
4.14366
4.28215
4.06368
4.06588
4.10978
3.87067
3.55308
3.8586
3.87245
3.84744
3.91658
3.98478
3.73589
3.55653
3.30947
3.45625
3.6618
3.34195
3.13571
3.12776
3.14927
3.19068
3.25765
3.03131
3.22338
2.97096
2.78129
2.603
2.7654
2.87895
3.07531
2.84669
2.75605
2.30873
2.20265
2.15389
2.11124
2.204
2.38628
2.37637
2.16382
2.30116
2.24738
2.24137
2.44395
2.46463
2.28586
2.27504
2.29856
2.21194
2.10791
2.23381
2.10831
1.98335
1.55541
1.43917
1.68986
2.07362
2.07736
2.27503
2.45887
2.34166
2.46667
2.41149
2.4957
2.16311
2.01609
2.13897
1.93299
1.86011
1.82869
1.87835
1.95139
1.92925
1.783
1.88608
1.75867
1.68141
1.51244
1.39534
1.81549
1.8944
1.63665
1.76969
1.70278
2.15421
2.08901
1.89114
1.97999
1.89581
1.94108
2.21688
1.92327
2.22336
2.23704
2.14606
2.29996
2.59753
2.85019
2.65112
2.62828
2.90684
2.97284
3.02745
3.17105
3.24721
3.7729
4.06642
3.76408
3.85885
3.99347
4.07716
3.8603
3.7474
3.66662
3.88154
3.58549
3.12562
3.12305
3.3281
3.31959
3.19173
3.26781
3.32711
3.10287
3.1163
3.09609
3.00713
3.15167
3.21593
3.04687
3.01076
3.12051
3.0705
2.95003
2.74536
2.86148
2.76058
2.79727
2.65643
2.8747
2.98669
2.98853
2.97477
3.0401
3.06731
3.22223
3.51759
3.4987
3.4223
3.54167
3.34422
3.29763
3.26437
2.80905
3.02208
3.02758
3.34657
3.17473
3.63053
3.75708
3.94974
4.00022
3.83551
3.80914
4.00656
3.9739
3.97292
3.55337
3.68002
3.6305
3.6284
3.70966
3.52438
3.52273
3.5369
3.34549
3.43223
3.5195
3.67498
3.58654
3.42371
3.47367
3.46553
3.53089
3.72169
3.63113
3.69861
3.70435
3.62215
3.51428
3.16266
3.06067
2.54121
2.42303
2.15431
2.33897
2.30837
2.37208
2.45494
2.19146
2.00414
1.93907
1.81652
1.71247
1.62075
1.7734
1.75753
1.75753
1.95921
1.75834
2.01775
1.97557
2.00235
2.24874
2.05466
1.97045
2.24817
2.3076
2.54328
2.3251
2.22459
2.2281
2.20252
2.34943
2.62256
2.72745
2.79423
2.66809
2.54335
2.77042
2.65603
2.65571
2.69355
2.91444
2.98145
2.91669
2.83445
2.55718
2.52031
2.69851
2.76513
2.41712
2.42978
2.18407
2.20844
2.49608
2.64549
2.49991
2.48056
2.39654
2.3788
2.34052
2.33421
2.3235
2.02391
2.06691
2.12499
2.23533
2.03943
1.84021
1.76656
1.88573
1.90971
2.07466
2.26733
1.83492
2.15472
2.0272
1.97918
1.94374
1.98138
1.98408
1.89586
1.97457
1.83458
1.73179
1.72435
1.47241
1.47091
1.61583
1.35882
1.70694
1.53764
1.58809
1.65049
1.6896
1.90052
2.18001
2.29214
2.54913
2.41326
2.28873
2.10658
2.02468
2.07656
2.13916
2.27031
2.27222
2.28251
2.48573
2.52635
2.72401
2.7506
2.84659
2.98009
3.00481
3.02458
3.23924
3.10374
2.9226
2.86137
2.70188
2.55793
2.42266
2.51756
2.2607
2.10911
2.08262
1.69054
1.54887
1.82497
2.1128
2.50213
2.32316
2.60053
2.26417
2.565
2.57482
2.74302
2.67422
2.81366
2.64264
2.91049
2.69838
2.87657
2.86968
3.08058
2.88181
2.98431
2.97324
2.8446
2.56408
2.78545
2.75951
2.74942
2.5633
2.74256
2.78801
2.85228
2.98236
2.74898
2.61206
2.49858
2.61628
2.4293
2.08101
2.21081
2.43587
2.46521
2.21406
2.31631
2.39935
2.03934
1.94481
1.95634
2.16098
2.01458
2.05712
2.22316
2.28693
2.2803
2.15035
2.19011
2.18693
2.24884
2.59216
2.66968
2.74622
2.68833
2.88685
2.90892
2.6686
2.78476
2.7705
2.63636
2.66526
2.62134
2.78069
2.58866
2.45029
2.483
2.72311
2.63618
2.64947
2.69957
3.10771
2.89568
2.42041
2.42881
2.4935
2.33121
2.27071
2.42972
2.40556
2.37966
2.36989
3.02514
2.96845
3.08798
3.12598
3.02218
3.28223
3.19397
3.35072
3.63029
3.13444
2.82339
2.77928
2.71654
2.76751
2.89657
3.01242
2.82475
2.57633
2.72066
2.72224
2.70437
2.61313
2.38426
2.40658
2.43033
2.24817
2.04947
2.06563
2.08206
2.0411
1.9826
2.00858
2.37484
2.35162
2.41034
1.93966
1.92993
2.24622
2.2665
2.25379
2.22566
2.20343
2.36118
2.50228
2.53206
2.17671
2.15651
1.72313
1.62104
1.69732
1.71646
1.75522
1.54181
1.42368
1.56357
1.31848
1.44358
1.13983
1.03725
1.32378
1.50784
1.58216
1.64536
2.05249
2.12506
2.21262
2.45815
2.51585
2.47138
2.35243
2.38854
2.20139
2.40995
2.3587
2.33706
2.3618
2.54857
2.41064
2.5721
2.54839
2.84351
2.75738
2.93984
2.72215
2.91406
2.74732
2.84116
2.87601
2.96785
3.08996
3.08025
2.97479
2.79999
2.63169
2.72555
2.67472
2.62064
2.54155
2.75008
2.6216
2.88369
2.51722
2.52646
2.32215
2.34375
2.18625
2.15084
2.04449
2.12766
2.06422
2.12506
2.16162
2.13682
1.8559
2.57515
2.71698
2.64484
2.62823
2.77478
2.7789
2.9002
2.94257
2.55009
2.6733
2.66202
2.61352
2.48988
2.41947
2.05623
2.0183
1.68666
1.90569
1.82802
2.05026
2.01039
2.16303
2.16931
2.44206
2.46443
2.31128
2.62507
2.17942
2.2351
2.18907
2.27804
2.22486
2.17307
2.0259
1.65172
1.60933
1.57403
1.56135
1.39997
1.29336
1.28199
1.40496
1.44889
1.49248
1.673
1.7886
1.89791
1.7544
1.86891
1.58831
1.68905
1.7414
1.91748
1.86845
1.99252
1.78073
1.89283
1.80374
1.81112
2.23335
2.09593
2.36467
2.24921
2.20258
1.96152
1.84828
1.59423
1.80211
1.71247
1.81285
1.72615
1.81844
2.1152
2.17708
2.29409
2.09869
2.04972
2.38475
2.3077
2.09313
2.21533
2.28422
2.42137
2.46381
2.42956
2.5949
2.90049
2.61801
2.70353
2.75993
2.68353
2.58082
2.38939
2.32185
2.50426
2.5533
2.11108
1.89266
1.96343
2.21285
2.16905
2.14021
1.73405
1.74018
2.00149
2.17249
2.08536
2.01217
2.12674
2.23344
2.33331
2.30168
2.332
2.39221
2.23672
2.26599
2.26973
2.22772
2.54914
2.69426
2.67236
2.32751
2.57074
2.63171
2.28149
2.4926
2.80194
2.92994
3.08533
2.84207
2.73534
2.80241
3.23454
3.20624
2.98385
2.96394
3.09975
3.20256
3.10955
3.14901
3.23993
3.13618
3.1682
3.30745
3.65361
3.4698
3.97704
3.7327
3.48573
3.52867
3.41401
3.42253
3.15533
3.16254
3.07324
2.96521
2.55096
2.44748
2.47336
2.46841
2.80646
2.91136
2.47099
2.60176
2.88445
2.8647
2.53847
2.40598
2.49856
2.32701
2.46146
2.40414
2.79529
2.87606
3.07556
3.04876
2.69838
2.48803
2.39874
2.67154
2.68874
2.8337
2.65919
2.72387
2.79241
2.73699
3.13879
3.0992
2.82761
3.05476
3.14949
3.23993
3.17103
3.18651
3.30899
3.38602
3.34127
3.36625
3.4522
3.68796
3.66974
3.56358
3.38108
3.13357
3.21569
3.20724
3.2424
3.33853
3.15969
2.83814
3.02327
3.20132
3.08638
2.90666
2.85257
2.79466
2.73222
2.49371
3.02564
3.1448
3.14334
3.05353
2.87937
2.94658
2.81921
2.48031
2.1428
2.31361
2.11753
2.3788
2.32233
2.36464
2.34419
2.42754
2.91777
2.77902
2.68238
2.46613
2.65477
2.81191
3.00035
3.02597
3.14896
3.17056
3.35505
3.55347
3.55262
3.51971
3.54354
3.35294
3.41487
3.49649
3.52391
3.42615
3.73304
3.77322
3.95079
4.09294
3.96482
3.81029
4.23212
4.34387
4.43775
4.53149
4.45856
4.4067
4.15815
4.07706
3.87233
3.5396
3.41576
3.23327
3.13188
3.03548
3.10756
3.10232
2.8636
2.83684
3.03413
3.01007
3.01581
2.98705
2.93632
3.13861
3.18086
3.03555
2.75996
2.91774
2.93081
2.8981
2.87175
3.02185
3.03747
3.10991
3.0698
3.31611
3.22014
3.14198
3.22057
3.31602
3.23563
3.45836
3.5708
3.5906
3.55219
3.65962
3.85019
3.8811
3.87527
3.93099
3.97832
3.75519
3.73029
3.54309
3.33459
3.21646
2.84447
3.22755
3.3663
3.23994
2.97194
2.91671
2.79333
3.0086
2.90016
2.68685
2.68715
2.65261
2.7462
2.77551
3.12154
3.1732
3.20298
3.11202
2.75359
2.9785
2.63044
2.65937
2.42869
2.77161
2.89344
2.70569
2.61595
2.72908
2.90408
2.92379
2.65896
2.66308
2.61597
2.47929
2.47257
2.56239
2.6146
2.76248
2.81548
2.64968
2.74314
2.72475
2.73066
2.66806
2.64474
2.84139
2.85024
2.95167
2.96234
2.60159
2.61821
2.69071
2.58856
2.39909
2.33588
2.44644
2.27452
2.15479
2.18621
2.49526
2.56501
2.40928
2.49384
2.37398
2.49479
2.20902
2.29244
2.32805
2.25686
2.2492
2.01294
1.97723
2.07661
2.13294
2.0189
2.39225
2.26168
2.32156
2.48193
2.12467
2.22833
2.27885
2.14641
1.99134
1.72962
1.91217
1.64536
1.61417
1.52466
1.44259
1.51352
1.47323
1.3527
1.25608
1.37091
1.36772
1.21858
1.0226
1.1107
1.20515
1.01685
1.00762
0.827876
0.657395
0.795449
0.566476
0.387876
0.735827
0.991982
0.712826
0.769455
0.809375
1.07806
1.33701
1.39785
1.49986
1.30528
0.993484
1.0127
0.752616
0.9414
0.842395
0.864465
0.634994
0.963328
1.09369
1.09532
0.916837
0.645924
0.554411
0.780053
1.14291
1.01227
0.649812
0.654193
0.74825
0.645765
0.416244
0.344706
0.470473
0.452892
0.159954
0.250227
0.21547
0.246751
0.438249
0.587249
0.563812
0.601457
0.755544
0.910578
0.824201
1.45068
1.27369
1.33513
1.54541
1.15169
1.01028
0.981823
0.848306
1.16478
1.10875
1.17018
1.18585
1.24334
1.27335
1.36438
1.45319
1.39397
1.39341
1.2012
1.16344
1.28377
1.0922
1.31173
1.19387
1.10917
1.29988
1.36814
1.50022
1.31213
1.53761
1.70909
1.69412
1.70208
1.65686
1.67627
1.84584
1.80465
1.58794
1.59106
1.31755
1.31399
1.33957
1.33335
1.47314
1.54849
1.60611
1.78405
1.79759
1.72983
1.63074
1.62049
1.66802
1.65568
2.02445
1.81549
1.7956
1.89159
1.8362
1.72651
1.26325
1.19179
1.27269
1.12031
0.810297
0.855425
0.90898
0.953886
1.11149
1.01467
0.889442
1.02912
1.17815
1.22545
0.971375
0.984103
0.788321
0.581097
0.532971
0.75394
0.679232
0.613441
0.81498
0.493646
0.514377
0.371822
0.547876
0.425314
0.848143
1.33553
1.37686
1.44512
1.37127
1.2791
1.34745
1.51957
1.28237
1.38968
1.39674
1.76506
1.75186
1.59879
1.79373
1.84224
1.87879
1.88851
1.79477
1.75222
1.6643
1.47017
1.45118
1.52643
1.70218
1.65474
1.62501
2.00275
1.90986
1.7838
1.88299
2.08245
1.90865
1.8329
2.0106
2.02499
1.95497
1.78753
1.78754
1.4826
1.3897
1.4123
1.50011
1.57642
1.89917
1.66906
1.71919
1.53913
1.48793
1.34291
1.25544
1.46927
1.03072
0.949702
1.42487
1.3066
1.40062
1.54128
1.50765
1.69212
1.56094
1.44822
1.45817
1.80075
1.81966
1.68888
1.60102
1.48162
1.54401
1.79709
1.72201
1.57175
1.45052
1.68273
1.65649
1.56318
1.44395
1.58063
1.72416
1.96279
1.91751
2.04452
1.99879
2.03211
1.91879
1.8474
1.64751
1.58757
1.48583
1.10533
1.09597
1.54249
1.68946
1.90303
1.93665
2.05762
1.73002
1.88181
2.06852
2.14705
1.90856
1.59187
1.75069
1.97277
1.86829
2.11922
2.22798
1.79728
1.56525
1.99069
1.94526
1.90794
1.85994
1.9498
1.92723
1.82246
1.70532
2.13719
2.27517
2.37015
2.25539
2.10094
2.02247
2.22196
2.3395
2.46699
2.48226
2.06471
2.19207
2.14278
2.18532
2.31321
2.3359
2.22458
2.42017
2.50153
2.81434
2.92754
3.03435
3.23418
3.15795
2.94348
2.98152
3.01554
3.14118
3.06899
3.01883
2.87901
2.74664
2.94817
2.92745
2.85245
2.58036
2.69145
2.63957
2.46117
2.67637
2.62068
2.31147
2.26321
2.17886
2.09948
1.86931
1.99264
1.92357
2.09864
2.11015
2.0196
2.0624
2.29295
2.24178
1.71116
1.88381
1.65159
1.84306
1.80101
1.78577
1.92216
1.84936
2.23138
2.16004
2.18746
1.77583
1.7411
2.02964
2.11141
2.04514
2.31021
2.64719
2.68406
2.85802
2.88586
2.94752
3.14429
3.15458
3.15447
3.15601
3.08819
3.18666
3.28059
3.36496
3.46118
3.59355
3.3377
3.29974
3.44304
3.55507
3.74236
3.86701
3.70956
3.76713
3.59533
3.54376
3.45769
3.36935
3.19202
2.81152
3.1668
3.02372
2.96334
3.02129
2.98487
3.12451
3.26731
3.35311
3.34049
3.26478
3.19803
3.18164
3.09976
3.03059
2.57618
2.4717
2.20403
2.42868
2.49471
3.01904
2.9631
2.91945
3.06176
3.15865
3.28517
3.26099
3.46616
3.62472
3.56455
3.45542
3.40318
3.277
3.21875
3.12214
3.25648
3.04395
3.04559
3.21006
3.13434
3.04838
2.96137
2.67748
2.66372
2.8814
3.00827
3.20523
3.36528
3.18641
3.19828
3.21596
3.1425
3.21192
3.16674
2.8995
3.13847
3.04387
3.08188
3.26569
3.32587
3.41856
3.65662
3.36941
3.29423
3.41628
3.14951
3.06377
2.94488
3.0727
3.11173
2.90616
2.76205
2.80733
2.75221
2.67348
2.75237
2.86618
3.02911
2.95652
3.29105
3.38205
3.39933
3.51132
3.77451
3.99051
3.96269
3.7016
3.68625
3.70748
3.65836
3.4005
3.38485
3.52583
3.5096
3.25753
3.19906
3.33591
3.22176
3.08661
3.17443
3.0708
2.9881
2.65733
2.78491
3.03949
3.17049
3.03315
3.04017
3.06447
3.20487
3.05592
2.80427
3.23807
2.98716
2.98949
3.17113
3.00683
3.13782
3.31929
3.42262
3.23648
3.10116
3.08476
2.96656
3.03367
2.91167
2.68673
2.69197
2.45842
1.84268
2.15494
2.08503
1.97102
1.85696
1.74444
1.74983
1.80759
1.48507
1.30016
1.22017
1.03697
1.14381
1.30501
1.26353
1.20212
1.46304
1.62513
1.92376
2.30465
2.20615
2.14527
2.2881
2.18827
2.21399
2.34173
2.35734
2.56031
2.35305
1.93099
1.69339
1.72858
1.93637
2.18018
2.1078
2.32975
2.2399
2.30772
2.44851
2.69263
2.84807
2.97166
2.72676
2.76802
2.63667
2.63297
2.53154
2.52342
2.40593
2.64199
2.75205
2.84443
2.87212
2.80609
2.70317
2.60043
2.70466
2.65689
2.83658
2.84034
2.80908
2.70392
2.90306
3.05395
3.22109
3.26502
3.0015
3.17152
3.3617
3.32225
3.28339
3.56624
3.36264
3.3071
3.58209
3.15526
3.01966
2.77162
2.87307
3.05171
2.91988
2.81893
2.80496
2.74797
2.80941
2.88514
2.69704
2.60578
2.67157
2.56521
2.6969
2.82567
2.4401
2.50491
2.63301
2.88162
2.89636
3.12893
3.07556
3.17584
3.02462
2.81421
2.56397
2.58036
2.57284
2.80521
2.75889
2.96615
3.10305
3.07648
2.8992
3.08641
2.94517
2.74632
2.64715
2.61997
2.53999
2.64462
2.64046
2.49453
2.42145
2.62054
2.4248
2.52561
2.55633
2.31906
2.04636
1.87127
1.80849
2.08261
2.12648
2.24514
2.11783
2.41418
2.25866
2.25512
2.4309
2.32498
2.45897
2.49533
2.67812
2.59975
2.85801
3.01907
2.86468
3.01772
3.22944
3.33607
3.21318
2.86296
2.89772
3.02304
3.13111
2.98136
3.17304
3.17756
3.07932
3.21552
3.15629
3.06304
3.07203
2.77042
2.68742
2.61278
2.74674
2.85478
2.65782
2.84255
2.70846
2.89305
2.9115
3.20417
3.2666
3.5335
3.49405
3.70592
3.79526
3.94893
3.77054
3.89784
4.02124
4.29666
4.04486
3.59977
3.71911
3.73872
3.71059
3.82228
3.56349
3.44671
3.68434
3.70819
3.4929
3.52048
3.42012
3.55549
3.68965
3.73249
3.72564
3.74417
3.69123
4.02907
4.05253
3.74949
3.69678
3.62015
3.63958
3.43619
3.24469
3.69133
3.61672
3.47743
3.57878
3.78514
3.78
3.76694
3.93598
3.72051
3.71494
3.74779
3.50172
3.51289
3.54568
3.38104
3.59427
3.36672
3.07487
2.99706
2.96585
2.91984
2.68614
2.3625
2.38792
2.06699
2.10911
2.19947
2.06573
1.93951
2.43306
2.47629
2.37556
2.46179
2.41633
2.53523
2.8011
2.63616
2.56968
2.21799
2.14113
2.22639
2.24862
2.29332
2.19602
2.13254
2.12596
2.39232
2.39331
2.47618
2.0848
2.36314
2.29574
2.31895
2.36069
2.44663
2.47635
2.41316
2.63211
2.44437
2.02627
1.87411
1.96926
2.15581
2.23593
2.27541
2.01166
2.04642
1.8014
1.84261
1.59821
1.74312
1.51317
1.38791
1.72216
1.50209
1.42331
1.37097
1.38697
1.22807
1.23004
1.1328
1.18834
1.15989
1.25641
1.09575
1.07267
1.05866
1.0825
1.31086
1.33497
1.4913
1.60619
1.16149
1.34491
1.3139
1.24289
1.09965
1.01172
0.866434
0.894259
0.989333
0.955521
0.905045
0.826059
1.19272
0.934893
1.11989
1.06452
1.06314
1.24903
1.33429
1.46444
1.64821
1.62978
1.85225
1.78676
1.35211
1.46258
1.46876
1.38964
1.40126
1.34758
1.50232
1.46631
1.33602
1.17241
1.09488
0.854093
1.01734
1.17478
1.34002
1.11378
1.28932
1.42785
1.2247
1.34056
1.09056
1.15674
1.30883
1.29523
1.31118
1.34475
1.38755
1.0913
1.07746
1.23574
1.17141
1.09904
1.1684
1.35074
1.37836
1.28596
1.32995
1.26794
1.17499
1.04686
0.893869
0.914953
1.05293
0.775858
1.02905
1.00543
1.20824
1.179
0.982329
1.07024
0.953213
0.842212
0.646509
0.74363
0.493837
0.60731
0.631973
0.827549
0.73348
0.689968
0.58691
0.795113
0.87837
0.669847
0.781529
0.449162
0.3483
0.287909
0.225004
0.271963
0.0731057
0.206601
0.220562
0.213866
0.429255
0.441604
0.904305
0.806931
0.638399
0.721189
0.836527
0.676758
0.523467
0.297776
0.535731
0.519166
0.476729
0.609107
0.886281
0.793948
0.602905
0.591236
0.467117
0.253104
0.304905
0.359223
0.359223
0.706762
0.718935
0.76291
1.01983
0.824885
0.797066
1.14559
1.46429
1.43413
1.35137
1.31313
1.26798
1.21606
1.21741
1.27837
1.41693
1.18971
1.22408
1.24658
1.241
1.12173
1.19934
1.37456
1.47885
1.56448
1.39968
1.44365
1.6574
1.48884
1.60417
1.56341
1.40816
1.5193
1.66367
1.77556
1.49602
1.43407
1.45235
1.49693
1.35238
1.35238
1.41901
1.52269
1.46143
1.49289
1.5204
1.48845
1.60906
1.39526
1.4426
1.46057
1.46328
1.44369
1.6754
1.55394
1.56217
1.75073
1.68681
1.75493
1.59161
1.42029
1.45994
1.48784
1.3883
1.52301
1.74146
1.89491
2.1432
2.19639
2.35438
2.2304
2.32243
2.35829
2.28763
2.23043
2.13789
2.33938
2.3202
2.56054
2.70596
2.48465
2.34293
2.15256
1.88392
1.884
1.82996
1.74641
1.44551
1.3948
1.14403
0.904368
1.31899
1.58091
1.55887
1.46338
1.4784
1.868
1.91311
1.93617
2.05883
1.90673
2.22057
2.39054
2.39449
2.56715
2.7857
2.54428
2.32275
2.20191
2.51449
2.68939
2.77815
2.6001
2.5689
2.25567
2.30573
2.28106
2.1842
2.44285
2.70762
2.75038
2.67799
2.70386
2.75933
2.82844
2.73666
2.76939
2.49209
2.64893
2.99787
2.73216
2.43574
2.29481
2.43096
2.37663
2.05113
1.88157
1.83618
1.89792
1.871
1.77047
1.99634
2.00394
1.63418
1.57774
1.50316
1.51604
1.3095
1.26544
0.811658
0.703113
0.714196
1.11483
1.04878
0.884859
0.944405
1.05202
1.13719
1.16842
1.18563
0.918524
0.994786
1.0456
1.19603
1.11111
0.939714
0.920654
0.823211
1.00896
1.11223
1.19932
1.48502
1.38271
1.56235
1.61309
1.70709
1.66884
1.89591
2.0749
2.20943
2.27231
2.32259
1.86788
2.16016
2.40026
2.42005
2.32519
2.37641
2.23917
2.30631
2.20844
1.54766
1.27991
1.46948
1.32924
1.7354
1.603
1.59264
1.49144
1.62907
1.53406
1.64636
2.01083
1.62788
1.31469
1.51695
1.8173
2.04185
2.30841
2.20655
1.87328
2.01007
2.14675
2.11101
1.90398
1.97986
2.08527
1.67236
1.68408
1.75254
2.0725
2.21187
1.93381
2.28335
2.53046
2.68982
2.5484
2.30681
2.4042
2.43264
2.82445
2.92999
2.88722
3.02893
3.60066
3.4483
3.38831
3.49761
3.6695
3.17514
3.21521
2.89278
2.80704
3.06302
3.17013
3.43279
3.35104
3.59249
3.21496
3.41123
3.57121
3.61713
3.50276
3.55593
3.79104
3.73395
3.6789
3.75015
3.72145
3.9537
3.7649
3.63123
3.56413
3.46922
3.5958
3.82091
3.53684
3.3156
3.01404
3.23306
3.12948
3.27161
3.26207
3.41742
3.78121
3.85066
3.81523
3.60895
3.63762
3.66388
3.47535
3.32167
3.2773
3.10219
3.16957
3.18983
3.26055
3.18654
3.11147
2.90936
3.22503
3.11069
3.29939
3.20627
3.23049
3.29651
3.35443
3.47216
3.34016
3.58545
3.56999
3.37782
3.3371
3.31586
3.01106
2.74019
2.78399
2.99398
2.93284
2.77631
2.60121
2.54818
2.82169
2.80702
2.88397
3.04723
3.14759
2.8925
2.73649
2.69871
2.94022
3.10767
3.04584
3.01075
2.78629
2.58432
2.55592
2.63706
2.60563
2.68931
2.5404
2.53973
2.79084
3.09444
3.03724
3.20248
2.86649
3.08394
3.24339
3.23596
3.56336
3.67437
3.89993
3.93185
3.97954
3.7984
3.67118
3.48077
3.54421
3.55869
3.84094
3.82548
3.67062
3.47592
3.31119
3.48052
3.30862
3.46109
3.14556
2.9581
3.17066
2.91931
3.17283
2.97961
2.9304
2.63491
2.55379
2.32456
2.06582
2.41447
2.37874
2.46313
2.32719
2.32678
2.38006
2.70946
2.70232
2.40515
2.35704
2.21049
2.43655
2.20174
1.87746
1.81208
1.47857
1.47727
1.39315
1.60703
1.07944
1.05315
0.865178
1.00785
0.76813
0.845795
0.72916
0.859226
1.24402
1.14549
1.40019
1.7371
1.5153
1.85829
1.95901
1.72865
1.39421
1.49667
1.34833
1.1114
1.19911
1.20451
1.1614
1.19865
1.52922
1.98892
1.60573
1.58251
1.42021
1.97437
1.86824
2.15325
2.07596
1.98854
2.01836
1.7764
1.70815
1.58033
1.81652
1.92331
2.07073
1.93927
1.9226
1.82392
2.13491
2.0261
1.76168
2.08099
2.1458
2.23157
2.04503
2.07589
1.72926
1.5716
1.50333
1.57578
1.54408
1.46267
1.39736
1.41941
1.29108
1.21987
1.46936
1.49215
1.33131
1.37569
1.3579
1.09955
1.29753
1.01449
1.27258
1.34381
1.34819
1.10608
1.05569
1.14491
1.40797
1.49144
1.38366
1.63564
1.49616
1.40724
1.59426
1.55054
1.75148
1.33636
1.39001
1.31469
1.29844
1.2769
1.21092
1.21072
1.06019
0.819082
1.24001
1.22399
1.09052
0.960975
0.676997
0.891917
0.924582
0.965615
1.00507
1.15485
1.12582
1.20358
1.20823
1.38206
1.25783
1.4745
1.51718
1.5379
1.71056
1.73901
1.80761
1.96144
1.70497
1.73999
2.1314
2.39173
2.35688
2.52946
2.47412
2.2152
2.24019
2.42399
2.25096
2.3106
2.10813
2.25401
2.35607
2.34078
2.22949
2.25402
2.31213
2.29861
2.27181
