0.773396
0.692316
0.617515
0.702128
0.669746
0.837035
0.829546
1.03646
0.914278
0.990842
1.04787
1.17771
1.06511
1.23041
1.18816
1.51351
1.19498
0.901205
0.972665
0.80961
0.812746
0.905625
1.14792
0.882313
0.856933
1.00862
1.35937
1.40513
1.33656
1.39126
1.49503
1.7476
1.77366
1.50802
1.42864
1.39278
1.56186
1.49522
1.27357
1.11644
1.4512
1.70752
1.77886
1.82768
1.66365
2.00601
2.16276
2.4211
2.31769
1.932
1.91557
1.99793
1.83888
2.15437
2.16754
2.21872
2.1415
2.07108
2.2837
2.3
2.11855
2.236
2.34534
2.65372
2.63935
2.62443
2.75238
2.66813
2.67655
2.4532
2.58581
2.64226
2.56329
2.50209
2.80453
3.24507
2.89562
2.57671
2.86318
2.81119
2.88034
2.60159
2.64093
2.24005
2.03742
2.26354
2.37848
2.23943
2.16993
2.31502
2.25332
2.25231
2.21999
2.26393
2.31686
2.27723
2.21796
2.50073
2.58177
2.59166
2.33667
2.2931
2.10131
1.96446
1.98732
2.05453
1.95307
1.82196
1.43497
1.51439
1.76815
2.04643
1.94411
1.96959
2.15027
2.29836
2.31185
2.38776
2.55694
2.7466
2.8024
2.59239
2.61589
2.69755
2.58498
2.47369
2.94733
2.66524
3.18742
3.01475
3.27991
2.85233
3.03345
3.05916
3.12205
2.9509
2.73887
2.61805
2.77353
2.61174
2.605
2.80651
2.70949
3.28006
3.36905
3.34787
3.43157
3.11854
3.06077
3.09797
3.08742
3.11018
3.04214
3.30252
3.24702
3.64376
3.41912
3.66564
3.72353
3.95586
4.08535
4.05193
3.9552
4.33035
4.09802
4.13135
4.21059
4.07836
4.02361
3.96697
3.73994
3.86889
3.79475
3.80255
3.75185
3.72048
3.7243
3.80963
3.76538
3.70681
3.33958
3.26429
3.16913
3.00825
2.93976
3.26761
3.37028
3.37861
3.28261
3.03317
3.11781
2.93429
2.64918
2.34581
2.50638
2.21814
2.08197
2.38785
2.23688
2.28619
2.34924
2.54829
2.3103
2.37524
2.39548
2.18793
2.15515
2.26974
2.24043
2.26857
2.36233
2.19816
2.11805
2.36517
2.51346
2.25434
2.61669
2.40576
2.29314
2.48722
2.49825
2.43229
2.08113
2.07645
2.32463
2.6391
2.64946
2.73727
2.79136
2.79598
2.55351
2.48413
2.64304
2.40423
2.36385
2.33761
2.60417
2.6312
3.11497
3.1956
2.97874
3.01464
2.84274
3.01072
2.56921
2.55245
2.18751
2.58169
2.34487
2.65286
2.37061
2.50167
2.59463
2.91866
2.68713
2.81208
3.14847
3.08346
3.24926
3.46235
3.50586
3.7965
3.73734
3.50911
3.39747
3.06487
2.89412
2.95174
2.84369
2.78492
2.60938
2.81262
2.7549
2.89927
3.28923
3.23917
3.13905
2.99334
3.31547
3.20346
3.67911
3.40839
3.36184
3.31239
3.30148
3.21442
3.17573
3.32218
3.10036
3.07901
3.12676
3.22588
3.16892
3.0896
3.22277
3.1963
3.11069
3.47082
3.54381
3.38154
3.39435
3.32652
3.32264
3.61422
3.6337
3.46605
3.26576
3.14937
3.20399
3.23592
3.14982
3.08557
3.12854
3.34994
3.24806
3.19564
3.28706
3.28738
3.50435
3.50966
3.37808
3.41333
3.34675
3.65798
3.38781
3.79967
3.70151
3.6557
3.80261
4.04017
4.01491
4.12899
4.08758
4.39533
4.01381
3.82882
3.95016
3.75954
3.59468
3.70959
3.5918
3.34993
3.22718
3.25672
3.35595
3.63831
3.57236
3.42717
3.42086
3.68604
3.84702
3.64008
3.7602
3.80993
3.83285
3.80267
4.01984
3.91218
3.6643
3.63517
3.42444
3.80756
3.57255
3.80348
3.79604
3.62907
4.11267
4.07881
4.02565
3.90032
3.88441
3.74096
4.05573
3.95373
3.96835
3.76656
3.59092
3.64687
3.71031
3.69681
3.78182
3.62463
3.60247
3.55404
3.7274
3.54128
3.21578
3.08152
3.10504
3.2674
3.30044
3.51651
3.38768
3.37347
3.48937
3.51136
3.27734
3.35805
3.18779
3.41264
3.2661
3.25228
3.26265
3.43654
3.25949
3.17849
3.10785
3.30374
3.13406
2.98717
2.97254
3.34661
3.46543
3.47692
3.32125
3.17065
3.20796
3.03833
2.97974
3.11987
3.15305
2.66354
2.76128
2.81589
2.86691
3.01987
3.02332
3.05598
3.05359
2.9509
3.22867
2.91882
2.67803
2.60127
2.45293
2.7815
2.88827
2.71068
2.71514
2.67555
2.24527
2.26734
2.2186
1.97279
1.85054
1.98023
1.90594
1.92289
1.90241
1.90198
1.67303
1.99345
1.83409
1.74738
1.76832
1.69039
1.82164
1.7265
1.76731
2.06039
2.13734
2.06284
2.28546
2.31177
2.54857
2.57701
2.62087
2.59025
2.4895
2.38638
2.38327
2.29787
2.31952
2.23127
2.52058
2.47256
2.39548
2.26994
2.3451
2.31171
2.34243
2.42236
2.45457
2.45786
2.47489
2.43989
2.52189
2.73355
3.06628
3.10648
2.79562
2.41203
2.44793
2.37252
2.02435
2.02976
2.08855
1.87458
2.06975
2.16981
1.97296
2.10095
1.99354
1.90875
1.95512
1.87491
1.95651
1.8277
1.98189
2.05437
2.21056
2.1997
2.40288
2.32669
2.32962
2.27729
2.35967
2.64888
2.62317
2.7726
2.49293
2.78401
2.73044
2.61224
2.53856
2.78192
2.55061
2.1038
2.54256
2.77798
2.68248
2.52054
2.46568
2.48091
2.57809
2.66836
2.7448
2.7619
2.82955
3.23886
3.12849
2.99352
3.02548
2.91306
2.9492
2.64273
2.4527
2.63636
2.70041
3.03261
3.29095
3.357
3.17881
3.01776
3.23094
3.06247
3.14028
3.11885
3.08447
3.025
2.99599
3.14131
3.26908
3.24307
3.24243
2.87133
2.92057
3.05743
3.41779
3.17749
3.37287
3.35436
3.80688
3.90196
3.98373
4.09992
4.33442
4.0291
4.10969
4.05581
4.09413
3.98499
4.06964
4.2348
4.01664
4.08172
4.14106
4.12015
4.22759
4.05146
4.03937
3.86403
4.03334
3.85842
3.67021
3.66089
3.54688
3.65883
3.55896
3.46137
3.63205
3.28771
3.20721
3.28207
3.24875
3.14173
3.28798
3.10105
2.9369
2.78891
2.51095
2.29797
2.14564
2.29434
2.1399
2.06694
1.88303
1.83551
1.64869
1.48457
1.65298
1.78332
1.85158
2.41332
2.46011
2.20442
2.19948
2.10144
2.23668
2.15362
2.11646
2.38252
2.31867
2.23863
1.91061
2.04569
1.95631
2.04456
2.08012
2.05584
2.16382
2.12994
2.21663
2.04958
1.76424
1.92851
2.11773
1.95883
1.97747
2.02444
1.85205
1.669
1.99852
1.83242
1.69168
1.73836
1.76372
1.79151
2.11084
2.20543
2.30972
2.34327
2.22534
2.2949
2.22657
2.36335
2.62427
2.63704
2.76073
2.4537
2.2879
2.24776
2.30558
2.37641
2.13946
2.07124
2.01331
2.20425
2.60844
2.42245
2.11975
2.12528
2.12417
1.98245
1.85067
1.89259
1.86717
1.90137
2.02076
2.2037
2.37104
2.25323
2.12414
2.21182
2.13384
2.18156
2.49648
2.35851
2.22962
2.31353
2.25161
2.15818
2.19857
2.13164
2.14033
2.13266
2.17719
1.89686
1.73365
1.89008
1.86541
2.03601
2.05273
2.12789
2.34039
2.56589
2.31029
2.65322
2.62109
2.52914
2.57034
2.71354
2.89526
2.94243
2.82824
2.87697
3.00253
2.59718
2.58188
2.95761
3.28418
3.413
3.33493
3.04479
2.73689
2.93295
2.55636
2.89104
2.87489
3.35467
3.25538
3.35006
3.75859
3.4994
3.447
3.75365
3.90242
3.7621
3.70509
3.55668
3.46087
3.73947
3.90698
3.92457
3.75256
3.97695
4.23204
4.11625
4.17399
4.15187
4.00509
4.08397
4.19112
4.05547
4.23172
4.01861
4.22283
4.31091
4.33267
4.14331
3.81055
3.74181
3.71267
3.49097
3.58509
3.51085
3.5178
3.54438
3.56034
3.33602
3.75252
3.77844
3.66567
4.04479
4.40159
4.55959
4.57809
4.27649
4.41503
4.25766
4.52819
4.48658
4.34746
4.57138
4.4095
4.38487
4.02107
3.94886
3.67539
3.5381
3.65872
3.77589
3.29819
3.30453
3.16913
3.11352
3.05754
2.76129
2.87598
2.98769
2.88465
2.6639
2.49485
2.63276
2.61956
2.49996
2.35199
2.34281
2.56526
2.64846
2.62519
2.44826
2.30824
2.53992
2.53566
2.41832
1.95313
2.02707
2.11095
2.24035
2.23601
2.44609
2.47665
2.59658
2.27137
2.45287
2.04962
2.14724
2.50484
2.47901
2.38494
2.36023
2.30518
2.1904
2.19232
2.1559
2.10012
1.736
1.62721
1.7445
1.705
2.04838
1.79868
1.7303
2.2004
2.04489
1.75009
1.81005
2.12843
2.02768
1.93286
1.91593
1.93598
2.11302
2.27582
2.45588
2.19407
2.02186
2.32642
2.21226
2.29322
2.16826
2.19368
2.21137
2.34035
2.11672
2.15577
2.24147
2.14011
2.41503
2.49599
2.07702
2.23824
2.38906
2.58152
2.42955
2.41585
2.55737
2.07125
2.02029
1.88253
1.69142
1.66742
1.85769
2.01876
1.94329
1.97257
2.06179
1.80064
2.01001
2.051
2.20787
2.25531
2.26134
2.43259
2.13462
2.10862
1.91172
2.05961
2.28221
2.2034
2.01156
2.05589
1.91109
1.98907
1.88738
1.90525
2.09841
2.17449
2.16355
2.08141
2.15739
2.05551
1.97943
1.69705
2.02269
1.9603
2.03904
2.00126
1.98862
2.07843
2.57837
2.585
2.37125
2.45157
2.00292
2.04731
2.08429
2.30383
2.44238
2.62353
2.73503
2.42078
2.33216
2.36665
2.35068
2.46885
2.54103
2.47167
2.37073
2.34451
2.15261
2.25679
2.22858
2.17864
2.29156
2.11608
2.332
2.30051
2.28468
2.06485
2.28459
2.36907
2.27776
2.18772
1.86452
1.89989
2.01121
2.0482
2.16915
2.09615
1.79326
1.79024
1.81808
1.83678
1.76445
2.04988
1.94482
1.92106
1.93523
1.78202
1.72143
1.78839
1.92922
1.79009
2.05297
1.87192
1.86858
1.60573
1.36492
1.63202
2.02289
2.07065
1.60703
1.80635
1.75892
1.62238
1.55558
1.78414
1.90204
1.98189
2.15516
2.13788
2.45424
2.44634
2.22713
2.12562
1.90971
1.76176
1.47067
1.13638
1.49495
1.52472
1.49023
1.33574
1.10045
1.21065
1.18921
1.46821
1.4397
1.60923
1.71078
1.90623
1.88249
2.04527
2.34099
2.07798
2.18088
1.95008
2.18751
2.1859
2.24836
2.23307
2.38004
2.25572
2.49135
2.55114
2.21729
2.03529
2.20827
2.45553
2.39903
2.38522
2.46324
2.51859
2.24689
2.41819
2.42926
2.37689
2.44945
2.4517
2.33827
2.12496
2.32615
2.60533
2.75906
2.77784
2.78963
3.00448
2.91156
2.93519
2.87591
3.07597
3.05448
2.91737
2.72803
2.52137
2.46865
2.63754
2.66602
2.61269
2.52833
2.81961
2.7842
2.75685
2.76918
2.75207
2.65164
2.5283
2.41024
2.41308
2.6707
2.8868
2.96972
3.10361
3.16594
3.32335
3.24961
3.50107
3.34293
3.36069
3.24104
3.17011
3.23137
3.2356
2.91733
2.79483
2.93989
3.00396
2.90351
3.23374
3.21138
3.08127
3.20563
3.16166
3.10781
3.18031
3.32891
3.15757
3.14017
2.91536
2.78383
3.01471
2.99338
3.11286
3.39643
3.15301
3.27303
3.2351
3.18647
3.39172
3.5781
3.67778
3.89306
3.58178
3.33056
3.13417
3.09505
3.12157
3.22859
3.06176
3.30487
3.20376
3.04202
2.87252
2.80823
2.81534
2.69098
2.86627
2.79137
3.10261
3.18758
3.02605
2.93534
2.67673
2.69867
2.8805
2.76133
2.71374
2.70358
2.53129
2.24645
2.56042
2.73308
2.38767
2.50425
2.34327
2.7081
2.52125
2.70965
2.87938
2.84914
2.8347
2.69518
2.60721
2.48048
2.2532
2.41952
2.60053
2.52386
2.47198
2.37021
2.51204
2.58782
2.46058
2.30903
2.40701
2.32219
2.75161
2.78491
2.80125
2.81898
2.83484
2.8295
2.90591
2.71599
2.78377
2.62289
2.6117
2.7569
2.82736
2.67071
2.69078
2.58943
2.49799
2.40592
2.72533
2.67971
2.57331
2.71376
2.58289
2.75656
2.81325
2.46711
2.46726
2.53872
2.72214
2.53045
2.22074
2.40783
2.26986
2.48134
2.21277
2.18805
2.47369
2.66539
2.69015
2.88412
2.64703
2.66525
2.44452
2.33686
2.31323
2.16151
2.11681
2.087
2.17107
1.83337
1.82336
2.18704
2.35457
2.44938
2.45685
2.34332
2.28862
2.55372
2.27371
2.33083
2.28047
2.45257
2.36093
2.26798
2.34402
2.2203
2.16673
2.1298
1.89157
1.74904
1.82169
2.12681
2.36832
2.5143
2.53048
2.49979
2.56544
2.61726
2.54168
2.45815
2.49525
2.33302
2.29351
2.42982
2.37029
2.43224
2.55721
2.69435
2.65907
2.75918
2.88399
2.92383
2.79871
2.66085
2.48494
2.50759
2.39378
2.30875
2.60988
2.7343
2.59444
2.26488
2.62449
2.62235
2.48411
2.62759
3.0615
3.15437
3.21493
2.98696
2.83123
2.74522
3.06169
3.15322
3.39991
3.47504
3.32022
3.29457
3.25405
3.24032
3.17267
3.18038
2.96519
3.12315
3.21206
3.31903
3.11474
3.10675
3.03572
2.95798
2.91418
2.97842
2.895
2.99972
2.64029
2.97816
3.0518
2.78692
2.47251
2.0554
2.1488
1.93528
2.12753
1.92996
2.0351
2.08922
2.0489
2.02678
1.83019
1.82846
1.90889
2.04236
1.96232
1.96403
1.97103
2.07376
2.06426
2.07792
1.70444
1.96762
2.19075
2.58027
2.63591
2.64677
2.69908
2.63537
2.59325
2.57941
2.60052
2.48248
2.37782
2.61032
2.66575
2.98104
2.72549
2.69947
3.03827
3.08764
2.67898
2.61603
2.79691
2.73868
2.5364
2.31156
2.3356
2.19616
2.13085
2.10926
2.27486
2.29517
2.4744
2.52181
2.42262
2.26612
2.23821
2.29671
2.29269
2.52809
2.53912
2.44951
2.43154
2.27346
2.11522
2.16448
2.37613
2.47519
2.81769
2.81914
2.79782
2.78548
2.90194
3.03827
2.92331
3.02064
3.18796
3.08657
3.07814
3.27571
3.4461
3.41777
3.20078
3.40799
3.08232
3.19512
2.98261
2.92709
2.83144
3.05332
2.83589
2.64394
2.45066
2.32129
2.17835
1.97985
1.96134
1.86064
2.02362
1.96397
1.73553
1.89309
2.05708
2.07361
2.11061
1.78826
1.94426
1.78591
1.822
1.75154
1.81518
1.61803
1.6491
1.59441
1.6145
2.0175
2.1128
1.91535
1.91292
1.71893
1.79505
1.90142
1.93462
2.40202
2.52637
2.62537
2.56893
2.45849
2.54761
2.45298
2.23979
2.26495
1.91064
1.82356
1.48461
1.29497
1.07505
0.967775
0.84978
0.93971
1.0117
1.20639
1.46163
1.56397
1.49634
1.44551
1.44583
1.5107
1.69822
1.45314
1.51721
1.52159
1.74529
1.69241
1.23352
0.886585
0.926549
0.944107
0.886924
0.668157
1.04675
0.846016
1.08991
1.39329
1.26531
1.18515
1.375
1.56573
1.52264
1.44201
1.38828
1.26207
1.28521
1.34779
1.38212
1.47597
1.48013
1.17479
1.31597
1.22912
1.19112
1.03189
1.3241
1.51506
1.4548
1.51455
1.42323
1.64953
1.52489
1.48056
1.35174
1.47977
1.40047
1.32231
1.17497
1.31371
1.26879
0.964147
1.18374
1.18231
1.15307
0.673447
0.517043
0.410156
0.557875
0.267473
0.373031
0.561989
0.913171
0.937896
0.734188
0.872902
0.691095
0.758685
0.632889
0.556402
0.703669
0.781825
0.367688
0.561348
0.740802
0.456034
0.218983
0.288403
0.422961
0.508333
0.368154
0.349859
0.264907
0.387178
0.28459
0.571679
1.02044
0.972178
1.00001
1.18225
1.22733
1.12859
1.30592
1.52382
1.4567
1.28492
1.5523
1.45174
1.29871
1.38529
1.33551
1.37736
1.34771
1.25284
1.36287
1.4131
1.50184
1.45023
1.59259
1.39435
1.24567
1.2169
1.25141
1.50821
1.36688
1.29852
1.31519
1.41199
1.54706
1.58522
1.59669
1.6634
1.7541
1.94442
2.18977
2.09146
2.03826
1.7625
1.755
1.94867
1.71998
1.91151
2.22696
2.07335
2.07278
2.14441
2.35444
2.30107
2.51058
2.70824
2.6432
2.66802
2.64815
2.72594
2.75458
2.88794
2.8096
2.98483
2.73995
2.85421
3.27441
3.19518
3.27585
3.35885
3.12579
3.12693
3.19832
3.3559
3.22979
3.31803
3.32276
3.22152
2.86239
2.70397
2.31848
2.39788
2.30772
2.53407
2.44323
2.36471
2.46456
2.54205
2.74019
2.85204
3.00281
2.98245
2.89026
2.91682
2.91113
3.04745
2.64884
2.69619
2.72487
3.03433
3.13785
2.99615
2.89823
2.95542
2.90768
2.66425
2.7433
2.88686
2.91074
2.8811
2.62902
3.00258
2.83216
2.64658
2.88526
2.87023
2.84237
2.95493
2.87427
2.67398
2.4669
2.58738
2.59317
2.61919
2.76586
2.8798
3.02213
3.12812
3.24147
3.08485
3.01928
3.13009
2.88873
2.88692
3.02022
3.03711
3.27616
3.32494
3.47766
3.31195
3.21047
2.87045
2.63491
2.87145
2.79577
2.5634
2.4889
2.43361
2.56289
2.67039
2.73115
2.6719
2.90671
3.16786
2.94586
3.20061
3.12771
2.73426
2.87428
2.98086
3.07101
3.0003
3.0238
3.3625
3.33185
3.10728
2.86124
3.03295
3.17697
3.11022
3.03639
2.99528
2.79408
2.69189
2.42865
2.23821
1.87184
1.56635
1.36791
1.43487
1.52118
1.53503
1.32078
1.28078
1.26695
1.22203
1.10014
1.16109
1.09616
1.44841
1.38411
1.39173
1.42756
1.3063
1.3243
1.2329
1.09526
1.13763
0.968502
0.82462
0.357326
0.383929
0.843557
1.00064
1.4966
1.56133
1.455
1.84584
1.52457
1.70461
1.33269
1.11224
0.847101
0.72421
0.888865
1.08171
0.954153
0.907428
0.779095
1.07217
0.948801
1.07008
0.87932
0.945455
0.936321
0.749524
0.575645
0.597064
0.539967
0.480412
0.931628
0.957702
1.03527
0.918857
0.957943
1.27307
1.20734
0.995123
1.15268
1.42553
1.41826
1.16617
1.06996
1.44024
1.55168
1.57797
1.72763
1.58958
1.66912
1.58831
1.47236
1.40902
1.67002
1.78992
1.85309
1.90873
2.10314
2.35606
2.24126
2.31666
2.44404
2.38685
2.38331
2.51718
2.56369
2.67971
2.55431
2.85524
2.79691
2.58258
2.60562
2.40342
2.32829
2.26335
2.28616
2.44162
2.68268
2.56139
2.41603
2.23284
2.21921
2.09843
2.29396
2.22277
2.17331
2.25554
2.38844
2.50663
2.65841
2.64737
2.56929
2.7374
2.86139
3.02527
3.37693
3.1951
3.5674
3.90879
3.65571
3.61915
3.53848
3.60903
3.42712
3.53678
3.6218
3.71848
3.56833
3.68276
3.76765
3.82238
3.60809
3.75905
3.65537
3.61814
3.19094
3.10658
3.21813
3.19827
3.30151
3.23784
3.26934
3.33283
3.54645
3.70621
3.60166
3.45379
3.42371
3.11003
3.21828
3.14546
3.092
2.99806
3.04115
2.96291
2.70301
2.76359
2.8462
2.95696
3.15673
3.23881
3.24946
2.84346
3.21613
3.32255
3.22792
3.47256
3.75341
3.4338
3.66356
3.75449
3.9157
3.90222
3.50664
3.79296
3.45713
3.36325
3.05348
3.45841
3.20021
3.21189
3.04685
2.92126
2.61827
2.58842
2.6648
2.6264
2.55038
2.37254
2.30593
2.48715
2.86153
2.95995
2.93132
2.98431
3.09575
3.05174
3.34702
3.33925
3.36906
3.29929
3.20018
3.12376
3.12908
3.19158
3.07042
3.12395
3.0971
2.79619
3.09755
3.13395
3.43567
3.28965
3.47539
3.96788
4.15192
4.12915
4.08844
3.80222
3.78442
3.72144
3.61025
3.63572
3.55175
3.54603
3.56173
3.39294
3.2917
3.19891
3.01341
3.17469
3.09015
3.32061
3.49555
3.61773
3.71065
3.54669
3.57762
3.82168
3.98176
3.85517
4.07779
4.33049
4.52654
4.34306
4.29599
4.22484
4.1222
4.14491
4.04533
4.11576
4.28039
4.15287
4.54349
4.6281
4.59117
4.45087
4.43033
4.43973
4.39598
4.57587
4.43715
4.08214
4.28784
4.32096
4.2702
4.31969
4.12044
4.12727
3.97841
3.81926
3.85654
4.01007
3.96539
4.28439
4.43044
4.12989
4.26845
4.27949
4.29272
4.47854
4.55514
4.539
4.19749
4.32042
4.32612
4.26372
4.17426
3.9288
4.08302
3.98709
4.01895
3.84043
4.24849
4.11382
4.04275
4.11712
3.95301
3.88152
3.95236
4.12381
3.92447
3.83568
3.70466
3.88938
3.89382
3.77734
3.78121
3.84498
3.97441
4.18609
4.44822
4.39855
4.51995
4.60548
4.67234
4.65568
4.59497
4.42467
4.5282
4.31082
4.35158
4.14358
3.83416
3.85216
3.87089
3.69805
3.71996
3.80578
3.57079
3.66852
3.78657
3.93102
4.07153
4.13014
4.03268
3.96305
4.08895
4.18542
3.95066
4.10595
4.13042
4.2847
3.96299
4.13189
4.0349
4.17212
4.08476
3.99415
3.82644
4.03301
4.17845
4.02636
3.77766
3.55477
3.39289
3.58736
3.64188
3.53365
3.5805
3.5932
3.33919
3.52666
3.84789
3.72241
3.85902
3.84706
3.94916
3.99469
4.07744
4.23061
3.90377
3.87225
3.87581
4.05147
3.96169
4.12903
4.26928
4.23617
4.34648
3.9201
3.92286
4.16979
4.28881
4.12144
4.32143
4.275
4.01664
3.94448
3.86647
3.69792
3.68283
3.72163
3.8566
3.63143
3.91654
3.9109
3.77287
3.85223
4.08198
4.12804
4.19111
4.30866
4.20936
3.89767
4.01452
4.15622
4.16399
4.07742
3.87236
3.84837
3.79968
3.80135
3.8844
3.95016
3.88286
3.82766
4.09544
4.24997
4.05977
3.84284
3.85937
4.03456
3.98663
3.93723
3.74279
3.77357
3.92366
3.93704
3.67978
3.44584
3.80708
3.66149
3.83168
3.60743
3.58124
3.58853
3.41369
3.25627
3.30423
3.62751
3.5362
3.74161
3.70485
3.5823
3.50108
3.29498
3.10246
3.03421
2.84449
3.26901
2.93314
3.10192
3.17683
2.96448
3.17724
3.2771
3.12123
3.2508
3.6855
3.6696
3.86039
3.89208
3.88239
3.56646
3.61303
3.45228
3.41875
3.37676
3.15558
3.13798
3.45407
3.40481
3.64021
3.49872
3.5002
3.45318
3.6128
3.75895
3.8616
3.50071
3.47912
3.31158
3.10337
3.19981
3.46864
3.55271
3.42216
3.20277
2.97402
3.08563
3.36573
3.34975
3.22084
3.6224
3.49889
3.67951
3.56642
3.80358
3.72514
3.62834
3.52647
3.5121
3.49392
3.44476
3.72648
3.88778
4.01716
3.7615
3.4621
3.19259
3.3367
3.28658
3.24255
3.18398
3.22811
3.27082
3.29514
3.29551
3.28357
3.17424
3.30199
3.11099
2.97533
3.12501
3.04808
2.94997
2.89422
2.99164
3.31138
3.27966
3.33534
3.40535
3.53909
3.60924
3.30389
3.07897
2.92559
3.03966
3.18405
3.22299
3.21976
2.97367
3.05635
2.88615
2.82145
3.02744
3.15291
3.15748
2.96559
3.12089
2.83516
2.91728
2.63684
2.74161
2.94644
2.73428
2.75685
2.9983
3.02076
2.83527
2.78491
2.79446
2.86531
2.53136
2.58869
2.68302
2.6374
2.7278
3.28302
3.44098
3.48746
3.33918
3.44921
3.25795
2.91854
2.70977
2.55794
2.37364
2.36234
2.45238
2.37439
2.61337
2.69128
2.33836
2.47504
2.53048
2.75167
2.71358
2.56002
2.45244
2.34924
2.55606
2.58327
2.67643
2.83119
2.93588
2.89848
3.14502
3.06046
3.06927
3.01329
3.29562
3.12223
3.02934
3.06139
3.01939
2.94557
3.18122
3.13623
3.05735
2.90271
2.96431
3.23303
3.33218
3.23816
3.22036
3.09884
2.80252
2.76539
2.7196
2.51589
2.35804
2.56769
2.31868
2.21022
2.28092
2.42856
2.30787
2.37458
2.33514
2.52629
2.15706
2.26543
2.42782
2.65516
2.51647
2.51071
2.60727
2.3303
2.28114
2.19823
2.17072
1.88105
1.60519
1.61446
1.57684
1.49225
1.54521
1.60898
1.51049
1.48626
1.74281
1.46963
1.60098
1.83371
1.39712
1.53664
1.53485
1.54499
1.6104
1.66146
1.80423
1.64388
1.49129
1.61803
1.61453
1.8481
2.2673
2.07568
2.19827
2.36014
2.48222
2.59017
2.40798
2.58811
2.59683
2.58915
2.40674
2.73119
2.88611
2.7928
2.87648
2.958
2.99842
3.08965
3.09309
2.93124
3.28168
3.53542
3.5704
3.20917
2.92219
2.93605
3.09612
3.09758
3.06132
2.76874
2.79653
2.79104
2.95946
3.15678
2.84341
2.95005
2.56309
2.78732
2.86092
2.9007
3.02239
2.87922
2.56462
2.28968
2.35923
2.4124
2.64027
2.75043
2.49404
2.30325
2.40972
2.43466
2.07074
1.93811
2.05439
2.00107
1.91488
1.89151
1.81309
1.8541
1.97343
2.01146
2.01248
2.12568
1.8087
1.87691
1.91667
1.82128
1.91911
2.14253
1.92204
1.85003
1.83851
1.82671
1.5424
1.3453
1.34562
1.25816
1.32216
1.15272
1.06029
1.09453
0.952389
0.915579
0.685459
0.545455
0.833472
0.706248
1.06091
1.33346
1.58693
1.8287
1.58428
1.75518
1.80255
1.59094
1.58268
1.37092
1.49002
1.52384
1.55569
1.59389
1.704
1.7905
1.63293
1.84366
1.77593
1.57157
1.5179
1.538
1.75269
1.67712
1.52883
1.58235
1.76567
1.78076
1.78113
1.61849
1.5973
1.96969
2.00273
1.8953
1.88835
1.85358
1.61818
1.10694
1.11849
1.17922
1.30197
1.30699
1.46767
1.27396
1.08882
1.36948
1.30063
1.23336
1.16553
1.12171
1.0747
0.909391
1.40276
0.850079
0.539685
0.44722
0.481154
0.491655
0.478712
0.248358
0.488045
0.461593
0.765553
0.892068
1.09896
1.29696
1.46257
1.76152
1.8522
1.76496
1.97037
1.9086
2.11047
2.17305
1.8961
2.00629
1.90713
1.78271
1.93004
1.75398
1.78108
1.26496
1.33291
1.3714
1.20824
1.2047
0.744082
1.05319
0.814467
0.895232
0.847153
0.935523
0.579892
0.612079
0.388664
0.316114
0.55195
0.93827
0.933918
0.973431
0.711248
0.670011
0.804767
0.62969
0.168032
0.392226
0.400236
0.518526
0.584067
0.595693
0.3209
0.0764858
0.248169
0.166701
0.449401
0.736921
0.881691
0.722627
0.89389
0.992437
0.713339
0.62113
0.722722
0.582674
0.993592
0.803507
0.783486
0.509859
0.62717
0.350489
0.284839
0.262295
0.402509
0.772929
1.20584
1.36339
1.23993
0.90362
1.01688
0.606716
0.879776
0.91112
0.919422
0.960827
0.728383
0.764093
0.77387
0.949252
1.41682
1.33111
1.27788
1.25076
1.40986
1.32692
1.06546
1.08023
0.852691
0.607143
0.284648
0.0871863
0.199451
0.295843
0.350964
0.375593
0.28364
0.234797
0.361483
0.41976
0.445932
0.499713
0.483281
0.547495
0.475609
0.544967
0.580346
0.598177
0.889424
0.543319
0.250472
0.397841
0.514696
0.492506
0.56158
0.526736
0.741384
0.737299
0.721967
0.764533
1.04265
1.03649
0.918443
1.10422
1.20189
1.25196
1.31059
1.76827
1.78167
1.97518
1.91025
1.61887
1.70362
1.80341
1.62653
1.41257
0.830088
0.729853
0.961497
0.899897
1.11409
1.17266
0.995532
0.908123
1.14226
1.08288
1.33509
1.22035
1.29773
0.918857
0.778879
0.643123
0.800826
0.782103
0.672578
0.660108
0.630197
0.691151
0.615361
0.606848
0.534853
0.607509
0.606605
0.684049
0.683758
0.528206
0.821793
0.49791
0.62798
0.745892
0.398092
0.466492
0.596807
0.685316
0.499373
0.667481
0.776414
0.601906
0.68438
0.746287
0.8638
0.597566
0.803578
0.577213
0.474261
0.781545
0.727208
0.733916
0.848972
0.881644
0.892976
1.05175
1.10687
1.22208
1.23928
1.26024
1.37407
1.36313
1.3379
1.4002
1.29889
1.21569
1.23253
1.26624
0.988205
0.907974
0.928232
0.927994
0.830906
0.624162
0.669692
0.72672
0.935484
1.12843
0.98188
1.10281
1.15417
1.03035
1.15565
1.16914
1.27428
1.28847
1.34264
1.45148
1.40085
1.50089
1.17273
1.16416
1.10078
1.08078
1.21376
1.16692
1.12452
1.12727
0.979716
1.09828
1.33687
1.23727
1.1026
0.961576
1.23871
1.32497
1.241
1.18309
1.30351
0.975239
1.04564
0.960837
1.08549
0.851792
0.854545
1.14049
1.13643
1.45064
1.37423
1.35489
1.051
1.10964
0.884362
0.976343
0.986314
0.647462
0.403602
0.265187
0.0196673
0.0749656
0.174009
0.341353
0.175975
0.166061
0.241862
0.0443245
0.157117
0.103431
0.270299
0.441669
0.303118
0.0828173
0.339486
0.441281
0.335879
0.421075
0.56627
0.602262
0.637932
0.404161
0.431142
0.675111
0.665155
0.570775
0.525719
0.713229
0.937093
0.811905
1.00769
0.958946
1.19403
1.13642
1.213
1.11643
1.27298
1.28723
1.2846
1.07778
1.40607
1.26578
1.34298
1.16507
1.10171
1.15248
1.0762
0.941004
0.907127
1.06899
1.16222
0.953205
1.02064
0.967963
0.721404
0.708617
0.811128
1.24832
1.2773
1.1676
1.18053
1.38458
1.30916
1.29457
0.964947
1.38398
1.4222
1.24837
1.44989
1.22265
1.24443
1.24548
1.24697
1.37066
1.70144
1.82703
1.75551
2.00894
1.77106
1.81093
1.60486
1.79965
1.69847
1.90464
2.1678
2.04923
2.20883
2.55103
2.37939
2.36874
2.47193
2.05805
2.19226
2.17148
2.08802
2.28244
2.09624
2.27802
2.01401
2.12643
2.3073
2.22589
2.18307
2.20324
2.17225
1.96385
2.16301
2.08111
2.18801
2.16324
1.9556
1.90919
1.68644
1.59816
1.68326
1.58084
1.25234
1.28347
1.214
1.35167
1.28882
1.27857
0.977385
1.2489
1.15632
1.11808
1.25
1.20199
0.79864
0.848395
0.902197
1.00364
0.962651
1.00058
1.14034
0.973977
1.0536
0.842985
0.981216
0.805649
0.63594
0.75272
0.364216
0.397373
0.747031
0.737819
0.718703
0.746071
0.672049
0.549272
0.617513
0.756647
0.625284
0.360728
0.237004
0.320099
0.161142
0.230222
0.38619
0.503754
0.729607
0.558716
0.584398
0.811895
0.668093
0.662254
0.564785
0.664214
0.723937
0.817546
0.637609
0.559099
0.599952
0.601653
0.637244
0.402463
0.321924
0.36607
0.226787
0.389936
0.282844
0.802891
0.432609
0.58476
0.407825
0.356225
0.267152
0.697105
0.906068
0.833857
0.885513
1.0707
0.938915
1.18042
1.05528
1.27244
1.23686
1.43032
1.48203
1.67363
1.67363
1.60228
1.61018
1.38579
1.43662
1.65958
1.89033
1.56145
1.62061
1.85833
1.4079
1.48362
1.44807
1.05337
0.938637
0.865194
0.78398
0.798905
0.841537
0.865541
0.551361
0.972005
1.23044
1.27289
1.45027
1.36022
1.21509
1.14905
1.3386
1.55341
1.52796
1.22153
1.12687
0.724356
0.925992
1.18811
1.13729
0.749344
0.663471
0.679919
0.827188
0.82058
0.93733
0.731071
0.672839
0.801642
0.722152
0.685572
0.621931
0.797197
0.556052
0.660563
0.755554
0.685435
0.855553
0.668171
0.814168
0.733131
0.865213
0.851683
0.896406
0.841576
0.889936
0.819698
0.480988
0.483642
0.361184
0.416379
0.386135
0.414878
0.713802
0.721621
0.732753
0.892777
0.683183
0.801264
0.854739
0.971149
0.848861
0.923979
0.955105
0.84184
0.588878
0.393299
0.411509
0.407341
0.365406
0.25229
0.434204
0.467887
0.397539
0.454758
0.369508
0.298163
0.634429
0.575613
0.534955
0.472411
0.50093
0.514248
0.920744
1.01991
1.43973
1.59367
1.65979
1.40668
1.45764
1.25723
1.21163
0.963939
1.03556
1.21154
0.865627
1.06533
1.16124
1.22809
1.56335
1.42467
1.30568
1.15131
1.15598
1.18082
0.948064
1.03856
0.610792
0.591072
0.714821
0.561805
0.647847
0.842329
0.97068
1.14278
1.02791
1.08342
1.02227
1.20177
1.30038
1.24929
1.16364
1.24047
1.51105
1.5842
1.44087
1.40281
1.28225
1.64412
1.59571
1.56645
1.48965
1.90085
1.76212
1.75363
1.61823
1.58021
1.37956
1.34586
1.28134
1.39839
1.39885
1.58357
1.48795
1.60116
1.32508
1.1303
1.00398
1.01883
1.29717
1.47298
1.41258
1.37891
1.47068
1.45709
1.70536
1.49664
1.39017
1.37588
1.37212
1.34537
1.21142
0.952761
1.63347
1.92179
1.92477
1.7784
1.78076
1.88784
2.00289
1.94401
1.69634
2.02173
2.18526
1.93743
2.04483
2.41966
2.24423
2.15637
2.21111
2.16363
2.00086
2.1382
2.00876
1.97034
1.61584
1.7058
1.91086
2.08142
2.02267
2.15982
1.69282
1.99583
2.14476
1.95306
1.87414
1.86452
1.98645
2.17446
1.88887
1.94986
1.92756
1.97273
1.98623
1.78317
1.60608
1.28509
1.46809
1.36995
1.37393
1.21347
1.15764
0.997606
0.997606
0.936186
1.14979
1.31871
1.42277
1.39784
1.54758
1.54769
1.36632
1.41025
1.37488
0.881519
0.923534
1.10868
1.15509
1.5366
1.27343
1.53668
1.57592
1.54409
1.41201
1.55959
1.71966
1.69474
1.79262
1.79811
1.82372
2.16849
1.70234
1.5724
1.6116
1.81399
1.73965
1.75632
1.51522
1.83749
1.52274
1.63766
1.68181
1.79292
1.93814
1.82452
1.741
1.47375
1.64555
1.68727
1.60441
1.61907
1.5537
1.09723
1.09785
1.05593
0.987868
0.878771
0.666601
0.91977
0.835813
0.471405
0.232875
0.433301
0.444722
0.524804
0.569268
0.693446
0.321448
0.360841
0.204659
0.120149
0.161253
0.292951
0.590414
0.847627
0.711866
0.525556
0.700908
1.10874
1.16719
1.42737
1.2855
1.37002
1.3725
1.33044
1.29929
1.14727
1.34172
1.25884
1.29496
1.24503
1.46289
1.3108
1.47162
1.59221
1.25382
1.36304
1.22272
1.28214
1.2725
1.41797
1.5531
1.33757
1.59548
1.68372
1.82941
1.92882
1.94454
1.58171
1.53872
1.74232
1.79889
1.6449
1.70758
1.79045
1.92867
1.80884
1.86235
1.9286
2.0045
1.99928
2.16096
2.03793
1.9662
1.82853
2.09136
2.13953
2.14082
1.73749
1.84993
1.8873
2.05803
1.77965
1.53293
1.62211
1.66738
1.85361
1.77702
1.7668
1.84486
1.74708
1.8996
1.73822
1.93361
1.80695
1.84544
1.98645
2.05253
2.1252
2.03999
1.98283
1.79184
1.85481
1.71431
1.73733
1.84556
2.07111
2.37637
2.28718
2.43529
2.44331
2.1861
2.21447
2.37944
2.2184
2.45083
2.6479
2.65574
2.84872
2.69107
2.69017
2.51781
2.71703
2.60888
2.60995
2.57698
2.51524
2.55021
2.54008
2.85659
2.8299
2.82211
2.81357
2.66876
2.62221
2.137
1.87041
2.00155
1.98697
2.07283
1.99063
2.03076
2.18692
2.15008
1.92505
1.82286
2.03971
1.77838
1.9173
2.0471
2.01565
1.8375
2.10262
2.30394
2.48723
2.07384
2.12571
2.01486
2.05927
2.07661
1.94451
1.97486
1.83332
1.95572
1.80638
1.73361
1.75118
1.94384
1.86958
1.96235
1.88684
1.91997
1.90001
1.84844
2.2216
2.10048
2.16102
2.16594
2.08781
2.29098
2.47209
2.55862
2.44263
2.33333
2.01344
1.99203
1.70588
1.63144
1.55063
1.62474
1.69625
1.55108
1.5052
1.59603
1.59824
1.65013
1.95752
2.16358
1.746
1.72513
1.70267
1.67287
1.55329
1.00812
1.05889
0.983199
1.07063
0.853033
0.748431
0.638862
1.00284
1.21726
1.32753
1.23335
1.49818
1.34145
1.62101
1.48522
1.90791
2.04428
2.14003
2.19542
2.2311
2.11874
2.18224
2.03743
1.7122
1.40171
1.38705
1.36648
1.21857
0.985379
1.14922
1.1836
1.27597
1.38985
1.20608
1.08799
1.14631
0.956684
1.00671
0.946252
0.947056
0.6912
0.92465
1.07707
1.47804
1.47405
1.34461
1.20152
1.44179
1.2616
1.34473
1.62921
1.51625
1.50182
1.37037
1.92499
2.0209
1.85559
1.50293
1.10399
1.27701
1.89317
1.75579
1.70976
1.58568
1.42718
1.39569
1.33237
1.30756
1.31871
1.52479
1.08285
0.890441
0.877591
0.782346
0.58198
0.694623
0.916741
0.405539
0.246859
0.275813
0.625078
0.784353
1.03158
0.987612
1.09512
1.24053
1.23763
1.34223
1.4732
1.44582
1.57642
1.53247
1.5507
1.3918
1.42417
1.44925
1.15936
1.15835
1.35424
1.37268
1.53663
1.57868
1.62165
1.21092
1.26784
1.23243
1.40527
1.17977
1.32743
1.42822
1.37743
1.11868
1.23116
1.05172
1.20218
1.14247
1.1148
1.22524
1.30318
1.52679
1.86622
1.8243
1.9263
1.79773
1.88869
1.8255
1.99436
1.93303
1.68485
1.28317
1.31173
1.40846
1.41929
1.44705
1.45839
1.56104
1.78674
1.39555
1.24438
1.28883
1.48966
1.40583
1.34984
1.48921
1.30837
1.13284
1.23269
1.12046
0.98298
0.960267
0.725163
0.897505
0.903157
0.862069
0.849138
0.943076
1.00556
1.16494
1.08839
1.00819
0.613296
0.999132
1.04608
1.001
1.20473
1.43391
1.46096
1.39369
1.46388
1.52714
1.47925
1.54898
1.42204
1.58367
1.70586
1.71574
1.72471
1.62012
1.57955
1.41747
1.11896
1.15338
1.19669
1.02829
0.800863
0.753122
0.908655
0.782277
0.755902
0.666626
0.939195
1.24041
1.46333
1.53273
0.954744
1.23579
0.973222
1.10984
1.30533
1.35883
1.5336
1.46794
1.33297
1.45645
1.33458
1.3582
1.38429
1.38135
1.32545
1.37897
1.7547
1.96446
1.82147
1.89918
1.7941
1.51581
1.51065
1.64626
1.6391
1.8494
1.71876
1.63511
1.43616
1.28579
1.26792
1.41207
1.45512
1.43011
1.16988
1.2349
1.36868
1.08593
1.30571
1.3605
1.64407
1.81544
1.42599
1.31306
1.10319
1.15823
1.2159
0.954585
0.84355
0.857835
0.956515
0.994116
1.01971
1.05992
0.98062
0.882642
0.845863
0.591289
0.81576
0.856457
0.958088
1.18087
1.11511
1.4579
1.09683
1.01026
1.0227
0.913927
0.689013
0.648182
0.707134
0.908779
0.722564
0.905328
1.28265
1.35255
0.99367
1.08215
0.861964
0.584838
0.595975
1.02048
1.03324
1.33102
1.14127
1.08051
1.32977
1.1709
1.14362
0.998812
1.237
1.50444
1.48357
1.48487
1.52438
1.42477
1.62569
1.45185
1.27617
1.28461
1.28625
1.12884
1.15358
1.44794
1.47319
1.17129
1.43791
1.42907
1.31937
1.532
1.18314
0.937621
0.609898
0.563016
0.37255
0.699937
0.521249
0.396926
0.530394
0.550104
0.757052
0.763074
0.774986
0.659222
0.707757
0.470281
0.400446
0.240893
0.255987
0.298532
0.233236
0.459232
0.731896
0.917617
0.686499
0.97281
0.747092
0.682853
0.618642
0.797029
0.930486
0.801546
0.662897
0.617475
0.545224
0.499571
0.293798
0.608606
0.394788
0.464637
0.369981
0.241275
0.405197
0.565534
0.412933
0.443602
0.571594
0.568113
0.430272
0.40732
0.206537
0.181576
0.319905
0.104626
0.145571
0.466393
0.427803
0.0748828
0.516432
0.589746
0.591702
0.790775
0.728755
0.831419
0.700904
0.530537
0.475149
0.497193
0.292965
0.422443
0.336495
0.182044
0.238327
0.224912
0.0865168
0.225664
0.493146
0.353419
0.200567
0.245131
0.0876367
0.0925359
0.292758
0.540963
0.644338
0.5888
0.678679
0.791745
0.710409
0.939425
1.16036
1.37477
1.529
1.51327
1.27214
1.19495
1.38429
1.42614
1.52468
1.94592
2.10166
1.97683
1.82171
1.9366
1.92484
1.74918
1.85963
1.86586
1.94972
1.77584
1.99887
2.10849
1.95099
1.83944
1.70466
1.74708
1.75594
1.68097
1.65822
1.60722
1.38715
1.58489
1.60262
1.82941
1.96557
1.88687
1.80589
1.66874
1.61158
1.20224
1.36148
0.850227
0.845024
0.719092
0.516937
0.784293
0.885032
0.803629
0.917464
0.724472
0.644824
0.896054
0.989255
0.969767
0.924352
1.16964
1.42505
1.49594
1.08358
1.19285
1.06427
1.18417
1.30878
1.33954
1.33344
1.32634
1.28621
1.06368
0.979906
1.15254
1.24227
1.23845
1.43507
1.1753
1.32214
1.07826
0.871492
1.01968
0.914456
0.849346
0.872546
0.867161
1.10599
1.52107
1.38096
0.941275
1.02988
1.01348
0.896312
1.10163
0.956203
0.968215
0.929363
0.948276
0.953664
1.04599
0.719629
0.919295
0.972517
1.19846
1.35771
1.24432
1.43841
1.21699
1.06352
1.02168
0.916666
1.00518
1.07484
0.808075
0.985386
0.955337
1.02597
1.0701
0.839086
