1.65277
1.82395
1.70685
1.83236
1.87226
1.98289
1.85505
1.87896
1.84383
1.78259
1.93208
2.13247
2.03469
2.10725
2.18672
2.04037
2.26073
1.99029
2.03905
2.18705
2.21392
2.16688
2.12212
2.26605
2.04105
2.2131
2.29562
2.35876
2.57488
2.62435
2.57707
2.39923
2.08215
2.16605
2.27349
2.22664
2.27468
2.47012
2.40973
2.29089
2.17172
2.33809
2.35388
2.40818
1.99951
1.96686
2.08959
1.97962
1.99991
1.91038
2.17683
2.25229
2.05591
2.03194
2.143
2.30423
2.20149
2.15259
2.06422
1.93337
1.8852
1.86798
2.18573
2.04681
1.75654
1.94632
1.93084
2.0801
1.7184
1.67451
1.74812
1.91949
2.16344
2.39708
2.49749
2.26926
2.06066
1.9951
1.93888
1.84072
1.88679
1.73388
1.55864
1.7087
1.63319
1.65588
1.97615
1.97717
1.94573
1.71311
1.7626
1.69514
1.73666
1.82504
1.56199
1.52198
1.36111
1.59301
1.87653
1.79722
1.90789
2.09447
1.92033
1.97696
2.23563
2.1768
2.27882
2.05396
2.22248
2.10343
1.98347
2.00179
2.21868
2.15335
2.07711
2.35124
1.92131
1.7209
1.48592
1.6883
1.80781
1.63375
1.58458
1.39617
1.20586
0.907276
0.96277
0.890153
0.702903
0.662891
0.632334
0.724213
0.726965
0.587042
0.754362
0.693512
0.695807
0.621442
1.13728
0.875698
0.767823
1.04805
1.00341
1.051
1.14359
0.962466
1.37446
1.55974
1.56227
1.78948
1.89976
1.7139
1.59717
2.01239
1.98899
2.14313
2.21663
1.81621
1.6243
1.52801
1.72482
1.76918
1.79092
1.80179
1.87755
2.10613
1.91881
1.78319
1.69268
0.981969
1.05573
1.082
0.775906
0.668796
0.884649
0.816346
0.748965
0.54
0.445422
0.726478
0.639765
0.598601
0.647296
0.796262
0.852602
0.579242
0.971892
1.04908
1.00795
0.833705
0.989176
0.49029
0.640349
1.06849
1.33716
1.05853
0.979338
0.597393
0.565594
0.419724
0.54217
0.40157
0.419099
0.547083
0.707154
0.506432
0.671474
0.658391
0.710499
0.668443
0.64674
0.635545
0.68573
0.782162
0.753127
0.910746
1.00479
1.16673
0.888867
0.851589
0.807083
0.583826
0.676635
0.679504
1.00519
1.14892
1.15109
1.41808
1.70918
1.59882
1.53759
1.65986
1.71068
1.52071
1.60762
1.54988
1.42243
1.44124
1.48017
1.33795
1.47155
1.54293
1.63458
1.84813
1.78969
2.00013
1.87424
1.92813
1.57168
1.49506
1.27613
1.16423
1.03829
1.24251
1.2441
1.19882
1.10744
1.53634
1.49713
1.45003
1.65528
1.63707
1.61228
1.24568
1.30605
1.28256
1.28308
1.13624
1.1456
1.28203
1.25484
1.18756
1.15379
1.04793
1.21857
1.17738
1.01262
1.26365
1.27573
1.23219
1.15976
1.21717
1.13679
1.2441
1.3588
1.46052
1.48958
1.58454
1.45827
1.53502
1.54355
1.68284
1.82806
2.16764
2.18003
1.99532
1.73224
1.68643
1.67487
1.65354
1.58173
1.5759
1.6328
1.56615
1.49605
1.75253
1.95209
2.19254
2.3625
2.20351
1.69967
1.5474
1.62221
1.75719
1.71902
1.84153
1.77346
1.58657
1.54135
1.42911
1.42139
1.45722
1.67415
1.66697
1.75572
1.86905
2.05808
1.9828
1.93615
1.76772
1.92103
1.95688
1.79097
1.89466
1.81847
1.98112
1.80178
1.94137
1.94139
1.77701
1.99534
1.93248
2.0391
1.90724
1.94893
1.63826
1.7082
1.66718
1.80254
1.84566
1.78042
1.67967
1.7241
1.56408
1.74609
1.77838
1.73077
1.63326
1.70352
1.66126
1.59586
1.58298
1.81978
1.83196
1.85702
1.68588
1.706
1.85999
1.73209
1.86209
1.71015
1.95468
2.08114
2.1741
2.06577
2.19722
2.04631
2.0547
2.00284
2.10058
2.37236
2.02588
1.94128
1.91234
1.96272
1.76482
1.51395
1.56495
1.53001
1.3675
1.42752
1.50324
1.67886
1.67025
1.73923
1.63051
1.5069
1.66732
1.61369
1.45589
1.11587
1.50952
1.21213
0.979601
1.12297
0.751179
0.67795
0.965959
0.896803
1.11952
1.22552
1.32581
1.34009
1.50049
0.974047
0.943217
1.02574
0.816226
0.932107
0.941069
1.2349
1.17894
1.31925
1.4665
1.63701
1.33376
1.33778
1.31587
1.24039
1.25325
1.28731
1.6247
1.50104
1.4458
1.22278
1.62776
1.62707
2.02609
2.25645
2.11711
2.26723
2.16718
1.87314
1.98388
1.78175
2.12261
2.03629
2.49314
2.03969
2.24025
2.26742
1.91831
1.98492
1.91562
2.03186
1.89195
2.26444
2.41588
2.44846
2.47761
2.28501
2.32403
1.85218
1.89829
1.83642
1.31678
1.17788
1.21407
1.333
1.06928
1.20282
1.22157
1.13336
1.19657
0.985941
1.02724
1.09966
1.38009
1.22762
1.13462
1.41102
1.24735
1.40809
1.4209
1.53767
1.81689
1.60493
1.41385
1.32945
1.74024
1.77268
2.21047
1.9456
2.03026
1.57972
1.72192
2.21705
2.0697
2.37242
2.54995
2.4744
2.38475
2.08866
2.27627
2.32358
2.58327
2.38194
2.45733
2.36747
2.22565
2.56503
2.64343
2.34489
2.2719
2.26776
2.31234
2.4946
1.97338
1.46043
1.56807
1.78868
1.91228
2.22091
2.11481
2.12208
2.19449
1.97694
1.98859
2.36159
2.56571
2.5223
2.48841
2.68716
2.41044
2.30471
2.18769
2.26899
2.25547
2.34743
2.3771
2.44604
2.57245
2.53604
2.43618
2.05134
1.88838
2.09205
2.22175
2.37164
2.41734
2.54936
2.62122
2.90584
2.87012
2.93791
2.92945
2.71197
2.41337
2.36493
2.36153
2.12405
2.19438
2.92904
2.92148
2.55434
2.96736
2.76067
2.92219
2.99078
2.99787
3.31139
3.46192
3.55594
3.43991
3.35445
3.49446
3.55827
3.5015
3.45312
3.3073
3.05202
2.89073
2.60262
2.81494
2.7734
2.83151
3.03931
3.10622
3.23385
2.96754
3.06786
2.80007
2.71426
2.99528
2.52512
2.49037
2.3896
2.64029
3.04383
3.00159
3.20279
3.52993
3.3915
3.46792
3.66661
3.51272
3.4514
3.36512
3.38754
3.29855
3.18982
3.08393
3.14388
3.07304
2.86121
3.10278
2.86427
2.80843
2.69601
2.78689
2.65193
2.57393
2.75188
2.65295
2.67411
2.55218
2.50177
2.51131
2.40446
2.44918
2.23354
2.36169
2.32871
2.31769
2.45107
2.64714
2.66116
2.58653
3.18596
3.12921
3.33435
3.48855
3.39568
3.26522
3.52679
3.61331
3.61587
3.86334
4.06924
4.33625
4.40906
4.3464
4.10494
4.43063
4.30162
4.23548
4.69846
4.12675
3.96603
3.89696
4.02694
4.45074
4.45726
4.3518
4.45727
4.42146
4.27403
4.40865
4.57514
3.96631
4.00017
3.79666
3.76811
3.72553
3.73394
3.57842
3.32863
3.0589
2.94073
3.33224
3.34483
3.43448
3.45313
3.84582
3.95184
3.7197
3.62123
3.60592
3.7464
3.58719
3.55676
3.05825
2.94455
3.41929
3.65667
3.56574
3.62152
3.11633
2.90232
2.73259
2.76518
3.02654
2.98988
2.83331
2.75207
3.02263
2.71462
2.70971
2.57192
2.58723
2.507
2.67601
2.51906
2.41677
2.2752
2.12998
2.0385
1.89178
1.98233
2.11939
2.24623
2.46239
2.36464
2.23425
2.25264
2.12236
2.04541
1.81879
1.65563
1.81534
1.83854
1.88994
1.55072
1.53449
1.28832
1.16659
1.31873
1.32267
1.35803
1.40522
1.48635
1.44463
1.47723
1.4712
1.58644
1.65461
1.23856
1.28835
1.31224
1.29605
1.08762
0.979699
1.09133
1.32314
1.32861
1.41653
1.16483
1.56197
1.92412
1.96676
2.21742
2.5282
2.61176
2.52297
2.15537
2.01987
2.13811
2.28327
2.24442
2.52085
2.27118
2.06884
1.78537
1.60248
1.82583
1.75835
1.57584
1.36984
1.58083
1.6722
1.73514
1.2579
1.21794
0.899358
1.10041
1.30619
1.50944
1.37337
1.33168
1.55628
1.58156
1.54416
1.47574
1.52996
1.67301
1.56978
1.46326
1.54103
1.58254
1.48156
1.36622
1.27616
1.23054
1.34929
1.17824
1.19028
1.12265
1.10812
1.47216
1.4936
1.2817
1.18746
1.0227
1.16936
1.07948
0.894474
1.24975
0.923477
0.945437
0.865204
1.01446
0.966947
1.34085
1.13322
0.959009
1.08948
1.14476
1.25033
1.61001
1.52904
1.35826
1.46203
1.4145
1.52966
1.52883
1.36012
1.34294
1.28133
1.52373
1.53279
1.50255
1.67969
1.53991
1.69753
1.99249
2.07171
2.27462
2.3717
2.28717
1.94605
1.78682
1.66973
1.41839
1.45812
1.66586
1.54401
1.59789
1.89016
1.87387
2.06806
1.7919
1.94991
1.89668
2.03664
1.97622
2.24612
2.23973
1.77707
1.61852
1.51057
1.47806
1.64674
1.92518
1.86901
1.67314
1.59885
1.8655
1.94
1.96875
1.99754
1.65653
1.92317
1.98227
1.88141
1.80429
1.65084
1.64814
1.52698
1.62117
1.46788
1.5865
1.49054
1.41396
1.67234
1.7785
2.18464
2.22257
2.35593
2.491
2.24969
1.99354
1.64603
1.85508
1.9156
1.94108
2.45159
2.68516
2.43239
2.2077
2.27622
1.89012
1.9217
1.72389
1.73543
2.07463
2.17225
2.2066
2.1351
1.95533
1.94454
1.56773
1.4957
1.20271
0.887226
0.658526
0.684596
0.790233
0.692562
0.692721
0.666241
0.477591
0.26688
0.291654
0.524196
0.651988
0.437691
0.138854
0.393031
0.465825
0.369834
0.380173
0.365443
0.394102
0.560635
0.586565
0.831074
0.5427
0.66936
0.541543
0.662799
0.641816
0.916507
0.873556
0.985736
0.771856
0.96833
1.33884
1.41799
1.47965
1.68628
1.69788
1.86298
1.63338
1.36232
1.01607
0.831456
1.01502
0.71492
0.763565
0.893433
1.23564
1.10886
0.771335
0.550418
0.488534
0.33833
0.39438
0.432816
0.646218
0.626441
0.881607
0.86357
0.742255
0.519194
0.929138
0.925422
0.924678
0.993704
1.05763
1.04261
1.05527
0.984503
1.25774
1.28413
1.76358
1.58908
1.2597
1.22141
1.16191
1.1936
0.911109
0.686307
0.856027
0.710383
0.756488
0.904727
0.815709
0.946707
0.902802
1.13533
0.974564
1.15242
1.13505
1.06158
1.18764
0.980581
0.889681
0.991194
1.13959
1.43542
1.14046
1.29717
1.19867
1.18468
0.996662
1.10235
1.32023
1.41696
1.29653
1.08752
0.884776
0.802976
0.646796
0.883224
1.01696
0.993177
1.1794
1.19754
1.2737
1.10144
0.969137
1.00456
1.07401
1.02937
0.93673
1.0416
1.11149
1.24284
1.22198
1.16386
1.32336
1.04788
1.16025
1.15912
1.19394
1.08907
0.901505
1.12132
1.03893
1.05485
0.984688
0.878995
0.745113
0.923409
1.20219
1.10309
1.02665
0.863713
0.981921
0.871752
0.816026
1.05745
1.04508
1.2929
1.12773
0.988243
1.01423
1.04902
0.930564
1.06946
0.922756
0.637383
1.02656
1.13947
1.07862
1.17544
1.21296
1.24165
1.07827
1.03361
1.01071
1.52801
1.62676
1.4718
1.36226
1.30693
1.05718
1.12783
0.793967
0.810792
0.758032
0.602504
0.613488
0.45201
0.351425
0.771104
1.11813
1.20018
1.27924
1.42275
1.43178
1.35927
1.25282
1.17309
1.45196
1.76418
1.67205
1.63272
1.91607
2.04809
2.32653
2.27673
2.26504
2.25833
2.20186
2.47811
2.5077
2.42471
2.61638
2.438
2.42579
2.53384
2.53602
2.70115
2.87082
2.69303
2.71454
2.72976
2.68504
1.85355
2.08268
1.76075
2.42245
2.51072
2.45876
2.36384
2.25
2.35744
2.26788
2.32546
2.08491
1.80552
1.96631
2.27543
2.48068
2.65622
2.57813
2.26217
1.80329
1.8254
1.71979
1.56983
1.50933
1.66594
1.27936
1.22767
1.33854
1.38833
1.24663
1.4947
1.66757
1.74898
1.75903
1.59046
1.57693
1.7324
2.17656
2.23444
2.28841
2.2188
2.272
2.23233
2.2614
2.10758
1.94891
2.18394
2.36669
2.43516
2.39714
2.28518
2.44738
2.51799
2.98048
2.71555
2.68188
2.64713
2.58945
2.79032
3.11485
3.03121
3.07845
2.97484
2.81454
2.69107
2.62323
2.51303
2.64619
2.68197
2.70927
2.70241
2.67454
2.39372
2.45552
2.3127
2.29685
1.97488
1.97685
1.9737
1.92327
1.93997
1.75791
1.69234
1.69491
1.9895
1.83908
2.16118
2.12675
2.06197
2.05778
1.89278
2.03237
1.91278
2.3424
2.32247
2.56237
2.31272
2.63234
2.52791
2.58955
3.00637
3.23785
3.16251
3.11478
2.96164
2.704
2.43268
2.89041
2.89335
3.03076
3.03686
3.25605
3.32562
3.47451
3.4099
3.55348
3.6428
3.91472
3.87649
3.73664
3.5141
3.40799
3.47257
3.51375
3.3292
3.79415
3.54797
3.53553
3.12148
2.69787
2.36281
2.57878
2.74676
2.89789
2.96779
2.73017
2.57186
2.93879
3.03046
2.83121
2.61283
2.67524
2.95127
3.20002
3.81313
3.90166
3.82785
3.8034
3.99428
3.97981
3.97029
3.74846
3.59455
3.64952
3.51952
3.49755
3.61588
3.81581
3.64688
3.62543
3.74925
4.06729
4.20727
4.36754
4.43227
4.49609
4.75987
4.90356
5.23502
4.98498
4.87417
4.50134
4.68284
4.81195
4.95688
5.02156
5.37099
5.06442
5.34195
5.39646
5.71351
5.53176
5.65558
5.58534
5.63856
5.88318
5.95672
5.88992
5.77027
5.51848
5.49778
5.56814
5.59724
5.48777
5.09324
5.17648
5.19194
5.17769
5.24198
4.68199
4.61162
4.66052
4.15923
4.31515
4.25834
3.9435
3.95484
3.44471
3.50229
3.57085
3.88831
3.71321
3.88978
3.78561
3.66442
3.4652
3.62446
3.81834
3.53063
3.74648
3.57705
3.62436
3.78604
3.99267
3.92042
3.91874
4.31117
4.12861
4.27726
4.21801
4.31261
4.42309
4.20093
4.0135
3.85963
4.23784
4.5775
4.33692
4.22843
4.07789
3.99135
3.69631
3.44078
3.24671
3.47518
3.39126
3.84899
3.95024
3.9439
3.6667
3.58179
3.75839
3.78843
4.08512
4.03725
3.92369
4.16446
4.00086
4.00973
3.85729
4.18203
4.14765
4.04093
4.11056
4.07186
4.40082
4.37144
4.46797
4.56528
4.63671
4.58788
5.08406
5.33852
5.8325
5.80205
5.67949
5.58517
5.49202
5.93409
6.12483
5.99386
6.12044
6.02267
6.31662
6.13935
6.47326
6.48107
6.32288
6.41044
6.79208
7.16576
7.19627
7.32389
7.3385
7.36535
7.1576
7.16726
7.23877
7.33398
7.15409
7.03438
6.84488
6.84088
6.95104
7.00141
7.42099
7.55517
7.22312
7.23656
7.46927
7.52509
7.37884
7.83899
8.1597
8.26603
7.88632
8.0262
8.09569
7.95602
8.08369
8.06501
8.15226
8.29868
8.25578
8.13472
8.15142
8.18736
8.0806
7.6922
7.83272
7.84191
7.70895
7.47802
7.42096
7.5429
7.5441
7.60595
7.60567
7.57631
7.39028
7.24709
6.81879
6.79239
7.03439
7.15965
7.18122
7.14043
7.27767
7.24654
7.47814
7.49315
7.34328
7.20343
7.17554
7.13343
6.89354
6.9536
7.10807
7.1579
7.16097
7.14355
7.45528
7.60328
7.60883
7.90299
7.89506
7.65502
7.44611
7.65476
7.74015
7.76868
7.7842
7.8187
7.81795
7.65281
7.53627
7.62489
7.59547
7.75671
7.65171
7.13792
7.45992
7.63335
7.42586
7.42024
7.62188
7.35185
7.40577
7.41893
7.20275
7.23952
7.14148
7.28037
7.23059
6.88391
6.77087
6.70343
6.56147
6.76636
6.81693
6.90723
7.03371
6.87697
6.60199
6.70591
6.8963
6.59283
6.3775
6.37757
6.70141
6.70141
6.91421
6.77699
6.82358
6.8437
6.80155
6.85327
6.84735
6.73245
6.86865
6.82558
6.96684
6.96268
6.8264
6.5623
6.30285
6.06526
6.05082
6.24891
6.12469
6.05184
6.00871
5.71535
5.72593
5.63107
5.51806
5.54693
5.64133
5.51026
5.8469
5.65199
5.92513
6.18925
5.98207
5.68561
5.56586
5.34676
5.66643
5.48252
5.44135
5.66801
5.60209
5.30455
4.9945
5.63034
6.03998
6.20899
6.21591
6.30889
6.616
6.28485
6.27837
6.45207
6.60075
6.58511
6.42993
6.13661
5.73215
5.59686
5.7693
5.56052
5.58029
5.48462
5.77863
5.63616
5.60073
5.35134
5.25162
5.30443
5.15804
4.93747
4.75894
4.90116
4.44368
4.6677
4.64976
4.90184
4.95788
5.0384
4.35326
4.52424
4.81542
4.80543
4.95851
4.89213
4.70412
4.64841
4.5831
4.75385
4.61455
5.19697
5.15059
5.22297
4.78544
4.43389
4.4398
4.57175
4.55438
4.34856
4.25316
4.25315
4.59188
4.50837
4.40685
4.25869
4.13707
3.80578
3.8605
4.61036
4.88648
4.79316
5.06786
5.02647
5.03635
4.81937
5.32478
5.34484
5.43132
5.33528
5.66352
5.45276
5.32916
5.55441
5.29587
5.24976
5.17041
4.99587
4.82607
4.82216
4.56126
4.72708
4.70243
4.79557
4.67606
4.34047
4.58564
4.46402
4.34847
4.53589
4.70978
5.28575
5.21269
5.09417
4.6146
4.72872
4.59254
4.62414
4.78785
4.82956
4.80791
4.77777
4.77684
4.64722
4.75916
4.83634
4.77108
4.55965
4.76078
4.80402
4.71394
4.95633
5.1328
4.93884
4.97752
4.97776
5.04948
4.97815
4.83179
4.87399
4.73993
5.00036
5.06645
5.12325
4.95517
4.66854
4.57864
4.43757
4.4448
4.63836
4.51413
4.68486
4.53632
4.75752
4.78189
4.84547
4.69424
4.95285
4.59893
4.69688
4.88949
4.6078
4.5441
4.65173
4.63337
4.64579
4.92535
4.85861
4.81115
4.91278
4.86954
4.81339
4.63215
4.81719
4.70287
4.73559
4.43626
4.71746
4.61385
4.40117
4.57236
5.02846
4.93046
4.63951
4.55492
4.80762
4.58445
4.54017
4.4676
4.86475
5.21948
5.22801
5.20643
4.87527
4.38642
4.32729
4.28372
4.35518
4.34595
4.29504
4.5254
4.26432
4.36533
4.34308
4.32522
3.89036
3.71602
3.84229
4.041
4.11993
4.10935
3.67804
4.0152
4.21931
4.23645
4.38297
4.36076
4.22518
4.07346
4.06586
3.81888
3.85226
3.80116
3.54286
3.61375
3.65887
3.59888
3.29173
3.11138
3.184
3.34574
3.33808
3.68657
3.33492
3.19621
3.06078
3.30334
3.24099
3.54588
3.45232
3.37499
3.06026
3.17989
3.18896
3.22925
3.2357
3.54022
3.48098
3.61283
3.50091
3.43325
3.32659
3.25561
3.17066
3.09623
3.49039
3.71333
3.5197
3.6179
3.219
3.87488
3.8442
3.98734
4.36108
4.3077
4.25678
4.53294
4.46171
4.53987
4.12835
4.31337
4.44918
4.6572
4.39845
4.44651
4.38415
4.40117
4.35946
4.22871
4.24376
4.00916
3.90271
3.70591
3.52832
3.45288
3.48764
3.51164
3.14968
3.34699
3.42516
3.67764
3.7691
3.59086
3.79357
3.55815
3.89487
3.71105
2.93504
2.9904
2.92424
2.94772
2.99374
3.33021
3.4891
3.42631
3.24064
3.41784
3.07061
3.31975
3.40062
3.70644
4.05622
4.01734
3.95965
3.59917
3.50907
3.65403
3.4734
3.55039
3.24288
3.49252
3.12889
3.35597
3.70423
3.65936
3.73732
3.57629
3.37021
3.16127
3.06046
3.21595
2.81637
2.52537
2.17862
1.96445
1.47491
1.84998
1.81871
1.9901
1.55407
1.44477
1.38042
1.46413
1.56703
1.26685
1.30407
1.21356
1.08879
1.27277
1.25547
1.21872
0.753015
0.956885
0.867089
0.856074
1.09213
0.912343
0.811343
1.02589
0.904888
0.983901
0.997175
1.00003
0.793514
0.742027
1.12487
0.880275
0.705295
0.701231
0.554503
0.627986
0.701418
0.952263
0.97127
0.852232
0.747725
0.814125
0.812259
0.768068
0.923021
0.729091
0.988369
1.0548
0.89863
0.937783
0.962112
0.822642
0.546282
0.368346
0.384219
0.592445
0.524902
0.392836
0.670118
0.748381
0.694516
0.781025
0.868332
0.831109
0.921508
0.840033
0.956647
1.09151
1.15619
0.915864
0.816675
0.874645
0.896276
0.976845
1.02163
0.820728
0.710871
0.614283
0.63845
0.744037
0.618051
0.540431
0.54477
0.722224
0.578113
0.5715
0.633929
0.521314
0.614824
0.525799
0.68087
0.769537
0.619375
0.616117
0.736511
0.899147
1.14541
0.984657
0.98714
1.09065
0.959924
0.910465
0.891764
0.928566
1.03325
0.926057
1.26732
1.24709
1.15293
1.02791
0.949011
0.881013
1.20797
1.38708
1.34539
1.6048
1.49602
1.59917
1.68683
1.75372
1.75759
1.90666
1.71678
1.86647
1.95927
1.87557
1.85559
1.67255
1.70516
1.79483
1.88796
1.98645
2.24931
2.2027
1.89244
1.83818
1.90309
1.37457
1.35336
1.1494
1.51262
1.50074
1.59941
1.78557
1.76784
1.94578
2.05514
2.17329
1.89383
1.82596
1.95928
1.90677
2.25956
2.38357
2.29158
2.26563
2.29507
2.55989
2.51395
2.54914
2.53748
2.83795
2.87711
2.77161
2.81787
2.69049
2.78418
2.79893
2.82577
2.97043
3.08371
3.05238
3.10749
2.78413
2.97292
2.91764
2.90998
3.04918
3.17488
3.42945
2.81159
2.442
2.36701
2.39967
2.26152
2.11649
2.32768
2.08372
2.29685
2.34672
2.4427
2.50099
2.39355
2.72047
2.74678
2.49816
2.65737
2.60508
2.7671
2.7801
3.00556
3.14018
3.18867
3.15567
3.04789
2.70773
2.57363
2.5896
2.49993
2.65559
2.6244
2.54705
2.28521
2.25491
2.30462
2.65059
2.87104
2.94794
2.79285
2.68029
2.80001
2.81875
2.72945
2.83058
2.75943
2.89945
2.84336
2.97621
3.15794
3.35691
3.4017
3.21931
3.20771
3.19661
3.17602
3.14125
3.08602
3.16664
3.20833
3.08733
3.24558
3.14713
3.34981
3.29297
2.93181
2.9158
2.81372
2.83121
3.06955
3.13895
3.33712
3.17479
3.30993
3.04098
3.20156
2.89771
2.76716
2.63367
2.60274
2.62986
2.74847
2.88467
2.57061
2.92802
3.20024
3.18352
3.0617
3.0346
2.91988
3.10356
3.26464
3.17017
3.30088
3.34885
3.28086
3.12841
2.87724
2.83295
3.01513
3.03592
3.20564
3.21192
3.12428
2.84286
2.95034
2.93232
2.96985
3.05957
3.07912
2.96234
2.96143
2.88475
2.90793
3.0005
2.913
3.06026
2.85377
2.7182
2.53532
2.57789
2.56047
2.4703
2.74109
3.05552
3.09215
3.07057
2.93005
3.077
2.79519
2.95941
2.98492
2.87758
2.72489
2.68992
2.93729
3.04061
2.83393
2.74197
2.68101
2.58098
2.37783
2.43229
2.51996
2.75329
2.69402
2.51172
2.34002
2.10136
2.18229
2.21382
2.27082
2.24978
2.29837
2.17682
2.17801
2.19318
2.29557
2.17072
2.09502
1.89254
1.87837
1.96862
1.94686
2.08468
2.26052
2.36197
2.04896
1.9251
1.95018
2.05988
1.97906
1.90048
1.82702
1.99592
1.88729
1.65589
1.76734
1.76011
2.0323
2.00828
2.10764
2.32277
2.20932
2.17853
2.35975
2.14438
2.22709
2.01868
2.01604
2.24871
2.23947
2.17186
1.95748
1.90186
1.88661
1.95061
2.36482
2.0795
1.67862
1.7027
1.74642
1.91552
1.84037
1.81522
1.89505
2.05035
2.04466
2.00338
2.04074
1.88859
1.88556
1.82111
2.01678
1.92458
2.08283
1.86117
2.04148
1.84603
2.14626
2.06344
2.05857
1.79579
1.33978
1.32037
1.51917
1.77758
1.8027
1.64235
1.66247
1.49238
1.40142
1.14696
1.40949
1.32702
1.46892
1.57518
1.72031
1.84421
2.0318
2.02838
1.87968
1.79614
2.10659
1.9569
2.14634
1.75123
1.64173
1.50466
1.58735
1.4062
1.66183
1.76866
1.63545
1.58114
2.09421
1.81728
1.69358
1.62505
1.59703
1.53735
1.42327
1.66082
1.62304
1.55005
1.54233
1.54097
1.69742
1.71995
1.7998
1.82639
1.92481
1.96817
1.70747
1.93242
1.87832
1.80581
1.68251
1.64145
1.62876
1.56488
1.1003
0.90434
1.16774
1.4079
1.71144
1.62579
1.3751
1.29256
1.21715
1.40339
1.49077
1.4213
1.44737
0.928535
1.08917
1.16213
0.936759
0.757015
0.828803
0.788567
0.976029
0.782365
0.570089
0.6303
1.00634
0.962885
1.25894
1.17349
1.16764
1.02093
1.28646
1.11487
1.1291
0.939814
1.22619
1.13141
1.40366
1.53458
1.85907
1.87788
2.00107
1.81345
1.69683
1.53245
1.67995
1.73652
1.75999
1.64488
1.67755
1.73325
1.83616
1.54556
1.55168
1.58264
1.63714
1.30867
1.48587
1.54584
1.54446
1.54785
1.10044
1.1927
1.62253
1.52106
1.47425
1.63504
1.55214
1.6592
1.90437
2.07318
1.74208
1.74236
1.88562
1.88409
1.96435
2.02901
2.01059
1.91266
1.72921
1.72462
1.77023
1.71922
1.79731
1.71114
1.72053
1.59457
1.5254
1.31749
1.6058
1.69463
1.50797
1.08963
1.19464
1.50791
1.85265
1.53554
1.71356
1.59652
1.73788
1.57669
1.34256
1.47428
1.37105
1.64494
1.69212
1.53688
1.45026
1.31312
1.4863
1.55244
1.78479
1.88884
2.09014
1.86534
1.73567
1.78
1.61327
1.32277
1.64012
1.81077
1.77198
1.89129
1.87681
2.0606
2.15329
2.387
2.19276
2.1566
2.25395
2.32334
2.35818
2.45212
2.66616
2.80566
2.97051
2.99438
2.96471
2.71605
2.88603
2.79427
2.74563
2.54466
2.4747
2.45997
2.80538
2.72198
2.83857
2.58635
2.62367
2.69685
2.62576
2.43906
2.43017
2.16244
2.09126
2.14601
2.18822
2.48549
2.50701
2.57632
2.40281
2.47099
2.49891
2.84778
2.81256
2.95854
2.98139
2.99052
2.8059
3.23678
3.33729
3.40961
3.36496
3.58723
3.73349
3.72931
3.69229
3.58611
3.82442
3.74549
3.67011
3.24844
3.13605
2.81347
2.79413
2.94179
2.96156
3.1819
3.24302
3.17638
3.15536
2.97031
2.83409
2.93741
2.79439
2.98
2.73522
2.61418
2.84656
2.88717
2.56663
2.57697
2.39749
2.46629
2.32862
2.2798
2.15755
2.09529
2.23533
2.40035
2.19246
2.03019
2.11897
2.48405
2.53088
2.57767
2.49399
2.60101
2.43703
2.45802
2.29403
2.47887
2.6164
2.75276
2.74245
2.64747
2.75089
2.93823
3.1393
3.48229
3.34713
3.23203
3.33149
3.08345
3.04885
2.95207
3.05317
3.03352
3.31591
3.43927
3.5567
3.70626
3.82527
3.81251
4.13824
3.86692
3.71892
3.31979
2.93436
2.66552
2.86909
2.62212
2.48812
2.54231
2.56176
2.55424
2.5301
2.4563
2.10432
2.05102
2.20899
2.36856
1.79499
1.78456
1.92692
1.73188
1.57996
1.73658
1.83929
2.01433
1.83049
1.61864
1.70058
1.6759
1.58195
1.39044
1.11121
1.23225
1.18131
1.3899
0.760639
0.792902
0.860922
0.823788
0.76412
0.906087
0.830551
0.946593
0.760709
0.742949
0.863947
0.815221
0.63365
1.12791
1.0225
1.03115
0.963733
0.949702
0.931103
1.04705
0.866846
0.969654
0.972763
0.795056
1.22368
0.956798
0.970796
1.16252
1.56673
1.65327
1.44864
1.51576
1.38395
1.05089
0.977874
1.28199
1.33841
1.39268
1.3636
1.27931
1.21635
1.43254
1.03664
1.08117
0.901152
0.755588
0.802414
0.920252
0.842629
1.1821
1.54592
1.38573
1.44882
1.18506
1.25633
1.73892
1.98525
2.11683
2.23223
2.45234
1.99798
1.6248
1.66806
1.91793
1.97715
1.83247
1.90892
1.91027
2.21252
2.18217
2.22277
2.22571
1.84883
1.75248
1.73606
1.32752
1.02814
0.863153
0.888329
0.960992
0.91867
0.834066
1.01718
1.2579
1.2512
1.37849
1.18474
1.04151
1.17092
1.14081
1.17943
1.0271
1.05276
1.36245
1.33559
1.31592
1.49455
1.52731
1.54106
1.43327
1.33683
1.61311
2.0322
2.02658
2.08521
2.33884
2.33381
2.28218
2.05643
2.0763
2.18299
2.30976
2.24898
2.21932
2.10694
1.88335
1.73169
2.12326
2.05689
2.43194
2.10102
2.20077
1.9422
1.91841
2.00704
1.66185
1.82761
1.39035
1.31842
1.36177
1.11785
1.20148
1.07307
1.0233
0.923725
0.798824
0.617904
0.684536
0.826816
0.615927
0.540525
0.478448
0.60064
0.63689
0.633183
0.702171
0.79137
0.782233
0.756816
0.802739
0.79093
0.793204
0.534962
0.584248
0.376587
0.498494
0.324898
0.332803
0.226933
0.624569
0.529407
0.614582
0.765348
0.701764
0.547248
0.517247
0.516062
0.253944
0.232081
0.272165
0.279538
0.181093
0.228329
0.192689
0.0947304
0.314856
0.420307
0.296096
0.251032
0.295979
0.305665
0.5417
0.479873
0.432581
0.417625
0.428323
0.596837
0.454124
0.685895
0.318222
0.226832
0.500681
0.536182
0.366398
0.707348
0.550232
0.4078
0.27084
0.092931
0.185897
0.40969
0.267988
0.181818
0.345483
0.166881
0.296279
0.149301
0.382343
0.327685
0.571896
0.380554
0.348043
0.334551
0.187652
0.156477
0.131351
0.19562
0.355842
0.16543
0.471677
0.414689
0.576767
0.628618
0.423509
0.277497
0.849685
1.07959
1.10744
1.10266
1.04856
0.571307
0.676709
0.510155
0.800457
0.636325
0.697344
0.670559
0.66498
0.626858
0.494213
0.512216
1.0231
1.119
1.02207
1.15635
1.15864
0.969782
1.08892
1.05593
0.992297
0.854739
0.653183
0.936989
0.841431
0.702714
0.683693
0.680022
0.711854
0.576214
0.625225
0.846871
1.05039
1.09199
0.842887
0.841751
0.964517
0.988294
0.933563
1.0511
1.02401
1.1658
1.34451
1.49922
1.22602
1.13547
1.4722
1.19744
1.08413
1.04832
1.04832
1.0265
1.01727
1.18749
0.877259
1.08291
1.02593
1.08532
0.906116
1.08906
1.28024
1.20312
1.33757
1.13432
1.05982
1.12207
0.894818
0.908865
1.30544
1.09348
1.22493
1.11323
1.17542
1.31423
1.36875
1.32355
1.44007
1.58663
1.64326
1.6246
1.58224
1.58646
1.71194
1.59747
1.49777
1.38121
1.36273
1.28143
1.46256
1.31908
1.41871
1.60234
1.49774
1.39473
1.29842
1.47995
1.31626
0.977619
0.954059
0.925205
1.1178
1.31701
1.46371
1.20272
1.00661
1.20201
1.33569
1.33216
1.3155
1.35216
1.37703
1.34744
1.29235
1.17009
1.07052
1.27328
1.53845
1.43056
1.74952
1.72767
1.74592
1.71083
1.70319
1.62462
1.69165
1.59486
1.44867
1.63035
1.54884
1.3859
1.08109
0.974333
0.826493
0.939431
0.950213
0.86767
1.01472
1.04744
1.04461
1.1175
1.26812
1.22645
1.32827
1.46751
1.66047
1.40981
1.29152
1.17297
1.31591
1.49454
1.49666
1.26269
1.45495
1.79114
1.69149
1.77268
2.08723
2.14331
1.83
1.69327
1.93404
1.93305
1.8353
1.83529
1.90154
1.93102
1.95849
2.15939
2.2278
2.33812
2.33365
2.36673
2.36043
2.44104
2.39217
2.06702
1.80285
1.43411
1.34242
1.36539
1.60619
1.50313
0.992862
1.14704
1.23681
0.92116
1.1365
1.08764
0.919619
1.09572
1.23123
1.27299
1.45395
1.55937
1.97844
1.98602
1.60597
1.83439
1.70431
1.75292
1.7011
1.39043
1.08583
0.896285
1.0252
1.28911
1.21494
1.06597
1.1797
1.07452
1.19059
0.947775
1.33951
1.42627
1.74372
1.64999
1.48305
1.78481
1.97199
2.04471
2.47524
2.42123
2.40812
2.43981
2.07683
1.74569
1.83133
1.97474
1.94025
2.13094
2.07311
2.06546
2.12126
2.08366
1.8071
2.00358
1.76027
1.46342
1.56759
1.33501
1.19088
1.36061
1.27039
1.20169
1.1375
1.09951
1.03821
0.824288
0.830812
0.86836
0.912172
1.04838
1.04809
0.786234
0.82464
0.724958
1.04195
1.00108
0.717387
0.626885
0.80359
0.54598
0.575315
0.737718
0.812353
0.79499
0.965571
0.743578
0.543422
0.548771
0.355801
0.575572
0.813646
0.959465
0.986396
1.05148
0.975371
1.1915
1.37566
1.32191
1.5209
1.64865
1.75342
1.42217
0.939716
1.32453
1.54084
1.52547
1.15795
1.22247
1.27785
1.29826
1.43756
1.15635
1.39513
1.08507
1.13208
1.06698
1.04483
0.48826
0.331645
0.564513
0.519847
0.480436
0.576525
0.768775
0.635688
0.836158
0.633497
0.600275
0.273306
0.240479
0.158252
0.251427
0.18527
0.31758
0.348133
0.288528
0.559965
1.02482
0.871348
1.01121
1.00504
1.04196
1.04181
0.820708
0.600485
0.592673
0.773678
0.920668
1.1053
1.15936
1.29715
1.2958
1.05148
0.994385
1.04832
1.15909
1.39192
1.40528
1.45814
1.36512
1.1756
1.37491
1.1727
1.13188
1.31961
1.10344
1.21527
1.60605
1.44556
1.382
1.34368
1.43114
1.49972
1.6057
1.7167
1.71276
1.59103
1.23239
1.2962
1.52344
1.61501
1.57862
1.45923
1.47689
1.44541
1.31813
1.36178
1.26325
1.20849
1.09843
0.874766
0.927197
1.05124
1.23592
1.22118
1.33175
1.32501
1.26342
1.19373
1.50463
1.47103
1.49362
1.22333
1.25729
1.25768
1.08195
1.25339
1.30153
1.4906
1.36661
1.3692
1.34815
0.920489
1.07519
0.95965
0.790724
0.724023
0.95725
0.561678
0.677623
0.426893
0.25713
0.37872
0.472713
0.462758
0.640721
0.509542
0.700141
0.664905
0.589746
0.724676
1.15532
1.38842
1.45251
1.69525
1.56402
1.68795
1.47489
1.59391
1.54251
1.32294
0.990125
1.01791
1.06834
0.997885
1.1362
0.971272
0.8925
0.936961
0.808141
0.735138
0.970834
0.896054
0.959538
0.785618
0.917689
0.846374
0.637931
0.554215
0.751009
0.627189
0.503777
0.55616
0.327867
0.643966
0.812463
0.65232
0.461505
0.544848
0.554722
0.590549
0.505336
0.754057
0.927027
1.04255
1.16224
1.04882
0.975093
1.07537
1.00143
1.23942
1.38168
1.16013
1.3068
1.36555
1.54656
1.41765
1.3423
1.28409
1.42687
1.35969
1.30305
1.11891
0.784949
0.855456
0.99932
0.85169
0.893067
0.770901
0.939074
0.923679
0.765945
0.808171
0.72574
0.643418
0.707558
0.825957
0.946133
0.837997
0.836572
0.721275
0.715697
0.591478
0.540038
0.791435
0.58285
0.313108
0.371706
0.111729
0.481026
0.00617737
0.0884792
0.278119
0.381684
0.572544
0.198385
0.0723618
0.205103
0.143931
0.0549835
0.549133
0.331071
0.366827
0.307428
0.496156
0.417998
0.703883
0.486201
0.271994
0.283364
0.261623
0.153152
0.152339
0.245623
0.415486
0.321262
0.201785
0.160607
0.410926
0.489124
0.379237
0.279011
0.581719
0.636464
0.73381
0.784293
0.823309
0.65275
0.503323
0.317295
0.378807
0.448276
0.578293
0.455433
0.63162
0.625255
0.596749
0.87298
0.960534
0.948063
1.0278
1.25116
1.20431
1.12928
0.977002
0.843063
0.779285
0.620581
0.636633
0.499823
0.400676
0.640123
0.687596
0.817656
0.975066
0.725299
0.594338
0.823445
0.704842
0.737608
0.74309
0.55533
0.816848
0.815565
0.805383
0.612619
0.503418
0.420592
0.536774
0.280058
0.451863
0.656778
0.88223
0.896613
0.797541
1.02122
0.837471
0.859649
0.897418
0.883526
0.82938
0.740376
0.68207
0.621805
0.594898
0.688261
1.0785
0.931902
1.23426
0.945151
0.946439
0.941403
1.16421
0.992105
0.91837
0.968901
1.05014
1.12586
1.28178
1.11633
0.978364
1.03791
1.04569
1.1299
1.06035
1.36391
1.28854
1.42197
1.48627
1.41206
1.0389
1.11152
1.28814
1.54656
1.27582
1.37907
1.27218
1.36016
1.43276
1.19916
1.41989
1.66085
1.43588
1.51771
1.19884
1.02355
0.856209
0.608199
0.394534
0.611522
0.408586
0.578036
0.29043
0.396486
0.593024
0.673889
0.833606
0.613583
0.725163
0.622767
0.635126
0.909159
0.771046
1.12121
0.969766
0.644899
0.485151
0.557697
0.618207
0.801851
0.635246
0.517529
0.636891
0.529721
0.612152
0.792541
0.678842
0.701613
0.725201
0.886032
0.955599
0.951288
0.858795
0.995785
0.91268
0.511282
0.429413
0.499186
0.603695
0.276153
0.244589
0.481829
0.598502
0.370639
0.391719
0.437129
0.135922
0.25164
0.171747
0.156693
0.608371
0.629161
0.572778
1.01136
0.972584
0.800029
1.07677
1.16286
1.07395
0.905995
1.2325
1.55933
1.46493
1.61225
1.54223
1.68299
1.75058
1.57483
1.4833
1.45789
1.57932
1.25675
1.37242
1.28751
1.22031
1.16161
0.971051
1.10454
1.30285
1.24968
1.07976
0.845131
0.701329
0.577329
0.503428
0.433337
0.645405
0.470509
0.795686
0.526976
0.628054
0.544421
0.892952
0.86612
0.865902
0.880557
0.579398
0.427933
0.189231
0.226793
0.229198
0.173629
0.509315
0.474667
0.608074
0.465788
0.691691
0.51151
0.454557
0.53323
0.4496
0.634632
0.562585
0.442793
0.385751
0.305555
0.592385
0.640071
0.561629
0.734322
0.717469
0.987165
0.705631
1.01156
1.1061
0.822542
0.784593
0.730286
0.661299
0.947169
1.18698
1.35714
1.42713
1.51245
1.45967
1.52975
2.04227
1.99894
2.18505
2.24641
2.45265
2.07793
2.1409
2.07377
2.54478
2.56644
2.31693
2.44472
2.38815
2.10227
2.17796
1.92622
2.01652
1.85159
1.69318
1.72836
1.65342
1.76133
1.78969
1.78612
1.88718
1.81961
1.63417
1.68741
1.84238
1.73158
1.60796
1.50094
1.30478
1.23297
1.16419
1.41174
1.1613
1.0385
0.979274
0.863935
0.780622
0.78124
0.330449
0.495099
0.377906
0.538007
0.247642
0.304838
0.505791
0.524376
0.472002
0.452381
0.142969
0.114512
0.522528
0.53158
0.454207
0.707817
0.724958
0.775112
0.361788
0.245301
0.315476
0.491297
0.376614
0.494627
0.292731
0.442825
0.566102
0.609263
0.295269
0.251446
0.485194
0.746051
0.690653
0.627378
0.696372
0.690935
0.582312
0.624423
0.589215
0.927161
0.792599
0.821621
0.856487
0.695022
0.617083
0.516666
0.846141
0.697491
0.471938
0.748281
0.54495
0.544569
0.478301
0.509716
0.669633
0.911786
0.797392
0.881582
0.70012
0.725039
0.595287
0.504919
0.416894
0.598247
0.946246
1.08275
1.42183
1.60391
1.45567
1.603
1.50954
1.43741
1.64466
1.38178
1.73979
1.69804
1.67333
1.67881
1.73022
1.57345
1.8852
2.01677
2.04892
2.19317
2.17256
1.95656
1.89757
1.86776
1.86372
1.62838
1.6348
1.5898
1.31491
1.11956
0.83674
0.884703
1.20954
1.32705
1.27142
1.38377
1.54505
1.27837
1.18759
1.39412
1.66432
1.35013
1.3964
1.44202
1.64665
1.89505
1.9657
1.82891
1.84652
1.59576
1.6254
1.59294
1.76541
1.679
1.60587
1.6443
1.80318
1.61908
1.85041
1.91558
1.74848
2.16262
1.91269
2.02124
2.15122
1.98486
1.8932
1.9807
2.16119
2.0897
1.89871
1.91731
1.59317
1.64747
1.59025
1.49295
1.31045
1.23391
1.15409
1.21547
1.25519
1.45905
1.71383
1.6893
1.83053
1.98741
1.60508
1.62783
1.65729
1.52475
1.53383
1.75338
1.71676
1.60838
1.71527
1.76531
1.95236
1.60261
1.93313
1.68333
1.94736
1.9269
2.10119
1.98362
1.86824
1.97848
1.80347
1.84126
2.15775
2.08959
2.05015
2.21
2.35732
2.50634
2.83684
2.92512
3.4009
3.32376
3.27491
3.03466
3.05436
2.97915
3.08024
3.02754
2.95748
2.93587
2.78613
2.71143
2.39186
2.39779
2.43571
2.17266
2.15393
2.22982
2.32827
2.92216
2.67544
2.51893
2.52759
2.31341
2.68519
2.53257
2.84383
3.17705
3.10937
2.99354
2.43726
2.45505
2.21571
2.27325
2.50727
2.43152
2.39361
2.24456
2.2069
2.40735
2.337
2.70195
2.58419
2.65061
2.54076
2.67991
2.44918
2.62612
2.89536
2.61409
2.48417
2.64295
2.67729
2.45935
2.45557
2.59068
2.63665
2.82931
2.91434
2.70558
2.55002
2.5423
2.53502
2.70138
2.66672
2.33498
2.39396
2.14036
2.20073
1.98305
2.16331
2.17206
1.99652
2.04423
2.22244
2.05465
1.97535
1.81626
1.74552
1.70337
1.87027
1.88708
2.18274
2.03084
2.08934
1.81805
1.86506
1.94541
1.94556
2.15597
2.18435
2.49222
2.24569
2.2573
2.36157
2.3136
2.35468
2.42945
2.44412
2.14745
2.0827
2.15859
2.07904
2.29593
2.47153
2.39708
2.51355
2.7235
2.52015
2.67514
2.89414
2.6603
2.53219
2.17315
2.333
2.22246
2.09648
2.27419
2.12546
2.10536
