1.90074
1.99661
2.11694
2.05037
1.97011
1.91079
1.69946
1.92899
1.57986
2.00145
1.94186
1.74039
1.68604
1.75119
1.93418
1.88541
1.94301
1.98953
2.02094
1.86734
1.81706
2.01624
2.06623
2.12701
2.21875
2.64199
2.60536
2.63589
2.60886
2.46151
2.42921
2.41926
2.2815
2.12154
2.05822
1.88082
1.53041
1.66279
1.82087
1.60213
1.58873
1.55345
1.38639
1.33466
1.64509
1.28393
1.42395
1.29154
1.49021
1.44906
1.51942
1.63371
1.54238
1.6796
1.56886
1.63043
1.72972
1.68824
1.34759
1.46338
1.54665
1.66845
1.50597
1.35193
1.35902
1.45985
1.25912
0.751725
0.735954
0.761254
0.619816
0.465867
0.660688
0.71931
0.64778
0.632643
0.536094
0.93552
0.883345
0.973283
1.15411
1.12647
0.885926
0.731917
0.620237
0.726277
0.581151
0.713265
0.868828
0.888824
0.801056
0.880862
0.900453
0.714429
0.656789
0.547405
0.502931
0.643758
0.828895
0.942809
0.768162
0.405524
0.231233
0.0602748
0.260048
0.239803
0.399766
0.34245
0.405999
0.394871
0.705965
0.689703
0.963366
1.05279
0.808015
0.824942
0.889445
1.01642
1.30147
1.31646
1.07959
1.129
1.09868
1.18116
1.42731
1.57211
1.69846
1.82492
1.68423
1.93835
1.81304
1.69337
1.85167
1.86552
2.01556
1.76941
1.66939
1.62507
1.50179
1.4899
1.37986
1.47225
1.38719
1.46316
1.37519
1.38116
1.33405
1.28575
1.44351
1.41991
1.66108
1.65862
1.69672
1.6589
1.52809
1.67593
1.76247
2.02417
2.16725
2.26891
2.08847
1.99641
2.00022
1.96863
1.93064
2.09218
2.14107
1.92448
1.98255
2.00021
2.00514
2.30546
2.25014
1.61266
2.00476
1.91072
1.75703
1.70804
1.87666
1.8127
1.60781
1.55474
1.73601
1.83621
1.98533
1.85462
2.01293
2.06449
2.2094
2.01653
2.21902
2.15279
2.4343
2.52532
2.39416
2.11485
2.36771
2.14624
2.28606
2.10267
2.18219
2.16798
2.34423
1.99464
1.67783
1.73393
2.0424
2.2334
1.95497
2.08671
2.1044
2.05665
2.18225
1.98714
1.93881
1.92442
1.80514
1.94833
1.91361
1.84975
1.80597
1.86023
1.85007
2.01191
1.92182
2.21778
2.15769
2.3081
2.64271
2.46966
2.71783
2.58409
2.4817
2.37318
2.56095
2.56826
2.59389
2.5478
2.51017
2.44763
2.55744
2.67398
2.701
2.82874
2.93294
2.83338
2.42923
2.70624
2.88487
2.83169
2.80317
2.62324
2.57833
2.63361
2.35422
2.31576
2.63605
2.69847
2.51613
2.35516
2.35853
2.57224
2.39545
2.65098
2.65623
2.68407
2.71605
2.55614
2.3495
2.12335
2.19152
2.50857
2.54139
2.37558
2.20738
2.12815
1.96548
1.82742
2.02683
2.19354
2.23107
2.29309
2.38181
2.46604
2.45605
2.41609
2.63616
2.35451
2.4115
2.23366
2.06777
2.26798
2.2202
2.25997
2.28965
2.43598
2.08665
1.6679
1.81953
1.93433
1.80963
1.89016
1.81786
1.95317
1.95101
1.91583
1.80223
2.1025
2.03487
2.00062
2.08363
2.05993
1.88792
1.93752
1.88606
1.99385
2.44398
2.34105
2.60572
2.69494
2.50894
2.5911
2.56524
2.75868
3.00767
2.92184
2.74768
2.88485
2.57146
2.54739
2.50458
2.64947
2.64339
2.54753
2.51021
2.59701
2.67053
2.37002
2.32115
2.14111
2.25045
2.20493
2.11665
2.32925
2.3602
2.09911
2.27375
2.16883
2.10006
2.10307
2.06259
1.99803
2.18384
2.42986
2.55747
2.54133
2.47578
2.42914
2.39835
2.26946
2.20728
2.09205
2.1256
1.92587
1.91721
1.72934
1.36751
1.42734
1.43521
1.18006
1.21151
1.37624
1.34505
1.59183
1.87241
1.81929
1.8198
1.43584
1.53943
1.55375
1.73995
1.85054
1.91112
1.8617
2.03427
1.95842
1.69833
1.73884
1.96416
2.56558
2.6055
2.72916
2.79508
2.62064
2.60093
2.6924
2.86365
2.6895
2.5477
2.23062
2.06023
2.04009
2.12326
2.06188
2.06657
2.11729
2.30734
2.28961
2.165
2.08307
2.41469
2.24012
2.28694
2.14768
2.12594
2.43928
2.50483
2.54195
2.67526
2.47289
2.45312
2.39398
2.56742
2.31896
2.36409
2.14722
1.76786
1.44348
1.67772
1.96091
1.8328
1.70418
1.85012
1.99649
1.9221
2.1235
2.26861
2.29127
2.0262
2.38407
2.09819
2.14232
2.19593
2.36403
2.17099
1.75245
1.97001
1.86551
2.169
2.24648
2.33226
2.45547
2.55336
2.49952
2.33933
2.1283
2.08947
2.13751
2.30667
2.1816
1.91949
1.85769
2.0603
2.04086
1.75874
1.75584
1.68017
1.61225
1.48273
1.46939
1.60158
1.73715
1.55324
1.68407
1.58161
1.60838
1.47876
1.51102
1.54123
1.4422
1.30587
1.15293
1.36672
1.3638
1.57834
1.63347
1.68011
1.62764
1.55664
1.77542
1.9345
2.18328
2.35957
2.55746
2.56152
2.45202
2.43936
2.35083
2.54143
2.46536
2.49336
2.52259
2.30748
2.11024
1.82669
1.73485
1.85884
1.96962
1.85479
1.90186
1.73922
1.54807
1.53382
1.82894
1.89658
1.89171
2.24683
2.13423
2.17941
1.66436
1.61386
1.53232
1.42348
1.63577
1.58906
1.78206
1.58446
1.34977
1.45941
1.52584
1.46682
1.79287
1.77374
1.36162
1.28417
1.10331
1.08023
1.40843
1.43414
1.09811
0.937886
0.897683
1.11662
1.00413
0.912454
0.945136
1.09691
1.17331
1.02092
1.25474
1.2636
1.28887
1.43854
1.32703
1.36614
1.71996
1.60656
1.59833
1.74334
1.69596
1.51617
1.34773
1.19934
1.17456
1.05955
0.971111
1.14361
1.26474
1.38821
1.31866
1.25481
1.07342
1.13488
1.17465
1.10209
1.34253
1.41198
1.3357
1.45626
1.27702
1.05641
0.887623
0.819759
0.912693
0.897603
0.839396
0.729888
0.801146
0.696075
0.66205
0.638235
0.660425
0.735885
0.909573
0.863818
0.835203
0.870487
1.10195
1.09969
1.15522
1.20621
1.37297
1.48459
1.60619
1.65586
1.65511
1.66275
1.54331
1.63571
1.45242
1.47329
1.46811
1.84849
1.88793
1.8108
2.02954
2.14288
2.27743
2.21909
2.48232
2.15954
2.2617
2.12768
2.14954
2.36004
2.34578
2.3513
2.5969
2.53484
2.8117
2.56699
2.64095
2.48661
2.30735
2.29298
2.24283
2.35306
2.26036
2.35271
2.41155
2.75418
2.94397
2.85737
2.91987
3.19102
3.33106
3.26624
3.20963
3.03546
2.82076
3.09712
3.2574
3.2405
3.16458
2.9542
2.83753
2.88297
3.08605
3.0395
3.09257
2.95516
3.21454
3.34901
3.11873
3.08909
2.99044
3.20403
3.27892
3.45602
3.45361
3.39878
3.40124
3.42689
3.15168
2.87143
2.64218
2.55783
2.61156
2.8775
2.84896
2.58774
2.58097
2.61601
2.73673
2.70158
2.65366
2.66059
2.51575
2.55031
2.41505
2.33059
2.27349
2.38743
2.53417
2.37868
2.16169
2.23369
2.01446
2.21723
2.50319
2.61242
2.46826
2.54918
2.4745
2.4764
2.52953
2.74067
2.80208
2.35846
2.64541
2.73918
2.99014
3.04964
3.14909
3.03873
2.88294
2.73141
2.56639
2.6015
2.4918
2.6365
2.66992
2.60924
2.64874
2.93226
3.08741
3.08954
3.04019
3.06281
3.05716
2.93266
2.99042
3.10598
3.21038
3.06565
3.24269
3.10181
3.33658
3.58848
3.38506
3.44094
3.46922
3.33138
3.23404
3.26912
3.22683
2.92288
3.25672
3.31956
2.95025
2.69429
2.60826
2.6341
2.60677
2.68212
2.68011
2.52632
2.24976
2.2113
2.11608
2.06205
2.10179
1.93849
1.71345
1.88716
2.14704
1.99595
1.87555
1.99752
1.96338
2.07057
2.14055
2.05612
2.21922
2.20473
2.47415
2.38662
2.59891
2.5845
2.27846
2.15262
1.84809
1.9133
1.90833
1.86301
1.91588
2.01515
2.09133
2.11794
1.77162
1.62671
1.66956
1.74662
1.74295
2.00073
1.98353
1.744
1.58398
1.59903
1.64849
1.96491
1.93524
1.89779
1.93115
2.1824
2.18005
2.34496
2.63911
2.64304
2.51716
2.63306
2.69782
2.56744
2.44055
2.23015
2.24724
2.25363
2.28036
2.20608
2.44463
2.51768
2.89554
3.05443
2.90928
2.81346
2.78649
2.53395
2.65285
2.81289
2.78874
2.79838
2.8385
2.61651
2.27778
2.27599
2.11377
1.86819
1.83562
1.59576
1.25784
1.31451
1.37432
1.34342
1.27638
0.82136
0.514077
0.476909
0.16138
0.304106
0.349493
0.410529
0.565623
0.457214
0.612569
0.854688
1.11545
1.1844
1.10763
1.0354
1.07292
1.084
0.94193
1.19737
0.907954
0.778422
0.748021
0.596576
0.786091
0.634262
0.500977
0.736722
0.65551
0.68712
0.626713
0.585844
0.390208
0.395146
0.656736
0.320479
0.366729
0.239476
0.816392
0.716565
0.555529
0.816765
0.532638
0.385673
0.380893
0.295286
0.734503
0.603692
0.902457
1.00374
0.719884
0.716207
0.822374
0.877704
0.691176
0.567935
0.485239
0.335577
0.551173
0.372609
0.475225
0.48061
0.650799
0.716574
0.818919
0.825339
1.03069
1.09003
0.851081
0.943616
0.840028
0.633254
1.0126
0.887368
1.16863
0.882766
0.880871
0.702247
0.768013
0.895008
0.704259
0.531913
0.509979
0.676619
0.701501
0.512497
0.74289
0.793063
0.79483
1.041
1.08878
1.2386
1.45832
1.68174
1.4157
1.66033
1.42686
1.2834
1.02749
0.84275
0.595513
0.310075
0.383282
0.325396
0.293355
0.337676
0.383257
0.680241
0.720227
0.912335
0.71438
0.906838
1.02574
1.24507
1.07472
1.24894
1.29687
1.16153
1.23878
1.13639
1.06426
1.03975
0.858932
0.998492
1.38716
1.31989
1.35709
1.15991
1.33928
1.33728
1.75868
1.68345
1.73523
1.8086
1.78935
1.88794
1.86531
1.93901
2.11334
2.21559
2.03129
2.0202
1.92661
1.79163
1.47609
1.59711
1.73062
1.34082
1.49242
1.45469
1.52298
1.70481
1.80474
1.91681
1.81702
2.06834
1.80273
1.64152
1.49681
1.21046
1.18962
1.08296
0.974241
0.761543
1.19284
1.16734
1.01498
1.01414
0.979696
0.797058
0.999819
0.989466
1.1475
1.57347
1.60997
1.45031
1.36771
1.50427
1.21163
1.41267
1.41442
1.40733
1.20872
1.3274
1.19779
1.33733
1.52219
1.46223
1.79284
1.86139
1.57433
2.04331
1.86059
1.75192
1.68786
1.70328
1.8602
1.82996
1.68558
1.79466
1.73388
1.54192
1.95771
2.13093
2.11784
2.01225
2.25922
2.04312
1.92601
1.92673
1.83689
1.73678
2.0104
1.80476
1.85193
1.9516
2.01464
2.21823
1.88903
1.79662
1.62059
1.59571
1.20338
1.16122
1.03122
1.10213
1.02208
1.15258
0.976838
0.820075
0.718169
0.817387
1.0442
1.37671
1.45946
1.50505
1.50786
1.42324
1.22286
0.972362
0.757259
0.682596
0.434467
0.926542
0.866753
0.598962
0.591201
0.789449
1.22244
1.22755
1.37189
1.39302
1.23191
1.34824
1.57634
1.63814
1.51344
1.47672
1.54673
1.42805
1.40502
1.46023
1.57738
1.42164
1.33504
1.37219
1.24814
1.24799
1.09687
1.21218
0.981613
0.844982
0.932335
0.965197
0.737907
0.748141
0.810486
0.762461
0.661895
0.624845
0.467141
0.580923
0.56958
0.662782
0.801864
0.967637
1.18056
1.06705
1.00357
0.862256
0.707173
0.773129
0.626013
0.943007
0.879384
0.802474
0.874889
1.04359
1.07121
1.35804
1.24064
1.47527
1.59525
1.60638
1.63663
1.66275
1.85827
1.71806
1.85659
1.97789
1.91096
1.51465
1.50841
1.49028
1.57214
1.59132
1.46652
1.55552
1.64754
1.76132
1.46446
1.25575
1.26019
1.40086
1.21069
1.4949
1.49833
1.58038
1.55689
1.53976
1.8347
1.54395
1.4799
1.35414
1.47676
1.7994
1.59776
1.59255
1.43496
1.43151
1.18353
1.33263
1.37931
1.34643
1.41408
1.50008
1.60239
1.46277
1.48229
1.53331
1.61717
1.54083
1.60227
1.63963
1.66487
1.75364
1.69758
1.74156
1.69135
1.71898
1.68483
1.62121
1.55299
1.55882
1.5978
1.54698
1.72346
1.85413
1.99474
1.74506
1.96772
1.79714
1.6745
1.46449
1.2478
1.29058
1.28767
1.32514
1.20412
1.08926
1.05085
1.08861
1.29194
1.55611
1.38478
1.34115
1.19628
1.29428
1.31337
1.23274
1.24752
1.27124
1.34264
1.44614
1.67996
1.76065
1.64807
1.59971
1.80689
1.61949
1.27813
1.44681
1.4931
1.50572
1.42086
1.43308
1.29811
1.25983
1.07213
0.75608
0.98293
1.14271
1.15249
1.30281
1.2811
1.27912
1.284
1.23465
1.26938
1.26101
1.37274
1.11829
0.884474
0.960105
1.28612
1.06945
0.763862
0.821775
0.764541
0.807467
0.947332
0.974708
1.05367
1.05
0.947515
1.11932
0.898689
0.787271
0.773582
0.861589
1.07248
1.3583
1.3932
1.3582
1.31966
1.13236
1.09796
0.990122
1.17583
1.29402
1.18141
1.31514
1.35874
1.12577
1.26477
1.43112
1.49734
1.77571
1.79349
1.65908
1.6047
1.72288
1.85531
1.88183
1.93068
2.01827
1.80399
1.93484
2.02586
1.68504
1.79976
1.82105
2.42578
2.35896
2.28426
2.08108
2.1699
2.49181
2.65727
2.54259
2.58511
2.67276
2.4855
2.28567
2.46581
2.43647
2.46073
2.35399
2.44894
2.37417
2.13916
1.9632
2.10505
2.01246
1.93839
1.81789
1.59098
1.52866
1.59314
1.7546
1.74067
1.66553
1.36649
1.40833
1.81511
1.68111
1.71786
1.54567
1.35725
1.39753
1.44849
1.50103
1.49543
1.42659
1.51767
1.60549
1.77719
1.59622
1.44131
1.42373
1.31492
1.3338
1.41083
1.40843
1.33352
1.3175
1.49755
1.36446
1.38949
1.5091
1.41382
1.18829
1.3441
1.52802
1.61993
1.49178
1.35992
1.55549
0.974356
1.0397
1.00284
0.999828
1.09002
1.37897
1.50014
1.73568
1.70677
1.8985
1.6396
1.50898
1.73412
1.63564
1.53714
1.56109
1.76176
1.67051
1.51127
1.59248
1.44998
1.53932
1.31621
1.19955
1.06669
0.959731
1.07602
1.2888
1.39413
1.38939
1.60081
1.7263
1.55756
1.58164
1.43418
1.40123
1.36068
1.16539
1.3396
1.32106
1.2193
0.984153
1.20048
1.32146
1.39932
1.3823
1.39473
1.29346
1.4513
1.50783
1.48516
1.70823
1.73151
1.58507
1.91457
2.20894
2.03368
2.20356
2.36107
2.42415
2.32186
2.01423
1.83393
1.55279
1.47754
1.27157
1.23639
1.32918
1.2588
0.98287
1.09063
0.812083
0.881278
1.08251
0.689453
0.687996
0.875503
1.28804
1.21808
1.28884
1.14284
1.39023
1.44146
1.37677
1.20607
1.25864
1.30175
1.26746
1.55514
1.80002
1.79434
1.93059
1.96601
1.93894
1.97439
1.80835
1.75956
1.6165
1.59473
1.54415
1.23174
1.24521
1.33126
1.4084
1.47435
1.74724
2.37081
2.10574
2.17571
1.98676
2.06468
2.20263
2.35854
2.13048
1.78515
1.74613
1.45677
1.53176
1.6446
1.67721
1.73255
1.44001
1.39726
1.6326
1.39071
1.52647
1.19783
1.078
1.04798
1.10852
0.920645
0.998375
1.01208
1.06441
0.900511
0.663402
0.863425
0.67661
0.682393
0.71275
0.71097
0.686926
0.685068
0.680131
0.759179
0.873347
0.779696
0.808465
1.01869
0.96139
0.78449
0.910909
0.686009
0.928946
0.763547
0.822523
0.537485
0.424658
0.369341
0.311382
0.315777
0.287374
0.416461
0.475816
0.309264
0.293174
0.261824
0.173333
0.321957
0.260667
0.397954
0.477805
0.340949
0.271954
0.383202
0.296308
0.228792
0.27415
0.44421
0.62571
0.363553
0.310093
0.370892
0.293044
0.395087
0.409157
0.39351
0.382421
0.585374
0.380048
0.421619
0.533599
0.552489
0.65449
0.339943
0.19421
0.249979
0.397214
0.123201
0.12526
0.205805
0.256964
0.412946
0.490051
0.656775
0.782762
0.570569
0.378854
0.313674
0.154078
0.358844
0.396948
0.318905
0.470083
0.541144
0.644981
0.641117
0.508656
0.471216
0.459914
0.564526
0.590673
0.48432
0.554089
0.688815
0.839757
0.672617
0.824393
0.811558
0.853724
0.663979
0.782694
0.473349
0.754945
0.859719
0.958603
0.698903
0.648253
0.548731
0.669251
0.396081
0.315414
0.304838
0.46596
0.371095
0.515658
0.440112
0.536161
0.422473
0.34553
0.41453
0.339106
0.129713
0.443829
0.536471
0.865815
0.980223
0.58138
0.504353
0.608739
0.7641
0.875873
1.07565
1.19854
1.19545
1.23868
1.10575
1.10194
1.05253
0.999409
0.900647
1.03902
1.19435
1.10284
0.832652
0.802432
0.769323
0.850534
0.760127
0.580975
0.483064
0.621023
0.968395
0.963276
0.813751
0.586
0.676104
0.706845
0.656591
0.753237
0.686954
0.868532
0.796947
0.765679
0.710936
0.895304
0.726079
0.591265
0.643338
0.576819
0.711061
1.11073
1.15478
0.817222
0.670493
0.959292
1.03735
0.918019
0.999462
1.13744
1.05165
1.14314
0.958756
1.04294
0.800909
0.853272
0.77505
1.03924
1.13311
1.14745
1.00037
1.03183
1.17519
1.08129
1.01536
1.16667
1.22146
1.08702
1.08763
1.14929
1.07176
1.09847
1.13703
1.24488
1.20232
1.26812
1.18863
1.0666
1.21729
1.04423
1.03367
1.19805
1.07608
1.0019
1.10606
1.06415
1.26805
1.40728
1.69043
1.38714
1.25909
2.02001
2.39412
2.24217
2.30271
1.88528
1.67851
1.93137
1.94196
1.94921
1.78026
1.81839
1.43862
1.43145
1.66881
1.60211
1.6611
1.37209
1.46831
1.69611
1.84435
1.97696
1.81837
1.80422
1.76044
1.75287
1.93454
1.88803
1.85569
1.73623
1.70028
1.70682
1.76477
1.87296
1.5435
1.50704
1.68154
1.66704
1.63783
1.79309
1.75459
1.87586
1.73567
1.74814
1.65854
1.74082
1.32494
1.32883
1.43959
1.4968
1.54332
1.55563
1.77954
1.77424
1.72294
1.71233
1.78124
1.65895
1.47452
1.50917
1.53896
1.6206
1.70783
1.98432
1.96554
1.92876
2.06598
1.92492
1.85782
1.75061
1.92044
2.0403
1.80066
1.93558
1.71215
1.43545
1.52916
1.44153
1.35198
1.30419
1.30993
1.38942
1.24239
1.27322
1.71523
1.73091
1.64418
1.70977
1.4269
1.64
1.8671
1.77242
1.47693
1.51678
1.56205
1.47916
1.54351
1.6283
1.59188
1.55959
1.65947
1.77025
1.84584
1.67841
1.69556
1.82149
1.93262
2.09231
1.92338
1.91139
1.90781
2.00643
2.3854
2.38771
2.10163
2.31387
2.6091
2.4107
2.72383
2.79048
2.76918
2.46125
2.44841
2.61993
2.84347
2.65175
2.16848
2.11502
2.15351
2.26877
2.05045
2.12636
2.16519
2.2667
2.34949
2.44496
2.54057
2.18292
2.33965
2.20562
2.10692
2.07534
2.03964
1.78776
1.8679
1.86956
1.97928
2.07337
1.90698
2.22873
1.85535
2.07154
2.14518
2.50066
2.50238
2.65849
2.64298
2.63949
2.51374
2.51026
2.48575
2.52185
2.8742
2.7023
2.50469
2.65313
2.8575
2.53573
2.459
2.48287
2.18108
2.07366
2.00267
1.92468
2.03458
1.82389
2.28388
2.35097
2.18845
2.01478
2.18354
2.2896
2.07648
2.19332
2.19645
2.27905
2.05251
1.85057
2.01615
1.80211
1.68765
1.70421
1.80099
1.8767
1.76215
1.86659
2.046
2.16861
2.18701
2.16004
2.26032
2.303
2.13918
2.13339
2.30609
2.41541
2.39622
2.38624
2.39236
2.74995
3.06663
2.91181
2.99997
2.67204
2.45209
2.09666
2.05403
2.00069
1.78519
1.63284
1.73189
1.78211
1.76216
1.89931
1.97326
1.8756
1.89821
2.24502
2.36356
2.40268
2.3836
2.46865
2.43892
2.47937
2.34299
2.56533
2.55611
2.27867
2.4574
2.50603
2.39767
2.09937
2.10526
2.11528
2.18096
2.26737
2.33274
2.45054
2.37205
2.40183
2.02749
1.95737
2.10215
1.90584
1.83852
1.96097
2.11556
1.80307
1.82804
1.84403
2.17162
2.15872
2.09322
1.84303
1.70474
1.63709
1.45325
1.56172
1.70491
1.52387
1.65058
1.60703
1.50409
1.69377
1.60366
1.61263
1.54691
1.32448
1.19229
1.4011
1.59002
1.47237
1.52719
1.27373
1.20153
1.11815
1.10236
1.04294
1.09747
0.956559
1.12064
0.926928
0.927619
0.889096
1.27652
1.13856
1.09339
1.1829
1.3948
1.4065
1.43115
1.1674
1.18235
1.32895
1.40405
1.24087
1.24352
1.02278
1.03072
0.697617
0.964173
0.519088
0.627829
0.72958
0.75549
0.668486
1.00833
0.950785
1.04145
1.3488
1.22887
1.24857
1.20797
1.26038
1.44501
1.61186
1.67714
1.66926
1.45032
1.47233
1.24852
1.19611
1.05417
0.959307
0.93822
0.896155
1.03729
1.20851
1.05503
1.11111
0.882252
0.932599
0.923489
0.898899
0.928492
0.967337
1.09805
0.881171
0.934101
1.10583
1.25251
1.37725
1.49463
1.46776
1.46762
1.49858
1.44375
1.51908
1.69864
1.59614
1.50515
1.34372
1.49359
2.03115
2.33876
2.24989
2.00116
1.85299
1.91428
1.8133
1.73805
1.81829
1.85834
1.78555
1.67042
1.78187
1.81594
1.78302
1.7189
1.63416
1.36286
1.43903
1.26105
1.34242
1.22386
1.11489
1.06507
0.938574
0.979597
1.16637
1.04585
1.00067
1.00069
1.27085
1.33324
1.46294
1.29387
1.24863
1.17926
1.00259
0.98835
1.21366
1.00873
0.964549
0.733581
0.965178
0.839064
0.951433
0.859672
1.07
1.02133
0.682536
0.469213
0.324776
0.342112
0.497721
0.538035
0.809222
0.883102
1.13214
1.07766
0.948091
0.647998
0.643993
1.06067
1.09648
1.15863
1.02946
0.954605
0.961543
1.02668
1.01671
0.888898
0.825106
0.971128
1.01785
1.13894
0.994819
1.22329
1.10026
1.26544
1.1588
1.32968
1.4114
1.43445
1.15155
1.13352
1.28663
1.21991
0.889731
1.02068
0.919241
1.07912
1.28285
1.27187
1.14366
1.04559
1.34872
1.31135
1.31041
1.19192
1.22424
1.40853
1.49076
1.42424
1.53982
1.47754
1.40761
1.2896
1.14469
1.19995
1.412
1.01877
1.34432
1.20191
1.30545
1.42797
1.32419
1.36894
1.36993
1.35676
1.44377
1.31581
1.25932
1.32771
1.53628
1.39594
1.67109
1.37569
1.56593
1.59806
1.63592
1.64149
1.60721
1.55429
1.69759
1.45775
1.51932
1.34232
1.46654
1.54602
1.06433
0.82533
0.920752
0.816109
1.19225
1.23415
0.998236
0.995477
1.03244
1.05437
0.922082
1.15346
1.26283
1.32407
1.05485
1.22442
1.23463
1.36427
1.23674
1.02825
0.725264
1.0283
0.816159
0.991279
0.912077
0.866422
0.883485
0.894542
0.923006
0.921084
0.661679
0.893648
0.824151
0.932472
0.845592
0.644137
0.514358
0.559881
0.489936
0.662728
0.673756
0.85597
0.939599
0.902441
0.850822
1.06846
0.973004
0.965816
0.871352
0.727707
0.83875
0.551502
0.341965
0.543089
0.556386
0.31197
0.230822
0.311292
0.210703
0.19626
0.213331
0.376423
0.464078
0.556304
0.664992
0.780322
0.755451
1.01634
0.951342
1.0599
1.02709
0.850117
0.872461
0.78898
0.683282
0.739211
0.951774
0.985376
0.813404
0.833042
0.54738
0.733978
0.692646
0.769427
0.536121
0.605459
0.568882
0.719279
0.385739
0.0549108
0.278408
0.383039
0.492367
0.165503
0.232304
0.439427
0.608793
0.519508
0.408407
0.392018
0.226208
0.389275
0.404004
0.331695
0.5499
0.454774
0.529711
0.439349
0.288563
0.358426
0.396952
0.542001
0.609148
0.494463
0.526037
0.593933
0.432273
0.62674
0.562379
0.559077
0.224466
0.337509
0.435694
0.409135
0.347017
0.272893
0.320408
0.360978
0.308291
0.316155
0.606589
0.373443
0.178514
0.0595238
0.325725
0.109516
0.235778
0.348717
0.325904
0.447765
0.395303
0.284102
0.2913
0.251701
0.187794
0.0475727
0.0695187
0.24673
0.197392
0.30709
0.257883
0.59441
0.424923
0.191433
0.17153
0.104242
0.280387
0.214486
0.0588247
0.243714
0.314867
0.816635
0.769779
0.806284
0.861474
0.919712
0.552074
0.575746
0.660474
0.707608
0.463651
0.558183
0.54221
0.351045
0.253874
0.463698
0.524808
0.391207
0.315607
0.197698
0.148411
0.169069
0.21172
0.224471
0.351639
0.239193
0.266976
0.323267
0.463083
0.45077
0.471788
0.381956
0.433134
0.653818
0.594709
0.859656
0.972517
1.05168
1.02834
1.04881
0.994718
1.18093
1.11391
1.37259
1.52831
1.54387
1.57126
1.25977
1.30851
1.54314
1.49135
1.4637
1.31788
1.0953
0.875734
0.924514
1.02661
1.00003
0.930613
0.835875
0.905186
0.752324
0.743413
0.784986
0.75689
0.820637
0.779801
0.729236
0.777644
0.732927
0.831893
0.945025
1.01067
0.92021
1.13835
1.13966
1.50893
1.11863
0.945133
0.702446
0.888611
0.692868
0.748638
0.656323
0.765302
0.819284
1.19929
1.10967
1.09172
0.942451
0.78586
0.711533
0.656229
0.963168
0.837013
0.799094
0.84762
0.954622
0.94777
0.701961
0.837025
0.957047
0.81537
0.999852
1.01231
0.953353
0.94933
0.811543
0.934707
1.1272
1.15364
1.2925
0.91611
1.04815
0.931792
0.915849
1.01307
1.05023
0.94906
0.993645
0.895211
0.610399
0.846694
0.998744
1.08446
1.2422
1.14774
1.14333
1.06438
1.28345
1.65862
1.6115
1.51832
1.59057
1.62408
1.29553
1.00028
0.947575
0.819141
0.908672
1.06316
1.16283
1.28946
1.52795
1.20987
1.49435
1.31888
1.38382
1.61335
1.64463
1.6487
1.82491
1.64091
1.68468
1.68319
1.99096
2.18833
1.95264
2.41686
2.21433
2.29695
1.99618
1.71413
1.62829
1.91272
1.85692
1.8953
1.58167
1.42145
1.43218
1.45245
1.46937
1.39195
1.46653
1.71954
1.64873
1.51815
1.38119
1.41145
1.32264
1.16874
1.33346
1.124
1.16724
1.03347
0.92916
0.926048
1.04084
1.15499
0.852432
0.881833
0.982647
1.02374
1.14095
1.11621
1.2411
1.15315
0.99844
0.940833
0.82229
0.998541
0.855491
0.747047
0.448076
0.632227
0.573381
0.628794
0.353937
0.354911
0.519965
0.36991
0.259139
0.367847
0.287348
0.26253
0.255206
0.273842
0.251854
0.262217
0.172784
0.285694
0.331959
0.23151
0.287343
0.474381
0.533224
0.828597
0.857029
0.797797
0.798379
0.855068
0.817169
0.698663
0.809125
0.907267
0.973505
1.00473
0.982634
1.26112
1.22928
1.19844
1.32947
1.38213
1.48001
1.07478
1.16823
1.60528
1.84627
1.40874
1.50502
1.77161
1.7846
1.83435
1.80806
1.56895
1.4967
1.3593
1.28499
1.03963
0.965093
1.01438
1.35713
1.42173
1.3744
1.15221
1.14133
1.33365
1.24466
1.39198
1.23001
1.26867
0.935447
1.1438
1.27757
1.24065
1.19709
1.1389
1.15018
1.20948
1.3017
1.42826
1.38961
1.25245
1.21924
1.27049
1.3975
1.49769
1.71488
1.8165
1.64758
1.63895
1.26264
1.323
1.35973
1.67661
1.46872
1.54758
1.69027
1.37075
1.16096
0.934875
1.22955
1.14683
1.03723
0.857413
0.862624
1.05709
0.900601
0.997212
0.964864
0.827393
0.887086
0.793794
0.805572
0.888909
0.808958
0.892777
1.08149
0.975424
0.932553
1.07531
1.07786
1.25532
0.982032
0.803539
0.711771
0.388652
0.801336
1.04276
1.14208
1.09586
1.15591
1.23149
1.02584
0.979694
1.11029
1.26096
1.21868
1.05673
1.28042
1.36386
1.27571
1.37599
1.51518
1.19663
1.18196
1.23479
1.09533
1.26541
1.25491
1.36766
1.19434
0.901994
0.948438
0.868424
0.919988
1.0071
1.07018
0.91177
0.812371
1.07055
1.16647
1.0921
1.11245
0.949905
1.10957
1.23182
1.41675
1.4427
1.6432
1.47543
1.28195
1.43376
1.33013
1.34201
1.11971
1.30477
1.10425
1.10607
1.03252
1.03873
1.21589
1.17864
1.26445
1.11819
0.926262
1.16016
1.25846
1.34926
1.18669
1.37892
1.56721
1.33236
1.47643
1.50225
1.64784
1.29888
1.17911
1.00155
0.966587
0.80563
0.723512
0.797851
0.972641
1.06502
1.05881
1.0516
1.20522
1.31821
1.39192
1.37846
1.27787
1.22303
1.02318
0.870711
0.813381
0.87949
0.795123
0.810832
0.829599
1.08339
1.12747
1.06196
0.990842
1.02333
1.02398
0.75541
0.774126
0.846077
1.08758
1.19165
1.20331
1.24836
1.34706
1.55416
1.62283
1.71628
1.73115
1.75739
1.70662
1.34482
1.68126
1.45913
1.51054
1.56385
1.38917
1.48975
1.60721
1.55386
1.4779
1.4426
1.24477
1.28085
1.19712
1.03691
0.986688
1.01809
0.947184
0.742212
0.673488
0.627028
0.847911
0.679885
0.647841
0.591319
0.813561
0.933597
0.867169
0.729654
0.664802
0.467645
0.730553
0.742017
0.962946
1.25779
1.28047
1.31493
1.18081
1.17999
1.16349
1.19939
0.961379
1.01238
1.11715
1.06088
1.07247
1.03709
0.671013
0.589643
0.660093
1.00665
1.22166
1.1695
1.03743
1.18835
1.08988
1.35512
1.29769
1.28164
1.33895
1.26196
1.46823
1.58889
1.673
1.57505
1.78113
1.58981
1.78686
1.8641
2.06195
1.92509
1.94474
2.152
1.76482
1.8011
1.79849
1.80925
1.76507
1.78808
1.57992
1.60643
1.68139
1.55825
1.66649
1.70314
1.60879
1.62454
1.69152
1.61718
1.75278
1.72071
1.79751
1.85956
1.96746
2.04917
2.30508
2.24165
2.41441
2.50073
2.59356
2.39932
2.77352
2.74237
2.71125
3.0372
3.32094
3.41193
3.44648
3.35492
3.39358
3.24516
3.16201
3.20072
3.19524
3.02562
3.07671
3.1227
3.3082
3.12693
2.94371
2.91713
3.04003
2.99665
2.89014
2.72005
2.91561
2.87267
2.88128
2.9196
2.9062
3.15718
3.15889
3.09429
2.97534
2.95804
2.96937
2.87287
2.63243
2.43755
2.30164
2.22128
2.2344
2.3517
2.24699
2.0098
1.86803
2.13241
2.04328
1.91431
1.57959
1.66211
1.82018
2.19214
2.19688
2.41143
2.4587
2.16843
2.26775
2.29182
2.41416
2.29385
2.27269
2.44142
2.11959
2.19085
2.19531
2.01463
2.16388
2.18816
2.18514
2.54981
2.39383
2.36405
2.33739
2.30355
2.23687
2.32449
1.99047
2.33955
2.12856
2.22212
2.19675
2.22141
2.28299
2.5114
2.71832
2.92419
3.02115
2.91426
2.65832
2.80043
2.96281
2.9521
3.09594
2.99857
2.80955
2.71386
2.73471
2.77272
2.92498
3.03328
3.25966
3.15205
3.24008
3.2748
3.38706
3.43114
3.56076
3.74398
3.80387
3.65483
3.72551
3.51
3.45394
3.46832
3.46331
3.36565
3.3727
3.38989
3.43307
3.30908
3.23306
3.23586
3.18434
3.1765
3.17447
3.09942
3.25495
3.21092
2.93763
2.81526
2.56849
2.60759
2.40402
2.51705
2.50891
2.39497
2.33529
2.64587
2.82267
2.82477
2.49636
2.52005
2.34458
2.483
2.39446
2.40328
2.4519
2.44996
2.64236
2.18252
2.1987
2.45281
2.41335
2.49032
2.23191
2.42767
2.42815
2.46578
2.72075
2.49586
2.67862
2.78718
2.92164
2.89549
2.90984
2.99468
2.83945
3.11809
3.13999
3.16064
3.211
3.13625
2.87587
2.77268
2.59293
2.87753
2.97613
2.83365
2.80596
2.78328
2.78628
3.03059
2.99674
2.89399
2.94108
2.94311
3.12553
3.28291
3.18391
3.20401
3.20052
3.17035
3.06863
3.02643
2.96433
3.11029
3.31079
3.43222
3.41585
3.45186
3.43699
3.65801
3.35621
3.40751
3.50507
3.25286
3.18955
3.03789
3.12794
3.07151
3.13267
3.10242
3.16084
3.01251
3.01997
3.09013
2.96146
3.04618
3.07602
2.98861
2.75669
2.58056
2.5068
2.39951
2.65704
2.78485
3.14284
2.99499
2.87128
2.87943
2.96671
2.63819
2.77523
2.68703
2.81029
2.85058
2.75983
2.93789
2.83906
2.68904
2.42707
2.64743
2.70287
2.69116
2.90461
3.16829
3.14117
3.19511
3.33764
3.30759
3.33592
3.43385
3.56092
3.70667
3.61879
3.68496
3.72598
3.66797
3.47002
3.40076
3.38815
3.42756
3.23549
3.36877
3.31707
3.28858
3.03521
2.75549
2.63318
2.88303
2.76174
2.61899
2.74696
2.54773
2.48937
2.39675
2.40338
2.28938
2.42563
2.31413
2.50826
2.25134
2.27859
2.16778
2.37062
2.65551
2.14357
2.04243
1.99033
2.0577
2.05397
2.02964
2.02106
1.82122
1.96835
2.10351
2.28299
2.43978
2.3116
2.10769
1.95218
2.07743
2.33275
2.49173
2.37827
2.56481
2.62355
2.52311
2.41379
2.11272
1.90116
1.9795
2.03356
2.36428
2.40453
2.40105
2.33762
2.23231
2.17172
2.22758
2.21775
2.31355
2.39347
2.18774
2.22671
2.14858
2.03466
1.9343
1.80759
2.21964
2.23137
2.48592
2.73769
2.5826
2.89788
2.43806
2.89398
2.69841
2.66028
2.73435
2.7952
2.89556
3.00469
2.7867
2.81696
2.67628
2.79983
2.90785
3.02297
2.90351
2.9355
3.04275
2.94358
2.91076
3.1344
3.41447
3.7206
3.64453
3.67707
3.87847
3.66517
3.8253
3.94724
3.76472
3.89182
3.93623
3.75345
3.8082
3.98232
3.8283
3.77744
3.77967
4.25284
4.40345
4.34535
4.26088
4.39374
4.33374
4.21861
3.89419
3.80311
3.75337
3.92853
3.85399
3.95432
3.94547
3.80464
3.78288
3.87177
3.80742
3.67595
3.51486
3.63399
3.74059
3.78458
3.68133
3.6604
3.62931
3.57174
3.89269
3.70918
3.81372
3.79756
4.0692
4.28817
4.18088
4.12828
4.12205
4.2008
4.32801
4.41079
4.56542
4.48463
4.46701
4.51089
4.64598
4.75111
4.72779
4.73246
4.91
4.62094
4.76779
4.69213
4.74403
4.61531
4.46045
4.58201
4.80691
4.85904
4.85718
4.8469
4.91328
5.11375
5.2035
5.11938
5.15324
5.13674
4.88439
4.73112
4.63834
4.96048
5.0754
4.62549
4.92837
4.85341
4.84521
4.71313
5.03187
4.96401
5.2049
5.43894
5.19418
5.07524
4.87486
4.76062
4.53462
4.43583
4.27442
4.02401
3.97878
3.9249
3.82028
3.6683
3.69295
3.58023
3.85772
3.80478
3.78126
3.70668
3.77187
3.85183
3.70541
3.92993
3.92084
3.7946
3.71841
3.45426
3.53599
3.84199
3.87022
3.82669
3.8785
3.84644
3.60517
3.7742
3.80976
3.57919
3.44947
3.59298
3.58587
3.78915
3.82459
3.69382
3.64846
3.60142
3.64373
3.58788
3.48191
3.47719
3.77254
3.6652
3.67685
3.55513
3.33616
3.36602
3.15359
2.90825
3.01742
3.0166
2.93784
3.2264
3.01571
3.23407
3.41273
3.52653
3.4668
3.3061
3.55786
3.72401
3.67314
3.56156
3.83235
3.90239
4.0099
3.80971
3.72998
3.82524
4.30285
4.31326
4.06849
4.30715
4.21308
4.23306
4.22015
4.41329
4.53308
4.62087
4.67687
4.68204
4.5058
4.55016
4.41652
4.59815
4.66484
4.71381
4.52706
4.57037
4.58328
4.6965
4.68023
4.65344
4.32805
4.26193
4.16893
3.98419
3.84342
3.80012
3.85822
3.80782
3.85963
3.81523
3.91153
4.00941
4.07529
4.1027
4.31907
4.25507
4.47184
4.22127
4.04721
4.1763
4.10497
3.77411
3.57967
3.52663
3.46301
3.65692
3.29182
3.28962
3.35888
3.50539
3.43233
3.33421
3.3463
3.4347
3.46667
3.27627
3.47026
3.58388
3.43223
3.47815
3.43508
3.14358
3.48832
3.61864
3.69508
3.31673
3.37771
3.32594
3.32389
3.44045
3.38599
3.41729
3.31138
3.14129
3.08382
3.02667
3.04988
2.89281
2.85007
2.71836
2.9735
3.20102
3.36394
3.27154
3.40433
3.29103
3.27298
3.37173
3.3308
3.4038
3.36579
3.41326
3.44772
3.5254
3.55871
3.17423
3.35031
3.50495
3.48171
3.81991
3.95694
4.12067
3.9875
3.7316
3.79753
3.80988
3.59943
3.41769
3.54651
3.78556
3.72982
4.05497
4.06682
3.99031
3.98944
4.17916
4.23429
4.34261
4.58742
4.49085
4.24561
4.34241
4.36256
4.31874
4.2647
4.56956
4.74121
4.34855
4.59055
4.59373
4.59925
4.69798
4.87544
4.80955
4.72816
4.95596
4.80697
4.8792
4.65032
4.54688
4.69226
4.71208
4.79865
4.60918
4.39927
4.2644
4.18335
4.3581
4.39529
4.58511
4.37667
4.23241
4.18999
4.01639
3.69
3.68113
3.6632
3.93153
3.72504
3.80596
4.07274
4.34825
4.03152
4.44721
4.22608
4.03273
3.98054
3.92185
4.13315
4.19441
4.08757
4.36363
4.23128
4.18761
4.44802
4.3986
4.4316
4.3138
4.45631
4.53391
4.38532
4.43171
4.45714
4.52506
4.54557
4.55724
4.31924
4.42808
4.41567
4.52524
4.33544
4.3423
4.45135
4.45509
4.32148
4.09359
4.11357
4.13086
3.95029
3.93811
4.13507
4.24654
4.20197
4.19819
4.25289
4.25658
4.23967
4.21945
4.52947
4.50032
4.21337
4.13123
4.12862
4.05349
3.93654
3.67033
3.72285
3.4866
3.58747
3.7375
3.6905
3.67298
3.49362
3.59145
3.44078
3.23788
3.06956
3.09513
3.13842
3.3005
3.1651
3.06966
2.85772
2.88671
2.90173
3.06349
3.27565
3.45668
3.26604
3.14851
3.35642
3.3235
3.36293
3.3857
3.59147
3.65269
3.67751
3.62706
3.68236
3.61419
3.63787
3.70007
3.94635
3.80414
3.90356
3.99686
4.2932
4.09578
4.07987
4.14933
4.12646
4.20149
4.07951
4.16797
4.1781
4.04845
4.04762
3.74427
4.16126
4.23071
4.11187
3.52044
3.45092
3.58028
3.31465
3.29313
3.4083
3.58415
3.91022
4.17203
4.10187
4.04158
3.92793
3.95038
3.9287
4.04374
4.06528
4.02132
3.82604
3.84779
3.61397
3.75006
3.94494
4.19886
4.20554
4.34435
4.41053
4.11768
3.7536
3.54731
3.30157
2.87083
2.89696
2.68182
2.98014
2.66222
2.87585
3.13112
3.12219
3.27722
3.09616
2.92045
3.2425
3.12248
3.29877
3.15345
2.95577
2.48776
2.38717
2.09396
2.23214
2.35124
2.28256
2.12925
2.03605
1.91378
1.84054
2.0707
2.00456
2.34141
2.3618
2.23313
2.51562
2.37907
2.45761
2.56224
2.50131
2.57971
2.74199
2.87597
2.71866
2.41153
2.27678
2.38472
2.41418
2.53147
2.42061
2.41161
2.59273
2.7341
2.66863
2.56849
2.48721
2.3081
2.21207
2.55673
2.63702
2.48354
2.58972
2.49473
2.59701
2.29672
2.21129
1.71459
1.53276
1.6333
1.5498
1.59424
1.38514
1.51851
1.59066
1.60051
1.34259
1.13424
1.24584
1.22859
1.04134
1.12365
1.10732
0.917496
1.05134
1.11706
0.789542
1.01955
1.12193
1.13529
1.14901
1.38089
1.25151
1.42124
1.37876
1.49699
1.4682
1.71974
1.95694
1.78605
1.35691
1.35289
1.48675
1.42647
1.30372
1.22571
1.27105
1.29589
1.28097
1.26438
1.20513
1.46019
1.38607
1.00269
0.994333
1.29494
1.02241
1.11967
0.907061
0.824599
0.800363
0.840737
0.642224
0.656933
0.830512
0.849247
0.956735
0.954168
0.883716
0.602576
0.81394
0.91601
1.04667
0.919348
0.93746
1.08443
1.18869
1.03773
0.912523
0.848263
0.722744
0.739229
0.789238
0.794965
0.729571
0.83574
0.93369
1.01609
1.13965
1.36635
1.363
1.12029
1.0797
1.21038
1.18761
1.1202
1.0718
1.0662
1.20255
1.21178
1.35452
1.27913
1.22654
1.12049
1.14333
1.1515
1.09571
1.14268
1.00043
1.04472
0.98368
1.20239
0.961517
0.891626
0.885853
0.983125
1.02508
0.892481
1.13845
1.30938
1.30533
1.28263
1.62575
1.46723
1.75293
1.81946
1.44933
1.32591
1.4193
1.43655
1.5865
1.58949
1.6541
1.47923
1.08352
1.08931
1.10346
1.09776
1.38534
1.25303
0.381593
0.394764
0.684943
0.457993
0.76687
0.50864
0.581082
0.851728
0.84776
0.85331
0.90334
0.783828
1.21942
1.34629
1.51751
1.07032
0.878525
0.849564
0.931442
0.442039
0.333038
0.242147
0.498278
0.499965
0.771782
0.929595
1.01743
1.2923
1.4422
1.46212
1.20453
1.04976
0.858331
0.964987
0.861847
0.77019
0.386724
0.416218
0.47723
0.821288
0.867462
0.737775
