2.59315
2.55811
2.4491
2.60817
2.77119
2.96116
3.04163
2.94662
2.99638
2.90917
2.65695
3.03323
2.95563
3.08541
3.22022
3.13842
2.97201
2.91617
2.91483
3.04741
2.80499
2.62971
2.72143
2.39295
2.33218
2.11358
2.54835
2.57424
2.66024
2.70224
2.47494
2.59758
2.68064
2.87635
2.93693
2.8974
2.81378
2.99464
2.9291
3.01085
3.36805
3.08012
3.11048
3.20631
3.12606
3.25902
3.3833
3.43644
3.66596
3.52897
3.69033
3.83959
3.52791
3.65893
3.80749
3.61593
3.49279
3.45031
3.2431
3.33653
3.45287
3.46593
3.71509
3.57796
3.6595
3.75272
3.58966
3.63943
3.80316
3.72943
3.4978
3.65141
3.67258
3.70805
3.85475
3.75093
3.9741
3.97907
4.00101
3.87776
3.92553
4.1047
4.17961
3.98199
4.18211
3.94921
4.01679
3.84373
3.94318
3.88923
3.78345
3.70949
3.56956
3.60247
3.36713
2.92268
2.8935
2.82776
2.65363
2.86322
2.82207
2.88146
3.1756
3.09491
3.2373
3.29258
3.2236
3.17491
3.23979
3.3308
3.22377
3.00276
2.7421
2.84638
2.89755
2.88744
3.07593
3.04259
3.07462
3.40663
3.52036
3.58369
3.56397
3.50554
3.37756
3.31021
3.48479
3.27327
3.09421
3.05562
3.0166
3.09277
2.87403
3.08688
3.15343
3.14615
2.88813
2.81185
2.83823
2.70908
2.82626
2.85282
2.85399
2.72918
2.77333
2.7484
2.60925
2.79938
2.57389
2.48119
2.61283
2.62358
2.90877
2.81068
2.6857
2.67297
2.60924
2.66583
2.69395
2.85063
2.78454
2.68155
2.6247
2.54987
2.00345
1.95615
1.89846
1.89766
1.95581
1.62841
1.74816
1.79891
2.11832
2.03756
2.2245
1.94149
1.81152
1.74238
1.79875
1.6894
1.87453
1.64027
1.75777
1.61368
1.80493
1.97273
2.16432
2.01823
1.9273
2.02746
2.08094
2.12575
1.8492
1.65902
1.75385
1.64305
1.82685
1.91608
2.05667
2.29375
2.4311
2.29431
2.22208
2.23107
2.19815
2.23424
2.22807
2.35922
2.61127
2.71432
2.34369
2.1764
2.08963
2.51043
2.39111
2.82634
3.08186
3.06402
3.0084
2.67313
2.74767
3.01788
3.098
3.19122
3.26364
3.51664
3.65238
3.66682
3.84594
3.83411
3.68501
3.68653
3.69694
3.84374
4.03943
3.79871
3.88203
3.99592
4.19387
3.98223
4.20407
3.92442
3.85165
3.87049
3.96155
3.87647
3.8856
3.82848
3.82698
3.6973
4.00736
3.81018
3.80447
3.59602
3.70257
3.49131
3.46839
3.50913
3.55744
3.62319
3.40502
3.27509
3.3429
2.90164
2.9908
3.12245
3.11699
3.04151
3.1033
3.53722
3.37297
3.46555
3.54782
3.67882
3.54198
3.51547
3.34634
3.50789
3.43809
3.85613
3.80208
4.06441
4.17998
3.91502
3.95545
3.99361
3.86629
3.40474
3.01006
3.23315
3.38818
3.47827
3.59528
3.70173
3.74121
3.72013
3.33373
3.35776
3.47568
3.44488
3.37493
3.46605
3.28456
3.24872
2.80688
2.7923
3.02819
2.71352
2.68653
2.73507
2.78469
2.5108
2.75091
2.98594
2.8679
2.77118
3.09835
2.90678
2.62143
2.64148
2.66808
2.7156
2.53648
2.59523
2.51043
2.54944
2.99323
2.96522
3.06491
2.70435
2.58337
2.49355
2.12195
2.13394
2.37334
2.41733
2.77077
3.15875
3.09898
2.87455
2.92957
3.1765
3.53755
3.42784
3.02803
2.85791
2.92502
3.03498
3.18623
3.25864
3.27447
2.98557
3.1655
3.25209
3.43709
3.52758
3.4428
3.24979
3.17896
3.23034
3.21694
3.36476
3.92303
3.79517
3.88991
3.91979
3.65718
3.77383
3.49687
3.5884
3.31793
3.48329
3.64183
3.72054
3.86058
3.73638
3.67962
3.79625
3.62434
3.35171
3.06363
2.74093
2.67945
2.40561
2.39433
2.34327
2.31888
2.33304
2.06741
2.04161
2.21984
2.29014
2.59751
2.6995
2.87187
2.90856
2.73722
2.78613
2.41705
2.15274
1.66982
1.86896
1.68074
1.61101
1.6638
1.61301
1.80045
1.62024
1.66905
1.68308
1.67343
1.73592
1.99842
2.03257
1.80052
2.05835
2.10943
1.9717
2.11482
2.5586
2.24147
2.19091
2.48092
2.29301
2.40515
1.96375
2.19694
2.3847
2.17481
2.30702
2.04104
2.4324
2.41857
2.58381
2.49253
2.48023
2.33503
2.34722
2.10669
2.16273
2.50056
2.45674
2.44029
2.18846
2.01065
2.16404
2.26274
2.09001
1.98336
2.16613
2.26556
1.97867
1.94354
2.0199
1.84632
1.88517
2.13037
2.18076
2.26802
2.32399
2.22346
2.20875
1.90032
1.68232
1.70165
1.68037
1.60264
1.47614
1.62952
1.60649
1.42741
1.58086
1.48758
1.44234
1.47102
1.17516
1.46839
1.60565
1.68816
1.62518
1.87687
1.86804
1.74662
1.66056
1.78361
1.68171
1.43645
1.38909
1.30838
0.891601
0.917181
0.920971
0.659983
0.749935
0.60857
0.777439
0.923843
1.10091
1.01252
0.969702
1.1349
1.03414
1.08786
0.943326
0.864397
0.884593
0.71649
0.729338
0.826614
0.825216
0.936001
0.747862
0.798477
1.06865
0.70363
0.865617
1.16891
1.27333
1.28501
1.27961
1.3008
1.33457
1.23767
1.59502
1.63581
1.37014
1.18684
1.23924
1.38353
1.50386
1.75497
1.70915
1.5252
1.67873
1.71539
1.85789
1.84706
1.66723
1.73049
1.54687
1.3576
1.77103
1.46503
1.37647
1.56408
1.46347
1.2992
1.26787
0.873453
0.995925
1.05189
1.26044
1.54787
1.68961
1.56747
1.35686
1.3335
1.40021
1.52011
1.39284
1.07989
1.13246
1.21573
1.55822
1.21691
1.1682
1.20293
0.974272
0.956252
0.824709
0.99948
0.880468
0.743254
0.79558
0.706739
0.897924
0.772321
0.633618
0.646089
0.541243
0.568995
0.592096
0.307174
0.205528
0.201613
0.236973
0.478536
0.47185
0.443404
0.373661
0.519091
0.385325
0.683025
0.603502
0.611705
0.661842
0.547693
0.584873
0.714343
0.921297
0.970117
0.886373
0.726159
1.02871
0.946851
1.10939
1.12186
1.16294
0.867744
1.16052
0.947468
0.947152
1.39015
1.32843
1.2747
1.46137
1.5518
1.70189
1.88673
1.67578
1.72057
1.87993
1.74782
1.89001
1.62502
1.52607
1.78313
1.85755
1.88893
2.15542
2.0447
1.77143
2.09018
1.71556
2.04402
2.04288
2.06429
2.16094
2.1393
2.13647
2.11265
1.80774
1.58545
1.35202
1.39809
1.36843
1.34568
1.36089
1.28884
1.27352
1.31219
1.27307
1.10498
0.798992
0.764687
0.605701
0.61621
0.306029
0.408865
0.235353
0.269998
0.464834
0.565555
0.459786
0.569034
0.669932
0.207767
0.391611
0.482179
0.818105
0.926163
0.727386
0.561698
0.446494
0.43843
0.497267
0.700456
0.77414
0.781922
0.83934
0.933083
1.12484
1.12328
1.21155
1.12363
1.14647
1.37234
1.27379
1.28742
1.31552
1.25742
1.33175
1.34945
1.22202
1.3632
1.5435
1.58842
1.7251
1.85873
1.69403
1.98123
1.66982
1.64187
1.67859
1.90976
1.98829
1.88033
2.24586
2.16931
2.06276
1.88571
1.83283
2.01028
1.91098
1.86906
1.72127
1.65022
1.47809
1.56133
1.74851
1.89853
2.0572
1.98412
2.04447
2.04614
1.95876
1.8234
1.69102
1.62856
1.84238
1.72135
1.82477
1.82858
1.75096
1.80673
1.98009
1.97721
1.845
1.82728
1.76195
1.72774
1.83091
1.54684
1.50015
1.70769
1.70847
1.9555
1.79459
1.87373
1.7758
1.74863
1.57591
1.8932
1.78827
1.8533
1.84364
2.09172
1.96543
1.57404
1.80295
1.74697
1.7346
1.67685
1.51782
1.73155
1.7905
1.55132
1.35567
1.38873
1.6701
1.64854
1.5376
1.46987
1.56693
1.61594
1.49452
1.39459
1.41561
1.28553
1.18809
0.994299
1.05975
1.07665
1.3246
1.37429
1.60187
1.44037
1.19014
0.993935
0.799868
0.749075
0.619472
0.757965
0.703287
0.826849
0.936866
0.802616
0.794887
0.775685
0.59281
0.555057
0.7364
0.339118
0.311332
0.50987
0.475431
0.722246
0.672221
0.873721
0.858851
0.710315
0.763841
0.802638
0.926076
1.0058
1.08469
1.16279
1.12857
0.647956
0.573927
0.435711
0.299716
0.328695
0.733463
0.740173
0.555976
0.702144
0.703728
0.917638
0.872047
0.846892
0.96917
0.618922
0.582135
0.573526
0.713433
0.780688
0.741013
0.861697
0.491583
0.394568
0.433374
0.490263
0.384231
0.456439
0.463618
0.525548
0.65314
0.695202
1.02393
1.38781
1.13474
1.09573
1.14915
1.33342
1.20541
1.07075
0.857511
0.930433
0.954029
0.955284
0.972274
1.30016
1.29672
1.3363
1.13847
1.03589
1.22497
1.04289
1.10903
0.921349
1.10929
1.21606
1.34419
1.26817
0.873676
0.693706
0.714714
0.807617
0.72771
0.695102
0.699764
0.438918
0.288599
0.271983
0.55507
0.537001
0.443405
0.295146
0.299203
0.408787
0.197166
0.329381
0.452876
0.725214
0.423105
0.639142
0.566154
0.596147
0.510304
0.433969
0.287769
0.209538
0.223047
0.264879
0.283395
0.173313
0.38659
0.433107
0.487435
0.548205
0.548221
0.450291
0.343442
0.334655
0.263305
0.251418
0.189467
0.352285
0.677976
0.351529
0.413
0.433333
0.349146
0.376109
0.202768
0.216981
0.144345
0.194116
0.34309
0.371412
0.443177
0.465091
0.4619
0.358144
0.279202
0.29033
0.229439
0.212636
0.2612
0.553099
0.427423
0.3711
0.254979
0.330753
0.569066
0.741288
0.737906
0.933589
1.02221
1.20865
0.880775
0.88487
0.792533
0.705115
0.578365
0.877985
0.869277
1.01726
0.863973
0.766407
0.815764
0.84512
0.869953
0.678128
0.68318
0.642151
0.682945
0.665827
0.618673
0.833898
0.640391
0.657199
0.541791
0.522677
0.513568
0.43114
0.304812
0.446806
0.360101
0.259046
0.170802
0.3262
0.23653
0.446591
0.54228
0.512162
0.625376
0.491053
0.574368
0.700067
0.63381
0.51973
0.592541
0.692462
0.751144
0.750758
0.696886
0.658079
0.668847
0.873948
0.86226
0.797879
0.650907
0.773824
0.83559
1.15823
0.995719
1.2252
1.16328
1.03576
0.942578
0.909127
0.553092
0.668627
0.444556
0.929042
0.824579
1.00928
1.3808
1.11558
1.32078
1.02212
0.886369
1.0387
0.913987
0.742244
0.556113
0.418776
0.0879028
0.0488525
0.120948
0.146219
0.132418
0.192735
0.255676
0.20514
0.191554
0.480378
0.756633
0.602969
0.581799
0.654586
0.642242
0.503484
0.788223
0.601029
0.618054
0.926712
1.0288
0.81443
0.71603
0.796456
0.648581
0.671392
0.608784
0.737733
0.914909
1.01886
0.982337
1.24994
1.37475
1.27623
1.2503
1.43299
1.42944
1.27356
1.07088
1.04628
1.38397
1.37208
1.35128
1.43866
1.6471
1.7265
1.66491
1.51696
1.55295
1.32142
1.19514
1.20724
1.37177
1.16824
1.3942
1.36725
1.42535
0.993359
1.15658
1.08134
1.01478
0.970289
1.01796
0.789188
0.657566
0.859053
0.782795
0.829575
0.728811
0.646651
0.757837
0.955063
0.980609
0.992638
0.956152
0.877918
0.925985
0.808483
0.862068
1.15639
1.10835
1.10264
1.1799
1.01849
0.790844
0.713588
0.981247
1.03666
0.79517
0.785146
1.12268
0.830175
0.844249
0.883611
0.878633
1.10797
1.20943
1.15341
1.19736
1.43074
1.41851
1.33948
1.24505
1.07334
1.17782
1.52233
1.37448
1.38046
1.42542
1.31653
1.25706
1.31744
1.43275
1.51862
1.68252
1.90854
1.82847
1.88993
1.98875
1.77068
2.01535
1.87897
1.86499
1.81185
2.09805
2.21598
1.93375
2.05468
2.0989
2.13825
1.98951
2.09433
2.02724
1.93451
2.11863
2.01195
1.91875
2.38883
2.0865
2.10138
2.0651
2.03361
2.0427
2.03719
2.06824
2.07504
2.15238
2.00668
2.17758
1.92052
1.66339
1.69744
1.60471
1.73524
1.61831
1.57986
1.64111
1.71708
1.73732
1.78511
1.76499
1.95303
1.91875
1.71828
1.37797
1.38145
1.44996
1.44167
1.52408
1.28226
1.27214
1.11464
1.17323
1.15338
1.1506
0.914779
0.952368
1.12886
1.02324
1.05139
0.968347
1.02847
0.954717
0.916499
1.17613
1.1022
1.24232
1.63718
1.90256
1.79746
1.79025
1.64772
1.74392
1.44426
1.46874
1.48664
1.36842
1.28659
1.46161
1.52963
1.40831
1.60282
1.66148
1.6683
1.85345
1.78414
1.78481
1.803
1.57262
1.45307
1.57629
1.56999
1.6433
1.83513
1.72139
1.54882
1.38215
1.36815
1.46813
1.52116
1.72223
1.7746
2.0218
1.68123
1.74662
1.60961
1.56047
1.52244
1.84696
2.2587
2.16216
2.14907
2.33191
2.41138
2.54377
2.6718
2.385
2.45813
2.55817
2.34067
1.99615
2.1776
1.98902
1.91676
1.76523
1.5438
1.59583
1.86086
1.84162
1.99147
2.05934
2.00833
2.0781
1.98874
2.10386
1.9496
1.89502
2.26476
2.32513
2.34546
2.27384
2.1878
2.08724
2.35536
2.3487
2.28528
2.28391
2.28599
2.32838
2.30458
2.3818
2.3405
2.52579
2.59238
2.71706
2.59389
2.83508
3.04436
2.80519
2.99219
2.93302
2.87223
2.86052
2.71568
2.64797
2.61331
2.38894
2.37396
2.41719
2.4005
2.10049
2.01459
2.10097
2.17752
2.30314
2.3013
2.41711
2.63461
2.52245
2.28705
2.15559
1.96672
2.17154
2.36755
2.39513
2.18315
2.36646
2.49289
2.47844
2.35547
2.49336
2.61264
2.66244
2.52666
2.69788
2.81847
2.73587
2.75017
2.94483
3.23911
3.36372
3.30683
3.23224
3.17595
3.0146
2.80512
2.92222
2.54721
2.74051
2.64933
2.60432
2.75644
2.45935
2.55
2.63329
2.72415
2.64889
2.76715
2.86575
2.82985
3.03779
3.01099
3.12221
3.04142
2.95314
2.95101
2.89757
2.84271
2.86407
2.91237
2.87572
2.89523
2.92948
2.97341
2.83583
2.74884
2.74845
2.53308
2.85978
2.79817
2.71931
2.58521
2.66189
2.63172
2.64443
2.51852
2.40293
2.2863
2.20027
2.58566
2.52585
2.44891
2.49053
2.6937
2.66042
2.90783
3.17916
2.96142
2.95764
3.16372
3.00949
2.8553
2.69989
2.666
2.7237
2.89801
2.87918
2.88051
2.79428
2.71842
2.6902
2.86024
2.84715
2.76022
2.94697
3.08525
2.98917
3.00912
3.18499
3.07725
3.04435
3.04247
3.01035
3.18138
3.15217
3.27381
3.32663
3.3647
3.16401
3.20651
3.26208
3.05463
3.20814
3.17916
3.16339
3.11441
2.97425
2.7277
2.83546
2.51481
2.76953
2.93099
2.79475
2.94581
2.96743
3.00508
2.77601
2.73038
2.6394
2.68824
2.76753
2.78035
2.85997
2.72686
2.72106
2.68625
2.61478
2.69026
2.64986
2.6194
2.6596
2.51461
2.57528
2.74156
2.9624
2.95291
2.90017
3.16688
3.26739
3.30862
3.2822
3.28788
3.18801
3.07562
3.07125
3.12354
3.07929
3.04796
3.11236
3.19231
3.37467
3.52118
3.29268
3.45596
3.44714
3.30684
3.19159
3.18556
3.15729
3.18816
3.02138
3.09092
3.33162
3.3071
3.13588
3.14896
3.11909
3.20122
3.10406
3.36242
3.46866
3.59074
3.46433
3.61464
3.51631
3.40875
3.40375
3.62146
3.73878
3.58622
3.68656
3.71635
3.61069
3.42036
3.51585
3.50959
3.29817
3.59296
3.47798
3.49275
3.33214
3.02922
3.13449
3.00485
3.03575
2.98117
2.9682
3.15163
3.18426
3.0843
3.0556
3.2393
3.2485
3.51973
3.68879
3.76907
3.79899
3.74332
3.41759
3.32071
3.12359
3.28312
3.3162
3.09439
3.12734
3.09232
3.0742
3.00353
3.01559
2.87744
2.93798
2.83796
2.63857
2.63462
2.55099
2.48528
2.53786
2.67058
3.0179
3.19228
3.14802
3.05305
3.08081
2.93257
2.95601
3.15737
3.2005
3.2922
3.28851
3.34351
3.3498
3.10555
3.01961
3.06398
3.02336
2.80876
2.80011
2.84684
2.7536
2.67658
2.6006
2.75768
2.91272
2.90735
2.96436
2.90878
3.05423
2.94992
2.93742
2.77635
2.87455
2.56223
2.56894
2.56877
2.82257
2.86349
3.02814
3.12529
3.23929
3.05624
3.15495
3.09961
3.47406
3.38184
3.16869
3.163
3.19039
2.98798
3.11848
2.97624
3.16408
3.07216
2.98318
3.1226
3.39582
3.34126
3.39585
3.40912
3.74912
3.91327
3.68471
3.81108
3.66236
3.69185
3.64396
3.977
3.91122
3.81191
3.65796
3.58633
3.35962
3.27322
3.33045
3.34044
3.14379
3.16123
3.27726
3.05585
3.20902
2.88258
3.19104
2.96869
2.87757
2.81423
2.88662
3.20442
2.94568
2.93739
2.66325
2.26501
2.15436
2.05333
1.99189
2.04445
2.02408
2.11571
2.08212
1.87619
1.83607
1.77184
1.69483
1.73079
1.72723
1.92453
1.88757
1.96986
1.8287
1.92207
2.38275
2.50446
2.63532
2.80966
2.79785
2.80226
2.72427
2.81905
2.84776
2.75315
2.52243
2.2838
2.20341
2.54804
2.41281
2.39468
2.3155
2.41129
2.7599
2.73353
2.59891
2.53571
2.43182
2.49886
2.30207
2.41531
2.35746
2.27666
2.28318
2.30685
2.00718
2.15533
2.27899
2.26291
2.19799
2.28851
2.22833
2.1115
2.24722
2.04063
2.06738
2.09774
1.95395
2.26429
2.17963
2.24357
1.98605
1.92829
2.01415
2.24109
2.33698
2.3698
2.53609
2.3241
1.97128
1.77683
1.70151
1.80273
1.81028
1.83514
2.08018
2.17907
1.98878
1.99414
1.85411
1.95834
2.09978
2.17895
2.17734
2.09163
2.29514
2.21102
2.3044
2.2439
2.06171
1.92313
1.93226
1.89532
1.9089
1.91381
1.8246
1.81466
1.8506
1.88896
1.92574
1.93836
1.85833
1.59871
1.83142
1.67593
1.91523
2.0628
2.17029
1.99057
2.26077
2.28171
2.21914
2.29997
2.43397
2.41798
2.46422
2.28485
2.18475
2.46731
2.31265
2.32834
1.90896
1.92631
1.75532
1.48222
1.27927
1.17284
1.25768
1.36308
1.60257
1.42745
1.41086
1.45758
1.61996
1.49642
1.35327
1.54245
1.44136
1.52827
1.67513
1.53288
1.49138
1.73396
1.71444
1.66741
1.84408
1.75762
1.91805
1.85089
2.0097
1.80628
1.94688
1.92075
2.03147
2.03673
2.0839
2.22651
2.32198
2.5469
2.37955
2.31866
2.35133
2.37723
2.24669
1.99493
2.14299
2.44898
2.39845
2.29528
2.13034
2.0019
1.97738
2.13532
1.89443
1.67371
1.74823
1.83587
1.86886
1.7422
1.53631
1.54574
1.39912
1.33316
1.39616
1.29762
1.27188
1.32374
1.402
1.41965
1.501
1.44367
1.63328
1.75427
1.82708
1.86307
1.7097
1.62112
1.77548
1.61576
1.82708
1.9165
1.81519
1.77073
1.78052
1.86513
1.79112
1.88596
1.52602
1.34992
1.34007
1.36125
1.38042
1.34154
1.04557
1.06348
0.988293
1.10555
1.30181
1.49726
1.51136
1.3478
1.52445
1.42639
1.22461
1.34911
1.25936
1.17444
1.44965
1.42965
1.44572
1.51961
1.47606
1.71249
1.93353
2.15608
2.29295
2.18496
2.31742
2.36562
2.42666
2.47131
2.39604
2.26957
2.26923
2.46971
2.2675
2.27009
2.35566
2.46554
2.55481
2.33134
1.99274
1.67309
1.457
1.7358
1.72477
1.67293
1.63512
1.68965
1.78017
2.23656
1.92251
1.88955
2.22331
2.39692
2.30054
2.42213
2.35345
2.45585
2.23663
2.16296
2.36788
2.07379
1.86391
1.98063
1.90722
1.83453
1.96253
1.84696
1.65798
1.77331
1.62453
1.6811
1.55593
1.78375
1.84983
1.90419
1.66911
1.67727
1.44955
1.51235
1.82129
1.99281
1.72106
1.83994
1.97966
1.99598
1.79023
2.25583
2.38242
2.58761
2.6374
2.37355
2.48998
2.65621
2.56537
2.60138
2.42347
2.32691
2.41699
2.3421
2.57915
2.66456
2.65708
2.55663
2.49973
2.44362
2.36754
2.15554
2.35508
2.26451
2.32024
2.50241
2.27396
2.12096
2.0885
2.14218
2.52142
2.8548
2.43172
2.67009
2.76258
2.74492
2.89031
2.57203
2.54527
2.59646
2.82303
2.83531
2.68106
2.71282
2.73124
2.89427
2.91854
2.5515
2.47357
2.81176
2.84783
3.18989
3.23955
3.65542
3.87083
3.95872
3.98817
3.79322
3.61054
3.66356
3.57299
3.55615
3.5927
3.76922
3.74065
3.74861
3.75701
3.66791
3.30914
3.17346
3.34076
2.89662
3.12086
3.10937
2.95326
3.10522
2.78894
3.22952
3.26904
3.26522
3.17522
3.34965
3.30116
3.40765
3.53785
3.24801
3.12487
3.41536
3.21884
3.15302
3.30364
3.03726
2.92178
2.90862
3.07622
3.15388
2.77109
2.95593
3.02279
2.97074
2.90952
3.12289
3.01087
2.94959
2.92492
3.02856
2.99052
3.03114
3.26625
3.26931
3.44231
3.30374
3.15308
3.1655
3.05179
3.17002
2.92735
3.08363
2.9934
2.93491
2.97153
2.85108
2.96766
3.00205
2.93424
2.96549
3.17426
3.26882
3.12762
3.13972
3.20614
3.41871
3.24238
3.25676
3.21765
3.26595
3.37429
2.88249
3.00791
2.82522
3.09326
3.2585
2.97768
2.99527
3.40146
3.552
3.75558
3.74585
3.67824
3.36538
3.29071
3.56571
3.43534
3.22186
3.23348
3.23211
3.31383
3.24275
3.38761
3.27899
3.33532
3.34051
3.05143
3.05232
3.23487
3.96524
3.88981
3.66592
3.57568
3.49815
3.48688
3.66877
3.37747
3.07541
3.24974
3.38525
3.23493
3.15132
2.8821
3.02123
2.7391
3.18873
3.45974
3.3572
3.37688
3.2099
3.21346
3.12988
3.69302
3.47622
3.47263
3.27585
3.32103
3.19985
3.30477
3.26683
3.49317
3.68784
3.54548
3.81993
3.95404
3.87497
3.97985
3.89376
3.67311
3.74645
3.82623
3.79416
4.12589
3.83064
3.77564
3.79724
3.85842
3.84566
3.89128
3.94205
3.86433
4.02703
4.34554
4.52758
4.21312
4.20627
4.3133
4.20772
4.36294
4.60319
4.56277
4.74046
4.27779
4.06705
3.59153
3.94996
3.92571
3.67251
3.61233
3.70943
3.72662
3.51405
3.57983
3.54313
3.81252
4.08469
3.55717
3.65088
3.57316
3.34998
3.12273
3.16764
2.81303
2.70474
2.91041
2.73808
2.68447
2.53595
2.5078
2.35558
2.47415
2.62542
2.74792
2.87683
2.63894
2.70188
2.66845
2.81252
2.78724
2.67291
2.70992
2.83216
3.07991
2.84694
2.78698
2.7675
2.84612
2.68267
2.70263
2.64195
2.66525
2.73112
2.76301
2.71795
2.54495
2.346
2.53131
2.42384
2.3689
2.29637
2.30639
2.544
2.55413
2.57015
2.5702
2.22944
1.88094
1.51702
1.42866
1.33435
1.30145
1.28194
1.28169
1.48409
1.37503
1.39261
1.5015
1.36637
1.29767
1.06695
1.06994
1.30321
1.37916
1.39576
1.38299
1.20092
1.28202
1.21126
1.09432
1.05777
1.23648
1.45354
1.58297
1.59012
1.53786
1.4802
1.57441
1.47577
1.65488
1.43616
1.6547
1.59607
1.88966
2.26084
2.04567
2.02312
2.00588
1.88115
2.03129
1.93771
2.06806
1.71671
1.85357
1.70077
1.66094
1.4904
1.42183
1.3322
1.4686
1.44433
1.76996
1.87726
2.00388
1.84901
1.68421
1.59493
1.55842
1.52966
1.41206
1.43892
1.56688
1.57737
1.80799
1.66968
1.6144
1.54062
1.55439
1.75386
1.93037
1.82846
2.03176
2.17066
2.1979
2.44676
2.43641
2.26346
2.37272
2.32198
2.25353
2.25158
2.39682
2.29972
2.59816
2.37389
2.21365
2.09063
2.00814
1.79424
2.00186
1.85521
2.07735
2.22546
2.10689
1.95768
1.78497
1.78703
1.75676
1.62389
1.49928
1.30651
1.18547
1.06147
1.19412
1.34652
1.23811
1.16323
0.997506
0.916749
1.11706
1.12815
1.05008
1.01294
1.08872
1.02763
1.13735
1.16874
1.27787
1.38166
1.29239
1.07048
1.19856
1.52728
1.73618
1.62154
1.62716
1.3894
1.17997
0.946172
1.03001
0.986336
1.16841
0.948236
0.812892
0.747528
0.927275
0.907386
0.857413
0.917309
0.872971
0.99899
1.26528
1.30697
1.52848
1.95772
2.27795
2.35927
2.28838
2.34543
2.28598
2.19562
2.29444
2.19136
2.18511
2.20373
2.08998
2.0866
2.07852
1.80852
1.66016
1.70107
1.3868
1.21998
1.602
1.65734
1.78304
1.73516
1.67595
1.61075
1.33473
1.29247
1.54436
1.52548
1.57141
1.60066
1.57785
1.66578
1.70051
1.81757
1.85973
1.89498
2.02054
2.26604
2.2533
2.34649
2.22196
2.03059
2.20029
1.99524
1.9173
1.84069
1.75944
1.7908
1.71344
1.41097
1.45433
1.54499
1.55428
1.16874
1.27837
1.24954
1.37082
1.33335
1.41524
1.28217
1.1613
1.20502
1.80534
1.74105
1.89337
1.78958
1.70639
1.88609
1.84889
1.98801
1.85548
1.80092
1.92836
1.9507
2.10992
2.33065
2.40393
2.47871
2.35113
2.41988
2.21318
2.06932
2.18942
2.22264
2.36963
2.2437
2.21896
2.25963
2.17635
2.19239
2.5441
2.95275
2.87648
3.12801
3.14391
2.86517
2.95776
2.38495
2.44765
2.66122
2.84248
2.93253
2.91177
3.07768
2.95115
2.95725
3.0723
2.97453
2.89507
3.09107
2.9681
2.88801
3.02533
3.14914
3.26802
3.13691
3.0955
2.95095
3.20615
3.16387
3.3249
3.1142
2.92162
3.00905
3.28757
3.20182
3.35175
3.28901
3.16212
2.99201
3.25816
3.12688
3.13332
3.25359
3.20278
3.43843
3.26304
3.55278
3.34239
3.52632
3.56555
3.65856
3.72822
3.68238
3.77145
3.66123
3.57711
3.62232
3.44792
3.45731
3.62915
3.5457
3.5329
3.81549
3.69567
3.76954
3.74457
3.68044
3.47861
3.30926
3.43937
3.47371
3.51625
3.51159
3.60012
3.52803
3.28014
3.03174
3.11471
3.23722
3.27776
3.27779
3.33507
3.25
3.28484
3.19083
3.08821
3.1839
3.26452
3.01614
3.00761
2.90582
2.55109
2.42345
2.37877
2.34475
2.52536
2.88608
2.88545
2.94015
2.8173
2.66175
2.40635
2.26569
2.33339
2.44636
2.60582
2.51891
2.98567
3.11444
3.21638
3.30608
3.03803
3.17881
3.20455
3.09911
3.26203
3.09874
3.10103
2.88698
2.90115
2.98712
3.1562
3.30771
3.44974
3.36978
3.53408
3.64601
3.69665
3.64566
3.43896
3.07701
2.725
2.60148
2.68468
2.90624
3.04062
2.66477
2.42739
2.22878
2.03996
2.08512
1.82874
1.56164
1.41964
1.63405
1.66895
1.76365
1.58756
1.51954
1.65727
1.79425
1.8561
1.70255
1.76846
1.53235
1.5913
1.65367
2.13979
2.09272
2.3125
2.1668
2.07815
2.18647
1.9636
2.04016
2.02735
2.02113
2.05511
2.28162
2.43486
2.28871
2.31701
2.3363
1.86225
2.02137
2.00313
2.16021
2.43233
2.18297
2.20983
2.26582
2.2303
2.28569
2.31596
2.66663
2.82956
2.81096
2.90186
2.51523
2.16172
2.2583
2.50715
2.50601
2.5902
2.50785
2.43828
2.40008
2.19811
2.17359
2.02079
2.33378
2.25433
2.25524
2.096
1.95939
1.94933
1.61948
1.83183
1.75308
1.92389
1.97709
2.21043
2.2882
2.11989
1.99808
1.76799
1.72383
1.50825
1.6536
1.64227
1.79098
1.76357
1.87541
1.6976
1.56215
1.80157
1.50161
1.47084
1.48257
1.50507
1.57322
1.55419
1.78404
1.65254
1.3557
1.31644
1.21731
1.31775
1.38739
1.35567
1.52463
1.24293
1.26439
1.39808
1.44685
1.24997
1.402
1.30575
1.11478
1.01378
0.640851
1.11629
0.983202
1.27064
1.20265
1.181
1.15788
1.2134
1.21139
1.24666
1.1353
1.02075
0.716823
0.6904
0.726096
0.956001
0.937075
1.09423
1.30263
1.42955
1.24795
1.4677
1.46817
1.4893
1.14975
1.15776
1.06938
0.891037
0.49264
0.558625
0.775586
0.916738
1.03819
1.14501
0.981688
0.76687
0.764086
0.68288
0.564415
0.526765
0.670043
0.647189
0.750934
0.517804
0.507395
0.581139
0.439971
0.597441
0.900529
1.13502
1.42591
1.65518
1.78633
2.08037
2.00643
2.11975
2.03254
1.83192
1.53581
1.35721
1.53432
1.34718
1.32964
1.30896
1.53993
1.77217
2.02522
2.07462
1.75052
1.72294
1.65682
1.61611
1.57476
1.17394
1.13799
1.30991
1.68985
1.84249
1.79149
1.77047
1.73434
1.77314
1.77736
1.88614
2.11784
2.26106
2.47241
2.47469
2.54279
2.53961
2.42596
2.76769
2.8802
2.75439
2.73867
2.56421
2.47114
2.23707
2.24827
2.17229
2.32968
2.35432
2.34193
2.46268
2.59863
2.87777
2.92012
2.93375
2.92532
2.8673
2.96484
2.94939
2.84943
2.64661
2.65293
2.54753
2.54372
2.483
2.47623
2.64259
2.52222
2.45991
2.31318
2.5316
2.56937
2.40219
2.61521
3.04263
2.84332
2.96439
2.68169
2.65104
2.79094
2.5822
2.3558
2.28548
2.26842
2.31126
2.26081
2.28545
2.23424
2.24126
2.12735
1.91434
2.00468
2.12381
2.06876
1.79546
1.78911
1.7203
1.52204
1.52298
1.81801
1.64129
1.57155
1.35319
1.57478
1.39384
1.35743
1.34568
1.33616
0.978391
0.938925
1.10304
1.26881
1.37962
1.1577
1.10196
1.2362
1.23429
1.20873
1.37112
1.67519
1.87593
1.4681
1.56576
2.06681
1.56914
1.85705
1.97608
2.1001
2.14664
1.95879
1.91685
1.5604
1.72479
1.73425
1.77636
1.89116
2.16875
2.06634
1.86254
1.93165
1.80196
1.43613
1.57377
1.47955
1.37037
1.40973
1.48844
1.9302
1.83353
2.0395
2.04385
2.01473
1.99054
2.07277
2.02274
2.10266
1.96463
2.1946
2.08507
2.11322
2.2244
2.04471
2.21043
2.44669
2.36408
2.4238
2.21109
2.29424
2.02911
2.14639
2.1675
2.09967
2.19634
2.2972
2.37944
2.04728
2.12645
1.96642
2.09744
2.26173
2.38849
2.45924
2.70786
2.79241
2.93248
2.83395
2.76563
2.73578
2.49547
2.46422
2.05345
2.13374
2.18812
1.89123
1.57374
1.81301
1.70585
1.51063
1.54474
1.53813
1.57705
1.62241
1.56616
2.09251
2.1849
2.25439
2.12611
1.98299
1.83839
1.83613
1.89524
1.92006
1.82312
1.78953
1.92464
1.8858
1.73837
1.92371
1.86462
1.91681
1.96671
2.02329
1.90898
2.06072
1.7596
1.67009
1.46674
1.50378
1.8454
1.93042
1.64836
1.25661
0.94967
0.830731
0.808803
0.768234
0.618564
0.643243
0.956778
0.98449
1.13153
0.921078
0.934135
0.684136
0.668425
0.603911
0.690995
0.62692
0.590848
0.655107
0.603203
0.744917
0.480606
0.618785
0.824868
0.65868
0.527827
0.428052
0.479293
0.619185
0.426385
0.505763
0.442764
0.364107
0.454076
0.51864
0.442159
0.71745
0.814723
0.831877
1.16554
1.40411
1.53234
1.5491
1.69785
1.55487
1.56765
1.4384
1.22069
0.94319
0.909855
1.19398
1.40114
1.576
1.88099
1.90482
1.91689
2.27438
2.50632
2.32225
2.31183
2.27889
2.39738
2.33893
2.46647
2.20987
1.92993
2.06797
2.04419
2.09229
2.14015
2.00127
2.02301
1.9505
2.08072
1.96505
1.94473
1.87342
1.87386
1.93393
1.81996
1.76962
1.52695
1.53968
1.46854
1.4584
1.18153
1.39284
1.49213
1.3169
1.19411
1.24049
1.12968
1.10623
0.964191
0.725684
0.943094
0.968872
0.921006
0.720499
0.494456
0.667964
0.656182
0.822522
0.978633
0.970188
1.17927
1.11768
1.29973
1.4859
1.61578
1.68963
1.63843
1.48435
1.50703
1.55396
1.30921
1.5758
1.46613
1.64943
1.51923
1.37869
1.15527
1.30372
1.21177
1.44418
1.35337
1.58205
1.63363
1.29993
1.4053
1.46358
1.44164
1.63823
1.51473
1.35082
1.14203
1.20302
1.084
1.02109
1.27011
1.1082
1.12218
1.1507
0.976098
1.29797
1.16389
1.05152
1.01269
1.09856
1.14449
0.819048
0.809873
1.14072
1.1882
1.58018
1.59902
1.53598
1.52863
1.41942
1.53426
1.65666
1.9914
2.19655
2.23343
2.06763
2.10299
1.85152
2.04529
2.02397
2.0843
2.15379
2.15202
2.3121
2.19429
2.25505
2.10318
2.23271
2.02749
1.96554
2.07676
1.92111
2.17142
2.25486
2.38988
2.10051
2.05676
1.94764
1.94366
1.60709
1.99466
1.9291
1.90302
2.17469
2.34327
2.37649
2.34187
2.40927
2.28418
2.13937
2.19079
2.41381
2.38105
2.48711
2.70827
2.85955
2.80314
2.46394
2.51466
2.5417
2.48072
2.20327
2.42676
2.3464
2.58378
2.61934
2.56841
2.67401
2.53953
2.26296
2.22666
2.20767
2.01666
2.15816
2.23279
2.18985
2.07111
1.94516
2.20542
1.95405
1.72305
1.52418
1.46451
1.36251
1.22054
1.13126
0.916743
1.17674
0.800349
0.813077
1.00896
1.22131
1.27102
1.35468
1.46682
1.78183
1.97017
1.89325
1.84731
1.86266
1.93091
1.8508
2.19127
2.22004
2.2772
2.13275
2.18247
2.12169
2.47422
2.27411
2.5885
2.34189
2.40057
2.55505
2.25609
2.10187
1.99195
2.0291
1.86748
1.85226
1.68398
1.67615
1.63922
1.6903
1.73198
1.91124
1.99616
1.90332
2.08266
2.06089
2.21788
1.91753
1.9547
1.8341
2.14714
2.35465
2.34245
2.44724
2.40282
2.49233
2.61665
2.66375
2.43915
2.48854
2.53494
2.40767
2.33061
2.11689
2.17631
2.34446
2.44047
2.11928
2.0904
1.78983
1.762
1.91885
1.97696
1.9302
1.63821
1.56775
1.62871
1.78005
1.87528
1.79725
2.00805
1.76066
1.65795
1.36454
1.26048
0.99662
0.960296
0.943761
0.57065
0.431943
0.632674
0.914155
0.900892
1.06585
1.33194
1.30711
1.35117
1.45242
1.43898
1.68538
1.75974
1.68516
1.58218
1.6248
1.42957
1.46177
1.70597
1.50804
1.44713
1.60942
1.58948
1.61974
1.49579
1.28465
1.04925
0.915224
0.933662
0.945812
0.901758
0.869262
0.947551
1.04249
1.02532
0.920719
0.86235
0.75423
0.703098
0.763086
0.814483
1.07065
0.971548
1.1669
1.26661
1.27064
1.27181
1.29018
1.33775
1.0535
1.4128
1.68455
1.60182
1.69619
1.68186
1.3839
1.26379
1.38037
1.46388
1.44908
1.66552
1.68371
1.75164
1.71668
1.73806
1.60602
1.70016
1.60546
1.76469
1.86953
1.80669
1.74347
1.56465
1.60327
1.48316
1.75079
1.5871
1.4332
1.62799
1.59225
1.46666
1.7418
1.72163
1.58549
1.6828
1.64931
1.53624
1.50483
1.69807
1.66233
1.78005
1.7117
1.54936
1.5713
1.51806
1.5125
1.48686
1.58043
1.39848
1.2786
1.4175
1.47454
1.53441
1.52006
1.41929
1.51746
1.50497
1.49971
1.39663
1.54666
1.78942
1.87362
1.83347
1.8618
1.81859
1.64557
1.62649
1.4063
1.72682
1.53226
1.2533
1.16412
1.08934
1.09285
1.25766
1.06034
0.987424
1.01338
1.0684
0.950771
1.23843
1.36509
1.38604
1.51638
1.56434
1.30391
1.30724
1.57542
1.31578
1.43765
1.6401
1.26061
1.24675
1.12159
0.991936
1.15516
1.00208
1.25259
1.52932
1.34211
1.11694
1.14257
1.09292
1.21872
1.15978
0.861459
1.33486
1.39314
1.35025
1.14367
1.22698
1.1987
1.54763
1.45515
1.38988
1.33638
1.18003
1.22508
1.24434
1.30635
1.47037
1.42767
1.52431
1.47121
1.02951
1.0193
1.15059
1.17649
1.28085
0.948498
0.741831
0.830221
0.904537
0.84748
0.711863
0.662915
0.875914
1.03972
1.21098
1.49881
1.54947
1.38234
1.31686
1.51909
1.26297
1.30495
1.4284
1.31615
1.16529
1.24566
0.873833
1.11141
0.860384
0.740819
0.832297
0.822483
0.730574
0.775032
0.773371
0.611474
0.852541
1.07959
0.989176
0.853353
0.659485
0.994698
0.805457
0.547517
0.827766
1.01569
1.06394
1.0003
1.06111
1.02247
0.931318
0.861172
0.97532
0.910015
0.78208
0.812968
1.08574
1.30408
1.66049
2.13241
2.10035
2.45375
2.52851
2.3835
2.48193
2.39924
2.26095
2.24093
2.36654
2.33311
2.32083
2.52667
2.44897
2.404
2.59566
2.57129
2.59256
2.5259
2.55264
2.3673
2.53236
2.42565
2.42532
2.37707
2.39683
2.54355
2.49956
2.56871
2.67414
2.54233
2.4089
2.37553
2.43529
2.47808
2.4198
2.48101
2.36178
2.20458
1.89959
1.74813
1.81239
1.80896
1.88821
1.7774
1.53288
1.86995
2.03649
1.87379
1.97478
1.95339
1.95889
1.66844
1.6237
1.73748
1.82156
1.94696
1.70138
1.5484
1.57963
1.81263
1.85127
2.13568
2.07179
2.28089
2.22686
2.28998
2.33956
2.28654
2.3283
2.54486
2.74092
2.78075
2.45026
2.39878
2.46393
2.38743
2.23322
2.6621
2.61245
2.47794
2.37805
2.43492
2.29128
2.43138
2.29459
2.30048
2.33243
2.36445
2.3238
2.5576
2.4356
2.34741
2.15457
2.33892
2.40395
2.25804
2.41117
2.71925
2.68305
2.66746
2.74202
2.56749
2.6978
2.46209
2.42959
2.43163
2.6282
2.82663
2.6291
2.53783
2.43153
2.35749
2.46584
2.53485
2.64372
2.5531
2.76685
2.71406
2.78222
2.69947
2.53081
2.56034
2.39501
2.41412
2.27588
2.22055
2.42726
2.38304
2.63049
2.34215
2.40294
2.47813
2.23311
1.92096
2.08152
2.24002
2.45583
2.65954
2.85139
2.932
2.83715
2.93048
2.9695
2.96361
2.73951
2.77246
2.8344
2.64853
3.02143
2.93299
3.02907
2.69244
2.66273
2.43431
2.36684
2.39148
2.30104
2.41742
2.65435
2.49656
2.62666
2.36546
2.45227
2.1038
1.64663
1.77277
1.72315
1.61913
1.75603
1.71852
1.63379
1.71698
2.39418
2.13728
2.04473
2.1254
2.2906
2.30076
2.23142
1.84124
1.96984
1.85542
1.80595
1.72903
1.98169
2.0166
2.07389
2.38131
2.29604
2.44603
2.62699
2.58871
2.57679
2.2772
2.37712
2.46842
2.56632
2.24389
2.05802
2.09376
2.10891
2.25367
2.49638
2.50658
2.59147
2.54293
2.60001
2.747
2.32022
2.18373
2.26238
2.30471
2.17078
2.14886
2.33866
2.1824
2.23358
2.14364
2.31755
2.37637
2.40331
2.43238
2.46035
2.49832
2.62737
2.04637
2.07607
2.18163
2.49506
2.40064
2.46297
2.56929
2.24551
2.59786
2.58242
2.54357
2.34838
2.38729
2.56781
2.57055
2.48723
2.20339
2.22023
2.28871
2.57546
2.38166
2.46322
2.35128
2.09059
2.12673
2.31799
2.21911
2.23202
2.19425
2.14331
2.16213
2.17671
2.19397
2.20301
1.99837
1.87407
1.57801
1.44709
1.3794
1.44018
1.23926
1.08497
1.00019
0.82948
1.05367
1.32583
1.6009
1.85577
1.60096
1.69327
1.50261
1.60224
1.82905
1.86055
1.80493
1.69197
1.68131
1.68882
1.59269
1.39783
1.19891
1.36405
1.31118
1.05603
1.24451
1.39057
1.33865
1.1511
1.13741
0.958716
0.844567
0.772539
0.807505
1.11558
1.11012
0.905105
0.952052
1.15633
1.14815
1.22323
1.42158
1.57896
1.6277
1.43936
1.39807
1.32978
1.19478
1.11703
0.946988
1.14453
1.02166
1.24548
1.34017
1.34394
1.26313
1.2543
1.25947
1.42509
1.49299
1.41398
1.47096
1.59999
1.83648
2.18124
1.81517
1.83493
1.70259
1.80988
1.14004
1.3204
1.42392
1.51891
1.55905
1.6041
1.23706
1.23307
1.3335
1.06968
1.06695
1.19212
1.10699
1.07989
1.2892
1.45569
1.47828
1.5273
1.67148
1.57222
1.48032
1.60735
1.7852
2.06421
1.97659
1.90598
1.99307
1.80925
1.60798
1.5937
1.45114
1.40951
1.42173
1.45718
1.52453
1.81587
1.89047
1.7574
1.68177
1.72318
1.73882
1.71691
1.55277
1.38243
1.57804
1.35169
1.23575
1.30374
1.08477
0.988645
1.07737
1.18764
1.16406
1.68645
1.83903
2.02944
1.93175
1.91228
1.37615
1.28972
1.27509
1.239
1.49372
1.40438
1.55423
1.61605
1.26864
1.18591
1.10222
1.06659
0.911767
1.16605
1.27489
1.38163
1.36691
1.39418
1.31351
1.51272
1.34659
1.29005
1.20407
1.22306
0.966377
1.10422
1.07864
1.28984
1.092
1.07918
1.33885
1.60232
