2.12862
2.05576
2.08075
1.87163
1.95028
1.83434
1.6666
1.69732
1.78302
1.67996
1.757
1.75979
1.93566
1.94465
1.9017
1.5327
1.47404
1.3257
1.29547
1.21851
1.13231
0.916058
0.888451
0.89447
0.753023
0.388349
0.388886
0.713168
0.672912
0.44927
0.634509
0.604672
0.779439
1.07297
1.04029
0.945304
1.08454
1.17467
1.14898
1.36867
1.36301
1.11727
1.11151
1.32599
1.29752
1.41152
1.21661
1.22309
1.338
1.10573
1.42211
1.22663
1.41139
1.32378
1.28559
1.26638
1.1963
1.47543
1.40879
1.74503
1.95889
1.5691
1.92964
2.03731
2.18296
2.30487
2.32233
1.99088
2.08405
2.18452
2.39784
2.56921
2.32815
1.97508
2.05013
1.99709
1.84553
1.84644
1.56861
1.83558
1.87293
1.94618
1.91477
1.97061
1.97739
1.86429
1.90969
2.29338
1.97145
2.2249
2.28403
2.12776
2.47878
2.35988
2.58113
2.36936
2.33677
2.42925
2.55996
2.53677
2.38577
2.35805
2.29657
2.18591
2.34417
2.4379
2.34343
2.60031
2.58081
2.50777
2.65951
2.80386
2.4748
2.65373
2.71694
2.87351
2.89697
2.43982
2.89797
2.84306
2.66544
2.7365
3.01019
2.87636
2.59601
1.91906
2.51271
2.4218
2.99405
2.80371
2.17135
2.0343
2.06118
2.41001
2.16862
1.92817
1.88176
2.10448
1.67507
1.93298
1.9649
2.24047
2.23106
2.25168
2.10241
2.18257
2.14883
2.22564
2.24209
2.25265
2.2444
1.91463
2.00413
2.092
2.18493
2.36631
2.44108
2.4151
2.81896
2.52854
2.52996
2.45218
2.44289
2.41604
2.48188
2.44579
2.55271
2.68341
2.79733
2.75867
2.66827
2.51368
2.19335
2.2369
2.1031
2.09476
2.2735
2.05107
2.07746
1.84042
1.79302
1.83223
2.00167
2.0871
1.77462
1.95837
2.00122
2.03717
2.0242
1.94802
2.05494
1.99672
2.24834
2.23694
2.25379
2.05715
1.99108
1.8984
1.90512
1.82967
1.69503
1.66385
1.88858
2.23488
2.29418
2.16217
2.16933
1.88464
2.1624
2.53422
2.50635
2.33049
2.15008
2.2401
2.19142
2.22604
1.98941
2.03185
1.9105
1.72719
1.52166
1.46387
1.42205
1.32794
1.09918
1.14317
1.06452
1.19068
1.27387
1.09019
1.20217
1.08907
1.19828
1.20613
1.29353
1.25729
1.30371
1.29486
1.16842
1.215
1.22262
1.312
1.22207
0.983781
1.00902
1.28185
1.16555
1.41757
1.54681
1.64107
2.0504
1.98324
1.97281
1.57837
1.42686
1.77889
1.66954
1.65959
1.70994
1.94515
1.81094
1.81066
2.01274
1.98294
2.01264
1.81058
1.85662
1.82358
2.1917
1.98503
1.97973
2.17937
1.96802
1.96815
2.08868
1.88995
1.98127
2.15169
2.09298
2.39398
2.11791
2.09529
1.846
2.13961
2.27247
2.37115
2.28819
2.50032
2.62325
2.83278
3.01759
2.80118
2.89099
2.57026
2.50274
2.51985
2.53456
2.72582
3.15215
3.36736
3.16641
3.19056
3.21039
3.05702
3.26117
3.10237
2.99938
3.06535
3.11253
2.89394
2.73999
2.64208
2.64628
2.71534
2.83409
2.89961
3.05637
2.9439
2.97922
2.98118
2.96932
3.05012
3.24508
3.1862
3.36178
3.57593
3.60944
3.70135
3.62433
3.7052
3.73642
3.6368
3.52859
3.98967
3.90133
4.09798
3.91863
3.7318
3.84424
3.54295
3.45575
3.52891
3.755
3.38965
3.68846
3.42767
3.34086
3.27904
2.96195
2.67512
2.25012
2.45594
2.4879
2.64386
2.34003
2.33618
2.18525
2.48533
2.57534
2.62922
2.39395
2.43774
2.31746
2.3226
2.58106
2.35281
2.47244
2.54546
2.54469
2.72577
2.28801
2.53882
2.38937
2.43107
2.47842
2.52266
2.44073
2.31549
2.14362
2.05989
2.28274
2.28033
2.30447
2.3368
2.54287
2.74081
2.64271
2.60939
2.64877
2.81624
2.35136
2.17386
2.31624
2.44
2.61269
2.62555
2.73973
2.55541
2.80015
2.74757
2.91366
2.71298
2.94355
2.94355
2.8991
3.21651
3.44381
3.5722
3.48699
3.62707
3.756
3.9873
3.91273
3.84561
3.80184
3.71673
3.64203
3.75344
3.90073
3.5942
3.67076
3.64927
3.75502
3.81215
3.64428
3.48152
3.42273
3.54747
4.07376
3.97769
4.20372
3.98368
4.15856
3.92628
3.77647
3.96509
3.9937
3.47511
3.54126
3.83483
3.7993
4.0855
4.07557
4.03743
4.00202
4.42948
4.53551
4.7203
4.67601
4.533
4.44233
4.44262
4.23578
4.39609
4.36916
4.14237
3.80447
3.84969
4.314
4.30274
4.06888
4.06768
4.1367
4.27616
4.07965
4.23796
4.38796
4.38858
4.24416
4.31237
4.2706
4.11487
4.01558
4.39751
4.728
4.91147
5.17851
4.88044
4.72543
5.00299
5.08398
4.98851
4.96595
4.80515
4.89762
4.93311
4.64163
5.10379
5.13186
4.90844
5.01538
5.18783
4.93447
4.95336
4.94112
4.99644
5.20985
5.3135
4.92612
5.15166
5.16165
5.19944
5.22407
5.42285
5.40517
5.3663
5.65202
5.95908
5.8876
5.97788
5.83396
5.80134
6.04557
5.89226
5.97501
5.63328
5.53323
5.89259
5.67717
5.40787
5.1666
5.02625
5.12347
4.86239
4.73354
4.48842
4.78432
5.1059
5.19557
5.26548
5.20288
5.05569
4.89772
5.18694
4.95591
5.05359
5.13381
5.05281
5.0903
4.85916
4.80554
5.07699
4.61631
4.62059
4.62187
4.96526
5.08488
5.10219
5.24937
5.32686
5.30729
5.41953
5.14759
4.84487
4.7001
4.80159
4.66929
4.55106
4.33717
4.38991
4.57404
4.96532
4.77608
4.53948
4.66884
4.9226
5.24878
5.2812
5.18935
5.23707
5.27954
5.3924
5.43079
5.5197
5.50743
5.88147
5.92807
6.17812
5.92736
6.19447
6.15227
6.10057
6.15773
6.08276
6.36008
6.75054
6.66434
6.73684
6.58003
6.63735
6.79915
7.35321
7.87881
8.04462
8.21289
8.41769
8.95761
9.13585
9.13826
9.36364
9.36211
9.18303
9.33604
9.03869
9.58052
9.65128
9.92397
10.0373
9.80892
9.53985
9.60064
9.92198
9.79482
9.66579
9.72988
9.73685
9.8463
9.71936
9.94196
9.72928
9.60569
9.60708
9.62048
9.69128
9.70391
9.72456
9.60514
9.70011
9.66491
9.6279
9.3989
9.45079
9.72983
9.75981
9.96162
9.69847
9.5309
9.45826
9.33498
9.34206
9.02147
9.06029
9.09798
8.83971
9.0955
9.03225
9.03538
9.24398
9.72488
10.0126
10.0867
9.97759
9.90144
9.72707
9.45108
9.39389
9.62488
10.077
10.062
10.042
10.0204
10.0582
10.0026
9.85261
10.1272
9.99076
10.2934
10.0281
9.95099
9.69921
10.2778
10.4937
10.4758
10.3735
10.1871
10.2331
10.2017
10.2754
10.1048
10.0927
10.2745
10.3805
10.3281
10.4009
10.5798
10.7945
10.634
10.5306
10.2596
10.362
9.93249
9.81416
9.68507
9.86801
9.89638
9.40784
9.36035
9.07448
8.88745
8.64378
8.7651
8.81625
8.69581
8.60528
8.52163
8.56532
8.83597
8.59346
8.85
8.69092
8.59098
8.89478
8.90125
9.19304
9.38609
9.29647
9.53341
9.71326
9.66687
9.72571
10.0416
10.1506
10.0459
9.92903
9.59016
9.21888
9.12042
9.00791
8.86343
8.75838
8.95078
9.19811
9.21623
9.02611
8.94523
8.78982
8.44443
8.57171
8.74143
8.99374
8.764
8.71834
8.71653
8.80257
8.685
8.69773
8.8322
8.71859
8.80698
8.78713
8.54453
8.69192
8.54011
8.49897
7.98917
7.8914
7.53419
7.67238
7.67998
7.55497
7.80196
7.70739
7.59445
7.17339
7.03285
7.05283
7.23574
7.18909
7.55788
7.47025
7.4762
7.37389
7.17855
7.37237
7.18279
7.3689
7.45319
7.52556
7.5003
7.23932
6.92172
6.88349
6.84923
6.78749
6.81247
6.70129
6.72929
6.56883
6.41004
6.74452
6.81647
6.83286
6.89588
6.83375
6.92334
6.98452
6.71595
6.6652
6.64639
6.54964
6.49648
6.55771
6.46813
6.41207
6.58754
6.46633
6.38842
6.42621
6.24843
6.42978
6.3128
6.55193
6.61948
6.9291
6.99485
6.9035
6.33292
6.76835
6.65233
6.80684
6.87682
7.03963
7.30582
7.06619
6.98953
7.06304
6.80056
6.60704
6.68057
6.37572
6.64807
6.69698
6.88245
6.77364
6.93595
6.67955
6.73608
6.83811
6.59493
6.87442
6.42243
6.6357
6.43036
6.63175
6.36806
6.39749
6.51349
6.63793
6.67632
6.78967
7.02534
7.12063
6.86839
6.99907
7.18578
7.39344
7.38607
7.39472
7.11717
7.17898
7.36095
7.15325
7.09534
7.03437
6.69917
6.81772
6.67618
6.84475
6.89485
6.54839
6.51879
6.14141
6.37819
6.35043
6.27725
6.53161
6.25201
6.30852
6.41701
6.53595
6.1091
6.06659
5.78919
5.74773
5.59322
5.71705
5.88388
6.20279
5.96649
5.67762
5.8071
5.83833
5.70302
5.58949
5.32797
5.48773
5.34233
5.38087
5.14811
5.24953
5.48608
5.28049
5.34149
5.47971
5.2792
5.13704
4.88245
4.77675
4.62355
4.34589
4.47787
4.14944
4.10036
4.02839
3.97479
3.98893
3.98141
4.07968
4.11533
4.09728
4.08055
4.07185
4.09699
3.98481
4.27635
4.16838
4.15657
4.03783
4.04225
4.27652
4.31922
4.28685
4.46164
4.55663
4.62339
4.32431
