5.49488
5.30058
5.29042
5.40589
5.34876
5.21693
5.15155
5.35785
5.40533
5.29499
5.24136
4.93015
5.13993
5.202
5.22334
5.10859
4.78972
4.77981
4.78899
4.70636
4.43036
4.45966
4.54868
4.63819
5.02674
4.98064
5.13816
5.13725
5.01569
4.96605
5.10091
5.12278
5.13751
5.24533
5.29222
5.62151
5.58283
5.72841
5.64779
5.44373
5.21333
5.41626
5.2951
5.38774
5.43758
5.43727
4.98757
5.11228
5.1008
4.92577
4.73033
4.63877
4.7738
4.95956
5.12321
4.72482
4.38698
4.64458
4.63447
4.74336
4.866
4.80846
4.41126
4.44039
4.28915
4.03524
4.39603
4.31043
4.55772
4.50283
4.40316
4.36623
4.66007
4.96137
4.8273
4.81607
4.48755
4.29622
4.30179
4.06672
4.09017
4.20578
4.11845
4.05061
3.73172
3.62161
3.66617
3.60201
3.62798
3.65711
3.69513
3.75442
3.57308
3.42556
3.40473
3.44063
3.43705
3.55812
3.33971
3.53344
3.98543
3.86855
3.58255
3.51185
3.5276
3.39123
3.51207
3.35711
3.23782
3.27455
3.2423
3.29678
3.21188
3.13386
2.8663
2.91168
3.15595
3.21708
3.49178
3.03133
2.84947
3.01983
3.33135
3.2328
3.04907
2.94429
2.79378
3.00534
2.87337
2.84376
3.02391
3.00829
3.00227
2.75071
2.63645
2.60037
2.61466
2.56232
2.56878
2.74354
2.91447
3.03504
2.72137
2.68395
2.81777
2.78625
2.86749
2.8931
2.95479
2.86577
2.79071
2.59008
2.70069
2.61147
2.5862
2.3363
2.15342
2.28849
2.30309
2.11089
2.18825
1.97697
2.15873
1.94581
1.83627
1.91912
2.18551
2.02541
2.06462
1.94559
2.03645
2.19377
2.14682
2.33019
2.50188
2.34065
2.3868
2.43628
2.56962
2.4158
2.58072
2.65569
2.50324
2.67783
2.57109
2.80704
2.90231
3.0915
3.05009
3.47114
3.29437
3.21017
3.33039
3.24904
3.38613
3.11556
2.74923
2.60139
2.70643
2.66918
2.71143
2.78372
2.66743
2.67945
2.69991
2.92132
2.91747
3.13436
3.25014
3.08833
3.00003
2.6347
2.56578
2.56665
2.35703
2.20294
2.14191
1.96569
1.80315
1.56334
1.43793
1.32692
1.36438
1.2514
1.36958
1.37503
1.19932
1.30548
1.52854
1.45874
1.58448
1.68641
1.81634
1.51092
1.59742
1.54754
1.74653
1.71148
1.44188
1.14638
1.04031
0.950634
0.861549
0.788747
0.72738
0.799464
0.949147
1.04204
0.734337
0.988982
1.08311
0.928009
1.03918
1.30478
1.17254
1.34756
1.31913
1.65838
1.59333
1.47121
1.54743
1.64106
1.52578
1.42827
1.16732
1.15459
1.10522
0.798567
1.08095
1.06011
1.06363
0.932743
0.868278
0.98166
0.927432
0.81801
0.809782
0.932309
1.12328
1.42471
1.25759
1.29226
1.21737
1.58287
1.6175
1.83037
1.97569
1.68625
1.51937
1.27648
1.68369
1.80049
1.89581
1.97368
1.56114
1.51995
1.59194
1.62534
1.4251
1.37603
1.69078
1.81665
1.82916
1.83419
1.96006
1.83414
1.61627
1.31313
1.26189
1.20064
1.25501
1.27269
1.39148
1.12048
0.882671
1.03194
1.00668
0.866025
0.663487
0.878035
0.798877
0.694973
0.521712
0.360555
0.384929
0.363449
0.400093
0.391285
0.278191
0.347387
0.573062
0.765506
0.962321
0.763319
0.838945
0.505639
0.612811
0.83159
0.612999
0.577799
0.496754
0.490024
0.623096
0.545755
0.325119
0.0426855
0.425166
0.147744
0.22816
0.131353
0.1803
0.283276
0.154805
0.402111
0.614846
0.260285
0.104922
0.263214
0.27931
0.164924
0.226903
0.203961
0.599333
0.709528
0.864316
0.938739
1.1095
1.30009
1.28782
1.17289
1.36669
1.05177
0.678481
1.10742
0.81654
1.11756
1.00302
1.20641
1.15987
1.3369
1.3417
1.50324
1.45348
1.30017
1.00671
1.02879
1.17609
0.997008
0.909211
0.750566
1.04582
1.14269
1.14801
1.17227
1.11339
0.828476
0.865973
0.878725
0.58374
0.860884
0.712085
0.709508
0.608817
0.710598
0.66783
0.784814
1.04084
0.746961
0.777298
0.611688
0.712132
0.581246
0.822673
0.979592
1.14632
1.0339
1.21107
1.37108
1.43776
1.4738
1.72654
1.56378
1.62554
1.68801
1.74236
1.98337
1.93475
2.22614
1.93678
1.87964
1.81905
1.49716
1.4747
1.71248
1.47336
1.75927
1.49929
1.16335
1.19658
0.96839
0.871274
0.815931
0.919125
1.16501
1.13863
1.06406
0.869357
0.383424
0.286602
0.448873
0.546133
0.557183
0.865852
1.28881
1.33611
1.09105
0.843129
0.658242
0.654037
0.521883
0.670566
0.683848
0.787366
0.774504
0.736473
0.838663
0.83749
0.882199
0.813325
0.717776
0.894539
1.11831
1.45313
1.54077
1.56548
1.31936
1.37324
1.49015
1.40892
1.5604
1.51107
1.61246
1.75436
1.69701
1.8992
1.82187
1.73059
1.83153
1.69315
1.75136
1.73823
1.94009
1.93424
2.12639
1.95215
2.09053
2.02665
2.04271
2.2415
2.33813
2.25503
2.12898
2.38599
2.16411
2.43982
2.39241
2.41963
2.5266
2.24924
2.46488
2.45204
2.37725
2.34929
2.23313
2.23625
2.51957
2.34934
2.40255
2.61924
2.80359
2.84887
2.77854
2.63779
2.71482
2.6556
2.48579
2.38583
2.41881
2.58683
2.31687
2.22454
2.20788
2.13433
1.92416
1.79756
1.46066
1.78227
1.57571
1.62549
1.86836
1.86221
1.867
2.07492
2.02003
2.08559
2.07601
2.35104
2.41383
2.63877
2.37158
2.70697
2.56385
2.31739
2.29464
2.25536
2.20208
1.894
2.07206
1.94908
1.93399
1.76804
1.90823
1.89055
1.84408
1.95537
2.50257
2.48814
2.65455
2.39712
2.35188
2.51519
2.55881
2.36684
2.01708
2.04487
2.12211
2.38756
2.49039
2.46024
2.39628
2.61884
2.38651
2.58979
2.70109
2.65766
2.24879
2.16796
2.44131
2.29408
2.46335
2.56531
2.31954
2.26955
2.36309
2.46031
2.29209
2.15048
1.88862
1.73285
1.72901
1.58068
1.68876
1.56452
1.67112
1.98472
2.09727
2.28371
2.08204
2.13454
2.09773
2.05967
2.00366
2.33716
2.47847
2.72177
2.13971
2.03486
1.73746
1.61961
1.93057
2.15383
2.26072
1.8807
1.87317
2.03222
2.25154
2.27019
1.756
2.00009
1.82917
1.76671
1.74492
1.53958
1.75658
1.81163
1.93575
1.9786
1.94459
1.98665
1.93772
1.89833
1.49541
1.49424
1.5631
1.54207
1.41574
1.73728
1.51814
1.56668
1.48424
1.84049
1.66519
1.74459
1.73686
1.8478
2.25423
2.17399
2.21319
2.32714
2.26856
2.16461
2.10822
2.23649
2.33925
2.46504
2.61162
2.45186
2.57524
2.63731
2.5881
2.41291
2.65337
2.8127
2.93458
2.97749
3.01761
3.13213
3.29975
3.10336
2.67486
2.82696
2.9005
2.98925
2.664
2.65935
2.46587
2.5984
2.38037
2.18776
2.28594
2.47825
2.44183
2.6872
2.65096
2.66035
2.30534
2.38756
2.18055
2.30515
2.19781
2.29663
2.30752
2.11515
1.81322
1.70707
1.75285
1.97292
1.87921
1.9104
1.73178
1.69722
1.68691
1.56072
1.58048
1.45923
1.61032
1.63408
2.07135
2.03769
1.87516
1.81946
1.62875
1.39788
1.48908
1.42083
1.55849
1.5152
1.66138
1.70541
1.82566
1.67533
1.52044
1.74648
1.83815
1.85021
1.63645
1.41698
1.37348
1.31912
1.61173
1.5932
1.44797
1.46094
1.55599
1.49322
1.34308
1.2416
1.22645
1.35189
1.23152
0.950536
0.774153
1.07073
1.34188
1.07406
1.08237
1.21181
1.01996
1.33397
1.48174
1.26639
1.28808
1.28607
1.44416
1.29283
1.58512
1.75441
1.89207
1.50586
1.81618
1.64446
1.8241
1.95482
1.95096
2.17234
2.1329
1.89807
1.84429
1.62543
1.71829
1.60464
1.64679
1.35764
1.49623
1.37332
1.43305
1.40209
1.27101
1.23253
1.36542
1.26967
1.34161
1.22951
1.36457
1.23423
1.29102
1.33656
1.49385
1.41869
1.54183
1.58953
1.47284
1.6929
1.76768
1.73303
1.72338
1.59392
1.69949
1.719
1.84424
1.89567
1.63636
1.76644
2.01499
2.11989
2.00734
2.05389
2.16749
2.33309
2.44362
2.41509
2.63071
2.43399
2.53354
2.4382
2.22153
2.40231
2.29523
2.53383
2.5999
2.64418
2.63429
2.72004
2.64708
2.60637
2.40461
2.35899
2.80721
2.59876
2.62929
2.59607
2.60651
2.58386
2.63937
2.32167
2.26711
2.4211
2.39929
2.30882
2.39426
2.46716
2.50202
2.3348
2.17841
1.98111
2.00522
1.95175
2.03353
1.89096
1.89816
1.83474
1.88617
1.95107
1.62511
1.61102
1.70062
1.8369
2.01853
2.01388
2.15488
2.30154
2.49044
2.69068
2.43035
2.36319
2.39141
2.24992
2.27473
2.0738
2.0685
2.33644
2.26887
2.07858
2.02762
1.96003
1.98336
1.4626
1.47643
1.49905
1.52588
0.918451
0.970085
0.999162
1.17897
1.03286
1.24687
1.47575
1.47118
1.50334
1.48777
1.5747
1.62907
1.54066
1.40799
1.32023
1.37581
0.909505
1.04838
1.10898
1.48689
1.5356
1.66362
1.59452
1.59979
1.57325
1.57016
1.65033
1.72638
1.91911
1.64812
1.78674
1.77632
1.73554
1.64662
1.63767
1.67455
1.83009
1.82018
1.62707
1.36608
1.48067
1.12316
0.932356
0.933851
0.791718
0.620725
0.908389
1.15863
1.36141
1.45807
1.5564
1.65373
1.51048
1.52846
1.3511
1.35675
1.35611
1.57105
1.54312
1.51949
1.57639
1.70394
1.41524
1.19846
1.23155
1.34482
1.53251
1.68936
1.70818
1.69822
1.59629
1.95157
2.03122
1.96648
2.09081
2.35453
2.3744
2.45471
2.30225
2.20425
2.51006
2.60021
2.76398
2.81083
2.90508
2.80312
3.08109
2.77492
2.773
3.21719
3.28676
3.01113
3.10803
3.01811
2.95224
2.9472
2.67467
2.52519
2.46952
2.51572
2.59774
2.64763
2.65147
2.67149
2.35148
2.81261
3.02515
2.87711
3.09011
2.95014
2.69189
2.64851
2.79324
2.71007
2.87365
2.79961
2.72134
3.06397
2.96679
3.24076
3.06857
2.98098
2.85579
2.83485
2.66171
2.89043
3.00866
2.9588
2.66467
2.80996
2.77982
2.83908
2.71533
2.50664
2.35008
2.24243
2.20726
2.13045
2.34
2.2631
2.21745
2.3471
2.44976
2.44558
2.55761
2.71584
2.51567
2.3449
2.65557
2.73151
2.34269
2.49937
2.59325
2.54761
2.55353
2.33169
2.35721
2.50565
2.4529
2.54869
2.84022
2.83579
2.62627
2.54579
2.53305
2.73295
2.95274
3.1343
3.12354
3.11079
3.08926
3.07841
3.23349
3.13236
2.89495
2.93376
3.04909
2.89381
2.91158
2.8392
2.86933
2.77653
2.94845
3.03462
3.00022
3.22675
3.39493
3.30286
3.44627
3.31298
3.26292
3.03217
2.89906
2.71773
2.33266
2.30377
2.15193
2.12328
2.26848
2.25864
2.37829
2.27759
2.27012
2.071
2.08894
1.80174
1.76511
1.79699
1.65095
1.81623
1.91558
1.8881
1.75371
1.97433
2.34371
2.2378
2.06143
1.70137
1.5092
1.66278
1.52898
1.65037
1.84081
2.20886
2.23844
2.12492
2.02887
2.10062
2.03718
2.1659
2.35614
2.17956
2.04984
2.11122
2.0149
2.0163
1.9574
1.83927
1.85684
1.95849
1.90245
1.65211
1.48391
1.38373
1.25166
1.1954
1.03175
1.19919
1.0755
1.07118
1.02238
0.983332
0.90981
0.915943
0.919396
1.01644
1.30453
0.940883
0.997834
0.591465
0.747351
0.469587
0.430423
0.405041
0.231963
0.648547
0.532143
0.880393
0.894884
1.09811
1.12387
1.14634
1.37557
1.57735
1.61285
1.7477
1.50481
1.59262
1.5711
1.45115
1.39205
1.527
1.6777
1.79658
1.95719
2.07325
2.33187
2.38869
2.38154
2.18381
2.10941
1.67181
1.77276
1.92702
1.93753
1.60077
1.60154
1.43413
1.53122
1.5772
1.57858
1.49903
1.36751
1.45965
1.34333
1.55741
1.46962
1.31227
1.3058
1.46489
1.2978
1.1734
1.11988
1.4271
1.31531
1.34867
1.33862
1.35732
1.41919
1.49622
1.38753
1.45497
1.45991
1.11334
1.46903
1.77197
1.57579
1.70795
1.98749
1.94384
1.80596
1.89476
2.07861
1.97461
2.17602
2.79283
2.90149
3.06012
3.4554
3.38176
3.28563
3.28699
3.26043
3.20895
3.20772
2.82254
2.80728
2.62421
2.79362
2.7229
2.59346
2.33274
2.30974
2.42729
2.25938
1.90999
1.77854
1.4963
1.53173
1.55963
1.6363
1.63001
1.74069
2.07277
1.92688
1.90624
1.93216
1.98785
2.05976
2.034
1.78893
1.90952
1.87364
1.92245
2.07695
2.36191
2.34094
2.41839
2.32846
2.45801
2.38954
2.31774
2.68336
2.77088
2.94808
2.75675
2.57004
2.6142
2.4508
2.48139
2.43552
2.37947
2.04943
1.96373
1.90426
2.05175
1.91005
