4.32698
4.52782
4.365
4.44572
4.50566
4.40139
4.61113
4.33066
4.1305
4.07041
4.23536
4.05527
3.96511
4.0391
4.26849
4.1541
4.27711
4.17673
4.28357
3.98999
3.81646
3.9542
3.95943
3.95347
4.2526
4.38334
4.56411
4.88466
4.70114
4.66513
5.03131
5.14197
5.07095
5.01329
4.8618
5.03372
5.17903
5.15362
5.29513
5.07786
5.12103
5.06074
4.9851
5.12703
5.25726
5.33712
5.63235
5.59578
5.32615
5.22027
5.49971
5.38533
5.49925
5.44248
5.51121
5.65564
5.76027
5.8773
5.74892
5.6823
5.8378
6.03884
6.05276
5.88901
5.57478
5.98511
6.09307
6.44551
6.39979
6.19408
6.40306
6.21026
6.15445
6.25091
6.46896
6.54753
6.57263
6.69597
6.75824
6.53764
6.11458
6.15951
6.02021
6.34892
6.41978
6.76025
6.95975
6.90241
7.00785
7.19128
7.23109
7.16497
7.57707
7.69141
7.69826
7.80288
8.23388
7.94388
8.30391
8.29964
8.28159
8.25319
8.24488
8.26196
8.43966
8.60422
8.36804
8.41185
8.45826
8.54736
8.55802
8.49795
8.16409
8.34133
8.06614
8.18542
7.99798
8.029
7.91941
7.79337
7.97931
7.93641
8.1305
8.58451
8.70546
8.55652
8.41476
8.43425
8.18664
7.74957
7.78992
7.53319
7.27877
7.6164
7.69774
7.82449
7.64105
7.68806
7.63825
7.75834
8.01598
7.85227
7.99845
8.13402
8.0931
8.05405
8.05535
8.07213
7.93597
8.07676
8.24156
8.06285
7.96548
7.74209
7.68695
7.82938
7.34528
7.42297
7.4963
7.61643
7.74424
7.74974
7.70914
7.6973
7.47298
7.59262
7.28001
7.73558
7.60886
7.66211
8.00117
8.3627
8.6332
8.6007
8.42434
8.533
8.79846
8.48436
8.65028
8.65716
8.61395
8.57189
8.62371
8.51172
8.62712
8.4414
8.59339
8.53492
8.59931
8.79868
8.90122
8.48611
8.40844
7.9263
8.13163
7.84865
8.08678
7.965
8.05091
8.02557
8.05541
8.58789
8.701
8.73732
8.4836
8.33464
8.31821
8.47332
8.629
8.58681
8.8812
8.98142
8.83433
9.17008
9.09031
8.77111
8.48293
8.66707
8.52501
8.44577
8.16032
8.23315
8.23904
8.17158
7.95496
7.61066
7.34143
7.18659
7.5161
7.05265
7.34413
7.43925
7.69187
7.67622
7.58603
7.47821
7.60666
7.71795
7.69859
7.95429
7.91048
7.96971
7.77138
7.84149
8.12047
8.01714
8.07218
8.14205
8.40374
8.06925
8.18867
8.39036
8.39214
8.09676
8.44261
8.6302
9.08785
8.9393
8.87297
8.61544
8.75703
8.78128
8.63231
8.82595
8.73365
9.01841
9.22994
9.19503
9.22998
8.9569
9.01058
9.10576
8.91404
9.05739
8.89127
8.99411
9.31495
9.33673
9.40954
9.4005
9.69446
9.59865
9.48251
9.32192
9.52451
9.44489
9.54593
9.75882
9.95161
9.7694
9.93126
9.74831
9.41669
9.36916
9.49222
9.91413
10.2514
10.2285
10.0643
10.1415
10.1269
9.94717
9.9506
9.82169
9.45733
9.61339
9.42788
9.58788
9.30044
9.27131
9.19062
9.23872
9.3424
9.20077
8.97228
8.94924
9.09732
9.18054
9.25651
9.18832
9.49202
9.80244
9.50612
9.28073
9.16427
9.21637
8.8063
8.88598
8.79515
8.88451
8.65535
8.48581
8.6951
8.79531
8.92761
9.0202
8.99473
8.8327
8.63161
8.67682
8.66067
8.7422
8.59693
8.95226
9.12506
9.23047
9.12232
9.4267
9.91581
10.7853
10.3797
10.1537
9.9359
9.96326
10.2068
10.5924
10.4038
10.4294
10.3318
10.2173
9.85939
10.2575
10.5942
10.2539
10.48
10.5314
10.438
10.5535
10.9115
10.6507
10.4032
9.92991
10.0123
10.1329
10.3248
10.2223
10.1909
10.3278
10.4787
11.1589
11.6603
