0.389748
0.452313
0.416667
0.532482
0.354316
0.416644
0.480296
0.224213
0.205126
0.394987
0.743054
0.616448
0.552788
0.616002
0.563504
0.90703
0.852777
1.06532
0.828918
0.666918
0.586818
0.615878
0.677565
0.533535
0.821194
0.943479
0.875143
1.10641
1.31875
1.29189
1.24927
1.19938
1.24777
1.31229
1.12524
1.11014
1.19448
1.12234
0.76571
1.06007
1.08997
1.17198
1.1476
1.18793
1.2765
1.2337
1.19996
1.21085
1.22828
1.01526
0.961509
0.80356
0.879552
0.927413
0.891806
0.867722
0.914417
0.824495
0.977638
0.993537
0.934228
1.35195
1.24514
1.06976
0.827962
0.953579
1.1235
1.03551
1.12986
1.16796
1.44149
1.46582
1.49136
1.42927
1.4568
1.6614
1.50015
1.45261
1.4944
1.50567
1.36179
1.49887
1.5769
1.16385
1.3523
1.3441
1.52892
1.51305
1.55291
1.41886
1.78272
1.57662
1.48428
1.61902
1.71931
1.70338
1.5554
1.47246
1.41421
1.10878
0.84316
0.829928
0.869372
0.703825
0.550627
0.887381
0.806868
0.707616
0.892479
1.07078
1.2578
1.07838
0.829984
1.03561
0.880849
1.21005
1.19098
1.2119
0.979364
0.792028
1.07812
0.933705
0.845747
0.888887
0.830728
0.846412
0.884637
1.17236
1.21377
1.21388
1.18152
1.15373
1.06921
0.98241
1.03388
1.05505
1.14769
1.07227
1.17425
1.44406
1.46281
1.59294
1.48886
1.47108
1.33321
1.48899
1.54207
1.4182
1.22362
1.2061
1.12197
1.07959
0.976719
0.919183
0.879444
0.985445
1.01772
1.16063
1.56829
1.51463
1.57114
1.46262
1.71161
1.77325
1.85264
1.545
1.49565
1.53398
1.68269
1.75379
1.85282
1.95341
1.97451
2.14606
2.12504
2.32303
2.15762
2.12231
2.63761
2.81227
2.96063
2.98322
2.9132
2.82612
2.84891
2.93954
3.03065
2.85529
2.76206
2.82307
2.67863
2.53975
2.66211
2.54771
2.82789
2.71235
2.71566
2.86614
2.90831
2.8835
3.02593
2.89487
2.5912
2.55451
2.43573
2.4221
2.50679
2.3106
2.34556
2.42464
2.533
2.13702
2.19904
2.13117
2.24365
2.1702
2.35778
2.31458
2.24297
1.94717
1.59487
1.50745
1.29649
1.35194
1.22187
1.21912
1.48212
1.30375
1.28997
1.141
1.34383
1.49289
1.53848
1.5807
1.52015
1.76777
1.43746
1.55768
1.317
1.43805
1.51296
1.62853
1.49863
1.50459
1.55323
1.75402
1.87849
1.74331
1.52851
1.50617
1.67766
1.72709
1.82272
1.97294
1.92253
2.08202
2.16858
2.17521
2.01085
1.85815
1.9991
2.38035
2.00533
1.71427
1.62738
1.96705
1.74875
1.70052
1.58926
1.64782
1.53193
1.38113
1.62704
1.53013
1.32661
1.35346
1.46123
1.48346
1.50446
1.40063
1.35245
1.26661
1.39277
1.47367
1.54692
1.44326
1.5126
1.30081
1.42584
1.36505
1.2912
1.42331
1.62303
1.57212
1.49535
1.51988
1.27185
1.3366
1.0915
1.25619
1.13254
1.15392
1.17988
1.16245
0.817284
0.738728
1.03969
0.931345
0.843349
0.898946
0.957813
1.17283
1.24572
1.37796
1.70569
1.53908
1.504
1.48698
1.63179
1.53616
1.60876
1.49159
1.52928
1.32287
1.69993
1.62978
1.57476
1.66709
1.6816
1.6587
1.5564
1.59684
1.31121
1.17586
1.01598
0.966261
0.984746
1.13814
1.17881
1.12887
1.31023
1.24032
1.31702
1.41039
1.35379
1.23951
1.17911
1.34728
1.15865
1.00265
1.16812
1.35541
1.27618
1.35109
1.3167
1.32226
1.17858
0.919082
1.04164
1.07915
1.11247
1.00321
0.831973
0.758273
0.742035
0.752734
0.561131
0.476478
0.582882
0.644353
0.523654
0.51726
0.789998
0.892328
0.742479
0.657863
0.655272
0.979539
1.1636
1.24766
1.27571
1.3343
1.39779
1.36788
1.22846
1.50533
1.33607
1.42562
1.51892
1.32497
1.20932
1.37248
1.22783
1.16847
1.12605
1.04681
1.02234
0.918227
0.832535
0.65372
0.447771
0.663611
0.527552
0.560557
0.556498
1.02238
0.986784
0.92509
1.16695
1.08802
1.07524
0.93865
0.82174
0.769068
1.05202
0.92812
1.00538
1.15871
1.09586
0.998444
1.0812
1.17813
1.40826
1.56268
1.56764
1.69869
1.70001
1.77948
1.83767
1.65842
1.69677
1.57752
1.52054
1.53838
1.71177
1.49803
1.73433
1.7075
1.64074
1.60001
1.55645
1.35738
1.38575
1.35007
1.48668
1.52827
1.50924
1.52325
1.46097
1.40929
1.24137
1.36697
1.43413
1.52507
1.41211
1.39846
1.55908
1.68146
1.67483
1.75604
1.6582
1.64055
1.79528
1.96326
2.0314
2.03396
2.12836
1.85633
1.91816
1.78431
1.67162
1.56454
1.6148
1.48761
1.50497
1.41566
1.438
1.41723
1.38911
1.32652
1.43489
1.36219
1.11088
0.992812
1.14519
1.28932
1.16078
1.395
1.36538
1.66247
1.80421
1.58925
1.61034
1.68867
1.69789
1.75723
1.70933
1.64706
1.60425
1.51456
1.50619
1.62568
1.80048
1.90692
1.83692
1.79278
1.80751
1.65012
1.61797
1.53972
1.41497
1.50126
1.54339
1.56522
1.55835
1.56711
1.50731
1.516
1.60282
1.84278
1.65472
1.5339
1.40517
1.35322
1.3551
1.55599
1.54826
1.58684
1.55176
1.3794
1.35492
1.39146
1.25386
1.32163
1.36887
1.45454
1.68664
1.75832
1.79348
1.73154
1.92563
1.87548
1.85037
1.81273
1.84198
1.82919
1.65474
1.59051
1.4921
1.84792
1.92474
1.92914
1.83282
1.86581
1.87162
2.02094
2.00064
2.09331
1.99382
1.80245
1.73951
1.43554
1.5093
1.51894
1.5949
1.53037
1.39954
1.42229
1.39851
1.39878
1.33586
1.11332
0.97681
0.936532
0.975921
1.01119
1.03585
0.827969
0.959636
0.897964
0.694407
0.492452
0.605459
0.808111
0.892212
0.791063
0.888441
1.06937
1.43904
1.2453
1.38204
1.12833
0.897067
0.752544
0.941621
1.0774
1.26798
0.983802
1.11873
1.25569
1.5019
1.42231
1.54996
1.62407
1.64874
1.43086
1.3474
1.40916
1.4397
1.35484
1.2815
1.22163
1.23261
1.04951
0.949705
1.02
1.08086
0.901319
1.1817
1.28691
1.11072
1.07184
0.932018
0.941227
1.06039
1.15909
1.32576
1.42742
1.37801
1.27005
1.31499
1.36021
1.58711
1.69534
1.29226
1.44179
1.50969
1.48045
1.35117
0.939927
0.814552
0.72771
0.862652
0.892035
0.913781
1.11045
1.00682
1.00683
0.983399
0.680492
0.935985
0.937676
0.55328
0.764226
0.836469
0.809638
0.903285
0.897162
0.786612
0.878777
0.774407
0.939973
0.904061
0.959325
0.974359
1.04865
1.06306
1.18288
1.48359
1.56495
1.64429
1.60947
1.87125
2.23789
2.35485
2.44169
2.49322
2.76851
2.70995
2.892
3.04689
3.06434
3.04209
3.03568
3.1676
3.20556
3.29442
2.94847
2.85271
2.86245
2.63254
2.3488
2.42783
2.53004
2.95325
2.98564
3.18814
3.21541
2.96372
2.859
2.87805
2.70406
2.45729
2.57426
2.3832
2.45331
2.39933
2.24735
2.36317
2.4281
2.33488
2.19837
2.05713
2.06764
2.23718
2.16938
2.08698
1.95765
1.9595
1.79117
1.61504
1.39882
1.29183
1.34206
1.47067
1.42235
1.47585
1.15041
0.69901
0.748539
1.26653
1.98257
1.71997
1.78131
1.60537
1.89068
1.63451
1.7481
1.48162
1.59785
1.4667
1.51666
1.30246
1.14464
1.00223
0.835192
0.902635
1.03121
0.844957
0.687614
0.725358
0.635438
0.882776
0.953216
1.04388
1.11085
1.30201
1.22791
1.05923
1.02038
0.845604
1.28229
1.2341
1.00549
1.1678
1.2199
1.12423
1.15001
1.29885
1.26701
1.1985
1.12485
1.02195
1.11258
0.873741
0.958324
0.747102
0.764559
0.948851
0.689592
0.483284
0.55879
0.756024
0.698399
0.377
0.2533
0.4523
0.534778
0.445922
0.599765
0.800054
0.852022
1.05665
1.03885
1.03878
1.16687
1.03567
1.30484
1.39797
1.24035
1.43898
1.34638
1.48323
1.57051
1.4132
1.4127
1.5107
1.31062
1.45261
1.48425
1.9313
1.618
1.39973
1.52913
1.27873
1.10515
1.11462
1.16496
1.26292
1.27643
1.35831
1.48197
1.1302
1.16511
1.28387
1.40857
1.31526
1.2293
1.34543
1.57598
1.54319
1.60888
1.75639
1.69091
1.68204
1.70782
1.31706
1.15579
1.27819
1.51185
1.16415
1.39061
1.42768
1.45551
1.62188
1.47457
1.44788
1.2985
1.20086
1.50812
1.33247
1.10054
0.978472
1.10595
1.2341
1.20007
1.24398
1.26086
1.19167
1.06007
1.05412
0.993127
0.769778
0.628711
0.482588
0.66428
0.714639
0.773368
0.861222
0.696821
0.726132
0.468031
0.434933
0.687916
0.485786
0.256392
0.385366
0.190575
0.286075
0.16445
0.140348
0.0725238
0.254385
0.208329
0.268448
0.444276
0.287619
0.163554
0.142395
0.485201
0.477468
0.470694
0.328282
0.366016
0.456483
0.153787
0.199183
0.295861
0.524741
0.657442
0.928492
0.832081
0.916549
0.965919
0.925685
0.81041
0.874005
1.04631
1.28331
1.25455
1.26162
0.980422
0.798428
0.825473
0.626934
0.549314
0.696009
0.376487
0.358825
0.426174
0.386231
0.362406
0.502786
0.585969
1.02267
0.670428
0.897731
0.903617
0.927935
0.842603
0.887208
1.02227
1.1133
1.02313
1.10281
1.13385
1.28941
1.58613
1.72723
1.79969
1.91939
1.9956
2.01042
2.05644
1.85781
1.83957
1.93223
1.9863
1.68449
1.4594
1.5874
1.14364
1.15766
1.00914
1.13452
0.9245
0.68398
0.573785
0.768699
0.918795
1.00724
1.11052
0.930257
1.16155
0.820467
0.948395
0.927784
1.05326
0.924904
0.884775
0.975756
1.44094
1.25433
1.32767
1.26484
1.66256
1.92934
1.79657
1.85887
1.65184
1.75982
1.5974
1.53997
1.59354
1.58907
1.37952
1.31182
1.05381
1.27371
1.21791
1.12827
1.14243
1.1919
1.21335
1.25067
1.12176
1.22554
0.820597
1.23562
1.15565
1.33062
1.15336
1.19489
1.39643
1.10856
0.81607
0.703589
0.720888
0.707701
0.571824
0.729756
0.717949
0.813132
0.798459
0.699204
0.762126
0.943125
0.882261
0.939834
0.88512
1.12324
1.39119
1.37626
1.28328
1.29942
1.26404
1.36466
1.34768
1.38219
1.31415
1.52283
1.69036
1.65447
1.6035
1.74152
1.72882
1.47658
1.43834
1.58085
1.50995
1.4738
1.51613
1.38715
1.28483
1.14057
1.26227
1.40077
1.2022
1.24793
1.21869
1.40598
1.16142
1.19206
1.14181
1.22796
1.20197
1.21605
1.24038
1.00869
1.12473
1.23856
1.14518
1.22166
1.28105
1.16294
0.995559
1.16469
0.798272
0.93943
0.895126
0.881894
1.09714
1.07485
1.29512
1.22608
1.37134
1.31993
1.54018
1.42955
1.42897
1.67658
1.77587
1.78494
1.5473
1.1434
1.36161
1.19346
1.35249
1.45496
1.14438
1.34514
1.41362
1.16184
1.19704
1.17851
1.14971
1.13245
1.38489
1.33704
1.25847
0.872225
0.945062
0.675633
0.70772
0.358437
0.345893
0.587078
0.76813
0.488498
0.572365
0.635597
0.823486
0.613613
0.466268
0.529742
0.261807
0.14851
0.336715
0.632601
0.519092
0.440389
0.446164
0.353553
0.413846
0.39347
0.345358
0.545388
0.415903
0.202769
0.196255
0.208086
0.279553
0.459902
0.633299
0.532165
0.39862
0.292863
0.468149
0.578951
0.540724
0.70922
0.502607
0.606126
0.581143
0.656276
0.738408
0.616612
0.567176
0.53093
0.325659
0.22469
0.144624
0.436086
0.303639
0.506513
0.596115
0.689559
0.891853
0.969604
1.03535
0.882598
0.822006
1.03713
1.04549
1.05358
1.13642
1.28437
1.24917
1.38542
1.45199
1.50028
1.61389
1.94343
2.08865
2.09352
1.90548
1.92123
2.15606
1.92012
1.89058
1.7246
1.73529
1.95908
1.99524
2.28051
2.08714
2.07615
1.89041
1.98637
1.96755
1.81343
1.71491
1.64989
1.59036
1.71781
1.74427
1.74688
1.95739
1.81737
1.74958
1.6165
1.43329
1.60972
1.63897
1.69574
1.53316
1.44208
1.30116
1.41567
1.55296
1.25661
1.17293
1.31731
1.28461
1.17677
1.22273
1.46699
1.60952
1.64897
1.57739
1.57262
1.53963
1.44603
1.60031
1.30864
1.48023
1.49951
1.40484
1.43427
1.5113
1.363
1.4196
1.65012
1.51614
1.78794
1.789
1.79222
1.93314
1.83384
1.82009
1.76617
1.61596
1.72291
1.68773
1.711
1.44474
1.54293
1.54462
1.82086
1.97711
2.08134
1.90797
1.70237
1.83385
1.72477
1.71492
1.61884
1.6373
1.60791
1.58766
1.72226
1.67621
1.48718
1.2974
1.28604
1.3308
1.26744
1.4181
1.50008
1.51798
1.54868
1.45046
1.64232
1.61654
1.79411
1.74595
1.9114
1.92177
1.98463
1.94118
1.92428
1.95946
1.7761
1.70741
1.92699
2.04114
2.09722
2.10755
2.20475
2.07809
1.53785
1.32457
1.5821
1.6473
1.46039
1.19383
1.38272
1.37868
1.41196
1.70319
1.58266
1.57365
1.40447
1.60568
1.79721
1.67408
1.67761
1.83013
1.71289
1.62066
1.21468
1.38067
1.31719
1.32885
1.5405
1.68957
1.9166
1.88712
1.95971
1.77905
1.80628
1.82003
2.20721
2.25397
2.15077
1.91254
1.92542
2.03309
2.00436
1.84334
1.74108
1.49099
0.950174
1.25514
1.31672
1.43743
1.79135
1.93891
1.68755
1.28897
1.35212
0.7748
0.455262
0.450591
0.423388
0.571834
0.582272
0.710551
1.05628
0.981954
0.844277
0.99927
1.05519
1.09443
1.10001
1.01438
1.00007
0.883885
0.968152
0.841381
0.580819
0.513534
0.762438
1.02364
1.26216
1.29666
1.49952
1.52497
1.52157
1.78242
1.88785
1.87231
1.74058
1.87694
1.85055
1.85624
1.6539
1.50412
1.32656
1.66508
1.57647
1.75553
1.70114
1.55524
1.51637
0.931545
0.9197
1.04464
1.12311
1.22952
1.08963
1.17187
0.974854
1.1268
1.24068
1.02451
0.974246
1.15481
0.910642
0.867375
0.555584
0.429139
0.192477
0.163745
0.252064
0.139473
0.171481
0.388421
0.530942
0.176154
0.336782
0.0697154
0.231306
0.0876589
0.1418
0.621484
0.717175
0.803613
0.672966
0.779905
0.79675
0.683054
0.775826
0.811366
0.567663
0.721906
0.477552
0.52369
0.48982
0.641619
0.637268
0.797503
0.538403
0.626056
0.636385
0.437469
0.457587
0.5772
0.638111
0.917431
0.993454
1.0262
1.0986
0.925747
0.909723
0.968727
1.011
0.93041
0.755105
0.807413
0.674342
0.488119
0.722449
0.735123
0.929442
0.568696
0.473146
0.539555
0.691612
0.821825
0.733298
0.857212
0.8023
0.780208
0.31275
0.318449
0.370192
0.377744
0.297506
0.26185
0.295885
0.534237
0.537469
0.623591
0.634039
0.86546
0.902283
0.719264
0.930439
0.806895
0.888602
0.486439
0.803176
0.823186
0.760583
0.665131
0.768473
0.805372
0.743157
0.693644
0.682038
0.57484
0.605644
0.660238
0.689192
0.608528
0.69145
0.68696
1.07031
0.944063
1.17853
1.02692
1.14407
1.16686
1.1202
1.01878
0.732902
1.09797
1.21409
1.05191
1.12969
1.26951
1.37731
1.51041
1.37614
1.24955
1.48906
1.57719
1.49323
1.491
1.79135
1.88176
2.0962
2.02677
1.98293
1.7539
1.92347
1.85515
1.89955
1.86249
2.01464
1.94523
1.95419
1.80608
1.51966
1.76337
1.60485
1.68437
1.64123
1.46883
1.49534
1.61685
1.68189
1.62321
1.43131
1.49082
1.76682
1.50551
1.47435
1.50548
1.77368
1.74241
1.69126
1.70194
1.53463
1.46454
1.54002
1.32913
1.38023
1.34146
1.46963
1.31727
1.36456
1.26938
1.10609
1.228
1.22377
1.02277
1.1022
1.19774
1.2185
1.28505
1.16602
1.00384
1.1889
1.42501
1.3638
1.53772
1.49159
1.49376
1.72427
1.44499
1.32575
1.08376
0.878513
1.09717
0.853215
0.890746
0.955851
0.860958
0.765793
0.709495
0.530414
0.690563
0.87662
0.86935
0.897114
0.980996
0.745591
0.664459
0.727663
0.858947
0.595029
0.587632
0.514319
0.555408
0.637792
0.797755
0.393145
0.628831
0.776064
0.686801
0.680404
0.73347
0.842425
0.682659
0.13114
0.109877
0.238518
0.409976
0.260408
0.36124
0.513992
0.494275
0.551218
0.703062
0.93168
0.798915
0.67751
0.543797
0.538484
0.612403
0.692944
0.652772
0.50761
0.494778
0.475118
0.55953
0.654132
0.59769
0.711977
0.572369
0.743705
0.904182
0.757307
0.657777
0.662534
0.639615
0.685725
0.538228
0.348656
0.382513
0.37557
0.266683
0.471735
0.611214
0.916514
0.756051
1.10699
0.834892
0.635267
0.525146
0.543143
0.475809
0.592497
0.843397
0.624754
0.459922
0.284645
0.643707
0.594443
0.79358
1.10086
1.1857
0.827053
0.596246
0.307132
0.606049
0.904302
0.68127
0.959379
0.906917
1.48565
1.50359
1.52902
1.21928
1.43932
1.73581
1.75731
1.75508
1.50934
1.83886
1.74911
1.89473
1.94552
1.92367
1.76802
1.80838
1.91075
1.9616
1.81693
1.91213
1.97046
2.0222
2.09592
2.14335
2.1987
2.11696
2.1807
2.38181
2.19291
2.17575
2.29781
2.55129
2.36326
2.51585
2.45926
2.53351
2.64847
2.37725
2.54881
2.37101
2.18616
2.3148
1.99922
2.06996
2.01723
2.20158
2.43482
2.70857
2.46313
2.66696
2.73926
2.84946
3.1832
3.18359
3.0486
3.1002
3.11498
3.18571
3.06143
3.12568
3.14135
3.19525
3.40276
3.10004
3.08986
3.07942
3.45254
3.43682
3.44184
3.38201
3.35502
3.32092
3.25361
3.16024
2.95438
2.81712
2.72123
2.50696
2.55672
2.71025
2.62788
2.44184
2.29609
2.35699
2.27037
2.42389
2.5736
2.61796
2.79019
2.81592
3.06176
3.05953
3.14326
3.35412
3.56576
3.42577
3.57674
3.31286
3.25924
3.35741
3.32386
3.24441
3.11589
3.0793
2.92299
3.06459
3.13246
3.01913
3.00106
2.87031
3.04634
3.16014
3.07978
3.1074
3.11614
3.1458
3.56111
3.76808
3.76787
3.68347
3.49998
3.35721
3.40274
3.33442
3.37503
3.50268
3.48226
3.57214
3.31802
3.44591
3.50677
3.48528
3.51045
3.48867
3.32586
3.31653
3.22187
3.03494
3.13173
3.24553
3.48316
3.41442
3.67947
3.47253
3.64928
3.80604
3.65305
3.47797
3.21896
2.95557
2.97628
3.11592
3.09151
3.1152
3.15536
3.37128
3.38813
3.29217
3.38006
3.35557
2.96039
3.16661
3.10021
3.25555
3.44664
3.57375
3.62878
3.74918
3.7222
3.66658
3.69765
4.00998
3.97961
3.63434
3.72711
3.68578
3.76814
3.54828
3.40797
3.40906
3.45896
3.64497
3.79501
3.98475
4.15519
4.21218
4.17645
4.05931
4.10037
3.85979
3.58855
3.48877
3.61983
3.63749
3.87527
3.59963
3.567
3.62458
3.40994
3.40206
3.35719
3.16854
3.12051
2.87034
2.83054
2.9128
2.91382
3.01103
3.13173
3.27912
3.0781
2.75999
2.843
2.49225
2.46792
2.69397
2.59713
2.54197
2.42029
2.47584
2.39284
2.54732
2.32287
2.4377
2.22785
2.26482
2.26029
2.53498
2.62509
2.52836
2.67921
2.34614
2.37967
2.81414
2.96518
3.04327
2.88169
2.99504
3.0529
3.04607
2.90261
2.9506
3.00043
3.14619
2.98992
2.89135
3.06089
2.87842
2.92719
3.01134
3.08249
3.21483
3.19973
3.17186
3.12723
2.89834
2.94333
3.00292
3.0002
2.79132
3.04939
3.25736
3.7535
3.47532
3.48396
3.27466
3.01995
3.17246
3.24849
3.10142
3.38056
3.22221
3.23468
3.21827
3.20868
3.45932
3.22389
3.10629
3.02012
3.0926
3.09544
3.02903
3.26813
3.40774
3.29081
3.11186
3.43049
3.53379
3.90415
3.87699
3.59616
3.49556
3.70493
3.6756
3.72834
3.82752
3.59998
3.73848
3.65365
3.89825
3.7689
3.90386
4.14421
3.72448
3.64039
3.86509
3.65857
3.60016
3.43029
3.39872
3.26212
3.1712
3.28514
3.19613
3.08452
3.11303
2.85867
3.08121
2.76076
2.94815
2.87933
2.65866
2.87558
2.81726
2.9216
2.57308
2.28474
2.08819
2.02044
1.74467
1.7294
1.83452
1.87607
2.01414
1.7121
1.80965
1.95102
1.98656
1.81261
1.57497
1.56525
1.50294
1.70271
1.57131
1.87019
1.80177
1.87838
1.88668
2.05896
2.13285
2.25662
2.47443
2.8723
2.71702
2.66579
2.48253
2.4368
2.62131
2.53181
2.34785
2.21226
2.1376
2.36268
2.28496
2.06843
1.95173
1.76404
1.97493
1.78771
1.60713
1.66958
1.66602
1.5443
1.5356
1.73467
1.71848
1.62056
1.74416
1.75103
1.76726
1.93618
2.30278
2.44887
2.3494
2.31693
2.32097
2.19531
2.12664
2.2138
2.29003
2.40897
2.25325
2.33636
2.13393
1.95719
1.94605
1.91689
1.95752
1.75808
1.6019
1.67121
1.73768
1.84057
1.86179
1.89357
1.72683
1.51342
1.76253
1.63241
1.93637
1.91657
1.87862
1.42034
1.41341
1.36993
1.2363
1.25502
1.28709
1.29308
1.11356
1.0386
1.21847
1.48115
1.65821
1.69647
1.59234
1.79578
2.21014
1.99416
1.93419
1.8141
1.99243
2.09243
1.94839
1.62987
1.72479
1.56533
1.64328
1.73003
1.53074
1.31786
1.16966
1.12105
0.970266
0.659896
0.549462
0.591348
0.839682
0.576884
0.88399
0.953786
0.841458
1.17548
1.14405
1.20195
1.2837
1.18255
1.03801
1.03373
0.988181
1.08886
1.03579
1.05974
1.02918
1.13797
0.977264
0.891134
1.16267
1.01892
1.12439
1.19241
0.888494
1.09652
1.05059
0.89738
1.06476
0.968079
1.19065
1.2872
1.24263
1.17328
1.09747
0.985066
0.834017
0.781041
0.842523
0.745106
0.932923
1.16967
1.00097
1.15303
1.15544
1.03742
0.981134
1.21266
1.39213
1.13517
1.07292
0.946858
0.854318
0.893687
0.793137
0.742563
0.930878
1.10323
1.49771
1.36819
1.37752
1.34735
1.2667
1.3139
1.57867
1.6272
1.40329
1.29289
0.865294
0.957688
1.19138
0.93663
1.14573
1.14114
1.05707
0.909446
0.940938
1.00506
0.94044
1.03444
1.04425
1.10143
1.03889
1.10265
1.07459
1.16274
1.34856
1.23442
1.21398
1.18418
1.27948
1.30395
1.55176
1.69657
1.40062
1.42654
1.45237
1.21769
1.09487
1.07318
1.19783
1.23652
1.35729
1.2635
1.10452
1.00969
0.995428
1.0607
1.19014
0.979019
1.10988
1.21379
1.18155
1.30012
1.30088
1.15121
1.3603
1.53597
1.81728
1.59117
1.27333
1.65886
1.86152
1.88236
1.85303
1.68174
1.40545
1.17592
1.42835
1.40316
1.58792
1.6492
1.23745
1.20507
1.03213
0.989476
0.978228
0.950234
0.674728
0.657635
0.934856
0.890294
0.604072
0.688826
0.822731
1.1616
1.12595
1.22432
1.24789
1.19819
0.992355
1.04444
0.850051
0.87037
0.925115
0.898468
0.96493
1.14069
0.940639
0.79827
0.881949
0.547042
0.388915
0.298544
0.564312
0.610859
0.663742
0.929486
0.92326
0.78619
1.00173
1.29279
1.03192
0.984747
0.724569
0.855322
0.831535
1.05311
0.958482
0.850712
0.837079
0.811798
1.10826
1.15123
1.21451
1.45004
1.30399
1.33943
1.00241
0.835029
1.15735
0.902522
1.05893
0.720354
0.737579
0.708211
0.764279
0.488388
0.559306
0.637187
0.784475
0.847274
0.954995
0.866642
1.0284
1.08484
1.23343
1.29092
1.22738
1.32979
1.01172
0.940429
0.811428
0.836636
1.05336
1.18569
1.00236
0.983154
1.21079
1.00778
1.13352
1.43876
1.35805
1.24578
1.28591
1.33721
1.1024
1.45659
1.29604
1.35942
1.13061
1.00706
0.837798
1.06125
0.951672
0.93634
1.21172
1.4606
1.64982
1.89166
1.50868
1.34132
1.52869
1.47003
1.45262
1.67309
1.64584
1.89188
1.76797
1.68913
1.58497
1.45568
1.49918
1.31854
1.435
1.37118
1.27576
1.31186
1.51196
1.48738
1.42005
1.3362
1.25262
1.28211
1.48117
1.55311
1.54781
1.42097
1.00075
0.894861
0.87493
1.06082
1.07851
1.38357
1.34932
1.26475
1.20739
1.08011
0.794734
0.781754
0.629357
0.315577
0.506771
0.555833
0.302632
0.246849
0.273062
0.431353
0.655348
0.684581
1.09586
0.890702
1.09686
0.989637
0.907384
1.00919
0.855339
0.855206
1.03857
1.14084
1.39393
1.16369
1.01073
1.26824
1.3204
1.16149
0.730394
0.417683
0.719146
0.804878
0.777124
1.02381
1.24851
0.941102
0.970114
0.954025
1.00262
1.17909
1.16639
0.992867
0.850415
0.610443
0.643419
0.857105
0.829728
0.734056
0.449138
0.423693
0.323118
0.269353
0.426802
0.355746
0.898289
1.16961
1.24577
1.19942
0.943005
0.993994
0.803059
0.81339
0.485028
0.470991
0.382199
0.250283
0.2286
0.447689
0.26156
0.551303
0.510897
0.202734
0.426846
0.545461
0.541492
0.432758
0.676756
0.895173
0.464723
0.503823
0.55875
0.841957
0.871147
1.02032
1.08916
0.944145
1.38509
1.10073
1.03268
1.11002
1.12804
0.948776
0.866406
0.871218
1.44098
1.44177
1.51716
1.59235
1.37943
1.50191
1.54229
1.52813
1.60605
1.68978
1.80809
1.64836
1.42931
1.42747
1.25153
1.21525
1.12539
1.16248
1.24111
1.23801
1.28318
1.19288
1.29145
1.17588
1.24034
1.09556
1.22894
1.45995
1.36864
1.23227
1.2255
1.1441
1.21792
1.23334
1.15186
1.09197
1.35621
1.39105
1.36719
0.938753
0.941296
0.974735
1.05708
1.01175
1.24064
1.42444
1.52381
1.44745
1.46484
1.79843
1.84128
2.02806
1.8491
1.81944
1.88067
1.86754
1.67978
1.45013
1.40871
1.67986
1.71448
1.47414
0.955658
0.879811
1.14493
0.958457
0.74192
0.922003
0.629194
0.578991
0.723606
0.987787
0.711498
0.599351
0.55388
0.422819
0.411597
0.314356
0.318219
0.636143
0.860779
0.857107
0.796185
0.806384
0.805271
0.791831
0.830472
0.816884
0.600256
0.909213
0.808086
1.0539
0.958525
1.27392
1.23654
1.24409
1.34436
1.32907
1.473
1.66475
1.68841
1.67251
1.65923
1.39357
1.3161
1.31116
1.53105
1.4945
1.35057
1.34581
1.41058
1.19534
1.13721
1.05395
1.06344
1.07614
1.15935
1.28852
1.07607
0.908895
1.10021
1.18172
1.26672
1.3926
1.27637
1.49087
1.54572
1.44466
1.4791
1.71697
1.72119
1.81331
1.83902
1.69669
1.89167
1.90586
1.80623
1.97385
1.76998
1.79118
1.9427
2.13959
2.04578
2.17423
1.97651
1.98461
2.216
2.08558
1.90594
1.92086
1.89076
1.81329
1.89031
1.80245
1.67004
1.82826
1.48776
1.43753
1.40948
1.36311
1.55401
1.43149
1.54418
1.48938
1.37878
1.42939
1.37275
1.39697
1.23472
1.19462
1.62065
1.70364
1.7576
1.76604
1.7737
1.59258
1.37679
1.41795
1.39211
1.35191
1.49929
1.65991
1.80898
1.83839
1.6754
1.52486
1.30468
1.41986
1.46611
1.37348
1.00855
0.990751
1.10665
0.934925
0.846848
0.647465
1.05109
1.06838
1.27749
1.32782
1.18258
1.19041
1.19929
1.36881
1.23552
1.2755
1.10318
1.02059
0.974163
0.727053
0.804085
0.802067
0.648641
0.435746
0.60094
0.690865
0.782512
0.755244
0.796927
0.832316
1.02688
0.835676
0.754175
0.611416
0.61557
0.588998
0.8397
0.887476
0.696008
0.920663
0.942776
0.902791
0.82432
0.685505
0.717961
0.728977
0.739794
0.69549
0.614765
0.557846
0.525726
0.576286
0.673166
0.64111
0.775323
1.24622
1.33258
1.36767
1.41395
1.50057
1.55276
1.75412
1.69965
1.7161
1.63458
1.59371
1.65533
1.62223
1.82456
1.92945
1.88256
2.06715
1.94892
1.94908
2.13439
2.02714
2.13178
2.16196
2.78276
2.69338
2.63259
2.64856
2.74871
2.95949
2.82904
2.72374
2.76526
2.74222
2.60831
2.43698
2.37506
2.36076
2.31716
2.27227
2.28801
2.18936
2.12215
2.12703
2.27165
2.10297
1.62147
1.54974
1.79952
1.83372
1.88193
1.80487
1.84052
1.64504
1.77137
1.9027
1.72876
1.76277
1.62852
1.76745
1.68373
1.82617
1.88794
1.78092
1.87924
1.73759
1.50829
1.55908
1.44255
1.47121
1.35235
1.22067
1.20092
1.27574
0.909697
0.950705
0.78447
0.850628
1.10629
1.11111
1.1958
1.33958
1.2805
1.13147
1.03922
1.03498
1.10115
0.901921
0.963729
0.983936
0.866649
0.714621
0.723805
1.01467
1.22304
1.04355
1.08199
1.16035
1.26065
1.39756
1.36383
1.6135
1.62314
1.58101
1.59805
1.63807
1.45979
1.46367
1.3691
1.45824
1.19829
1.46514
1.42256
1.45683
1.27753
1.24557
1.1317
1.26789
1.08188
1.19337
1.30726
1.48449
1.4174
1.63037
1.61775
1.43396
1.35371
1.26722
1.06186
1.09769
1.25597
1.28078
1.12434
1.12685
1.32984
1.35643
1.42499
1.60505
1.60882
1.62727
1.43968
1.32338
1.28438
1.42048
1.57706
1.51832
1.63849
1.59386
1.51891
1.60365
1.66944
1.59507
2.01757
2.10826
2.12772
1.96151
2.10989
2.18794
2.28818
2.30533
2.26168
2.11601
2.07891
2.11833
2.36203
2.42773
2.31711
2.07821
2.16793
2.24021
2.38586
2.54805
2.63203
2.54147
2.63507
2.57682
2.58631
2.46813
2.42672
2.52052
2.44947
2.80239
2.74265
2.66507
2.70683
2.58105
2.55802
2.75657
2.66976
2.58694
2.36057
2.05317
2.25267
2.24032
2.47124
2.5878
2.61943
2.31781
1.98529
1.97351
2.06825
2.1753
2.16259
2.06765
1.80029
1.92555
1.98483
2.16721
2.15297
2.10927
2.00221
2.01373
2.18245
1.92312
2.18109
2.07073
2.48293
2.629
2.76457
2.65171
2.18986
2.11325
1.92503
2.06661
1.88799
2.09611
2.00826
1.90408
1.79288
1.75756
1.86819
1.9067
1.79418
2.12421
2.15595
1.87911
1.85393
1.85979
1.8445
2.23259
2.29625
2.08592
2.26434
2.48573
2.43565
2.55397
2.66654
2.85887
2.91899
2.78335
3.00035
3.06404
2.78414
2.89804
2.98078
2.83806
3.40946
3.27726
3.26326
3.17608
3.2761
3.29177
3.5997
3.53568
3.56727
3.65322
3.82464
3.71266
3.59066
3.5857
3.39375
3.20649
3.28507
3.25459
3.2121
3.43628
3.45773
3.53909
3.58662
3.66321
3.65469
3.55873
3.55999
3.85736
3.95372
4.15573
3.96324
4.09258
3.77716
3.65954
3.5697
3.49504
3.80152
3.78722
3.78486
3.55382
3.56725
3.71178
4.03026
3.97492
4.15772
4.23614
4.33106
4.20245
4.35581
4.49207
4.06338
4.30722
4.24768
4.31466
4.29754
4.21787
4.28601
4.14658
4.29348
4.23761
4.5336
4.37966
4.0552
4.02366
4.23756
4.25687
3.95371
3.95038
4.37443
4.16632
3.91824
4.25916
3.97007
4.10456
4.05279
4.076
3.92718
4.08738
3.96955
3.88329
3.99269
3.8926
3.75496
3.86998
3.72975
3.88664
3.75261
3.62113
3.53313
3.79536
3.87405
4.16982
4.00762
4.08056
4.02311
4.01964
3.99077
3.80497
3.9185
3.92793
3.93984
3.89027
4.23486
4.25848
4.03406
4.12827
4.24272
4.2286
4.16213
3.88895
3.96691
3.74435
3.60858
3.76548
3.71249
3.99722
3.80803
3.7546
3.63246
3.56131
3.73817
3.81809
3.78043
3.55904
3.37347
3.5708
3.54553
3.21706
3.51312
3.44097
3.48619
3.62251
3.54138
3.42963
3.65319
3.64027
3.79166
3.89748
3.60977
3.48383
3.7405
4.11939
4.13775
4.18767
3.94583
3.9157
4.17013
4.08393
4.0514
3.82986
3.6694
3.70978
3.52147
3.72016
3.60517
3.83634
3.56574
3.44116
3.46478
3.37085
3.36406
3.40927
3.59695
3.44766
3.55984
3.73326
3.77991
3.73571
3.82045
3.9542
3.9633
4.08461
4.14311
4.1812
4.08113
4.15074
4.35442
4.35046
4.22747
4.09125
4.19623
4.5687
4.68324
4.65574
4.55952
4.14846
3.96934
4.28855
3.8886
3.45761
3.38731
3.57917
3.4237
3.43426
3.70806
3.61422
3.49915
3.60208
3.71915
3.84999
3.94933
4.32011
4.34129
4.3946
4.38446
4.49151
4.3148
4.3385
4.44004
4.38029
4.60158
4.54472
4.40132
3.94451
3.97096
3.86759
3.93813
3.97952
3.81693
3.76042
3.51773
3.35922
3.27982
3.36198
3.32736
3.25728
3.48318
3.40788
3.2181
3.39684
3.36078
3.37353
3.22152
3.17404
3.28643
3.32059
3.32284
3.31607
3.00251
2.73171
2.8323
2.6624
2.76469
2.84284
2.8087
2.96948
3.08165
3.22479
3.15501
3.04305
2.98414
2.96875
3.06547
2.77346
2.72859
2.30761
2.35786
2.32416
2.11242
2.03617
2.12404
2.12993
2.2397
2.17818
2.04899
1.97622
1.98079
2.16114
2.03665
2.17639
1.95687
2.23455
2.49958
2.65148
2.96702
2.80506
2.53911
2.74025
2.93922
2.88397
2.86644
2.56712
2.70707
2.65299
2.64448
2.53073
2.60075
2.62646
2.58587
2.86755
2.77052
2.63845
2.7861
2.96725
2.69939
2.69604
2.8714
2.66213
2.72606
2.74681
2.7284
2.89026
2.76204
2.71898
2.51498
2.47941
2.38485
2.39109
2.44273
2.45045
2.73102
2.67635
2.77843
3.00219
3.42342
3.5761
3.49058
3.55576
3.55985
3.78464
3.57348
3.59099
3.78084
3.66959
3.59362
3.68389
3.49374
3.54944
3.65482
3.75426
3.45016
3.34056
3.51351
3.51932
3.56092
3.72221
3.47165
3.47895
3.34519
3.48715
3.53405
3.46913
3.38819
3.50927
3.44716
3.33618
3.39432
3.64879
3.676
3.63139
3.67248
3.74299
3.91002
4.04348
4.26726
4.13618
4.05398
4.15069
4.48866
4.6749
4.15971
4.12522
4.101
4.03562
4.07433
3.9316
4.10607
4.15761
4.20633
4.05221
4.23435
4.25064
4.34021
4.46016
4.41516
4.40039
4.57243
4.52824
4.63735
4.72671
4.829
4.98198
5.05163
5.07114
5.06505
4.68676
4.69125
4.63246
4.8192
4.88351
5.01874
4.98735
5.22968
4.85227
5.13559
5.38429
5.53213
5.62556
5.77518
6.00154
6.11728
6.18889
6.11811
5.94547
5.6099
5.46643
5.42509
5.44668
5.53555
5.347
5.22575
5.16058
5.09607
5.23319
5.41652
5.49141
5.54781
5.2587
5.24568
5.40802
5.49529
5.33985
5.26928
5.28883
5.47102
2.9577
3.27746
3.34032
3.05521
3.25015
3.12626
3.02665
3.03709
2.83183
2.91084
3.16322
2.92817
2.89387
2.64678
2.74364
2.67009
2.26023
2.19409
2.12365
2.35636
2.59219
2.49773
2.2226
2.29736
2.17999
2.22824
2.2297
1.94781
1.76666
1.87741
2.05788
1.92395
2.16448
2.34742
2.20623
2.21177
2.02896
1.7992
2.14275
2.23196
2.26661
2.19286
2.19233
2.11169
1.96085
1.88996
1.96211
2.09686
2.25153
2.31547
2.33888
2.19721
2.08002
2.20477
2.48747
2.38437
2.54381
2.40127
2.26695
2.73381
2.43973
2.57406
2.49147
2.65728
2.38305
2.40159
2.37947
2.49359
1.92142
1.70381
1.79422
1.87172
1.87304
1.79385
1.74641
1.36532
1.61089
1.63962
1.49638
1.37585
1.50097
1.6611
1.82423
2.03433
1.91333
1.99264
1.88886
1.71495
1.95509
2.02893
1.87567
2.30365
1.8834
1.65929
1.69258
1.77269
1.66309
1.46585
1.35187
1.40386
1.52847
1.15948
1.31027
1.07554
1.00524
0.745449
0.682891
0.505357
0.72666
0.728383
0.890218
0.716494
0.927868
0.847029
1.02093
0.952955
0.744789
1.00474
0.96847
0.912848
0.858021
1.00733
1.16157
1.40364
1.35478
1.53488
1.50847
1.48272
1.20477
1.13842
1.25818
1.37466
1.40923
1.29978
1.4182
1.39309
1.42763
1.50025
1.47476
1.4257
1.44105
1.30442
1.40109
1.5871
1.40691
1.44904
1.37807
1.69691
1.68604
1.53236
1.34427
1.45577
1.81859
1.93556
1.92467
1.72736
1.56166
1.77471
2.05873
2.10292
1.70646
1.70791
1.85298
1.82675
2.02864
1.89492
1.91138
1.96315
1.7327
1.39169
1.27687
1.38432
1.24763
1.02525
0.99925
1.06329
0.743136
0.842457
0.750961
0.598286
0.904985
0.761947
0.982383
1.03552
0.964164
0.6473
0.690583
0.371371
0.604509
0.754637
0.737535
0.943428
1.21385
1.62048
1.54394
1.63513
1.65225
1.84501
2.10423
2.52606
2.54975
2.44846
2.71261
2.87109
3.25799
3.0695
3.1903
2.90175
2.82154
2.77952
2.64313
2.37732
2.36645
2.28742
2.18938
2.32133
2.41168
2.13958
1.87927
2.09248
1.98188
1.9838
2.2465
2.17952
1.78844
1.78471
1.86804
1.71063
2.03197
2.14041
2.14726
2.16085
2.32154
2.34458
2.16854
2.32179
2.2719
2.69134
2.79944
3.08747
3.00758
3.15284
3.48334
3.90208
3.6533
3.751
3.50142
3.70967
3.8722
3.42606
3.09131
3.56907
3.5177
3.4568
3.69714
3.771
3.7023
3.55146
3.56186
3.52447
3.5989
3.58085
3.54873
3.42899
3.45135
3.50089
3.66055
3.61219
3.60016
3.71534
3.44137
3.59236
3.50957
3.55249
3.73091
3.17868
3.41995
3.20916
3.40874
3.48991
3.38142
3.99975
3.86539
4.0272
4.37095
4.26326
4.0699
4.18271
4.14688
4.16093
4.75845
4.78142
4.91225
5.10661
4.86528
4.58618
4.6161
4.61244
4.45622
4.42241
4.61949
4.69594
4.57966
4.68597
4.68985
4.43159
4.58965
4.6241
4.30349
4.42537
4.47284
4.17661
4.1494
4.19815
4.34923
4.47193
4.40987
4.43301
4.28876
4.33201
4.28789
4.5923
4.20693
3.93877
3.61684
3.66429
3.81224
3.82294
4.06086
4.00229
3.86123
3.69842
3.77606
3.77274
3.8417
3.55125
3.27666
3.4242
3.32198
3.57313
3.45563
3.71213
3.70301
3.83655
3.85139
3.65183
3.46989
3.79454
4.10791
3.74915
3.90006
3.75547
3.50944
3.6994
3.9367
3.94716
3.81917
3.67749
3.73229
3.58835
3.74249
3.79659
3.71073
3.73107
3.88332
3.88435
3.96978
3.81961
3.96788
3.69444
3.43631
3.25307
3.02303
3.06883
3.45802
3.71748
3.83833
3.89734
3.81053
3.8381
3.80247
3.5133
3.70034
3.76004
3.75102
3.84498
3.57847
3.38574
3.75157
3.92668
3.38335
3.34161
3.42314
3.28087
3.37371
3.29746
2.96936
3.27631
3.04013
2.88988
3.04973
2.99608
3.01412
3.04257
3.17631
3.07705
3.23838
3.19777
3.08249
3.28117
3.47324
3.15934
3.2856
2.98964
3.21077
3.18364
3.10785
3.28897
3.06396
2.91215
3.13533
3.22042
3.13986
3.06184
3.26127
3.21012
3.11282
3.10774
3.02932
2.97968
3.22802
2.66598
2.57093
2.88998
3.11197
2.87195
3.28064
3.33232
3.29921
3.29906
3.44682
3.59628
3.35164
3.52674
3.53124
3.21091
3.25308
3.12592
3.46236
3.5534
3.58891
3.4023
3.33474
3.37472
3.52601
3.77226
3.76968
3.9066
3.70692
3.9078
3.82
3.32654
3.35113
3.31366
3.49431
3.49387
3.5523
3.69309
3.02404
3.03464
3.35575
3.69467
3.9917
4.11654
4.30385
4.22201
4.09001
3.97159
3.70435
3.36314
3.16248
3.0898
3.043
3.07727
2.90158
3.15839
3.14834
3.03516
3.26494
3.13879
3.00473
3.12086
3.09999
3.18697
3.32812
3.42319
3.20358
3.08998
2.79585
3.12904
3.30652
3.59655
3.60448
3.30714
3.45878
3.48881
3.46942
3.45506
3.56681
3.64109
3.79449
3.78614
3.82476
3.51786
3.4204
3.54728
3.09228
3.08962
3.06751
3.39072
3.58846
3.54331
3.43816
3.37154
3.14296
3.1064
3.338
3.38396
3.00566
2.97206
2.92196
2.81253
2.90067
2.95323
2.91696
2.90369
2.88559
2.82857
3.05601
2.95537
3.23256
3.17934
3.18931
2.86855
2.86375
2.85447
2.78505
2.9366
3.07496
3.02801
3.19956
3.01304
2.98278
3.00824
3.14366
3.18916
3.11465
3.0844
2.84949
3.02488
2.96692
3.18226
3.14388
3.52559
3.54477
3.63529
3.50513
3.6101
3.42361
3.1231
2.9472
2.53768
2.58827
2.55099
2.53125
2.45286
