0.25	1.27727e-12	1.27727e-12	0.998264	0.000618156	0.998263	0.748264	0.748264	0.998264	0.25	0.000618156	0.25	1.27727e-12	0.000618156	0.000618156	2.63265e-21	1.27727e-12	0.25	0.000618156	0.000618156	0.25	0.000618156	1.11844e-38	0.000618156	0.000618156	0.000618156	0.25	0	0	0	
0.25	1.27727e-12	1.27727e-12	0.998264	0.000618156	0.998263	0.748264	0.748264	0.998264	0.25	0.000618156	0.25	1.27727e-12	0.000618156	0.000618156	2.63265e-21	1.27727e-12	0.25	0.000618156	0.000618156	0.25	0.000618156	1.11844e-38	0.000618156	0.000618156	0.000618156	0.25	0	0	0	
0.437066	2.2946e-12	4.17537e-06	0.747582	0.000462573	0.996964	0.559903	0.559898	0.996964	0.437066	0.00107312	0.437034	2.26189e-12	0.000462543	0.0010807	1.96263e-10	2.2946e-12	0.437066	0.0010807	0.0010807	0.437066	0.0010807	2.85714e-21	0.250462	0.000462573	0.0676979	0.437066	0.00472521	0	0	
0.57704	2.22424e-10	3.20627e-06	0.559393	0.000390908	0.995992	0.418955	0.418952	0.995992	0.57704	0.00141545	0.575629	1.98815e-10	0.000346129	0.0014268	7.87149e-09	3.08682e-12	0.57704	0.000812875	0.00148796	0.57704	0.000812875	5.13812e-21	0.437412	0.000399226	0.300556	0.57704	0.013024	0	0	
0.681778	1.13831e-08	2.40272e-06	0.418574	0.00881872	0.995264	0.313489	0.313486	0.995264	0.681778	0.00167248	0.659375	8.65913e-09	0.000290566	0.00168578	1.15551e-07	3.7045e-12	0.681778	0.000608345	0.00191494	0.681778	0.000608345	6.95942e-21	0.577299	0.0141202	0.474895	0.681778	0.023819	0	0	
0.76015	2.83924e-07	1.79815e-06	0.313204	0.17725	0.99472	0.234572	0.23457	0.994719	0.76015	0.00176987	0.62422	1.26675e-07	0.00573918	0.00187956	8.14838e-07	4.44696e-12	0.76015	0.000455208	0.0024268	0.76015	0.000455208	9.00295e-21	0.681972	0.209738	0.605347	0.76015	0.0364394	0	0	
0.818792	8.48686e-05	1.34553e-06	0.234359	0.38262	0.994312	0.175522	0.17552	0.994296	0.818792	0.00134222	0.469016	1.28839e-07	0.123591	0.00202457	3.3525e-06	5.25002e-11	0.818792	0.000340617	0.00309372	0.818792	0.000340617	1.19379e-19	0.760161	0.404224	0.702959	0.818792	0.0503536	0	0	
0.862673	0.0291447	1.00682e-06	0.175362	0.536301	0.994007	0.131365	0.131336	0.99266	0.862673	0.00100463	0.350957	9.91174e-08	0.323474	0.00213306	9.27301e-06	3.05286e-09	0.862673	0.000254871	0.00399997	0.862673	0.000254871	7.04913e-18	0.668402	0.552205	0.775998	0.862673	0.0651647	0	0	
0.895506	0.253226	7.53365e-07	0.131217	0.651294	0.993779	0.101387	0.0982736	0.958827	0.895506	0.000751739	0.262609	7.45852e-08	0.488559	0.00221425	1.91038e-05	6.78359e-08	0.895506	0.000190711	0.00525504	0.895506	0.000190711	1.5759e-16	0.500589	0.663149	0.830651	0.895506	0.0805772	0.000587793	0	
0.920075	0.438877	5.63716e-07	0.098185	0.73734	0.993609	0.181025	0.0735345	0.797017	0.920075	0.000562502	0.196501	5.60084e-08	0.614451	0.00228229	3.05736e-05	6.99811e-07	0.920075	0.000142702	0.00715587	0.920075	0.000142702	1.65087e-15	0.374574	0.746183	0.871546	0.920075	0.0963708	0.00541577	0	
0.938458	0.578359	4.21808e-07	0.0734684	0.801724	0.993481	0.385289	0.0550232	0.610682	0.938459	0.000420912	0.147034	4.36568e-08	0.709206	0.00239643	2.52911e-05	3.82889e-06	0.938458	0.000106779	0.0343487	0.938459	0.000106779	9.86261e-15	0.28028	0.792589	0.902146	0.938458	0.112382	0.0137133	0	
0.952214	0.682761	3.15624e-07	0.0552408	0.849901	0.993385	0.538297	0.0411719	0.459946	0.952214	0.000315095	0.11002	6.54226e-08	0.780273	0.00260575	1.89539e-05	1.30385e-05	0.952214	7.99166e-05	0.258071	0.952214	7.99124e-05	3.8809e-14	0.209723	0.59309	0.925043	0.952214	0.128489	0.0245386	0	
0.962507	0.760885	2.3617e-07	0.115902	0.885936	0.993314	0.652788	0.0308074	0.344995	0.962507	0.00023688	0.0823242	4.15054e-07	0.833482	0.00295801	1.41835e-05	3.12696e-05	0.962507	6.01078e-05	0.4425	0.962507	5.99847e-05	1.11729e-13	0.156928	0.443788	0.942176	0.962507	0.144603	0.0371864	0	
0.970209	0.819342	1.76717e-07	0.335454	0.908026	0.99326	0.738458	0.0230521	0.258441	0.970207	0.000182597	0.0616002	8.37245e-07	0.865942	0.00351029	1.06131e-05	5.77891e-05	0.970209	5.83201e-05	0.58106	0.970209	5.12273e-05	2.54089e-13	0.117424	0.33207	0.954889	0.970208	0.160656	0.0511154	0	
0.975972	0.863068	1.32231e-07	0.501008	0.753622	0.99322	0.802561	0.017249	0.193519	0.975915	0.000156026	0.0460932	6.50139e-07	0.648584	0.00433732	7.94139e-06	8.37721e-05	0.975972	0.00783018	0.684779	0.975972	0.00289664	4.55884e-13	0.087864	0.248476	0.863015	0.975971	0.176602	0.0659429	0	
0.980282	0.890858	9.89437e-08	0.624886	0.56391	0.99319	0.850527	0.0129068	0.146969	0.979562	0.00166455	0.0344899	5.55772e-07	0.485312	0.00554129	5.94226e-06	6.40585e-05	0.980284	0.209072	0.762394	0.980284	0.136511	3.53257e-13	0.0657454	0.185926	0.647289	0.980284	0.192403	0.0813643	0	
0.983494	0.703793	7.4036e-08	0.717579	0.421954	0.993168	0.886419	0.0096577	0.165109	0.979117	0.104362	0.0258075	1.07141e-06	0.363142	0.00726128	4.44638e-06	4.79554e-05	0.983511	0.405049	0.820471	0.983511	0.345222	2.64602e-13	0.0491949	0.139121	0.484373	0.98351	0.208036	0.0970692	0	
0.985891	0.527369	5.53984e-08	0.786939	0.315733	0.993151	0.913275	0.0072265	0.318455	0.978071	0.301349	0.0193108	2.02277e-06	0.271726	0.00967826	3.32706e-06	3.58842e-05	0.985926	0.552854	0.863928	0.985925	0.506724	1.98008e-13	0.0368109	0.104099	0.362453	0.985925	0.223481	0.108963	0	
0.987705	0.39465	4.14526e-08	0.838837	0.236251	0.993139	0.933353	0.00540733	0.47729	0.981555	0.416693	0.0144496	1.63237e-06	0.203322	0.0126023	2.48952e-06	2.6851e-05	0.987732	0.662711	0.896446	0.987732	0.620849	1.48164e-13	0.0376844	0.0778938	0.273519	0.987732	0.238725	0.117304	0	
0.989064	0.295307	3.10175e-08	0.877671	0.176778	0.993129	0.936787	0.00404611	0.603995	0.984447	0.41164	0.010896	1.23005e-06	0.152139	0.0157389	1.86282e-06	2.00916e-05	0.989084	0.739083	0.920778	0.989084	0.658055	1.10866e-13	0.277994	0.0582851	0.386501	0.989084	0.25376	0.122978	0	
0.99008	0.220968	2.32093e-08	0.906728	0.132277	0.993122	0.721314	0.00302755	0.700645	0.986625	0.344937	0.0558051	9.21431e-07	0.11384	0.0188227	1.39388e-06	1.50338e-05	0.990096	0.771427	0.938984	0.990095	0.585234	8.29574e-14	0.458013	0.0436126	0.538284	0.990095	0.268583	0.126672	0	
0.990841	0.165343	1.73666e-08	0.92845	0.0989778	0.993117	0.539737	0.00226541	0.773545	0.988255	0.272489	0.116539	6.89676e-07	0.0851822	0.0216541	1.04299e-06	1.12493e-05	0.990852	0.741772	0.952604	0.990852	0.471055	6.2074e-14	0.592714	0.0326337	0.652753	0.990852	0.283186	0.128884	0	
0.99141	0.12372	1.29948e-08	0.94453	0.074062	0.993113	0.403866	0.00169512	0.828319	0.989476	0.21062	0.164052	5.16119e-07	0.0637388	0.0241043	7.80475e-07	8.41741e-06	0.991419	0.659953	0.9627	0.991419	0.365488	4.64478e-14	0.693507	0.02442	0.73843	0.991419	0.297569	0.129997	0	
0.991834	0.0925753	9.72356e-09	0.95581	0.055432	0.99311	0.302198	0.0012684	0.869398	0.990389	0.161347	0.200485	3.86217e-07	0.0476934	0.0261098	5.84502e-07	6.29845e-06	0.991843	0.557392	0.969224	0.991843	0.279657	3.47552e-14	0.768926	0.0192045	0.80254	0.991842	0.311733	0.130306	0	
0.992148	0.0692708	7.27578e-09	0.962275	0.0416293	0.993108	0.226124	0.000949097	0.900171	0.991072	0.123134	0.227475	2.89004e-07	0.0356872	0.0276589	4.40243e-07	4.7129e-06	0.99216	0.456828	0.968884	0.99216	0.212699	2.6006e-14	0.825359	0.0973257	0.850511	0.99216	0.325675	0.130001	0	
0.99238	0.0518329	5.4442e-09	0.963478	0.0319361	0.993106	0.1692	0.000710174	0.923196	0.991583	0.0938542	0.246252	2.16259e-07	0.0267035	0.0287702	3.39402e-07	3.52649e-06	0.992397	0.367726	0.954509	0.992397	0.161282	1.94594e-14	0.867586	0.310491	0.886407	0.992397	0.339402	0.129275	0	
0.992553	0.0387847	4.0737e-09	0.958987	0.026309	0.993105	0.126606	0.000531398	0.940393	0.991965	0.0715451	0.257549	1.61824e-07	0.0199812	0.029489	2.77649e-07	2.63874e-06	0.992574	0.292299	0.921253	0.992574	0.122061	1.45608e-14	0.899183	0.481492	0.913266	0.992574	0.352904	0.12822	0	
0.992682	0.0290213	3.0482e-09	0.948332	0.0248802	0.993104	0.0947349	0.000397625	0.953194	0.992251	0.0545809	0.261249	1.21092e-07	0.0149512	0.0298658	2.50138e-07	1.97448e-06	0.992707	0.229873	0.872849	0.992707	0.0922293	1.08953e-14	0.922826	0.610174	0.933364	0.992707	0.366202	0.126911	0	
0.992782	0.0217157	2.28086e-09	0.930451	0.0275971	0.993103	0.0708867	0.000297529	0.962646	0.992466	0.0416751	0.256853	9.06137e-08	0.0111875	0.0299524	2.4862e-07	1.47743e-06	0.992807	0.178926	0.81864	0.992807	0.0695728	8.15255e-15	0.940517	0.706548	0.948402	0.992807	0.379277	0.125448	0	
0.99286	0.0162493	1.70668e-09	0.902479	0.0343581	0.993103	0.0530419	0.00022263	0.9695	0.992626	0.0318384	0.244295	6.78084e-08	0.00837116	0.0298043	2.62259e-07	1.10551e-06	0.992881	0.137821	0.767489	0.992881	0.0523839	6.10026e-15	0.953755	0.778677	0.959655	0.992881	0.392136	0.123882	0	
0.992919	0.0121593	1.27705e-09	0.85679	0.0454143	0.993102	0.0396893	0.000166586	0.974239	0.992746	0.0243223	0.224265	5.07458e-08	0.00626384	0.0294722	2.80458e-07	8.2721e-07	0.992937	0.105044	0.725242	0.992937	0.039359	4.56461e-15	0.96366	0.832652	0.968075	0.992936	0.40479	0.122214	0	
0.992965	0.00910043	9.55569e-10	0.77385	0.0621271	0.993102	0.0296981	0.00012465	0.977061	0.992835	0.0185633	0.198126	3.79844e-08	0.004687	0.0289949	2.9526e-07	6.18972e-07	0.992978	0.0792805	0.694854	0.992978	0.0295101	3.41554e-15	0.971072	0.873042	0.974375	0.992978	0.417232	0.120491	0	
0.992999	0.00682861	7.15017e-10	0.628547	0.0891769	0.993102	0.022222	9.32711e-05	0.977668	0.992903	0.0141366	0.167737	2.84691e-08	0.00350711	0.0284089	3.0225e-07	4.63154e-07	0.99301	0.0594412	0.677089	0.99301	0.022092	2.55574e-15	0.976617	0.903264	0.979089	0.993009	0.42949	0.118655	0	
0.993025	0.005846	5.35021e-10	0.47446	0.143479	0.993102	0.0166279	6.97914e-05	0.974145	0.992953	0.0107196	0.135207	2.17946e-08	0.00262424	0.0277347	3.00063e-07	3.46562e-07	0.993033	0.0444838	0.671416	0.993033	0.0165312	1.91239e-15	0.980767	0.925879	0.982617	0.993032	0.441514	0.116968	0	
0.993045	0.0518762	4.00337e-10	0.355303	0.282417	0.993102	0.0124421	5.22223e-05	0.953117	0.99299	0.00807242	0.103618	2.0194e-08	0.00196363	0.0270207	2.89509e-07	2.59322e-07	0.99305	0.0332859	0.676066	0.99305	0.0123697	1.43103e-15	0.983872	0.942801	0.985256	0.99305	0.453356	0.115492	0	
0.993059	0.28395	2.99558e-10	0.265937	0.459917	0.993102	0.00930994	3.90761e-05	0.787862	0.993019	0.00604516	0.0775908	1.90943e-08	0.00146931	0.0263086	2.72387e-07	1.94083e-07	0.993063	0.0249067	0.688889	0.993063	0.00925581	1.07177e-15	0.986187	0.955463	0.987231	0.993062	0.465023	0.115405	0	
0.99307	0.46245	2.24148e-10	0.210478	0.592848	0.993101	0.00696629	2.92392e-05	0.591927	0.99304	0.00452717	0.0580584	3.2916e-08	0.00109949	0.0257654	2.50825e-07	1.46666e-07	0.993073	0.0186369	0.706607	0.993073	0.0069258	8.36246e-16	0.747185	0.964917	0.988709	0.99306	0.476463	0.119849	0	
0.993078	0.596034	1.67722e-10	0.402647	0.671451	0.993101	0.00521316	2.18786e-05	0.443052	0.993055	0.00340092	0.043443	2.23755e-07	0.00082301	0.0259089	2.26872e-07	1.28565e-07	0.99308	0.0139487	0.723958	0.99308	0.00518263	1.11512e-15	0.559091	0.971053	0.989815	0.992439	0.487708	0.127658	0	
0.993084	0.695989	1.255e-10	0.551286	0.574945	0.993101	0.00405246	1.6371e-05	0.331542	0.993067	0.00259944	0.0325068	1.84819e-07	0.000615829	0.0271026	2.02172e-07	1.7374e-07	0.993086	0.0139361	0.738373	0.993086	0.00415386	3.19152e-15	0.418348	0.960146	0.990642	0.980351	0.498841	0.13757	0	
0.993072	0.770597	9.39072e-11	0.662507	0.430227	0.993101	0.00305091	1.22498e-05	0.248204	0.993076	0.00540006	0.0243237	1.95321e-07	0.000460802	0.0296241	1.7783e-07	1.39234e-07	0.99309	0.200135	0.749215	0.99309	0.0449247	2.73019e-15	0.313034	0.872214	0.990761	0.901266	0.509699	0.149439	0	
0.992555	0.808286	7.02673e-11	0.74573	0.321923	0.993101	0.00228308	9.16609e-06	0.187504	0.993083	0.147248	0.0182005	7.36212e-07	0.000344801	0.0338971	1.54865e-07	1.04586e-07	0.993093	0.39848	0.755623	0.993093	0.260544	2.06183e-15	0.234232	0.712406	0.91763	0.742861	0.561552	0.208903	0	
0.991504	0.784229	5.25785e-11	0.808003	0.240883	0.993101	0.00170835	6.85865e-06	0.145733	0.993088	0.35399	0.0136188	3.83165e-06	0.000258002	0.0601641	1.23728e-07	7.82722e-08	0.993095	0.548146	0.752898	0.993095	0.443535	1.54496e-15	0.175267	0.555009	0.711938	0.580698	0.60919	0.264012	0	
0.990474	0.719404	3.93426e-11	0.854599	0.180244	0.993101	0.00127829	5.13208e-06	0.119424	0.993091	0.514335	0.0101904	1.38772e-05	0.000193054	0.12688	9.5643e-08	5.85691e-08	0.993097	0.660157	0.743019	0.993094	0.581703	1.15647e-15	0.131146	0.425529	0.536608	0.445807	0.651661	0.307604	0	
0.989999	0.644583	2.94386e-11	0.889465	0.13487	0.993101	0.0009565	3.84015e-06	0.104019	0.993094	0.634762	0.00762513	3.50589e-05	0.000144455	0.229427	7.28869e-08	4.38253e-08	0.993097	0.743971	0.73405	0.993086	0.685226	8.65472e-16	0.098132	0.324664	0.402789	0.340322	0.690727	0.339439	0	
0.990123	0.577375	2.20278e-11	0.915554	0.100918	0.993101	0.000715714	2.87344e-06	0.0943318	0.993096	0.724941	0.00570561	6.76629e-05	0.00010809	0.343564	5.51471e-08	3.27929e-08	0.993095	0.806687	0.734207	0.993064	0.762714	6.47653e-16	0.073429	0.24762	0.302136	0.259608	0.727191	0.363358	0	
0.990559	0.527489	1.64826e-11	0.935076	0.0755136	0.993101	0.000535543	2.15009e-06	0.086326	0.993098	0.792435	0.0042693	0.000109475	8.08802e-05	0.45214	4.15595e-08	2.45377e-08	0.993089	0.853614	0.745456	0.993021	0.820704	4.84641e-16	0.0549466	0.189196	0.226699	0.198335	0.759308	0.37586	0	
0.991048	0.489799	1.23333e-11	0.949683	0.0565041	0.993101	0.000400727	1.60884e-06	0.0784679	0.993099	0.842944	0.00319456	0.000159598	6.05197e-05	0.543352	3.12531e-08	1.83607e-08	0.993079	0.888728	0.768511	0.992964	0.864098	3.62655e-16	0.0411236	0.144932	0.170212	0.151879	0.789637	0.384172	0	
0.991494	0.467584	9.22859e-12	0.960613	0.0422799	0.993101	0.00029985	1.20383e-06	0.069903	0.9931	0.880741	0.00239037	0.000218681	4.52847e-05	0.61741	2.34707e-08	1.37386e-08	0.993062	0.915003	0.798192	0.992891	0.896571	2.71372e-16	0.030797	0.111343	0.127944	0.11661	0.816418	0.384791	0	
0.991863	0.453678	6.90542e-12	0.968792	0.0316365	0.993101	0.000224367	9.00784e-07	0.0610969	0.9931	0.909024	0.00178863	0.000289446	3.38849e-05	0.673232	1.76122e-08	1.02801e-08	0.99304	0.934663	0.830583	0.992814	0.920869	2.03066e-16	0.0230992	0.0857676	0.0963022	0.0897532	0.84543	0.404321	0	
0.992159	0.480133	5.16707e-12	0.974912	0.0236725	0.993101	0.000167885	6.74024e-07	0.0518713	0.993101	0.930188	0.00133837	0.000374188	2.53548e-05	0.72615	1.32065e-08	7.69224e-09	0.992988	0.949375	0.85752	0.992658	0.939052	1.51953e-16	0.0173897	0.0662439	0.0726634	0.0692539	0.870239	0.409592	0	
0.992389	0.519063	3.86633e-12	0.979491	0.0177132	0.993101	0.000125622	5.04348e-07	0.043239	0.993101	0.946025	0.00100145	0.000476625	1.89721e-05	0.76823	9.89903e-09	5.75582e-09	0.992909	0.960382	0.882011	0.992465	0.952657	1.13707e-16	0.0131766	0.0512929	0.0549781	0.0535626	0.891743	0.409561	0	
0.992564	0.560382	2.89304e-12	0.982917	0.0132542	0.993101	9.39987e-05	3.77385e-07	0.0356126	0.993101	0.957875	0.000749349	0.000596828	1.41961e-05	0.799703	7.41819e-09	4.30687e-09	0.992805	0.968619	0.90362	0.992263	0.962838	8.50876e-17	0.0100865	0.0398361	0.0417408	0.0415454	0.913691	0.427047	0	
0.992697	0.620707	2.16475e-12	0.985481	0.00991762	0.993101	7.03358e-05	2.82384e-07	0.0289531	0.993102	0.966742	0.00056071	0.000732134	1.06224e-05	0.830129	5.55792e-09	3.22268e-09	0.992586	0.974782	0.920315	0.991877	0.970456	6.36725e-17	0.00785715	0.0310602	0.0318764	0.0323462	0.932063	0.430924	0	
0.992798	0.677392	1.61981e-12	0.9874	0.00742099	0.993101	5.26297e-05	2.11298e-07	0.0233755	0.993102	0.973378	0.000419559	0.000879079	7.94838e-06	0.854166	4.16375e-09	2.41141e-09	0.992302	0.979394	0.934247	0.991447	0.976156	4.7648e-17	0.00627061	0.024339	0.024528	0.0253059	0.950026	0.44932	0	
0.992874	0.735832	1.21204e-12	0.988835	0.00555286	0.993101	3.93809e-05	1.58107e-07	0.018749	0.993102	0.978343	0.000313941	0.00103237	5.94749e-06	0.87713	3.11905e-09	1.80437e-09	0.991757	0.982845	0.944633	0.990674	0.980422	3.56573e-17	0.00518727	0.0191951	0.0190987	0.0199216	0.966792	0.471333	0	
0.992931	0.789787	9.06927e-13	0.989909	0.004155	0.993101	2.94673e-05	1.18307e-07	0.0149642	0.993102	0.982058	0.00023491	0.00118689	4.45029e-06	0.898456	2.33635e-09	1.35015e-09	0.990704	0.985427	0.951923	0.989266	0.983614	2.66849e-17	0.0045011	0.0152599	0.0151321	0.0158057	0.983815	0.507797	0	
0.992974	0.836961	6.7862e-13	0.990713	0.00310904	0.993101	2.20493e-05	8.85256e-08	0.011882	0.993102	0.984838	0.000175775	0.00133793	3.32999e-06	0.918425	1.74997e-09	1.01027e-09	0.987976	0.987359	0.955109	0.985759	0.986002	1.99711e-17	0.00415899	0.0122506	0.012317	0.0126605	0.995192	0.500002	0	
0.993006	0.872394	5.07787e-13	0.991315	0.00232638	0.993101	1.64987e-05	6.62419e-08	0.00944808	0.993102	0.986918	0.000131526	0.00148182	2.49171e-06	0.932728	1.31085e-09	7.55945e-10	0.986041	0.988805	0.959733	0.98353	0.987789	1.49474e-17	0.00402684	0.00994943	0.0103018	0.0102572	1.00916	0.532388	0	
0.99303	0.901191	3.79958e-13	0.991765	0.00174074	0.993101	1.23454e-05	4.95683e-08	0.00749791	0.993102	0.988474	9.84161e-05	0.00161525	1.86445e-06	0.945553	9.81921e-10	5.65646e-10	0.981118	0.989887	0.961056	0.977891	0.989126	1.11882e-17	0.00414446	0.00819065	0.00899405	0.00842165	1.02389	0.581947	0	
0.993048	0.923877	2.84309e-13	0.992101	0.00130254	0.993101	9.23759e-06	3.70928e-08	0.00593334	0.993102	0.989639	7.36413e-05	0.00173661	1.3951e-06	0.956637	7.35528e-10	4.23252e-10	0.96557	0.990696	0.95531	0.960407	0.990127	8.37532e-18	0.00453722	0.00684629	0.00830996	0.00701967	1.03331	0.580222	0	
0.993062	0.940911	2.12738e-13	0.992353	0.00097464	0.993101	6.91215e-06	2.77584e-08	0.00470955	0.993102	0.990511	5.51031e-05	0.00184528	1.04391e-06	0.9649	5.51025e-10	3.16704e-10	0.953447	0.991302	0.953648	0.947387	0.990876	6.2705e-18	0.00505113	0.0058184	0.00799674	0.00594851	1.04226	0.591462	0	
0.993072	0.953784	1.59184e-13	0.992542	0.000729287	0.993101	5.17211e-06	2.07744e-08	0.00375114	0.993102	0.991163	4.12317e-05	0.00194093	7.81116e-07	0.971266	4.1286e-10	2.36978e-10	0.938963	0.991755	0.951904	0.93227	0.991436	4.69553e-18	0.00568846	0.00503255	0.00799722	0.00513019	1.05288	0.622176	0	
0.993079	0.963565	1.19112e-13	0.992683	0.000545699	0.993101	3.8701e-06	1.55495e-08	0.00299147	0.993102	0.991651	3.08525e-05	0.00202396	5.84481e-07	0.976366	3.09372e-10	1.77322e-10	0.909486	0.992094	0.945217	0.901735	0.991855	3.51701e-18	0.00654696	0.00443173	0.00836772	0.00450499	1.05877	0.612934	0	
0.993085	0.970874	8.9127e-14	0.992788	0.000408327	0.993101	2.89586e-06	1.16405e-08	0.00240313	0.993102	0.992016	2.30859e-05	0.00209532	4.37346e-07	0.980102	2.31886e-10	1.32684e-10	0.892664	0.992348	0.944439	0.884902	0.992169	2.63516e-18	0.00741478	0.00397217	0.00885332	0.00402714	1.0684	0.650185	0	
0.993089	0.97642	6.66905e-14	0.992867	0.000305536	0.993101	2.16686e-06	8.71675e-09	0.00193442	0.993102	0.992289	1.72751e-05	0.00215595	3.2725e-07	0.983147	1.73837e-10	9.92824e-11	0.84845	0.992538	0.935208	0.840204	0.992403	1.97529e-18	0.00853843	0.00362066	0.00968214	0.00366191	1.07786	0.687839	0	
0.993093	0.9806	4.9902e-14	0.992927	0.000228622	0.993101	1.62139e-06	6.53036e-09	0.00156045	0.993102	0.992493	1.29297e-05	0.00220712	2.44869e-07	0.985546	1.30345e-10	7.42894e-11	0.771246	0.99268	0.914336	0.762675	0.992579	1.48153e-18	0.00994136	0.00335163	0.0108567	0.00338258	1.08692	0.728822	0	
0.993095	0.98374	3.73399e-14	0.992971	0.000171069	0.993101	1.21322e-06	4.89596e-09	0.00126205	0.993102	0.992646	9.69163e-06	0.00225007	1.83227e-07	0.987401	9.77569e-11	5.55881e-11	0.662731	0.992786	0.874593	0.654568	0.992711	1.11206e-18	0.0116355	0.00314557	0.0123727	0.00316878	1.09082	0.714205	0	
0.993097	0.986088	2.79401e-14	0.993004	0.000128005	0.993101	9.07811e-07	3.67379e-09	0.0010318	0.993102	0.992761	7.26118e-06	0.00228594	1.37102e-07	0.988773	7.33556e-11	4.15945e-11	0.597936	0.992866	0.860012	0.590307	0.992809	8.35595e-19	0.0131943	0.0029876	0.0137877	0.00300502	1.09628	0.731651	0	
0.993098	0.987848	2.09065e-14	0.993029	9.57813e-05	0.993101	6.79282e-07	2.76048e-09	0.000850533	0.993102	0.992847	5.45177e-06	0.00231568	1.02588e-07	0.989819	5.50755e-11	3.11237e-11	0.528727	0.992925	0.839661	0.521891	0.992882	6.28723e-19	0.0148316	0.0028665	0.01531	0.00287957	1.10053	0.734182	0	
0.993099	0.989166	1.56436e-14	0.993047	7.16697e-05	0.993101	5.08282e-07	2.07811e-09	0.000708552	0.993102	0.992911	4.0997e-06	0.00234021	7.67631e-08	0.990603	4.13821e-11	2.32887e-11	0.473798	0.99297	0.825872	0.467772	0.992938	4.73927e-19	0.0164557	0.00277362	0.0168414	0.00278342	1.10712	0.769006	0	
0.9931	0.990155	1.17055e-14	0.993061	5.36278e-05	0.993101	3.80329e-07	1.56929e-09	0.000593438	0.993102	0.992959	3.14911e-06	0.00236036	5.7439e-08	0.991211	3.11146e-11	1.74261e-11	0.400515	0.993003	0.788432	0.395477	0.992979	3.58096e-19	0.0183796	0.00270234	0.0186915	0.00270969	1.11309	0.797932	0	
0.9931	0.990896	8.75883e-15	0.993071	4.01277e-05	0.993101	2.84586e-07	1.19039e-09	0.000500204	0.993102	0.992995	2.61434e-06	0.00237689	4.29795e-08	0.991675	2.3415e-11	1.30393e-11	0.327631	0.993028	0.73376	0.323568	0.99301	2.71423e-19	0.0205418	0.00264757	0.0207947	0.00265309	1.11757	0.813348	0	
0.993101	0.99145	6.55391e-15	0.993079	3.00261e-05	0.993101	2.12946e-07	9.08382e-10	0.000425646	0.993102	0.993021	2.43251e-06	0.00239043	3.216e-08	0.992026	1.76422e-11	9.75684e-12	0.266237	0.993047	0.679318	0.263004	0.993033	2.06568e-19	0.022754	0.00260543	0.0229589	0.00260957	1.11958	0.813667	0	
0.993101	0.991865	4.90405e-15	0.993085	2.24675e-05	0.993101	1.59339e-07	6.98097e-10	0.00036784	0.993102	0.993041	2.30124e-06	0.00240151	2.40642e-08	0.992288	1.33179e-11	7.30069e-12	0.220118	0.993061	0.640692	0.217536	0.99305	1.58039e-19	0.0246841	0.00257297	0.0248497	0.00257607	1.12583	0.852133	0	
0.993101	0.992177	3.66952e-15	0.993089	1.68116e-05	0.993101	1.19228e-07	5.43201e-10	0.000318793	0.993102	0.993057	3.95805e-06	0.00241052	1.80063e-08	0.992489	1.00684e-11	5.46284e-12	0.174823	0.993071	0.572269	0.17282	0.993063	1.21726e-19	0.0270963	0.00254796	0.0272304	0.00255029	1.12623	0.844663	0	
0.993102	0.992409	2.74577e-15	0.993093	1.25795e-05	0.993101	8.92139e-08	4.27464e-10	0.000281758	0.993102	0.993068	4.61713e-06	0.00241788	1.34735e-08	0.992639	7.63612e-12	4.08764e-12	0.142463	0.993079	0.53042	0.140894	0.993072	9.45532e-20	0.0289524	0.00252865	0.0290603	0.00253039	1.12929	0.860771	0	
0.993102	0.992583	2.05456e-15	0.993095	9.41278e-06	0.993101	6.67555e-08	3.42192e-10	0.000251481	0.993102	0.993076	6.6036e-06	0.00242386	1.00817e-08	0.992752	5.81005e-12	3.05863e-12	0.115139	0.993085	0.483793	0.113918	0.99308	7.42209e-20	0.0308578	0.00251373	0.0309446	0.00251504	1.13292	0.88072	0	
0.993102	0.992714	1.53735e-15	0.993097	7.04324e-06	0.993101	4.99507e-08	2.80068e-10	0.000225984	0.993102	0.993083	1.19265e-05	0.00242871	7.54378e-09	0.992838	4.43695e-12	2.28867e-12	0.0919417	0.993089	0.43142	0.0910001	0.993085	5.90067e-20	0.0329376	0.0025022	0.0330072	0.00250318	1.13317	0.878136	0	
0.993102	0.992811	1.15035e-15	0.993098	5.2702e-06	0.993101	3.73763e-08	2.33708e-10	0.000206714	0.993102	0.993087	1.52173e-05	0.00243266	5.64474e-09	0.992902	3.40904e-12	1.71252e-12	0.0748778	0.993092	0.395117	0.0741464	0.993089	4.76223e-20	0.0345338	0.00249325	0.0345894	0.00249399	1.13627	0.899081	0	
0.993102	0.992885	8.60761e-16	0.993099	3.9435e-06	0.993101	2.79673e-08	2.00563e-10	0.000190036	0.993102	0.993091	2.59208e-05	0.00243585	4.22375e-09	0.992951	2.63454e-12	1.28142e-12	0.0600588	0.993095	0.35106	0.0594952	0.993092	3.91037e-20	0.0363268	0.00248632	0.0363712	0.00248687	1.13703	0.904841	0	
0.993102	0.992939	6.44076e-16	0.9931	2.95078e-06	0.993101	2.09269e-08	1.76155e-10	0.000177025	0.993102	0.993093	3.76839e-05	0.00243845	3.16048e-09	0.992988	2.05376e-12	9.5884e-13	0.0485356	0.993097	0.313899	0.0481004	0.993094	3.27294e-20	0.0378156	0.00248092	0.0378508	0.00248134	1.13546	0.893355	0	
0.993102	0.99298	4.81939e-16	0.9931	2.20796e-06	0.993101	1.56589e-08	1.57087e-10	0.000168399	0.993102	0.993095	3.97436e-05	0.00244056	2.36487e-09	0.993015	1.6218e-12	7.17465e-13	0.0408228	0.993098	0.294644	0.0404816	0.993096	2.79597e-20	0.0386103	0.00247673	0.038638	0.00247704	1.13693	0.903149	0	
0.993102	0.993011	3.60617e-16	0.993101	1.65213e-06	0.993101	1.17169e-08	1.4357e-10	0.000160908	0.993102	0.993097	4.68158e-05	0.00244225	1.76955e-09	0.993035	1.29613e-12	5.36853e-13	0.0342609	0.993099	0.272992	0.0339932	0.993097	2.43906e-20	0.0394952	0.00247348	0.039517	0.00247371	1.14011	0.922269	0	
0.993102	0.993034	2.69837e-16	0.993101	1.23623e-06	0.993101	8.76737e-09	1.35168e-10	0.00015315	0.993102	0.993098	7.17084e-05	0.0024436	1.32409e-09	0.993051	1.04734e-12	4.01707e-13	0.0281816	0.9931	0.244779	0.0279732	0.993098	2.172e-20	0.0408203	0.00247096	0.0408374	0.00247113	1.1431	0.94126	0	
0.993102	0.993051	2.01909e-16	0.993101	9.25027e-07	0.993101	6.5603e-09	1.30588e-10	0.000145447	0.993102	0.993099	0.00013202	0.00244471	9.90767e-10	0.993063	8.56696e-13	3.00583e-13	0.0228334	0.9931	0.213938	0.0226722	0.993099	1.97216e-20	0.0424685	0.00246898	0.0424818	0.00246911	1.14537	0.954865	0	
0.993102	0.993064	1.51081e-16	0.993102	6.92164e-07	0.993101	4.90883e-09	1.28533e-10	0.000138311	0.993102	0.993099	0.00023375	0.00244564	7.41355e-10	0.993073	7.10793e-13	2.24915e-13	0.0184174	0.993101	0.185248	0.0182929	0.9931	1.82263e-20	0.044226	0.0024674	0.0442364	0.00246749	1.14683	0.965277	0	
0.993102	0.993073	1.13049e-16	0.993102	5.17921e-07	0.993101	3.6731e-09	1.27907e-10	0.000132124	0.993102	0.9931	0.000379488	0.00244642	5.54729e-10	0.99308	5.99612e-13	1.68296e-13	0.0148634	0.993101	0.160008	0.0147673	0.9931	1.71074e-20	0.0458875	0.00246613	0.0458955	0.0024662	1.14796	0.972618	0	
0.993102	0.993081	8.45901e-17	0.993102	3.87542e-07	0.993101	2.74845e-09	1.28166e-10	0.000126854	0.993102	0.9931	0.000558208	0.00244708	4.15083e-10	0.993085	5.14903e-13	1.2593e-13	0.0120566	0.993101	0.138814	0.0119823	0.9931	1.62702e-20	0.0474053	0.0024651	0.0474114	0.00246516	1.14884	0.979032	0	
0.993102	0.993086	6.32957e-17	0.993102	2.89983e-07	0.993101	2.05656e-09	1.28936e-10	0.000122422	0.993102	0.9931	0.000771976	0.00244764	3.10592e-10	0.993089	4.50363e-13	9.42287e-14	0.00984406	0.993102	0.121094	0.00978632	0.993101	1.56437e-20	0.0487583	0.00246427	0.0487629	0.00246431	1.14869	0.979432	0	
0.993102	0.99309	4.73619e-17	0.993102	2.16984e-07	0.993101	1.53885e-09	1.2941e-10	0.000119191	0.993102	0.993101	0.000937565	0.00244812	2.32404e-10	0.993092	4.02271e-13	7.05079e-14	0.0081818	0.993102	0.107657	0.00813661	0.993101	1.51749e-20	0.0497296	0.00246359	0.049733	0.00246362	1.14692	0.971645	0	
0.993102	0.993093	3.54392e-17	0.993102	1.62361e-07	0.993101	1.15147e-09	1.28624e-10	0.000117764	0.993102	0.993101	0.000965207	0.00244851	1.739e-10	0.993094	3.68631e-13	5.27585e-14	0.00707484	0.993102	0.0996187	0.00703877	0.993101	1.48241e-20	0.0500192	0.00246304	0.0500217	0.00246306	1.14619	0.97009	0	
0.993102	0.993095	2.65178e-17	0.993102	1.21489e-07	0.993101	8.61601e-10	1.27574e-10	0.000117117	0.993102	0.993101	0.000969995	0.00244883	1.30123e-10	0.993096	3.44454e-13	3.94773e-14	0.00627646	0.993102	0.0938963	0.00624716	0.993101	1.45616e-20	0.0500589	0.00246261	0.0500606	0.00246263	1.14919	0.986311	0	
0.993102	0.993097	1.98423e-17	0.993102	9.09057e-08	0.993101	6.44704e-10	1.28721e-10	0.000114947	0.993102	0.993101	0.00119943	0.00244907	9.73662e-11	0.993097	3.22375e-13	2.95394e-14	0.00540757	0.993102	0.0853876	0.00538399	0.993101	1.43652e-20	0.0508259	0.00246229	0.0508271	0.0024623	1.14968	0.990559	0	
0.993102	0.993098	1.48473e-17	0.993102	6.80215e-08	0.993101	4.82409e-10	1.29908e-10	0.000113057	0.993102	0.993101	0.00145858	0.00244928	7.28556e-11	0.993098	3.05223e-13	2.21033e-14	0.00469959	0.993102	0.0779874	0.00468045	0.993101	1.42182e-20	0.0515235	0.00246201	0.0515242	0.00246202	1.15072	0.997797	0	
0.993102	0.993099	1.11097e-17	0.993102	5.0898e-08	0.993101	3.60969e-10	1.31504e-10	0.000111085	0.993102	0.993101	0.00184027	0.00244946	5.45152e-11	0.993099	2.91068e-13	1.65391e-14	0.00408195	0.993102	0.07089	0.00406635	0.993101	1.41082e-20	0.0523133	0.00246179	0.0523136	0.00246179	1.15179	1.00516	0	
0.993102	0.9931	8.31297e-18	0.993102	3.80851e-08	0.993101	2.701e-10	1.33441e-10	0.000109048	0.993102	0.993101	0.00238117	0.00244961	4.07917e-11	0.9931	2.79148e-13	1.23756e-14	0.0035425	0.993102	0.0641633	0.00352975	0.993101	1.4026e-20	0.0531843	0.00246159	0.0531843	0.0024616	1.15196	1.00808	0	
0.993102	0.993101	6.22029e-18	0.993102	2.84977e-08	0.993101	2.02106e-10	1.35011e-10	0.000107434	0.993102	0.993101	0.00290991	0.00244976	3.0523e-11	0.9931	2.70017e-13	9.2602e-15	0.00311112	0.993102	0.0585595	0.00310057	0.993101	1.39644e-20	0.0538808	0.00246142	0.0538806	0.00246143	1.15453	1.02141	0	
0.993102	0.993101	4.65442e-18	0.993102	2.13238e-08	0.993101	1.51228e-10	1.38038e-10	0.000104935	0.993102	0.993101	0.00409379	0.00244988	2.28392e-11	0.9931	2.60126e-13	6.92907e-15	0.00268074	0.993102	0.0523939	0.00267209	0.993101	1.39183e-20	0.055099	0.00246127	0.0550986	0.00246128	1.15344	1.01848	0	
0.993102	0.993101	3.48273e-18	0.993102	1.59558e-08	0.993101	1.13159e-10	1.395e-10	0.000103608	0.993102	0.993101	0.00476908	0.00245001	1.70898e-11	0.993101	2.54013e-13	5.18477e-15	0.00237991	0.993102	0.0480891	0.00237266	0.993101	1.38838e-20	0.0557072	0.00246113	0.0557067	0.00246114	1.15566	1.02946	0	
0.993102	0.993101	2.606e-18	0.993102	1.19392e-08	0.993101	8.46726e-11	1.42239e-10	0.000101525	0.993102	0.993101	0.00620432	0.00245012	1.27876e-11	0.993101	2.46858e-13	3.87958e-15	0.00208119	0.993102	0.0434841	0.00207514	0.993101	1.3858e-20	0.0567795	0.00246101	0.0567788	0.00246101	1.15516	1.02979	0	
0.993102	0.993102	1.94998e-18	0.993102	8.93363e-09	0.993101	6.33574e-11	1.43917e-10	0.000100205	0.993102	0.993101	0.00731347	0.00245023	9.56853e-12	0.993101	2.42069e-13	2.90295e-15	0.00185562	0.993102	0.0399182	0.00185049	0.993101	1.38387e-20	0.0574411	0.00246089	0.0574403	0.0024609	1.15627	1.03686	0	
0.993102	0.993102	1.4591e-18	0.993102	6.68471e-09	0.993101	4.7408e-11	1.46011e-10	9.86871e-05	0.993102	0.993101	0.00900334	0.00245033	7.15978e-12	0.993101	2.3723e-13	2.17217e-15	0.00164755	0.993102	0.0364426	0.00164319	0.993101	1.38243e-20	0.0582497	0.00246079	0.0582489	0.00246079	1.15677	1.042	0	
0.993102	0.993102	1.09179e-18	0.993102	5.00193e-09	0.993101	3.54737e-11	1.47962e-10	9.73152e-05	0.993102	0.993101	0.0110601	0.00245042	5.3574e-12	0.993101	2.33051e-13	1.62536e-15	0.00146654	0.993102	0.033273	0.00146282	0.993101	1.38135e-20	0.0589978	0.00246069	0.0589969	0.00246069	1.1541	1.04045	0	
0.993102	0.993102	8.16946e-19	0.993102	3.74276e-09	0.993101	2.65437e-11	1.47409e-10	9.7577e-05	0.993102	0.993101	0.0123423	0.0024505	4.00875e-12	0.993102	2.32973e-13	1.2162e-15	0.00133846	0.993102	0.0307718	0.00133521	0.993101	1.38054e-20	0.0588018	0.0024606	0.0588009	0.00246061	1.15666	1.05635	0	
0.993102	0.993102	6.11291e-19	0.993102	2.80057e-09	0.993101	1.98617e-11	1.48922e-10	9.65369e-05	0.993102	0.993101	0.0168088	0.00245057	2.9996e-12	0.993102	2.2999e-13	9.10038e-16	0.00117698	0.993102	0.0275489	0.0011742	0.993101	1.37993e-20	0.0593781	0.00246054	0.0593771	0.00246054	1.1474	1.0465	0	
0.993102	0.993102	4.57407e-19	0.993102	2.09557e-09	0.993101	1.48618e-11	1.43528e-10	0.000100542	0.993102	0.993101	0.0177357	0.00245062	2.24449e-12	0.993102	2.39078e-13	6.80949e-16	0.0010943	0.993102	0.0251902	0.00109181	0.993101	1.37948e-20	0.0573439	0.00246048	0.0573429	0.00246048	1.13694	1.03504	0	
0.993102	0.993102	3.42261e-19	0.993102	1.56804e-09	0.993101	1.11205e-11	1.3343e-10	0.000110129	0.993102	0.993101	0.0165574	0.00245062	1.67947e-12	0.993102	2.61473e-13	5.09531e-16	0.00108747	0.993102	0.023516	0.00108507	0.993101	1.37914e-20	0.053488	0.00246049	0.0534871	0.00246049	1.14089	1.04757	0	
0.993102	0.993102	2.56101e-19	0.993102	1.1733e-09	0.993101	8.32108e-12	1.28016e-10	0.000114649	0.993102	0.993101	0.0177699	0.0024505	1.25669e-12	0.993102	2.71954e-13	3.81265e-16	0.00102295	0.993102	0.0215393	0.00102069	0.993101	1.37889e-20	0.0514376	0.00246061	0.0514367	0.00246061	1.13458	1.03919	0	
0.993102	0.993102	1.91631e-19	0.993102	8.7794e-10	0.993101	6.22636e-12	1.20628e-10	0.000122365	0.993102	0.993101	0.0171699	0.00245035	9.40333e-13	0.993102	2.90049e-13	2.85288e-16	0.00101283	0.993102	0.0202242	0.00101057	0.993101	1.3787e-20	0.0486076	0.00246075	0.0486068	0.00246075	1.13742	1.04703	0	
0.993102	0.993102	1.43391e-19	0.993102	6.56931e-10	0.993101	4.65896e-12	1.16549e-10	0.00012612	0.993102	0.993101	0.0181185	0.00245014	7.03617e-13	0.993102	2.98814e-13	2.13472e-16	0.000969458	0.993102	0.0188551	0.000967254	0.993101	1.37856e-20	0.0470589	0.00246096	0.047058	0.00246096	1.13696	1.04795	0	
0.993102	0.993102	1.07294e-19	0.993102	4.91557e-10	0.993101	3.48613e-12	1.13254e-10	0.000129253	0.993102	0.993101	0.0190223	0.00244994	5.26491e-13	0.993102	3.06139e-13	1.59734e-16	0.000933186	0.993102	0.0177305	0.000931014	0.993101	1.37845e-20	0.0458065	0.00246116	0.0458057	0.00246116	1.14091	1.05936	0	
0.993102	0.993102	8.02842e-20	0.993102	3.67814e-10	0.993101	2.60854e-12	1.12929e-10	0.000128949	0.993102	0.993101	0.0227534	0.00244976	3.93954e-13	0.993102	3.05349e-13	1.19524e-16	0.000863693	0.993102	0.0163931	0.000861641	0.993101	1.37837e-20	0.0457019	0.00246135	0.0457011	0.00246135	1.13965	1.06108	0	
0.993102	0.993102	6.00737e-20	0.993102	2.75222e-10	0.993101	1.95188e-12	1.11986e-10	0.000129541	0.993102	0.993101	0.0261285	0.00244962	2.94782e-13	0.993102	3.067e-13	8.94365e-17	0.000806114	0.993102	0.015214	0.000804167	0.993101	1.37831e-20	0.0453524	0.00246148	0.0453516	0.00246148	1.14251	1.06924	0	
0.993102	0.993102	4.4951e-20	0.993102	2.05939e-10	0.993101	1.46052e-12	1.12901e-10	0.000128144	0.993102	0.993101	0.0319932	0.00244951	2.20574e-13	0.993102	3.03355e-13	6.69229e-17	0.000738975	0.993102	0.0140387	0.000737167	0.993101	1.37827e-20	0.0457181	0.00246159	0.0457173	0.00246159	1.14003	1.06929	0	
0.993102	0.993102	3.36352e-20	0.993102	1.54096e-10	0.993101	1.09285e-12	1.12176e-10	0.000128688	0.993102	0.993101	0.0364048	0.00244944	1.65048e-13	0.993102	3.04613e-13	5.00767e-17	0.000688593	0.993102	0.0130294	0.000686893	0.993101	1.37823e-20	0.0454459	0.00246166	0.0454451	0.00246166	1.14186	1.07543	0	
0.993102	0.993102	2.5168e-20	0.993102	1.15305e-10	0.993101	8.17742e-13	1.12663e-10	0.000127919	0.993102	0.993101	0.0429574	0.00244939	1.23499e-13	0.993102	3.02773e-13	3.74712e-17	0.000635232	0.993102	0.0120674	0.000633652	0.993101	1.37821e-20	0.0456407	0.00246172	0.0456398	0.00246172	1.14173	1.07871	0	
0.993102	0.993102	1.88323e-20	0.993102	8.62783e-11	0.993101	6.11887e-13	1.12957e-10	0.000127422	0.993102	0.993101	0.0499099	0.00244936	9.24099e-14	0.993102	3.01578e-13	2.8039e-17	0.000587675	0.993102	0.0111962	0.000586206	0.993101	1.37819e-20	0.045759	0.00246175	0.0457582	0.00246175	1.13901	1.07787	0	
0.993102	0.993102	1.40915e-20	0.993102	6.45589e-11	0.993101	4.57852e-13	1.11656e-10	0.000128826	0.993102	0.993101	0.0545615	0.00244934	6.9147e-14	0.993102	3.0489e-13	2.09812e-17	0.000554004	0.993102	0.010465	0.000552614	0.993101	1.37818e-20	0.0452584	0.00246176	0.0452576	0.00246176	1.1394	1.08232	0	
0.993102	0.993102	1.05442e-20	0.993102	4.83071e-11	0.993101	3.42594e-13	1.10895e-10	0.000129616	0.993102	0.993101	0.0611306	0.00244931	5.17402e-14	0.993102	3.06751e-13	1.57e-17	0.000519073	0.993102	0.00975609	0.000517764	0.993101	1.37817e-20	0.044967	0.0024618	0.0449662	0.0024618	1.13856	1.08441	0	
0.993102	0.993102	7.88981e-21	0.993102	3.61464e-11	0.993101	2.56351e-13	1.09873e-10	0.000130767	0.993102	0.993101	0.0676565	0.00244928	3.87153e-14	0.993102	3.09469e-13	1.17483e-17	0.000488674	0.993102	0.00911724	0.000487435	0.993101	1.37816e-20	0.0445734	0.00246183	0.0445726	0.00246183	1.13952	1.08792	0	
0.993102	0.993102	5.90366e-21	0.993102	2.70471e-11	0.993101	1.91818e-13	1.09631e-10	0.000130985	0.993102	0.993101	0.075514	0.00244924	2.89692e-14	0.993102	3.09978e-13	8.79137e-18	0.000459139	0.993102	0.00854961	0.000457968	0.993101	1.37815e-20	0.0444823	0.00246187	0.0444815	0.00246187	1.13419	1.08469	0	
0.993102	0.993102	4.41749e-21	0.993102	2.02383e-11	0.993101	1.4353e-13	1.06675e-10	0.000134878	0.993102	0.993101	0.0786501	0.00244921	2.16766e-14	0.993102	3.19189e-13	6.57881e-18	0.000443261	0.993102	0.00805388	0.000442124	0.993101	1.37815e-20	0.043333	0.0024619	0.0433323	0.0024619	1.13475	1.08785	0	
0.993102	0.993102	3.30545e-21	0.993102	1.51436e-11	0.993101	1.07399e-13	1.04743e-10	0.000137377	0.993102	0.993101	0.083686	0.00244913	1.62198e-14	0.993102	3.251e-13	4.92321e-18	0.000425294	0.993102	0.00759975	0.000424191	0.993101	1.37814e-20	0.0425842	0.00246197	0.0425834	0.00246197	1.13431	1.08944	0	
0.993102	0.993102	2.47335e-21	0.993102	1.13314e-11	0.993101	8.03624e-14	1.03077e-10	0.000139572	0.993102	0.993101	0.0889098	0.00244905	1.21367e-14	0.993102	3.30294e-13	3.68436e-18	0.000408942	0.993102	0.00719778	0.000407868	0.993101	1.37814e-20	0.0419386	0.00246206	0.0419378	0.00246206	1.13398	1.09142	0	
0.993102	0.993102	1.85072e-21	0.993102	8.47888e-12	0.993101	6.01323e-14	1.01668e-10	0.000141458	0.993102	0.993101	0.0947475	0.00244896	9.08146e-15	0.993102	3.34756e-13	2.75736e-18	0.000393185	0.993102	0.00682906	0.000392139	0.993101	1.37814e-20	0.0413927	0.00246215	0.041392	0.00246215	1.13224	1.09174	0	
0.993102	0.993102	1.38482e-21	0.993102	6.34444e-12	0.993101	4.49948e-14	9.97741e-11	0.000144181	0.993102	0.993101	0.0994406	0.00244887	6.79532e-15	0.993102	3.41199e-13	2.06371e-18	0.000380844	0.993102	0.00649516	0.000379816	0.993101	1.37814e-20	0.0406556	0.00246224	0.0406549	0.00246224	1.13499	1.09676	0	
0.993102	0.993102	1.03621e-21	0.993102	4.74731e-12	0.993101	3.3668e-14	9.96971e-11	0.000144167	0.993102	0.993101	0.108441	0.00244877	5.08469e-15	0.993102	3.41165e-13	1.54464e-18	0.000363343	0.993102	0.00618414	0.000362348	0.993101	1.37814e-20	0.0406304	0.00246234	0.0406297	0.00246234	1.12754	1.09054	0	
0.993102	0.993102	7.7536e-22	0.993102	3.55224e-12	0.993101	2.51925e-14	9.61732e-11	0.000149985	0.993102	0.993101	0.108494	0.00244869	3.80469e-15	0.993102	3.54934e-13	1.15629e-18	0.000360634	0.993102	0.00591954	0.000359634	0.993101	1.37814e-20	0.0392483	0.00246241	0.0392475	0.00246241	1.13063	1.09528	0	
0.993102	0.993102	5.80174e-22	0.993102	2.65801e-12	0.993101	1.88506e-14	9.49108e-11	0.000151816	0.993102	0.993101	0.113511	0.00244857	2.84691e-15	0.993102	3.59269e-13	8.6566e-19	0.000350604	0.993102	0.00567982	0.000349614	0.993101	1.37814e-20	0.0387586	0.00246254	0.0387578	0.00246254	1.12669	1.09271	0	
0.993102	0.993102	4.34123e-22	0.993102	1.98889e-12	0.993101	1.41052e-14	9.22264e-11	0.000156434	0.993102	0.993101	0.114488	0.00244845	2.13024e-15	0.993102	3.70198e-13	6.48215e-19	0.000347351	0.993102	0.00546658	0.000346353	0.993101	1.37814e-20	0.0377056	0.00246266	0.0377049	0.00246266	1.12221	1.08963	0	
0.993102	0.993102	3.24838e-22	0.993102	1.48822e-12	0.993101	1.05544e-14	8.8401e-11	0.000163902	0.993102	0.993101	0.11216	0.0024483	1.59398e-15	0.993102	3.87872e-13	4.85539e-19	0.000350336	0.993102	0.00527369	0.000349307	0.993101	1.37814e-20	0.0361973	0.00246281	0.0361966	0.00246281	1.12384	1.092	0	
0.993102	0.993102	2.43065e-22	0.993102	1.11358e-12	0.993101	7.89751e-15	8.61806e-11	0.000167988	0.993102	0.993101	0.112752	0.0024481	1.19272e-15	0.993102	3.97545e-13	3.63791e-19	0.000348417	0.993102	0.0051121	0.000347364	0.993101	1.37814e-20	0.0353267	0.00246301	0.035326	0.00246301	1.11385	1.08283	0	
0.993102	0.993102	1.81876e-22	0.993102	8.3325e-13	0.993101	5.90942e-15	8.08928e-11	0.000181067	0.993102	0.993101	0.105082	0.0024479	8.92467e-16	0.993102	4.28502e-13	2.72788e-19	0.000364354	0.993102	0.00497241	0.000363219	0.993101	1.37814e-20	0.033225	0.00246321	0.0332244	0.00246321	1.12129	1.09202	0	
0.993102	0.993102	1.36092e-22	0.993102	6.23491e-13	0.993101	4.4218e-15	7.95674e-11	0.000183202	0.993102	0.993101	0.107497	0.00244759	6.67801e-16	0.993102	4.33556e-13	2.04597e-19	0.000358925	0.993102	0.00482849	0.000357764	0.993101	1.37813e-20	0.0327113	0.00246352	0.0327107	0.00246352	1.12205	1.09452	0	
0.993102	0.993102	1.01832e-22	0.993102	4.66535e-13	0.993101	3.30867e-15	7.88677e-11	0.000184079	0.993102	0.993101	0.111961	0.00244733	4.99691e-16	0.993102	4.35631e-13	1.53549e-19	0.000350661	0.993102	0.00468309	0.000349492	0.993101	1.37813e-20	0.0324442	0.00246378	0.0324436	0.00246378	1.10517	1.0775	0	
0.993102	0.993102	7.61974e-23	0.993102	3.49091e-13	0.993101	2.47576e-15	7.2806e-11	0.000203601	0.993102	0.993101	0.100793	0.00244713	3.73901e-16	0.993102	4.81842e-13	1.15537e-19	0.000377761	0.993102	0.00457735	0.000376462	0.993101	1.37813e-20	0.0300142	0.00246399	0.0300137	0.00246399	1.09723	1.0701	0	
0.993102	0.993102	5.70158e-23	0.993102	2.61212e-13	0.993101	1.85252e-15	6.62454e-11	0.000229538	0.993102	0.993101	0.0883124	0.00244673	2.79776e-16	0.993102	5.43243e-13	8.71956e-20	0.00041653	0.993102	0.00448673	0.000415015	0.993101	1.37813e-20	0.0273739	0.00246439	0.0273734	0.00246439	1.09854	1.073	0	
0.993102	0.993102	4.26628e-23	0.993102	1.95456e-13	0.993101	1.38617e-15	6.16479e-11	0.000246956	0.993102	0.993101	0.0804829	0.00244612	2.09346e-16	0.993102	5.84475e-13	6.59471e-20	0.000438127	0.993102	0.00438572	0.000436414	0.993101	1.37813e-20	0.0255309	0.002465	0.0255305	0.002465	1.09472	1.07001	0	
0.993102	0.993102	3.1923e-23	0.993102	1.46252e-13	0.993101	1.03722e-15	5.7319e-11	0.000265959	0.993102	0.993101	0.0730931	0.00244545	1.56646e-16	0.993102	6.29462e-13	5.00909e-20	0.000462167	0.993102	0.00429325	0.000460224	0.993101	1.37813e-20	0.0237907	0.00246568	0.0237902	0.00246568	1.06137	1.03616	0	
0.993102	0.993102	2.38868e-23	0.993102	1.09435e-13	0.993101	7.76117e-16	4.86336e-11	0.000357097	0.993102	0.993101	0.05815	0.00244471	1.17213e-16	0.993102	8.45295e-13	3.89476e-20	0.000610278	0.993102	0.00423438	0.000607423	0.993101	1.37813e-20	0.0202314	0.00246642	0.020231	0.00246642	1.07654	1.05388	0	
0.993102	0.993102	1.78737e-23	0.993102	8.18865e-14	0.993101	5.8074e-16	4.41693e-11	0.000383957	0.993102	0.993101	0.0504624	0.00244305	8.7706e-17	0.993102	9.08885e-13	3.01718e-20	0.000642901	0.993102	0.00413945	0.000639439	0.993101	1.37813e-20	0.0184293	0.00246811	0.018429	0.00246811	1.06997	1.04607	0	
0.993102	0.993102	1.33742e-23	0.993102	6.12727e-14	0.993101	4.34547e-16	3.98718e-11	0.000420429	0.993102	0.993101	0.0428887	0.00244147	6.56272e-17	0.993102	9.95246e-13	2.3779e-20	0.000699003	0.993102	0.00409279	0.000694748	0.993101	1.37813e-20	0.0166837	0.00246971	0.0166834	0.00246971	1.0754	1.05209	0	
0.993102	0.993102	1.00074e-23	0.993102	4.58481e-14	0.993101	3.25156e-16	3.74383e-11	0.00043403	0.993102	0.993101	0.0385907	0.00243984	4.91064e-17	0.993102	1.02744e-12	1.88592e-20	0.000716569	0.993102	0.00404625	0.000711765	0.993101	1.37813e-20	0.0157098	0.00247135	0.0157095	0.00247135	1.07898	1.05735	0	
0.993102	0.993102	7.4882e-24	0.993102	3.43065e-14	0.993101	2.43302e-16	3.61823e-11	0.000435952	0.993102	0.993101	0.0368523	0.00243846	3.67445e-17	0.993102	1.03199e-12	1.50714e-20	0.000710493	0.993102	0.00397908	0.000705393	0.993101	1.37813e-20	0.0152192	0.00247276	0.0152189	0.00247276	1.07313	1.05306	0	
0.993102	0.993102	5.60315e-24	0.993102	2.56703e-14	0.993101	1.82054e-16	3.43408e-11	0.000451179	0.993102	0.993101	0.0343287	0.0024374	2.74946e-17	0.993102	1.06804e-12	1.23231e-20	0.00072156	0.993102	0.00389971	0.000716097	0.993101	1.37813e-20	0.0144747	0.00247383	0.0144744	0.00247383	1.07217	1.05257	0	
0.993102	0.993102	4.19263e-24	0.993102	1.92081e-14	0.993101	1.36225e-16	3.28244e-11	0.000464999	0.993102	0.993101	0.0323162	0.00243642	2.05732e-17	0.993102	1.10077e-12	1.02769e-20	0.000731834	0.993102	0.00383171	0.000726023	0.993101	1.37813e-20	0.0138613	0.00247482	0.013861	0.00247482	1.07852	1.05896	0	
0.993102	0.993102	3.13719e-24	0.993102	1.43727e-14	0.993101	1.01932e-16	3.26543e-11	0.000460162	0.993102	0.993101	0.0326798	0.00243552	1.53942e-17	0.993102	1.08931e-12	8.61918e-21	0.000716608	0.993102	0.00378004	0.000710697	0.993101	1.37813e-20	0.0138086	0.00247574	0.0138084	0.00247574	1.08895	1.0706	0	
0.993102	0.993102	2.34745e-24	0.993102	1.07546e-14	0.993101	7.62722e-17	3.44045e-11	0.00043542	0.993102	0.993101	0.0377219	0.00243491	1.15189e-17	0.993102	1.03071e-12	7.18574e-21	0.000670105	0.993102	0.00371963	0.000664456	0.993101	1.37813e-20	0.0145522	0.00247636	0.0145519	0.00247636	1.10071	1.08496	0	
0.993102	0.993102	1.75651e-24	0.993102	8.04728e-15	0.993101	5.70717e-17	3.83597e-11	0.000397808	0.993102	0.993101	0.0508388	0.00243475	8.61918e-18	0.993102	9.41651e-13	5.92934e-21	0.0006018	0.993102	0.00362956	0.000596703	0.993101	1.37813e-20	0.0161993	0.00247652	0.016199	0.00247652	1.10851	1.09261	0	
0.993102	0.993102	1.31433e-24	0.993102	6.02148e-15	0.993101	4.27047e-17	4.34463e-11	0.00035928	0.993102	0.993101	0.0677393	0.00243509	6.44942e-18	0.993102	8.50425e-13	4.91089e-21	0.000536334	0.993102	0.00356465	0.000531839	0.993101	1.37813e-20	0.0182959	0.00247617	0.0182956	0.00247617	1.11115	1.09569	0	
0.993102	0.993102	9.83467e-25	0.993102	4.50566e-15	0.993101	3.19544e-17	4.8054e-11	0.000327274	0.993102	0.993101	0.0837271	0.00243582	4.82586e-18	0.993102	7.74644e-13	4.12045e-21	0.000482076	0.993102	0.00350867	0.000478134	0.993101	1.37813e-20	0.020182	0.00247543	0.0201816	0.00247543	1.11086	1.09452	0	
0.993102	0.993102	7.35892e-25	0.993102	3.37142e-15	0.993101	2.39104e-17	5.14097e-11	0.000303673	0.993102	0.993101	0.0943303	0.00243676	3.61102e-18	0.993102	7.18764e-13	3.53958e-21	0.000443291	0.993102	0.00348164	0.000439803	0.993101	1.37813e-20	0.0215477	0.00247448	0.0215473	0.00247448	1.1101	1.09448	0	
0.993102	0.993102	5.50642e-25	0.993102	2.52271e-15	0.993101	1.78913e-17	5.36882e-11	0.000286911	0.993102	0.993101	0.102199	0.00243775	2.70199e-18	0.993102	6.79075e-13	3.10527e-21	0.00041425	0.993102	0.00344918	0.00041114	0.993101	1.37813e-20	0.0224694	0.00247347	0.0224689	0.00247347	1.115	1.10031	0	
0.993102	0.993102	4.12025e-25	0.993102	1.88765e-15	0.993101	1.33874e-17	5.69616e-11	0.000268794	0.993102	0.993101	0.115081	0.00243869	2.0218e-18	0.993102	6.36181e-13	2.73004e-21	0.000383392	0.993102	0.00340951	0.000380645	0.993101	1.37813e-20	0.0237901	0.00247252	0.0237897	0.00247252	1.11798	1.10371	0	
0.993102	0.993102	3.08303e-25	0.993102	1.41246e-15	0.993101	1.00173e-17	6.04408e-11	0.000252111	0.993102	0.993101	0.129343	0.00243962	1.51284e-18	0.993102	5.96685e-13	2.42257e-21	0.000355429	0.993102	0.00337288	0.000353006	0.993101	1.37813e-20	0.0251885	0.00247157	0.0251881	0.00247157	1.12075	1.10671	0	
0.993102	0.993102	2.30692e-25	0.993102	1.05689e-15	0.993101	7.49563e-18	6.40583e-11	0.000236883	0.993102	0.993101	0.14446	0.00244052	1.132e-18	0.993102	5.60634e-13	2.17033e-21	0.000330462	0.993102	0.00334156	0.000328325	0.993101	1.37813e-20	0.0266372	0.00247066	0.0266367	0.00247066	1.11927	1.10582	0	
0.993102	0.993102	1.72619e-25	0.993102	7.90835e-16	0.993101	5.60873e-18	6.62191e-11	0.000226928	0.993102	0.993101	0.154389	0.00244138	8.47038e-19	0.993102	5.37066e-13	1.98802e-21	0.0003129	0.993102	0.00330874	0.000310991	0.993101	1.37813e-20	0.0274977	0.00246979	0.0274972	0.00246979	1.1137	1.10061	0	
0.993102	0.993102	1.29164e-25	0.993102	5.91753e-16	0.993101	4.19684e-18	6.59051e-11	0.000225343	0.993102	0.993101	0.154444	0.00244215	6.33807e-19	0.993102	5.33311e-13	1.89163e-21	0.000306945	0.993102	0.00327834	0.000305187	0.993101	1.37813e-20	0.0273618	0.00246901	0.0273613	0.00246901	1.11646	1.1039	0	
0.993102	0.993102	9.6649e-26	0.993102	4.42787e-16	0.993101	3.14037e-18	6.65993e-11	0.000221171	0.993102	0.993101	0.159015	0.00244274	4.74255e-19	0.993102	5.23435e-13	1.79373e-21	0.000297841	0.993102	0.00324711	0.000296219	0.993101	1.37813e-20	0.0276341	0.00246841	0.0276336	0.00246841	1.12369	1.11192	0	
0.993102	0.993102	7.2319e-26	0.993102	3.31321e-16	0.993101	2.34984e-18	6.98071e-11	0.000210978	0.993102	0.993101	0.17517	0.00244324	3.54868e-19	0.993102	4.99305e-13	1.66441e-21	0.000280918	0.993102	0.00321128	0.000279448	0.993101	1.37813e-20	0.0289135	0.00246791	0.0289129	0.00246791	1.12258	1.11139	0	
0.993102	0.993102	5.41137e-26	0.993102	2.47916e-16	0.993101	1.75832e-18	7.17707e-11	0.000204366	0.993102	0.993101	0.186319	0.00244373	2.65535e-19	0.993102	4.83654e-13	1.57109e-21	0.000268852	0.993102	0.00317559	0.000267505	0.993101	1.37813e-20	0.0296933	0.00246741	0.0296928	0.00246741	1.12257	1.11182	0	
0.993102	0.993102	4.04914e-26	0.993102	1.85506e-16	0.993101	1.31571e-18	7.3234e-11	0.000199434	0.993102	0.993101	0.19539	0.00244419	1.9869e-19	0.993102	4.71978e-13	1.49849e-21	0.000259309	0.993102	0.00314209	0.000258064	0.993101	1.37813e-20	0.0302725	0.00246696	0.0302719	0.00246696	1.12259	1.11227	0	
0.993102	0.993102	3.02983e-26	0.993102	1.38808e-16	0.993101	9.84514e-19	7.43405e-11	0.000195715	0.993102	0.993101	0.202955	0.00244459	1.48672e-19	0.993102	4.63175e-13	1.44127e-21	0.000251635	0.993102	0.00311062	0.000250475	0.993101	1.37813e-20	0.0307089	0.00246655	0.0307083	0.00246655	1.1245	1.11462	0	
0.993102	0.993102	2.26711e-26	0.993102	1.03865e-16	0.993101	7.36694e-19	7.59266e-11	0.000191197	0.993102	0.993101	0.212848	0.00244493	1.11246e-19	0.993102	4.5248e-13	1.38373e-21	0.000243236	0.993102	0.00308026	0.000242153	0.993101	1.37813e-20	0.0313363	0.00246621	0.0313357	0.00246621	1.12574	1.11632	0	
0.993102	0.993102	1.6964e-26	0.993102	7.77182e-17	0.993101	5.51258e-19	7.76229e-11	0.000186721	0.993102	0.993101	0.223416	0.00244524	8.32414e-20	0.993102	4.41884e-13	1.33051e-21	0.000235113	0.993102	0.00305078	0.0002341	0.993101	1.37813e-20	0.0320069	0.00246589	0.0320064	0.00246589	1.12553	1.11646	0	
0.993102	0.993102	1.26936e-26	0.993102	5.81537e-17	0.993101	4.12504e-19	7.88081e-11	0.000183549	0.993102	0.993101	0.231591	0.00244553	6.22865e-20	0.993102	4.34375e-13	1.28984e-21	0.000228872	0.993102	0.00302358	0.000227917	0.993101	1.37813e-20	0.0324738	0.0024656	0.0324732	0.0024656	1.12195	1.11308	0	
0.993102	0.993102	9.4982e-27	0.993102	4.35143e-17	0.993101	3.08682e-19	7.82612e-11	0.000184432	0.993102	0.993101	0.231447	0.00244579	4.66067e-20	0.993102	4.36465e-13	1.28001e-21	0.0002279	0.993102	0.00300025	0.000226978	0.993101	1.37813e-20	0.0322513	0.00246534	0.0322507	0.00246534	1.12733	1.1194	0	
0.993102	0.993102	7.1072e-27	0.993102	3.25601e-17	0.993101	2.30991e-19	8.00412e-11	0.000180295	0.993102	0.993101	0.243378	0.00244597	3.48741e-20	0.993102	4.26672e-13	1.23525e-21	0.000220448	0.993102	0.00296897	0.000219574	0.993101	1.37813e-20	0.0329557	0.00246516	0.0329551	0.00246516	1.12873	1.12105	0	
0.993102	0.993102	5.31809e-27	0.993102	2.43636e-17	0.993101	1.72858e-19	8.19849e-11	0.000176028	0.993102	0.993101	0.255676	0.00244615	2.6095e-20	0.993102	4.16573e-13	1.19275e-21	0.000213243	0.993102	0.00294203	0.000212415	0.993101	1.37813e-20	0.0337235	0.00246497	0.0337228	0.00246497	1.12592	1.11826	0	
0.993102	0.993102	3.97938e-27	0.993102	1.82304e-17	0.993101	1.2936e-19	8.22317e-11	0.000175212	0.993102	0.993101	0.259216	0.00244634	1.9526e-20	0.993102	4.14643e-13	1.17634e-21	0.000210612	0.993102	0.00292154	0.000209813	0.993101	1.37813e-20	0.0338181	0.00246478	0.0338175	0.00246478	1.12581	1.11841	0	
0.993102	0.993102	2.97766e-27	0.993102	1.36411e-17	0.993101	9.68125e-20	8.23725e-11	0.000174694	0.993102	0.993101	0.262159	0.0024465	1.46106e-20	0.993102	4.13415e-13	1.16322e-21	0.000208489	0.993102	0.00290257	0.000207714	0.993101	1.37813e-20	0.0338712	0.00246463	0.0338706	0.00246463	1.12613	1.11904	0	
0.993102	0.993102	2.22812e-27	0.993102	1.02072e-17	0.993101	7.24582e-20	8.26109e-11	0.000174029	0.993102	0.993101	0.265621	0.00244662	1.09326e-20	0.993102	4.11842e-13	1.14984e-21	0.000206261	0.993102	0.0028839	0.000205505	0.993101	1.37813e-20	0.0339637	0.0024645	0.033963	0.0024645	1.13054	1.12399	0	
0.993102	0.993102	1.66725e-27	0.993102	7.63764e-18	0.993101	5.4232e-20	8.47231e-11	0.000169876	0.993102	0.993101	0.278561	0.00244672	8.18043e-21	0.993102	4.02013e-13	1.1135e-21	0.000199857	0.993102	0.00286232	0.000199134	0.993101	1.37813e-20	0.0347974	0.0024644	0.0347967	0.0024644	1.12913	1.12268	0	
0.993102	0.993102	1.24758e-27	0.993102	5.71497e-18	0.993101	4.05948e-20	8.56674e-11	0.000167901	0.993102	0.993101	0.285404	0.00244684	6.12112e-21	0.993102	3.97338e-13	1.09305e-21	0.000196271	0.993102	0.00284486	0.000195571	0.993101	1.37813e-20	0.0351687	0.00246428	0.035168	0.00246428	1.1271	1.12078	0	
0.993102	0.993102	9.33557e-28	0.993102	4.2763e-18	0.993101	3.03919e-20	8.54885e-11	0.000168112	0.993102	0.993101	0.286537	0.00244696	4.58021e-21	0.993102	3.97837e-13	1.08781e-21	0.00019539	0.993102	0.00282996	0.000194704	0.993101	1.37813e-20	0.0350956	0.00246416	0.035095	0.00246416	1.13224	1.12619	0	
0.993102	0.993102	6.98578e-28	0.993102	3.1998e-18	0.993101	2.27544e-20	8.7669e-11	0.000164123	0.993102	0.993101	0.299049	0.00244704	3.42721e-21	0.993102	3.88394e-13	1.05619e-21	0.000189755	0.993102	0.002815	0.000189095	0.993101	1.37813e-20	0.0359543	0.00246407	0.0359536	0.00246407	1.12509	1.11875	0	
0.993102	0.993102	5.22762e-28	0.993102	2.3943e-18	0.993101	1.70439e-20	8.61431e-11	0.000167028	0.993102	0.993101	0.292612	0.00244716	2.56445e-21	0.993102	3.9527e-13	1.07142e-21	0.000192519	0.993102	0.00280791	0.00019186	0.993101	1.37813e-20	0.0353477	0.00246396	0.0353471	0.00246396	1.12766	1.12166	0	
0.993102	0.993102	3.91202e-28	0.993102	1.79156e-18	0.993101	1.27692e-20	8.60816e-11	0.000166993	0.993102	0.993101	0.29376	0.00244721	1.91889e-21	0.993102	3.95187e-13	1.06691e-21	0.000191735	0.993102	0.00279774	0.000191083	0.993101	1.37813e-20	0.0353232	0.00246391	0.0353225	0.00246391	1.12649	1.12067	0	
0.993102	0.993102	2.92762e-28	0.993102	1.34056e-18	0.993101	9.57139e-21	8.55383e-11	0.000167955	0.993102	0.993101	0.29256	0.00244724	1.43583e-21	0.993102	3.97465e-13	1.06884e-21	0.000192102	0.993102	0.00278773	0.000191452	0.993101	1.37813e-20	0.0351078	0.00246387	0.0351072	0.00246387	1.12908	1.12361	0	
0.993102	0.993102	2.19098e-28	0.993102	1.00309e-18	0.993101	7.17694e-21	8.62517e-11	0.000166511	0.993102	0.993101	0.297876	0.00244726	1.07438e-21	0.993102	3.94047e-13	1.05483e-21	0.000189601	0.993102	0.0027753	0.000188961	0.993101	1.37813e-20	0.0353902	0.00246386	0.0353895	0.00246386	1.12156	1.11605	0	
0.993102	0.993102	1.63992e-28	0.993102	7.50579e-19	0.993101	5.39053e-21	8.3681e-11	0.000172052	0.993102	0.993101	0.286489	0.00244729	8.0392e-22	0.993102	4.07162e-13	1.08598e-21	0.000195209	0.993102	0.0027666	0.000194553	0.993101	1.37813e-20	0.0343684	0.00246383	0.0343678	0.00246383	1.12324	1.11808	0	
0.993102	0.993102	1.22754e-28	0.993102	5.61631e-19	0.993101	4.0525e-21	8.24131e-11	0.000174627	0.993102	0.993101	0.281899	0.00244724	6.01544e-22	0.993102	4.13257e-13	1.0975e-21	0.000197299	0.993102	0.0027554	0.000196632	0.993101	1.37813e-20	0.0338669	0.00246387	0.0338663	0.00246387	1.12084	1.11575	0	
0.993102	0.993102	9.19019e-29	0.993102	4.20248e-19	0.993101	3.05321e-21	8.05357e-11	0.000178811	0.993102	0.993101	0.273972	0.00244718	4.50114e-22	0.993102	4.23161e-13	1.11972e-21	0.000201313	0.993102	0.00274605	0.000200627	0.993101	1.37813e-20	0.0331221	0.00246394	0.0331215	0.00246394	1.12241	1.11751	0	
0.993102	0.993102	6.88134e-29	0.993102	3.14456e-19	0.993101	2.30422e-21	7.97303e-11	0.000180461	0.993102	0.993101	0.271433	0.00244708	3.36804e-22	0.993102	4.27065e-13	1.126e-21	0.000202465	0.993102	0.00273632	0.000201766	0.993101	1.37813e-20	0.0328053	0.00246404	0.0328047	0.00246404	1.12415	1.11938	0	
0.993102	0.993102	5.1534e-29	0.993102	2.35296e-19	0.993101	1.74245e-21	7.98177e-11	0.000180097	0.993102	0.993101	0.273252	0.00244698	2.52018e-22	0.993102	4.26205e-13	1.12012e-21	0.000201426	0.993102	0.00272728	0.000200723	0.993101	1.37813e-20	0.0328437	0.00246414	0.032843	0.00246414	1.11925	1.11478	0	
0.993102	0.993102	3.86138e-29	0.993102	1.76063e-19	0.993101	1.32605e-21	7.80041e-11	0.000184457	0.993102	0.993101	0.265704	0.00244691	1.88576e-22	0.993102	4.36525e-13	1.14248e-21	0.000205463	0.993102	0.00271661	0.00020474	0.993101	1.37813e-20	0.0321222	0.00246421	0.0321216	0.00246421	1.11943	1.11504	0	
0.993102	0.993102	2.89457e-29	0.993102	1.31742e-19	0.993101	1.01432e-21	7.67121e-11	0.000187543	0.993102	0.993101	0.260541	0.00244681	1.41104e-22	0.993102	4.4383e-13	1.15766e-21	0.000208212	0.993102	0.00270756	0.000207471	0.993101	1.37813e-20	0.0316098	0.00246431	0.0316092	0.00246431	1.1221	1.11806	0	
0.993102	0.993102	2.17062e-29	0.993102	9.85776e-20	0.993101	7.78823e-22	7.67509e-11	0.00018728	0.993102	0.993101	0.262477	0.00244669	1.05583e-22	0.993102	4.43206e-13	1.15124e-21	0.000207079	0.993102	0.00269601	0.000206332	0.993101	1.37813e-20	0.0316291	0.00246443	0.0316286	0.00246443	1.12103	1.11711	0	
0.993102	0.993102	1.62911e-29	0.993102	7.3762e-20	0.993101	6.03478e-22	7.63705e-11	0.000188097	0.993102	0.993101	0.262071	0.00244661	7.90041e-23	0.993102	4.4514e-13	1.1519e-21	0.000207213	0.993102	0.00268577	0.000206459	0.993101	1.37813e-20	0.0314801	0.00246451	0.0314795	0.00246451	1.11528	1.1115	0	
0.993102	0.993102	1.2252e-29	0.993102	5.51935e-20	0.993101	4.77629e-22	7.40282e-11	0.000194553	0.993102	0.993101	0.251496	0.00244654	5.91159e-23	0.993102	4.60421e-13	1.18687e-21	0.000213518	0.993102	0.00267621	0.000212734	0.993101	1.37813e-20	0.0305437	0.00246458	0.0305431	0.00246458	1.11945	1.11582	0	
0.993102	0.993102	9.22011e-30	0.993102	4.12993e-20	0.993101	3.79455e-22	7.37432e-11	0.000195081	0.993102	0.993101	0.251389	0.00244641	4.42343e-23	0.993102	4.61671e-13	1.18619e-21	0.000213419	0.993102	0.00266714	0.000212624	0.993101	1.37813e-20	0.030434	0.00246472	0.0304334	0.00246472	1.12158	1.11775	0	
0.993102	0.993102	6.9472e-30	0.993102	3.09027e-20	0.993101	3.04191e-22	7.43296e-11	0.00019341	0.993102	0.993101	0.255034	0.0024463	3.30989e-23	0.993102	4.57715e-13	1.17437e-21	0.00021131	0.993102	0.00266299	0.000210514	0.993101	1.37813e-20	0.0306719	0.00246482	0.0306713	0.00246482	1.12067	1.11694	0	
0.993102	0.993102	5.24823e-30	0.993102	2.31234e-20	0.993101	2.48623e-22	7.4424e-11	0.000193027	0.993102	0.993101	0.256182	0.00244624	2.47667e-23	0.993102	4.5681e-13	1.1702e-21	0.000210571	0.993102	0.00265858	0.000209773	0.993101	1.37813e-20	0.0307118	0.00246488	0.0307112	0.00246488	1.11854	1.11506	0	
0.993102	0.993102	3.9814e-30	0.993102	1.73024e-20	0.993101	2.08913e-22	7.371e-11	0.000194844	0.993102	0.993101	0.253482	0.0024462	1.8532e-23	0.993102	4.61111e-13	1.17824e-21	0.000212024	0.993102	0.00265193	0.000211217	0.993101	1.37813e-20	0.0304274	0.00246492	0.0304268	0.00246492	1.1235	1.12027	0	
0.993102	0.993102	3.02371e-30	0.993102	1.29467e-20	0.993101	1.75088e-22	7.50517e-11	0.000191452	0.993102	0.993101	0.261647	0.00244615	1.38668e-23	0.993102	4.53081e-13	1.15434e-21	0.000207732	0.993102	0.00264362	0.000206938	0.993101	1.37813e-20	0.0309649	0.00246498	0.0309643	0.00246498	1.13062	1.12748	0	
0.993102	0.993102	2.29605e-30	0.993102	9.68758e-21	0.993101	1.45124e-22	7.91035e-11	0.00018285	0.993102	0.993101	0.283389	0.00244615	1.03761e-23	0.993102	4.3272e-13	1.09981e-21	0.000197921	0.993102	0.00263624	0.000197165	0.993101	1.37813e-20	0.0325743	0.00246497	0.0325737	0.00246497	1.12349	1.12051	0	
0.993102	0.993102	1.76264e-30	0.993102	7.24886e-21	0.993101	1.27367e-22	7.90848e-11	0.000182483	0.993102	0.993101	0.284507	0.00244626	7.76402e-24	0.993102	4.31852e-13	1.09431e-21	0.000196916	0.993102	0.00262856	0.000196171	0.993101	1.37813e-20	0.0325665	0.00246486	0.0325659	0.00246486	1.12175	1.11894	0	
0.993102	0.993102	1.36673e-30	0.993102	5.42406e-21	0.993101	1.15435e-22	7.83896e-11	0.000183827	0.993102	0.993101	0.282147	0.00244634	5.80953e-24	0.993102	4.35033e-13	1.09888e-21	0.000197723	0.993102	0.00262061	0.000196982	0.993101	1.37813e-20	0.0322889	0.00246478	0.0322883	0.00246478	1.1253	1.12254	0	
0.993102	0.993102	1.06415e-30	0.993102	4.05863e-21	0.993101	1.0384e-22	7.92835e-11	0.000181592	0.993102	0.993101	0.287829	0.00244639	4.34706e-24	0.993102	4.29743e-13	1.08281e-21	0.000194826	0.993102	0.00261397	0.0001941	0.993101	1.37813e-20	0.0326448	0.00246473	0.0326442	0.00246473	1.13443	1.13194	0	
0.993102	0.993102	8.25049e-31	0.993102	3.03692e-21	0.993101	8.98225e-23	8.40842e-11	0.000172571	0.993102	0.993101	0.313355	0.00244645	3.25275e-24	0.993102	4.08392e-13	1.02616e-21	0.000184625	0.993102	0.00260553	0.000183941	0.993101	1.37813e-20	0.034541	0.00246467	0.0345404	0.00246467	1.12861	1.12603	0	
0.993102	0.993102	6.5368e-31	0.993102	2.27242e-21	0.993101	8.25105e-23	8.49584e-11	0.000170345	0.993102	0.993101	0.318772	0.00244661	2.43391e-24	0.993102	4.03123e-13	1.01083e-21	0.000181846	0.993102	0.0026004	0.000181184	0.993101	1.37813e-20	0.0348865	0.00246451	0.0348859	0.00246451	1.12815	1.12568	0	
0.993102	0.993102	5.26129e-31	0.993102	1.70037e-21	0.993101	7.73256e-23	8.54094e-11	0.000169063	0.993102	0.993101	0.322038	0.00244676	1.82121e-24	0.993102	4.00087e-13	1.00108e-21	0.00018007	0.993102	0.00259512	0.000179425	0.993101	1.37813e-20	0.035064	0.00246436	0.0350634	0.00246436	1.12753	1.12517	0	
0.993102	0.993102	4.31612e-31	0.993102	1.27232e-21	0.993101	7.38359e-23	8.54791e-11	0.00016862	0.993102	0.993101	0.323348	0.00244688	1.36274e-24	0.993102	3.99039e-13	9.96286e-22	0.00017919	0.993102	0.00258978	0.000178557	0.993101	1.37813e-20	0.0350904	0.00246424	0.0350897	0.00246424	1.12677	1.12451	0	
0.993102	0.993102	3.62063e-31	0.993102	9.52033e-22	0.993101	7.172e-23	8.52045e-11	0.000168936	0.993102	0.993101	0.322878	0.00244698	1.01969e-24	0.993102	3.99786e-13	9.95983e-22	0.000179121	0.993102	0.00258444	0.000178496	0.993101	1.37813e-20	0.0349805	0.00246414	0.0349799	0.00246414	1.12178	1.11952	0	
0.993102	0.993102	3.18654e-31	0.993102	7.12372e-22	0.993101	7.37721e-23	8.29828e-11	0.000173656	0.993102	0.993101	0.312007	0.00244705	7.62998e-25	0.993102	4.10958e-13	1.02205e-21	0.000183795	0.993102	0.0025805	0.00018316	0.993101	1.37813e-20	0.0340967	0.00246407	0.0340961	0.00246407	1.12222	1.12009	0	
0.993102	0.993102	2.85338e-31	0.993102	5.33042e-22	0.993101	7.49544e-23	8.14907e-11	0.000176773	0.993102	0.993101	0.305042	0.00244705	5.70924e-25	0.993102	4.18336e-13	1.03841e-21	0.000186738	0.993102	0.00257588	0.000186092	0.993101	1.37813e-20	0.0335048	0.00246407	0.0335041	0.00246407	1.12447	1.1225	0	
0.993102	0.993102	2.56382e-31	0.993102	3.98856e-22	0.993101	7.41417e-23	8.12648e-11	0.00017705	0.993102	0.993101	0.304852	0.002447	4.27202e-25	0.993102	4.18991e-13	1.0378e-21	0.000186635	0.993102	0.00257036	0.000185986	0.993101	1.37813e-20	0.0334175	0.00246412	0.0334169	0.00246412	1.12291	1.12106	0	
0.993102	0.993102	2.37472e-31	0.993102	2.98449e-22	0.993101	7.46947e-23	8.04733e-11	0.000178674	0.993102	0.993101	0.301685	0.00244697	3.19659e-25	0.993102	4.22836e-13	1.04496e-21	0.000187928	0.993102	0.00256471	0.000187272	0.993101	1.37813e-20	0.0331045	0.00246415	0.0331039	0.00246415	1.11989	1.118	0	
0.993102	0.993102	2.29188e-31	0.993102	2.23319e-22	0.993101	7.7578e-23	7.87271e-11	0.000182768	0.993102	0.993101	0.293135	0.00244692	2.3919e-25	0.993102	4.32527e-13	1.06724e-21	0.000191941	0.993102	0.0025609	0.000191267	0.993101	1.37813e-20	0.03241	0.0024642	0.0324094	0.0024642	1.11294	1.11103	0	
0.993102	0.993102	2.39478e-31	0.993102	1.67101e-22	0.993101	8.6677e-23	7.50201e-11	0.000193142	0.993102	0.993101	0.273914	0.00244684	1.78977e-25	0.993102	4.57081e-13	1.12663e-21	0.000202637	0.993102	0.00255847	0.000201917	0.993101	1.37813e-20	0.0309273	0.00246428	0.0309267	0.00246428	1.11542	1.11368	0	
0.993102	0.993102	2.4076e-31	0.993102	1.25036e-22	0.993101	9.07773e-23	7.30652e-11	0.000198177	0.993102	0.993101	0.26422	0.00244665	1.33922e-25	0.993102	4.69e-13	1.1541e-21	0.00020761	0.993102	0.00255437	0.000206856	0.993101	1.37813e-20	0.0301505	0.00246448	0.03015	0.00246448	1.11715	1.11552	0	
0.993102	0.993102	2.37603e-31	0.993102	9.35597e-23	0.993101	9.21102e-23	7.21984e-11	0.00020012	0.993102	0.993101	0.260364	0.00244644	1.00209e-25	0.993102	4.736e-13	1.16342e-21	0.000209322	0.993102	0.00254992	0.000208544	0.993101	1.37813e-20	0.0298103	0.00246468	0.0298097	0.00246468	1.11747	1.11592	0	
0.993102	0.993102	2.3451e-31	0.993102	7.00073e-23	0.993101	9.27993e-23	7.16622e-11	0.000201244	0.993102	0.993101	0.25824	0.00244626	7.49828e-26	0.993102	4.7626e-13	1.168e-21	0.000210175	0.993102	0.00254556	0.000209379	0.993101	1.37813e-20	0.0296014	0.00246486	0.0296008	0.00246486	1.11202	1.11054	0	
0.993102	0.993102	2.46009e-31	0.993102	5.23839e-23	0.993101	9.91286e-23	6.94399e-11	0.000208013	0.993102	0.993101	0.247004	0.00244612	5.6107e-26	0.993102	4.92283e-13	1.20526e-21	0.000216905	0.993102	0.0025415	0.00021607	0.993101	1.37813e-20	0.0287119	0.00246501	0.0287114	0.00246501	1.11393	1.11252	0	
0.993102	0.993102	2.49433e-31	0.993102	3.9197e-23	0.993101	1.01681e-22	6.83919e-11	0.00021093	0.993102	0.993101	0.242026	0.00244592	4.19829e-26	0.993102	4.99187e-13	1.22027e-21	0.000219642	0.993102	0.00253753	0.000218779	0.993101	1.37813e-20	0.0282963	0.0024652	0.0282958	0.0024652	1.10333	1.10194	0	
0.993102	0.993102	2.86496e-31	0.993102	2.93297e-23	0.993101	1.18108e-22	6.44692e-11	0.00022616	0.993102	0.993101	0.221779	0.00244574	3.14143e-26	0.993102	5.3524e-13	1.30655e-21	0.000235206	0.993102	0.00253434	0.000234262	0.993101	1.37813e-20	0.0267137	0.00246538	0.0267132	0.00246538	1.10284	1.1015	0	
0.993102	0.993102	3.16228e-31	0.993102	2.19463e-23	0.993101	1.31229e-22	6.14029e-11	0.000238236	0.993102	0.993101	0.206058	0.00244542	2.35063e-26	0.993102	5.63828e-13	1.37455e-21	0.000247517	0.993102	0.00253121	0.000246488	0.993101	1.37813e-20	0.0254793	0.00246571	0.0254788	0.00246571	1.09858	1.09726	0	
0.993102	0.993102	3.57359e-31	0.993102	1.64216e-23	0.993101	1.48979e-22	5.80354e-11	0.000253396	0.993102	0.993101	0.188925	0.00244503	1.7589e-26	0.993102	5.99716e-13	1.46054e-21	0.000263091	0.993102	0.00252868	0.000261951	0.993101	1.37813e-20	0.0241195	0.0024661	0.024119	0.0024661	1.10452	1.10327	0	
0.993102	0.993102	3.62608e-31	0.993102	1.22877e-23	0.993101	1.51511e-22	5.70402e-11	0.000256328	0.993102	0.993101	0.183952	0.00244456	1.31613e-26	0.993102	6.06656e-13	1.47599e-21	0.000265973	0.993102	0.00252593	0.000264771	0.993101	1.37813e-20	0.0237282	0.00246658	0.0237278	0.00246658	1.10707	1.1058	0	
0.993102	0.993102	3.57312e-31	0.993102	9.19445e-24	0.993101	1.49525e-22	5.70072e-11	0.000255208	0.993102	0.993101	0.183939	0.00244416	9.84823e-27	0.993102	6.04005e-13	1.46862e-21	0.000264722	0.993102	0.00252404	0.000263487	0.993101	1.37813e-20	0.023726	0.00246698	0.0237256	0.00246698	1.10398	1.10275	0	
0.993102	0.993102	3.64648e-31	0.993102	6.87987e-24	0.993101	1.52791e-22	5.61249e-11	0.000258407	0.993102	0.993101	0.179494	0.00244388	7.36917e-27	0.993102	6.11577e-13	1.48604e-21	0.000267922	0.993102	0.00252223	0.000266642	0.993101	1.37813e-20	0.0233747	0.00246726	0.0233743	0.00246726	1.1109	1.10974	0	
0.993102	0.993102	3.4663e-31	0.993102	5.14796e-24	0.993101	1.45348e-22	5.74623e-11	0.000252092	0.993102	0.993101	0.186849	0.00244363	5.51415e-27	0.993102	5.96626e-13	1.44853e-21	0.000261207	0.993102	0.00251985	0.000259936	0.993101	1.37813e-20	0.0239249	0.00246751	0.0239244	0.00246751	1.11297	1.11186	0	
0.993102	0.993102	3.2728e-31	0.993102	3.85203e-24	0.993101	1.37315e-22	5.91173e-11	0.000244982	0.993102	0.993101	0.195946	0.00244353	4.12611e-27	0.993102	5.79796e-13	1.4065e-21	0.000253648	0.993102	0.00251747	0.000252405	0.993101	1.37813e-20	0.0245999	0.00246762	0.0245994	0.00246762	1.1049	1.10378	0	
0.993102	0.993102	3.38673e-31	0.993102	2.88233e-24	0.993101	1.4219e-22	5.7953e-11	0.00024953	0.993102	0.993101	0.189921	0.00244353	3.08751e-27	0.993102	5.90562e-13	1.43166e-21	0.000258183	0.993102	0.00251587	0.000256918	0.993101	1.37813e-20	0.0241279	0.00246762	0.0241275	0.00246762	1.10319	1.10215	0	
0.993102	0.993102	3.53834e-31	0.993102	2.15674e-24	0.993101	1.48624e-22	5.66209e-11	0.000255235	0.993102	0.993101	0.183132	0.00244348	2.31037e-27	0.993102	6.04068e-13	1.46306e-21	0.000263856	0.993102	0.00251369	0.000262558	0.993101	1.37813e-20	0.0235878	0.00246767	0.0235873	0.00246767	1.10772	1.10672	0	
0.993102	0.993102	3.48553e-31	0.993102	1.61381e-24	0.993101	1.46443e-22	5.68798e-11	0.000253577	0.993102	0.993101	0.184716	0.00244337	1.72885e-27	0.993102	6.00141e-13	1.45235e-21	0.000261947	0.993102	0.00251152	0.000260648	0.993101	1.37813e-20	0.0236964	0.00246778	0.023696	0.00246778	1.09976	1.09882	0	
0.993102	0.993102	3.76014e-31	0.993102	1.20756e-24	0.993101	1.58022e-22	5.49378e-11	0.000263134	0.993102	0.993101	0.174879	0.00244331	1.29375e-27	0.993102	6.22766e-13	1.50551e-21	0.000271547	0.993102	0.0025091	0.000270192	0.993101	1.37813e-20	0.022906	0.00246784	0.0229056	0.00246784	1.09327	1.09234	0	
0.993102	0.993102	4.30714e-31	0.993102	9.03572e-25	0.993101	1.81034e-22	5.19779e-11	0.000280455	0.993102	0.993101	0.160141	0.00244315	9.68216e-28	0.993102	6.63773e-13	1.60321e-21	0.000289207	0.993102	0.00250712	0.000287742	0.993101	1.37813e-20	0.0216977	0.002468	0.0216973	0.002468	1.10389	1.10305	0	
0.993102	0.993102	4.19935e-31	0.993102	6.7611e-25	0.993101	1.765e-22	5.23366e-11	0.000277424	0.993102	0.993101	0.162141	0.00244281	7.24579e-28	0.993102	6.56597e-13	1.58444e-21	0.000285896	0.993102	0.00250462	0.000284411	0.993101	1.37813e-20	0.0218523	0.00246834	0.0218519	0.00246834	1.09681	1.09596	0	
0.993102	0.993102	4.43846e-31	0.993102	5.05908e-25	0.993101	1.86549e-22	5.08296e-11	0.000285434	0.993102	0.993101	0.154576	0.0024426	5.42305e-28	0.993102	6.75559e-13	1.62902e-21	0.000293992	0.993102	0.00250286	0.000292439	0.993101	1.37813e-20	0.0212402	0.00246856	0.0212398	0.00246856	1.0991	1.09828	0	
0.993102	0.993102	4.50404e-31	0.993102	3.78553e-25	0.993101	1.89297e-22	5.02482e-11	0.000287947	0.993102	0.993101	0.151694	0.00244234	4.05906e-28	0.993102	6.8151e-13	1.64226e-21	0.000296443	0.993102	0.00250111	0.000294846	0.993101	1.37813e-20	0.0210079	0.00246882	0.0210075	0.00246882	1.1025	1.10174	0	
0.993102	0.993102	4.40265e-31	0.993102	2.83258e-25	0.993101	1.85028e-22	5.06729e-11	0.000284939	0.993102	0.993101	0.154018	0.00244212	3.03828e-28	0.993102	6.74387e-13	1.62389e-21	0.00029318	0.993102	0.00249911	0.000291575	0.993101	1.37813e-20	0.0211867	0.00246904	0.0211864	0.00246904	1.10352	1.10279	0	
0.993102	0.993102	4.28543e-31	0.993102	2.11951e-25	0.993101	1.80099e-22	5.12606e-11	0.000281282	0.993102	0.993101	0.157211	0.00244199	2.27442e-28	0.993102	6.65731e-13	1.60187e-21	0.000289234	0.993102	0.00249715	0.000287636	0.993101	1.37813e-20	0.0214303	0.00246917	0.0214299	0.00246917	1.08771	1.08694	0	
0.993102	0.993102	5.07196e-31	0.993102	1.58596e-25	0.993101	2.13155e-22	4.80831e-11	0.000303853	0.993102	0.993101	0.141795	0.00244194	1.70373e-28	0.993102	7.1917e-13	1.72969e-21	0.000312321	0.993102	0.00249623	0.000310587	0.993101	1.37813e-20	0.0201249	0.00246923	0.0201245	0.00246923	1.08823	1.08747	0	
0.993102	0.993102	5.62219e-31	0.993102	1.18672e-25	0.993101	2.36245e-22	4.58069e-11	0.000319779	0.993102	0.993101	0.130745	0.00244162	1.27667e-28	0.993102	7.56877e-13	1.81976e-21	0.000328674	0.993102	0.00249542	0.000326802	0.993101	1.37813e-20	0.0191937	0.00246955	0.0191933	0.00246955	1.08883	1.08812	0	
0.993102	0.993102	5.99014e-31	0.993102	8.87978e-26	0.993101	2.5166e-22	4.42236e-11	0.000330582	0.993102	0.993101	0.12307	0.00244119	9.57068e-29	0.993102	7.82454e-13	1.88041e-21	0.000339753	0.993102	0.00249432	0.000337754	0.993101	1.37813e-20	0.0185491	0.00246998	0.0185487	0.00246998	1.10048	1.09982	0	
0.993102	0.993102	5.60157e-31	0.993102	6.64443e-26	0.993101	2.35305e-22	4.5647e-11	0.000319706	0.993102	0.993101	0.130118	0.00244073	7.17258e-29	0.993102	7.56703e-13	1.81754e-21	0.000328502	0.993102	0.00249274	0.000326517	0.993101	1.37813e-20	0.0191437	0.00247045	0.0191433	0.00247045	1.09952	1.09886	0	
0.993102	0.993102	5.35461e-31	0.993102	4.97179e-26	0.993101	2.24916e-22	4.64734e-11	0.000312969	0.993102	0.993101	0.134155	0.00244053	5.37861e-29	0.993102	7.40751e-13	1.77845e-21	0.000321491	0.993102	0.00249157	0.000319523	0.993101	1.37813e-20	0.0194884	0.00247066	0.0194881	0.00247066	1.09786	1.09722	0	
0.993102	0.993102	5.24931e-31	0.993102	3.72022e-26	0.993101	2.20488e-22	4.66913e-11	0.000310405	0.993102	0.993101	0.13516	0.00244045	4.03705e-29	0.993102	7.34681e-13	1.76314e-21	0.000318743	0.993102	0.0024905	0.000316783	0.993101	1.37813e-20	0.0195805	0.00247073	0.0195802	0.00247073	1.10681	1.10619	0	
0.993102	0.993102	4.79687e-31	0.993102	2.78372e-26	0.993101	2.01483e-22	4.91879e-11	0.000296009	0.993102	0.993101	0.148091	0.00244043	3.02946e-29	0.993102	7.00597e-13	1.6807e-21	0.000303849	0.993102	0.00248941	0.000301978	0.993101	1.37813e-20	0.0206042	0.00247075	0.0206038	0.00247075	1.10151	1.1009	0	
0.993102	0.993102	4.66334e-31	0.993102	2.08297e-26	0.993101	1.95886e-22	4.9624e-11	0.000292356	0.993102	0.993101	0.150213	0.00244059	2.27758e-29	0.993102	6.91948e-13	1.6593e-21	0.000299944	0.993102	0.00248844	0.000298116	0.993101	1.37813e-20	0.0207818	0.00247059	0.0207815	0.00247059	1.10239	1.1018	0	
0.993102	0.993102	4.52628e-31	0.993102	1.55862e-26	0.993101	1.90141e-22	5.01778e-11	0.000288386	0.993102	0.993101	0.153005	0.00244075	1.7146e-29	0.993102	6.8255e-13	1.63613e-21	0.000295718	0.993102	0.00248747	0.000293934	0.993101	1.37813e-20	0.0210071	0.00247043	0.0210067	0.00247043	1.0912	1.0906	0	
0.993102	0.993102	5.00906e-31	0.993102	1.16627e-26	0.993101	2.10442e-22	4.79763e-11	0.000302873	0.993102	0.993101	0.142043	0.00244092	1.29919e-29	0.993102	7.16849e-13	1.71785e-21	0.000310434	0.993102	0.00248689	0.000308587	0.993101	1.37813e-20	0.0201	0.00247025	0.0200996	0.00247025	1.08959	1.08901	0	
0.993102	0.993102	5.47808e-31	0.993102	8.72697e-27	0.993101	2.3014e-22	4.59989e-11	0.000316559	0.993102	0.993101	0.132334	0.00244087	9.89437e-30	0.993102	7.49251e-13	1.79493e-21	0.000324375	0.993102	0.00248621	0.000322437	0.993101	1.37813e-20	0.0192873	0.0024703	0.019287	0.0024703	1.10504	1.10453	0	
0.993102	0.993102	5.03147e-31	0.993102	6.53017e-27	0.993101	2.11364e-22	4.81766e-11	0.000302898	0.993102	0.993101	0.143509	0.00244067	7.49683e-30	0.993102	7.16907e-13	1.71668e-21	0.000310281	0.993102	0.0024849	0.000308405	0.993101	1.37813e-20	0.020185	0.00247051	0.0201846	0.00247051	1.10544	1.10493	0	
0.993102	0.993102	4.68257e-31	0.993102	4.88638e-27	0.993101	1.96708e-22	4.9916e-11	0.000292153	0.993102	0.993101	0.152438	0.00244068	5.70138e-30	0.993102	6.91468e-13	1.65515e-21	0.000299163	0.993102	0.00248391	0.000297354	0.993101	1.37813e-20	0.0208984	0.00247049	0.020898	0.00247049	1.09833	1.09782	0	
0.993102	0.993102	4.72349e-31	0.993102	3.65642e-27	0.993101	1.98437e-22	4.93789e-11	0.000294122	0.993102	0.993101	0.149538	0.00244083	4.3881e-30	0.993102	6.96129e-13	1.66573e-21	0.000301041	0.993102	0.00248312	0.000299238	0.993101	1.37813e-20	0.0206773	0.00247035	0.0206769	0.00247035	1.09962	1.09913	0	
0.993102	0.993102	4.69277e-31	0.993102	2.73609e-27	0.993101	1.97153e-22	4.92914e-11	0.000293673	0.993102	0.993101	0.148997	0.00244091	3.39928e-30	0.993102	6.95066e-13	1.66259e-21	0.000300456	0.993102	0.00248227	0.000298666	0.993101	1.37813e-20	0.0206413	0.00247027	0.0206409	0.00247027	1.1025	1.10201	0	
0.993102	0.993102	4.54359e-31	0.993102	2.04742e-27	0.993101	1.9089e-22	4.99588e-11	0.000289213	0.993102	0.993101	0.15238	0.00244098	2.64677e-30	0.993102	6.84508e-13	1.63695e-21	0.000295809	0.993102	0.00248169	0.000294054	0.993101	1.37813e-20	0.0209144	0.0024702	0.020914	0.0024702	1.10359	1.10311	0	
0.993102	0.993102	4.38812e-31	0.993102	1.53211e-27	0.993101	1.84365e-22	5.0745e-11	0.000284386	0.993102	0.993101	0.156434	0.00244108	2.07931e-30	0.993102	6.73078e-13	1.60921e-21	0.000290774	0.993102	0.00248105	0.00028906	0.993101	1.37813e-20	0.0212351	0.00247009	0.0212347	0.00247009	1.10604	1.10558	0	
0.993102	0.993102	4.17948e-31	0.993102	1.14651e-27	0.993101	1.75607e-22	5.20047e-11	0.000277522	0.993102	0.993101	0.163058	0.00244122	1.64547e-30	0.993102	6.56829e-13	1.56991e-21	0.000283644	0.993102	0.0024803	0.000281987	0.993101	1.37813e-20	0.021748	0.00246995	0.0217476	0.00246995	1.10847	1.10802	0	
0.993102	0.993102	3.94042e-31	0.993102	8.57975e-28	0.993101	1.65574e-22	5.36457e-11	0.000269318	0.993102	0.993101	0.171773	0.00244141	1.31255e-30	0.993102	6.37407e-13	1.52311e-21	0.000275153	0.993102	0.00247967	0.000273565	0.993101	1.37813e-20	0.0224146	0.00246976	0.0224142	0.00246976	1.10509	1.10463	0	
0.993102	0.993102	3.87908e-31	0.993102	6.42085e-28	0.993101	1.63012e-22	5.39119e-11	0.000267485	0.993102	0.993101	0.173102	0.00244165	1.07519e-30	0.993102	6.33067e-13	1.51251e-21	0.000273184	0.993102	0.00247933	0.000271635	0.993101	1.37813e-20	0.0225198	0.00246952	0.0225194	0.00246952	1.10025	1.09978	0	
0.993102	0.993102	4.03223e-31	0.993102	4.80563e-28	0.993101	1.69465e-22	5.28391e-11	0.000272824	0.993102	0.993101	0.167425	0.00244185	9.17486e-31	0.993102	6.45707e-13	1.54256e-21	0.000278559	0.993102	0.00247914	0.000277004	0.993101	1.37813e-20	0.0220784	0.00246932	0.022078	0.00246932	1.10245	1.10197	0	
0.993102	0.993102	4.05144e-31	0.993102	3.59693e-28	0.993101	1.70279e-22	5.26e-11	0.000273684	0.993102	0.993101	0.166084	0.00244194	7.89945e-31	0.993102	6.47743e-13	1.54746e-21	0.000279425	0.993102	0.00247922	0.000277875	0.993101	1.37813e-20	0.0219798	0.00246923	0.0219794	0.00246923	1.10309	1.1026	0	
0.993102	0.993102	4.03986e-31	0.993102	2.69247e-28	0.993101	1.69796e-22	5.25881e-11	0.00027345	0.993102	0.993101	0.165959	0.00244199	6.91915e-31	0.993102	6.47188e-13	1.54615e-21	0.000279176	0.993102	0.00247926	0.000277634	0.993101	1.37813e-20	0.0219745	0.00246917	0.0219741	0.00246917	1.09281	1.09229	0	
0.993102	0.993102	4.54368e-31	0.993102	2.01621e-28	0.993101	1.90976e-22	5.01219e-11	0.000288932	0.993102	0.993101	0.153425	0.00244203	6.69809e-31	0.993102	6.83843e-13	1.6341e-21	0.000295037	0.993102	0.00247976	0.000293414	0.993101	1.37813e-20	0.0209623	0.00246913	0.0209619	0.00246913	1.09743	1.09692	0	
0.993102	0.993102	4.66428e-31	0.993102	1.50994e-28	0.993101	1.96031e-22	4.93184e-11	0.000293084	0.993102	0.993101	0.149191	0.00244188	6.2763e-31	0.993102	6.9367e-13	1.65774e-21	0.000299345	0.993102	0.00248002	0.000297678	0.993101	1.37813e-20	0.0206364	0.00246929	0.020636	0.00246929	1.10207	1.10158	0	
0.993102	0.993102	4.5402e-31	0.993102	1.13089e-28	0.993101	1.90804e-22	4.98669e-11	0.000289373	0.993102	0.993101	0.151934	0.00244171	5.74637e-31	0.993102	6.84886e-13	1.63674e-21	0.000295595	0.993102	0.00248004	0.000293929	0.993101	1.37813e-20	0.0208647	0.00246946	0.0208643	0.00246946	1.10427	1.10375	0	
0.993102	0.993102	4.3592e-31	0.993102	8.4718e-29	0.993101	1.83192e-22	5.08582e-11	0.000283592	0.993102	0.993101	0.157011	0.00244163	5.2617e-31	0.993102	6.712e-13	1.60416e-21	0.00028973	0.993102	0.00248026	0.000288088	0.993101	1.37813e-20	0.0212723	0.00246954	0.0212719	0.00246954	1.09501	1.09444	0	
0.993102	0.993102	4.6548e-31	0.993102	6.35323e-29	0.993101	1.95615e-22	4.93109e-11	0.000292901	0.993102	0.993101	0.149036	0.00244164	5.33006e-31	0.993102	6.93238e-13	1.65741e-21	0.000299343	0.993102	0.00248106	0.000297647	0.993101	1.37813e-20	0.0206378	0.00246953	0.0206374	0.00246953	1.09736	1.09679	0	
0.993102	0.993102	4.75107e-31	0.993102	4.76672e-29	0.993101	1.99651e-22	4.86946e-11	0.000296164	0.993102	0.993101	0.145761	0.00244153	5.25629e-31	0.993102	7.00962e-13	1.67629e-21	0.00030278	0.993102	0.00248168	0.000301051	0.993101	1.37813e-20	0.0203873	0.00246964	0.020387	0.00246964	1.10646	1.10592	0	
0.993102	0.993102	4.4363e-31	0.993102	3.57568e-29	0.993101	1.86416e-22	5.05875e-11	0.0002858	0.993102	0.993101	0.155603	0.00244141	4.8143e-31	0.993102	6.76426e-13	1.61762e-21	0.00029221	0.993102	0.00248171	0.000290529	0.993101	1.37813e-20	0.0211641	0.00246976	0.0211637	0.00246976	1.10891	1.10837	0	
0.993102	0.993102	4.11841e-31	0.993102	2.68363e-29	0.993101	1.7306e-22	5.27155e-11	0.000274972	0.993102	0.993101	0.166777	0.00244145	4.40122e-31	0.993102	6.50793e-13	1.55634e-21	0.000281138	0.993102	0.00248177	0.000279524	0.993101	1.37813e-20	0.0220326	0.00246972	0.0220322	0.00246972	1.0985	1.0979	0	
0.993102	0.993102	4.29322e-31	0.993102	2.02031e-29	0.993101	1.80419e-22	5.1514e-11	0.000281015	0.993102	0.993101	0.160341	0.00244161	4.5048e-31	0.993102	6.65098e-13	1.59114e-21	0.000287381	0.993102	0.00248264	0.000285751	0.993101	1.37813e-20	0.0215391	0.00246956	0.0215387	0.00246956	1.09882	1.09822	0	
0.993102	0.993102	4.40859e-31	0.993102	1.52382e-29	0.993101	1.85271e-22	5.06925e-11	0.000285055	0.993102	0.993101	0.155932	0.00244166	4.56686e-31	0.993102	6.74663e-13	1.6144e-21	0.00029157	0.993102	0.00248322	0.000289922	0.993101	1.37813e-20	0.0212029	0.00246951	0.0212025	0.00246951	1.09833	1.09774	0	
0.993102	0.993102	4.51845e-31	0.993102	1.15256e-29	0.993101	1.89886e-22	4.99601e-11	0.00028881	0.993102	0.993101	0.152052	0.00244164	4.63683e-31	0.993102	6.83553e-13	1.63588e-21	0.000295454	0.993102	0.00248355	0.000293782	0.993101	1.37813e-20	0.0209038	0.00246953	0.0209034	0.00246953	1.09958	1.09901	0	
0.993102	0.993102	4.54135e-31	0.993102	8.74156e-30	0.993101	1.90843e-22	4.97157e-11	0.000289762	0.993102	0.993101	0.150722	0.00244158	4.62988e-31	0.993102	6.85805e-13	1.64124e-21	0.000296437	0.993102	0.00248353	0.000294752	0.993101	1.37813e-20	0.0208053	0.00246959	0.0208049	0.00246959	1.09931	1.09876	0	
0.993102	0.993102	4.57103e-31	0.993102	6.65965e-30	0.993101	1.92086e-22	4.94666e-11	0.000290871	0.993102	0.993101	0.149413	0.00244153	4.63724e-31	0.993102	6.88431e-13	1.64736e-21	0.000297555	0.993102	0.00248329	0.000295857	0.993101	1.37813e-20	0.0207047	0.00246964	0.0207043	0.00246964	1.10083	1.1003	0	
0.993102	0.993102	4.52403e-31	0.993102	5.09483e-30	0.993101	1.90107e-22	4.96589e-11	0.000289483	0.993102	0.993101	0.150403	0.00244147	4.57353e-31	0.993102	6.85146e-13	1.63921e-21	0.000296098	0.993102	0.00248287	0.000294401	0.993101	1.37813e-20	0.0207849	0.0024697	0.0207845	0.0024697	1.09742	1.09691	0	
0.993102	0.993102	4.64998e-31	0.993102	3.94023e-30	0.993101	1.95397e-22	4.89701e-11	0.000293508	0.993102	0.993101	0.146916	0.00244145	4.68697e-31	0.993102	6.94675e-13	1.66168e-21	0.00030016	0.993102	0.0024824	0.000298437	0.993101	1.37813e-20	0.0205029	0.00246972	0.0205025	0.00246972	1.09991	1.09944	0	
0.993102	0.993102	4.62439e-31	0.993102	3.06418e-30	0.993101	1.94316e-22	4.90574e-11	0.000292788	0.993102	0.993101	0.147428	0.00244138	4.65202e-31	0.993102	6.92968e-13	1.65698e-21	0.000299329	0.993102	0.00248148	0.000297602	0.993101	1.37813e-20	0.0205401	0.00246979	0.0205398	0.00246979	1.09866	1.0982	0	
0.993102	0.993102	4.66376e-31	0.993102	2.41458e-30	0.993101	1.95967e-22	4.88171e-11	0.000294094	0.993102	0.993101	0.14626	0.00244134	4.68439e-31	0.993102	6.96061e-13	1.66383e-21	0.000300577	0.993102	0.00248068	0.000298838	0.993101	1.37813e-20	0.0204425	0.00246983	0.0204421	0.00246983	1.10041	1.09997	0	
0.993102	0.993102	4.6121e-31	0.993102	1.92031e-30	0.993101	1.93793e-22	4.90673e-11	0.0002925	0.993102	0.993101	0.147613	0.0024413	4.62749e-31	0.993102	6.92288e-13	1.65427e-21	0.000298862	0.993102	0.00247986	0.000297127	0.993101	1.37813e-20	0.020546	0.00246988	0.0205456	0.00246988	1.10537	1.10475	0	
0.993102	0.993102	4.37157e-31	0.993102	1.53003e-30	0.993101	1.83685e-22	5.05614e-11	0.000284473	0.993102	0.993101	0.155239	0.00244128	4.38305e-31	0.993102	6.73283e-13	1.60974e-21	0.000290822	0.993102	0.00248134	0.000289132	0.993101	1.37813e-20	0.0211576	0.00246989	0.0211572	0.00246989	1.10228	1.10109	0	
0.993102	0.993102	4.3127e-31	0.993102	1.25022e-30	0.993101	1.81217e-22	5.08495e-11	0.000282647	0.993102	0.993101	0.155798	0.00244137	4.32125e-31	0.993102	6.6896e-13	1.60468e-21	0.000289888	0.993102	0.00248964	0.000288214	0.993101	1.37813e-20	0.0212745	0.0024698	0.0212741	0.0024698	1.1122	1.11094	0	
0.993102	0.993102	3.92737e-31	0.993102	1.00632e-30	0.993101	1.6503e-22	5.39229e-11	0.00026872	0.993102	0.993101	0.171175	0.00244145	3.93374e-31	0.993102	6.35991e-13	1.52934e-21	0.000276265	0.993102	0.00249678	0.000274677	0.993101	1.37813e-20	0.0225248	0.00246972	0.0225244	0.00246972	1.11063	1.1088	0	
0.993102	0.993102	3.68454e-31	0.993102	8.28385e-31	0.993101	1.54839e-22	5.57308e-11	0.000260128	0.993102	0.993101	0.179086	0.00244169	3.68928e-31	0.993102	6.15651e-13	1.48737e-21	0.000268637	0.993102	0.0025094	0.000267117	0.993101	1.37813e-20	0.0232576	0.00246948	0.0232571	0.00246948	1.11063	1.10835	0	
0.993102	0.993102	3.50285e-31	0.993102	6.95215e-31	0.993101	1.47219e-22	5.70834e-11	0.0002537	0.993102	0.993101	0.184264	0.00244197	3.50637e-31	0.993102	6.00434e-13	1.45907e-21	0.000263467	0.993102	0.00252461	0.000262006	0.993101	1.37813e-20	0.0238036	0.00246919	0.0238032	0.00246919	1.10773	1.10488	0	
0.993102	0.993102	3.4585e-31	0.993102	6.04803e-31	0.993101	1.45373e-22	5.72299e-11	0.00025241	0.993102	0.993101	0.182797	0.00244226	3.4611e-31	0.993102	5.9738e-13	1.46271e-21	0.00026406	0.993102	0.00254335	0.000262628	0.993101	1.37813e-20	0.0238593	0.0024689	0.0238588	0.0024689	1.11662	1.1143	0	
0.993102	0.993102	3.1748e-31	0.993102	5.11841e-31	0.993101	1.33458e-22	6.0163e-11	0.000241259	0.993102	0.993101	0.197271	0.00244249	3.17673e-31	0.993102	5.70982e-13	1.40176e-21	0.000253016	0.993102	0.00255049	0.000251665	0.993101	1.37813e-20	0.025043	0.00246866	0.0250425	0.00246866	1.1198	1.11755	0	
0.993102	0.993102	2.89229e-31	0.993102	4.35162e-31	0.993101	1.21594e-22	6.34987e-11	0.00022968	0.993102	0.993101	0.21423	0.00244281	2.89371e-31	0.993102	5.43574e-13	1.33684e-21	0.000241246	0.993102	0.00255506	0.000239985	0.993101	1.37813e-20	0.026384	0.00246835	0.0263835	0.00246835	1.11837	1.116	0	
0.993102	0.993102	2.71136e-31	0.993102	3.80838e-31	0.993101	1.14004e-22	6.54727e-11	0.000222445	0.993102	0.993101	0.223923	0.00244318	2.7124e-31	0.993102	5.26446e-13	1.2973e-21	0.000234043	0.993102	0.00255994	0.000232854	0.993101	1.37813e-20	0.0271746	0.00246797	0.0271741	0.00246797	1.12454	1.12242	0	
0.993102	0.993102	2.45626e-31	0.993102	3.28094e-31	0.993101	1.0329e-22	6.93097e-11	0.000211157	0.993102	0.993101	0.244072	0.00244355	2.45702e-31	0.993102	4.99727e-13	1.23196e-21	0.000222196	0.993102	0.00256048	0.000221098	0.993101	1.37813e-20	0.0287078	0.0024676	0.0287073	0.0024676	1.12496	1.12292	0	
0.993102	0.993102	2.25834e-31	0.993102	2.87899e-31	0.993101	9.49818e-23	7.235e-11	0.000202342	0.993102	0.993101	0.2602	0.00244396	2.2589e-31	0.993102	4.7886e-13	1.18044e-21	0.000212838	0.993102	0.00255972	0.00021182	0.993101	1.37813e-20	0.0299188	0.00246718	0.0299182	0.00246718	1.11892	1.11684	0	
0.993102	0.993102	2.22501e-31	0.993102	2.69377e-31	0.993101	9.35986e-23	7.22959e-11	0.000201431	0.993102	0.993101	0.259879	0.00244438	2.22541e-31	0.993102	4.76704e-13	1.17531e-21	0.000211834	0.993102	0.0025597	0.000210861	0.993101	1.37813e-20	0.0298919	0.00246676	0.0298913	0.00246676	1.11533	1.11322	0	
0.993102	0.993102	2.28277e-31	0.993102	2.63852e-31	0.993101	9.6045e-23	7.09965e-11	0.000204476	0.993102	0.993101	0.252901	0.00244471	2.28304e-31	0.993102	4.8391e-13	1.19341e-21	0.000215031	0.993102	0.00256008	0.000214075	0.993101	1.37813e-20	0.0293659	0.00246643	0.0293653	0.00246643	1.12154	1.11974	0	
0.993102	0.993102	2.19018e-31	0.993102	2.46034e-31	0.993101	9.2158e-23	7.22572e-11	0.000200482	0.993102	0.993101	0.260165	0.00244491	2.19037e-31	0.993102	4.74456e-13	1.16856e-21	0.000210517	0.993102	0.00255628	0.000209599	0.993101	1.37813e-20	0.0298687	0.00246622	0.0298681	0.00246622	1.12162	1.11996	0	
0.993102	0.993102	2.11926e-31	0.993102	2.32527e-31	0.993101	8.91817e-23	7.32333e-11	0.000197412	0.993102	0.993101	0.26604	0.00244512	2.11938e-31	0.993102	4.6719e-13	1.14875e-21	0.000206914	0.993102	0.00255172	0.00020603	0.993101	1.37813e-20	0.0302568	0.00246602	0.0302563	0.00246602	1.12357	1.12207	0	
0.993102	0.993102	2.03013e-31	0.993102	2.18781e-31	0.993101	8.5438e-23	7.4726e-11	0.000193302	0.993102	0.993101	0.274803	0.00244531	2.0302e-31	0.993102	4.57461e-13	1.12261e-21	0.000202175	0.993102	0.00254633	0.000201327	0.993101	1.37813e-20	0.0308505	0.00246583	0.0308499	0.00246583	1.1221	1.1207	0	
0.993102	0.993102	1.99045e-31	0.993102	2.1121e-31	0.993101	8.37756e-23	7.52636e-11	0.000191592	0.993102	0.993101	0.278488	0.0024455	1.99049e-31	0.993102	4.53412e-13	1.11036e-21	0.000199937	0.993102	0.00254097	0.000199115	0.993101	1.37813e-20	0.0310623	0.00246563	0.0310617	0.00246563	1.12089	1.11958	0	
0.993102	0.993102	1.9841e-31	0.993102	2.07893e-31	0.993101	8.35149e-23	7.52039e-11	0.00019146	0.993102	0.993101	0.278951	0.00244566	1.98411e-31	0.993102	4.531e-13	1.10732e-21	0.000199361	0.993102	0.00253584	0.000198555	0.993101	1.37813e-20	0.0310358	0.00246547	0.0310352	0.00246547	1.1142	1.11293	0	
0.993102	0.993102	2.13106e-31	0.993102	2.20698e-31	0.993101	8.97072e-23	7.2795e-11	0.000198242	0.993102	0.993101	0.26663	0.00244579	2.13104e-31	0.993102	4.69154e-13	1.14439e-21	0.000206007	0.993102	0.00253156	0.000205187	0.993101	1.37813e-20	0.0300671	0.00246534	0.0300665	0.00246534	1.10739	1.10617	0	
0.993102	0.993102	2.44336e-31	0.993102	2.50693e-31	0.993101	1.02855e-22	6.88892e-11	0.000211335	0.993102	0.993101	0.246272	0.0024458	2.44332e-31	0.993102	5.00147e-13	1.21782e-21	0.00021922	0.993102	0.00252771	0.000218349	0.993101	1.37813e-20	0.0284935	0.00246533	0.0284929	0.00246533	1.10499	1.10385	0	
0.993102	0.993102	2.76281e-31	0.993102	2.81831e-31	0.993101	1.16293e-22	6.52891e-11	0.000224237	0.993102	0.993101	0.227625	0.00244564	2.76274e-31	0.993102	5.30689e-13	1.28998e-21	0.000232239	0.993102	0.0025238	0.000231299	0.993101	1.37813e-20	0.0270436	0.00246548	0.0270431	0.00246548	1.10379	1.10273	0	
0.993102	0.993102	3.04765e-31	0.993102	3.09801e-31	0.993101	1.28265e-22	6.22704e-11	0.000235491	0.993102	0.993101	0.212114	0.00244537	3.04756e-31	0.993102	5.5733e-13	1.35251e-21	0.000243554	0.993102	0.00251985	0.000242539	0.993101	1.37813e-20	0.0258293	0.00246576	0.0258289	0.00246576	1.10801	1.10705	0	
0.993102	0.993102	3.10867e-31	0.993102	3.15419e-31	0.993101	1.30815e-22	6.11917e-11	0.00023844	0.993102	0.993101	0.206889	0.00244503	3.10857e-31	0.993102	5.6431e-13	1.36725e-21	0.000246276	0.993102	0.00251559	0.000245216	0.993101	1.37813e-20	0.0254034	0.0024661	0.025403	0.0024661	1.10962	1.10873	0	
0.993102	0.993102	3.10269e-31	0.993102	3.14419e-31	0.993101	1.30549e-22	6.08622e-11	0.000238676	0.993102	0.993101	0.205648	0.00244474	3.10258e-31	0.993102	5.64868e-13	1.36656e-21	0.000246208	0.993102	0.00251155	0.00024512	0.993101	1.37813e-20	0.0252793	0.0024664	0.0252788	0.0024664	1.1056	1.10473	0	
0.993102	0.993102	3.23353e-31	0.993102	3.27333e-31	0.993101	1.36042e-22	5.94522e-11	0.00024389	0.993102	0.993101	0.198549	0.00244452	3.23342e-31	0.993102	5.77211e-13	1.39464e-21	0.000251312	0.993102	0.0025083	0.000250178	0.993101	1.37813e-20	0.0247137	0.00246662	0.0247133	0.00246662	1.10098	1.10013	0	
0.993102	0.993102	3.5166e-31	0.993102	3.55714e-31	0.993101	1.47936e-22	5.71689e-11	0.000254114	0.993102	0.993101	0.186889	0.00244429	3.51648e-31	0.993102	6.01413e-13	1.45148e-21	0.000261605	0.993102	0.00250557	0.000260399	0.993101	1.37813e-20	0.0237905	0.00246686	0.0237901	0.00246686	1.11002	1.10923	0	
0.993102	0.993102	3.39537e-31	0.993102	3.43351e-31	0.993101	1.42822e-22	5.79754e-11	0.000249915	0.993102	0.993101	0.191532	0.00244399	3.39525e-31	0.993102	5.91473e-13	1.42613e-21	0.000257094	0.993102	0.00250282	0.00025588	0.993101	1.37813e-20	0.0241263	0.00246716	0.0241258	0.00246716	1.10847	1.10768	0	
0.993102	0.993102	3.35366e-31	0.993102	3.39037e-31	0.993101	1.41059e-22	5.81138e-11	0.000248659	0.993102	0.993101	0.192501	0.00244382	3.35354e-31	0.993102	5.885e-13	1.41788e-21	0.000255641	0.993102	0.00250073	0.000254417	0.993101	1.37813e-20	0.0241877	0.00246733	0.0241873	0.00246733	1.11048	1.10972	0	
