0.25	0.000618156	0.000618156	1.27727e-12	1.27727e-12	0.998263	0.748882	0.748264	0.998263	0.25	0.000618156	0.25	0.000618156	0.25	0.000618156	1.27727e-12	1.27727e-12	0.25	1.27727e-12	0.000618156	0.25	1.27727e-12	2.63265e-21	0.25	1.27727e-12	0.25	0.25	0	0	0	
0.25	0.000618156	0.000618156	1.27727e-12	1.27727e-12	0.998263	0.748882	0.748264	0.998263	0.25	0.000618156	0.25	0.000618156	0.25	0.000618156	1.27727e-12	1.27727e-12	0.25	1.27727e-12	0.000618156	0.25	1.27727e-12	2.63265e-21	0.25	1.27727e-12	0.25	0.25	0	0	0	
0.437066	0.0010807	0.000466719	2.27815e-12	2.87709e-08	0.996964	0.560365	0.559898	0.996964	0.437066	0.0010807	0.437034	0.0010807	0.437066	0.0010807	1.94807e-10	2.27815e-12	0.437066	2.27815e-12	0.00108837	0.437066	2.27815e-12	4.79195e-21	0.437066	2.84174e-08	0.437066	0.437066	0.00473629	0	0	
0.57704	0.00148806	0.000349311	3.19674e-12	4.3558e-05	0.995992	0.419301	0.418952	0.995992	0.57704	0.0014268	0.575655	0.0014268	0.57704	0.0014268	7.79758e-09	3.06189e-12	0.57704	3.06189e-12	0.00150015	0.57704	3.06189e-12	6.55825e-21	0.57704	5.21481e-05	0.57704	0.57704	0.013024	0	0	
0.681778	0.00191565	0.00026138	4.18767e-12	0.008389	0.995264	0.313748	0.313486	0.995264	0.681778	0.00168524	0.659664	0.00168524	0.681778	0.00168578	1.14739e-07	3.6762e-12	0.681778	3.67499e-12	0.00192961	0.681778	3.67499e-12	8.00049e-21	0.681778	0.0136809	0.681778	0.681778	0.023819	0	0	
0.76015	0.00260799	0.000195581	5.39454e-12	0.175712	0.99472	0.234766	0.23457	0.994719	0.76015	0.00178388	0.625294	0.00178388	0.760149	0.00187956	8.10468e-07	4.41144e-12	0.76015	4.15403e-12	0.00244292	0.76015	4.15403e-12	9.74946e-21	0.760149	0.208989	0.76015	0.76015	0.0364394	0	0	
0.818792	0.038744	0.000146346	6.97867e-12	0.381468	0.994312	0.175667	0.17552	0.994296	0.818792	0.00135326	0.469887	0.00135326	0.818791	0.00202457	3.33862e-06	5.0984e-11	0.818792	4.52787e-12	0.00311071	0.818792	4.52787e-12	1.16525e-19	0.818667	0.403642	0.818792	0.818792	0.0503536	0	0	
0.862673	0.262283	0.000109506	9.14229e-12	0.535439	0.994007	0.131472	0.131336	0.99269	0.862673	0.0010129	0.35161	0.0010129	0.862669	0.00213306	9.24304e-06	2.98311e-09	0.862673	4.81965e-12	0.00401755	0.862673	4.81965e-12	6.88853e-18	0.715129	0.551768	0.862673	0.862673	0.0651647	0.000711186	0	
0.895506	0.445655	8.19392e-05	1.24285e-11	0.650649	0.993779	0.101368	0.0982736	0.959353	0.895506	0.000757929	0.263097	0.000757929	0.895501	0.00222308	1.90553e-05	6.57537e-08	0.895506	5.10589e-12	0.00524128	0.895506	5.08471e-12	1.54868e-16	0.53557	0.662822	0.895506	0.895506	0.0805772	0.0056155	0	
0.920075	0.583427	6.13121e-05	3.80241e-11	0.736857	0.993609	0.178783	0.0735345	0.798111	0.920075	0.000567133	0.196866	0.000567133	0.920065	0.00235488	3.05434e-05	6.28642e-07	0.920075	7.04249e-12	0.0068397	0.920075	6.68436e-12	1.62919e-15	0.40075	0.745939	0.920075	0.920075	0.0963708	0.0138631	0	
0.938459	0.686553	4.58776e-05	2.48597e-08	0.801363	0.993481	0.383597	0.0550232	0.611632	0.938459	0.000424377	0.147308	0.000424377	0.93844	0.00257709	2.53792e-05	3.23505e-06	0.938458	1.0083e-10	0.0290662	0.938459	7.74229e-11	9.76354e-15	0.299866	0.793974	0.938458	0.938458	0.112382	0.0245827	0	
0.952214	0.763722	3.43285e-05	5.92208e-05	0.849631	0.993385	0.537031	0.0411719	0.460678	0.952214	0.000317687	0.110225	0.000317687	0.952179	0.00293745	1.90208e-05	1.05476e-05	0.952214	5.00865e-09	0.24953	0.952214	3.07515e-09	3.85088e-14	0.224379	0.594129	0.952214	0.952214	0.128489	0.0370956	0	
0.962507	0.821465	2.56868e-05	0.0301494	0.885735	0.993314	0.651841	0.0308074	0.345547	0.962507	0.000238808	0.0824772	0.000238807	0.96244	0.00349256	1.42336e-05	2.45381e-05	0.962507	1.33614e-07	0.435917	0.962507	6.41436e-08	1.11059e-13	0.167895	0.444565	0.962507	0.962507	0.144603	0.0509291	0	
0.970209	0.864672	1.92205e-05	0.265507	0.908031	0.99326	0.737749	0.0230521	0.258855	0.970207	0.000184003	0.0617147	0.000181597	0.969901	0.00431774	1.06506e-05	4.43831e-05	0.970209	3.22624e-06	0.576119	0.970209	1.17692e-06	2.52902e-13	0.125629	0.332652	0.97019	0.970208	0.160656	0.0654142	0	
0.975972	0.897	1.4382e-05	0.448668	0.755249	0.99322	0.802031	0.017249	0.193829	0.975916	0.000156916	0.0461789	0.000135977	0.73571	0.00550271	7.96944e-06	6.36642e-05	0.975972	0.00259424	0.681079	0.975972	0.000706747	4.55021e-13	0.0940039	0.248911	0.940378	0.975971	0.176602	0.0807232	0	
0.980284	0.919923	1.07615e-05	0.585722	0.565128	0.99319	0.85013	0.0129068	0.147132	0.979574	0.00160675	0.034554	0.000101937	0.550509	0.00719321	5.96325e-06	4.86945e-05	0.980284	0.16961	0.759625	0.980284	0.072626	3.53012e-13	0.0703397	0.186251	0.708003	0.980284	0.192404	0.096571	0	
0.983503	0.775089	8.05246e-06	0.688274	0.422865	0.993168	0.886122	0.0096577	0.16419	0.979169	0.10265	0.0258555	7.76713e-05	0.411926	0.00958595	4.46208e-06	3.64535e-05	0.983511	0.374667	0.818399	0.983511	0.289627	2.64426e-13	0.0526327	0.139365	0.529839	0.98351	0.208037	0.112507	0	
0.985908	0.581823	6.02536e-06	0.765011	0.316414	0.993151	0.913052	0.0072265	0.31698	0.978053	0.300071	0.0193467	6.03131e-05	0.308229	0.012918	3.33881e-06	2.72775e-05	0.985926	0.530052	0.862377	0.985925	0.46392	1.97877e-13	0.0393832	0.104282	0.396484	0.985925	0.223483	0.125335	0	
0.987718	0.435441	4.50856e-06	0.82243	0.236761	0.993139	0.933188	0.00540733	0.476041	0.981535	0.416447	0.0144765	4.53173e-05	0.230637	0.0170419	2.49831e-06	2.04109e-05	0.987732	0.645567	0.895285	0.987732	0.584825	1.48066e-13	0.0387628	0.0780303	0.300035	0.987732	0.23873	0.134237	0	
0.989073	0.325834	3.37359e-06	0.865394	0.17716	0.993129	0.937118	0.00404611	0.603028	0.984431	0.412344	0.0109871	3.39214e-05	0.172577	0.0215146	1.8694e-06	1.52727e-05	0.989084	0.726486	0.919909	0.989084	0.616759	1.10793e-13	0.278786	0.0583872	0.419241	0.989084	0.253769	0.140325	0	
0.990087	0.243811	2.52433e-06	0.897541	0.132562	0.993122	0.722339	0.00302755	0.699911	0.986613	0.345833	0.0861631	2.53835e-05	0.129133	0.0259515	1.3988e-06	1.1428e-05	0.990096	0.765186	0.938335	0.990095	0.541557	8.29023e-14	0.458605	0.043689	0.562954	0.990095	0.268595	0.144127	0	
0.990846	0.182436	1.88887e-06	0.921572	0.0991916	0.993117	0.540504	0.00226541	0.772992	0.988247	0.273281	0.179008	1.89938e-05	0.0966255	0.0300167	1.04667e-06	8.55117e-06	0.990852	0.746921	0.952117	0.990852	0.433807	6.20328e-14	0.593157	0.0326909	0.671216	0.990852	0.283204	0.146404	0	
0.991414	0.13651	1.41337e-06	0.93936	0.0742219	0.993113	0.40444	0.00169512	0.827903	0.989469	0.211258	0.251294	1.42124e-05	0.0723014	0.0335305	7.83231e-07	6.39853e-06	0.991419	0.677629	0.962296	0.991419	0.336141	4.64169e-14	0.693838	0.0244627	0.752245	0.991419	0.297596	0.147565	0	
0.991837	0.102146	1.05757e-06	0.951856	0.0555514	0.99311	0.302627	0.0012684	0.869085	0.990384	0.161842	0.306699	1.06347e-05	0.0541005	0.036408	5.86558e-07	4.78779e-06	0.991843	0.583509	0.968468	0.991843	0.257151	3.47321e-14	0.769174	0.0192079	0.812878	0.991842	0.31177	0.147675	0	
0.992151	0.076432	7.91344e-07	0.95912	0.0417159	0.993108	0.226445	0.000949097	0.899936	0.991068	0.123515	0.34747	7.95754e-06	0.0404814	0.0385849	4.41755e-07	3.58253e-06	0.99216	0.486426	0.965854	0.99216	0.195619	2.59888e-14	0.825545	0.0960344	0.858247	0.99216	0.325727	0.147183	0	
0.992383	0.0571914	5.92134e-07	0.960773	0.0319897	0.993106	0.169441	0.000710174	0.923019	0.99158	0.0941438	0.375953	5.95435e-06	0.0302908	0.0401078	3.40459e-07	2.68067e-06	0.992397	0.397284	0.944969	0.992397	0.148383	1.94465e-14	0.867725	0.309317	0.892195	0.992397	0.339469	0.145695	0	
0.992555	0.0427943	4.43072e-07	0.956432	0.0263196	0.993105	0.126786	0.000531398	0.94026	0.991963	0.071765	0.392204	4.45543e-06	0.0226655	0.0409322	2.78295e-07	2.00585e-06	0.992574	0.319419	0.901415	0.992574	0.112341	1.45511e-14	0.899287	0.480602	0.917597	0.992574	0.352996	0.14437	0	
0.992685	0.0320215	3.31535e-07	0.945625	0.0248267	0.993104	0.0948695	0.000397625	0.953093	0.99225	0.0547481	0.398053	3.33384e-06	0.0169598	0.0412758	2.50392e-07	1.50091e-06	0.992707	0.253488	0.84141	0.992707	0.0849141	1.0888e-14	0.922904	0.609508	0.936604	0.992707	0.366311	0.143031	0	
0.992784	0.0239607	2.48075e-07	0.927169	0.0274431	0.993103	0.0709874	0.000297529	0.96257	0.992464	0.0418028	0.393509	2.49459e-06	0.0126904	0.0412631	2.48511e-07	1.12307e-06	0.992807	0.198666	0.776557	0.992807	0.0640707	8.14714e-15	0.940575	0.706049	0.950827	0.992807	0.379418	0.141177	0	
0.992861	0.0179292	1.85626e-07	0.897824	0.0340259	0.993103	0.0531173	0.00022263	0.969443	0.992625	0.0319369	0.377215	1.86662e-06	0.00949574	0.040891	2.6181e-07	8.40355e-07	0.992881	0.15369	0.717203	0.992881	0.0482466	6.09621e-15	0.953798	0.778303	0.961469	0.992881	0.392318	0.139336	0	
0.992921	0.0134166	1.38897e-07	0.848886	0.0447281	0.993102	0.0397457	0.000166586	0.9742	0.992745	0.0243999	0.349929	1.39673e-06	0.00710531	0.0402645	2.79688e-07	6.28807e-07	0.992937	0.117379	0.668994	0.992937	0.0362491	4.56158e-15	0.963692	0.832373	0.969432	0.992936	0.405015	0.137447	0	
0.992966	0.0100425	1.03932e-07	0.758445	0.0606512	0.993102	0.0297403	0.00012465	0.977049	0.992835	0.0186267	0.312986	1.04514e-06	0.00531665	0.0394507	2.94205e-07	4.70514e-07	0.992978	0.0886178	0.634503	0.992978	0.0271744	3.41327e-15	0.971096	0.872832	0.975391	0.992978	0.417511	0.135383	0	
0.993	0.00754857	7.77682e-08	0.606106	0.0856008	0.993102	0.0222536	9.32711e-05	0.97774	0.992902	0.0141914	0.268311	7.82105e-07	0.00397825	0.0384783	3.0094e-07	3.52069e-07	0.99301	0.0664267	0.614387	0.99301	0.0203414	2.55404e-15	0.976636	0.903108	0.979849	0.993009	0.429809	0.133374	0	
0.993026	0.00709493	5.81911e-08	0.456196	0.132885	0.993102	0.0166515	6.97914e-05	0.974652	0.992953	0.0107709	0.218933	5.86048e-07	0.00297678	0.0374099	2.98567e-07	2.63441e-07	0.993033	0.04971	0.607704	0.993033	0.0152211	1.91111e-15	0.980781	0.925762	0.983186	0.993032	0.441913	0.131258	0	
0.993045	0.0724078	4.35423e-08	0.341548	0.250813	0.993102	0.0124597	5.22223e-05	0.957848	0.99299	0.0081223	0.169225	4.45369e-07	0.00222742	0.0362653	2.87843e-07	1.97125e-07	0.99305	0.0371964	0.61295	0.99305	0.0113894	1.43007e-15	0.983883	0.942713	0.985682	0.99305	0.453825	0.129115	0	
0.993059	0.298941	3.25811e-08	0.255617	0.433522	0.993102	0.00932317	3.90761e-05	0.827366	0.993018	0.00608593	0.12685	3.42232e-07	0.0016667	0.0350727	2.706e-07	1.47518e-07	0.993063	0.0278328	0.628026	0.993063	0.0085223	1.07059e-15	0.986202	0.955397	0.98755	0.993062	0.465548	0.128387	0	
0.99307	0.473667	2.43793e-08	0.193291	0.573607	0.993101	0.00697619	2.92392e-05	0.623086	0.99304	0.00455681	0.094917	2.73697e-07	0.00124721	0.0340693	2.48985e-07	1.11038e-07	0.993073	0.0208263	0.649142	0.993073	0.00637693	8.21302e-16	0.82586	0.964879	0.988948	0.993067	0.477085	0.131987	0	
0.993078	0.604427	1.82421e-08	0.372788	0.664636	0.993101	0.00522016	2.18786e-05	0.466429	0.993055	0.00342026	0.0710229	4.26053e-07	0.000933833	0.033883	2.25003e-07	9.31332e-08	0.99308	0.0155852	0.670485	0.99308	0.00477174	9.47609e-16	0.617961	0.971469	0.989993	0.992737	0.488439	0.138893	0	
0.993084	0.70227	1.36499e-08	0.528942	0.606051	0.993101	0.00397635	1.6371e-05	0.349037	0.993067	0.0025985	0.0531439	3.41491e-07	0.000698753	0.0349387	2.00299e-07	1.23732e-07	0.993086	0.0131844	0.689024	0.993086	0.00366572	2.76585e-15	0.462398	0.96634	0.990776	0.985009	0.499612	0.148104	0	
0.993082	0.775432	1.02137e-08	0.645788	0.453597	0.993101	0.00301941	1.22498e-05	0.261237	0.993076	0.00326279	0.0397656	2.89255e-07	0.000522852	0.0375788	1.76062e-07	1.06512e-07	0.99309	0.16899	0.703574	0.99309	0.0235002	2.70686e-15	0.345995	0.896725	0.991205	0.922731	0.510608	0.159143	0	
0.992807	0.823255	7.64256e-09	0.73322	0.33941	0.993101	0.00225967	9.16609e-06	0.196574	0.993083	0.100696	0.0297552	6.14483e-07	0.000391231	0.04222	1.53163e-07	8.02285e-08	0.993093	0.374552	0.713529	0.993093	0.228674	2.05565e-15	0.258896	0.743453	0.954533	0.772577	0.563023	0.217937	0	
0.992152	0.828779	5.71865e-09	0.798642	0.253968	0.993101	0.00169083	6.85865e-06	0.150831	0.993087	0.314999	0.0222647	2.93709e-06	0.000292744	0.072165	1.2223e-07	6.00487e-08	0.993095	0.530236	0.714023	0.993095	0.418928	1.54125e-15	0.193722	0.582174	0.758333	0.607285	0.611379	0.276993	0	
0.991406	0.796537	4.27906e-09	0.847595	0.190035	0.993101	0.00126519	5.13208e-06	0.120592	0.993091	0.484922	0.0166599	1.1427e-05	0.00021905	0.150737	9.43921e-08	4.49332e-08	0.993097	0.646755	0.702506	0.993094	0.56323	1.15382e-15	0.144955	0.446913	0.573394	0.466848	0.655952	0.332014	0	
0.991019	0.757898	3.20186e-09	0.884224	0.142196	0.993101	0.000946695	3.84015e-06	0.101456	0.993094	0.61273	0.012466	3.13496e-05	0.000163907	0.276495	7.18426e-08	3.36219e-08	0.993097	0.733943	0.681506	0.99308	0.671396	8.63515e-16	0.108465	0.340812	0.430708	0.356219	0.697023	0.37951	0	
0.991059	0.733604	2.39584e-09	0.911633	0.1064	0.993101	0.000708377	2.87344e-06	0.0886807	0.993096	0.708452	0.00932783	6.5285e-05	0.000122645	0.414552	5.42938e-08	2.51581e-08	0.99309	0.799183	0.657758	0.993023	0.752365	6.46196e-16	0.0811606	0.259475	0.323128	0.27126	0.734895	0.420081	0	
0.991334	0.731441	1.79272e-09	0.932142	0.0796154	0.993101	0.000530053	2.15009e-06	0.0786277	0.993098	0.780097	0.00697968	0.000112712	9.17711e-05	0.539432	4.08789e-08	1.88249e-08	0.993062	0.848	0.636421	0.992863	0.81296	4.83554e-16	0.0607313	0.197655	0.242411	0.206623	0.769853	0.454683	0	
0.99167	0.749433	1.34142e-09	0.947488	0.0595733	0.993101	0.000396619	1.60884e-06	0.0693325	0.993099	0.833713	0.00522264	0.000172855	6.8669e-05	0.642795	3.07143e-08	1.4086e-08	0.992981	0.884527	0.620673	0.992483	0.858305	3.61843e-16	0.0454499	0.150788	0.181946	0.157591	0.802149	0.487101	0	
0.991981	0.781667	1.00374e-09	0.95897	0.0445766	0.993101	0.000296776	1.20383e-06	0.0601711	0.9931	0.873834	0.00390791	0.000246427	5.13825e-05	0.725191	2.30487e-08	1.054e-08	0.992758	0.911859	0.60858	0.991628	0.892236	2.70766e-16	0.0340288	0.115246	0.136685	0.120394	0.83199	0.517052	0	
0.992241	0.819045	7.51062e-10	0.967563	0.033355	0.993101	0.000222067	9.00784e-07	0.0512389	0.9931	0.903856	0.00292415	0.000335241	3.84477e-05	0.78942	1.7283e-08	7.88671e-09	0.99218	0.932311	0.599273	0.9898	0.917626	2.02612e-16	0.0255089	0.0882582	0.102818	0.0921461	0.859557	0.548421	0	
0.992447	0.855357	5.61992e-10	0.973992	0.0249583	0.993101	0.000166164	6.74024e-07	0.0428535	0.993101	0.926321	0.00218803	0.00044091	2.8769e-05	0.838968	1.29534e-08	5.90134e-09	0.990642	0.947615	0.58755	0.98576	0.936625	1.51614e-16	0.0191754	0.0677402	0.0774884	0.070672	0.885026	0.580241	0	
0.992607	0.886766	4.20518e-10	0.978803	0.0186754	0.993101	0.000124335	5.04348e-07	0.0352904	0.993101	0.943132	0.00163722	0.000563662	2.15268e-05	0.876852	9.70522e-09	4.41576e-09	0.986636	0.959065	0.570825	0.976977	0.950841	1.13453e-16	0.0144946	0.0521296	0.058561	0.0543378	0.908553	0.612623	0	
0.992729	0.912191	3.14658e-10	0.982402	0.0139741	0.993101	9.30351e-05	3.77385e-07	0.0286991	0.993101	0.95571	0.00122508	0.000701757	1.61077e-05	0.905636	7.27e-09	3.30415e-09	0.976644	0.967634	0.547197	0.958572	0.961479	8.48979e-17	0.0110682	0.0402494	0.0444413	0.041911	0.93026	0.647576	0	
0.992821	0.932047	2.35447e-10	0.985096	0.0104563	0.993101	6.96148e-05	2.82384e-07	0.0231105	0.993102	0.965123	0.000916681	0.000851597	1.20528e-05	0.927415	5.44502e-09	2.47238e-09	0.952487	0.974045	0.513129	0.921077	0.969439	6.35306e-17	0.00859991	0.0312085	0.0339403	0.0324578	0.950336	0.679867	0	
0.992891	0.947213	1.76177e-10	0.987111	0.0078241	0.993101	5.20902e-05	2.11298e-07	0.0184697	0.993102	0.972166	0.000685924	0.00100833	9.01868e-06	0.943826	4.07775e-09	1.84999e-09	0.904356	0.978842	0.473159	0.857739	0.975396	4.75419e-17	0.0068719	0.0243294	0.0261732	0.0252683	0.968863	0.711899	0	
0.992944	0.958684	1.31827e-10	0.988619	0.00585449	0.993101	3.89772e-05	1.58107e-07	0.0146777	0.993102	0.977436	0.000513266	0.00116669	6.74835e-06	0.956164	3.05361e-09	1.38428e-09	0.824127	0.982432	0.428398	0.766405	0.979853	3.55779e-17	0.00572545	0.0190963	0.0204818	0.0198017	0.985959	0.74324	0	
0.992984	0.967315	9.86411e-11	0.989748	0.0043807	0.993101	2.91652e-05	1.18307e-07	0.011617	0.993102	0.981379	0.000384104	0.00132172	5.04954e-06	0.965428	2.2866e-09	1.03581e-09	0.716053	0.985118	0.380913	0.655915	0.983188	2.66256e-17	0.00504697	0.0151162	0.0163782	0.0156459	1.00173	0.773259	0	
0.993013	0.973793	7.38095e-11	0.990592	0.00327792	0.993101	2.18233e-05	8.85266e-08	0.00916942	0.993102	0.98433	0.000287548	0.00146929	3.77839e-06	0.972375	1.71221e-09	7.75056e-10	0.596446	0.987128	0.333299	0.54142	0.985683	1.99267e-17	0.0047568	0.0120893	0.0135023	0.012487	1.01627	0.801633	0	
0.993036	0.978647	5.5229e-11	0.991224	0.00245275	0.993101	1.63296e-05	6.62434e-08	0.00722578	0.993102	0.986538	0.000215557	0.00160637	2.82723e-06	0.977582	1.28211e-09	5.79946e-10	0.481645	0.988632	0.287786	0.435262	0.987551	1.49142e-17	0.00480027	0.00978755	0.0115888	0.0100861	1.02967	0.827936	0	
0.993052	0.982283	4.13258e-11	0.991697	0.0018353	0.993101	1.22188e-05	4.95704e-08	0.00569043	0.993102	0.98819	0.000162358	0.00173103	2.11551e-06	0.981482	9.60059e-10	4.33952e-10	0.381045	0.989757	0.24607	0.343761	0.988948	1.11634e-17	0.00514117	0.00803719	0.0104437	0.0082613	1.04206	0.852873	0	
0.993065	0.985005	3.09226e-11	0.992051	0.00137329	0.993101	9.14289e-06	3.70955e-08	0.00448212	0.993102	0.989426	0.000124236	0.00184235	1.58296e-06	0.984404	7.18928e-10	3.24711e-10	0.297347	0.990599	0.208706	0.268192	0.989993	8.35673e-18	0.00575756	0.00670606	0.00992709	0.00687426	1.05347	0.87601	0	
0.993074	0.987043	2.31383e-11	0.992315	0.00102758	0.993101	6.8413e-06	2.7762e-08	0.00353394	0.993102	0.990351	9.96307e-05	0.00194021	1.18447e-06	0.986591	5.38386e-10	2.42969e-10	0.229974	0.991229	0.176015	0.207534	0.990776	6.25661e-18	0.00663379	0.00569363	0.0099349	0.00581985	1.06407	0.898294	0	
0.993081	0.988568	1.73135e-11	0.992513	0.000768902	0.993101	5.11909e-06	2.07792e-08	0.00279107	0.993102	0.991044	9.03155e-05	0.00202508	8.86298e-07	0.988228	4.03209e-10	1.81805e-10	0.176746	0.991701	0.14768	0.159642	0.991361	4.68513e-18	0.00776465	0.00492346	0.0103962	0.00501818	1.07385	0.919037	0	
0.993087	0.989709	1.29551e-11	0.992662	0.000575341	0.993101	3.83043e-06	1.55556e-08	0.00220978	0.993102	0.991562	0.000102844	0.00209786	6.63184e-07	0.989454	3.01998e-10	1.36038e-10	0.135264	0.992054	0.123497	0.122304	0.991799	3.50924e-18	0.00914327	0.00433746	0.0112547	0.00440854	1.0828	0.937496	0	
0.99309	0.990563	9.69381e-12	0.992773	0.000430507	0.993101	2.86617e-06	1.16484e-08	0.00175533	0.993102	0.991949	0.000149315	0.00215965	4.96237e-07	0.990372	2.26218e-10	1.01792e-10	0.103254	0.992318	0.103248	0.0934697	0.992127	2.62934e-18	0.0107576	0.00389148	0.0124617	0.00394481	1.09108	0.954923	0	
0.993093	0.991202	7.25353e-12	0.992856	0.000322133	0.993101	2.14465e-06	8.72639e-09	0.0014	0.993102	0.992239	0.000254777	0.00221166	3.71316e-07	0.991059	1.69477e-10	7.61675e-11	0.07868	0.992515	0.0863504	0.0713097	0.992372	1.97094e-18	0.0126019	0.00355197	0.0139844	0.00359198	1.09867	0.970475	0	
0.993096	0.991681	5.42755e-12	0.992918	0.00024104	0.993101	1.60476e-06	6.54167e-09	0.00112209	0.993102	0.992456	0.00045379	0.00225511	2.77842e-07	0.991573	1.26991e-10	5.69934e-11	0.0598996	0.992663	0.0724094	0.0543564	0.992556	1.47827e-18	0.0146616	0.00329342	0.0157878	0.00332344	1.10574	0.985863	0	
0.993097	0.992038	4.06124e-12	0.992964	0.000180362	0.993101	1.20079e-06	4.90878e-09	0.000904426	0.993102	0.992619	0.000821515	0.0022912	2.07899e-07	0.991957	9.51771e-11	4.26461e-11	0.0455675	0.992773	0.0608148	0.0414033	0.992693	1.10963e-18	0.0169325	0.00309645	0.017853	0.00311898	1.11225	0.999868	0	
0.993098	0.992306	3.03888e-12	0.992999	0.000134958	0.993101	8.98505e-07	3.68889e-09	0.00073371	0.993102	0.99274	0.00145113	0.002321	1.55563e-07	0.992245	7.13528e-11	3.19105e-11	0.0346564	0.992856	0.051237	0.0315305	0.992796	8.33774e-19	0.0193974	0.00294634	0.0201515	0.00296325	1.11826	1.01288	0	
0.993099	0.992507	2.27388e-12	0.993025	0.000100984	0.993101	6.72319e-07	2.77813e-09	0.000599568	0.993102	0.992831	0.00248166	0.0023455	1.16402e-07	0.992461	5.35107e-11	2.38775e-11	0.0263611	0.992918	0.0433364	0.0240158	0.992873	6.27361e-19	0.0220379	0.00283189	0.0226565	0.00284457	1.12372	1.02397	0	
0.9931	0.992656	1.70146e-12	0.993044	7.55627e-05	0.993101	5.03072e-07	2.09872e-09	0.000493997	0.993102	0.992899	0.0040154	0.00236556	8.70997e-08	0.992622	4.01477e-11	1.78666e-11	0.020067	0.992964	0.0369017	0.018308	0.99293	4.72908e-19	0.0248202	0.00274458	0.0253279	0.00275409	1.12886	1.03555	0	
0.993101	0.992769	1.27314e-12	0.993059	5.65409e-05	0.993101	3.7643e-07	1.59251e-09	0.000410591	0.993102	0.99295	0.00640519	0.00238192	6.51735e-08	0.992743	3.01381e-11	1.33689e-11	0.0152855	0.992999	0.0315545	0.0139667	0.992973	3.57334e-19	0.0277426	0.00267793	0.0281592	0.00268507	1.13351	1.04524	0	
0.993101	0.992853	9.52646e-13	0.99307	4.23075e-05	0.993101	2.81669e-07	1.2159e-09	0.000344557	0.993102	0.992988	0.00975719	0.00239525	4.8767e-08	0.992833	2.26397e-11	1.00035e-11	0.0116594	0.993025	0.027181	0.0106708	0.993005	2.70853e-19	0.0307633	0.00262703	0.0311049	0.00263239	1.13784	1.05462	0	
0.993101	0.992915	7.1283e-13	0.993078	3.16571e-05	0.993101	2.10763e-07	9.36304e-10	0.00029206	0.993102	0.993017	0.0144437	0.00240606	3.64905e-08	0.992901	1.70215e-11	7.48525e-12	0.00890777	0.993044	0.02357	0.00816675	0.99303	2.06142e-19	0.0338672	0.00258812	0.0341469	0.00259214	1.1419	1.06411	0	
0.993102	0.992962	5.33385e-13	0.993084	2.36879e-05	0.993101	1.57706e-07	7.29338e-10	0.000250114	0.993102	0.993038	0.0210962	0.00241483	2.73045e-08	0.992952	1.28114e-11	5.60094e-12	0.00681678	0.993059	0.0205391	0.00626142	0.993048	1.5772e-19	0.0370463	0.00255836	0.0372748	0.00256138	1.14552	1.07145	0	
0.993102	0.992998	3.99112e-13	0.993089	1.77248e-05	0.993101	1.18006e-07	5.76631e-10	0.00021653	0.993102	0.993054	0.0293729	0.00242193	2.0431e-08	0.992989	9.65583e-12	4.19098e-12	0.00523129	0.99307	0.0180651	0.00481508	0.993061	1.21487e-19	0.0402423	0.00253557	0.0404287	0.00253783	1.14891	1.07896	0	
0.993102	0.993024	2.98641e-13	0.993092	1.32628e-05	0.993101	8.82993e-08	4.64541e-10	0.000189475	0.993102	0.993066	0.0399619	0.00242767	1.52878e-08	0.993018	7.29009e-12	3.13596e-12	0.00402658	0.993078	0.0160032	0.00371466	0.993071	9.43748e-20	0.0434526	0.00251811	0.0436042	0.0025198	1.152	1.08542	0	
0.993102	0.993044	2.23462e-13	0.993095	9.92407e-06	0.993101	6.60712e-08	3.82776e-10	0.000167591	0.993102	0.993075	0.0526824	0.00243231	1.14393e-08	0.993039	5.51601e-12	2.34652e-12	0.00311144	0.993084	0.0142996	0.00287768	0.993079	7.40874e-20	0.0466438	0.0025047	0.0467667	0.00250597	1.15486	1.09165	0	
0.993102	0.993058	1.67209e-13	0.993096	7.42582e-06	0.993101	4.94386e-08	3.23671e-10	0.00014978	0.993102	0.993081	0.0678927	0.00243606	8.5596e-09	0.993055	4.18513e-12	1.75582e-12	0.00241507	0.993089	0.0128749	0.00223986	0.993084	5.89069e-20	0.0498049	0.0024944	0.0499043	0.00249536	1.15756	1.09792	0	
0.993102	0.993069	1.25116e-13	0.993098	5.55647e-06	0.993101	3.69931e-08	2.81508e-10	0.000135176	0.993102	0.993086	0.0862172	0.00243909	6.40484e-09	0.993067	3.18625e-12	1.31381e-12	0.00188371	0.993092	0.0116599	0.00175238	0.993089	4.75476e-20	0.0529336	0.00248647	0.0530137	0.00248719	1.16005	1.10385	0	
0.993102	0.993078	9.36199e-14	0.993099	4.15771e-06	0.993101	2.76806e-08	2.51972e-10	0.000123125	0.993102	0.99309	0.107756	0.00244155	4.7925e-09	0.993076	2.43617e-12	9.8308e-13	0.0014775	0.993095	0.0106172	0.00137905	0.993092	3.90478e-20	0.0560163	0.00248036	0.0560807	0.0024809	1.16226	1.10847	0	
0.993102	0.993084	7.00524e-14	0.9931	3.11106e-06	0.993101	2.07124e-08	2.31737e-10	0.000113159	0.993102	0.993093	0.130872	0.00244354	3.58606e-09	0.993082	1.87266e-12	7.35603e-13	0.00116752	0.993097	0.00974819	0.00109369	0.993094	3.26876e-20	0.0590055	0.00247564	0.059057	0.00247604	1.16428	1.11276	0	
0.993102	0.993088	5.24176e-14	0.9931	2.32789e-06	0.993101	1.54983e-08	2.18384e-10	0.000104867	0.993102	0.993095	0.155393	0.00244515	2.68332e-09	0.993087	1.44903e-12	5.50425e-13	0.000930453	0.993098	0.00901879	0.000875085	0.993096	2.79284e-20	0.0618934	0.00247198	0.0619344	0.00247229	1.16606	1.11591	0	
0.993102	0.993092	3.92222e-14	0.993101	1.74188e-06	0.993101	1.15968e-08	2.10019e-10	9.79592e-05	0.993102	0.993097	0.179487	0.00244646	2.00783e-09	0.993091	1.13038e-12	4.11863e-13	0.000749581	0.993099	0.00842659	0.00070804	0.993097	2.43673e-20	0.0646431	0.00246915	0.0646757	0.00246937	1.16784	1.1202	0	
0.993102	0.993094	2.93485e-14	0.993101	1.30338e-06	0.993101	8.67749e-09	2.0545e-10	9.2108e-05	0.993102	0.993098	0.205935	0.00244753	1.50238e-09	0.993094	8.90331e-13	3.08182e-13	0.000609846	0.9931	0.00790201	0.000578667	0.993098	2.17025e-20	0.0673107	0.00246694	0.0673364	0.00246711	1.16951	1.12435	0	
0.993102	0.993096	2.19604e-14	0.993101	9.75274e-07	0.993101	6.49305e-09	2.03669e-10	8.71136e-05	0.993102	0.993099	0.234502	0.0024484	1.12418e-09	0.993096	7.09252e-13	2.30601e-13	0.000501372	0.9931	0.00743238	0.000477958	0.993099	1.97086e-20	0.0698945	0.00246521	0.0699147	0.00246534	1.17099	1.1278	0	
0.993102	0.993098	1.64322e-14	0.993102	7.29762e-07	0.993101	4.85851e-09	2.03835e-10	8.28465e-05	0.993102	0.993099	0.263565	0.00244912	8.41182e-10	0.993097	5.72502e-13	1.72551e-13	0.000417195	0.993101	0.00702264	0.000399603	0.9931	1.82165e-20	0.0723635	0.00246386	0.0723792	0.00246395	1.17224	1.13023	0	
0.993102	0.993099	1.22956e-14	0.993102	5.46054e-07	0.993101	3.63545e-09	2.05263e-10	7.92174e-05	0.993102	0.9931	0.290923	0.00244971	6.29426e-10	0.993099	4.69145e-13	1.29113e-13	0.000352209	0.993101	0.00668219	0.000338979	0.9931	1.71001e-20	0.0746743	0.00246279	0.0746865	0.00246287	1.17365	1.13431	0	
0.993102	0.9931	9.20036e-15	0.993102	4.08593e-07	0.993101	2.72027e-09	2.07842e-10	7.60223e-05	0.993102	0.9931	0.321131	0.00245019	4.70977e-10	0.9931	3.90672e-13	9.66108e-14	0.000300438	0.993101	0.00635359	0.00029048	0.9931	1.62647e-20	0.0769392	0.00246195	0.0769485	0.00246201	1.17483	1.13728	0	
0.993102	0.9931	6.8843e-15	0.993102	3.05735e-07	0.993101	2.03548e-09	2.1107e-10	7.32402e-05	0.993102	0.9931	0.350994	0.0024506	3.52415e-10	0.9931	3.31027e-13	7.22903e-14	0.000259568	0.993102	0.00606046	0.000252064	0.993101	1.56396e-20	0.0790922	0.00246128	0.0790993	0.00246132	1.17586	1.13967	0	
0.993102	0.993101	5.15127e-15	0.993102	2.2877e-07	0.993101	1.52308e-09	2.14641e-10	7.08252e-05	0.993102	0.993101	0.379256	0.00245093	2.63699e-10	0.993101	2.85608e-13	5.40922e-14	0.000227361	0.993102	0.00580623	0.000221698	0.993101	1.51718e-20	0.0811095	0.00246075	0.0811147	0.00246078	1.17693	1.14271	0	
0.993102	0.993101	3.85451e-15	0.993102	1.71181e-07	0.993101	1.13966e-09	2.18536e-10	6.86801e-05	0.993102	0.993101	0.407994	0.00245121	1.97316e-10	0.993101	2.50823e-13	4.04752e-14	0.000201302	0.993102	0.00556696	0.00019702	0.993101	1.48218e-20	0.0830475	0.00246032	0.0830513	0.00246034	1.17782	1.14498	0	
0.993102	0.993101	2.88419e-15	0.993102	1.28088e-07	0.993101	8.52768e-10	2.22498e-10	6.67962e-05	0.993102	0.993101	0.435159	0.00245145	1.47645e-10	0.993101	2.24135e-13	3.02861e-14	0.000180419	0.993102	0.00535501	0.000177174	0.993101	1.45599e-20	0.0848637	0.00245997	0.0848663	0.00245999	1.17867	1.14722	0	
0.993102	0.993102	2.15813e-15	0.993102	9.58437e-08	0.993101	6.38095e-10	2.26469e-10	6.51282e-05	0.993102	0.993101	0.461041	0.00245165	1.10477e-10	0.993102	2.03554e-13	2.2662e-14	0.000163489	0.993102	0.00516403	0.000161023	0.993101	1.43639e-20	0.0865729	0.00245969	0.0865747	0.0024597	1.17941	1.14914	0	
0.993102	0.993102	1.61485e-15	0.993102	7.17163e-08	0.993101	4.77463e-10	2.30332e-10	6.36585e-05	0.993102	0.993101	0.48517	0.00245182	8.2666e-11	0.993102	1.87629e-13	1.69572e-14	0.000149742	0.993102	0.00499404	0.000147861	0.993101	1.42173e-20	0.0881612	0.00245945	0.0881622	0.00245946	1.18018	1.15147	0	
0.993102	0.993102	1.20833e-15	0.993102	5.36627e-08	0.993101	3.57269e-10	2.34172e-10	6.23293e-05	0.993102	0.993101	0.50893	0.00245197	6.1856e-11	0.993102	1.7517e-13	1.26884e-14	0.000138206	0.993102	0.00483232	0.000136765	0.993101	1.41075e-20	0.0896787	0.00245926	0.0896792	0.00245927	1.18079	1.15308	0	
0.993102	0.993102	9.04153e-16	0.993102	4.01539e-08	0.993101	2.67331e-10	2.378e-10	6.11578e-05	0.993102	0.993101	0.530583	0.0024521	4.62846e-11	0.993102	1.65429e-13	9.49429e-15	0.000128746	0.993102	0.00468974	0.000127636	0.993101	1.40254e-20	0.0910745	0.0024591	0.0910745	0.00245911	1.18157	1.15576	0	
0.993102	0.993102	6.76545e-16	0.993102	3.00457e-08	0.993101	2.00034e-10	2.41509e-10	6.0054e-05	0.993102	0.993101	0.553157	0.0024522	3.46331e-11	0.993102	1.57602e-13	7.10423e-15	0.000120342	0.993102	0.00454326	0.000119482	0.993101	1.3964e-20	0.0924619	0.00245897	0.0924615	0.00245897	1.18208	1.15718	0	
0.993102	0.993102	5.06234e-16	0.993102	2.24821e-08	0.993101	1.49678e-10	2.44925e-10	5.90853e-05	0.993102	0.993101	0.57335	0.0024523	2.59147e-11	0.993102	1.51408e-13	5.31584e-15	0.00011338	0.993102	0.00441492	0.000112709	0.993101	1.3918e-20	0.0937203	0.00245885	0.0937196	0.00245885	1.18255	1.15855	0	
0.993102	0.993102	3.78796e-16	0.993102	1.68225e-08	0.993101	1.11999e-10	2.48087e-10	5.82285e-05	0.993102	0.993101	0.591587	0.00245238	1.9391e-11	0.993102	1.46461e-13	3.97765e-15	0.000107542	0.993102	0.00430091	0.000107013	0.993101	1.38836e-20	0.0948691	0.00245875	0.0948682	0.00245876	1.18298	1.15992	0	
0.993102	0.993102	2.83439e-16	0.993102	1.25877e-08	0.993101	8.38046e-11	2.51021e-10	5.74655e-05	0.993102	0.993101	0.608332	0.00245245	1.45096e-11	0.993102	1.4247e-13	2.97633e-15	0.000102557	0.993102	0.00419714	0.000102136	0.993101	1.38579e-20	0.0959235	0.00245867	0.0959225	0.00245867	1.18343	1.16149	0	
0.993102	0.993102	2.12087e-16	0.993102	9.4189e-09	0.993101	6.27079e-11	2.53801e-10	5.67715e-05	0.993102	0.993101	0.624328	0.00245252	1.0857e-11	0.993102	1.39194e-13	2.22708e-15	9.81446e-05	0.993102	0.00409783	9.78046e-05	0.993101	1.38386e-20	0.0969121	0.0024586	0.0969109	0.0024586	1.18379	1.16279	0	
0.993102	0.993102	1.58697e-16	0.993102	7.04782e-09	0.993101	4.6922e-11	2.56358e-10	5.61533e-05	0.993102	0.993101	0.639112	0.00245257	8.12388e-12	0.993102	1.36507e-13	1.66644e-15	9.42934e-05	0.993102	0.00400578	9.40153e-05	0.993101	1.38242e-20	0.0978147	0.00245854	0.0978134	0.00245854	1.18401	1.16365	0	
0.993102	0.993102	1.18747e-16	0.993102	5.27363e-09	0.993101	3.51101e-11	2.58572e-10	5.56291e-05	0.993102	0.993101	0.652013	0.00245262	6.07881e-12	0.993102	1.34352e-13	1.24694e-15	9.10546e-05	0.993102	0.00392507	9.08235e-05	0.993101	1.38134e-20	0.0985925	0.00245848	0.098591	0.00245848	1.18435	1.16498	0	
0.993102	0.993102	8.88543e-17	0.993102	3.94606e-09	0.993101	2.62716e-11	2.60686e-10	5.51443e-05	0.993102	0.993101	0.664449	0.00245267	4.54855e-12	0.993102	1.3252e-13	9.33038e-16	8.80935e-05	0.993102	0.00384661	8.78984e-05	0.993101	1.38053e-20	0.09933	0.00245843	0.0993285	0.00245843	1.18466	1.16611	0	
0.993102	0.993102	6.64865e-17	0.993102	2.9527e-09	0.993101	1.96581e-11	2.62675e-10	5.47001e-05	0.993102	0.993101	0.676068	0.00245271	3.40351e-12	0.993102	1.30956e-13	6.98158e-16	8.54329e-05	0.993102	0.00377309	8.52654e-05	0.993101	1.37993e-20	0.100021	0.00245839	0.100019	0.00245839	1.18466	1.16661	0	
0.993102	0.993102	4.97494e-17	0.993102	2.20939e-09	0.993101	1.47094e-11	2.64168e-10	5.43669e-05	0.993102	0.993101	0.68578	0.00245274	2.54673e-12	0.993102	1.29784e-13	5.22407e-16	8.32466e-05	0.993102	0.00370921	8.31001e-05	0.993101	1.37948e-20	0.100538	0.00245836	0.100536	0.00245836	1.18481	1.16745	0	
0.993102	0.993102	3.72257e-17	0.993102	1.65321e-09	0.993101	1.10065e-11	2.65489e-10	5.40772e-05	0.993102	0.993101	0.694735	0.00245277	1.90562e-12	0.993102	1.28812e-13	3.90898e-16	8.12873e-05	0.993102	0.00364927	8.11571e-05	0.993101	1.37914e-20	0.100995	0.00245833	0.100993	0.00245833	1.18489	1.16818	0	
0.993102	0.993102	2.78546e-17	0.993102	1.23704e-09	0.993101	8.23578e-12	2.66582e-10	5.38396e-05	0.993102	0.993101	0.702866	0.0024528	1.42591e-12	0.993102	1.28035e-13	2.92495e-16	7.95478e-05	0.993102	0.00359322	7.94301e-05	0.993101	1.37889e-20	0.101372	0.0024583	0.10137	0.0024583	1.18507	1.16921	0	
0.993102	0.993102	2.08426e-17	0.993102	9.25629e-10	0.993101	6.16253e-12	2.67642e-10	5.36145e-05	0.993102	0.993101	0.710956	0.00245282	1.06695e-12	0.993102	1.27341e-13	2.18863e-16	7.78631e-05	0.993102	0.0035367	7.77553e-05	0.993101	1.3787e-20	0.101736	0.00245828	0.101735	0.00245828	1.18533	1.17022	0	
0.993102	0.993102	1.55957e-17	0.993102	6.92615e-10	0.993101	4.6112e-12	2.68802e-10	5.33746e-05	0.993102	0.993101	0.718924	0.00245284	7.98363e-13	0.993102	1.26654e-13	1.63768e-16	7.62374e-05	0.993102	0.00348205	7.61375e-05	0.993101	1.37856e-20	0.102133	0.00245826	0.102132	0.00245826	1.18557	1.17119	0	
0.993102	0.993102	1.16697e-17	0.993102	5.18258e-10	0.993101	3.45039e-12	2.69991e-10	5.31333e-05	0.993102	0.993101	0.726708	0.00245286	5.97386e-13	0.993102	1.25993e-13	1.22541e-16	7.46733e-05	0.993102	0.00342888	7.45797e-05	0.993101	1.37845e-20	0.10254	0.00245824	0.102538	0.00245824	1.18548	1.1716	0	
0.993102	0.993102	8.73203e-18	0.993102	3.87794e-10	0.993101	2.5818e-12	2.70757e-10	5.29767e-05	0.993102	0.993101	0.733291	0.00245287	4.47002e-13	0.993102	1.25555e-13	9.16933e-17	7.33583e-05	0.993102	0.00338089	7.32697e-05	0.993101	1.37837e-20	0.102801	0.00245822	0.102799	0.00245822	1.18524	1.17164	0	
0.993102	0.993102	6.53386e-18	0.993102	2.90172e-10	0.993101	1.93187e-12	2.71008e-10	5.29215e-05	0.993102	0.993101	0.738289	0.00245289	3.34476e-13	0.993102	1.25374e-13	6.86109e-17	7.23603e-05	0.993102	0.00334055	7.22756e-05	0.993101	1.37831e-20	0.102887	0.00245821	0.102886	0.00245821	1.18514	1.17196	0	
0.993102	0.993102	4.88905e-18	0.993102	2.17125e-10	0.993101	1.44555e-12	2.71052e-10	5.29083e-05	0.993102	0.993101	0.742599	0.0024529	2.50276e-13	0.993102	1.25305e-13	5.13391e-17	7.15047e-05	0.993102	0.00330363	7.14229e-05	0.993101	1.37827e-20	0.102903	0.0024582	0.102901	0.0024582	1.1852	1.17265	0	
0.993102	0.993102	3.6583e-18	0.993102	1.62467e-10	0.993101	1.08165e-12	2.71167e-10	5.28824e-05	0.993102	0.993101	0.747078	0.00245291	1.87272e-13	0.993102	1.25215e-13	3.84153e-17	7.06255e-05	0.993102	0.00326592	7.05461e-05	0.993101	1.37823e-20	0.102942	0.00245819	0.10294	0.00245819	1.18479	1.17249	0	
0.993102	0.993102	2.73737e-18	0.993102	1.21568e-10	0.993101	8.09359e-13	2.70703e-10	5.29709e-05	0.993102	0.993101	0.75015	0.00245291	1.40129e-13	0.993102	1.25404e-13	2.87449e-17	7.00206e-05	0.993102	0.00323377	6.99431e-05	0.993101	1.37821e-20	0.102784	0.00245818	0.102783	0.00245818	1.18489	1.17315	0	
0.993102	0.993102	2.04828e-18	0.993102	9.09649e-11	0.993101	6.05614e-13	2.70492e-10	5.30102e-05	0.993102	0.993101	0.753617	0.00245292	1.04853e-13	0.993102	1.25481e-13	2.15088e-17	6.93453e-05	0.993102	0.00320106	6.92693e-05	0.993101	1.37819e-20	0.102713	0.00245818	0.102711	0.00245818	1.18515	1.17402	0	
0.993102	0.993102	1.53265e-18	0.993102	6.80657e-11	0.993101	4.53159e-13	2.70681e-10	5.29718e-05	0.993102	0.993101	0.75774	0.00245292	7.8458e-14	0.993102	1.25378e-13	1.60944e-17	6.85477e-05	0.993102	0.00316705	6.84732e-05	0.993101	1.37818e-20	0.102777	0.00245817	0.102776	0.00245817	1.1849	1.17411	0	
0.993102	0.993102	1.14683e-18	0.993102	5.09311e-11	0.993101	3.39082e-13	2.70478e-10	5.30104e-05	0.993102	0.993101	0.760981	0.00245292	5.87073e-14	0.993102	1.25461e-13	1.20429e-17	6.79211e-05	0.993102	0.00313636	6.78478e-05	0.993101	1.37817e-20	0.102708	0.00245817	0.102707	0.00245817	1.18453	1.17406	0	
0.993102	0.993102	8.58128e-19	0.993102	3.81099e-11	0.993101	2.53723e-13	2.69832e-10	5.31373e-05	0.993102	0.993101	0.763319	0.00245292	4.39285e-14	0.993102	1.25754e-13	9.01137e-18	6.74689e-05	0.993102	0.0031086	6.73964e-05	0.993101	1.37816e-20	0.102488	0.00245817	0.102487	0.00245817	1.18537	1.17576	0	
0.993102	0.993102	6.42106e-19	0.993102	2.85162e-11	0.993101	1.89852e-13	2.70485e-10	5.3009e-05	0.993102	0.993101	0.767977	0.00245292	3.28701e-14	0.993102	1.25446e-13	6.74297e-18	6.65734e-05	0.993102	0.00307477	6.6502e-05	0.993101	1.37815e-20	0.102711	0.00245817	0.102709	0.00245817	1.18525	1.17601	0	
0.993102	0.993102	4.80465e-19	0.993102	2.13377e-11	0.993101	1.42059e-13	2.70821e-10	5.29426e-05	0.993102	0.993101	0.771873	0.00245292	2.45955e-14	0.993102	1.25285e-13	5.04561e-18	6.5824e-05	0.993102	0.00304412	6.57536e-05	0.993101	1.37815e-20	0.102825	0.00245817	0.102823	0.00245817	1.18569	1.17694	0	
0.993102	0.993102	3.59514e-19	0.993102	1.59662e-11	0.993101	1.06298e-13	2.71674e-10	5.27771e-05	0.993102	0.993101	0.776336	0.00245292	1.84039e-14	0.993102	1.24891e-13	3.77553e-18	6.49653e-05	0.993102	0.0030138	6.48961e-05	0.993101	1.37814e-20	0.103115	0.00245817	0.103114	0.00245817	1.18571	1.1774	0	
0.993102	0.993102	2.69011e-19	0.993102	1.19469e-11	0.993101	7.95386e-14	2.72332e-10	5.26497e-05	0.993102	0.993101	0.780414	0.00245293	1.3771e-14	0.993102	1.24587e-13	2.82518e-18	6.41801e-05	0.993102	0.00298465	6.41119e-05	0.993101	1.37814e-20	0.103339	0.00245816	0.103337	0.00245816	1.18558	1.17754	0	
0.993102	0.993102	2.01291e-19	0.993102	8.93945e-12	0.993101	5.95159e-14	2.72651e-10	5.25874e-05	0.993102	0.993101	0.783688	0.00245293	1.03043e-14	0.993102	1.24438e-13	2.11407e-18	6.35495e-05	0.993102	0.00295901	6.34821e-05	0.993101	1.37814e-20	0.103447	0.00245816	0.103445	0.00245816	1.18575	1.1781	0	
0.993102	0.993102	1.50619e-19	0.993102	6.68906e-12	0.993101	4.45336e-14	2.73123e-10	5.24962e-05	0.993102	0.993101	0.787027	0.00245293	7.71035e-15	0.993102	1.24221e-13	1.58196e-18	6.29053e-05	0.993102	0.00293422	6.28387e-05	0.993101	1.37814e-20	0.103607	0.00245816	0.103606	0.00245816	1.18528	1.17786	0	
0.993102	0.993102	1.12703e-19	0.993102	5.00518e-12	0.993101	3.33228e-14	2.72827e-10	5.25525e-05	0.993102	0.993101	0.789154	0.00245294	5.76937e-15	0.993102	1.24353e-13	1.18381e-18	6.24954e-05	0.993102	0.00291227	6.24294e-05	0.993101	1.37814e-20	0.103507	0.00245815	0.103505	0.00245815	1.18537	1.17827	0	
0.993102	0.993102	8.43313e-20	0.993102	3.7452e-12	0.993101	2.49343e-14	2.72738e-10	5.25693e-05	0.993102	0.993101	0.791389	0.00245294	4.31701e-15	0.993102	1.24392e-13	8.85889e-19	6.20638e-05	0.993102	0.00289142	6.19983e-05	0.993101	1.37814e-20	0.103476	0.00245815	0.103474	0.00245815	1.1852	1.17832	0	
0.993102	0.993102	6.31021e-20	0.993102	2.80239e-12	0.993101	1.86574e-14	2.72428e-10	5.26289e-05	0.993102	0.993101	0.793143	0.00245294	3.23026e-15	0.993102	1.24533e-13	6.62964e-19	6.17252e-05	0.993102	0.00287259	6.16602e-05	0.993101	1.37814e-20	0.103371	0.00245815	0.103369	0.00245815	1.18499	1.17836	0	
0.993102	0.993102	4.7217e-20	0.993102	2.09693e-12	0.993101	1.39607e-14	2.71914e-10	5.27285e-05	0.993102	0.993101	0.794521	0.00245294	2.41709e-15	0.993102	1.24768e-13	4.96157e-19	6.14591e-05	0.993102	0.00285499	6.13944e-05	0.993101	1.37814e-20	0.103196	0.00245815	0.103194	0.00245815	1.18488	1.17854	0	
0.993102	0.993102	3.53307e-20	0.993102	1.56906e-12	0.993101	1.04462e-14	2.71375e-10	5.28334e-05	0.993102	0.993101	0.795825	0.00245294	1.80862e-15	0.993102	1.25016e-13	3.71341e-19	6.12072e-05	0.993102	0.00283779	6.11427e-05	0.993101	1.37814e-20	0.103013	0.00245815	0.103011	0.00245815	1.18471	1.17861	0	
0.993102	0.993102	2.64367e-20	0.993102	1.17407e-12	0.993101	7.81655e-15	2.70752e-10	5.29554e-05	0.993102	0.993101	0.796915	0.00245294	1.35332e-15	0.993102	1.25305e-13	2.77946e-19	6.09966e-05	0.993102	0.00282164	6.09323e-05	0.993101	1.37814e-20	0.102801	0.00245815	0.102799	0.00245815	1.18446	1.17857	0	
0.993102	0.993102	1.97816e-20	0.993102	8.78512e-13	0.993101	5.84884e-15	2.69941e-10	5.31153e-05	0.993102	0.993101	0.79767	0.00245294	1.01264e-15	0.993102	1.25683e-13	2.08062e-19	6.0851e-05	0.993102	0.00280656	6.07868e-05	0.993101	1.37814e-20	0.102525	0.00245815	0.102523	0.00245815	1.18481	1.17923	0	
0.993102	0.993102	1.48019e-20	0.993102	6.57358e-13	0.993101	4.37647e-15	2.69814e-10	5.31395e-05	0.993102	0.993101	0.799255	0.00245293	7.57724e-16	0.993102	1.2574e-13	1.55769e-19	6.05437e-05	0.993102	0.0027911	6.04797e-05	0.993101	1.37813e-20	0.102482	0.00245816	0.10248	0.00245816	1.18509	1.17982	0	
0.993102	0.993102	1.10757e-20	0.993102	4.91877e-13	0.993101	3.27475e-15	2.701e-10	5.30829e-05	0.993102	0.993101	0.801346	0.00245293	5.66977e-16	0.993102	1.25606e-13	1.16639e-19	6.01375e-05	0.993102	0.00277526	6.00738e-05	0.993101	1.37813e-20	0.10258	0.00245816	0.102578	0.00245816	1.18484	1.17975	0	
0.993102	0.993102	8.28754e-21	0.993102	3.68054e-13	0.993101	2.45038e-15	2.69965e-10	5.3109e-05	0.993102	0.993101	0.802802	0.00245293	4.24248e-16	0.993102	1.25668e-13	8.73598e-20	5.98545e-05	0.993102	0.00276087	5.97912e-05	0.993101	1.37813e-20	0.102534	0.00245816	0.102532	0.00245816	1.18491	1.18006	0	
0.993102	0.993102	6.20127e-21	0.993102	2.75401e-13	0.993101	1.83353e-15	2.69965e-10	5.31086e-05	0.993102	0.993101	0.804373	0.00245293	3.1745e-16	0.993102	1.25667e-13	6.54507e-20	5.95488e-05	0.993102	0.0027468	5.94857e-05	0.993101	1.37813e-20	0.102534	0.00245817	0.102532	0.00245817	1.18533	1.18074	0	
0.993102	0.993102	4.64018e-21	0.993102	2.06073e-13	0.993101	1.37196e-15	2.70538e-10	5.29965e-05	0.993102	0.993101	0.806563	0.00245292	2.37536e-16	0.993102	1.25402e-13	4.90557e-20	5.91214e-05	0.993102	0.00273278	5.90587e-05	0.993101	1.37813e-20	0.102729	0.00245817	0.102728	0.00245817	1.18541	1.18103	0	
0.993102	0.993102	3.47208e-21	0.993102	1.54197e-13	0.993101	1.02659e-15	2.7107e-10	5.28927e-05	0.993102	0.993101	0.808622	0.00245292	1.7774e-16	0.993102	1.25156e-13	3.67875e-20	5.87188e-05	0.993102	0.00271946	5.86566e-05	0.993101	1.37813e-20	0.10291	0.00245817	0.102908	0.00245817	1.18533	1.18116	0	
0.993102	0.993102	2.59803e-21	0.993102	1.1538e-13	0.993101	7.6816e-16	2.71357e-10	5.28366e-05	0.993102	0.993101	0.810356	0.00245293	1.32996e-16	0.993102	1.25023e-13	2.76074e-20	5.83797e-05	0.993102	0.00270665	5.83179e-05	0.993101	1.37813e-20	0.103008	0.00245816	0.103006	0.00245816	1.18569	1.18174	0	
0.993102	0.993102	1.94401e-21	0.993102	8.63345e-14	0.993101	5.74786e-16	2.72074e-10	5.26979e-05	0.993102	0.993101	0.8125	0.00245293	9.95161e-17	0.993102	1.24695e-13	2.07374e-20	5.7959e-05	0.993102	0.00269418	5.78977e-05	0.993101	1.37813e-20	0.103252	0.00245816	0.10325	0.00245816	1.18569	1.18191	0	
0.993102	0.993102	1.45463e-21	0.993102	6.4601e-14	0.993101	4.30092e-16	2.72613e-10	5.25939e-05	0.993102	0.993101	0.814357	0.00245293	7.44642e-17	0.993102	1.24449e-13	1.55965e-20	5.75942e-05	0.993102	0.00268253	5.75333e-05	0.993101	1.37813e-20	0.103434	0.00245816	0.103433	0.00245816	1.18511	1.18144	0	
0.993102	0.993102	1.08845e-21	0.993102	4.83385e-14	0.993101	3.21822e-16	2.7222e-10	5.26696e-05	0.993102	0.993101	0.815067	0.00245294	5.57189e-17	0.993102	1.24628e-13	1.17505e-20	5.74551e-05	0.993102	0.00267234	5.73945e-05	0.993101	1.37813e-20	0.1033	0.00245816	0.103299	0.00245816	1.18501	1.18149	0	
0.993102	0.993102	8.14447e-22	0.993102	3.617e-14	0.993101	2.40808e-16	2.71786e-10	5.27535e-05	0.993102	0.993101	0.815668	0.00245294	4.16924e-17	0.993102	1.24826e-13	8.87264e-21	5.73375e-05	0.993102	0.00266273	5.7277e-05	0.993101	1.37813e-20	0.103153	0.00245815	0.103151	0.00245815	1.18525	1.18192	0	
0.993102	0.993102	6.09421e-22	0.993102	2.70647e-14	0.993101	1.80188e-16	2.71794e-10	5.27515e-05	0.993102	0.993101	0.816738	0.00245294	3.11969e-17	0.993102	1.24822e-13	6.71854e-21	5.71271e-05	0.993102	0.00265309	5.70668e-05	0.993101	1.37813e-20	0.103156	0.00245815	0.103154	0.00245815	1.18501	1.1818	0	
0.993102	0.993102	4.56007e-22	0.993102	2.02515e-14	0.993101	1.34828e-16	2.71473e-10	5.28137e-05	0.993102	0.993101	0.817371	0.00245294	2.33435e-17	0.993102	1.24969e-13	5.10689e-21	5.70027e-05	0.993102	0.00264426	5.69425e-05	0.993101	1.37813e-20	0.103047	0.00245815	0.103045	0.00245815	1.18484	1.18176	0	
0.993102	0.993102	3.41214e-22	0.993102	1.51535e-14	0.993101	1.00887e-16	2.70992e-10	5.29077e-05	0.993102	0.993101	0.817786	0.00245294	1.74671e-17	0.993102	1.25191e-13	3.90102e-21	5.69213e-05	0.993102	0.00263586	5.68612e-05	0.993101	1.37813e-20	0.102883	0.00245815	0.102881	0.00245815	1.18503	1.1821	0	
0.993102	0.993102	2.55318e-22	0.993102	1.13388e-14	0.993101	7.54899e-17	2.70889e-10	5.29274e-05	0.993102	0.993101	0.818586	0.00245294	1.307e-17	0.993102	1.25238e-13	2.99816e-21	5.67637e-05	0.993102	0.0026276	5.67038e-05	0.993101	1.37813e-20	0.102848	0.00245816	0.102846	0.00245816	1.18456	1.18174	0	
0.993102	0.993102	1.91045e-22	0.993102	8.4844e-15	0.993101	5.64863e-17	2.70185e-10	5.30661e-05	0.993102	0.993101	0.818663	0.00245293	9.7798e-18	0.993102	1.25566e-13	2.32317e-21	5.67491e-05	0.993102	0.00262012	5.66891e-05	0.993101	1.37813e-20	0.102608	0.00245816	0.102607	0.00245816	1.18447	1.18177	0	
0.993102	0.993102	1.42952e-22	0.993102	6.34857e-15	0.993101	4.22666e-17	2.69538e-10	5.31939e-05	0.993102	0.993101	0.818768	0.00245293	7.31787e-18	0.993102	1.25869e-13	1.81804e-21	5.67288e-05	0.993102	0.00261293	5.66688e-05	0.993101	1.37813e-20	0.102388	0.00245816	0.102386	0.00245816	1.18444	1.18187	0	
0.993102	0.993102	1.06966e-22	0.993102	4.7504e-15	0.993101	3.16266e-17	2.69012e-10	5.32979e-05	0.993102	0.993101	0.818988	0.00245293	5.47569e-18	0.993102	1.26115e-13	1.43992e-21	5.66856e-05	0.993102	0.00260586	5.66256e-05	0.993101	1.37813e-20	0.102209	0.00245816	0.102207	0.00245816	1.18443	1.18197	0	
0.993102	0.993102	8.00386e-23	0.993102	3.55455e-15	0.993101	2.3665e-17	2.68602e-10	5.33792e-05	0.993102	0.993101	0.8193	0.00245292	4.09726e-18	0.993102	1.26307e-13	1.15682e-21	5.66245e-05	0.993102	0.0025991	5.65644e-05	0.993101	1.37813e-20	0.102069	0.00245817	0.102068	0.00245817	1.18426	1.18191	0	
0.993102	0.993102	5.989e-23	0.993102	2.65974e-15	0.993101	1.77077e-17	2.68065e-10	5.34861e-05	0.993102	0.993101	0.819438	0.00245292	3.06583e-18	0.993102	1.2656e-13	9.45092e-22	5.65977e-05	0.993102	0.00259269	5.65375e-05	0.993101	1.37813e-20	0.101887	0.00245817	0.101885	0.00245817	1.18463	1.18241	0	
0.993102	0.993102	4.48135e-23	0.993102	1.99019e-15	0.993101	1.325e-17	2.68166e-10	5.34654e-05	0.993102	0.993101	0.82026	0.00245292	2.29405e-18	0.993102	1.26511e-13	7.8587e-22	5.64354e-05	0.993102	0.00258622	5.63754e-05	0.993101	1.37813e-20	0.101922	0.00245818	0.10192	0.00245818	1.18427	1.18213	0	
0.993102	0.993102	3.35323e-23	0.993102	1.48919e-15	0.993101	9.91451e-18	2.67752e-10	5.3548e-05	0.993102	0.993101	0.820484	0.00245291	1.71655e-18	0.993102	1.26707e-13	6.67162e-22	5.63914e-05	0.993102	0.00258023	5.63314e-05	0.993101	1.37813e-20	0.101781	0.00245818	0.101779	0.00245818	1.1844	1.18236	0	
0.993102	0.993102	2.5091e-23	0.993102	1.1143e-15	0.993101	7.41866e-18	2.67619e-10	5.35744e-05	0.993102	0.993101	0.820979	0.00245291	1.28444e-18	0.993102	1.26769e-13	5.77976e-22	5.62938e-05	0.993102	0.00257449	5.62338e-05	0.993101	1.37813e-20	0.101735	0.00245818	0.101734	0.00245818	1.18364	1.18167	0	
0.993102	0.993102	1.87747e-23	0.993102	8.33792e-16	0.993101	5.55112e-18	2.665e-10	5.38018e-05	0.993102	0.993101	0.820355	0.00245291	9.61096e-19	0.993102	1.27307e-13	5.1234e-22	5.64174e-05	0.993102	0.00256929	5.63571e-05	0.993101	1.37813e-20	0.101353	0.00245819	0.101351	0.00245819	1.18377	1.18189	0	
0.993102	0.993102	1.40484e-23	0.993102	6.23897e-16	0.993101	4.1537e-18	2.65832e-10	5.39371e-05	0.993102	0.993101	0.820209	0.0024529	7.19153e-19	0.993102	1.27627e-13	4.62872e-22	5.64466e-05	0.993102	0.00256418	5.63862e-05	0.993101	1.37813e-20	0.101125	0.00245819	0.101124	0.00245819	1.18378	1.182	0	
0.993102	0.993102	1.05119e-23	0.993102	4.66839e-16	0.993101	3.10806e-18	2.65356e-10	5.40332e-05	0.993102	0.993101	0.820251	0.0024529	5.38116e-19	0.993102	1.27855e-13	4.25692e-22	5.64388e-05	0.993102	0.00255926	5.63783e-05	0.993101	1.37813e-20	0.100963	0.0024582	0.100962	0.0024582	1.18376	1.18205	0	
0.993102	0.993102	7.86568e-24	0.993102	3.49319e-16	0.993101	2.32565e-18	2.64974e-10	5.41106e-05	0.993102	0.993101	0.820363	0.00245289	4.02653e-19	0.993102	1.28038e-13	3.97781e-22	5.64171e-05	0.993102	0.0025546	5.63565e-05	0.993101	1.37813e-20	0.100833	0.0024582	0.100831	0.0024582	1.18383	1.18219	0	
0.993102	0.993102	5.8856e-24	0.993102	2.61382e-16	0.993101	1.7402e-18	2.64769e-10	5.41518e-05	0.993102	0.993101	0.820647	0.00245289	3.0129e-19	0.993102	1.28135e-13	3.76676e-22	5.63612e-05	0.993102	0.00255011	5.63006e-05	0.993101	1.37813e-20	0.100764	0.00245821	0.100762	0.00245821	1.18369	1.18213	0	
0.993102	0.993102	4.40398e-24	0.993102	1.95583e-16	0.993101	1.30213e-18	2.6444e-10	5.4219e-05	0.993102	0.993101	0.82077	0.00245288	2.25445e-19	0.993102	1.28294e-13	3.60982e-22	5.63371e-05	0.993102	0.00254586	5.62765e-05	0.993101	1.37813e-20	0.100651	0.00245821	0.10065	0.00245821	1.18349	1.18199	0	
0.993102	0.993102	3.29534e-24	0.993102	1.46348e-16	0.993101	9.7434e-19	2.63919e-10	5.43262e-05	0.993102	0.993101	0.820654	0.00245288	1.68692e-19	0.993102	1.28548e-13	3.49469e-22	5.63603e-05	0.993102	0.00254189	5.62995e-05	0.993101	1.37813e-20	0.100473	0.00245821	0.100472	0.00245821	1.1835	1.18207	0	
0.993102	0.993102	2.46578e-24	0.993102	1.09507e-16	0.993101	7.29065e-19	2.63547e-10	5.44027e-05	0.993102	0.993101	0.820682	0.00245287	1.26226e-19	0.993102	1.28729e-13	3.40728e-22	5.63552e-05	0.993102	0.00253808	5.62943e-05	0.993101	1.37813e-20	0.100346	0.00245822	0.100345	0.00245822	1.18305	1.18167	0	
0.993102	0.993102	1.84505e-24	0.993102	8.19398e-17	0.993101	5.45534e-19	2.62674e-10	5.45847e-05	0.993102	0.993101	0.820127	0.00245287	9.44504e-20	0.993102	1.2916e-13	3.34824e-22	5.64652e-05	0.993102	0.00253457	5.64041e-05	0.993101	1.37813e-20	0.100048	0.00245822	0.100046	0.00245822	1.18353	1.18222	0	
0.993102	0.993102	1.38059e-24	0.993102	6.13125e-17	0.993101	4.08205e-19	2.62651e-10	5.45887e-05	0.993102	0.993101	0.820501	0.00245286	7.06738e-20	0.993102	1.29169e-13	3.29534e-22	5.63916e-05	0.993102	0.00253105	5.63305e-05	0.993101	1.37813e-20	0.10004	0.00245823	0.100039	0.00245823	1.18328	1.18202	0	
0.993102	0.993102	1.03304e-24	0.993102	4.58779e-17	0.993101	3.05447e-19	2.62307e-10	5.466e-05	0.993102	0.993101	0.820494	0.00245286	5.28826e-20	0.993102	1.29338e-13	3.25892e-22	5.63932e-05	0.993102	0.00252782	5.6332e-05	0.993101	1.37813e-20	0.0999228	0.00245823	0.0999211	0.00245823	1.18304	1.18183	0	
0.993102	0.993102	7.72988e-25	0.993102	3.43288e-17	0.993101	2.28556e-19	2.6174e-10	5.47786e-05	0.993102	0.993101	0.82022	0.00245286	3.95701e-20	0.993102	1.29619e-13	3.23464e-22	5.64476e-05	0.993102	0.00252478	5.63862e-05	0.993101	1.37813e-20	0.0997288	0.00245824	0.0997271	0.00245824	1.18281	1.18164	0	
0.993102	0.993102	5.78399e-25	0.993102	2.5687e-17	0.993101	1.71022e-19	2.61015e-10	5.49314e-05	0.993102	0.993101	0.819749	0.00245285	2.96089e-20	0.993102	1.2998e-13	3.21942e-22	5.6541e-05	0.993102	0.00252193	5.64794e-05	0.993101	1.37813e-20	0.0994804	0.00245824	0.0994787	0.00245824	1.18294	1.18182	0	
0.993102	0.993102	4.32795e-25	0.993102	1.92206e-17	0.993101	1.27971e-19	2.60638e-10	5.50105e-05	0.993102	0.993101	0.819654	0.00245285	2.21552e-20	0.993102	1.30167e-13	3.20518e-22	5.65601e-05	0.993102	0.00251914	5.64984e-05	0.993101	1.37813e-20	0.0993514	0.00245824	0.0993497	0.00245824	1.18303	1.18196	0	
0.993102	0.993102	3.23845e-25	0.993102	1.43821e-17	0.993101	9.57581e-20	2.60473e-10	5.50446e-05	0.993102	0.993101	0.819784	0.00245284	1.6578e-20	0.993102	1.30248e-13	3.19232e-22	5.65349e-05	0.993102	0.00251644	5.64731e-05	0.993101	1.37813e-20	0.0992955	0.00245825	0.0992938	0.00245825	1.18301	1.18199	0	
0.993102	0.993102	2.42321e-25	0.993102	1.07616e-17	0.993101	7.1654e-20	2.60327e-10	5.50751e-05	0.993102	0.993101	0.81992	0.00245284	1.24047e-20	0.993102	1.3032e-13	3.18226e-22	5.65083e-05	0.993102	0.00251385	5.64464e-05	0.993101	1.37813e-20	0.0992456	0.00245825	0.0992439	0.00245825	1.18307	1.18209	0	
0.993102	0.993102	1.8132e-25	0.993102	8.05252e-18	0.993101	5.36178e-20	2.60299e-10	5.50805e-05	0.993102	0.993101	0.820174	0.00245283	9.28197e-21	0.993102	1.30333e-13	3.17305e-22	5.64583e-05	0.993102	0.00251137	5.63963e-05	0.993101	1.37813e-20	0.0992365	0.00245826	0.0992348	0.00245826	1.18283	1.18188	0	
0.993102	0.993102	1.35675e-25	0.993102	6.0254e-18	0.993101	4.0122e-20	2.59957e-10	5.51532e-05	0.993102	0.993101	0.820063	0.00245283	6.94536e-21	0.993102	1.30505e-13	3.1695e-22	5.64805e-05	0.993102	0.00250905	5.64185e-05	0.993101	1.37813e-20	0.099119	0.00245826	0.0991173	0.00245826	1.18287	1.18197	0	
0.993102	0.993102	1.01521e-25	0.993102	4.50859e-18	0.993101	3.00236e-20	2.59758e-10	5.51952e-05	0.993102	0.993101	0.820102	0.00245283	5.19696e-21	0.993102	1.30604e-13	3.16548e-22	5.64729e-05	0.993102	0.0025068	5.64109e-05	0.993101	1.37813e-20	0.099051	0.00245826	0.0990493	0.00245826	1.18246	1.18159	0	
0.993102	0.993102	7.59644e-26	0.993102	3.37361e-18	0.993101	2.24674e-20	2.59078e-10	5.53409e-05	0.993102	0.993101	0.819587	0.00245283	3.8887e-21	0.993102	1.30949e-13	3.16849e-22	5.65749e-05	0.993102	0.00250472	5.65127e-05	0.993101	1.37813e-20	0.0988176	0.00245827	0.0988159	0.00245827	1.18215	1.18131	0	
0.993102	0.993102	5.68414e-26	0.993102	2.52435e-18	0.993101	1.68133e-20	2.58171e-10	5.55369e-05	0.993102	0.993101	0.818795	0.00245282	2.90977e-21	0.993102	1.31413e-13	3.1752e-22	5.67312e-05	0.993102	0.00250279	5.66687e-05	0.993101	1.37813e-20	0.098506	0.00245827	0.0985044	0.00245827	1.18271	1.18191	0	
0.993102	0.993102	4.25323e-26	0.993102	1.88888e-18	0.993101	1.25825e-20	2.5821e-10	5.55275e-05	0.993102	0.993101	0.819075	0.00245282	2.17728e-21	0.993102	1.31391e-13	3.17063e-22	5.66765e-05	0.993102	0.00250077	5.6614e-05	0.993101	1.37813e-20	0.0985201	0.00245827	0.0985184	0.00245827	1.18301	1.18225	0	
0.993102	0.993102	3.18254e-26	0.993102	1.41338e-18	0.993101	9.4168e-21	2.58632e-10	5.54369e-05	0.993102	0.993101	0.819766	0.00245281	1.62918e-21	0.993102	1.31176e-13	3.16188e-22	5.65402e-05	0.993102	0.00249881	5.64777e-05	0.993101	1.37813e-20	0.0986652	0.00245828	0.0986635	0.00245828	1.18266	1.18194	0	
0.993102	0.993102	2.38138e-26	0.993102	1.05758e-18	0.993101	7.04801e-21	2.58497e-10	5.54653e-05	0.993102	0.993101	0.81983	0.00245281	1.21905e-21	0.993102	1.31243e-13	3.16033e-22	5.65277e-05	0.993102	0.00249698	5.64652e-05	0.993101	1.37813e-20	0.0986191	0.00245828	0.0986174	0.00245828	1.18289	1.18219	0	
0.993102	0.993102	1.7819e-26	0.993102	7.9135e-19	0.993101	5.27552e-21	2.58691e-10	5.54233e-05	0.993102	0.993101	0.820245	0.00245281	9.12173e-22	0.993102	1.31144e-13	3.15512e-22	5.64457e-05	0.993102	0.00249525	5.63833e-05	0.993101	1.37813e-20	0.0986859	0.00245828	0.0986842	0.00245828	1.18303	1.18236	0	
0.993102	0.993102	1.33333e-26	0.993102	5.92138e-19	0.993101	3.94922e-21	2.59016e-10	5.53536e-05	0.993102	0.993101	0.8208	0.00245281	6.82546e-22	0.993102	1.30979e-13	3.14852e-22	5.6336e-05	0.993102	0.00249353	5.62737e-05	0.993101	1.37813e-20	0.0987978	0.00245828	0.0987961	0.00245828	1.18306	1.18242	0	
0.993102	0.993102	9.97683e-27	0.993102	4.43075e-19	0.993101	2.95679e-21	2.59303e-10	5.52922e-05	0.993102	0.993101	0.821303	0.00245281	5.10724e-22	0.993102	1.30834e-13	3.14261e-22	5.62364e-05	0.993102	0.00249188	5.61742e-05	0.993101	1.37813e-20	0.0988963	0.00245828	0.0988946	0.00245828	1.18321	1.1826	0	
0.993102	0.993102	7.46531e-27	0.993102	3.31537e-19	0.993101	2.21419e-21	2.59715e-10	5.52047e-05	0.993102	0.993101	0.821932	0.00245281	3.82156e-22	0.993102	1.30627e-13	3.13538e-22	5.61118e-05	0.993102	0.0024903	5.60498e-05	0.993101	1.37813e-20	0.0990375	0.00245828	0.0990358	0.00245828	1.18315	1.18257	0	
0.993102	0.993102	5.58602e-27	0.993102	2.48077e-19	0.993101	1.65853e-21	2.59941e-10	5.51563e-05	0.993102	0.993101	0.822351	0.00245281	2.85954e-22	0.993102	1.30512e-13	3.13055e-22	5.60287e-05	0.993102	0.0024888	5.59668e-05	0.993101	1.37813e-20	0.0991153	0.00245828	0.0991136	0.00245828	1.18303	1.18246	0	
0.993102	0.993102	4.17982e-27	0.993102	1.85627e-19	0.993101	1.24275e-21	2.59948e-10	5.51547e-05	0.993102	0.993101	0.822522	0.00245281	2.13969e-22	0.993102	1.30509e-13	3.12851e-22	5.59949e-05	0.993102	0.00248738	5.5933e-05	0.993101	1.37813e-20	0.0991173	0.00245828	0.0991156	0.00245828	1.18232	1.18178	0	
0.993102	0.993102	3.12761e-27	0.993102	1.38898e-19	0.993101	9.31698e-22	2.59031e-10	5.53517e-05	0.993102	0.993101	0.821662	0.00245282	1.60105e-22	0.993102	1.30975e-13	3.1379e-22	5.61648e-05	0.993102	0.00248607	5.61028e-05	0.993101	1.37813e-20	0.0988023	0.00245828	0.0988006	0.00245828	1.18266	1.18215	0	
0.993102	0.993102	2.34028e-27	0.993102	1.03932e-19	0.993101	6.9892e-22	2.58793e-10	5.54021e-05	0.993102	0.993101	0.82155	0.00245281	1.19801e-22	0.993102	1.31094e-13	3.13906e-22	5.61872e-05	0.993102	0.0024848	5.61251e-05	0.993101	1.37813e-20	0.0987207	0.00245828	0.098719	0.00245828	1.18265	1.18215	0	
0.993102	0.993102	1.75115e-27	0.993102	7.77688e-20	0.993101	5.24743e-22	2.58601e-10	5.54429e-05	0.993102	0.993101	0.82148	0.00245281	8.96425e-23	0.993102	1.31191e-13	3.13979e-22	5.62013e-05	0.993102	0.0024836	5.61392e-05	0.993101	1.37813e-20	0.0986547	0.00245828	0.098653	0.00245828	1.18297	1.1825	0	
0.993102	0.993102	1.31033e-27	0.993102	5.81915e-20	0.993101	3.94389e-22	2.58869e-10	5.53852e-05	0.993102	0.993101	0.821916	0.00245281	6.70762e-23	0.993102	1.31054e-13	3.13492e-22	5.61151e-05	0.993102	0.00248236	5.6053e-05	0.993101	1.37813e-20	0.098747	0.00245828	0.0987453	0.00245828	1.18298	1.18253	0	
0.993102	0.993102	9.80474e-28	0.993102	4.35426e-20	0.993101	2.9685e-22	2.59085e-10	5.53387e-05	0.993102	0.993101	0.822285	0.00245281	5.01907e-23	0.993102	1.30944e-13	3.13081e-22	5.60421e-05	0.993102	0.00248122	5.59801e-05	0.993101	1.37813e-20	0.0988214	0.00245828	0.0988197	0.00245828	1.18279	1.18235	0	
0.993102	0.993102	7.33657e-28	0.993102	3.25813e-20	0.993101	2.23878e-22	2.58995e-10	5.53577e-05	0.993102	0.993101	0.822312	0.00245281	3.75559e-23	0.993102	1.30989e-13	3.13048e-22	5.60368e-05	0.993102	0.00248013	5.59748e-05	0.993101	1.37813e-20	0.0987904	0.00245828	0.0987887	0.00245828	1.18272	1.1823	0	
0.993102	0.993102	5.48973e-28	0.993102	2.43794e-20	0.993101	1.69281e-22	2.58835e-10	5.53917e-05	0.993102	0.993101	0.822257	0.00245281	2.81017e-23	0.993102	1.31069e-13	3.13107e-22	5.60477e-05	0.993102	0.0024791	5.59857e-05	0.993101	1.37813e-20	0.0987355	0.00245828	0.0987338	0.00245828	1.1823	1.1819	0	
0.993102	0.993102	4.10781e-28	0.993102	1.82422e-20	0.993101	1.28458e-22	2.58175e-10	5.55342e-05	0.993102	0.993101	0.82164	0.00245281	2.10275e-23	0.993102	1.31407e-13	3.13788e-22	5.61698e-05	0.993102	0.00247813	5.61076e-05	0.993101	1.37813e-20	0.0985086	0.00245828	0.0985069	0.00245828	1.18252	1.18214	0	
0.993102	0.993102	3.07377e-28	0.993102	1.365e-20	0.993101	9.78956e-23	2.57965e-10	5.55792e-05	0.993102	0.993101	0.82152	0.00245281	1.57341e-23	0.993102	1.31513e-13	3.1392e-22	5.61938e-05	0.993102	0.00247718	5.61315e-05	0.993101	1.37813e-20	0.0984365	0.00245828	0.0984348	0.00245828	1.18225	1.18188	0	
0.993102	0.993102	2.30003e-28	0.993102	1.02138e-20	0.993101	7.50461e-23	2.5746e-10	5.56884e-05	0.993102	0.993101	0.821066	0.00245281	1.17732e-23	0.993102	1.31772e-13	3.14422e-22	5.62837e-05	0.993102	0.00247628	5.62214e-05	0.993101	1.37813e-20	0.0982631	0.00245829	0.0982614	0.00245829	1.18245	1.1821	0	
0.993102	0.993102	1.72107e-28	0.993102	7.64262e-21	0.993101	5.79342e-23	2.57346e-10	5.57128e-05	0.993102	0.993101	0.821042	0.0024528	8.80949e-24	0.993102	1.31829e-13	3.14448e-22	5.62888e-05	0.993102	0.00247541	5.62263e-05	0.993101	1.37813e-20	0.0982241	0.00245829	0.0982224	0.00245829	1.18205	1.18172	0	
0.993102	0.993102	1.28786e-28	0.993102	5.71869e-21	0.993101	4.51586e-23	2.56744e-10	5.5844e-05	0.993102	0.993101	0.820468	0.0024528	6.59182e-24	0.993102	1.3214e-13	3.15081e-22	5.64023e-05	0.993102	0.00247458	5.63397e-05	0.993101	1.37813e-20	0.0980171	0.00245829	0.0980154	0.00245829	1.1821	1.18177	0	
0.993102	0.993102	9.63699e-29	0.993102	4.27909e-21	0.993101	3.55959e-23	2.56352e-10	5.59292e-05	0.993102	0.993101	0.820125	0.0024528	4.93242e-24	0.993102	1.32341e-13	3.15461e-22	5.64705e-05	0.993102	0.00247379	5.64077e-05	0.993101	1.37813e-20	0.0978826	0.00245829	0.097881	0.00245829	1.18192	1.18162	0	
0.993102	0.993102	7.21144e-29	0.993102	3.20189e-21	0.993101	2.84529e-23	2.55837e-10	5.6042e-05	0.993102	0.993101	0.819637	0.00245279	3.69075e-24	0.993102	1.32608e-13	3.15999e-22	5.65671e-05	0.993102	0.00247303	5.65041e-05	0.993101	1.37813e-20	0.0977056	0.0024583	0.0977039	0.0024583	1.18251	1.18222	0	
0.993102	0.993102	5.39648e-29	0.993102	2.39585e-21	0.993101	2.30658e-23	2.56211e-10	5.596e-05	0.993102	0.993101	0.82014	0.00245279	2.76165e-24	0.993102	1.32414e-13	3.15445e-22	5.6468e-05	0.993102	0.0024723	5.64051e-05	0.993101	1.37813e-20	0.0978346	0.0024583	0.097833	0.0024583	1.18214	1.18185	0	
0.993102	0.993102	4.03842e-29	0.993102	1.79273e-21	0.993101	1.90616e-23	2.56007e-10	5.60044e-05	0.993102	0.993101	0.819993	0.00245279	2.06644e-24	0.993102	1.32519e-13	3.15608e-22	5.64973e-05	0.993102	0.00247162	5.64342e-05	0.993101	1.37813e-20	0.0977644	0.0024583	0.0977628	0.0024583	1.18232	1.18205	0	
0.993102	0.993102	3.02222e-29	0.993102	1.34143e-21	0.993101	1.60521e-23	2.56092e-10	5.59854e-05	0.993102	0.993101	0.820166	0.00245279	1.54625e-24	0.993102	1.32474e-13	3.15417e-22	5.64633e-05	0.993102	0.00247097	5.64002e-05	0.993101	1.37813e-20	0.097794	0.00245831	0.0977923	0.00245831	1.18199	1.18173	0	
0.993102	0.993102	2.26185e-29	0.993102	1.00375e-21	0.993101	1.38242e-23	2.55728e-10	5.60652e-05	0.993102	0.993101	0.81983	0.00245278	1.157e-24	0.993102	1.32663e-13	3.15788e-22	5.65297e-05	0.993102	0.00247035	5.64666e-05	0.993101	1.37813e-20	0.0976686	0.00245831	0.0976669	0.00245831	1.18198	1.18173	0	
0.993102	0.993102	1.69289e-29	0.993102	7.51067e-22	0.993101	1.2158e-23	2.5544e-10	5.61283e-05	0.993102	0.993101	0.819577	0.00245278	8.6574e-25	0.993102	1.32812e-13	3.16067e-22	5.65798e-05	0.993102	0.00246976	5.65165e-05	0.993101	1.37813e-20	0.0975696	0.00245831	0.097568	0.00245831	1.18209	1.18185	0	
0.993102	0.993102	1.26715e-29	0.993102	5.61996e-22	0.993101	1.09031e-23	2.55369e-10	5.61435e-05	0.993102	0.993101	0.819567	0.00245278	6.47802e-25	0.993102	1.32848e-13	3.16079e-22	5.65821e-05	0.993102	0.00246919	5.65187e-05	0.993101	1.37813e-20	0.0975456	0.00245831	0.0975439	0.00245831	1.18198	1.18174	0	
0.993102	0.993102	9.48595e-30	0.993102	4.20521e-22	0.993101	9.97236e-24	2.5517e-10	5.61872e-05	0.993102	0.993101	0.819407	0.00245278	4.84727e-25	0.993102	1.32952e-13	3.16256e-22	5.66138e-05	0.993102	0.00246864	5.65504e-05	0.993101	1.37813e-20	0.0974771	0.00245831	0.0974754	0.00245831	1.18158	1.18135	0	
0.993102	0.993102	7.10236e-30	0.993102	3.14661e-22	0.993101	9.30512e-24	2.54511e-10	5.63336e-05	0.993102	0.993101	0.818718	0.00245278	3.62703e-25	0.993102	1.33298e-13	3.17016e-22	5.67499e-05	0.993102	0.00246815	5.66863e-05	0.993101	1.37813e-20	0.09725	0.00245832	0.0972484	0.00245832	1.18103	1.18081	0	
0.993102	0.993102	5.3189e-30	0.993102	2.35449e-22	0.993101	8.84649e-24	2.53328e-10	5.65999e-05	0.993102	0.993101	0.817411	0.00245277	2.71398e-25	0.993102	1.33928e-13	3.18453e-22	5.70074e-05	0.993102	0.00246768	5.69435e-05	0.993101	1.37813e-20	0.0968419	0.00245832	0.0968403	0.00245832	1.18104	1.18083	0	
0.993102	0.993102	3.9844e-30	0.993102	1.76178e-22	0.993101	8.50301e-24	2.52449e-10	5.6798e-05	0.993102	0.993101	0.816452	0.00245277	2.03077e-25	0.993102	1.34397e-13	3.19508e-22	5.71965e-05	0.993102	0.00246723	5.71322e-05	0.993101	1.37813e-20	0.0965385	0.00245832	0.0965369	0.00245832	1.18102	1.18082	0	
0.993102	0.993102	2.98585e-30	0.993102	1.31828e-22	0.993101	8.24736e-24	2.51767e-10	5.69515e-05	0.993102	0.993101	0.81572	0.00245276	1.51955e-25	0.993102	1.3476e-13	3.20315e-22	5.73413e-05	0.993102	0.00246679	5.72766e-05	0.993101	1.37813e-20	0.0963037	0.00245833	0.096302	0.00245833	1.18052	1.18033	0	
0.993102	0.993102	2.23875e-30	0.993102	9.86418e-23	0.993101	8.09396e-24	2.50635e-10	5.72109e-05	0.993102	0.993101	0.814442	0.00245275	1.13702e-25	0.993102	1.35374e-13	3.21719e-22	5.75928e-05	0.993102	0.00246637	5.75278e-05	0.993101	1.37813e-20	0.0959125	0.00245834	0.0959109	0.00245834	1.18088	1.1807	0	
0.993102	0.993102	1.67967e-30	0.993102	7.38101e-23	0.993101	7.95152e-24	2.5024e-10	5.72997e-05	0.993102	0.993101	0.814038	0.00245274	8.50794e-26	0.993102	1.35584e-13	3.22164e-22	5.7673e-05	0.993102	0.00246596	5.76076e-05	0.993101	1.37813e-20	0.0957767	0.00245835	0.0957751	0.00245835	1.18063	1.18045	0	
0.993102	0.993102	1.26137e-30	0.993102	5.52294e-23	0.993101	7.86448e-24	2.49623e-10	5.74407e-05	0.993102	0.993101	0.813364	0.00245274	6.36618e-26	0.993102	1.35918e-13	3.22905e-22	5.78059e-05	0.993102	0.00246556	5.77402e-05	0.993101	1.37813e-20	0.0955641	0.00245835	0.0955624	0.00245835	1.18002	1.17985	0	
0.993102	0.993102	9.48484e-31	0.993102	4.13261e-23	0.993101	7.8465e-24	2.48407e-10	5.77244e-05	0.993102	0.993101	0.811954	0.00245273	4.76358e-26	0.993102	1.36589e-13	3.2445e-22	5.80828e-05	0.993102	0.00246518	5.80166e-05	0.993101	1.37813e-20	0.0951434	0.00245836	0.0951418	0.00245836	1.1797	1.17953	0	
0.993102	0.993102	7.14423e-31	0.993102	3.09228e-23	0.993101	7.85824e-24	2.47106e-10	5.80311e-05	0.993102	0.993101	0.810422	0.00245272	3.56442e-26	0.993102	1.37315e-13	3.26125e-22	5.83832e-05	0.993102	0.00246482	5.83164e-05	0.993101	1.37813e-20	0.0946927	0.00245837	0.0946911	0.00245837	1.18019	1.18003	0	
0.993102	0.993102	5.39191e-31	0.993102	2.31384e-23	0.993101	7.82814e-24	2.4674e-10	5.81148e-05	0.993102	0.993101	0.810039	0.00245271	2.66712e-26	0.993102	1.37513e-13	3.26548e-22	5.84593e-05	0.993102	0.00246445	5.83922e-05	0.993101	1.37813e-20	0.0945668	0.00245838	0.0945652	0.00245838	1.18019	1.18004	0	
0.993102	0.993102	4.08073e-31	0.993102	1.73136e-23	0.993101	7.806e-24	2.4646e-10	5.81788e-05	0.993102	0.993101	0.809754	0.0024527	1.99571e-26	0.993102	1.37665e-13	3.26862e-22	5.85159e-05	0.993102	0.00246411	5.84486e-05	0.993101	1.37813e-20	0.0944706	0.00245839	0.094469	0.00245839	1.18006	1.17991	0	
0.993102	0.993102	3.09985e-31	0.993102	1.29552e-23	0.993101	7.79934e-24	2.46094e-10	5.82641e-05	0.993102	0.993101	0.809356	0.00245269	1.49332e-26	0.993102	1.37866e-13	3.27298e-22	5.85945e-05	0.993102	0.00246379	5.85269e-05	0.993101	1.37813e-20	0.0943443	0.0024584	0.0943427	0.0024584	1.18017	1.18003	0	
0.993102	0.993102	2.3657e-31	0.993102	9.69388e-24	0.993101	7.78587e-24	2.45954e-10	5.82959e-05	0.993102	0.993101	0.80923	0.00245269	1.1174e-26	0.993102	1.37942e-13	3.27438e-22	5.86197e-05	0.993102	0.00246349	5.85519e-05	0.993101	1.37813e-20	0.0942964	0.0024584	0.0942948	0.0024584	1.18015	1.18001	0	
0.993102	0.993102	1.81639e-31	0.993102	7.25358e-24	0.993101	7.77725e-24	2.45826e-10	5.83252e-05	0.993102	0.993101	0.809116	0.00245268	8.36108e-27	0.993102	1.38011e-13	3.27564e-22	5.86425e-05	0.993102	0.0024632	5.85746e-05	0.993101	1.37813e-20	0.0942526	0.00245841	0.0942509	0.00245841	1.17963	1.17949	0	
0.993102	0.993102	1.40635e-31	0.993102	5.42759e-24	0.993101	7.81224e-24	2.45084e-10	5.85025e-05	0.993102	0.993101	0.808238	0.00245268	6.25629e-27	0.993102	1.38431e-13	3.28523e-22	5.88144e-05	0.993102	0.00246292	5.87461e-05	0.993101	1.37813e-20	0.0939954	0.00245841	0.0939937	0.00245841	1.17993	1.1798	0	
0.993102	0.993102	1.09896e-31	0.993102	4.06127e-24	0.993101	7.81441e-24	2.44901e-10	5.85454e-05	0.993102	0.993101	0.808052	0.00245267	4.68136e-27	0.993102	1.38532e-13	3.28728e-22	5.88514e-05	0.993102	0.00246266	5.8783e-05	0.993101	1.37813e-20	0.0939322	0.00245842	0.0939306	0.00245842	1.18008	1.17995	0	
0.993102	0.993102	8.68673e-32	0.993102	3.0389e-24	0.993101	7.8045e-24	2.44945e-10	5.85341e-05	0.993102	0.993101	0.808142	0.00245267	3.5029e-27	0.993102	1.38506e-13	3.28631e-22	5.88342e-05	0.993102	0.0024624	5.87657e-05	0.993101	1.37813e-20	0.0939479	0.00245842	0.0939463	0.00245842	1.17973	1.17961	0	
0.993102	0.993102	6.9701e-32	0.993102	2.2739e-24	0.993101	7.82449e-24	2.4455e-10	5.86285e-05	0.993102	0.993101	0.807684	0.00245266	2.62109e-27	0.993102	1.38729e-13	3.29131e-22	5.89239e-05	0.993102	0.00246218	5.88552e-05	0.993101	1.37813e-20	0.0938111	0.00245843	0.0938095	0.00245843	1.18032	1.1802	0	
0.993102	0.993102	5.6747e-32	0.993102	1.70147e-24	0.993101	7.79336e-24	2.44979e-10	5.85259e-05	0.993102	0.993101	0.808238	0.00245266	1.96127e-27	0.993102	1.38486e-13	3.28526e-22	5.88158e-05	0.993102	0.00246196	5.87472e-05	0.993101	1.37813e-20	0.0939602	0.00245843	0.0939586	0.00245843	1.18046	1.18035	0	
0.993102	0.993102	4.70276e-32	0.993102	1.27315e-24	0.993101	7.75896e-24	2.45478e-10	5.8407e-05	0.993102	0.993101	0.808875	0.00245266	1.46755e-27	0.993102	1.38205e-13	3.27831e-22	5.86914e-05	0.993102	0.00246175	5.86229e-05	0.993101	1.37813e-20	0.0941336	0.00245843	0.094132	0.00245843	1.18037	1.18026	0	
0.993102	0.993102	3.9772e-32	0.993102	9.52653e-25	0.993101	7.74038e-24	2.45737e-10	5.83453e-05	0.993102	0.993101	0.809217	0.00245266	1.09812e-27	0.993102	1.38059e-13	3.27457e-22	5.86245e-05	0.993102	0.00246155	5.85561e-05	0.993101	1.37813e-20	0.0942233	0.00245843	0.0942217	0.00245843	1.18082	1.18071	0	
0.993102	0.993102	3.42612e-32	0.993102	7.12835e-25	0.993101	7.69206e-24	2.46489e-10	5.81682e-05	0.993102	0.993101	0.810149	0.00245266	8.21689e-28	0.993102	1.3764e-13	3.26438e-22	5.8442e-05	0.993102	0.00246135	5.83737e-05	0.993101	1.37813e-20	0.0944843	0.00245843	0.0944827	0.00245843	1.18069	1.18058	0	
0.993102	0.993102	3.01607e-32	0.993102	5.33389e-25	0.993101	7.6656e-24	2.46894e-10	5.80726e-05	0.993102	0.993101	0.810661	0.00245266	6.14845e-28	0.993102	1.37413e-13	3.25878e-22	5.83415e-05	0.993102	0.00246117	5.82735e-05	0.993101	1.37813e-20	0.0946244	0.00245843	0.0946227	0.00245843	1.18056	1.18046	0	
0.993102	0.993102	2.71157e-32	0.993102	3.99115e-25	0.993101	7.65562e-24	2.47036e-10	5.80385e-05	0.993102	0.993101	0.810856	0.00245267	4.6007e-28	0.993102	1.37333e-13	3.25663e-22	5.8303e-05	0.993102	0.002461	5.82351e-05	0.993101	1.37813e-20	0.0946736	0.00245842	0.094672	0.00245842	1.18077	1.18067	0	
0.993102	0.993102	2.47998e-32	0.993102	2.98643e-25	0.993101	7.63233e-24	2.47401e-10	5.79527e-05	0.993102	0.993101	0.811315	0.00245267	3.44258e-28	0.993102	1.3713e-13	3.25161e-22	5.82129e-05	0.993102	0.00246084	5.81452e-05	0.993101	1.37813e-20	0.0948	0.00245842	0.0947984	0.00245842	1.18029	1.18019	0	
0.993102	0.993102	2.31536e-32	0.993102	2.23464e-25	0.993101	7.65156e-24	2.47081e-10	5.80276e-05	0.993102	0.993101	0.810947	0.00245267	2.57601e-28	0.993102	1.37307e-13	3.25563e-22	5.82849e-05	0.993102	0.00246071	5.82171e-05	0.993101	1.37813e-20	0.0946888	0.00245842	0.0946872	0.00245842	1.1796	1.1795	0	
0.993102	0.993102	2.20508e-32	0.993102	1.6721e-25	0.993101	7.72033e-24	2.45991e-10	5.82877e-05	0.993102	0.993101	0.809624	0.00245268	1.92758e-28	0.993102	1.37922e-13	3.27009e-22	5.85435e-05	0.993102	0.0024606	5.84755e-05	0.993101	1.37813e-20	0.0943102	0.00245842	0.0943085	0.00245842	1.17964	1.17954	0	
0.993102	0.993102	2.12181e-32	0.993102	1.25117e-25	0.993101	7.76868e-24	2.45223e-10	5.84708e-05	0.993102	0.993101	0.808697	0.00245267	1.44238e-28	0.993102	1.38356e-13	3.28022e-22	5.87249e-05	0.993102	0.0024605	5.86567e-05	0.993101	1.37813e-20	0.0940436	0.00245842	0.094042	0.00245842	1.17971	1.17961	0	
0.993102	0.993102	2.05825e-32	0.993102	9.36206e-26	0.993101	7.79949e-24	2.4473e-10	5.85878e-05	0.993102	0.993101	0.80811	0.00245267	1.07933e-28	0.993102	1.38633e-13	3.28664e-22	5.88401e-05	0.993102	0.00246039	5.87716e-05	0.993101	1.37813e-20	0.093873	0.00245842	0.0938714	0.00245842	1.17958	1.17949	0	
0.993102	0.993102	2.01306e-32	0.993102	7.00529e-26	0.993101	7.8326e-24	2.44208e-10	5.87129e-05	0.993102	0.993101	0.80748	0.00245267	8.07671e-29	0.993102	1.38928e-13	3.29352e-22	5.89635e-05	0.993102	0.00246029	5.88948e-05	0.993101	1.37813e-20	0.0936917	0.00245843	0.0936901	0.00245843	1.17948	1.17939	0	
0.993102	0.993102	1.98107e-32	0.993102	5.2418e-26	0.993101	7.86506e-24	2.43699e-10	5.88351e-05	0.993102	0.993101	0.806864	0.00245266	6.04398e-29	0.993102	1.39218e-13	3.30024e-22	5.90841e-05	0.993102	0.0024602	5.90151e-05	0.993101	1.37813e-20	0.0935153	0.00245843	0.0935137	0.00245843	1.17977	1.17968	0	
0.993102	0.993102	1.95171e-32	0.993102	3.92225e-26	0.993101	7.86643e-24	2.4367e-10	5.8841e-05	0.993102	0.993101	0.806844	0.00245266	4.52296e-29	0.993102	1.39232e-13	3.30048e-22	5.90886e-05	0.993102	0.00246012	5.90194e-05	0.993101	1.37813e-20	0.0935058	0.00245844	0.0935041	0.00245844	1.17954	1.17946	0	
0.993102	0.993102	1.93399e-32	0.993102	2.93488e-26	0.993101	7.88543e-24	2.43372e-10	5.89126e-05	0.993102	0.993101	0.806485	0.00245265	3.38484e-29	0.993102	1.39401e-13	3.3044e-22	5.9159e-05	0.993102	0.00246005	5.90897e-05	0.993101	1.37813e-20	0.0934025	0.00245844	0.0934009	0.00245844	1.17969	1.17961	0	
0.993102	0.993102	1.9179e-32	0.993102	2.19606e-26	0.993101	7.88767e-24	2.43333e-10	5.89215e-05	0.993102	0.993101	0.806449	0.00245265	2.53322e-29	0.993102	1.39422e-13	3.3048e-22	5.91663e-05	0.993102	0.00245998	5.90969e-05	0.993101	1.37813e-20	0.0933891	0.00245844	0.0933875	0.00245844	1.17965	1.17956	0	
0.993102	0.993102	1.90678e-32	0.993102	1.64323e-26	0.993101	7.8932e-24	2.43244e-10	5.89426e-05	0.993102	0.993101	0.806349	0.00245264	1.89599e-29	0.993102	1.39472e-13	3.3059e-22	5.91861e-05	0.993102	0.00245992	5.91166e-05	0.993101	1.37813e-20	0.0933585	0.00245845	0.0933569	0.00245845	1.18021	1.18013	0	
0.993102	0.993102	1.88786e-32	0.993102	1.22957e-26	0.993101	7.85262e-24	2.43876e-10	5.87906e-05	0.993102	0.993101	0.807143	0.00245264	1.41916e-29	0.993102	1.39112e-13	3.29724e-22	5.90312e-05	0.993102	0.00245982	5.89618e-05	0.993101	1.37813e-20	0.0935784	0.00245845	0.0935768	0.00245845	1.18025	1.18017	0	
0.993102	0.993102	1.87297e-32	0.993102	9.20045e-27	0.993101	7.81916e-24	2.44399e-10	5.86652e-05	0.993102	0.993101	0.807798	0.00245264	1.06237e-29	0.993102	1.38816e-13	3.29009e-22	5.89032e-05	0.993102	0.00245973	5.88339e-05	0.993101	1.37813e-20	0.0937599	0.00245845	0.0937583	0.00245845	1.17979	1.17971	0	
0.993102	0.993102	1.87043e-32	0.993102	6.88437e-27	0.993101	7.83044e-24	2.44219e-10	5.87078e-05	0.993102	0.993101	0.807587	0.00245264	7.954e-30	0.993102	1.38916e-13	3.29239e-22	5.89443e-05	0.993102	0.00245966	5.8875e-05	0.993101	1.37813e-20	0.0936975	0.00245845	0.0936959	0.00245845	1.17942	1.17934	0	
0.993102	0.993102	1.87562e-32	0.993102	5.15133e-27	0.993101	7.86882e-24	2.43626e-10	5.88512e-05	0.993102	0.993101	0.806856	0.00245264	5.95645e-30	0.993102	1.39256e-13	3.30037e-22	5.9087e-05	0.993102	0.00245961	5.90176e-05	0.993101	1.37813e-20	0.0934913	0.00245845	0.0934897	0.00245845	1.17978	1.17971	0	
0.993102	0.993102	1.87253e-32	0.993102	3.85455e-27	0.993101	7.86811e-24	2.43633e-10	5.88489e-05	0.993102	0.993101	0.806877	0.00245264	4.46168e-30	0.993102	1.3925e-13	3.30014e-22	5.9083e-05	0.993102	0.00245954	5.90136e-05	0.993101	1.37813e-20	0.0934939	0.00245845	0.0934922	0.00245845	1.18017	1.1801	0	
0.993102	0.993102	1.86299e-32	0.993102	2.88423e-27	0.993101	7.83702e-24	2.44117e-10	5.87325e-05	0.993102	0.993101	0.807487	0.00245264	3.34313e-30	0.993102	1.38975e-13	3.29349e-22	5.89641e-05	0.993102	0.00245945	5.88948e-05	0.993101	1.37813e-20	0.0936621	0.00245845	0.0936605	0.00245845	1.18069	1.18062	0	
0.993102	0.993102	1.84645e-32	0.993102	2.15817e-27	0.993101	7.77412e-24	2.45117e-10	5.84951e-05	0.993102	0.993101	0.808719	0.00245264	2.50607e-30	0.993102	1.38413e-13	3.28001e-22	5.87228e-05	0.993102	0.00245932	5.86538e-05	0.993101	1.37813e-20	0.0940092	0.00245845	0.0940076	0.00245845	1.18054	1.18048	0	
0.993102	0.993102	1.83668e-32	0.993102	1.61488e-27	0.993101	7.73803e-24	2.45687e-10	5.83593e-05	0.993102	0.993101	0.809429	0.00245265	1.87975e-30	0.993102	1.38092e-13	3.27226e-22	5.85837e-05	0.993102	0.00245922	5.8515e-05	0.993101	1.37813e-20	0.0942068	0.00245845	0.0942052	0.00245845	1.18027	1.1802	0	
0.993102	0.993102	1.83436e-32	0.993102	1.20836e-27	0.993101	7.73212e-24	2.45775e-10	5.83375e-05	0.993102	0.993101	0.809552	0.00245265	1.41115e-30	0.993102	1.3804e-13	3.27091e-22	5.85595e-05	0.993102	0.00245913	5.84909e-05	0.993101	1.37813e-20	0.094237	0.00245844	0.0942354	0.00245844	1.18057	1.18051	0	
0.993102	0.993102	1.82714e-32	0.993102	9.04178e-28	0.993101	7.70453e-24	2.46213e-10	5.82334e-05	0.993102	0.993101	0.810097	0.00245265	1.06046e-30	0.993102	1.37794e-13	3.26495e-22	5.84526e-05	0.993102	0.00245903	5.83841e-05	0.993101	1.37813e-20	0.0943889	0.00245844	0.0943873	0.00245844	1.18057	1.18051	0	
0.993102	0.993102	1.82169e-32	0.993102	6.76568e-28	0.993101	7.68372e-24	2.46544e-10	5.81548e-05	0.993102	0.993101	0.810511	0.00245266	7.98046e-31	0.993102	1.37608e-13	3.26042e-22	5.83713e-05	0.993102	0.00245894	5.83031e-05	0.993101	1.37813e-20	0.0945034	0.00245843	0.0945017	0.00245843	1.18059	1.18053	0	
0.993102	0.993102	1.8173e-32	0.993102	5.06256e-28	0.993101	7.66681e-24	2.46813e-10	5.8091e-05	0.993102	0.993101	0.810849	0.00245266	6.01691e-31	0.993102	1.37457e-13	3.25673e-22	5.8305e-05	0.993102	0.00245885	5.82369e-05	0.993101	1.37813e-20	0.0945965	0.00245843	0.0945949	0.00245843	1.17994	1.17988	0	
0.993102	0.993102	1.82599e-32	0.993102	3.78817e-28	0.993101	7.70472e-24	2.46208e-10	5.82341e-05	0.993102	0.993101	0.810122	0.00245267	4.54885e-31	0.993102	1.37796e-13	3.26467e-22	5.8447e-05	0.993102	0.00245879	5.83789e-05	0.993101	1.37813e-20	0.0943865	0.00245843	0.0943849	0.00245843	1.18088	1.18083	0	
0.993102	0.993102	1.81526e-32	0.993102	2.8346e-28	0.993101	7.66034e-24	2.46926e-10	5.80658e-05	0.993102	0.993101	0.810997	0.00245267	3.44863e-31	0.993102	1.37397e-13	3.25508e-22	5.82753e-05	0.993102	0.00245868	5.82074e-05	0.993101	1.37813e-20	0.0946351	0.00245842	0.0946335	0.00245842	1.18155	1.1815	0	
0.993102	0.993102	1.79533e-32	0.993102	2.12107e-28	0.993101	7.57687e-24	2.48311e-10	5.77463e-05	0.993102	0.993101	0.812643	0.00245267	2.62419e-31	0.993102	1.36641e-13	3.23702e-22	5.79518e-05	0.993102	0.00245856	5.78843e-05	0.993101	1.37813e-20	0.0951143	0.00245842	0.0951127	0.00245842	1.182	1.18195	0	
0.993102	0.993102	1.77262e-32	0.993102	1.58716e-28	0.993101	7.48152e-24	2.49922e-10	5.73792e-05	0.993102	0.993101	0.814529	0.00245268	2.0065e-31	0.993102	1.35773e-13	3.21628e-22	5.75802e-05	0.993102	0.00245844	5.75133e-05	0.993101	1.37813e-20	0.0956707	0.00245842	0.0956691	0.00245842	1.18184	1.18179	0	
0.993102	0.993102	1.75848e-32	0.993102	1.18766e-28	0.993101	7.42225e-24	2.50914e-10	5.71517e-05	0.993102	0.993101	0.815701	0.00245268	1.5446e-31	0.993102	1.35234e-13	3.20339e-22	5.73491e-05	0.993102	0.00245834	5.72827e-05	0.993101	1.37813e-20	0.0960135	0.00245841	0.0960118	0.00245841	1.18192	1.18187	0	
0.993102	0.993102	1.74653e-32	0.993102	8.88725e-29	0.993101	7.37214e-24	2.51759e-10	5.69588e-05	0.993102	0.993101	0.816694	0.00245269	1.19884e-31	0.993102	1.34778e-13	3.19247e-22	5.71531e-05	0.993102	0.00245825	5.70872e-05	0.993101	1.37813e-20	0.0963047	0.0024584	0.0963031	0.0024584	1.182	1.18195	0	
0.993102	0.993102	1.7362e-32	0.993102	6.65043e-29	0.993101	7.32876e-24	2.52495e-10	5.67915e-05	0.993102	0.993101	0.817555	0.0024527	9.3998e-32	0.993102	1.34382e-13	3.18299e-22	5.6983e-05	0.993102	0.00245817	5.69174e-05	0.993101	1.37813e-20	0.0965583	0.00245839	0.0965567	0.00245839	1.18187	1.18182	0	
0.993102	0.993102	1.73076e-32	0.993102	4.97671e-29	0.993101	7.30598e-24	2.52875e-10	5.67041e-05	0.993102	0.993101	0.818009	0.00245271	7.46514e-32	0.993102	1.34175e-13	3.178e-22	5.68932e-05	0.993102	0.0024581	5.6828e-05	0.993101	1.37813e-20	0.0966892	0.00245838	0.0966875	0.00245838	1.18199	1.18195	0	
0.993102	0.993102	1.72452e-32	0.993102	3.72432e-29	0.993101	7.27978e-24	2.5332e-10	5.6603e-05	0.993102	0.993101	0.818532	0.00245272	6.01533e-32	0.993102	1.33936e-13	3.17223e-22	5.67897e-05	0.993102	0.00245803	5.67247e-05	0.993101	1.37813e-20	0.0968426	0.00245837	0.0968409	0.00245837	1.18171	1.18167	0	
0.993102	0.993102	1.72465e-32	0.993102	2.78721e-29	0.993101	7.28045e-24	2.53298e-10	5.66063e-05	0.993102	0.993101	0.818522	0.00245273	4.93529e-32	0.993102	1.33944e-13	3.17235e-22	5.67913e-05	0.993102	0.00245797	5.67266e-05	0.993101	1.37813e-20	0.0968348	0.00245836	0.0968331	0.00245836	1.18199	1.18195	0	
0.993102	0.993102	1.71996e-32	0.993102	2.086e-29	0.993101	7.2607e-24	2.53637e-10	5.65299e-05	0.993102	0.993101	0.818917	0.00245273	4.12235e-32	0.993102	1.33763e-13	3.16799e-22	5.6713e-05	0.993102	0.00245791	5.66485e-05	0.993101	1.37813e-20	0.0969513	0.00245836	0.0969496	0.00245836	1.18188	1.18183	0	
0.993102	0.993102	1.71837e-32	0.993102	1.56131e-29	0.993101	7.25409e-24	2.53747e-10	5.65046e-05	0.993102	0.993101	0.819053	0.00245274	3.51598e-32	0.993102	1.33703e-13	3.1665e-22	5.66861e-05	0.993102	0.00245786	5.66217e-05	0.993101	1.37813e-20	0.0969889	0.00245835	0.0969872	0.00245835	1.18183	1.18179	0	
0.993102	0.993102	1.71805e-32	0.993102	1.1687e-29	0.993101	7.25276e-24	2.53765e-10	5.64997e-05	0.993102	0.993101	0.819083	0.00245274	3.06311e-32	0.993102	1.33691e-13	3.16616e-22	5.668e-05	0.993102	0.00245781	5.66157e-05	0.993101	1.37813e-20	0.0969951	0.00245835	0.0969935	0.00245835	1.18144	1.1814	0	
0.993102	0.993102	1.72459e-32	0.993102	8.74938e-30	0.993101	7.28041e-24	2.53283e-10	5.66072e-05	0.993102	0.993101	0.818541	0.00245275	2.73103e-32	0.993102	1.33946e-13	3.17214e-22	5.67868e-05	0.993102	0.00245777	5.67224e-05	0.993101	1.37813e-20	0.0968287	0.00245835	0.0968271	0.00245835	1.18179	1.18175	0	
0.993102	0.993102	1.72338e-32	0.993102	6.55118e-30	0.993101	7.27535e-24	2.53368e-10	5.65878e-05	0.993102	0.993101	0.818645	0.00245275	2.47645e-32	0.993102	1.339e-13	3.17099e-22	5.67661e-05	0.993102	0.00245772	5.67018e-05	0.993101	1.37813e-20	0.0968579	0.00245835	0.0968562	0.00245835	1.18196	1.18192	0	
0.993102	0.993102	1.71951e-32	0.993102	4.90632e-30	0.993101	7.259e-24	2.53652e-10	5.65243e-05	0.993102	0.993101	0.818974	0.00245275	2.28299e-32	0.993102	1.3375e-13	3.16736e-22	5.67012e-05	0.993102	0.00245767	5.6637e-05	0.993101	1.37813e-20	0.0969557	0.00245834	0.0969541	0.00245834	1.18182	1.18178	0	
0.993102	0.993102	1.71911e-32	0.993102	3.67556e-30	0.993101	7.25732e-24	2.53679e-10	5.65179e-05	0.993102	0.993101	0.819012	0.00245275	2.14072e-32	0.993102	1.33734e-13	3.16695e-22	5.66937e-05	0.993102	0.00245763	5.66295e-05	0.993101	1.37813e-20	0.0969649	0.00245834	0.0969633	0.00245834	1.18169	1.18165	0	
0.993102	0.993102	1.72097e-32	0.993102	2.75464e-30	0.993101	7.26522e-24	2.53539e-10	5.65488e-05	0.993102	0.993101	0.81886	0.00245275	2.03644e-32	0.993102	1.33807e-13	3.16862e-22	5.67236e-05	0.993102	0.00245758	5.66594e-05	0.993101	1.37813e-20	0.0969168	0.00245834	0.0969152	0.00245834	1.18196	1.18193	0	
0.993102	0.993102	1.71765e-32	0.993102	2.06551e-30	0.993101	7.25119e-24	2.53784e-10	5.64942e-05	0.993102	0.993101	0.819143	0.00245275	1.95368e-32	0.993102	1.33678e-13	3.1655e-22	5.66677e-05	0.993102	0.00245754	5.66037e-05	0.993101	1.37813e-20	0.0970012	0.00245834	0.0969996	0.00245834	1.18097	1.18093	0	
0.993102	0.993102	1.7327e-32	0.993102	1.55003e-30	0.993101	7.31474e-24	2.52699e-10	5.67397e-05	0.993102	0.993101	0.817895	0.00245275	1.9093e-32	0.993102	1.34259e-13	3.17923e-22	5.69135e-05	0.993102	0.00245752	5.68492e-05	0.993101	1.37813e-20	0.0966263	0.00245834	0.0966247	0.00245834	1.18089	1.18085	0	
0.993102	0.993102	1.74539e-32	0.993102	1.16433e-30	0.993101	7.36831e-24	2.51787e-10	5.69465e-05	0.993102	0.993101	0.816845	0.00245275	1.87751e-32	0.993102	1.34749e-13	3.19079e-22	5.71204e-05	0.993102	0.00245749	5.70558e-05	0.993101	1.37813e-20	0.0963114	0.00245834	0.0963097	0.00245834	1.18021	1.18017	0	
0.993102	0.993102	1.76712e-32	0.993102	8.75846e-31	0.993101	7.46004e-24	2.50267e-10	5.72973e-05	0.993102	0.993101	0.815055	0.00245275	1.86597e-32	0.993102	1.35579e-13	3.21044e-22	5.74724e-05	0.993102	0.00245749	5.74073e-05	0.993101	1.37813e-20	0.0957856	0.00245835	0.095784	0.00245835	1.18036	1.18032	0	
0.993102	0.993102	1.78071e-32	0.993102	6.59959e-31	0.993101	7.5174e-24	2.49309e-10	5.75174e-05	0.993102	0.993101	0.813936	0.00245274	1.85466e-32	0.993102	1.36099e-13	3.22273e-22	5.76929e-05	0.993102	0.00245746	5.76273e-05	0.993101	1.37813e-20	0.0954549	0.00245835	0.0954533	0.00245835	1.17974	1.1797	0	
0.993102	0.993102	1.80245e-32	0.993102	4.98534e-31	0.993101	7.60915e-24	2.47825e-10	5.78656e-05	0.993102	0.993101	0.812157	0.00245273	1.85777e-32	0.993102	1.36923e-13	3.24223e-22	5.80422e-05	0.993102	0.00245745	5.79761e-05	0.993101	1.37813e-20	0.0949408	0.00245836	0.0949392	0.00245836	1.18002	1.17998	0	
0.993102	0.993102	1.81342e-32	0.993102	3.77693e-31	0.993101	7.6554e-24	2.47062e-10	5.80422e-05	0.993102	0.993101	0.81126	0.00245272	1.85479e-32	0.993102	1.37341e-13	3.25208e-22	5.82191e-05	0.993102	0.00245741	5.81525e-05	0.993101	1.37813e-20	0.0946776	0.00245837	0.094676	0.00245837	1.18024	1.18021	0	
0.993102	0.993102	1.81749e-32	0.993102	2.8723e-31	0.993101	7.67257e-24	2.46768e-10	5.81088e-05	0.993102	0.993101	0.810926	0.00245271	1.84843e-32	0.993102	1.37499e-13	3.25576e-22	5.82855e-05	0.993102	0.00245738	5.82186e-05	0.993101	1.37813e-20	0.0945765	0.00245838	0.0945749	0.00245838	1.17968	1.17964	0	
0.993102	0.993102	1.83104e-32	0.993102	2.19645e-31	0.993101	7.72973e-24	2.45853e-10	5.83249e-05	0.993102	0.993101	0.809824	0.0024527	1.85417e-32	0.993102	1.3801e-13	3.26783e-22	5.85019e-05	0.993102	0.00245735	5.84345e-05	0.993101	1.37813e-20	0.0942599	0.00245839	0.0942583	0.00245839	1.18	1.17996	0	
0.993102	0.993102	1.83524e-32	0.993102	1.69015e-31	0.993101	7.74747e-24	2.45558e-10	5.83929e-05	0.993102	0.993101	0.809483	0.00245269	1.85254e-32	0.993102	1.38171e-13	3.27159e-22	5.85696e-05	0.993102	0.00245731	5.8502e-05	0.993101	1.37813e-20	0.0941584	0.0024584	0.0941568	0.0024584	1.18019	1.18015	0	
0.993102	0.993102	1.83487e-32	0.993102	1.31095e-31	0.993101	7.74587e-24	2.45572e-10	5.83879e-05	0.993102	0.993101	0.809515	0.00245268	1.84779e-32	0.993102	1.38159e-13	3.27126e-22	5.8564e-05	0.993102	0.00245727	5.84962e-05	0.993101	1.37813e-20	0.0941639	0.00245841	0.0941623	0.00245841	1.1796	1.17957	0	
0.993102	0.993102	1.84552e-32	0.993102	1.0283e-31	0.993101	7.79081e-24	2.44863e-10	5.8557e-05	0.993102	0.993101	0.808653	0.00245268	1.85517e-32	0.993102	1.3856e-13	3.28069e-22	5.87331e-05	0.993102	0.00245724	5.8665e-05	0.993101	1.37813e-20	0.0939181	0.00245841	0.0939165	0.00245841	1.1792	1.17917	0	
0.993102	0.993102	1.86117e-32	0.993102	8.17576e-32	0.993101	7.85684e-24	2.43842e-10	5.88039e-05	0.993102	0.993101	0.807389	0.00245267	1.86837e-32	0.993102	1.39144e-13	3.29448e-22	5.89804e-05	0.993102	0.00245721	5.89118e-05	0.993101	1.37813e-20	0.0935636	0.00245842	0.093562	0.00245842	1.17995	1.17992	0	
0.993102	0.993102	1.85858e-32	0.993102	6.58465e-32	0.993101	7.84587e-24	2.44001e-10	5.87638e-05	0.993102	0.993101	0.807602	0.00245266	1.86395e-32	0.993102	1.39049e-13	3.29218e-22	5.89396e-05	0.993102	0.00245717	5.88708e-05	0.993101	1.37813e-20	0.0936198	0.00245843	0.0936181	0.00245843	1.17988	1.17985	0	
0.993102	0.993102	1.85793e-32	0.993102	5.39538e-32	0.993101	7.84314e-24	2.44035e-10	5.87543e-05	0.993102	0.993101	0.807656	0.00245266	1.86193e-32	0.993102	1.39026e-13	3.2916e-22	5.89294e-05	0.993102	0.00245713	5.88606e-05	0.993101	1.37813e-20	0.093632	0.00245843	0.0936304	0.00245843	1.17996	1.17993	0	
0.993102	0.993102	1.85604e-32	0.993102	4.50408e-32	0.993101	7.83515e-24	2.44153e-10	5.87249e-05	0.993102	0.993101	0.807813	0.00245266	1.85902e-32	0.993102	1.38957e-13	3.2899e-22	5.88992e-05	0.993102	0.0024571	5.88303e-05	0.993101	1.37813e-20	0.0936735	0.00245844	0.0936719	0.00245844	1.1798	1.17977	0	
0.993102	0.993102	1.85767e-32	0.993102	3.84021e-32	0.993101	7.84203e-24	2.44041e-10	5.8751e-05	0.993102	0.993101	0.807684	0.00245265	1.85988e-32	0.993102	1.39019e-13	3.29132e-22	5.89247e-05	0.993102	0.00245706	5.88558e-05	0.993101	1.37813e-20	0.0936349	0.00245844	0.0936333	0.00245844	1.17934	1.17931	0	
0.993102	0.993102	1.86756e-32	0.993102	3.35214e-32	0.993101	7.88375e-24	2.43398e-10	5.89068e-05	0.993102	0.993101	0.806886	0.00245265	1.86919e-32	0.993102	1.39387e-13	3.30002e-22	5.90806e-05	0.993102	0.00245704	5.90113e-05	0.993101	1.37813e-20	0.0934115	0.00245844	0.0934099	0.00245844	1.17951	1.17949	0	
0.993102	0.993102	1.87162e-32	0.993102	2.9836e-32	0.993101	7.90088e-24	2.43131e-10	5.89711e-05	0.993102	0.993101	0.806561	0.00245265	1.87282e-32	0.993102	1.39539e-13	3.30358e-22	5.91444e-05	0.993102	0.00245701	5.9075e-05	0.993101	1.37813e-20	0.0933188	0.00245844	0.0933172	0.00245844	1.17934	1.17931	0	
0.993102	0.993102	1.878e-32	0.993102	2.71118e-32	0.993101	7.92782e-24	2.42716e-10	5.90716e-05	0.993102	0.993101	0.806048	0.00245264	1.87889e-32	0.993102	1.39777e-13	3.30918e-22	5.92448e-05	0.993102	0.00245698	5.91752e-05	0.993101	1.37813e-20	0.0931749	0.00245845	0.0931733	0.00245845	1.17974	1.17971	0	
0.993102	0.993102	1.87522e-32	0.993102	2.49977e-32	0.993101	7.91605e-24	2.42893e-10	5.90281e-05	0.993102	0.993101	0.806276	0.00245264	1.87586e-32	0.993102	1.39674e-13	3.3067e-22	5.92006e-05	0.993102	0.00245695	5.9131e-05	0.993101	1.37813e-20	0.0932369	0.00245845	0.0932353	0.00245845	1.18003	1.18	0	
0.993102	0.993102	1.8677e-32	0.993102	2.33612e-32	0.993101	7.88429e-24	2.43384e-10	5.89094e-05	0.993102	0.993101	0.806889	0.00245264	1.86816e-32	0.993102	1.39394e-13	3.30002e-22	5.90811e-05	0.993102	0.00245693	5.90116e-05	0.993101	1.37813e-20	0.0934075	0.00245845	0.0934059	0.00245845	1.17984	1.17981	0	
0.993102	0.993102	1.86555e-32	0.993102	2.21716e-32	0.993101	7.87524e-24	2.4352e-10	5.88759e-05	0.993102	0.993101	0.807064	0.00245264	1.86588e-32	0.993102	1.39314e-13	3.29811e-22	5.90469e-05	0.993102	0.00245691	5.89774e-05	0.993101	1.37813e-20	0.0934551	0.00245845	0.0934535	0.00245845	1.18003	1.18	0	
0.993102	0.993102	1.86046e-32	0.993102	2.12466e-32	0.993101	7.85375e-24	2.43853e-10	5.87955e-05	0.993102	0.993101	0.807479	0.00245264	1.86069e-32	0.993102	1.39124e-13	3.29359e-22	5.8966e-05	0.993102	0.00245689	5.88966e-05	0.993101	1.37813e-20	0.0935707	0.00245845	0.0935691	0.00245845	1.18002	1.18	0	
0.993102	0.993102	1.85672e-32	0.993102	2.0555e-32	0.993101	7.83795e-24	2.44097e-10	5.87364e-05	0.993102	0.993101	0.807784	0.00245264	1.85687e-32	0.993102	1.38984e-13	3.29026e-22	5.89064e-05	0.993102	0.00245688	5.88371e-05	0.993101	1.37813e-20	0.0936556	0.00245845	0.093654	0.00245845	1.18036	1.18034	0	
0.993102	0.993102	1.84767e-32	0.993102	1.99748e-32	0.993101	7.79974e-24	2.44699e-10	5.85927e-05	0.993102	0.993101	0.808522	0.00245264	1.84776e-32	0.993102	1.38644e-13	3.28219e-22	5.87619e-05	0.993102	0.00245687	5.86928e-05	0.993101	1.37813e-20	0.0938644	0.00245845	0.0938628	0.00245845	1.18043	1.1804	0	
0.993102	0.993102	1.83975e-32	0.993102	1.95292e-32	0.993101	7.76631e-24	2.45227e-10	5.84669e-05	0.993102	0.993101	0.809167	0.00245264	1.8398e-32	0.993102	1.38346e-13	3.27514e-22	5.86354e-05	0.993102	0.00245686	5.85665e-05	0.993101	1.37813e-20	0.0940476	0.00245845	0.094046	0.00245845	1.18029	1.18027	0	
0.993102	0.993102	1.83623e-32	0.993102	1.92199e-32	0.993101	7.75148e-24	2.45459e-10	5.84111e-05	0.993102	0.993101	0.809454	0.00245265	1.83625e-32	0.993102	1.38214e-13	3.272e-22	5.85792e-05	0.993102	0.00245685	5.85104e-05	0.993101	1.37813e-20	0.0941279	0.00245844	0.0941263	0.00245844	1.18003	1.18	0	
0.993102	0.993102	1.83855e-32	0.993102	1.90381e-32	0.993101	7.7613e-24	2.45301e-10	5.84483e-05	0.993102	0.993101	0.809262	0.00245265	1.83855e-32	0.993102	1.38302e-13	3.2741e-22	5.86165e-05	0.993102	0.00245686	5.85478e-05	0.993101	1.37813e-20	0.094073	0.00245844	0.0940713	0.00245844	1.17923	1.1792	0	
0.993102	0.993102	1.85538e-32	0.993102	1.90533e-32	0.993101	7.83235e-24	2.44206e-10	5.87136e-05	0.993102	0.993101	0.807897	0.00245265	1.85536e-32	0.993102	1.3893e-13	3.28898e-22	5.88828e-05	0.993102	0.00245688	5.88138e-05	0.993101	1.37813e-20	0.093692	0.00245844	0.0936904	0.00245844	1.18011	1.18009	0	
