0.25	1.27727e-12	0.000618156	0.748882	1.27727e-12	0.998263	0.748882	0.748264	0.998263	0.25	0.000618156	0.25	1.27727e-12	1.27727e-12	0.000618156	1.27727e-12	1.27727e-12	0.25	0.000618156	0.000618156	0.25	0.000618156	2.63265e-21	0.25	1.27727e-12	0.000618156	0.25	0	0	0	
0.25	1.27727e-12	0.000618156	0.748882	1.27727e-12	0.998263	0.748882	0.748264	0.998263	0.25	0.000618156	0.25	1.27727e-12	1.27727e-12	0.000618156	1.27727e-12	1.27727e-12	0.25	0.000618156	0.000618156	0.25	0.000618156	2.63265e-21	0.25	1.27727e-12	0.000618156	0.25	0	0	0	
0.437066	1.94807e-10	0.000466719	0.560365	2.87709e-08	0.996964	0.560365	0.559898	0.996964	0.437066	0.0010807	0.437034	1.94807e-10	2.84174e-08	0.0010807	1.94807e-10	2.27815e-12	0.437066	0.000466771	0.00108837	0.437066	0.000466771	4.79195e-21	0.437066	2.84174e-08	0.245911	0.437066	0.00473904	0	0	
0.57704	9.39416e-09	0.000349311	0.419301	4.35532e-05	0.995992	0.419301	0.418952	0.995992	0.57704	0.0014268	0.575655	8.55784e-09	4.31485e-05	0.0014268	7.79716e-09	3.06189e-12	0.57704	0.000349368	0.00150019	0.57704	0.000349368	6.55825e-21	0.57704	5.21481e-05	0.434004	0.57704	0.0128784	0	0	
0.681778	1.90012e-07	0.00026138	0.313748	0.00843616	0.995264	0.313748	0.313486	0.995264	0.681778	0.00168524	0.659664	1.4759e-07	0.00836525	0.00168578	1.15057e-07	3.6762e-12	0.681778	0.000261425	0.0019273	0.681778	0.000261425	8.00049e-21	0.681778	0.0136809	0.574749	0.681778	0.0234416	0	0	
0.76015	2.34957e-06	0.000195581	0.234766	0.176672	0.99472	0.234766	0.23457	0.994719	0.76015	0.00178339	0.625235	1.09608e-06	0.156993	0.00187956	8.16194e-07	4.41301e-12	0.76015	0.000195616	0.00243371	0.76015	0.000195616	9.75301e-21	0.760149	0.208989	0.680064	0.76015	0.0361673	0	0	
0.818792	0.000400804	0.000146347	0.175667	0.382187	0.994312	0.175667	0.17552	0.994296	0.818792	0.00135254	0.469806	9.85533e-07	0.356244	0.00202457	3.35782e-06	5.19091e-11	0.818792	0.000146372	0.00309689	0.818792	0.000146372	1.18644e-19	0.818661	0.403642	0.758867	0.818792	0.0496157	0	0	
0.862673	0.0737352	0.000109506	0.131445	0.535977	0.994007	0.131474	0.131336	0.992691	0.862673	0.00101236	0.351548	7.46286e-07	0.51467	0.00213306	9.35767e-06	3.02643e-09	0.862673	0.000109525	0.00398262	0.862673	0.000109525	6.98856e-18	0.712504	0.551768	0.817833	0.862673	0.0638371	0	0	
0.895506	0.296841	8.19392e-05	0.0983555	0.651052	0.993779	0.101598	0.0982736	0.959808	0.895506	0.000757523	0.263051	5.59434e-07	0.634532	0.00221425	1.94673e-05	6.73926e-08	0.895506	8.19536e-05	0.00518807	0.895506	8.19536e-05	1.56561e-16	0.533584	0.662822	0.861954	0.895506	0.0777685	0.00136072	0	
0.920075	0.471788	6.13121e-05	0.0735959	0.737158	0.993609	0.186533	0.0735345	0.801097	0.920075	0.000566829	0.196831	4.18982e-07	0.724527	0.00229201	3.17135e-05	6.86431e-07	0.920075	6.13229e-05	0.00689817	0.920075	6.13229e-05	1.64269e-15	0.399263	0.745939	0.894969	0.920075	0.0923698	0.00684211	0	
0.938458	0.602998	4.58776e-05	0.0550692	0.801589	0.993481	0.389438	0.0550232	0.614906	0.938459	0.000424149	0.147282	3.16153e-07	0.791957	0.00242358	2.60724e-05	3.71429e-06	0.938458	4.5886e-05	0.0341975	0.938459	4.5886e-05	9.82523e-15	0.298754	0.790229	0.919673	0.938458	0.105435	0.0150547	0	
0.952214	0.701198	3.43285e-05	0.0413422	0.8498	0.993385	0.541402	0.0411719	0.463556	0.952214	0.000317507	0.110206	2.80177e-07	0.842447	0.00264808	1.95402e-05	1.26566e-05	0.952214	3.43463e-05	0.256552	0.952214	3.43433e-05	3.86958e-14	0.223547	0.591323	0.938158	0.952214	0.121681	0.0261341	0	
0.962507	0.774681	2.56868e-05	0.079833	0.885864	0.993314	0.655112	0.0308074	0.347819	0.962507	0.000238609	0.0824629	6.60308e-07	0.880211	0.00302225	1.46223e-05	3.0266e-05	0.962507	2.5925e-05	0.441296	0.962507	2.58312e-05	1.11476e-13	0.167272	0.442466	0.951989	0.962507	0.133361	0.0374407	0	
0.970209	0.829665	1.92205e-05	0.306105	0.909911	0.99326	0.740196	0.0230521	0.260629	0.970207	0.000183605	0.0617039	1.51957e-06	0.907435	0.00356493	1.09414e-05	5.68144e-05	0.970209	2.556e-05	0.58015	0.970209	2.22424e-05	2.53655e-13	0.125164	0.331081	0.96228	0.970209	0.147813	0.0506963	0	
0.975972	0.870797	1.4382e-05	0.479047	0.79209	0.99322	0.803862	0.017249	0.19519	0.975898	0.000155262	0.0461708	1.17626e-06	0.682375	0.00436402	8.18707e-06	8.49543e-05	0.975972	0.00418988	0.684096	0.975972	0.00154602	4.65772e-13	0.0936553	0.247736	0.89244	0.975972	0.162357	0.0647341	0	
0.980282	0.899551	1.07615e-05	0.608453	0.592715	0.99319	0.8515	0.0129068	0.147392	0.979334	0.000812099	0.0345479	9.2833e-07	0.510599	0.00550692	6.12609e-06	6.66084e-05	0.980284	0.184506	0.761882	0.980284	0.106152	3.74713e-13	0.0700789	0.185372	0.669682	0.980284	0.177311	0.079434	0	
0.983489	0.73187	8.05246e-06	0.705283	0.443507	0.993168	0.887147	0.0096577	0.154541	0.97756	0.0709168	0.025851	1.20217e-06	0.382062	0.00711901	4.58393e-06	4.98827e-05	0.983511	0.386038	0.820088	0.983511	0.319836	2.8087e-13	0.0524375	0.138707	0.50113	0.98351	0.190875	0.0938088	0	
0.985869	0.548608	6.02536e-06	0.777738	0.33186	0.993151	0.91382	0.0072265	0.306682	0.973516	0.270605	0.0193433	2.15303e-06	0.285883	0.0093081	3.42999e-06	3.7327e-05	0.985926	0.538604	0.863642	0.985925	0.487673	2.1019e-13	0.0392371	0.103789	0.374986	0.985925	0.2091	0.107166	0	
0.987688	0.41055	4.50856e-06	0.831953	0.248319	0.993139	0.933774	0.00540733	0.468107	0.977936	0.389682	0.0144739	1.74193e-06	0.213916	0.01214	2.56653e-06	2.79306e-05	0.987732	0.652064	0.896231	0.987732	0.606997	1.5728e-13	0.0319576	0.0776617	0.281893	0.987732	0.22132	0.114014	0	
0.989051	0.307204	3.37359e-06	0.87252	0.185808	0.993129	0.945657	0.00404611	0.597438	0.981728	0.38799	0.0108707	1.31274e-06	0.160066	0.0150007	1.92044e-06	2.08994e-05	0.989084	0.730984	0.920617	0.989084	0.649675	1.17687e-13	0.273245	0.0581114	0.360812	0.989084	0.235416	0.119322	0	
0.99007	0.22987	2.52433e-06	0.902874	0.139033	0.993122	0.77386	0.00302755	0.695959	0.984589	0.32571	0.0418743	9.83367e-07	0.119771	0.0177865	1.437e-06	1.56383e-05	0.990096	0.764102	0.938864	0.990095	0.580609	8.80613e-14	0.454459	0.0434827	0.518429	0.990095	0.247192	0.121557	0	
0.990834	0.172004	1.88887e-06	0.925557	0.104034	0.993117	0.57909	0.00226541	0.770222	0.986732	0.257551	0.136031	7.36028e-07	0.0896205	0.0201627	1.07525e-06	1.17016e-05	0.990852	0.731407	0.952516	0.990852	0.468075	6.58931e-14	0.590055	0.0325365	0.637878	0.990852	0.261198	0.123608	0	
0.991404	0.128704	1.41337e-06	0.942279	0.0778452	0.993113	0.433312	0.00169512	0.825975	0.988336	0.199219	0.197921	5.50804e-07	0.0670597	0.0222196	8.04605e-07	8.75586e-06	0.991419	0.646347	0.96267	0.991419	0.363365	4.93054e-14	0.691517	0.0243461	0.727298	0.991419	0.273823	0.124058	0	
0.991829	0.0963047	1.05757e-06	0.953625	0.0582702	0.99311	0.324232	0.0012684	0.867777	0.989536	0.152711	0.235891	4.12171e-07	0.0501784	0.0238214	6.02503e-07	6.55169e-06	0.991843	0.54183	0.969435	0.991843	0.27808	3.68935e-14	0.767437	0.0184919	0.794211	0.991842	0.28526	0.123365	0	
0.99214	0.0720613	7.91344e-07	0.958741	0.0438965	0.993108	0.242611	0.000949097	0.899096	0.990434	0.116616	0.256197	3.08425e-07	0.0375466	0.0249236	4.5398e-07	4.90239e-06	0.99216	0.440418	0.969345	0.99216	0.21148	2.76061e-14	0.824245	0.0553547	0.844279	0.99216	0.299331	0.123315	0	
0.992367	0.0539209	5.92134e-07	0.956192	0.0345413	0.993106	0.181537	0.000710174	0.922532	0.991105	0.0889362	0.266374	2.30791e-07	0.0280948	0.0257416	3.51857e-07	3.66828e-06	0.992397	0.351499	0.953629	0.992397	0.160269	2.06566e-14	0.866752	0.268169	0.881743	0.992397	0.30884	0.121151	0	
0.99253	0.0403471	4.43072e-07	0.941892	0.032641	0.993105	0.135837	0.000531398	0.940068	0.991608	0.0678152	0.26475	1.72699e-07	0.0210223	0.0260614	2.97386e-07	2.74484e-06	0.992574	0.276005	0.912924	0.992574	0.121133	1.54566e-14	0.898559	0.449275	0.909776	0.992574	0.320021	0.119517	0	
0.992655	0.0301903	3.31535e-07	0.909088	0.0437076	0.993104	0.101642	0.000397625	0.953143	0.991984	0.051672	0.252624	1.2923e-07	0.0157302	0.0260878	2.90543e-07	2.05387e-06	0.992707	0.21335	0.85105	0.992707	0.0912802	1.15656e-14	0.922359	0.586018	0.930752	0.992707	0.328332	0.116797	0	
0.992757	0.0225904	2.48075e-07	0.834955	0.0922755	0.993103	0.0760551	0.000297529	0.962796	0.992266	0.0392379	0.225481	9.67056e-08	0.0117704	0.0257674	3.3155e-07	1.53683e-06	0.992807	0.162269	0.777698	0.992807	0.0685582	8.65414e-15	0.940168	0.688465	0.946448	0.992807	0.337941	0.114409	0	
0.992842	0.0169055	1.85626e-07	0.682998	0.265342	0.993103	0.0569092	0.00022263	0.96913	0.992476	0.0295396	0.181032	7.23713e-08	0.00880732	0.0252434	4.05213e-07	1.14996e-06	0.992881	0.121892	0.706035	0.992881	0.0513476	6.4756e-15	0.953493	0.765144	0.958193	0.992881	0.350959	0.113163	0	
0.992907	0.0142095	1.38897e-07	0.51467	0.448486	0.993102	0.0425831	0.000166586	0.930887	0.992634	0.0221084	0.135799	5.41586e-08	0.0065902	0.0247079	4.80818e-07	8.60502e-07	0.992937	0.0912272	0.646411	0.992937	0.0384236	4.84616e-15	0.963457	0.822526	0.966981	0.992936	0.358976	0.110415	0	
0.992956	0.232475	1.03932e-07	0.385791	0.585585	0.993102	0.0318634	0.00012465	0.719596	0.992752	0.0165432	0.101615	4.05342e-08	0.00493121	0.024003	5.61277e-07	6.45149e-07	0.992978	0.0682633	0.597438	0.992978	0.0287511	3.65347e-15	0.923874	0.865462	0.973556	0.992978	0.365389	0.107428	0	
0.992993	0.423808	7.77682e-08	0.42003	0.688168	0.993102	0.0238466	9.32711e-05	0.539879	0.99284	0.0123798	0.0760345	3.0868e-08	0.00368987	0.0231623	6.39608e-07	5.03606e-07	0.99301	0.0510857	0.559212	0.99301	0.0215142	3.15697e-15	0.691302	0.897391	0.978477	0.992979	0.375431	0.109454	0	
0.993019	0.567091	5.81911e-08	0.564223	0.764825	0.993102	0.0232545	6.97914e-05	0.404123	0.992906	0.00926903	0.0568938	2.43654e-08	0.002761	0.0227437	6.89502e-07	5.32731e-07	0.993033	0.0387279	0.530645	0.993033	0.0161547	5.65515e-15	0.517276	0.916244	0.982158	0.991737	0.385266	0.114676	0	
0.992725	0.67425	4.35423e-08	0.672188	0.820648	0.993102	0.224169	5.22223e-05	0.302417	0.992955	0.00695408	0.0425716	1.8463e-08	0.00206595	0.023012	6.91242e-07	1.04923e-06	0.99305	0.123101	0.51429	0.99305	0.0264461	1.94867e-14	0.387059	0.875573	0.984568	0.973932	0.40061	0.123587	0	
0.992617	0.754372	3.25811e-08	0.752973	0.66163	0.993102	0.417713	3.90761e-05	0.226294	0.992992	0.00524953	0.0318548	1.3882e-08	0.00154588	0.0243488	5.19551e-07	2.44774e-06	0.993063	0.33699	0.630428	0.993063	0.220152	6.11712e-14	0.289622	0.655193	0.901761	0.976096	0.4022	0.130448	0	
0.992647	0.800487	2.43793e-08	0.813423	0.495074	0.993101	0.562491	2.92392e-05	0.169478	0.99302	0.0089054	0.0238358	1.18512e-08	0.00115672	0.0263635	3.88808e-07	1.89181e-06	0.993073	0.50196	0.721623	0.993073	0.412075	4.77089e-14	0.216714	0.490257	0.679411	0.980121	0.416398	0.141986	0	
0.992732	0.656875	1.82421e-08	0.858654	0.370446	0.993101	0.66923	2.18786e-05	0.129946	0.993041	0.166412	0.0178354	4.69411e-08	0.000865534	0.0298989	2.90933e-07	1.41728e-06	0.99308	0.625583	0.789958	0.99308	0.558084	3.57681e-14	0.162159	0.366841	0.508572	0.983344	0.423986	0.151892	0	
0.992811	0.495044	1.36499e-08	0.8925	0.277191	0.993101	0.734172	1.6371e-05	0.126343	0.993054	0.369332	0.0133456	4.45915e-07	0.000647648	0.0346636	2.17694e-07	1.06062e-06	0.993086	0.718099	0.841096	0.993085	0.667546	2.67697e-14	0.121338	0.274494	0.380565	0.985789	0.430626	0.158943	0	
0.992878	0.370793	1.02137e-08	0.917825	0.207412	0.993101	0.675553	1.22498e-05	0.201275	0.993058	0.525597	0.00998603	1.78221e-06	0.000484611	0.0399857	1.62893e-07	7.93637e-07	0.99309	0.787326	0.879362	0.993089	0.749478	2.00317e-14	0.0908388	0.205394	0.284772	0.987627	0.436287	0.163028	0	
0.992928	0.277518	7.64256e-09	0.936775	0.155199	0.993101	0.506351	9.16609e-06	0.332782	0.993068	0.642441	0.00747218	2.12097e-06	0.000362617	0.0450912	1.21887e-07	5.93853e-07	0.993093	0.839125	0.907994	0.993092	0.810747	1.49892e-14	0.0730747	0.153689	0.213212	0.989003	0.515314	0.188597	0	
0.992971	0.207788	5.71865e-09	0.950955	0.11613	0.993101	0.378884	6.85865e-06	0.401774	0.993077	0.726649	0.00559116	1.69742e-06	0.000271333	0.0580548	9.12044e-08	4.44359e-07	0.993095	0.877874	0.929413	0.993095	0.856082	1.12159e-14	0.26522	0.115	0.221129	0.990029	0.557994	0.203679	0	
0.993004	0.155623	4.27906e-09	0.961565	0.0868955	0.993101	0.283505	5.13208e-06	0.449074	0.993083	0.786425	0.00418369	1.31581e-06	0.000203029	0.0752273	6.82494e-08	3.32498e-07	0.993097	0.906852	0.945403	0.993097	0.888874	8.39252e-15	0.445112	0.0860506	0.390785	0.990786	0.589059	0.208282	0	
0.993028	0.116579	3.20186e-09	0.969504	0.0650208	0.993101	0.212137	3.84015e-06	0.482252	0.993088	0.828108	0.00313055	1.01032e-06	0.000151919	0.0907196	5.10849e-08	2.48796e-07	0.993098	0.928509	0.957239	0.993098	0.911596	6.27984e-15	0.582488	0.0644471	0.539698	0.991326	0.497817	0.158811	0	
0.992991	0.0872363	2.39584e-09	0.975444	0.0486527	0.993101	0.158734	2.87344e-06	0.593651	0.993092	0.856808	0.00234248	7.73506e-07	0.000113675	0.0818953	3.86473e-08	1.86165e-07	0.993099	0.944523	0.964631	0.993099	0.926342	4.69899e-15	0.684224	0.0501838	0.648659	0.991679	0.555801	0.17217	0	
0.993017	0.0652874	1.79272e-09	0.97989	0.036405	0.993101	0.118775	2.15009e-06	0.657914	0.993094	0.824663	0.00175343	5.81112e-07	8.50591e-05	0.0792752	2.93036e-08	1.39301e-07	0.9931	0.955206	0.969851	0.9931	0.90239	3.51609e-15	0.761971	0.13333	0.735346	0.992008	0.551302	0.161164	0	
0.993037	0.0488583	1.34143e-09	0.983216	0.0272405	0.993101	0.0888749	1.60884e-06	0.71521	0.993096	0.740543	0.00131508	4.35577e-07	6.36467e-05	0.0739675	2.28643e-08	1.04234e-07	0.993101	0.958491	0.971931	0.9931	0.827261	2.63097e-15	0.820154	0.329112	0.800231	0.992265	0.621614	0.177397	0	
0.993053	0.0365857	1.00374e-09	0.985704	0.0203831	0.993101	0.0665019	1.20383e-06	0.712126	0.993098	0.621999	0.00102219	3.26195e-07	4.76245e-05	0.0751692	1.75263e-08	7.79945e-08	0.993101	0.954265	0.97492	0.993101	0.705328	1.96866e-15	0.863691	0.494116	0.848783	0.992465	0.654998	0.183576	0	
0.993066	0.0274249	7.51062e-10	0.987567	0.0152519	0.993101	0.0497609	9.00784e-07	0.679779	0.993099	0.54356	0.000796542	2.44392e-07	3.56357e-05	0.0784441	1.34495e-08	5.83605e-08	0.993101	0.9537	0.977371	0.993101	0.620491	1.47308e-15	0.896269	0.618792	0.885114	0.992608	0.615175	0.149966	0	
0.993074	0.0205309	5.61992e-10	0.98896	0.0114125	0.993101	0.0372343	6.74024e-07	0.70313	0.9931	0.529314	0.000597819	1.83505e-07	2.66649e-05	0.0705457	1.11028e-08	4.36692e-08	0.993102	0.953396	0.977982	0.993101	0.599006	1.10226e-15	0.920645	0.712103	0.912298	0.992686	0.610417	0.133648	0	
0.993081	0.0153683	4.20518e-10	0.990003	0.00853953	0.993101	0.0278611	5.04348e-07	0.727674	0.9931	0.494669	0.000449325	1.37729e-07	1.99523e-05	0.0614505	9.77588e-09	3.26762e-08	0.993102	0.942399	0.978375	0.993102	0.55562	8.24785e-16	0.938885	0.782492	0.932639	0.992754	0.639675	0.130448	0	
0.993086	0.0115086	3.14658e-10	0.990783	0.00638982	0.993101	0.0208474	3.77385e-07	0.722113	0.993101	0.44436	0.000340336	1.03323e-07	1.49296e-05	0.0541254	8.30128e-09	2.44505e-08	0.993102	0.921357	0.97992	0.993102	0.495769	6.17161e-16	0.952534	0.835363	0.94786	0.992814	0.690697	0.146294	0	
0.99309	0.00864395	2.35447e-10	0.991367	0.00478127	0.993101	0.0155994	2.82383e-07	0.660351	0.993101	0.415007	0.000260305	7.76181e-08	1.11713e-05	0.051547	6.62059e-09	1.82955e-08	0.993102	0.916622	0.982003	0.993102	0.458037	4.61803e-16	0.962746	0.874948	0.959249	0.992851	0.718108	0.146165	0	
0.993093	0.00652162	1.76177e-10	0.991804	0.00357765	0.993101	0.0116724	2.11297e-07	0.582945	0.993101	0.469612	0.000195218	5.91503e-08	8.35907e-06	0.0495904	5.21654e-09	1.369e-08	0.993102	0.928851	0.984005	0.993102	0.505305	3.45554e-16	0.970388	0.904346	0.967771	0.992778	0.72125	0.134852	0	
0.993095	0.00492399	1.31827e-10	0.992131	0.00267703	0.993101	0.00873406	1.58106e-07	0.522818	0.993102	0.574877	0.000146087	4.93764e-08	6.25479e-06	0.0459741	4.17009e-09	1.02438e-08	0.993102	0.943129	0.985652	0.993102	0.602646	2.58569e-16	0.976104	0.925307	0.974146	0.992172	0.756035	0.141447	0	
0.993097	0.00378288	9.86411e-11	0.992375	0.00200312	0.993101	0.00653538	1.18305e-07	0.444235	0.993102	0.671703	0.000109313	5.41735e-08	4.68023e-06	0.0444681	3.26141e-09	7.66515e-09	0.993102	0.955211	0.98714	0.993102	0.692756	1.93482e-16	0.980374	0.938326	0.978909	0.989993	0.771571	0.137381	0	
0.993098	0.00295214	7.38095e-11	0.992558	0.00149886	0.993101	0.00489018	8.85233e-08	0.374071	0.993102	0.75083	8.17947e-05	1.24193e-07	3.50204e-06	0.0425842	2.54844e-09	5.73565e-09	0.993102	0.964637	0.988367	0.993102	0.766628	1.44779e-16	0.983424	0.935201	0.982322	0.979092	0.739932	0.11817	0	
0.993096	0.00225235	5.5229e-11	0.992695	0.00112154	0.993101	0.00365915	6.62388e-08	0.348794	0.993102	0.811383	6.1204e-05	4.35483e-07	2.62045e-06	0.0382806	2.11716e-09	4.29192e-09	0.993102	0.971763	0.989196	0.993102	0.823212	1.08336e-16	0.981078	0.895637	0.980125	0.939893	0.779313	0.128074	0	
0.993097	0.00180036	4.13258e-11	0.992798	0.000839211	0.993101	0.00273801	4.95641e-08	0.298107	0.993102	0.856867	4.57967e-05	8.96504e-07	1.96079e-06	0.0364223	1.68222e-09	3.21161e-09	0.993102	0.977115	0.989972	0.993102	0.865723	8.10677e-17	0.978099	0.844236	0.977266	0.888437	0.750587	0.113586	0	
0.993089	0.00139525	3.09226e-11	0.992874	0.000627951	0.993101	0.00204875	3.7087e-08	0.282435	0.993102	0.891068	3.4268e-05	2.24913e-06	1.46719e-06	0.033121	1.43611e-09	2.40328e-09	0.993102	0.98113	0.990481	0.993102	0.897695	6.06635e-17	0.919215	0.747516	0.91788	0.790841	0.769986	0.127759	0	
0.993086	0.00113759	2.31383e-11	0.992932	0.000469873	0.993101	0.00153301	2.77509e-08	0.255098	0.993102	0.916685	2.56415e-05	3.8481e-06	1.09784e-06	0.0325141	1.19659e-09	1.7984e-09	0.993102	0.984138	0.990885	0.993102	0.921645	4.53958e-17	0.863006	0.657677	0.861412	0.697516	0.743367	0.110037	0	
0.993059	0.000889614	1.73135e-11	0.992975	0.000351589	0.993101	0.00114709	2.0765e-08	0.257395	0.993102	0.935883	1.91866e-05	6.62742e-06	8.21475e-07	0.0298034	1.10529e-09	1.34584e-09	0.993102	0.986391	0.991135	0.993102	0.939594	3.39715e-17	0.724396	0.561367	0.722747	0.595876	0.752806	0.111771	0	
0.99305	0.000713517	1.29551e-11	0.993007	0.000263081	0.993101	0.000858327	1.55377e-08	0.250418	0.993102	0.950246	1.43566e-05	8.54419e-06	6.1468e-07	0.0279639	1.0022e-09	1.0072e-09	0.993102	0.988076	0.991364	0.993102	0.953023	2.54232e-17	0.636353	0.492417	0.634747	0.521829	0.781308	0.132852	0	
0.993056	0.000662541	9.69381e-12	0.993031	0.000196854	0.993101	0.000642255	1.16263e-08	0.223783	0.993102	0.960998	1.07426e-05	1.052e-05	4.59943e-07	0.0294559	8.49531e-10	7.53757e-10	0.993102	0.989339	0.991571	0.993102	0.963076	1.90267e-17	0.587929	0.434424	0.586433	0.458963	0.710088	0.0948277	0	
0.992847	0.000510207	7.25353e-12	0.993049	0.000147299	0.993101	0.000480576	8.69955e-09	0.271178	0.993102	0.969059	8.03826e-06	1.49075e-05	3.44158e-07	0.0261026	1.05144e-09	5.6423e-10	0.993102	0.990283	0.991506	0.993102	0.970614	1.42405e-17	0.45561	0.368834	0.454439	0.388604	0.729435	0.0959889	0	
0.992871	0.000403518	5.42755e-12	0.993062	0.000110218	0.993101	0.000359597	6.50956e-09	0.284232	0.993102	0.975057	6.01474e-06	1.38832e-05	2.57521e-07	0.0236873	1.07003e-09	4.22408e-10	0.993102	0.990985	0.991594	0.993102	0.976221	1.06591e-17	0.439896	0.364819	0.43886	0.38127	0.654597	0.0711072	0	
0.99232	0.000304895	4.06124e-12	0.993072	8.24722e-05	0.993101	0.000269074	4.87087e-09	0.383446	0.993102	0.979529	4.50061e-06	1.24909e-05	1.92694e-07	0.0202675	2.06916e-09	3.16427e-10	0.993102	0.991501	0.991121	0.993102	0.9804	7.9793e-18	0.378691	0.377557	0.377837	0.391181	0.680002	0.0829135	0	
0.992487	0.000234362	3.03888e-12	0.99308	6.1711e-05	0.993101	0.000201338	3.6447e-09	0.428098	0.993102	0.982436	3.36764e-06	9.63561e-06	1.44186e-07	0.0183771	2.31284e-09	2.37051e-10	0.993102	0.991807	0.990968	0.993102	0.983088	5.9741e-18	0.522354	0.492509	0.521699	0.503244	0.722009	0.0954544	0	
0.992639	0.000193869	2.27388e-12	0.993085	4.61761e-05	0.993101	0.000150654	2.7272e-09	0.410099	0.993102	0.983878	2.51989e-06	7.32839e-06	1.07889e-07	0.0178631	2.06109e-09	1.77594e-10	0.993102	0.991948	0.991143	0.993102	0.984367	4.47367e-18	0.640028	0.600486	0.639537	0.608719	0.772711	0.129671	0	
0.992755	0.00024612	1.70146e-12	0.99309	3.45519e-05	0.993101	0.000112729	2.04068e-09	0.349098	0.993102	0.985331	1.88555e-06	5.65333e-06	8.07293e-08	0.0213889	1.66224e-09	1.32997e-10	0.993102	0.992173	0.991375	0.993102	0.985698	3.35096e-18	0.72829	0.674293	0.727922	0.680656	0.819263	0.169631	0	
0.992842	0.000753073	1.27314e-12	0.993093	2.58539e-05	0.993101	8.43509e-05	1.52701e-09	0.279767	0.993102	0.987031	1.41089e-06	4.80528e-06	6.04068e-08	0.0331708	1.29112e-09	9.9566e-11	0.993102	0.992399	0.991581	0.993102	0.987305	2.51087e-18	0.792173	0.686199	0.791896	0.691296	0.829114	0.160384	0	
0.992907	0.00113917	9.52646e-13	0.993095	1.93455e-05	0.993101	6.31167e-05	1.14266e-09	0.224779	0.993102	0.988495	1.05572e-06	5.89703e-06	4.52002e-08	0.0392557	1.00499e-09	7.45609e-11	0.993102	0.992573	0.991807	0.993102	0.9887	1.88226e-18	0.810553	0.613304	0.810332	0.617421	0.852725	0.172783	0	
0.992956	0.00203223	7.1283e-13	0.993097	1.44756e-05	0.993101	4.72279e-05	8.55102e-10	0.178053	0.993102	0.989633	7.89956e-07	1.13251e-05	3.38217e-08	0.0475757	7.76262e-10	5.58375e-11	0.993102	0.992706	0.992008	0.993102	0.989787	1.4119e-18	0.742983	0.504261	0.742795	0.507483	0.85867	0.185018	0	
0.992991	0.00321412	5.33385e-13	0.993098	1.08315e-05	0.993101	3.53389e-05	6.39942e-10	0.142024	0.993102	0.990498	5.91095e-07	2.60739e-05	2.53075e-08	0.0583874	6.02399e-10	4.18174e-11	0.993102	0.992805	0.992142	0.993102	0.990613	1.05994e-18	0.599139	0.397348	0.598988	0.399811	0.85422	0.195026	0	
0.993015	0.00429588	3.99112e-13	0.993099	8.10484e-06	0.993101	2.64428e-05	4.78936e-10	0.115852	0.993102	0.99115	4.42295e-07	5.56878e-05	1.89367e-08	0.0709759	4.74315e-10	3.13201e-11	0.993102	0.99288	0.992194	0.993101	0.991236	7.96588e-19	0.459128	0.307487	0.459013	0.30935	0.880324	0.208202	0	
0.993035	0.00732507	2.98641e-13	0.9931	6.06456e-06	0.993101	1.97862e-05	3.58524e-10	0.0924627	0.993102	0.991639	3.30953e-07	0.000102726	1.41696e-08	0.087491	3.68894e-10	2.34585e-11	0.993102	0.992936	0.992276	0.9931	0.991703	5.99527e-19	0.350062	0.236208	0.349974	0.237612	0.926434	0.2524	0	
0.993051	0.0285699	2.23462e-13	0.993101	4.53789e-06	0.993101	1.48053e-05	2.68657e-10	0.0715152	0.993102	0.992006	2.4764e-07	0.00017433	1.06026e-08	0.135087	2.8159e-10	1.75626e-11	0.993101	0.992978	0.992344	0.993095	0.992054	4.52074e-19	0.268367	0.18062	0.268301	0.181675	0.931881	0.259859	0	
0.993064	0.0504743	1.67209e-13	0.993101	3.39554e-06	0.993101	1.10783e-05	2.01457e-10	0.0556026	0.993102	0.992281	1.853e-07	0.000278597	7.93356e-09	0.178436	2.1569e-10	1.31495e-11	0.993099	0.993009	0.992388	0.993086	0.992317	3.4174e-19	0.203952	0.137713	0.203902	0.138505	0.867496	0.206456	0	
0.993061	0.0408518	1.25116e-13	0.993101	2.54076e-06	0.993101	8.28946e-06	1.50862e-10	0.0490196	0.993102	0.992487	1.38653e-07	0.00041209	5.9364e-09	0.166877	1.79469e-10	9.86293e-12	0.993098	0.993032	0.992385	0.993085	0.992514	2.59181e-19	0.153074	0.104915	0.153036	0.105509	0.680316	0.10147	0	
0.970928	0.0305769	9.36199e-14	0.993101	1.90116e-06	0.993101	6.2027e-06	1.12887e-10	0.177571	0.993102	0.992641	1.03749e-07	0.000540609	4.44199e-09	0.129496	8.9804e-10	7.57277e-12	0.993099	0.99305	0.991623	0.993089	0.992661	1.97405e-19	0.114548	0.0801446	0.11452	0.0805896	0.612933	0.0610171	0	
0.951726	0.0228807	7.00524e-14	0.993102	1.42257e-06	0.993101	4.64126e-06	8.44702e-11	0.340991	0.993102	0.992749	7.76318e-08	0.000422291	3.32378e-09	0.0989797	3.6113e-09	6.09917e-12	0.9931	0.993061	0.990385	0.993092	0.992764	1.51181e-19	0.0860871	0.0798505	0.0860662	0.0801903	0.596653	0.0557388	0	
0.960149	0.0171214	5.24176e-14	0.993102	1.06445e-06	0.993101	3.47288e-06	6.32065e-11	0.473434	0.993102	0.992619	5.80891e-08	0.000316661	2.48706e-09	0.0759381	6.77288e-09	5.04471e-12	0.9931	0.992999	0.989065	0.993095	0.992631	1.16592e-19	0.17146	0.233289	0.171442	0.233558	0.557622	0.0459367	0	
0.96777	0.0128116	3.92222e-14	0.993102	7.96492e-07	0.993101	2.59863e-06	4.72954e-11	0.58865	0.993102	0.989689	4.34696e-08	0.000236994	1.86098e-09	0.0583651	1.39538e-08	4.35985e-12	0.993101	0.991798	0.986509	0.993097	0.989697	9.07111e-20	0.374704	0.417006	0.37469	0.417209	0.576863	0.0475144	0	
0.974115	0.00958685	2.93485e-14	0.993102	5.95988e-07	0.993101	1.94446e-06	3.53898e-11	0.668192	0.993102	0.963005	3.29172e-08	0.000177339	1.3925e-09	0.0452651	1.64887e-08	3.82922e-12	0.993101	0.980706	0.985649	0.993098	0.963013	7.13451e-20	0.530352	0.561255	0.530342	0.561407	0.605667	0.051	0	
0.978893	0.00717423	2.19604e-14	0.993102	4.45974e-07	0.993101	1.45497e-06	2.64815e-11	0.71293	0.993102	0.876089	3.54425e-08	0.000132697	1.04196e-09	0.035577	1.57372e-08	3.39399e-12	0.993101	0.938895	0.986	0.993099	0.876096	5.68543e-20	0.646843	0.669808	0.646835	0.669922	0.741111	0.0850221	0	
0.98247	0.00539019	1.64322e-14	0.993102	3.33707e-07	0.993101	1.0887e-06	1.98246e-11	0.602669	0.993102	0.756079	2.78921e-07	9.92928e-05	7.7966e-10	0.0299692	1.2002e-08	2.80734e-12	0.993102	0.899163	0.987586	0.9931	0.756086	4.60113e-20	0.734009	0.751129	0.734003	0.751214	0.793666	0.104221	0	
0.985147	0.00412553	1.22956e-14	0.993102	2.49701e-07	0.993101	8.14635e-07	1.48612e-11	0.480461	0.993102	0.780546	2.15316e-07	7.43008e-05	5.83391e-10	0.0273097	9.05985e-09	2.283e-12	0.993102	0.917817	0.988871	0.9931	0.780551	3.78979e-20	0.799232	0.811456	0.799228	0.81152	0.766197	0.0948072	0	
0.987149	0.00313112	9.20036e-15	0.993102	1.86842e-07	0.993101	6.09562e-07	1.11358e-11	0.406554	0.993102	0.830548	1.61147e-07	5.56382e-05	4.3653e-10	0.024495	6.91626e-09	1.92844e-12	0.993102	0.936236	0.989788	0.993101	0.830552	3.18269e-20	0.847994	0.850593	0.84799	0.850641	0.793036	0.106026	0	
0.988648	0.00243735	6.8843e-15	0.993102	1.39807e-07	0.993101	4.56113e-07	8.35932e-12	0.334045	0.993102	0.87066	1.20583e-07	4.18144e-05	3.2664e-10	0.0233896	5.25534e-09	1.61889e-12	0.993102	0.950454	0.990513	0.993101	0.870664	2.72842e-20	0.884046	0.859939	0.884044	0.859976	0.79766	0.105173	0	
0.989768	0.00192562	5.15127e-15	0.993102	1.04612e-07	0.993101	3.41293e-07	6.28439e-12	0.277443	0.993102	0.901293	9.02283e-08	3.20656e-05	2.44412e-10	0.0224785	4.00546e-09	1.39029e-12	0.993102	0.961167	0.991068	0.993101	0.901296	2.3885e-20	0.90383	0.809445	0.903828	0.809474	0.821638	0.120527	0	
0.990607	0.00166441	3.85451e-15	0.993102	7.82777e-08	0.993101	2.55377e-07	4.74991e-12	0.225362	0.993102	0.924344	6.75146e-08	2.64053e-05	1.82885e-10	0.0235376	3.04238e-09	1.17192e-12	0.993102	0.969201	0.991498	0.993102	0.924345	2.13416e-20	0.886645	0.702949	0.886643	0.702972	0.868806	0.148596	0	
0.991234	0.00224887	2.88419e-15	0.993102	5.85723e-08	0.993101	1.91089e-07	3.67625e-12	0.175858	0.993102	0.941631	5.05187e-08	2.65923e-05	1.36846e-10	0.0291557	2.29411e-09	9.51984e-13	0.993102	0.975217	0.991846	0.993102	0.941632	1.94384e-20	0.820731	0.571867	0.820728	0.571885	0.86062	0.145545	0	
0.991703	0.00248486	2.15813e-15	0.993102	4.38276e-08	0.993101	1.42985e-07	2.85443e-12	0.140059	0.993102	0.95458	3.78013e-08	3.82908e-05	1.02397e-10	0.0327059	1.73735e-09	7.92138e-13	0.993102	0.979719	0.9921	0.993102	0.954581	1.80143e-20	0.655587	0.447175	0.655584	0.447189	0.857257	0.143906	0	
0.992052	0.00258531	1.61485e-15	0.993102	3.27946e-08	0.993101	1.06991e-07	2.23276e-12	0.11384	0.993102	0.964274	2.82853e-08	6.6284e-05	7.66199e-11	0.035026	1.32218e-09	6.75191e-13	0.993102	0.983087	0.992288	0.993102	0.964274	1.69487e-20	0.50118	0.344407	0.501177	0.344417	0.937427	0.230423	0	
0.992316	0.0208108	1.20833e-15	0.993102	2.4539e-08	0.993101	8.00571e-08	2.15222e-12	0.087055	0.993102	0.971528	2.11649e-08	0.000113168	5.73319e-11	0.0759993	9.93805e-10	5.19835e-13	0.993102	0.985609	0.99242	0.993099	0.971529	1.61514e-20	0.392956	0.263604	0.392954	0.263612	0.911613	0.212083	0	
0.992513	0.0237392	9.04153e-16	0.993102	1.83616e-08	0.993101	5.99038e-08	1.89778e-12	0.0682626	0.993102	0.976958	1.58369e-08	0.000193279	4.28994e-11	0.0936169	7.5111e-10	4.10064e-13	0.993101	0.987495	0.992507	0.993097	0.976958	1.55548e-20	0.297924	0.20073	0.297922	0.200736	0.92973	0.221945	0	
0.992661	0.0317135	6.76545e-16	0.993102	1.37393e-08	0.993101	4.48239e-08	1.83287e-12	0.0532601	0.993102	0.981021	1.18502e-08	0.000302737	3.21e-11	0.113422	5.67236e-10	3.2415e-13	0.9931	0.988906	0.992585	0.993093	0.981021	1.51083e-20	0.225574	0.152603	0.225572	0.152607	0.96768	0.267054	0	
0.992771	0.0830633	5.06234e-16	0.993102	1.02806e-08	0.993101	3.35401e-08	2.25333e-12	0.0408787	0.993102	0.984062	8.86707e-09	0.000439921	2.40193e-11	0.170116	4.2688e-10	2.49574e-13	0.993095	0.989963	0.992633	0.993078	0.984062	1.47743e-20	0.171887	0.115972	0.171886	0.115976	0.980833	0.276026	0	
0.992855	0.143734	3.78796e-16	0.993102	7.69263e-09	0.993101	2.50968e-08	2.83331e-12	0.0313776	0.993102	0.986337	6.6349e-09	0.000602465	1.79728e-11	0.222885	3.21292e-10	1.92618e-13	0.993085	0.990753	0.992675	0.993058	0.986337	1.45243e-20	0.13108	0.0881737	0.131079	0.0881762	0.975806	0.27131	0	
0.992917	0.178804	2.83439e-16	0.993102	5.75611e-09	0.993101	1.8779e-08	3.15754e-12	0.0243514	0.993102	0.98804	4.96466e-09	0.000781209	1.34484e-11	0.256866	2.42484e-10	1.5058e-13	0.993074	0.991344	0.992706	0.99304	0.98804	1.43373e-20	0.0996112	0.0671325	0.0996105	0.0671343	0.99513	0.29976	0	
0.992963	0.261027	2.12087e-16	0.993102	4.30709e-09	0.993101	1.40517e-08	3.88963e-12	0.0188149	0.993102	0.989314	3.71487e-09	0.000964731	1.00629e-11	0.316904	1.8285e-10	1.16325e-13	0.993045	0.991787	0.992713	0.992997	0.989314	1.41973e-20	0.0762331	0.0512373	0.0762326	0.0512386	1.02679	0.36929	0	
0.992998	0.417047	1.58697e-16	0.993102	3.22284e-09	0.993101	1.05143e-08	5.78695e-12	0.014394	0.993102	0.990267	2.77972e-09	0.00114649	7.52972e-12	0.437108	1.37567e-10	8.79512e-14	0.992878	0.992118	0.992615	0.99276	0.990267	1.40926e-20	0.0595965	0.0392386	0.059596	0.0392396	1.02929	0.365313	0	
0.993024	0.533042	1.18747e-16	0.993102	2.41153e-09	0.993101	7.8675e-09	7.35414e-12	0.0110706	0.993102	0.99098	2.07998e-09	0.00132168	5.63421e-12	0.523794	1.03647e-10	6.6795e-14	0.992735	0.992366	0.992566	0.992579	0.99098	1.40143e-20	0.0468464	0.0301845	0.046846	0.0301852	1.03559	0.388251	0	
0.993044	0.631809	8.88543e-17	0.993102	1.80446e-09	0.993101	5.88696e-09	8.93287e-12	0.00854835	0.993102	0.991514	1.5564e-09	0.00148458	4.21588e-12	0.605395	7.81823e-11	5.06024e-14	0.992467	0.992551	0.992461	0.992261	0.991514	1.39556e-20	0.0372905	0.0233568	0.0372902	0.0233574	1.02669	0.378845	0	
0.993058	0.698892	6.64865e-17	0.993102	1.35021e-09	0.993101	4.405e-09	9.5545e-12	0.00671257	0.993102	0.991914	1.16462e-09	0.00163206	3.15459e-12	0.660187	5.925e-11	3.86149e-14	0.992296	0.99269	0.992384	0.992081	0.991914	1.39118e-20	0.0295992	0.0182101	0.0295989	0.0182106	1.04341	0.438086	0	
0.993069	0.767311	4.97494e-17	0.993102	1.01032e-09	0.993101	3.2961e-09	1.116e-11	0.00524911	0.993102	0.992213	8.71627e-10	0.00176187	2.36046e-12	0.729136	4.48706e-11	2.91237e-14	0.991339	0.992794	0.992009	0.991013	0.992213	1.38789e-20	0.0243457	0.0143327	0.0243455	0.014333	1.03852	0.432802	0	
0.993078	0.817268	3.72257e-17	0.993102	7.55982e-10	0.993101	2.46635e-09	1.19875e-11	0.00417731	0.993102	0.992436	6.52348e-10	0.00187502	1.76625e-12	0.779182	3.41662e-11	2.20475e-14	0.990677	0.992871	0.991733	0.99031	0.992436	1.38544e-20	0.0200989	0.011411	0.0200987	0.0114113	1.05745	0.509266	0	
0.993084	0.860486	2.78546e-17	0.993102	5.65674e-10	0.993101	1.84548e-09	1.42798e-11	0.00329672	0.993102	0.992604	4.9101e-10	0.00197172	1.32162e-12	0.829286	2.59702e-11	1.65526e-14	0.986047	0.992929	0.990343	0.985326	0.992604	1.3836e-20	0.0176638	0.00921033	0.0176635	0.00921051	1.06418	0.530202	0	
0.993088	0.893267	2.08426e-17	0.993102	4.23273e-10	0.993101	1.38091e-09	1.67608e-11	0.00261628	0.993102	0.992729	3.73833e-10	0.00205416	9.88919e-13	0.868046	1.97864e-11	1.24221e-14	0.979669	0.992973	0.988738	0.978594	0.992729	1.38222e-20	0.016113	0.00755193	0.0161128	0.00755207	1.06859	0.55294	0	
0.993092	0.918049	1.55957e-17	0.993102	3.1672e-10	0.993101	1.03328e-09	1.91775e-11	0.00209451	0.993102	0.992823	2.95257e-10	0.00212376	7.39972e-13	0.897949	1.51294e-11	9.3181e-15	0.970109	0.993005	0.986533	0.968647	0.992823	1.38119e-20	0.0151325	0.00630211	0.0151323	0.00630221	1.06255	0.539351	0	
0.993094	0.936424	1.16697e-17	0.993102	2.3699e-10	0.993101	7.73168e-10	2.02309e-11	0.00172165	0.993102	0.992893	2.29763e-10	0.00218198	5.53694e-13	0.919836	1.16863e-11	7.0027e-15	0.965711	0.99303	0.98534	0.9642	0.992893	1.38042e-20	0.013997	0.00536017	0.0139968	0.00536025	1.06313	0.548552	0	
0.993096	0.950265	8.73203e-18	0.993102	1.77331e-10	0.993101	5.78533e-10	2.10874e-11	0.00144088	0.993102	0.992945	1.84498e-10	0.00222996	4.14309e-13	0.936557	9.10582e-12	5.26507e-15	0.960288	0.993048	0.98392	0.958748	0.992945	1.37985e-20	0.0131384	0.00465058	0.0131382	0.00465063	1.05926	0.530147	0	
0.993098	0.960383	6.53386e-18	0.993102	1.3269e-10	0.993101	4.32895e-10	2.12848e-11	0.00124307	0.993102	0.992984	1.44008e-10	0.00226923	3.10013e-13	0.948311	7.20402e-12	3.97609e-15	0.959798	0.993062	0.983699	0.958399	0.992984	1.37942e-20	0.012272	0.00411604	0.0122718	0.00411608	1.07376	0.591869	0	
0.993099	0.968475	4.88905e-18	0.993102	9.92873e-11	0.993101	3.2392e-10	2.32859e-11	0.00105355	0.993102	0.993014	1.77523e-10	0.00230098	2.31971e-13	0.95886	5.68264e-12	2.98576e-15	0.940279	0.993072	0.979658	0.938609	0.993014	1.37909e-20	0.0124093	0.00371356	0.0124091	0.00371359	1.06825	0.573001	0	
0.9931	0.974438	3.6583e-18	0.993102	7.42931e-11	0.993101	2.42377e-10	2.40143e-11	0.000926128	0.993102	0.993036	1.65386e-10	0.00232703	1.73575e-13	0.966421	4.57832e-12	2.24959e-15	0.933609	0.993079	0.978106	0.93197	0.993036	1.37885e-20	0.0121573	0.00341001	0.0121571	0.00341003	1.07375	0.595175	0	
0.9931	0.979001	2.73737e-18	0.993102	5.55908e-11	0.993101	1.81362e-10	2.53257e-11	0.000816436	0.993102	0.993052	2.02379e-10	0.00234806	1.2988e-13	0.972457	3.71803e-12	1.69321e-15	0.918669	0.993085	0.975044	0.916951	0.993052	1.37867e-20	0.0122823	0.00318127	0.012282	0.00318129	1.07952	0.622602	0	
0.993101	0.98248	2.04828e-18	0.993102	4.15966e-11	0.993101	1.35707e-10	2.72072e-11	0.000720903	0.993102	0.993065	3.85922e-10	0.00236512	9.71846e-14	0.97726	3.04244e-12	1.2727e-15	0.889622	0.993089	0.969202	0.887702	0.993065	1.37854e-20	0.0127447	0.00300873	0.0127444	0.00300875	1.09276	0.679891	0	
0.993101	0.985137	1.53265e-18	0.993102	3.11252e-11	0.993101	1.01544e-10	3.11194e-11	0.000623831	0.993102	0.993074	2.59913e-09	0.00237905	7.27197e-14	0.981123	2.47632e-12	9.54139e-16	0.808857	0.993093	0.951541	0.806537	0.993074	1.37844e-20	0.0141314	0.00287844	0.0141312	0.00287845	1.08276	0.626061	0	
0.993101	0.987081	1.14683e-18	0.993102	2.32899e-11	0.993101	7.59819e-11	3.2096e-11	0.000569876	0.993102	0.993081	2.21206e-09	0.00239066	5.44135e-14	0.983771	2.09695e-12	7.19297e-16	0.804411	0.993095	0.951572	0.802169	0.993081	1.37836e-20	0.0143343	0.00277973	0.0143341	0.00277973	1.0955	0.687911	0	
0.993102	0.988583	8.58128e-19	0.993102	1.7427e-11	0.993101	5.68545e-11	3.53836e-11	0.000506324	0.993102	0.993086	4.82026e-09	0.0024	4.07157e-14	0.986013	1.7582e-12	5.39776e-16	0.734813	0.993097	0.935987	0.732425	0.993086	1.3783e-20	0.0155461	0.00270519	0.0155458	0.0027052	1.10203	0.720135	0	
0.993102	0.989714	6.42106e-19	0.993102	1.304e-11	0.993101	4.25422e-11	3.94283e-11	0.000448996	0.993102	0.99309	1.50636e-08	0.00240776	3.0466e-14	0.987742	1.48158e-12	4.0471e-16	0.643022	0.993098	0.909676	0.640644	0.99309	1.37826e-20	0.0170965	0.00264863	0.0170962	0.00264863	1.10687	0.737419	0	
0.993102	0.990563	4.80465e-19	0.993102	9.75732e-12	0.993101	3.18328e-11	4.37718e-11	0.000399628	0.993102	0.993093	3.40913e-08	0.00241427	2.27966e-14	0.989052	1.25928e-12	3.03407e-16	0.555048	0.993099	0.880787	0.552802	0.993093	1.37823e-20	0.0187854	0.00260559	0.0187851	0.00260559	1.10857	0.738744	0	
0.993102	0.991198	3.59514e-19	0.993102	7.30105e-12	0.993101	2.38193e-11	4.75164e-11	0.000360557	0.993102	0.993095	4.95239e-08	0.00241975	1.70579e-14	0.990033	1.08789e-12	2.2759e-16	0.487746	0.9931	0.859472	0.485655	0.993095	1.37821e-20	0.0202398	0.00257277	0.0202394	0.00257277	1.11385	0.765431	0	
0.993102	0.991676	2.69011e-19	0.993102	5.46311e-12	0.993101	1.78231e-11	5.19612e-11	0.00032516	0.993102	0.993096	1.06784e-07	0.00242432	1.27638e-14	0.990783	9.45069e-13	1.70627e-16	0.413152	0.993101	0.824311	0.411308	0.993096	1.37819e-20	0.0219869	0.00254773	0.0219865	0.00254773	1.11472	0.759697	0	
0.993102	0.992033	2.01291e-19	0.993102	4.08784e-12	0.993101	1.33364e-11	5.55752e-11	0.00029772	0.993102	0.993098	1.3526e-07	0.00242818	9.55068e-15	0.991341	8.35937e-13	1.28043e-16	0.361897	0.993101	0.804389	0.360246	0.993098	1.37817e-20	0.0234014	0.00252855	0.023401	0.00252855	1.11823	0.772822	0	
0.993102	0.9923	1.50619e-19	0.993102	3.05879e-12	0.993101	9.97913e-12	5.9492e-11	0.000273503	0.993102	0.993099	1.94687e-07	0.0024314	7.14643e-15	0.991765	7.45558e-13	9.60942e-17	0.313404	0.993101	0.780046	0.311959	0.993099	1.37816e-20	0.0249416	0.00251386	0.0249412	0.00251386	1.12215	0.787575	0	
0.993102	0.992501	1.12703e-19	0.993102	2.28878e-12	0.993101	7.46702e-12	6.38847e-11	0.000251554	0.993102	0.993099	3.14162e-07	0.00243411	5.34741e-15	0.992087	6.68869e-13	7.21153e-17	0.267648	0.993101	0.750256	0.26641	0.993099	1.37816e-20	0.0266738	0.00250257	0.0266733	0.00250257	1.12504	0.798235	0	
0.993102	0.992651	8.43313e-20	0.993102	1.71261e-12	0.993101	5.5873e-12	6.83236e-11	0.000232498	0.993102	0.9931	4.92928e-07	0.0024364	4.00127e-15	0.992331	6.05255e-13	5.41322e-17	0.227726	0.993102	0.719113	0.226677	0.9931	1.37815e-20	0.0284231	0.00249385	0.0284226	0.00249385	1.12843	0.811261	0	
0.993102	0.992764	6.31021e-20	0.993102	1.28148e-12	0.993101	4.18077e-12	7.30838e-11	0.000215339	0.993102	0.9931	8.02682e-07	0.00243836	2.99401e-15	0.992516	5.5079e-13	4.06369e-17	0.192088	0.993102	0.684334	0.191211	0.9931	1.37815e-20	0.0302973	0.00248708	0.0302968	0.00248709	1.13529	0.850417	0	
0.993102	0.992849	4.7217e-20	0.993102	9.58887e-13	0.993101	3.12832e-12	7.98751e-11	0.000197197	0.993102	0.9931	2.67667e-06	0.00244003	2.24031e-15	0.992659	4.97485e-13	3.04673e-17	0.154127	0.993102	0.618292	0.153428	0.9931	1.37814e-20	0.0329662	0.00248181	0.0329656	0.00248181	1.13378	0.833754	0	
0.993102	0.992912	3.53307e-20	0.993102	7.175e-13	0.993101	2.34081e-12	8.42079e-11	0.000184727	0.993102	0.993101	3.06811e-06	0.0024415	1.67634e-15	0.992765	4.60214e-13	2.28816e-17	0.129589	0.993102	0.587675	0.129013	0.993101	1.37814e-20	0.0346623	0.00247764	0.0346617	0.00247764	1.13517	0.83839	0	
0.993102	0.99296	2.64367e-20	0.993102	5.36879e-13	0.993101	1.75154e-12	8.81388e-11	0.000174377	0.993102	0.993101	3.57741e-06	0.00244276	1.25434e-15	0.992845	4.29914e-13	1.7198e-17	0.110025	0.993102	0.560709	0.109548	0.993101	1.37814e-20	0.0361967	0.00247437	0.036196	0.00247437	1.13731	0.85088	0	
0.993102	0.992996	1.97816e-20	0.993102	4.01727e-13	0.993101	1.31061e-12	9.21792e-11	0.000165118	0.993102	0.993101	4.78822e-06	0.00244382	9.3858e-16	0.992905	4.03657e-13	1.29283e-17	0.0926143	0.993102	0.527696	0.0922233	0.993101	1.37814e-20	0.0377701	0.00247179	0.0377695	0.00247179	1.13715	0.8441	0	
0.993102	0.993022	1.48019e-20	0.993102	3.00598e-13	0.993101	9.80685e-13	9.51194e-11	0.000158299	0.993102	0.993101	5.19209e-06	0.00244473	7.02305e-16	0.99295	3.8427e-13	9.74207e-18	0.0810063	0.993102	0.511181	0.0806769	0.993101	1.37814e-20	0.0389113	0.00246975	0.0389106	0.00246975	1.13731	0.84046	0	
0.993102	0.993042	1.10757e-20	0.993102	2.24926e-13	0.993101	7.33811e-13	9.74042e-11	0.000153085	0.993102	0.993101	5.2759e-06	0.0024455	5.25509e-16	0.992983	3.69498e-13	7.3631e-18	0.0731567	0.993102	0.503563	0.0728726	0.993101	1.37814e-20	0.0397955	0.00246813	0.0397947	0.00246813	1.1404	0.863516	0	
0.993102	0.993057	8.28754e-21	0.993102	1.68304e-13	0.993101	5.49084e-13	1.00786e-10	0.000147108	0.993102	0.993101	7.44486e-06	0.00244614	3.93219e-16	0.99301	3.53531e-13	5.55586e-18	0.0627973	0.993102	0.473408	0.0625609	0.993101	1.37814e-20	0.0411049	0.00246686	0.0411042	0.00246686	1.13886	0.84971	0	
0.993102	0.993068	6.20127e-21	0.993102	1.25936e-13	0.993101	4.10859e-13	1.0247e-10	0.000143654	0.993102	0.993101	7.58334e-06	0.00244669	2.94232e-16	0.993029	3.43996e-13	4.2183e-18	0.0574979	0.993102	0.465725	0.0572914	0.993101	1.37814e-20	0.0417534	0.00246583	0.0417527	0.00246583	1.14103	0.867095	0	
0.993102	0.993077	4.64018e-21	0.993102	9.42333e-14	0.993101	3.07431e-13	1.04928e-10	0.000139647	0.993102	0.993101	9.70806e-06	0.00244714	2.20163e-16	0.993045	3.33493e-13	3.19953e-18	0.050538	0.993102	0.441618	0.0503625	0.993101	1.37814e-20	0.0427018	0.00246502	0.042701	0.00246502	1.14127	0.875612	0	
0.993102	0.993083	3.47208e-21	0.993102	7.05113e-14	0.993101	2.3004e-13	1.06906e-10	0.00013649	0.993102	0.993101	1.29344e-05	0.00244753	1.6474e-16	0.993057	3.25259e-13	2.43046e-18	0.0441821	0.993102	0.414134	0.0440335	0.993101	1.37814e-20	0.0434636	0.00246437	0.0434628	0.00246437	1.14418	0.897702	0	
0.993102	0.993088	2.59803e-21	0.993102	5.2761e-14	0.993101	1.7213e-13	1.10085e-10	0.000132322	0.993102	0.993101	2.33956e-05	0.00244786	1.23269e-16	0.993066	3.14825e-13	1.842e-18	0.0371897	0.993102	0.373708	0.0370675	0.993101	1.37814e-20	0.0446872	0.00246384	0.0446864	0.00246384	1.1461	0.9188	0	
0.993102	0.993091	1.94401e-21	0.993102	3.94792e-14	0.993101	1.28799e-13	1.1364e-10	0.000128068	0.993102	0.993101	4.93968e-05	0.00244816	9.22376e-17	0.993074	3.04329e-13	1.39364e-18	0.030551	0.993102	0.326976	0.0304524	0.993101	1.37813e-20	0.0460524	0.00246339	0.0460515	0.00246339	1.14809	0.934098	0	
0.993102	0.993094	1.45463e-21	0.993102	2.95408e-14	0.993101	9.63754e-14	1.17572e-10	0.000123749	0.993102	0.993101	9.5753e-05	0.00244844	6.9018e-17	0.993081	2.93788e-13	1.0541e-18	0.0248711	0.993102	0.282625	0.0247922	0.993101	1.37813e-20	0.047558	0.002463	0.0475571	0.002463	1.1486	0.945703	0	
0.993102	0.993096	1.08845e-21	0.993102	2.21043e-14	0.993101	7.21142e-14	1.2085e-10	0.000120233	0.993102	0.993101	0.000165138	0.0024487	5.16437e-17	0.993085	2.85227e-13	7.97696e-19	0.0202069	0.993102	0.242835	0.0201439	0.993101	1.37813e-20	0.0488103	0.00246266	0.0488094	0.00246266	1.15073	0.960928	0	
0.993102	0.993098	8.14447e-22	0.993102	1.65399e-14	0.993101	5.39604e-14	1.24732e-10	0.000116449	0.993102	0.993101	0.00029538	0.00244893	3.86431e-17	0.993089	2.76095e-13	6.03489e-19	0.0162995	0.993102	0.206553	0.0162495	0.993101	1.37813e-20	0.0502891	0.00246236	0.0502882	0.00246236	1.15018	0.974843	0	
0.993102	0.993099	6.09421e-22	0.993102	1.23762e-14	0.993101	4.03766e-14	1.27264e-10	0.000113909	0.993102	0.993101	0.000520592	0.00244916	2.89152e-17	0.993092	2.6995e-13	4.56567e-19	0.0130901	0.993102	0.173641	0.0130506	0.993101	1.37813e-20	0.0512523	0.00246209	0.0512513	0.00246209	1.1492	0.981746	0	
0.993102	0.9931	4.56007e-22	0.993102	9.26064e-15	0.993101	3.02124e-14	1.28497e-10	0.000112542	0.993102	0.993101	0.000784178	0.00244936	2.16362e-17	0.993094	2.66613e-13	3.45987e-19	0.0105736	0.993102	0.146412	0.0105424	0.993101	1.37813e-20	0.05172	0.00246185	0.0517191	0.00246185	1.14965	0.989736	0	
0.993102	0.9931	3.41214e-22	0.993102	6.9294e-15	0.993101	2.26068e-14	1.29722e-10	0.000111272	0.993102	0.993101	0.00112967	0.00244952	1.61896e-17	0.993096	2.63533e-13	2.626e-19	0.00857592	0.993102	0.123863	0.00855104	0.993101	1.37813e-20	0.0521845	0.00246166	0.0521836	0.00246166	1.15215	1.00948	0	
0.993102	0.993101	2.55318e-22	0.993102	5.18502e-15	0.993101	1.69159e-14	1.32361e-10	0.000109002	0.993102	0.993101	0.00203829	0.00244966	1.21141e-17	0.993097	2.58104e-13	1.98994e-19	0.00686478	0.993102	0.102988	0.00684517	0.993101	1.37813e-20	0.053184	0.0024615	0.053183	0.0024615	1.15416	1.01356	0	
0.993102	0.993101	1.91045e-22	0.993102	3.87976e-15	0.993101	1.26575e-14	1.35781e-10	0.000106291	0.993102	0.993101	0.00292788	0.00244979	9.06452e-18	0.993098	2.51646e-13	1.51204e-19	0.00554941	0.993102	0.0869677	0.00553384	0.993101	1.37813e-20	0.0544753	0.00246135	0.0544743	0.00246135	1.15261	1.01999	0	
0.993102	0.993101	1.42952e-22	0.993102	2.90308e-15	0.993101	9.47116e-15	1.37217e-10	0.000105041	0.993102	0.993101	0.00400201	0.00244993	6.78265e-18	0.993099	2.48657e-13	1.15167e-19	0.00451536	0.993102	0.0735679	0.00450294	0.993101	1.37813e-20	0.0550173	0.00246121	0.0550163	0.00246121	1.15379	1.03345	0	
0.993102	0.993102	1.06966e-22	0.993102	2.17227e-15	0.993101	7.08692e-15	1.39145e-10	0.00010351	0.993102	0.993101	0.00608186	0.00245004	5.07521e-18	0.9931	2.45009e-13	8.77231e-20	0.00365603	0.993102	0.0617414	0.00364615	0.993101	1.37813e-20	0.0557436	0.00246108	0.0557426	0.00246108	1.15267	1.03725	0	
0.993102	0.993102	8.00386e-23	0.993102	1.62543e-15	0.993101	5.30289e-15	1.3978e-10	0.000102928	0.993102	0.993101	0.00813665	0.00245014	3.79759e-18	0.9931	2.43614e-13	6.70748e-20	0.00299276	0.993102	0.0522808	0.00298484	0.993101	1.37813e-20	0.0559819	0.00246097	0.0559809	0.00246097	1.14939	1.03521	0	
0.993102	0.993102	5.989e-23	0.993102	1.21625e-15	0.993101	3.96796e-15	1.37993e-10	0.000104218	0.993102	0.993101	0.00939704	0.00245023	2.8416e-18	0.993101	2.46654e-13	5.16842e-20	0.00250714	0.993102	0.0450565	0.00250066	0.993101	1.37813e-20	0.0553032	0.00246088	0.0553022	0.00246088	1.14982	1.03414	0	
0.993102	0.993102	4.48135e-23	0.993102	9.10076e-16	0.993101	2.96908e-15	1.36938e-10	0.000104955	0.993102	0.993101	0.0102038	0.00245028	2.12627e-18	0.993101	2.48389e-13	4.02001e-20	0.00214955	0.993102	0.0398257	0.00214414	0.993101	1.37813e-20	0.0549032	0.00246083	0.0549022	0.00246083	1.14963	1.03703	0	
0.993102	0.993102	3.35323e-23	0.993102	6.80977e-16	0.993101	2.22165e-15	1.36023e-10	0.000105607	0.993102	0.993101	0.0111902	0.0024503	1.59101e-18	0.993101	2.49925e-13	3.15214e-20	0.00186666	0.993102	0.035556	0.00186207	0.993101	1.37813e-20	0.0545569	0.0024608	0.0545559	0.0024608	1.14905	1.04273	0	
0.993102	0.993102	2.5091e-23	0.993102	5.0955e-16	0.993101	1.66238e-15	1.34949e-10	0.000106413	0.993102	0.993101	0.0128224	0.00245032	1.19049e-18	0.993101	2.51827e-13	2.48722e-20	0.0016272	0.993102	0.0316952	0.00162328	0.993101	1.37813e-20	0.0541498	0.00246079	0.0541488	0.00246079	1.14786	1.03981	0	
0.993102	0.993102	1.87747e-23	0.993102	3.81278e-16	0.993101	1.2439e-15	1.3337e-10	0.000107672	0.993102	0.993101	0.0135617	0.00245032	8.90803e-19	0.993101	2.54803e-13	1.99741e-20	0.00146186	0.993102	0.0289822	0.00145841	0.993101	1.37813e-20	0.0535503	0.00246079	0.0535493	0.00246079	1.14492	1.04502	0	
0.993102	0.993102	1.40484e-23	0.993102	2.85296e-16	0.993101	9.30765e-16	1.30337e-10	0.000110314	0.993102	0.993101	0.0150157	0.0024503	6.66555e-19	0.993102	2.61051e-13	1.61742e-20	0.00131402	0.993102	0.0261745	0.00131096	0.993101	1.37813e-20	0.0523944	0.0024608	0.0523934	0.0024608	1.14568	1.04595	0	
0.993102	0.993102	1.05119e-23	0.993102	2.13477e-16	0.993101	6.96457e-16	1.28538e-10	0.00011184	0.993102	0.993101	0.0162852	0.00245026	4.98759e-19	0.993102	2.64661e-13	1.33082e-20	0.00119936	0.993102	0.0240587	0.00119659	0.993101	1.37813e-20	0.0517106	0.00246085	0.0517097	0.00246085	1.14636	1.04867	0	
0.993102	0.993102	7.86568e-24	0.993102	1.59737e-16	0.993101	5.21134e-16	1.27611e-10	0.000112591	0.993102	0.993101	0.0178035	0.0024502	3.73203e-19	0.993102	2.66436e-13	1.10998e-20	0.00110212	0.993102	0.0222989	0.0010996	0.993101	1.37813e-20	0.0513605	0.0024609	0.0513595	0.0024609	1.14549	1.04921	0	
0.993102	0.993102	5.8856e-24	0.993102	1.19525e-16	0.993101	3.89945e-16	1.26379e-10	0.000113656	0.993102	0.993101	0.0190602	0.00245015	2.79254e-19	0.993102	2.68957e-13	9.43504e-21	0.00102717	0.993102	0.0208649	0.00102482	0.993101	1.37813e-20	0.0508926	0.00246095	0.0508916	0.00246095	1.13996	1.04503	0	
0.993102	0.993102	4.40398e-24	0.993102	8.94365e-17	0.993101	2.91782e-16	1.22223e-10	0.000117892	0.993102	0.993101	0.0191342	0.00245011	2.08956e-19	0.993102	2.78979e-13	8.28784e-21	0.000988736	0.993102	0.0196826	0.000986482	0.993101	1.37813e-20	0.049297	0.002461	0.0492961	0.002461	1.13943	1.05013	0	
0.993102	0.993102	3.29534e-24	0.993102	6.6922e-17	0.993101	2.1833e-16	1.18818e-10	0.000121415	0.993102	0.993101	0.0202675	0.00245002	1.56354e-19	0.993102	2.87318e-13	7.31029e-21	0.00093867	0.993102	0.0183701	0.000936516	0.993101	1.37813e-20	0.0479905	0.00246108	0.0479896	0.00246108	1.13908	1.05482	0	
0.993102	0.993102	2.46578e-24	0.993102	5.00753e-17	0.993101	1.63368e-16	1.16082e-10	0.000124282	0.993102	0.993101	0.0223072	0.00244991	1.16994e-19	0.993102	2.94102e-13	6.4797e-21	0.00088347	0.993102	0.0170441	0.000881419	0.993101	1.37813e-20	0.0469411	0.0024612	0.0469403	0.0024612	1.14002	1.05435	0	
0.993102	0.993102	1.84505e-24	0.993102	3.74695e-17	0.993101	1.22242e-16	1.1455e-10	0.000125805	0.993102	0.993101	0.0237066	0.00244979	8.75424e-20	0.993102	2.97706e-13	5.86761e-21	0.000843874	0.993102	0.0161445	0.000841886	0.993101	1.37813e-20	0.0463571	0.00246131	0.0463563	0.00246131	1.13776	1.05712	0	
0.993102	0.993102	1.38059e-24	0.993102	2.80371e-17	0.993101	9.14696e-17	1.12179e-10	0.000128463	0.993102	0.993101	0.0255488	0.00244968	6.55048e-20	0.993102	3.03997e-13	5.35479e-21	0.000804429	0.993102	0.015151	0.000802507	0.993101	1.37813e-20	0.0454451	0.00246142	0.0454443	0.00246142	1.14183	1.05916	0	
0.993102	0.993102	1.03304e-24	0.993102	2.09791e-17	0.993101	6.84434e-17	1.12648e-10	0.000127769	0.993102	0.993101	0.0275718	0.00244957	4.90148e-20	0.993102	3.02354e-13	4.9324e-21	0.000768	0.993102	0.0145328	0.000766136	0.993101	1.37813e-20	0.0456337	0.00246153	0.0456329	0.00246153	1.14095	1.06214	0	
0.993102	0.993102	7.72989e-25	0.993102	1.56979e-17	0.993101	5.12137e-17	1.125e-10	0.00012781	0.993102	0.993101	0.0301127	0.00244949	3.6676e-20	0.993102	3.02451e-13	4.56289e-21	0.000731153	0.993102	0.0138361	0.000729359	0.993101	1.37813e-20	0.0455813	0.00246161	0.0455805	0.00246161	1.13868	1.06314	0	
0.993102	0.993102	5.78399e-25	0.993102	1.17462e-17	0.993101	3.83214e-17	1.1114e-10	0.000129334	0.993102	0.993101	0.0323864	0.00244944	2.74433e-20	0.993102	3.06056e-13	4.2691e-21	0.00070048	0.993102	0.0131295	0.000698746	0.993101	1.37813e-20	0.0450579	0.00246167	0.0450571	0.00246167	1.13616	1.06673	0	
0.993102	0.993102	4.32795e-25	0.993102	8.78924e-18	0.993101	2.86745e-17	1.08795e-10	0.000132217	0.993102	0.993101	0.035542	0.00244938	2.05348e-20	0.993102	3.1288e-13	3.99001e-21	0.000666911	0.993102	0.0122844	0.000665245	0.993101	1.37813e-20	0.0441505	0.00246173	0.0441497	0.00246173	1.1365	1.0679	0	
0.993102	0.993102	3.23845e-25	0.993102	6.57667e-18	0.993101	2.14561e-17	1.07215e-10	0.000134136	0.993102	0.993101	0.0384195	0.00244929	1.53655e-20	0.993102	3.17422e-13	3.76282e-21	0.000638516	0.993102	0.0116118	0.000636901	0.993101	1.37813e-20	0.0435403	0.00246181	0.0435395	0.00246181	1.14134	1.07372	0	
0.993102	0.993102	2.42321e-25	0.993102	4.92108e-18	0.993101	1.60548e-17	1.08655e-10	0.000132325	0.993102	0.993101	0.0434897	0.00244921	1.14974e-20	0.993102	3.13135e-13	3.50744e-21	0.000601962	0.993102	0.0110622	0.000600422	0.993101	1.37813e-20	0.044103	0.00246189	0.0441022	0.00246189	1.13412	1.06649	0	
0.993102	0.993102	1.8132e-25	0.993102	3.68227e-18	0.993101	1.20132e-17	1.05911e-10	0.000135931	0.993102	0.993101	0.0437463	0.00244917	8.60311e-21	0.993102	3.2167e-13	3.42399e-21	0.000593911	0.993102	0.0106515	0.000592379	0.993101	1.37813e-20	0.0430367	0.00246194	0.0430359	0.00246194	1.13373	1.06955	0	
0.993102	0.993102	1.35675e-25	0.993102	2.75531e-18	0.993101	8.98909e-18	1.03664e-10	0.000138923	0.993102	0.993101	0.0453282	0.00244909	6.43739e-21	0.993102	3.2875e-13	3.314e-21	0.000579377	0.993102	0.0101868	0.000577864	0.993101	1.37813e-20	0.0421641	0.00246201	0.0421634	0.00246201	1.12898	1.06342	0	
0.993102	0.993102	1.01521e-25	0.993102	2.06169e-18	0.993101	6.72622e-18	9.97705e-11	0.000144868	0.993102	0.993101	0.0438815	0.002449	4.81686e-21	0.993102	3.42821e-13	3.32987e-21	0.00058613	0.993102	0.00990085	0.000584575	0.993101	1.37813e-20	0.0406426	0.0024621	0.0406419	0.0024621	1.13097	1.06959	0	
0.993102	0.993102	7.59645e-26	0.993102	1.54269e-18	0.993101	5.033e-18	9.77589e-11	0.00014772	0.993102	0.993101	0.0454495	0.00244886	3.60428e-21	0.993102	3.49571e-13	3.24307e-21	0.000573514	0.993102	0.00950578	0.00057196	0.993101	1.37813e-20	0.0398616	0.00246225	0.0398609	0.00246225	1.12851	1.06958	0	
0.993102	0.993102	5.68415e-26	0.993102	1.15434e-18	0.993101	3.76603e-18	9.51459e-11	0.000151834	0.993102	0.993101	0.046622	0.00244872	2.69695e-21	0.993102	3.59308e-13	3.1782e-21	0.000564101	0.993102	0.00911058	0.00056254	0.993101	1.37813e-20	0.0388414	0.00246239	0.0388407	0.00246239	1.12396	1.06676	0	
0.993102	0.993102	4.25325e-26	0.993102	8.6375e-19	0.993101	2.818e-18	9.12775e-11	0.000158846	0.993102	0.993101	0.0462145	0.00244856	2.01803e-21	0.993102	3.75905e-13	3.17333e-21	0.00056492	0.993102	0.00874764	0.00056332	0.993101	1.37813e-20	0.0373212	0.00246255	0.0373205	0.00246255	1.12387	1.07058	0	
0.993102	0.993102	3.18255e-26	0.993102	6.46313e-19	0.993101	2.10862e-18	8.83452e-11	0.000164177	0.993102	0.993101	0.047685	0.00244836	1.51002e-21	0.993102	3.88525e-13	3.11121e-21	0.000555073	0.993102	0.00833177	0.000553456	0.993101	1.37813e-20	0.0361709	0.00246275	0.0361702	0.00246275	1.12244	1.06961	0	
0.993102	0.993102	2.38139e-26	0.993102	4.83612e-19	0.993101	1.57783e-18	8.55885e-11	0.000169475	0.993102	0.993101	0.0483151	0.00244814	1.12989e-21	0.993102	4.01064e-13	3.07914e-21	0.000550321	0.993102	0.00800454	0.000548669	0.993101	1.37813e-20	0.0350879	0.00246297	0.0350872	0.00246297	1.11547	1.06642	0	
0.993102	0.993102	1.78192e-26	0.993102	3.6187e-19	0.993101	1.18066e-18	8.09886e-11	0.000180419	0.993102	0.993101	0.0473448	0.00244791	8.45458e-22	0.993102	4.26968e-13	3.10456e-21	0.000555671	0.993102	0.00763131	0.000553948	0.993101	1.37813e-20	0.0332635	0.0024632	0.0332629	0.0024632	1.11032	1.0625	0	
0.993102	0.993102	1.33335e-26	0.993102	2.70774e-19	0.993101	8.83473e-19	7.58889e-11	0.00019442	0.993102	0.993101	0.0450602	0.00244761	6.32625e-22	0.993102	4.60109e-13	3.18891e-21	0.000571478	0.993102	0.00731255	0.000569628	0.993101	1.37813e-20	0.0312328	0.00246351	0.0312323	0.00246351	1.10912	1.06371	0	
0.993102	0.993102	9.97705e-27	0.993102	2.0261e-19	0.993101	6.61104e-19	7.17112e-11	0.000206336	0.993102	0.993101	0.043815	0.0024472	4.73371e-22	0.993102	4.88314e-13	3.23131e-21	0.000579667	0.993102	0.00699915	0.000577693	0.993101	1.37813e-20	0.0295704	0.00246391	0.0295699	0.00246391	1.10523	1.06272	0	
0.993102	0.993102	7.46556e-27	0.993102	1.51606e-19	0.993101	4.94719e-19	6.74663e-11	0.000220182	0.993102	0.993101	0.042512	0.00244676	3.54206e-22	0.993102	5.21091e-13	3.27988e-21	0.000588898	0.993102	0.0066788	0.000586782	0.993101	1.37813e-20	0.0278751	0.00246436	0.0278745	0.00246436	1.10689	1.06614	0	
0.993102	0.993102	5.58629e-27	0.993102	1.13441e-19	0.993101	3.70217e-19	6.47581e-11	0.000228386	0.993102	0.993101	0.0429025	0.00244626	2.65039e-22	0.993102	5.40511e-13	3.25935e-21	0.000585654	0.993102	0.00638991	0.000583435	0.993101	1.37813e-20	0.0267999	0.00246487	0.0267995	0.00246487	1.1069	1.06898	0	
0.993102	0.993102	4.18011e-27	0.993102	8.48838e-20	0.993101	2.77056e-19	6.27339e-11	0.000234515	0.993102	0.993101	0.0444693	0.00244578	1.98319e-22	0.993102	5.55019e-13	3.19946e-21	0.000575257	0.993102	0.00609735	0.000572972	0.993101	1.37813e-20	0.0259983	0.00246535	0.0259978	0.00246535	1.10627	1.06899	0	
0.993102	0.993102	3.12791e-27	0.993102	6.35155e-20	0.993101	2.07348e-19	6.10414e-11	0.000239904	0.993102	0.993101	0.0456476	0.00244535	1.48395e-22	0.993102	5.67774e-13	3.15455e-21	0.000567493	0.993102	0.00586196	0.000565142	0.993101	1.37813e-20	0.0253276	0.00246579	0.0253271	0.00246579	1.10739	1.07378	0	
0.993102	0.993102	2.34059e-27	0.993102	4.75263e-20	0.993101	1.55187e-19	6.00939e-11	0.000242511	0.993102	0.993101	0.0489942	0.00244496	1.11039e-22	0.993102	5.73945e-13	3.05137e-21	0.000549178	0.993102	0.00559409	0.000546824	0.993101	1.37813e-20	0.0249566	0.00246618	0.0249562	0.00246618	1.10417	1.07273	0	
0.993102	0.993102	1.75147e-27	0.993102	3.55622e-20	0.993101	1.16161e-19	5.84846e-11	0.000248656	0.993102	0.993101	0.0509198	0.00244463	8.30862e-23	0.993102	5.88493e-13	2.98895e-21	0.000538151	0.993102	0.0053427	0.000535773	0.993101	1.37813e-20	0.0243131	0.00246651	0.0243127	0.00246651	1.10269	1.07115	0	
0.993102	0.993102	1.31066e-27	0.993102	2.66099e-20	0.993101	8.69624e-20	5.68853e-11	0.000255278	0.993102	0.993101	0.0515374	0.00244431	6.21704e-23	0.993102	6.04168e-13	2.96489e-21	0.000534014	0.993102	0.00515682	0.000531584	0.993101	1.37813e-20	0.0236717	0.00246683	0.0236713	0.00246683	1.10249	1.07647	0	
0.993102	0.993102	9.80826e-28	0.993102	1.99112e-20	0.993101	6.51142e-20	5.56378e-11	0.0002605	0.993102	0.993101	0.0549822	0.00244399	4.65198e-23	0.993102	6.16532e-13	2.87334e-21	0.000517693	0.993102	0.00489716	0.000515274	0.993101	1.37813e-20	0.0231725	0.00246715	0.023172	0.00246715	1.09979	1.07503	0	
0.993102	0.993102	7.34031e-28	0.993102	1.48988e-20	0.993101	4.8771e-20	5.4016e-11	0.00026827	0.993102	0.993101	0.0567023	0.00244369	3.48091e-23	0.993102	6.34925e-13	2.82394e-21	0.00050895	0.993102	0.00467699	0.000506509	0.993101	1.37813e-20	0.0225184	0.00246745	0.022518	0.00246745	1.09529	1.0714	0	
0.993102	0.993102	5.49387e-28	0.993102	1.11483e-20	0.993101	3.65514e-20	5.17379e-11	0.000280979	0.993102	0.993101	0.056003	0.00244337	2.60464e-23	0.993102	6.65013e-13	2.83776e-21	0.000511607	0.993102	0.00449503	0.00050908	0.993101	1.37813e-20	0.0215937	0.00246778	0.0215933	0.00246778	1.09611	1.07309	0	
0.993102	0.993102	4.11219e-28	0.993102	8.34184e-21	0.993101	2.74061e-20	5.02194e-11	0.000289191	0.993102	0.993101	0.0563807	0.00244297	1.94896e-23	0.993102	6.84456e-13	2.82403e-21	0.000509317	0.993102	0.00434169	0.000506718	0.993101	1.37813e-20	0.0209806	0.00246818	0.0209802	0.00246818	1.09766	1.07564	0	
0.993102	0.993102	3.07826e-28	0.993102	6.24189e-21	0.993101	2.05597e-20	4.94459e-11	0.000292924	0.993102	0.993101	0.0581285	0.00244258	1.45833e-23	0.993102	6.93292e-13	2.77881e-21	0.000501336	0.993102	0.00420754	0.000498698	0.993101	1.37813e-20	0.0206726	0.00246858	0.0206722	0.00246858	1.10558	1.08449	0	
0.993102	0.993102	2.30426e-28	0.993102	4.67058e-21	0.993101	1.54224e-20	5.09051e-11	0.000284505	0.993102	0.993101	0.0656054	0.00244223	1.09122e-23	0.993102	6.7336e-13	2.63707e-21	0.000475898	0.993102	0.00408975	0.000473336	0.993101	1.37813e-20	0.021277	0.00246893	0.0212766	0.00246893	1.10426	1.08411	0	
0.993102	0.993102	1.72516e-28	0.993102	3.49483e-21	0.993101	1.15804e-20	5.16327e-11	0.000279961	0.993102	0.993101	0.0708885	0.00244208	8.16518e-24	0.993102	6.62603e-13	2.53527e-21	0.000457599	0.993102	0.00398403	0.000455106	0.993101	1.37813e-20	0.0215788	0.00246908	0.0215784	0.00246908	1.11075	1.09135	0	
0.993102	0.993102	1.29161e-28	0.993102	2.61505e-21	0.993101	8.69642e-21	5.40536e-11	0.0002684	0.993102	0.993101	0.0813332	0.00244202	6.10971e-24	0.993102	6.35233e-13	2.3833e-21	0.000430208	0.993102	0.00389114	0.000427852	0.993101	1.37813e-20	0.0225673	0.00246914	0.0225669	0.00246914	1.11639	1.09887	0	
0.993102	0.993102	9.6706e-29	0.993102	1.95675e-21	0.993101	6.53211e-21	5.77093e-11	0.000253456	0.993102	0.993101	0.0975999	0.00244212	4.57167e-24	0.993102	5.99858e-13	2.20171e-21	0.000397423	0.993102	0.00378836	0.000395256	0.993101	1.37813e-20	0.0240497	0.00246904	0.0240492	0.00246904	1.12129	1.10431	0	
0.993102	0.993102	7.24102e-29	0.993102	1.46416e-21	0.993101	4.90821e-21	6.22203e-11	0.000237368	0.993102	0.993101	0.117103	0.00244237	3.42081e-24	0.993102	5.61773e-13	2.02272e-21	0.000365071	0.993102	0.00370202	0.000363108	0.993101	1.37813e-20	0.0258679	0.00246879	0.0258675	0.00246879	1.11145	1.09545	0	
0.993102	0.993102	5.42541e-29	0.993102	1.09558e-21	0.993101	3.70299e-21	6.21953e-11	0.000235703	0.993102	0.993101	0.120252	0.00244276	2.55967e-24	0.993102	5.5783e-13	1.96147e-21	0.000353919	0.993102	0.00362056	0.000352068	0.993101	1.37813e-20	0.0258549	0.00246839	0.0258544	0.00246839	1.10856	1.09344	0	
0.993102	0.993102	4.06774e-29	0.993102	8.19782e-22	0.993101	2.80489e-21	6.12976e-11	0.000237915	0.993102	0.993101	0.120394	0.00244307	1.91531e-24	0.993102	5.63068e-13	1.934e-21	0.000348878	0.993102	0.00354474	0.000347097	0.993101	1.37813e-20	0.0254884	0.00246808	0.0254879	0.00246808	1.10785	1.09348	0	
0.993102	0.993102	3.05208e-29	0.993102	6.13413e-22	0.993101	2.13386e-21	6.04173e-11	0.000240453	0.993102	0.993101	0.120542	0.00244328	1.43316e-24	0.993102	5.69075e-13	1.9131e-21	0.000345051	0.993102	0.00347564	0.00034332	0.993101	1.37813e-20	0.02513	0.00246787	0.0251295	0.00246787	1.10344	1.08974	0	
0.993102	0.993102	2.2937e-29	0.993102	4.58995e-22	0.993101	1.6385e-21	5.85319e-11	0.000248098	0.993102	0.993101	0.11687	0.0024434	1.07238e-24	0.993102	5.87173e-13	1.93371e-21	0.000348727	0.993102	0.00341319	0.000346998	0.993101	1.37813e-20	0.024363	0.00246775	0.0243625	0.00246775	1.1017	1.08866	0	
0.993102	0.993102	1.72695e-29	0.993102	3.43449e-22	0.993101	1.27086e-21	5.66638e-11	0.000256241	0.993102	0.993101	0.113122	0.0024434	8.02422e-25	0.993102	6.0645e-13	1.96004e-21	0.000353474	0.993102	0.00335567	0.000351723	0.993101	1.37813e-20	0.023604	0.00246775	0.0236035	0.00246775	1.10233	1.09038	0	
0.993102	0.993102	1.30261e-29	0.993102	2.5699e-22	0.993101	9.94646e-22	5.54293e-11	0.00026145	0.993102	0.993101	0.111951	0.0024433	6.00423e-25	0.993102	6.1878e-13	1.96243e-21	0.000353933	0.993102	0.00329546	0.000352166	0.993101	1.37813e-20	0.0231045	0.00246785	0.0231041	0.00246785	1.10381	1.09269	0	
0.993102	0.993102	9.84492e-30	0.993102	1.92297e-22	0.993101	7.85448e-22	5.48967e-11	0.000263316	0.993102	0.993101	0.11341	0.00244316	4.49275e-25	0.993102	6.23197e-13	1.94182e-21	0.000350257	0.993102	0.00323751	0.000348489	0.993101	1.37813e-20	0.0228916	0.00246799	0.0228912	0.00246799	1.09686	1.08564	0	
0.993102	0.993102	7.49596e-30	0.993102	1.43889e-22	0.993101	6.4211e-22	5.27569e-11	0.0002748	0.993102	0.993101	0.107892	0.00244303	3.36176e-25	0.993102	6.50384e-13	1.99809e-21	0.000360443	0.993102	0.0031957	0.000358603	0.993101	1.37813e-20	0.0220199	0.00246812	0.0220195	0.00246812	1.09842	1.08824	0	
0.993102	0.993102	5.73047e-30	0.993102	1.07667e-22	0.993101	5.31542e-22	5.15272e-11	0.000280996	0.993102	0.993101	0.106041	0.0024428	2.51548e-25	0.993102	6.65053e-13	2.01258e-21	0.000363126	0.993102	0.00314864	0.000361238	0.993101	1.37813e-20	0.0215223	0.00246836	0.0215219	0.00246836	1.0966	1.08709	0	
0.993102	0.993102	4.41859e-30	0.993102	8.0563e-23	0.993101	4.52659e-22	5.01763e-11	0.000288426	0.993102	0.993101	0.103632	0.00244254	1.88225e-25	0.993102	6.82644e-13	2.03548e-21	0.000367334	0.993102	0.0031034	0.000365385	0.993101	1.37813e-20	0.0209743	0.00246861	0.0209739	0.00246861	1.09566	1.08707	0	
0.993102	0.993102	3.44199e-30	0.993102	6.02823e-23	0.993101	3.95737e-22	4.89482e-11	0.000295474	0.993102	0.993101	0.101824	0.00244226	1.40842e-25	0.993102	6.9933e-13	2.05276e-21	0.000370538	0.993102	0.00305583	0.00036853	0.993101	1.37813e-20	0.0204764	0.0024689	0.020476	0.0024689	1.09899	1.09017	0	
0.993102	0.993102	2.69433e-30	0.993102	4.51071e-23	0.993101	3.46034e-22	4.88135e-11	0.000295624	0.993102	0.993101	0.103333	0.00244197	1.05387e-25	0.993102	6.99685e-13	2.03388e-21	0.000367215	0.993102	0.00302357	0.000365183	0.993101	1.37813e-20	0.0204274	0.0024692	0.020427	0.0024692	1.09278	1.0848	0	
0.993102	0.993102	2.16838e-30	0.993102	3.3752e-23	0.993101	3.2292e-22	4.72892e-11	0.00030559	0.993102	0.993101	0.0996899	0.00244175	7.88573e-26	0.993102	7.23278e-13	2.07613e-21	0.000374914	0.993102	0.00298711	0.000372803	0.993101	1.37813e-20	0.0198051	0.00246942	0.0198048	0.00246942	1.0938	1.08642	0	
0.993102	0.993102	1.7687e-30	0.993102	2.52554e-23	0.993101	3.03032e-22	4.63724e-11	0.000311328	0.993102	0.993101	0.0983234	0.00244146	5.90062e-26	0.993102	7.36865e-13	2.09013e-21	0.000377531	0.993102	0.0029514	0.000375361	0.993101	1.37813e-20	0.0194336	0.00246971	0.0194332	0.00246971	1.0897	1.08288	0	
0.993102	0.993102	1.49568e-30	0.993102	1.88977e-23	0.993101	2.99085e-22	4.48214e-11	0.000322684	0.993102	0.993101	0.0944345	0.00244117	4.41524e-26	0.993102	7.63752e-13	2.13997e-21	0.000386625	0.993102	0.00291672	0.000384355	0.993101	1.37813e-20	0.0187995	0.00247	0.0187991	0.00247	1.08094	1.07445	0	
0.993102	0.993102	1.36368e-30	0.993102	1.41404e-23	0.993101	3.26472e-22	4.20336e-11	0.00034836	0.993102	0.993101	0.0859218	0.00244082	3.30379e-26	0.993102	8.24549e-13	2.28309e-21	0.000412608	0.993102	0.00288614	0.000410117	0.993101	1.37813e-20	0.0176519	0.00247036	0.0176516	0.00247036	1.07769	1.07127	0	
0.993102	0.993102	1.2989e-30	0.993102	1.05808e-23	0.993101	3.61176e-22	3.94124e-11	0.000374758	0.993102	0.993101	0.0778427	0.00244024	2.47213e-26	0.993102	8.87057e-13	2.43491e-21	0.000440271	0.993102	0.00286218	0.000437494	0.993101	1.37813e-20	0.0165738	0.00247095	0.0165735	0.00247095	1.08371	1.07762	0	
0.993102	0.993102	1.19082e-30	0.993102	7.91721e-24	0.993101	3.62081e-22	3.84696e-11	0.000381573	0.993102	0.993101	0.0754616	0.00243948	1.84983e-26	0.993102	9.03193e-13	2.46189e-21	0.000445418	0.993102	0.00283968	0.000442475	0.993101	1.37813e-20	0.0161952	0.00247172	0.0161949	0.00247172	1.09084	1.08517	0	
0.993102	0.993102	1.05561e-30	0.993102	5.92416e-24	0.993101	3.39954e-22	3.9141e-11	0.000373228	0.993102	0.993101	0.0792054	0.00243883	1.38417e-26	0.993102	8.83431e-13	2.39236e-21	0.000433043	0.993102	0.00281703	0.000430082	0.993101	1.37813e-20	0.0164846	0.00247237	0.0164843	0.00247237	1.08758	1.08227	0	
0.993102	0.993102	9.77349e-31	0.993102	4.43283e-24	0.993101	3.33019e-22	3.899e-11	0.000372888	0.993102	0.993101	0.0797123	0.00243845	1.03575e-26	0.993102	8.82624e-13	2.37321e-21	0.000429705	0.993102	0.00279518	0.000426704	0.993101	1.37813e-20	0.0164289	0.00247276	0.0164286	0.00247276	1.08438	1.07911	0	
0.993102	0.993102	9.44383e-31	0.993102	3.31693e-24	0.993101	3.38568e-22	3.82756e-11	0.000378817	0.993102	0.993101	0.077841	0.00243816	7.75032e-27	0.993102	8.96663e-13	2.3969e-21	0.000434095	0.993102	0.00277827	0.000431014	0.993101	1.37813e-20	0.0161372	0.00247305	0.0161369	0.00247305	1.08849	1.08339	0	
0.993102	0.993102	8.87439e-31	0.993102	2.48194e-24	0.993101	3.2917e-22	3.85201e-11	0.000375387	0.993102	0.993101	0.0795563	0.00243788	5.79947e-27	0.993102	8.8854e-13	2.36364e-21	0.000428166	0.993102	0.0027632	0.000425081	0.993101	1.37813e-20	0.0162436	0.00247334	0.0162433	0.00247334	1.09675	1.09207	0	
0.993102	0.993102	7.93964e-31	0.993102	1.85714e-24	0.993101	3.00807e-22	4.04777e-11	0.000358827	0.993102	0.993101	0.0886453	0.00243771	4.33966e-27	0.993102	8.49329e-13	2.24795e-21	0.000407264	0.993102	0.00274629	0.000404306	0.993101	1.37813e-20	0.0170566	0.00247351	0.0170562	0.00247351	1.0962	1.09173	0	
0.993102	0.993102	7.26923e-31	0.993102	1.38963e-24	0.993101	2.8082e-22	4.18144e-11	0.000347301	0.993102	0.993101	0.0950825	0.00243778	3.24734e-27	0.993102	8.22038e-13	2.16464e-21	0.000392157	0.993102	0.00273075	0.000389318	0.993101	1.37813e-20	0.0176089	0.00247344	0.0176086	0.00247344	1.09872	1.09437	0	
0.993102	0.993102	6.63996e-31	0.993102	1.03981e-24	0.993101	2.6052e-22	4.34117e-11	0.000334796	0.993102	0.993101	0.102681	0.00243798	2.42999e-27	0.993102	7.92431e-13	2.07752e-21	0.000376325	0.993102	0.00271763	0.000373628	0.993101	1.37813e-20	0.0182659	0.00247324	0.0182655	0.00247324	1.10923	1.10513	0	
0.993102	0.993102	5.75713e-31	0.993102	7.78053e-25	0.993101	2.28049e-22	4.74419e-11	0.000311243	0.993102	0.993101	0.122233	0.00243828	1.81835e-27	0.993102	7.36669e-13	1.92366e-21	0.000348397	0.993102	0.00270436	0.000345933	0.993101	1.37813e-20	0.0199148	0.00247293	0.0199145	0.00247293	1.10589	1.10193	0	
0.993102	0.993102	5.20921e-31	0.993102	5.82189e-25	0.993101	2.08499e-22	4.94914e-11	0.000297811	0.993102	0.993101	0.132265	0.00243879	1.36069e-27	0.993102	7.04868e-13	1.83295e-21	0.000331849	0.993102	0.00269262	0.000329564	0.993101	1.37813e-20	0.0207492	0.00247241	0.0207489	0.00247241	1.10778	1.10404	0	
0.993102	0.993102	4.7336e-31	0.993102	4.35631e-25	0.993101	1.91123e-22	5.1564e-11	0.000285353	0.993102	0.993101	0.142714	0.00243934	1.01824e-27	0.993102	6.75373e-13	1.74882e-21	0.000316492	0.993102	0.00268091	0.000314378	0.993101	1.37813e-20	0.0215903	0.00247185	0.0215899	0.00247185	1.10297	1.09946	0	
0.993102	0.993102	4.55506e-31	0.993102	3.25967e-25	0.993101	1.85584e-22	5.17817e-11	0.000282344	0.993102	0.993101	0.144301	0.00243991	7.62015e-28	0.993102	6.68247e-13	1.72201e-21	0.000311493	0.993102	0.00266901	0.000309486	0.993101	1.37813e-20	0.0216728	0.00247128	0.0216724	0.00247128	1.10539	1.10209	0	
0.993102	0.993102	4.32792e-31	0.993102	2.43909e-25	0.993101	1.7751e-22	5.25998e-11	0.000276838	0.993102	0.993101	0.148967	0.00244037	5.7028e-28	0.993102	6.55212e-13	1.68075e-21	0.000303916	0.993102	0.00265732	0.000302015	0.993101	1.37813e-20	0.0220014	0.00247082	0.022001	0.00247082	1.10709	1.10399	0	
0.993102	0.993102	4.09758e-31	0.993102	1.82508e-25	0.993101	1.68935e-22	5.36904e-11	0.00027053	0.993102	0.993101	0.155118	0.00244078	4.26806e-28	0.993102	6.40276e-13	1.63527e-21	0.000295594	0.993102	0.00264596	0.000293795	0.993101	1.37813e-20	0.022441	0.0024704	0.0224406	0.0024704	1.10741	1.10448	0	
0.993102	0.993102	3.9143e-31	0.993102	1.36565e-25	0.993101	1.62064e-22	5.45985e-11	0.000265405	0.993102	0.993101	0.160421	0.00244116	3.19448e-28	0.993102	6.28144e-13	1.59756e-21	0.000288686	0.993102	0.00263524	0.000286976	0.993101	1.37813e-20	0.022806	0.00247001	0.0228056	0.00247001	1.1121	1.10931	0	
0.993102	0.993102	3.63214e-31	0.993102	1.02186e-25	0.993101	1.50829e-22	5.66957e-11	0.000255936	0.993102	0.993101	0.171865	0.00244151	2.39101e-28	0.993102	6.05727e-13	1.53494e-21	0.000277296	0.993102	0.00262543	0.000275692	0.993101	1.37813e-20	0.0236533	0.00246966	0.0236528	0.00246966	1.11113	1.10844	0	
0.993102	0.993102	3.44874e-31	0.993102	7.64624e-26	0.993101	1.43595e-22	5.79614e-11	0.00024997	0.993102	0.993101	0.179008	0.00244189	1.78984e-28	0.993102	5.91604e-13	1.494e-21	0.000269817	0.993102	0.00261673	0.000268299	0.993101	1.37813e-20	0.0241619	0.00246928	0.0241615	0.00246928	1.10329	1.10065	0	
0.993102	0.993102	3.58068e-31	0.993102	5.72141e-26	0.993101	1.49504e-22	5.6654e-11	0.000255426	0.993102	0.993101	0.172948	0.00244225	1.34027e-28	0.993102	6.04519e-13	1.52166e-21	0.000274717	0.993102	0.00260967	0.000273218	0.993101	1.37813e-20	0.0236243	0.00246892	0.0236238	0.00246892	1.11359	1.11099	0	
0.993102	0.993102	3.34179e-31	0.993102	4.28113e-26	0.993101	1.39726e-22	5.87132e-11	0.000246785	0.993102	0.993101	0.184038	0.00244245	1.00354e-28	0.993102	5.84063e-13	1.46692e-21	0.000264794	0.993102	0.00260382	0.000263371	0.993101	1.37813e-20	0.0244569	0.00246871	0.0244565	0.00246871	1.08877	1.08529	0	
0.993102	0.993102	4.28839e-31	0.993102	3.20343e-26	0.993101	1.79741e-22	5.38681e-11	0.000276081	0.993102	0.993101	0.160438	0.0024427	7.527e-29	0.993102	6.53423e-13	1.64653e-21	0.000297113	0.993102	0.00261092	0.00029556	0.993101	1.37813e-20	0.0224701	0.00246845	0.0224697	0.00246845	1.08255	1.07806	0	
0.993102	0.993102	5.50187e-31	0.993102	2.39703e-26	0.993101	2.30871e-22	4.90803e-11	0.00031011	0.993102	0.993101	0.137485	0.00244253	5.65511e-29	0.993102	7.33993e-13	1.86636e-21	0.000336827	0.993102	0.00262973	0.000335035	0.993101	1.37813e-20	0.020507	0.00246862	0.0205067	0.00246862	1.08253	1.07645	0	
0.993102	0.993102	6.41139e-31	0.993102	1.79364e-26	0.993101	2.69129e-22	4.54948e-11	0.000335608	0.993102	0.993101	0.119315	0.00244199	4.25446e-29	0.993102	7.94363e-13	2.05161e-21	0.000370453	0.993102	0.00266565	0.00036838	0.993101	1.37813e-20	0.0190419	0.00246917	0.0190415	0.00246917	1.07986	1.07331	0	
0.993102	0.993102	7.35121e-31	0.993102	1.34214e-26	0.993101	3.0859e-22	4.23549e-11	0.000360378	0.993102	0.993101	0.103905	0.00244127	3.20899e-29	0.993102	8.53014e-13	2.23272e-21	0.000403418	0.993102	0.00269905	0.000401024	0.993101	1.37813e-20	0.0177591	0.0024699	0.0177588	0.0024699	1.0698	1.06191	0	
0.993102	0.993102	9.31904e-31	0.993102	1.00431e-26	0.993101	3.91128e-22	3.84909e-11	0.000403239	0.993102	0.993101	0.0872315	0.00244043	2.43935e-29	0.993102	9.54515e-13	2.54681e-21	0.000460535	0.993102	0.00274312	0.000457604	0.993101	1.37813e-20	0.0161698	0.00247075	0.0161695	0.00247075	1.08352	1.07415	0	
0.993102	0.993102	9.17866e-31	0.993102	7.51513e-27	0.993101	3.85133e-22	3.77464e-11	0.000403266	0.993102	0.993101	0.0804064	0.00243928	1.84733e-29	0.993102	9.54571e-13	2.59163e-21	0.000469056	0.993102	0.00279782	0.000465864	0.993101	1.37813e-20	0.0158831	0.00247192	0.0158828	0.00247192	1.07067	1.06109	0	
0.993102	0.993102	1.05553e-30	0.993102	5.62367e-27	0.993101	4.42766e-22	3.51624e-11	0.000433018	0.993102	0.993101	0.0693703	0.00243841	1.41916e-29	0.993102	1.02503e-12	2.82979e-21	0.000512535	0.993102	0.00284182	0.000508849	0.993101	1.37813e-20	0.0148213	0.0024728	0.014821	0.0024728	1.0833	1.07391	0	
0.993102	0.993102	1.01233e-30	0.993102	4.20821e-27	0.993101	4.24537e-22	3.52163e-11	0.000425997	0.993102	0.993101	0.0669233	0.0024374	1.08416e-29	0.993102	1.0084e-12	2.80664e-21	0.000508709	0.993102	0.00287194	0.000504872	0.993101	1.37813e-20	0.014862	0.00247382	0.0148617	0.00247382	1.07059	1.06086	0	
0.993102	0.993102	1.12744e-30	0.993102	3.14923e-27	0.993101	4.72696e-22	3.32577e-11	0.000450245	0.993102	0.993101	0.0592066	0.00243673	8.48231e-30	0.993102	1.06582e-12	2.99486e-21	0.000543111	0.993102	0.00289954	0.000538863	0.993101	1.37813e-20	0.014055	0.0024745	0.0140548	0.0024745	1.07197	1.06277	0	
0.993102	0.993102	1.19365e-30	0.993102	2.35681e-27	0.993101	5.0031e-22	3.1986e-11	0.000464801	0.993102	0.993101	0.0541402	0.00243593	6.69702e-30	0.993102	1.10029e-12	3.10206e-21	0.000562903	0.993102	0.00291228	0.000558322	0.993101	1.37813e-20	0.0135354	0.00247532	0.0135352	0.00247532	1.08046	1.07199	0	
0.993102	0.993102	1.14247e-30	0.993102	1.76377e-27	0.993101	4.78754e-22	3.23474e-11	0.000455742	0.993102	0.993101	0.0544958	0.00243516	5.26043e-30	0.993102	1.07884e-12	3.03736e-21	0.000551462	0.993102	0.00291108	0.00054683	0.993101	1.37813e-20	0.0136989	0.0024761	0.0136987	0.0024761	1.07992	1.07205	0	
0.993102	0.993102	1.10963e-30	0.993102	1.32002e-27	0.993101	4.64928e-22	3.25273e-11	0.000450137	0.993102	0.993101	0.0547905	0.00243469	4.19094e-30	0.993102	1.06556e-12	2.98805e-21	0.00054269	0.993102	0.00290142	0.000538044	0.993101	1.37813e-20	0.0137821	0.00247658	0.0137818	0.00247658	1.08052	1.07298	0	
0.993102	0.993102	1.07894e-30	0.993102	9.87979e-28	0.993101	4.52032e-22	3.27637e-11	0.000444626	0.993102	0.993101	0.0555053	0.00243441	3.38456e-30	0.993102	1.05251e-12	2.93804e-21	0.000533716	0.993102	0.00288962	0.000529096	0.993101	1.37813e-20	0.0138861	0.00247687	0.0138858	0.00247687	1.07466	1.06748	0	
0.993102	0.993102	1.12176e-30	0.993102	7.39589e-28	0.993101	4.69952e-22	3.20076e-11	0.000453922	0.993102	0.993101	0.0533081	0.00243426	2.84696e-30	0.993102	1.07452e-12	2.98225e-21	0.0005418	0.993102	0.00287553	0.000537083	0.993101	1.37813e-20	0.0135725	0.00247701	0.0135722	0.00247701	1.07395	1.06723	0	
0.993102	0.993102	1.16278e-30	0.993102	5.53737e-28	0.993101	4.87096e-22	3.13371e-11	0.000462594	0.993102	0.993101	0.0515583	0.00243404	2.45367e-30	0.993102	1.09506e-12	3.0192e-21	0.000548603	0.993102	0.00285849	0.000543781	0.993101	1.37813e-20	0.0132951	0.00247724	0.0132949	0.00247724	1.0841	1.07821	0	
0.993102	0.993102	1.08558e-30	0.993102	4.1456e-28	0.993101	4.54723e-22	3.24973e-11	0.000446513	0.993102	0.993101	0.0562335	0.00243377	2.0515e-30	0.993102	1.05697e-12	2.89159e-21	0.000525523	0.993102	0.00283414	0.000520856	0.993101	1.37813e-20	0.0137843	0.00247751	0.0137841	0.00247751	1.06756	1.062	0	
0.993102	0.993102	1.22991e-30	0.993102	3.10626e-28	0.993101	5.15179e-22	3.08172e-11	0.000473804	0.993102	0.993101	0.0516254	0.00243376	1.95265e-30	0.993102	1.12161e-12	3.03824e-21	0.000552161	0.993102	0.00281137	0.000547256	0.993101	1.37813e-20	0.0130803	0.00247752	0.01308	0.00247752	1.06859	1.06345	0	
0.993102	0.993102	1.32105e-30	0.993102	2.32838e-28	0.993101	5.53266e-22	2.96953e-11	0.000491378	0.993102	0.993101	0.0487367	0.00243343	1.86184e-30	0.993102	1.16323e-12	3.1229e-21	0.000567708	0.993102	0.0027885	0.000562581	0.993101	1.37813e-20	0.0126134	0.00247786	0.0126132	0.00247786	1.08666	1.08189	0	
0.993102	0.993102	1.18305e-30	0.993102	1.74423e-28	0.993101	4.95414e-22	3.17438e-11	0.000463048	0.993102	0.993101	0.0567164	0.00243296	1.5877e-30	0.993102	1.09614e-12	2.92431e-21	0.000531785	0.993102	0.00276639	0.000526903	0.993101	1.37813e-20	0.0134769	0.00247834	0.0134766	0.00247834	1.07829	1.07382	0	
0.993102	0.993102	1.15711e-30	0.993102	1.30791e-28	0.993101	4.84544e-22	3.18094e-11	0.000459208	0.993102	0.993101	0.0574208	0.00243295	1.45988e-30	0.993102	1.08704e-12	2.87862e-21	0.00052349	0.993102	0.00274584	0.00051868	0.993101	1.37813e-20	0.0135055	0.00247835	0.0135053	0.00247835	1.08387	1.07976	0	
0.993102	0.993102	1.08335e-30	0.993102	9.80878e-29	0.993101	4.53661e-22	3.28089e-11	0.000444445	0.993102	0.993101	0.0616627	0.002433	1.30989e-30	0.993102	1.05208e-12	2.76709e-21	0.000503207	0.993102	0.00272558	0.000498589	0.993101	1.37813e-20	0.0139238	0.0024783	0.0139235	0.0024783	1.08222	1.07839	0	
0.993102	0.993102	1.04296e-30	0.993102	7.36321e-29	0.993101	4.36779e-22	3.32652e-11	0.000436772	0.993102	0.993101	0.0639001	0.00243321	1.21246e-30	0.993102	1.03391e-12	2.70069e-21	0.000491061	0.993102	0.00270675	0.000486592	0.993101	1.37813e-20	0.0141128	0.00247808	0.0141125	0.00247808	1.07545	1.07184	0	
0.993102	0.993102	1.08503e-30	0.993102	5.54062e-29	0.993101	4.5445e-22	3.25025e-11	0.000446139	0.993102	0.993101	0.0617056	0.00243346	1.21185e-30	0.993102	1.05609e-12	2.73917e-21	0.000497948	0.993102	0.00268966	0.000493469	0.993101	1.37813e-20	0.0137913	0.00247783	0.0137911	0.00247783	1.08184	1.07854	0	
0.993102	0.993102	1.04778e-30	0.993102	4.16986e-29	0.993101	4.38862e-22	3.29696e-11	0.000438837	0.993102	0.993101	0.0640368	0.00243354	1.14267e-30	0.993102	1.03879e-12	2.67782e-21	0.000486776	0.993102	0.00267275	0.000482411	0.993101	1.37813e-20	0.0139863	0.00247775	0.013986	0.00247775	1.09026	1.08725	0	
0.993102	0.993102	9.52432e-31	0.993102	3.13729e-29	0.993101	3.9894e-22	3.49065e-11	0.000417096	0.993102	0.993101	0.0724864	0.00243368	1.02343e-30	0.993102	9.8731e-13	2.53152e-21	0.000460146	0.993102	0.00265639	0.000456042	0.993101	1.37813e-20	0.0147922	0.0024776	0.0147919	0.0024776	1.07412	1.07123	0	
0.993102	0.993102	1.03386e-30	0.993102	2.38018e-29	0.993101	4.33133e-22	3.35316e-11	0.000434618	0.993102	0.993101	0.0678055	0.00243406	1.08697e-30	0.993102	1.02881e-12	2.62135e-21	0.000476303	0.993102	0.00264253	0.000472136	0.993101	1.37813e-20	0.0142138	0.00247722	0.0142135	0.00247722	1.08048	1.07786	0	
0.993102	0.993102	1.02265e-30	0.993102	1.80634e-29	0.993101	4.28444e-22	3.35083e-11	0.000433102	0.993102	0.993101	0.0681459	0.00243412	1.06238e-30	0.993102	1.02521e-12	2.5983e-21	0.000472095	0.993102	0.00262868	0.000467977	0.993101	1.37813e-20	0.0142041	0.00247715	0.0142038	0.00247715	1.08068	1.07826	0	
0.993102	0.993102	1.01229e-30	0.993102	1.37676e-29	0.993101	4.24112e-22	3.35244e-11	0.000431539	0.993102	0.993101	0.0686576	0.00243419	1.04201e-30	0.993102	1.02151e-12	2.57604e-21	0.000468029	0.993102	0.00261576	0.000463958	0.993101	1.37813e-20	0.0142106	0.00247708	0.0142103	0.00247708	1.07841	1.07615	0	
0.993102	0.993102	1.02806e-30	0.993102	1.05771e-29	0.993101	4.3073e-22	3.31607e-11	0.000435367	0.993102	0.993101	0.0677031	0.00243426	1.05029e-30	0.993102	1.03058e-12	2.58661e-21	0.000469924	0.993102	0.00260398	0.000465849	0.993101	1.37813e-20	0.0140582	0.00247701	0.0140579	0.00247701	1.08446	1.08242	0	
0.993102	0.993102	9.81669e-31	0.993102	8.13061e-30	0.993101	4.11294e-22	3.39279e-11	0.000425414	0.993102	0.993101	0.0712697	0.00243427	9.98293e-31	0.993102	1.007e-12	2.51675e-21	0.000457236	0.993102	0.00259226	0.000453271	0.993101	1.37813e-20	0.0143787	0.00247701	0.0143784	0.00247701	1.07979	1.07787	0	
0.993102	0.993102	9.90566e-31	0.993102	6.34425e-30	0.993101	4.15043e-22	3.36894e-11	0.000427713	0.993102	0.993101	0.0707402	0.00243439	1.003e-30	0.993102	1.01245e-12	2.51987e-21	0.000457757	0.993102	0.002582	0.000453811	0.993101	1.37813e-20	0.0142779	0.00247688	0.0142777	0.00247688	1.08362	1.08184	0	
0.993102	0.993102	9.60904e-31	0.993102	4.97066e-30	0.993101	4.02624e-22	3.4171e-11	0.000421381	0.993102	0.993101	0.0730978	0.00243446	9.70197e-31	0.993102	9.97454e-13	2.47366e-21	0.000449343	0.993102	0.00257251	0.000445481	0.993101	1.37813e-20	0.0144784	0.00247681	0.0144781	0.00247681	1.0803	1.07864	0	
0.993102	0.993102	9.69894e-31	0.993102	3.97451e-30	0.993101	4.06412e-22	3.39558e-11	0.000423594	0.993102	0.993101	0.0726123	0.00243459	9.76838e-31	0.993102	1.00269e-12	2.47788e-21	0.000450062	0.993102	0.00256382	0.000446217	0.993101	1.37813e-20	0.0143873	0.00247668	0.014387	0.00247668	1.07763	1.07606	0	
0.993102	0.993102	1.00489e-30	0.993102	3.25791e-30	0.993101	4.21091e-22	3.33588e-11	0.000431186	0.993102	0.993101	0.0706069	0.00243466	1.01008e-30	0.993102	1.02067e-12	2.51426e-21	0.00045664	0.993102	0.00255621	0.000452752	0.993101	1.37813e-20	0.0141372	0.00247661	0.0141369	0.00247661	1.07957	1.07813	0	
0.993102	0.993102	1.01028e-30	0.993102	2.70062e-30	0.993101	4.23339e-22	3.3226e-11	0.00043253	0.993102	0.993101	0.0704135	0.00243461	1.01415e-30	0.993102	1.02385e-12	2.51478e-21	0.000456751	0.993102	0.00254889	0.000452855	0.993101	1.37813e-20	0.0140823	0.00247666	0.014082	0.00247666	1.07701	1.07566	0	
0.993102	0.993102	1.04215e-30	0.993102	2.31197e-30	0.993101	4.36683e-22	3.27144e-11	0.000439302	0.993102	0.993101	0.0687249	0.00243457	1.04503e-30	0.993102	1.03989e-12	2.54718e-21	0.000462652	0.993102	0.00254222	0.000458696	0.993101	1.37813e-20	0.013869	0.0024767	0.0138687	0.0024767	1.07937	1.07812	0	
0.993102	0.993102	1.04018e-30	0.993102	1.99496e-30	0.993101	4.35837e-22	3.27116e-11	0.000439032	0.993102	0.993101	0.0690073	0.00243445	1.04233e-30	0.993102	1.03925e-12	2.53948e-21	0.000461299	0.993102	0.002536	0.000457332	0.993101	1.37813e-20	0.0138693	0.00247682	0.013869	0.00247682	1.0807	1.07954	0	
0.993102	0.993102	1.02522e-30	0.993102	1.74401e-30	0.993101	4.29553e-22	3.29314e-11	0.000435936	0.993102	0.993101	0.070166	0.00243436	1.02682e-30	0.993102	1.03192e-12	2.51604e-21	0.000457076	0.993102	0.00253029	0.00045313	0.993101	1.37813e-20	0.0139622	0.00247691	0.013962	0.00247691	1.07298	1.07188	0	
0.993102	0.993102	1.10343e-30	0.993102	1.64719e-30	0.993101	4.62315e-22	3.18854e-11	0.000451561	0.993102	0.993101	0.0664176	0.00243433	1.10461e-30	0.993102	1.06892e-12	2.60035e-21	0.000472395	0.993102	0.00252508	0.000468311	0.993101	1.37813e-20	0.0135246	0.00247694	0.0135243	0.00247694	1.07749	1.07647	0	
0.993102	0.993102	1.10637e-30	0.993102	1.51837e-30	0.993101	4.63509e-22	3.17875e-11	0.000452431	0.993102	0.993101	0.0662407	0.00243412	1.10725e-30	0.993102	1.07098e-12	2.6005e-21	0.000472504	0.993102	0.00252026	0.000468378	0.993101	1.37813e-20	0.0134861	0.00247715	0.0134858	0.00247715	1.07872	1.07775	0	
0.993102	0.993102	1.09509e-30	0.993102	1.40826e-30	0.993101	4.58754e-22	3.19117e-11	0.000450299	0.993102	0.993101	0.066918	0.00243396	1.09574e-30	0.993102	1.06594e-12	2.58405e-21	0.000469581	0.993102	0.00251602	0.000465449	0.993101	1.37813e-20	0.0135401	0.00247732	0.0135398	0.00247732	1.08171	1.0808	0	
0.993102	0.993102	1.05652e-30	0.993102	1.29516e-30	0.993101	4.42578e-22	3.25056e-11	0.000442217	0.993102	0.993101	0.0694982	0.00243386	1.05699e-30	0.993102	1.04679e-12	2.53401e-21	0.000460526	0.993102	0.00251213	0.000456457	0.993101	1.37813e-20	0.0137897	0.00247742	0.0137894	0.00247742	1.07746	1.07658	0	
0.993102	0.993102	1.07166e-30	0.993102	1.25524e-30	0.993101	4.48923e-22	3.22461e-11	0.000445518	0.993102	0.993101	0.0686067	0.00243388	1.072e-30	0.993102	1.05461e-12	2.54944e-21	0.000463322	0.993102	0.00250878	0.000459232	0.993101	1.37813e-20	0.0136809	0.0024774	0.0136807	0.0024774	1.07903	1.0782	0	
0.993102	0.993102	1.06587e-30	0.993102	1.20798e-30	0.993101	4.46495e-22	3.23047e-11	0.000444445	0.993102	0.993101	0.0689742	0.00243386	1.06612e-30	0.993102	1.05207e-12	2.54018e-21	0.000461649	0.993102	0.00250567	0.000457569	0.993101	1.37813e-20	0.0137058	0.00247742	0.0137055	0.00247742	1.08148	1.08069	0	
0.993102	0.993102	1.03687e-30	0.993102	1.1475e-30	0.993101	4.34343e-22	3.27598e-11	0.000438326	0.993102	0.993101	0.0709504	0.00243385	1.03704e-30	0.993102	1.03758e-12	2.50256e-21	0.000454817	0.993102	0.00250292	0.000450796	0.993101	1.37813e-20	0.0138962	0.00247743	0.0138959	0.00247743	1.07337	1.0726	0	
0.993102	0.993102	1.10686e-30	0.993102	1.19549e-30	0.993101	4.63679e-22	3.18146e-11	0.000452361	0.993102	0.993101	0.0673882	0.00243393	1.10698e-30	0.993102	1.07082e-12	2.58003e-21	0.000468858	0.993102	0.00250055	0.000464729	0.993101	1.37813e-20	0.0134996	0.00247735	0.0134993	0.00247735	1.07937	1.07866	0	
0.993102	0.993102	1.08861e-30	0.993102	1.15969e-30	0.993101	4.56015e-22	3.20381e-11	0.000448807	0.993102	0.993101	0.0683708	0.00243381	1.08869e-30	0.993102	1.0624e-12	2.55728e-21	0.000464771	0.993102	0.00249804	0.000460655	0.993101	1.37813e-20	0.0135946	0.00247747	0.0135943	0.00247747	1.07919	1.07852	0	
0.993102	0.993102	1.07681e-30	0.993102	1.13474e-30	0.993101	4.51059e-22	3.21763e-11	0.000446537	0.993102	0.993101	0.0690076	0.00243376	1.07685e-30	0.993102	1.05703e-12	2.54207e-21	0.000462026	0.993102	0.00249578	0.000457926	0.993101	1.37813e-20	0.013653	0.00247752	0.0136528	0.00247752	1.08035	1.0797	0	
0.993102	0.993102	1.05608e-30	0.993102	1.10394e-30	0.993101	4.42377e-22	3.24723e-11	0.000442301	0.993102	0.993101	0.0702852	0.00243376	1.05611e-30	0.993102	1.04699e-12	2.51595e-21	0.000457284	0.993102	0.00249375	0.000453225	0.993101	1.37813e-20	0.013777	0.00247752	0.0137767	0.00247752	1.08297	1.08235	0	
0.993102	0.993102	1.01566e-30	0.993102	1.05549e-30	0.993101	4.2545e-22	3.31457e-11	0.000433609	0.993102	0.993101	0.0731539	0.00243381	1.01567e-30	0.993102	1.02641e-12	2.46469e-21	0.000447956	0.993102	0.00249183	0.000443987	0.993101	1.37813e-20	0.0140579	0.00247748	0.0140576	0.00247748	1.08187	1.08128	0	
0.993102	0.993102	9.95557e-31	0.993102	1.02949e-30	0.993101	4.17053e-22	3.34568e-11	0.00042939	0.993102	0.993101	0.0744961	0.00243395	9.95557e-31	0.993102	1.01642e-12	2.439e-21	0.000443239	0.993102	0.00249009	0.000439337	0.993101	1.37813e-20	0.0141864	0.00247733	0.0141861	0.00247733	1.07483	1.07424	0	
0.993102	0.993102	1.05715e-30	0.993102	1.08795e-30	0.993101	4.42889e-22	3.25527e-11	0.000442093	0.993102	0.993101	0.0709456	0.00243411	1.05714e-30	0.993102	1.0465e-12	2.50967e-21	0.00045601	0.993102	0.00248874	0.000452027	0.993101	1.37813e-20	0.0138064	0.00247717	0.0138062	0.00247717	1.09249	1.09196	0	
0.993102	0.993102	9.45069e-31	0.993102	9.70862e-31	0.993101	3.95928e-22	3.50614e-11	0.000415663	0.993102	0.993101	0.0821608	0.00243407	9.45054e-31	0.993102	9.83917e-13	2.35824e-21	0.000428517	0.993102	0.00248701	0.000424769	0.993101	1.37813e-20	0.0148519	0.00247721	0.0148517	0.00247721	1.08812	1.08753	0	
0.993102	0.993102	8.90635e-31	0.993102	9.13011e-31	0.993101	3.7316e-22	3.60426e-11	0.000403637	0.993102	0.993101	0.0862791	0.00243436	8.90617e-31	0.993102	9.55438e-13	2.28941e-21	0.000415924	0.993102	0.00248641	0.00041233	0.993101	1.37813e-20	0.0152578	0.00247691	0.0152575	0.00247691	1.07815	1.07745	0	
0.993102	0.993102	9.39882e-31	0.993102	9.61076e-31	0.993101	3.93864e-22	3.50027e-11	0.00041508	0.993102	0.993101	0.0816868	0.00243473	9.39858e-31	0.993102	9.82535e-13	2.35514e-21	0.000427719	0.993102	0.00248727	0.000424094	0.993101	1.37813e-20	0.0148203	0.00247653	0.01482	0.00247653	1.08003	1.07932	0	
0.993102	0.993102	9.56844e-31	0.993102	9.76948e-31	0.993101	4.00994e-22	3.45338e-11	0.000419456	0.993102	0.993101	0.0794906	0.00243487	9.56817e-31	0.993102	9.92895e-13	2.38076e-21	0.000432323	0.993102	0.00248814	0.000428682	0.993101	1.37813e-20	0.0146237	0.0024764	0.0146234	0.0024764	1.07988	1.07916	0	
0.993102	0.993102	9.71098e-31	0.993102	9.90457e-31	0.993101	4.06974e-22	3.41573e-11	0.000423064	0.993102	0.993101	0.0777436	0.00243492	9.71067e-31	0.993102	1.00144e-12	2.40188e-21	0.00043614	0.993102	0.00248883	0.000432476	0.993101	1.37813e-20	0.0144665	0.00247635	0.0144662	0.00247635	1.08034	1.07959	0	
0.993102	0.993102	9.77088e-31	0.993102	9.95849e-31	0.993101	4.09482e-22	3.39528e-11	0.00042476	0.993102	0.993101	0.0767313	0.00243491	9.77056e-31	0.993102	1.00545e-12	2.41238e-21	0.000438052	0.993102	0.00248978	0.000434369	0.993101	1.37813e-20	0.0143817	0.00247636	0.0143814	0.00247636	1.0804	1.07966	0	
0.993102	0.993102	9.81034e-31	0.993102	9.99354e-31	0.993101	4.1113e-22	3.38089e-11	0.000425912	0.993102	0.993101	0.0760237	0.00243488	9.81e-31	0.993102	1.00818e-12	2.41937e-21	0.000439331	0.993102	0.00249027	0.000435633	0.993101	1.37813e-20	0.0143222	0.00247638	0.0143219	0.00247638	1.05529	1.05438	0	
0.993102	0.993102	1.41622e-30	0.993102	1.44165e-30	0.993101	5.93491e-22	3.03842e-11	0.000497207	0.993102	0.993101	0.0639913	0.00243485	1.41617e-30	0.993102	1.17707e-12	2.82883e-21	0.000513652	0.993102	0.00249288	0.000509317	0.993101	1.37813e-20	0.0128844	0.00247642	0.0128842	0.00247642	1.07978	1.07906	0	
0.993102	0.993102	1.31587e-30	0.993102	1.34005e-30	0.993101	5.51281e-22	3.10355e-11	0.000481465	0.993102	0.993101	0.0661278	0.00243395	1.31582e-30	0.993102	1.13977e-12	2.73845e-21	0.000497583	0.993102	0.00249242	0.00049322	0.993101	1.37813e-20	0.0131688	0.00247733	0.0131686	0.00247733	1.0836	1.08283	0	
0.993102	0.993102	1.20449e-30	0.993102	1.22685e-30	0.993101	5.04537e-22	3.21817e-11	0.00046164	0.993102	0.993101	0.0704361	0.00243347	1.20444e-30	0.993102	1.09282e-12	2.62565e-21	0.00047727	0.993102	0.00249268	0.000473	0.993101	1.37813e-20	0.0136551	0.00247782	0.0136548	0.00247782	1.07877	1.07794	0	
0.993102	0.993102	1.168e-30	0.993102	1.1897e-30	0.993101	4.89217e-22	3.22145e-11	0.000457082	0.993102	0.993101	0.0701819	0.00243335	1.16795e-30	0.993102	1.08202e-12	2.60054e-21	0.000472766	0.993102	0.00249369	0.000468508	0.993101	1.37813e-20	0.0136711	0.00247794	0.0136708	0.00247794	1.07472	1.0738	0	
0.993102	0.993102	1.18759e-30	0.993102	1.20962e-30	0.993101	4.97407e-22	3.16062e-11	0.000463087	0.993102	0.993101	0.067485	0.00243332	1.18755e-30	0.993102	1.09623e-12	2.63656e-21	0.000479335	0.993102	0.0024955	0.000475007	0.993101	1.37813e-20	0.0134172	0.00247797	0.013417	0.00247797	1.08294	1.08205	0	
0.993102	0.993102	1.11441e-30	0.993102	1.13511e-30	0.993101	4.66733e-22	3.24908e-11	0.000449242	0.993102	0.993101	0.0708452	0.00243323	1.11437e-30	0.993102	1.06344e-12	2.5585e-21	0.000465191	0.993102	0.00249648	0.000460971	0.993101	1.37813e-20	0.0137889	0.00247807	0.0137887	0.00247807	1.07753	1.07663	0	
0.993102	0.993102	1.11414e-30	0.993102	1.13472e-30	0.993101	4.66633e-22	3.22468e-11	0.000450604	0.993102	0.993101	0.0696483	0.00243332	1.1141e-30	0.993102	1.06667e-12	2.56715e-21	0.000466734	0.993102	0.00249741	0.000462515	0.993101	1.37813e-20	0.0136862	0.00247797	0.013686	0.00247797	1.08	1.0791	0	
