0.25	0.25	0.25	0.998264	0.25	0.748882	0.748264	0.998264	0.998263	2.63265e-21	0.25	0.000618156	0.25	0.25	0.000618156	0.25	0.000618156	0.000618156	2.63265e-21	0.25	1.27727e-12	1.27727e-12	5.42631e-30	0.000618156	0.000618156	0.25	0.25	0	0	0	
0.25	0.25	0.25	0.998264	0.25	0.748882	0.748264	0.998264	0.998263	2.63265e-21	0.25	0.000618156	0.25	0.25	0.000618156	0.25	0.000618156	0.000618156	2.63265e-21	0.25	1.27727e-12	1.27727e-12	5.42631e-30	0.000618156	0.000618156	0.25	0.25	0	0	0	
0.437034	0.437066	0.437066	0.996964	0.437066	0.560365	0.559898	0.996964	0.992423	6.06428e-17	0.437066	0.245855	0.437066	0.437066	0.250462	0.437066	0.00108837	0.00108837	4.10565e-19	0.437066	1.97219e-10	4.26979e-06	1.31022e-25	0.245855	0.0010807	0.437066	0.437066	0.00470639	0.00470639	0.00470639	
0.575655	0.57704	0.57704	0.995992	0.57704	0.419301	0.418952	0.995992	0.750433	1.51496e-13	0.57704	0.433962	0.57704	0.57704	0.437412	0.57704	0.00149974	0.00149749	2.03614e-17	0.57704	9.47661e-09	0.124562	2.75631e-22	0.433961	0.00142477	0.57704	0.57704	0.0130233	0.0130239	0.0130239	
0.65968	0.681778	0.681778	0.995265	0.681778	0.313748	0.313486	0.995265	0.561556	7.05083e-11	0.681778	0.574717	0.681778	0.681778	0.577299	0.681778	0.00192929	0.0644107	4.21856e-16	0.681778	1.91731e-07	0.343114	1.02993e-15	0.574715	0.0525627	0.681778	0.681778	0.0237944	0.0238189	0.0238189	
0.635692	0.76015	0.76015	0.99472	0.76015	0.234766	0.23457	0.99472	0.420192	9.22519e-09	0.76015	0.680039	0.76015	0.760144	0.681972	0.76015	0.0024422	0.282146	4.55276e-15	0.760149	2.03119e-06	0.50674	1.0635e-10	0.680036	0.264344	0.76015	0.76015	0.036041	0.0364394	0.0364394	
0.52901	0.818792	0.818792	0.994313	0.818792	0.175667	0.17552	0.994313	0.314415	4.67579e-07	0.818792	0.758848	0.818792	0.81852	0.760295	0.818792	0.00310004	0.460097	3.04003e-14	0.818791	1.32081e-05	0.629175	5.49114e-07	0.758844	0.445679	0.818792	0.818792	0.0475417	0.0503535	0.0503535	
0.415038	0.862673	0.862673	0.994008	0.862673	0.131445	0.131336	0.994008	0.235265	1.16375e-05	0.862673	0.817818	0.862673	0.858047	0.818901	0.862673	0.00391774	0.594149	1.45881e-13	0.86267	5.77992e-05	0.720789	0.000301337	0.817812	0.583143	0.862673	0.862673	0.0569285	0.0651647	0.0651647	
0.318861	0.895506	0.895506	0.99378	0.895506	0.0983555	0.0982736	0.99378	0.17604	0.000169587	0.895506	0.861944	0.895506	0.860148	0.862754	0.895506	0.00485567	0.694554	5.59156e-13	0.895501	0.000183091	0.78934	0.0277596	0.861934	0.686249	0.895506	0.895506	0.064074	0.080577	0.080577	
0.242946	0.920075	0.920075	0.993609	0.920075	0.0735959	0.0735345	0.993609	0.131725	0.00164245	0.920075	0.894961	0.920075	0.790734	0.895567	0.920075	0.00584926	0.769701	1.82612e-12	0.920067	0.000449304	0.840634	0.216803	0.894947	0.763455	0.920074	0.920075	0.0693458	0.0963704	0.0963704	
0.184459	0.938458	0.938459	0.993482	0.938459	0.0550691	0.0550232	0.993482	0.0985647	0.011388	0.938458	0.919667	0.938458	0.668395	0.92012	0.938459	0.0068357	0.825936	5.29114e-12	0.938446	0.000904791	0.879016	0.406386	0.919648	0.821243	0.938456	0.938458	0.0732488	0.11238	0.11238	
0.139874	0.952214	0.952214	0.993386	0.952214	0.0412062	0.0411719	0.993386	0.0737524	0.0556396	0.952214	0.938153	0.952214	0.538984	0.938492	0.952214	0.00777052	0.868016	1.39635e-11	0.952195	0.00156608	0.907736	0.553043	0.938127	0.86449	0.95221	0.952214	0.0758222	0.128487	0.128487	
0.106068	0.962507	0.962507	0.993315	0.962507	0.0308331	0.0308074	0.993315	0.0551862	0.170442	0.962507	0.951986	0.962505	0.424932	0.95224	0.962507	0.00860806	0.899504	3.43806e-11	0.962479	0.00240493	0.929225	0.663515	0.951949	0.896853	0.962498	0.962507	0.0777309	0.144599	0.144599	
0.0805094	0.970209	0.970209	0.993261	0.970209	0.0230713	0.0230521	0.993261	0.0412938	0.32975	0.970209	0.962336	0.970203	0.331579	0.962526	0.970209	0.00934171	0.923065	7.98123e-11	0.970168	0.00337351	0.945306	0.74635	0.962286	0.92107	0.970191	0.970209	0.0789476	0.160649	0.160649	
0.0612214	0.975972	0.975972	0.993221	0.975972	0.0172634	0.017249	0.993221	0.0308987	0.481232	0.975972	0.970081	0.975959	0.257618	0.970223	0.975972	0.0099609	0.940696	1.77015e-10	0.975912	0.00440531	0.957338	0.808389	0.970012	0.939189	0.97594	0.975971	0.0798321	0.176591	0.176591	
0.046682	0.980284	0.980284	0.993191	0.980284	0.0129176	0.0129068	0.993191	0.0231203	0.605152	0.980284	0.975876	0.980258	0.200007	0.975983	0.980284	0.0104763	0.953888	3.77569e-10	0.9802	0.00544424	0.966341	0.854832	0.975781	0.952746	0.980232	0.980281	0.0801828	0.192388	0.192388	
0.0357302	0.983511	0.983511	0.993169	0.983511	0.00966575	0.0096577	0.993169	0.0173001	0.701184	0.983511	0.980213	0.983463	0.155517	0.980292	0.983511	0.0108828	0.963759	7.82319e-10	0.983392	0.006431	0.973078	0.889593	0.980083	0.962887	0.983429	0.983504	0.080301	0.208014	0.208014	
0.0274852	0.985926	0.985926	0.993152	0.985926	0.00723253	0.0072265	0.993152	0.012945	0.774107	0.985925	0.983457	0.985843	0.121352	0.983517	0.985926	0.0111939	0.971145	1.58007e-09	0.98576	0.00733193	0.978119	0.915605	0.983281	0.970472	0.985802	0.985913	0.0806079	0.223449	0.223449	
0.0212803	0.987732	0.987732	0.993139	0.987732	0.00541184	0.00540733	0.993139	0.00968631	0.829034	0.987732	0.985885	0.987599	0.0952358	0.98593	0.987732	0.0114451	0.976672	3.10734e-09	0.987504	0.00814639	0.981891	0.935067	0.985646	0.976142	0.987549	0.98771	0.0805704	0.238683	0.238683	
0.0166119	0.989084	0.989084	0.99313	0.989084	0.00404948	0.00404611	0.99313	0.00724791	0.87026	0.989084	0.987702	0.988877	0.0753	0.987735	0.989084	0.0116307	0.980808	6.00094e-09	0.988772	0.00885125	0.984713	0.949625	0.987378	0.980377	0.98882	0.989048	0.0806466	0.25369	0.25369	
0.0131002	0.990096	0.990096	0.993123	0.990096	0.00303008	0.00302755	0.993123	0.00542335	0.901155	0.990095	0.989061	0.989786	0.0601184	0.989086	0.990096	0.0117741	0.983903	1.1366e-08	0.989671	0.00945814	0.986825	0.96051	0.988625	0.983536	0.989722	0.99004	0.0802402	0.268497	0.268497	
0.0104591	0.990852	0.990852	0.993118	0.990852	0.0022673	0.00226541	0.993118	0.00405809	0.92429	0.990852	0.990079	0.990403	0.0485393	0.990097	0.990852	0.0118568	0.986218	2.12982e-08	0.99028	0.00994677	0.988405	0.968643	0.989494	0.985887	0.990333	0.99077	0.0801126	0.283096	0.283096	
0.00847291	0.991419	0.991419	0.993114	0.991419	0.00169654	0.00169512	0.993114	0.00303652	0.941608	0.991418	0.99084	0.99078	0.0397312	0.990854	0.991419	0.011911	0.987951	3.92923e-08	0.99065	0.0103486	0.989587	0.974712	0.990059	0.987629	0.990705	0.991299	0.0799035	0.297458	0.297458	
0.00697941	0.991843	0.991843	0.993111	0.991843	0.00126946	0.0012684	0.993111	0.00227212	0.954569	0.991842	0.991409	0.990951	0.033029	0.99142	0.991843	0.011939	0.989247	7.15406e-08	0.990816	0.0106701	0.990472	0.979231	0.99037	0.98891	0.990872	0.991672	0.0795687	0.311598	0.311598	
0.00585645	0.99216	0.99216	0.993109	0.99216	0.000949889	0.000949097	0.993109	0.00170015	0.964268	0.992159	0.991835	0.990935	0.0279217	0.991843	0.99216	0.0119399	0.990218	1.28862e-07	0.990797	0.010916	0.991134	0.982583	0.99046	0.989838	0.990854	0.991921	0.079444	0.325514	0.325514	
0.00501215	0.992397	0.992397	0.993107	0.992397	0.000710767	0.000710174	0.993107	0.00127216	0.971527	0.992396	0.992154	0.990735	0.0240406	0.99216	0.992397	0.0119333	0.990943	2.29037e-07	0.990594	0.0111113	0.99163	0.985053	0.990339	0.990494	0.990651	0.992069	0.0788934	0.339213	0.339213	
0.00437739	0.992574	0.992574	0.993106	0.992574	0.000531841	0.000531398	0.993106	0.000951911	0.976958	0.992574	0.992393	0.99035	0.0210647	0.992397	0.992574	0.0118958	0.991487	4.04427e-07	0.990208	0.0112394	0.992	0.986851	0.990014	0.990935	0.990265	0.992129	0.0789147	0.352689	0.352689	
0.00390019	0.992707	0.992707	0.993105	0.992707	0.000397958	0.000397625	0.993105	0.000712282	0.981022	0.992706	0.992571	0.989747	0.0188113	0.992575	0.992707	0.011869	0.991893	7.03423e-07	0.989605	0.0113468	0.992278	0.988132	0.989457	0.991199	0.989662	0.992108	0.0786876	0.365952	0.365952	
0.00354146	0.992807	0.992807	0.993104	0.992807	0.000297778	0.000297529	0.993104	0.000532977	0.984063	0.992806	0.992705	0.988902	0.0170909	0.992708	0.992807	0.0118356	0.992197	1.21258e-06	0.988761	0.0114217	0.992485	0.989007	0.988647	0.991313	0.988817	0.992009	0.0786661	0.378993	0.378993	
0.00327178	0.992881	0.992881	0.993104	0.992881	0.000222817	0.00022263	0.993104	0.00039881	0.986338	0.99288	0.992805	0.987759	0.0157869	0.992807	0.992881	0.0118094	0.992425	2.06633e-06	0.98762	0.0114824	0.992641	0.989556	0.987532	0.991292	0.987675	0.991828	0.0784132	0.391821	0.391821	
0.00306906	0.992937	0.992937	0.993103	0.992937	0.000166727	0.000166586	0.993103	0.000298419	0.988041	0.992936	0.99288	0.986272	0.0147848	0.992881	0.992937	0.0117751	0.992595	3.49505e-06	0.986135	0.0115175	0.992757	0.989831	0.986067	0.991141	0.986189	0.991555	0.0782298	0.404428	0.404428	
0.00291668	0.992978	0.992978	0.993103	0.992978	0.000124756	0.00012465	0.993103	0.000223301	0.989315	0.992977	0.992936	0.984361	0.0140158	0.992937	0.992978	0.0117387	0.992722	5.85771e-06	0.984228	0.0115363	0.992844	0.989865	0.984174	0.990855	0.98428	0.991179	0.0786085	0.416838	0.416838	
0.00280214	0.99301	0.99301	0.993103	0.99301	9.3352e-05	9.32711e-05	0.993103	0.000167094	0.990268	0.993009	0.992978	0.981883	0.0134562	0.992978	0.99301	0.0117335	0.992818	9.67408e-06	0.981754	0.0115748	0.992909	0.989674	0.981711	0.990424	0.981804	0.99068	0.0787778	0.429037	0.429037	
0.00271605	0.993033	0.993033	0.993103	0.993033	6.98535e-05	6.97914e-05	0.993103	0.000125038	0.990982	0.993032	0.993009	0.978737	0.0130427	0.99301	0.993033	0.0117395	0.992889	1.58337e-05	0.978612	0.0116153	0.992957	0.989259	0.978578	0.989829	0.978661	0.990033	0.0781457	0.441052	0.441052	
0.00265134	0.99305	0.99305	0.993103	0.99305	5.22709e-05	5.22224e-05	0.993103	9.35715e-05	0.991516	0.993049	0.993032	0.974894	0.0126928	0.993033	0.99305	0.0117073	0.992943	2.59297e-05	0.974775	0.0116103	0.992994	0.988607	0.974747	0.989043	0.974821	0.989207	0.0783574	0.452826	0.452826	
0.0026027	0.993063	0.993063	0.993102	0.993063	3.9115e-05	3.90761e-05	0.993102	7.00287e-05	0.991915	0.993062	0.99305	0.970066	0.0124407	0.99305	0.993063	0.0116954	0.992983	4.18661e-05	0.969952	0.0116198	0.993021	0.987698	0.969929	0.988031	0.969996	0.988166	0.0789802	0.464432	0.464432	
0.00256615	0.993073	0.993073	0.993102	0.993073	2.92716e-05	2.92392e-05	0.993102	5.24158e-05	0.992214	0.993072	0.993063	0.963961	0.0122865	0.993063	0.993073	0.0117229	0.993012	6.66286e-05	0.963853	0.011664	0.993042	0.986493	0.963834	0.98675	0.963895	0.986861	0.0791576	0.475836	0.475836	
0.00253867	0.99308	0.99308	0.993102	0.99308	2.1907e-05	2.18786e-05	0.993102	3.92408e-05	0.992437	0.99308	0.993073	0.956467	0.01218	0.993073	0.99308	0.0117539	0.993035	0.00010537	0.956365	0.0117081	0.993057	0.984946	0.95635	0.985145	0.956405	0.985239	0.0791462	0.487056	0.487056	
0.00251802	0.993086	0.993086	0.993102	0.993086	1.63973e-05	1.6371e-05	0.993102	2.93874e-05	0.992605	0.993085	0.99308	0.9474	0.0120986	0.99308	0.993086	0.0117764	0.993051	0.000165825	0.947304	0.0117408	0.993068	0.982997	0.947291	0.983153	0.947341	0.983232	0.0793108	0.498045	0.498045	
0.0025025	0.99309	0.99309	0.993102	0.99309	1.22759e-05	1.22498e-05	0.993102	2.20206e-05	0.99273	0.993089	0.993086	0.936449	0.0120465	0.993086	0.99309	0.0118029	0.993064	0.000258622	0.93636	0.0117754	0.993077	0.980577	0.936349	0.9807	0.936394	0.980768	0.0797476	0.508888	0.508888	
0.00249084	0.993093	0.993093	0.993102	0.993093	9.19342e-06	9.16609e-06	0.993102	1.65158e-05	0.992824	0.993092	0.99309	0.923192	0.0120329	0.99309	0.993093	0.0118487	0.993073	0.000399269	0.92311	0.0118274	0.993083	0.977597	0.9231	0.977695	0.923141	0.977753	0.0752301	0.560871	0.560871	
0.00248207	0.993095	0.993095	0.993102	0.993095	6.90334e-06	6.85866e-06	0.993102	1.24673e-05	0.992894	0.993094	0.993093	0.880233	0.0117644	0.993093	0.993095	0.0116252	0.99308	0.00208889	0.88015	0.0116088	0.993088	0.964904	0.880141	0.964988	0.880182	0.965047	0.077012	0.608419	0.608419	
0.00247549	0.993097	0.993097	0.993102	0.993097	5.22605e-06	5.13208e-06	0.993102	9.61132e-06	0.992946	0.993096	0.993095	0.793239	0.0116621	0.993095	0.993097	0.011557	0.993086	0.0126996	0.793154	0.0115443	0.993092	0.933154	0.793146	0.933233	0.793187	0.933302	0.0751916	0.651721	0.651721	
0.00247054	0.993098	0.993098	0.993102	0.993098	4.05971e-06	3.84015e-06	0.993102	7.86332e-06	0.992986	0.993097	0.993097	0.677845	0.0114843	0.993097	0.993098	0.0114048	0.99309	0.0631634	0.677766	0.011395	0.993094	0.872177	0.677759	0.872258	0.677796	0.87234	0.0693043	0.693214	0.693214	
0.00246682	0.993099	0.993099	0.993102	0.993099	3.42272e-06	2.87345e-06	0.993102	7.42356e-06	0.993015	0.993098	0.993098	0.557136	0.0110477	0.993098	0.993099	0.0109877	0.993093	0.20172	0.557067	0.0109802	0.993096	0.777449	0.557061	0.777529	0.557093	0.77762	0.0735742	0.730071	0.730071	
0.00246403	0.9931	0.9931	0.993102	0.9931	3.29984e-06	2.1501e-06	0.993102	8.77266e-06	0.993037	0.993099	0.993099	0.441584	0.0109376	0.993099	0.9931	0.0108921	0.993095	0.367532	0.441528	0.0108863	0.993098	0.662499	0.441524	0.662574	0.441548	0.662666	0.0773096	0.762893	0.762893	
0.00246194	0.993101	0.993101	0.993102	0.993101	3.79084e-06	1.60884e-06	0.993102	1.27679e-05	0.993053	0.9931	0.9931	0.342954	0.0110602	0.9931	0.993101	0.0110253	0.993096	0.51431	0.342908	0.0110208	0.993099	0.545326	0.342906	0.545393	0.342924	0.545483	0.0728286	0.791976	0.791976	
0.00246038	0.993101	0.993101	0.993102	0.993101	5.42283e-06	1.20384e-06	0.993102	2.0652e-05	0.993066	0.9931	0.9931	0.264436	0.0109084	0.993101	0.993101	0.0108812	0.993098	0.631686	0.264398	0.0108776	0.9931	0.438428	0.264397	0.438488	0.264411	0.438576	0.0708601	0.816496	0.816496	
0.00245924	0.993101	0.993101	0.993102	0.993101	8.45091e-06	9.0079e-07	0.993102	3.3577e-05	0.993075	0.9931	0.993101	0.202905	0.0106951	0.993101	0.993101	0.0106729	0.993098	0.721521	0.202872	0.0106699	0.9931	0.347578	0.202872	0.347633	0.202882	0.347721	0.0603757	0.842588	0.842588	
0.00245842	0.993102	0.993102	0.993102	0.993102	1.54548e-05	6.7403e-07	0.993102	5.5668e-05	0.993082	0.993101	0.993101	0.155535	0.0100613	0.993101	0.993102	0.0100424	0.993099	0.78956	0.155506	0.0100398	0.9931	0.272036	0.155507	0.272086	0.155514	0.272175	0.062411	0.861912	0.861912	
0.00245789	0.993102	0.993102	0.993102	0.993102	2.4471e-05	5.04353e-07	0.993102	8.6618e-05	0.993087	0.993101	0.993101	0.118815	0.00967382	0.993102	0.993102	0.00965554	0.9931	0.840641	0.118788	0.00965297	0.993101	0.211796	0.11879	0.211845	0.118795	0.211939	0.0678478	0.885181	0.885181	
0.00245761	0.993102	0.993102	0.993102	0.993102	3.67548e-05	3.77391e-07	0.993102	0.000136442	0.993091	0.993101	0.993101	0.0902831	0.00963087	0.993102	0.993102	0.00961015	0.9931	0.878951	0.090258	0.00960707	0.993101	0.163711	0.0902607	0.163759	0.0902639	0.163856	0.0671664	0.902954	0.902954	
0.00245755	0.993102	0.993102	0.993102	0.993102	5.41921e-05	2.82389e-07	0.993102	0.000204334	0.993094	0.993101	0.993102	0.0685383	0.00957132	0.993102	0.993102	0.00954479	0.9931	0.907654	0.0685142	0.00954077	0.9931	0.126181	0.0685175	0.12623	0.0685193	0.126332	0.0682115	0.920448	0.920448	
0.00245772	0.993102	0.993102	0.993102	0.993102	7.76609e-05	2.11303e-07	0.993102	0.000298038	0.993096	0.993101	0.993102	0.0519657	0.00958275	0.993102	0.993102	0.00954595	0.993101	0.929147	0.0519421	0.00954037	0.9931	0.0970147	0.0519459	0.0970646	0.0519467	0.0971729	0.0765216	0.938239	0.938239	
0.00245813	0.993102	0.993102	0.993102	0.993102	0.000103011	1.58112e-07	0.993102	0.000430324	0.993097	0.993101	0.993102	0.03929	0.0100346	0.993102	0.993102	0.00997788	0.993101	0.945237	0.0392676	0.00996935	0.993099	0.0744109	0.0392715	0.0744619	0.0392716	0.0745757	0.0902042	0.950293	0.950293	
0.00245876	0.993102	0.993102	0.993102	0.993102	0.000120585	1.18311e-07	0.993102	0.000586034	0.993099	0.993101	0.993102	0.0296434	0.0112803	0.993102	0.993102	0.011182	0.993101	0.957278	0.0296225	0.0111681	0.993096	0.0571018	0.0296265	0.0571552	0.0296259	0.0572777	0.090792	0.968137	0.968137	
0.00245945	0.993102	0.993102	0.993102	0.993102	0.000151706	8.85291e-08	0.993102	0.00081588	0.993099	0.993101	0.993102	0.022351	0.0122799	0.993102	0.993102	0.0121276	0.993101	0.966292	0.0223314	0.0121083	0.993092	0.0437182	0.0223356	0.0437721	0.0223344	0.0438997	0.102886	0.984129	0.984129	
0.00246034	0.993102	0.993102	0.993102	0.993102	0.000180058	6.62446e-08	0.993102	0.00113045	0.9931	0.993101	0.993102	0.0168223	0.014102	0.993102	0.993102	0.0138475	0.993101	0.973039	0.0168045	0.0138188	0.993082	0.0334262	0.0168085	0.0334805	0.016807	0.0336123	0.0959511	0.816203	0.816203	
0.00246137	0.993102	0.993102	0.993102	0.993102	0.000137394	4.95699e-08	0.993102	0.000864017	0.993101	0.993101	0.993102	0.015818	0.0148933	0.993102	0.993102	0.0145289	0.993101	0.976166	0.0156636	0.0144927	0.993087	0.0437872	0.015714	0.0442881	0.0156765	0.0456261	0.0813864	0.75983	0.75983	
0.0024616	0.993102	0.993102	0.993102	0.993102	0.000103959	3.70928e-08	0.993102	0.000652379	0.993101	0.993101	0.993102	0.024536	0.0143686	0.993102	0.993102	0.0139962	0.993101	0.967366	0.0240102	0.0139606	0.993091	0.0833438	0.0241864	0.0845315	0.0240521	0.0876816	0.0618461	0.666292	0.666292	
0.00246137	0.993102	0.993102	0.993102	0.993102	7.80505e-05	2.77566e-08	0.993102	0.000489054	0.993101	0.993101	0.993102	0.102725	0.0129237	0.993102	0.993102	0.0125939	0.993101	0.821099	0.100879	0.012563	0.993094	0.218449	0.101504	0.220223	0.101026	0.224855	0.0522845	0.651397	0.651397	
0.00246087	0.993102	0.993102	0.993102	0.993102	5.86375e-05	2.07707e-08	0.993102	0.00036661	0.993102	0.993101	0.993102	0.1899	0.0114556	0.993102	0.993102	0.0111772	0.993101	0.688997	0.187309	0.0111513	0.993096	0.336643	0.188188	0.338573	0.187515	0.343584	0.0157602	0.5193	0.5193	
0.00246026	0.993102	0.993102	0.993102	0.993102	4.39111e-05	1.55435e-08	0.993102	0.000274369	0.993102	0.993101	0.993102	0.382071	0.00943068	0.993102	0.993102	0.00921091	0.993101	0.516667	0.37999	0.00919055	0.993097	0.494281	0.380696	0.495788	0.380155	0.499697	0.00465306	0.422451	0.422451	
0.00245962	0.993102	0.993102	0.993102	0.993102	3.28633e-05	1.16321e-08	0.993102	0.000205307	0.993102	0.993101	0.993102	0.534686	0.00774238	0.993102	0.993102	0.00757106	0.993101	0.386632	0.533115	0.00755524	0.993099	0.61873	0.533648	0.619864	0.53324	0.622808	0.00395794	0.46209	0.46209	
0.002459	0.993102	0.993102	0.993102	0.993102	2.46044e-05	8.70532e-09	0.993102	0.000153639	0.993102	0.993101	0.993102	0.64747	0.00646778	0.993102	0.993102	0.00633453	0.993101	0.289447	0.646273	0.00632225	0.9931	0.710513	0.64668	0.711373	0.646369	0.713605	0.00371125	0.526998	0.526998	
0.00245844	0.993102	0.993102	0.993102	0.993102	1.84621e-05	6.51534e-09	0.993102	0.000115018	0.993102	0.993101	0.993102	0.725182	0.00550936	0.993102	0.993102	0.00540588	0.993101	0.21851	0.724232	0.00539637	0.9931	0.77289	0.724555	0.773564	0.724308	0.775311	0.0039506	0.621196	0.621196	
0.00245795	0.993102	0.993102	0.993102	0.993102	1.41517e-05	4.87666e-09	0.993102	8.64286e-05	0.993102	0.993101	0.993101	0.741718	0.00479437	0.993102	0.993102	0.00471411	0.993101	0.226221	0.74082	0.00470675	0.993101	0.780174	0.741125	0.780781	0.740892	0.782356	0.00391459	0.637407	0.637407	
0.00245752	0.993102	0.993102	0.993102	0.993102	1.10557e-05	3.65049e-09	0.993102	6.51759e-05	0.993102	0.993101	0.993101	0.739668	0.00425812	0.993102	0.993102	0.00419595	0.993101	0.266933	0.738829	0.00419025	0.993101	0.771815	0.739114	0.772364	0.738897	0.773783	0.00372108	0.657014	0.657014	
0.00245717	0.993102	0.993102	0.993102	0.993102	8.96573e-06	2.73299e-09	0.993102	4.95154e-05	0.993102	0.993101	0.993101	0.717716	0.00385372	0.993102	0.993102	0.00380561	0.993101	0.346006	0.716942	0.0038012	0.993101	0.745614	0.717203	0.746109	0.717005	0.747386	0.00364805	0.677401	0.677401	
0.00245687	0.993102	0.993102	0.993102	0.993102	7.75223e-06	2.04647e-09	0.993102	3.81731e-05	0.993102	0.993101	0.993101	0.677157	0.00354973	0.993102	0.993102	0.00351254	0.993101	0.449268	0.676455	0.00350912	0.993102	0.702251	0.67669	0.702692	0.676513	0.703829	0.0036852	0.708628	0.708628	
0.00245664	0.993102	0.993102	0.993102	0.993102	7.74778e-06	1.53276e-09	0.993102	3.06595e-05	0.993102	0.993101	0.993101	0.608062	0.00332246	0.993102	0.993102	0.00329372	0.993101	0.565549	0.607445	0.00329106	0.993102	0.631114	0.607648	0.6315	0.607498	0.632491	0.00392393	0.740468	0.740468	
0.00245647	0.993102	0.993102	0.993102	0.993102	9.46064e-06	1.14838e-09	0.993102	2.69037e-05	0.993102	0.993101	0.993101	0.521025	0.00315538	0.993102	0.993102	0.00313316	0.993101	0.667017	0.520504	0.00313106	0.993102	0.542026	0.52067	0.542354	0.520551	0.543187	0.00470661	0.802942	0.802942	
0.00245636	0.993102	0.993102	0.993102	0.993102	1.96602e-05	8.60754e-10	0.993102	3.3954e-05	0.993102	0.993101	0.993101	0.412856	0.00304079	0.993102	0.993102	0.00302356	0.993101	0.748578	0.412443	0.00302187	0.993102	0.43056	0.412571	0.430821	0.412482	0.431481	0.00519651	0.820023	0.820023	
0.0024564	0.993102	0.993102	0.993102	0.993102	3.22499e-05	6.45536e-10	0.993102	4.48662e-05	0.993102	0.993101	0.993101	0.325562	0.00296191	0.993102	0.993102	0.00294836	0.993101	0.809865	0.325232	0.00294683	0.993102	0.340445	0.325326	0.340658	0.325267	0.341187	0.00444508	0.80092	0.80092	
0.00245659	0.993102	0.993102	0.993102	0.993102	3.62886e-05	4.84497e-10	0.993102	4.68592e-05	0.993102	0.993101	0.993101	0.267584	0.00289298	0.993102	0.993102	0.00288206	0.993101	0.855424	0.267299	0.00288047	0.993102	0.28062	0.267361	0.280816	0.267339	0.281274	0.00521083	0.843934	0.843934	
0.00245678	0.993102	0.993102	0.993102	0.993102	5.54566e-05	3.63996e-10	0.993102	6.64746e-05	0.993102	0.993101	0.993101	0.210806	0.00285186	0.993102	0.993102	0.00284291	0.993101	0.889979	0.210574	0.00284122	0.993102	0.221619	0.210615	0.221784	0.210611	0.222158	0.00487054	0.827538	0.827538	
0.00245716	0.993102	0.993102	0.993102	0.993102	6.20418e-05	2.7383e-10	0.993102	7.23881e-05	0.993102	0.993101	0.993101	0.172295	0.00281698	0.993102	0.993102	0.00280923	0.993101	0.915741	0.172084	0.00280721	0.993102	0.181684	0.172103	0.181844	0.172128	0.182183	0.00203203	0.600565	0.600565	
0.00245752	0.993102	0.993102	0.993102	0.993102	4.6656e-05	2.06361e-10	0.993102	5.44073e-05	0.993102	0.993101	0.993101	0.343853	0.00275343	0.993102	0.993102	0.00274657	0.993101	0.718239	0.343608	0.00274426	0.993102	0.35188	0.343591	0.352078	0.343678	0.352459	0.00146179	0.557662	0.557662	
0.00245761	0.993102	0.993102	0.993102	0.993102	3.50105e-05	1.55877e-10	0.993102	4.08135e-05	0.993102	0.993101	0.993101	0.491278	0.00269813	0.993102	0.993102	0.0026922	0.993101	0.544168	0.491062	0.00268988	0.993102	0.497639	0.491037	0.497817	0.491128	0.49815	0.000845166	0.501622	0.501622	
0.00245753	0.993102	0.993102	0.993102	0.993102	2.62299e-05	1.18103e-10	0.993102	3.05727e-05	0.993102	0.993101	0.993101	0.612211	0.0026486	0.993102	0.993102	0.00264358	0.993101	0.407925	0.612041	0.00264141	0.993102	0.617039	0.612019	0.61718	0.612094	0.617442	0.000471475	0.390202	0.390202	
0.00245736	0.993102	0.993102	0.993102	0.993102	1.96305e-05	8.98373e-11	0.993102	2.288e-05	0.993102	0.993101	0.993101	0.707507	0.00260661	0.993102	0.993102	0.00260242	0.993101	0.305244	0.707379	0.00260047	0.993102	0.711123	0.707363	0.71123	0.707419	0.711427	0.000373559	0.4065	0.4065	
0.00245715	0.993102	0.993102	0.993102	0.993102	1.46937e-05	6.86876e-11	0.993102	1.71253e-05	0.993102	0.993101	0.993101	0.778589	0.00257378	0.993102	0.993102	0.00257032	0.993101	0.22842	0.778492	0.00256861	0.993102	0.781299	0.77848	0.781379	0.778523	0.781528	0.000394562	0.507818	0.507818	
0.00245693	0.993102	0.993102	0.993102	0.993102	1.10323e-05	5.28622e-11	0.993102	1.2852e-05	0.993102	0.993101	0.993101	0.826549	0.00254933	0.993102	0.993102	0.0025465	0.993101	0.171879	0.826473	0.00254504	0.993102	0.828614	0.826462	0.828677	0.826497	0.828795	0.000411294	0.580569	0.580569	
0.00245672	0.993102	0.993102	0.993102	0.993102	8.41557e-06	4.10208e-11	0.993102	9.77854e-06	0.993102	0.993101	0.993101	0.844487	0.00253114	0.993102	0.993102	0.00252884	0.993101	0.145139	0.844419	0.00252761	0.993102	0.846183	0.844407	0.846241	0.844442	0.846345	0.000374989	0.585591	0.585591	
0.00245654	0.993102	0.993102	0.993102	0.993102	6.47467e-06	3.21603e-11	0.993102	7.49587e-06	0.993102	0.993101	0.993101	0.855655	0.002517	0.993102	0.993102	0.00251514	0.993101	0.128531	0.855595	0.00251412	0.993102	0.857077	0.855582	0.857129	0.855616	0.857221	0.00034019	0.593908	0.593908	
0.00245637	0.993102	0.993102	0.993102	0.993102	5.05464e-06	2.55304e-11	0.993102	5.8202e-06	0.993102	0.993101	0.993101	0.859856	0.00250593	0.993102	0.993102	0.00250443	0.993101	0.12314	0.859803	0.00250359	0.993102	0.861082	0.859791	0.861128	0.859822	0.861209	0.000320219	0.627556	0.627556	
0.00245623	0.993102	0.993102	0.993102	0.993102	4.19372e-06	2.05695e-11	0.993102	4.7692e-06	0.993102	0.993101	0.993101	0.840057	0.00249736	0.993102	0.993102	0.00249616	0.993101	0.171455	0.840008	0.00249546	0.993102	0.841219	0.839995	0.841263	0.840027	0.841338	0.000309254	0.644303	0.644303	
0.00245612	0.993102	0.993102	0.993102	0.993102	3.71335e-06	1.68575e-11	0.993102	4.14753e-06	0.993102	0.993101	0.993101	0.809864	0.00249078	0.993102	0.993102	0.00248982	0.993101	0.24728	0.809817	0.00248924	0.993102	0.811018	0.809804	0.81106	0.809836	0.81113	0.000280363	0.64808	0.64808	
0.00245602	0.993102	0.993102	0.993102	0.993102	3.39939e-06	1.408e-11	0.993102	3.72777e-06	0.993102	0.993101	0.993101	0.783472	0.00248549	0.993102	0.993102	0.00248471	0.993101	0.313491	0.783429	0.00248423	0.993102	0.784603	0.783416	0.784643	0.783446	0.784708	0.000255984	0.65392	0.65392	
0.00245595	0.993102	0.993102	0.993102	0.993102	3.24173e-06	1.20017e-11	0.993102	3.49102e-06	0.993102	0.993101	0.993101	0.757592	0.00248121	0.993102	0.993102	0.00248058	0.993101	0.377542	0.757552	0.00248018	0.993102	0.758695	0.757539	0.758732	0.757569	0.758793	0.000268154	0.706495	0.706495	
0.00245589	0.993102	0.993102	0.993102	0.993102	4.42304e-06	1.04465e-11	0.993102	4.62032e-06	0.993102	0.993101	0.993101	0.674916	0.00247816	0.993102	0.993102	0.00247764	0.993101	0.51156	0.674878	0.0024773	0.993102	0.676049	0.674864	0.676085	0.674894	0.676144	0.000266979	0.736564	0.736564	
0.00245587	0.993102	0.993102	0.993102	0.993102	6.95431e-06	9.28283e-12	0.993102	7.12144e-06	0.993102	0.993101	0.993101	0.578601	0.00247589	0.993102	0.993102	0.00247544	0.993101	0.6261	0.578562	0.00247513	0.993102	0.579702	0.578547	0.579738	0.578579	0.579796	0.000286318	0.768196	0.768196	
0.00245588	0.993102	0.993102	0.993102	0.993102	1.20631e-05	8.41201e-12	0.993102	1.22276e-05	0.993102	0.993101	0.993101	0.47828	0.00247449	0.993102	0.993102	0.00247406	0.993101	0.716565	0.47824	0.00247375	0.993102	0.47929	0.478224	0.479328	0.478258	0.479387	0.000301294	0.786971	0.786971	
0.00245595	0.993102	0.993102	0.993102	0.993102	1.90107e-05	7.76026e-12	0.993102	1.91941e-05	0.993102	0.993101	0.993101	0.390893	0.00247376	0.993102	0.993102	0.00247328	0.993101	0.785268	0.390849	0.0024729	0.993102	0.391787	0.39083	0.391829	0.390869	0.391895	0.000406059	0.807434	0.807434	
0.00245609	0.993102	0.993102	0.993102	0.993102	2.92308e-05	7.27238e-12	0.993102	2.94904e-05	0.993102	0.993101	0.993101	0.315396	0.00247468	0.993102	0.993102	0.00247409	0.993101	0.837183	0.315348	0.00247356	0.993102	0.316195	0.315326	0.316242	0.315371	0.316315	0.000580757	0.871291	0.871291	
0.00245632	0.993102	0.993102	0.993102	0.993102	7.55143e-05	6.90701e-12	0.993102	7.63351e-05	0.993102	0.993101	0.993101	0.242818	0.00247781	0.993102	0.993102	0.00247699	0.993101	0.876402	0.242773	0.00247624	0.993102	0.243473	0.242753	0.243516	0.242795	0.243583	0.0008139	0.911357	0.911357	
0.00245706	0.993102	0.993102	0.993102	0.993102	0.000175677	6.63227e-12	0.993102	0.000178246	0.993102	0.993101	0.993101	0.184789	0.00248425	0.993102	0.993102	0.00248267	0.993101	0.905773	0.184747	0.00248115	0.993102	0.185306	0.184727	0.185348	0.184767	0.185412	0.00115569	0.946363	0.946363	
0.00245885	0.993102	0.993102	0.993102	0.993102	0.000370673	6.42375e-12	0.993102	0.000378184	0.993102	0.993101	0.993101	0.139815	0.00249596	0.993102	0.993102	0.00249248	0.993101	0.927756	0.139772	0.00248913	0.993102	0.14021	0.139752	0.140252	0.139793	0.140317	0.00143288	0.957379	0.957379	
0.00246262	0.993102	0.993102	0.993102	0.993102	0.000576148	6.26204e-12	0.993102	0.000590443	0.993102	0.993101	0.993101	0.105861	0.00251339	0.993102	0.993102	0.00250584	0.993101	0.944205	0.105811	0.00249861	0.993102	0.106146	0.105787	0.106196	0.105835	0.106273	0.00155196	0.97235	0.97235	
0.00246799	0.993102	0.993102	0.993102	0.993102	0.000836379	6.13508e-12	0.993102	0.00085983	0.993102	0.993101	0.993101	0.0801401	0.00253347	0.993102	0.993102	0.00251999	0.993101	0.956513	0.0800807	0.00250721	0.993102	0.0803277	0.0800529	0.0803864	0.0801095	0.0804771	0.00281196	1.00777	1.00777	
0.00247526	0.993102	0.993102	0.993102	0.993102	0.00143541	6.03254e-12	0.993102	0.00149963	0.993102	0.993101	0.993101	0.0604172	0.00257234	0.993102	0.993102	0.00255044	0.993101	0.965724	0.0603576	0.00252988	0.993102	0.0605446	0.0603297	0.0606037	0.0603865	0.0606955	0.00272684	1.01148	1.01148	
0.00248826	0.993102	0.993102	0.993102	0.993102	0.0019683	5.93865e-12	0.993102	0.00206629	0.993102	0.993101	0.993101	0.0456388	0.00261774	0.993102	0.993101	0.00258007	0.993101	0.972616	0.0455691	0.00254573	0.993101	0.0456954	0.0455373	0.0457633	0.0456025	0.0458711	0.00370442	1.027	1.027	
0.00250479	0.993102	0.993102	0.993102	0.993102	0.00269328	5.85329e-12	0.993102	0.00285997	0.993102	0.993101	0.993101	0.0344667	0.00268151	0.993102	0.993101	0.00262279	0.993101	0.977773	0.0343895	0.00257044	0.993101	0.0344703	0.0343549	0.0345445	0.0344262	0.0346649	0.00639423	1.05473	1.05473	
0.00252652	0.993102	0.993102	0.993102	0.993102	0.00408099	5.76913e-12	0.993102	0.00448487	0.993102	0.993101	0.993101	0.0259683	0.00279357	0.993102	0.993101	0.00270354	0.993101	0.981632	0.0258913	0.00262562	0.9931	0.0259455	0.0258576	0.0260189	0.0259275	0.0261409	0.00617919	1.05552	1.05552	
0.00256109	0.993102	0.993102	0.993102	0.993102	0.00528041	5.66813e-12	0.993102	0.00587259	0.993102	0.993101	0.993101	0.019619	0.00292651	0.993102	0.9931	0.00278149	0.993101	0.984519	0.0195306	0.0026639	0.9931	0.019551	0.0194942	0.0196314	0.019571	0.0197729	0.00953943	1.07533	1.07533	
0.00260319	0.993102	0.993102	0.993102	0.993102	0.00718424	5.56052e-12	0.993102	0.00829635	0.993102	0.993101	0.993101	0.0148052	0.00313474	0.993102	0.9931	0.002912	0.993101	0.98668	0.0147128	0.002741	0.993098	0.0147144	0.0146768	0.0147959	0.0147541	0.0149466	0.0115143	1.08588	1.08588	
0.00266127	0.993102	0.993102	0.993102	0.993102	0.00950194	5.43071e-12	0.993102	0.0113805	0.993102	0.993101	0.993101	0.0111854	0.0034281	0.993102	0.993099	0.00307642	0.993101	0.988297	0.011086	0.00282873	0.993096	0.0110705	0.0110503	0.0111533	0.0111288	0.0113189	0.00806808	1.07802	1.07802	
0.00273848	0.993102	0.993102	0.993102	0.993102	0.0112542	5.27605e-12	0.993102	0.0133715	0.993102	0.993101	0.993101	0.00852169	0.0037079	0.993102	0.993099	0.00317949	0.993101	0.989506	0.00839174	0.00284272	0.993096	0.00834309	0.00835136	0.00843586	0.00844393	0.0086482	0.00857209	1.08236	1.08236	
0.00282282	0.993102	0.993102	0.993102	0.993102	0.013209	5.11857e-12	0.993102	0.0156684	0.993102	0.993102	0.993101	0.00652589	0.004024	0.993102	0.993098	0.00329698	0.993101	0.990412	0.00636678	0.00286053	0.993095	0.00629144	0.00632195	0.00639179	0.00642793	0.00664849	0.00906571	1.08751	1.08751	
0.00291667	0.993102	0.993102	0.993102	0.993102	0.0155456	4.95585e-12	0.993102	0.018481	0.993102	0.993102	0.993101	0.00502942	0.00439361	0.993102	0.993098	0.00343077	0.993101	0.991089	0.00484224	0.0028811	0.993094	0.00474613	0.00479357	0.00485128	0.00491164	0.00515023	0.0106296	1.09567	1.09567	
0.00302526	0.993102	0.993102	0.993102	0.993102	0.0186848	4.78269e-12	0.993102	0.022494	0.993102	0.993102	0.993101	0.00389816	0.00488261	0.993102	0.993098	0.00360876	0.993101	0.991596	0.00368767	0.00291996	0.993092	0.00357923	0.0036369	0.00368508	0.00376307	0.00402047	0.0115423	1.10008	1.10008	
0.00316093	0.993102	0.993102	0.993102	0.993102	0.0225051	4.58774e-12	0.993102	0.0274745	0.993102	0.993102	0.993101	0.00305916	0.00555835	0.993102	0.993097	0.00382946	0.993101	0.991975	0.00281724	0.00296307	0.99309	0.00269862	0.00276436	0.00280392	0.00289988	0.00318761	0.0142718	1.10471	1.10471	
0.0033334	0.993102	0.993102	0.993102	0.993102	0.0270823	4.36764e-12	0.993102	0.0340023	0.993102	0.993102	0.993101	0.00243897	0.00660896	0.993102	0.993097	0.00415184	0.993101	0.992259	0.00215801	0.00303884	0.993087	0.0020334	0.00210366	0.00213644	0.00224824	0.00258456	0.0171676	1.11385	1.11385	
0.00355489	0.993102	0.993102	0.993102	0.993102	0.0339979	4.12118e-12	0.993102	0.0443758	0.993102	0.993102	0.993101	0.00197799	0.00830336	0.993102	0.993096	0.0045992	0.993101	0.992471	0.00165404	0.00314437	0.993082	0.00152979	0.00160034	0.00162668	0.00174979	0.00214955	0.0162563	1.11437	1.11437	
0.00387717	0.993102	0.993102	0.993102	0.993102	0.043716	3.82657e-12	0.993102	0.0578122	0.993102	0.993102	0.993101	0.00171349	0.0111739	0.993102	0.993096	0.00512309	0.993101	0.99263	0.00127725	0.00320766	0.993077	0.00114939	0.00122216	0.00123975	0.00138744	0.00193144	0.0158164	1.1165	1.1165	
0.00437792	0.993102	0.993102	0.993102	0.993102	0.059993	3.47491e-12	0.993102	0.079231	0.993102	0.993102	0.993101	0.00166814	0.0166631	0.993102	0.993095	0.00585522	0.993101	0.992749	0.000993994	0.00324755	0.99307	0.000862218	0.000935666	0.000944183	0.0011299	0.00197454	0.0245722	1.1274	1.1274	
0.00531619	0.993102	0.993102	0.993102	0.993102	0.0941133	3.04182e-12	0.993102	0.130811	0.993102	0.993102	0.993101	0.00186139	0.0344481	0.993102	0.993095	0.00769939	0.993101	0.992838	0.000769606	0.00343893	0.993047	0.000645701	0.00071156	0.000715157	0.00093121	0.00247828	0.0293117	1.13247	1.13247	
0.00798305	0.993102	0.993102	0.993102	0.993102	0.193279	2.49931e-12	0.993102	0.256528	0.993102	0.993102	0.993101	0.00530647	0.139475	0.993102	0.993095	0.0128685	0.993101	0.992904	0.000597099	0.00368199	0.992979	0.000483186	0.000539169	0.000537915	0.00083618	0.00880137	0.0251109	1.13191	1.13191	
0.0324225	0.993102	0.993102	0.993102	0.993102	0.390149	1.90086e-12	0.993102	0.439224	0.993102	0.993102	0.993099	0.185888	0.352248	0.993102	0.993094	0.0505113	0.9931	0.992951	0.000470143	0.00377489	0.992512	0.00036155	0.000405174	0.00040273	0.00173561	0.210419	0.0293018	1.13525	1.13525	
0.238889	0.993102	0.993102	0.993102	0.993102	0.541933	1.42294e-12	0.993102	0.578654	0.993102	0.993102	0.992978	0.38902	0.513573	0.993102	0.993094	0.266792	0.9931	0.984564	0.000371878	0.00393316	0.963995	0.000270535	0.000303199	0.000301354	0.0423916	0.407408	0.0357971	1.13978	1.13978	
0.426788	0.993102	0.993102	0.993102	0.993102	0.655509	1.06476e-12	0.993102	0.682986	0.993102	0.993102	0.99019	0.541089	0.634288	0.993102	0.993094	0.448667	0.9931	0.752994	0.000294377	0.00420459	0.773116	0.000202431	0.000226873	0.000225492	0.223368	0.554849	0.0575802	1.14348	1.14348	
0.569146	0.993102	0.993102	0.993102	0.993102	0.740493	7.96728e-13	0.993102	0.761053	0.993102	0.993102	0.971119	0.654877	0.724614	0.993102	0.993094	0.585657	0.9931	0.563577	0.000229951	0.00509113	0.581086	0.000151472	0.000169761	0.000168728	0.404717	0.665173	0.0858488	1.14469	1.14469	
0.675834	0.993102	0.993102	0.993102	0.993102	0.804084	5.96163e-13	0.993102	0.819468	0.993102	0.993102	0.917906	0.740021	0.792203	0.993102	0.993095	0.688219	0.9931	0.421707	0.000177432	0.00721275	0.434956	0.000113341	0.000127026	0.000126253	0.5486	0.747725	0.121063	1.147	1.147	
0.755691	0.993102	0.993102	0.993102	0.993102	0.851667	4.46087e-13	0.993102	0.863178	0.993102	0.993102	0.842997	0.803731	0.842776	0.993102	0.993097	0.764968	0.993101	0.315548	0.0001353	0.0121853	0.325472	8.48089e-05	9.5049e-05	9.44704e-05	0.657966	0.809495	0.158929	1.14965	1.14965	
0.815452	0.993102	0.993102	0.993102	0.993102	0.887271	3.33791e-13	0.993102	0.895885	0.993102	0.993102	0.77056	0.851402	0.880619	0.993102	0.993098	0.822398	0.993101	0.236113	0.000102367	0.0231623	0.243539	6.34594e-05	7.11217e-05	7.06888e-05	0.740131	0.855716	0.194376	1.15194	1.15194	
0.860171	0.993102	0.993102	0.993102	0.993102	0.913913	2.49764e-13	0.993102	0.920358	0.993102	0.993102	0.712579	0.887073	0.908935	0.993102	0.993099	0.86537	0.993101	0.176675	7.71277e-05	0.0443039	0.182232	4.74844e-05	5.32178e-05	5.28938e-05	0.801517	0.890301	0.228147	1.15295	1.15295	
0.893634	0.993102	0.993102	0.993102	0.993102	0.933848	1.86889e-13	0.993102	0.93867	0.993102	0.993102	0.675317	0.913765	0.930123	0.993102	0.9931	0.897525	0.993101	0.132199	5.79761e-05	0.0811516	0.136357	3.55308e-05	3.98209e-05	3.95785e-05	0.847049	0.91618	0.258945	1.15439	1.15439	
0.918673	0.993102	0.993102	0.993102	0.993102	0.948764	1.39842e-13	0.993102	0.952373	0.993102	0.993102	0.658595	0.933737	0.945977	0.993102	0.9931	0.921585	0.993101	0.09892	4.35201e-05	0.137105	0.102031	2.65864e-05	2.97966e-05	2.96152e-05	0.880377	0.935544	0.287251	1.15613	1.15613	
0.937409	0.993102	0.993102	0.993102	0.993102	0.959926	1.04639e-13	0.993102	0.962626	0.993102	0.993102	0.660069	0.948681	0.95784	0.993102	0.993101	0.939589	0.993101	0.0740182	3.26406e-05	0.21174	0.0763463	1.98937e-05	2.22957e-05	2.216e-05	0.904121	0.950033	0.312932	1.1574	1.1574	
0.951428	0.993102	0.993102	0.993102	0.993102	0.968277	7.82974e-14	0.993102	0.970298	0.993102	0.993102	0.675493	0.959864	0.966717	0.993102	0.993101	0.95306	0.993101	0.0553851	2.44681e-05	0.299513	0.0571271	1.48857e-05	1.6683e-05	1.65815e-05	0.920212	0.960875	0.333701	1.15797	1.15797	
0.961919	0.993102	0.993102	0.993102	0.993102	0.974527	5.85871e-14	0.993102	0.976039	0.993102	0.993102	0.698062	0.968231	0.973359	0.993102	0.993101	0.96314	0.993101	0.0414427	1.83375e-05	0.389716	0.0427462	1.11384e-05	1.24833e-05	1.24073e-05	0.930441	0.968988	0.356895	1.15904	1.15904	
0.969768	0.993102	0.993102	0.993102	0.993102	0.979203	4.38386e-14	0.993102	0.980334	0.993102	0.993102	0.728188	0.974492	0.978329	0.993102	0.993102	0.970683	0.993101	0.03101	1.37391e-05	0.480934	0.0319854	8.33448e-06	9.34081e-06	9.28395e-06	0.934736	0.975058	0.384459	1.16066	1.16066	
0.975642	0.993102	0.993102	0.993102	0.993102	0.982702	3.28028e-14	0.993102	0.983548	0.993102	0.993102	0.764807	0.979177	0.982048	0.993102	0.993102	0.976326	0.993101	0.0232037	1.02904e-05	0.570895	0.0239335	6.23639e-06	6.98939e-06	6.94684e-06	0.931216	0.979601	0.397688	1.16059	1.16059	
0.980037	0.993102	0.993102	0.993102	0.993102	0.98532	2.45452e-14	0.993102	0.985953	0.993102	0.993102	0.796857	0.982682	0.984831	0.993102	0.993102	0.980549	0.993101	0.0173625	7.7076e-06	0.646144	0.0179086	4.66646e-06	5.2299e-06	5.19807e-06	0.925038	0.983	0.42015	1.16195	1.16195	
0.983326	0.993102	0.993102	0.993102	0.993102	0.987279	1.83663e-14	0.993102	0.987753	0.993102	0.993102	0.828507	0.985305	0.986913	0.993102	0.993102	0.983709	0.993101	0.0129917	5.77206e-06	0.71275	0.0134003	3.49174e-06	3.91335e-06	3.88952e-06	0.910389	0.985543	0.438793	1.16262	1.16262	
0.985787	0.993102	0.993102	0.993102	0.993102	0.988745	1.37428e-14	0.993102	0.9891	0.993102	0.993102	0.856926	0.987268	0.988471	0.993102	0.993102	0.986074	0.993101	0.00972122	4.32225e-06	0.768664	0.010027	2.61274e-06	2.92821e-06	2.91039e-06	0.888491	0.987446	0.455404	1.1632	1.1632	
0.987628	0.993102	0.993102	0.993102	0.993102	0.989842	1.02833e-14	0.993102	0.990107	0.993102	0.993102	0.881437	0.988737	0.989637	0.993102	0.993102	0.987843	0.993101	0.00727404	3.23647e-06	0.81447	0.00750282	1.95502e-06	2.19108e-06	2.17774e-06	0.85979	0.98887	0.473404	1.16396	1.16396	
0.989006	0.993102	0.993102	0.993102	0.993102	0.990663	7.69459e-15	0.993102	0.990861	0.993102	0.993102	0.902489	0.989836	0.990509	0.993102	0.993102	0.989167	0.993101	0.0054429	2.4233e-06	0.851879	0.00561409	1.46287e-06	1.6395e-06	1.62952e-06	0.821686	0.989935	0.490408	1.16459	1.16459	
0.990037	0.993102	0.993102	0.993102	0.993102	0.991277	5.75758e-15	0.993102	0.991425	0.993102	0.993102	0.920146	0.990658	0.991162	0.993102	0.993102	0.990158	0.993101	0.00407272	1.81437e-06	0.882003	0.00420082	1.09461e-06	1.22678e-06	1.21931e-06	0.774841	0.990732	0.500892	1.16482	1.16482	
0.990808	0.993102	0.993102	0.993102	0.993102	0.991736	4.30819e-15	0.993102	0.991847	0.993102	0.993102	0.934261	0.991273	0.99165	0.993102	0.993102	0.990899	0.993101	0.00304747	1.35852e-06	0.905553	0.00314332	8.19059e-07	9.17955e-07	9.12367e-07	0.72785	0.991329	0.520654	1.16595	1.16595	
0.991385	0.993102	0.993102	0.993102	0.993102	0.99208	3.22367e-15	0.993102	0.992163	0.993102	0.993102	0.946167	0.991734	0.992016	0.993102	0.993102	0.991454	0.993101	0.00228031	1.01712e-06	0.924599	0.00235203	6.12872e-07	6.86872e-07	6.82691e-07	0.667418	0.991775	0.531617	1.1669	1.1669	
0.991817	0.993102	0.993102	0.993102	0.993102	0.992337	2.41216e-15	0.993102	0.9924	0.993102	0.993102	0.955625	0.992078	0.992289	0.993102	0.993102	0.991869	0.993101	0.00170627	7.61535e-07	0.939434	0.00175994	4.5859e-07	5.13961e-07	5.10833e-07	0.607832	0.992109	0.538695	1.16722	1.16722	
0.992141	0.993102	0.993102	0.993102	0.993102	0.99253	1.80493e-15	0.993102	0.992576	0.993102	0.993102	0.962999	0.992336	0.992494	0.993102	0.993102	0.992179	0.993101	0.00127674	5.70227e-07	0.95085	0.0013169	3.43146e-07	3.84578e-07	3.82238e-07	0.554572	0.992359	0.537434	1.167	1.167	
0.992382	0.993102	0.993102	0.993102	0.993102	0.992674	1.35057e-15	0.993102	0.992709	0.993102	0.993102	0.968456	0.992529	0.992647	0.993102	0.993102	0.992411	0.993101	0.000955339	4.27091e-07	0.959339	0.000985387	2.56764e-07	2.87766e-07	2.86015e-07	0.516738	0.992546	0.553062	1.16704	1.16704	
0.992563	0.993102	0.993102	0.993102	0.993102	0.992782	1.01058e-15	0.993102	0.992808	0.993102	0.993102	0.9731	0.992673	0.992762	0.993102	0.993102	0.992585	0.993101	0.000714846	3.19877e-07	0.966264	0.000737329	1.92127e-07	2.15325e-07	2.14014e-07	0.470354	0.992686	0.558533	1.1672	1.1672	
0.992699	0.993102	0.993102	0.993102	0.993102	0.992862	7.56187e-16	0.993102	0.992882	0.993102	0.993102	0.976733	0.992781	0.992847	0.993102	0.993102	0.992715	0.993101	0.000534893	2.39621e-07	0.971608	0.000551717	1.43762e-07	1.6112e-07	1.60139e-07	0.429618	0.992791	0.563151	1.16694	1.16694	
0.9928	0.993102	0.993102	0.993102	0.993102	0.992923	5.65831e-16	0.993102	0.992937	0.993102	0.993102	0.979572	0.992862	0.992912	0.993102	0.993102	0.992813	0.993101	0.000400241	1.79545e-07	0.975731	0.000412829	1.07572e-07	1.2056e-07	1.19826e-07	0.394631	0.992869	0.587776	1.16694	1.16694	
0.992876	0.993102	0.993102	0.993102	0.993102	0.992968	4.23394e-16	0.993102	0.992979	0.993102	0.993102	0.982192	0.992922	0.99296	0.993102	0.993102	0.992886	0.993101	0.000299486	1.34497e-07	0.979315	0.000308905	8.04919e-08	9.02107e-08	8.96618e-08	0.345791	0.992928	0.600322	1.16478	1.16478	
0.992933	0.993102	0.993102	0.993102	0.993102	0.993002	3.16814e-16	0.993102	0.99301	0.993102	0.993102	0.984326	0.992968	0.992995	0.993102	0.993102	0.99294	0.993101	0.000224094	1.00762e-07	0.982171	0.000231143	6.02291e-08	6.75014e-08	6.70907e-08	0.301417	0.992972	0.611521	1.16127	1.16127	
0.992975	0.993102	0.993102	0.993102	0.993102	0.993027	2.37064e-16	0.993102	0.993033	0.993102	0.993102	0.986045	0.993002	0.993022	0.993102	0.993102	0.992981	0.993101	0.000167682	7.55009e-08	0.984432	0.000172956	4.50673e-08	5.05088e-08	5.02016e-08	0.263065	0.993005	0.61268	1.15868	1.15868	
0.993007	0.993102	0.993102	0.993102	0.993102	0.993046	1.7739e-16	0.993102	0.993051	0.993102	0.993102	0.987343	0.993027	0.993042	0.993102	0.993102	0.993011	0.993101	0.00012547	5.66023e-08	0.986135	0.000129416	3.37222e-08	3.77939e-08	3.7564e-08	0.235305	0.993029	0.608753	1.15557	1.15557	
0.993031	0.993102	0.993102	0.993102	0.993102	0.99306	1.32738e-16	0.993102	0.993064	0.993102	0.993102	0.988274	0.993046	0.993057	0.993102	0.993102	0.993034	0.993101	9.38846e-05	4.24775e-08	0.98737	9.68375e-05	2.52331e-08	2.82798e-08	2.81079e-08	0.219357	0.993048	0.618134	1.15273	1.15273	
0.993048	0.993102	0.993102	0.993102	0.993102	0.993071	9.93262e-17	0.993102	0.993073	0.993102	0.993102	0.989059	0.99306	0.993069	0.993102	0.993102	0.993051	0.993101	7.02504e-05	3.18931e-08	0.988382	7.246e-05	1.8881e-08	2.11607e-08	2.10322e-08	0.202949	0.993061	0.610805	1.14724	1.14724	
0.993062	0.993102	0.993102	0.993102	0.993102	0.993079	7.43257e-17	0.993102	0.993081	0.993102	0.993102	0.989579	0.993071	0.993077	0.993102	0.993102	0.993064	0.993101	5.25658e-05	2.40051e-08	0.989072	5.42192e-05	1.4128e-08	1.58338e-08	1.57377e-08	0.199843	0.993072	0.615574	1.14489	1.14489	
0.993072	0.993102	0.993102	0.993102	0.993102	0.993085	5.56187e-17	0.993102	0.993086	0.993102	0.993102	0.990013	0.993079	0.993083	0.993102	0.993102	0.993074	0.993101	3.93331e-05	1.80961e-08	0.989634	4.05702e-05	1.05714e-08	1.18479e-08	1.1776e-08	0.195676	0.993079	0.60794	1.13718	1.13718	
0.993079	0.993102	0.993102	0.993102	0.993102	0.993089	4.16209e-17	0.993102	0.99309	0.993102	0.993102	0.990264	0.993085	0.993088	0.993102	0.993102	0.993081	0.993101	2.94315e-05	1.37227e-08	0.989979	3.03572e-05	7.91022e-09	8.86533e-09	8.81163e-09	0.20524	0.993085	0.608463	1.13607	1.13607	
0.993085	0.993102	0.993102	0.993102	0.993102	0.993092	3.11469e-17	0.993102	0.993093	0.993102	0.993102	0.990456	0.993089	0.993092	0.993102	0.993102	0.993086	0.993101	2.20225e-05	1.04524e-08	0.990243	2.27152e-05	5.91893e-09	6.6336e-09	6.5935e-09	0.212933	0.993089	0.617955	1.13323	1.13323	
0.993089	0.993102	0.993102	0.993102	0.993102	0.993095	2.33095e-17	0.993102	0.993095	0.993102	0.993102	0.99069	0.993092	0.993094	0.993102	0.993102	0.99309	0.993101	1.64787e-05	7.98243e-09	0.990531	1.6997e-05	4.42892e-09	4.96368e-09	4.93377e-09	0.212879	0.993093	0.633371	1.13024	1.13024	
0.993092	0.993102	0.993102	0.993102	0.993102	0.993097	1.74451e-17	0.993102	0.993097	0.993102	0.993102	0.99098	0.993095	0.993096	0.993102	0.993102	0.993093	0.993101	1.23304e-05	6.09875e-09	0.990861	1.27182e-05	3.314e-09	3.71414e-09	3.69185e-09	0.203126	0.993095	0.631659	1.12219	1.12219	
0.993094	0.993102	0.993102	0.993102	0.993102	0.993098	1.3057e-17	0.993102	0.993098	0.993102	0.993102	0.991186	0.993097	0.993098	0.993102	0.993102	0.993096	0.993101	9.22638e-06	4.71636e-09	0.991096	9.51657e-06	2.47975e-09	2.77916e-09	2.76259e-09	0.203333	0.993097	0.629888	1.11917	1.11917	
0.993096	0.993102	0.993102	0.993102	0.993102	0.993099	9.77357e-18	0.993102	0.993099	0.993102	0.993102	0.991328	0.993098	0.993099	0.993102	0.993102	0.993097	0.993101	6.90376e-06	3.69736e-09	0.991261	7.1209e-06	1.8555e-09	2.07954e-09	2.06726e-09	0.207513	0.993098	0.636096	1.11747	1.11747	
0.993097	0.993102	0.993102	0.993102	0.993102	0.9931	7.31668e-18	0.993102	0.9931	0.993102	0.993102	0.991474	0.993099	0.9931	0.993102	0.993102	0.993098	0.993101	5.16583e-06	2.92036e-09	0.991424	5.32831e-06	1.38841e-09	1.55605e-09	1.54698e-09	0.20685	0.993099	0.644987	1.12039	1.12039	
0.993098	0.993102	0.993102	0.993102	0.993102	0.9931	5.47827e-18	0.993102	0.993101	0.993102	0.993102	0.991632	0.9931	0.9931	0.993102	0.993102	0.993099	0.993101	3.86541e-06	2.30662e-09	0.991595	3.98698e-06	1.03889e-09	1.16433e-09	1.15766e-09	0.197356	0.9931	0.638054	1.11018	1.11018	
0.993099	0.993102	0.993102	0.993102	0.993102	0.993101	4.10266e-18	0.993102	0.993101	0.993102	0.993102	0.991713	0.9931	0.993101	0.993102	0.993102	0.9931	0.993101	2.89234e-06	1.89703e-09	0.991685	2.98331e-06	7.77366e-10	8.71228e-10	8.66378e-10	0.203756	0.9931	0.64924	1.10824	1.10824	
0.9931	0.993102	0.993102	0.993102	0.993102	0.993101	3.07334e-18	0.993102	0.993101	0.993102	0.993102	0.991831	0.993101	0.993101	0.993102	0.993102	0.993101	0.993101	2.16423e-06	1.56168e-09	0.99181	2.2323e-06	5.81675e-10	6.51908e-10	6.48426e-10	0.200915	0.993101	0.668275	1.11276	1.11276	
0.9931	0.993102	0.993102	0.993102	0.993102	0.993101	2.30314e-18	0.993102	0.993102	0.993102	0.993102	0.991993	0.993101	0.993101	0.993102	0.993102	0.993101	0.993101	1.61942e-06	1.25732e-09	0.991978	1.67035e-06	4.35246e-10	4.87799e-10	4.85327e-10	0.18296	0.993101	0.654846	1.10535	1.10535	
0.9931	0.993102	0.993102	0.993102	0.993102	0.993102	1.72682e-18	0.993102	0.993102	0.993102	0.993102	0.992066	0.993101	0.993102	0.993102	0.993102	0.993101	0.993101	1.21175e-06	1.07549e-09	0.992054	1.24986e-06	3.25679e-10	3.65002e-10	3.63308e-10	0.183266	0.993101	0.650966	1.10265	1.10265	
0.993101	0.993102	0.993102	0.993102	0.993102	0.993102	1.29559e-18	0.993102	0.993102	0.993102	0.993102	0.992103	0.993102	0.993102	0.993102	0.993102	0.993102	0.993101	9.06709e-07	9.58367e-10	0.992094	9.35228e-07	2.43694e-10	2.73118e-10	2.72014e-10	0.188672	0.993102	0.640983	1.09316	1.09316	
0.993101	0.993102	0.993102	0.993102	0.993102	0.993102	9.72911e-19	0.993102	0.993102	0.993102	0.993102	0.992082	0.993102	0.993102	0.993102	0.993102	0.993102	0.993101	6.78458e-07	9.43878e-10	0.992075	6.99797e-07	1.82347e-10	2.04364e-10	2.03737e-10	0.210458	0.993102	0.63381	1.09021	1.09021	
0.993101	0.993102	0.993102	0.993102	0.993102	0.993102	7.31463e-19	0.993102	0.993102	0.993102	0.993102	0.992024	0.993102	0.993102	0.993102	0.993102	0.993102	0.993101	5.07665e-07	9.8394e-10	0.992019	5.23632e-07	1.36444e-10	1.52918e-10	1.52659e-10	0.237343	0.993102	0.639266	1.09116	1.09116	
0.993101	0.993102	0.993102	0.993102	0.993102	0.993102	5.50796e-19	0.993102	0.993102	0.993102	0.993102	0.992013	0.993102	0.993102	0.993102	0.993102	0.993102	0.993101	3.79867e-07	9.80495e-10	0.99201	3.91815e-07	1.02096e-10	1.14423e-10	1.14435e-10	0.250656	0.993102	0.640746	1.08538	1.08538	
0.993101	0.993102	0.993102	0.993102	0.993102	0.993102	4.1561e-19	0.993102	0.993102	0.993102	0.993102	0.992013	0.993102	0.993102	0.993102	0.993102	0.993102	0.993101	2.84241e-07	9.99854e-10	0.992011	2.93181e-07	7.63945e-11	8.56187e-11	8.58594e-11	0.265144	0.993102	0.628644	1.07099	1.07099	
0.993101	0.993102	0.993102	0.993102	0.993102	0.993102	3.14455e-19	0.993102	0.993102	0.993102	0.993102	0.991938	0.993102	0.993102	0.993102	0.993102	0.993102	0.993101	2.12687e-07	1.20031e-09	0.991936	2.19377e-07	5.71633e-11	6.40653e-11	6.45542e-11	0.306707	0.993102	0.646877	1.07656	1.07656	
0.993101	0.993102	0.993102	0.993102	0.993102	0.993102	2.38764e-19	0.993102	0.993102	0.993102	0.993102	0.991989	0.993102	0.993102	0.993102	0.993102	0.993102	0.993101	1.59146e-07	1.17905e-09	0.991987	1.64152e-07	4.27732e-11	4.79377e-11	4.85798e-11	0.309993	0.993102	0.636603	1.06646	1.06646	
0.993101	0.993102	0.993102	0.993102	0.993102	0.993102	1.82128e-19	0.993102	0.993102	0.993102	0.993102	0.991972	0.993102	0.993102	0.993102	0.993102	0.993102	0.993101	1.19083e-07	1.30441e-09	0.99197	1.22829e-07	3.20056e-11	3.58701e-11	3.66885e-11	0.336074	0.993102	0.648939	1.07345	1.07345	
0.993101	0.993102	0.993102	0.993102	0.993102	0.993102	1.39749e-19	0.993102	0.993102	0.993102	0.993102	0.992024	0.993102	0.993102	0.993102	0.993102	0.993102	0.993101	8.91056e-08	1.2629e-09	0.992023	9.19082e-08	2.39486e-11	2.68403e-11	2.77467e-11	0.333117	0.993102	0.63521	1.06118	1.06118	
0.993101	0.993102	0.993102	0.993102	0.993102	0.993102	1.08038e-19	0.993102	0.993102	0.993102	0.993102	0.991989	0.993102	0.993102	0.993102	0.993102	0.993102	0.993101	6.66745e-08	1.42751e-09	0.991988	6.87715e-08	1.79199e-11	2.00836e-11	2.11376e-11	0.361575	0.993102	0.643005	1.06139	1.06139	
0.993101	0.993102	0.993102	0.993102	0.993102	0.993102	8.431e-20	0.993102	0.993102	0.993102	0.993102	0.992007	0.993102	0.993102	0.993102	0.993102	0.993102	0.993101	4.98901e-08	1.4793e-09	0.992007	5.14592e-08	1.34088e-11	1.50278e-11	1.61907e-11	0.373067	0.993102	0.641143	1.06278	1.06278	
0.993101	0.993102	0.993102	0.993102	0.993102	0.993102	6.65553e-20	0.993102	0.993102	0.993102	0.993102	0.992011	0.993102	0.993102	0.993102	0.993102	0.993102	0.993101	3.73309e-08	1.52195e-09	0.992011	3.85051e-08	1.00333e-11	1.12448e-11	1.24788e-11	0.382238	0.993102	0.638306	1.0587	1.0587	
0.993101	0.993102	0.993102	0.993102	0.993102	0.993102	5.327e-20	0.993102	0.993102	0.993102	0.993102	0.991998	0.993102	0.993102	0.993102	0.993102	0.993102	0.993101	2.79334e-08	1.61541e-09	0.991998	2.88119e-08	7.50757e-12	8.41406e-12	9.73228e-12	0.397565	0.993102	0.637219	1.05977	1.05977	
0.993101	0.993102	0.993102	0.993102	0.993102	0.993102	4.33291e-20	0.993102	0.993102	0.993102	0.993102	0.991982	0.993102	0.993102	0.993102	0.993102	0.993102	0.993101	2.09015e-08	1.68546e-09	0.991982	2.15589e-08	5.61764e-12	6.29593e-12	7.66876e-12	0.409049	0.993102	0.632784	1.05189	1.05189	
0.993101	0.993102	0.993102	0.993102	0.993102	0.993102	3.58908e-20	0.993102	0.993102	0.993102	0.993102	0.991943	0.993102	0.993102	0.993102	0.993102	0.993102	0.993101	1.56398e-08	1.8711e-09	0.991943	1.61318e-08	4.20347e-12	4.71102e-12	6.19073e-12	0.432993	0.993102	0.643602	1.05747	1.05747	
0.993101	0.993102	0.993102	0.993102	0.993102	0.993102	3.03249e-20	0.993102	0.993102	0.993102	0.993102	0.991976	0.993102	0.993102	0.993102	0.993102	0.993102	0.993101	1.17027e-08	1.83947e-09	0.991976	1.20708e-08	3.14531e-12	3.52508e-12	5.037e-12	0.430548	0.993102	0.64153	1.05095	1.05095	
0.993101	0.993102	0.993102	0.993102	0.993102	0.993102	2.61601e-20	0.993102	0.993102	0.993102	0.993102	0.99199	0.993102	0.993102	0.993102	0.993102	0.993102	0.993101	8.75672e-09	1.89811e-09	0.991989	9.03215e-09	2.35352e-12	2.63769e-12	4.23001e-12	0.439325	0.993102	0.646459	1.05047	1.05047	
0.993101	0.993102	0.993102	0.993102	0.993102	0.993102	2.30438e-20	0.993102	0.993102	0.993102	0.993102	0.992025	0.993102	0.993102	0.993102	0.993102	0.993102	0.993101	6.55234e-09	1.89762e-09	0.992025	6.75843e-09	1.76105e-12	1.97369e-12	3.63066e-12	0.440377	0.993102	0.643331	1.0437	1.0437	
0.993101	0.993102	0.993102	0.993102	0.993102	0.993102	2.0712e-20	0.993102	0.993102	0.993102	0.993102	0.992036	0.993102	0.993102	0.993102	0.993102	0.993102	0.993101	4.90288e-09	2.00168e-09	0.992036	5.05709e-09	1.31773e-12	1.47684e-12	3.24962e-12	0.45348	0.993102	0.655526	1.05088	1.05088	
0.993101	0.993102	0.993102	0.993102	0.993102	0.993102	1.89672e-20	0.993102	0.993102	0.993102	0.993102	0.992101	0.993102	0.993102	0.993102	0.993102	0.993102	0.993101	3.66864e-09	1.8927e-09	0.9921	3.78404e-09	9.8601e-13	1.10507e-12	2.89326e-12	0.439409	0.993102	0.618883	1.01367	1.01367	
0.993101	0.993102	0.993102	0.993102	0.993102	0.993102	1.76616e-20	0.993102	0.993102	0.993102	0.993102	0.991929	0.993102	0.993102	0.993102	0.993102	0.993102	0.993101	2.74511e-09	3.14586e-09	0.991929	2.83146e-09	7.37795e-13	8.26887e-13	3.13662e-12	0.515084	0.993102	0.63387	1.02037	1.02037	
0.993101	0.993102	0.993102	0.993102	0.993102	0.993102	1.66846e-20	0.993102	0.993102	0.993102	0.993102	0.99191	0.993102	0.993102	0.993102	0.993102	0.993102	0.993101	2.05407e-09	3.47501e-09	0.99191	2.11868e-09	5.52065e-13	6.18732e-13	3.19695e-12	0.549071	0.993102	0.642532	1.01729	1.01729	
0.993101	0.993102	0.993102	0.993102	0.993102	0.993102	1.59536e-20	0.993102	0.993102	0.993102	0.993102	0.991945	0.993102	0.993102	0.993102	0.993102	0.993102	0.993101	1.53698e-09	3.60279e-09	0.991945	1.58534e-09	4.1309e-13	4.62977e-13	3.29602e-12	0.568083	0.993102	0.644207	1.01882	1.01882	
0.993101	0.993102	0.993102	0.993102	0.993102	0.993102	1.54067e-20	0.993102	0.993102	0.993102	0.993102	0.991981	0.993102	0.993102	0.993102	0.993102	0.993102	0.993101	1.15007e-09	3.63608e-09	0.991981	1.18625e-09	3.09101e-13	3.46431e-13	3.34284e-12	0.578534	0.993102	0.652173	1.01759	1.01759	
0.993101	0.993102	0.993102	0.993102	0.993102	0.993102	1.49974e-20	0.993102	0.993102	0.993102	0.993102	0.992045	0.993102	0.993102	0.993102	0.993102	0.993102	0.993101	8.60555e-10	3.54263e-09	0.992045	8.87631e-10	2.31289e-13	2.59224e-13	3.39987e-12	0.57827	0.993102	0.638721	1.01093	1.01093	
0.993101	0.993102	0.993102	0.993102	0.993102	0.993102	1.46911e-20	0.993102	0.993102	0.993102	0.993102	0.992026	0.993102	0.993102	0.993102	0.993102	0.993102	0.993101	6.43922e-10	3.8796e-09	0.992026	6.64186e-10	1.73065e-13	1.9397e-13	3.5705e-12	0.60146	0.993102	0.65121	1.01565	1.01565	
0.993101	0.993102	0.993102	0.993102	0.993102	0.993102	1.4462e-20	0.993102	0.993102	0.993102	0.993102	0.992075	0.993102	0.993102	0.993102	0.993102	0.993102	0.993101	4.81823e-10	3.77389e-09	0.992074	4.96988e-10	1.29498e-13	1.45143e-13	3.60566e-12	0.598933	0.993102	0.658171	1.01738	1.01738	
0.993101	0.993102	0.993102	0.993102	0.993102	0.993102	1.42905e-20	0.993102	0.993102	0.993102	0.993102	0.99214	0.993102	0.993102	0.993102	0.993102	0.993102	0.993101	3.60531e-10	3.55588e-09	0.99214	3.71879e-10	9.68987e-14	1.08607e-13	3.60028e-12	0.586429	0.993102	0.649709	1.01221	1.01221	
0.993101	0.993102	0.993102	0.993102	0.993102	0.993102	1.41622e-20	0.993102	0.993102	0.993102	0.993102	0.992153	0.993102	0.993102	0.993102	0.993102	0.993102	0.993101	2.69772e-10	3.62222e-09	0.992153	2.78266e-10	7.25058e-14	8.12689e-14	3.69456e-12	0.593582	0.993102	0.666146	1.02058	1.02058	
0.993101	0.993102	0.993102	0.993102	0.993102	0.993102	1.40662e-20	0.993102	0.993102	0.993102	0.993102	0.992227	0.993102	0.993102	0.993102	0.993102	0.993102	0.993101	2.01861e-10	3.29577e-09	0.992227	2.08217e-10	5.42534e-14	6.0812e-14	3.61085e-12	0.568506	0.993102	0.673683	1.02475	1.02475	
0.993101	0.993102	0.993102	0.993102	0.993102	0.993102	1.39944e-20	0.993102	0.993102	0.993102	0.993102	0.992305	0.993102	0.993102	0.993102	0.993102	0.993102	0.993101	1.51045e-10	2.92928e-09	0.992305	1.55802e-10	4.05959e-14	4.55045e-14	3.48046e-12	0.535182	0.993102	0.681255	1.03043	1.03043	
0.993101	0.993102	0.993102	0.993102	0.993102	0.993102	1.39406e-20	0.993102	0.993102	0.993102	0.993102	0.992384	0.993102	0.993102	0.993102	0.993102	0.993102	0.993101	1.13021e-10	2.54723e-09	0.992384	1.16581e-10	3.03764e-14	3.40502e-14	3.29931e-12	0.494281	0.993102	0.68803	1.0322	1.0322	
0.993101	0.993102	0.993102	0.993102	0.993102	0.993102	1.39004e-20	0.993102	0.993102	0.993102	0.993102	0.992458	0.993102	0.993102	0.993102	0.993102	0.993102	0.993101	8.45698e-11	2.20554e-09	0.992458	8.72339e-11	2.27296e-14	2.54792e-14	3.13961e-12	0.453894	0.993102	0.688292	1.02555	1.02555	
0.993101	0.993102	0.993102	0.993102	0.993102	0.993102	1.38703e-20	0.993102	0.993102	0.993102	0.993102	0.992514	0.993102	0.993102	0.993102	0.993102	0.993102	0.993101	6.32805e-11	1.99065e-09	0.992514	6.52743e-11	1.70077e-14	1.9066e-14	3.11548e-12	0.430938	0.993102	0.700133	1.02912	1.02912	
0.993101	0.993102	0.993102	0.993102	0.993102	0.993102	1.38478e-20	0.993102	0.993102	0.993102	0.993102	0.992579	0.993102	0.993102	0.993102	0.993102	0.993102	0.993101	4.73505e-11	1.7396e-09	0.992579	4.88426e-11	1.27262e-14	1.4267e-14	3.04463e-12	0.39674	0.993102	0.710026	1.03253	1.03253	
0.993101	0.993102	0.993102	0.993102	0.993102	0.993102	1.38309e-20	0.993102	0.993102	0.993102	0.993102	0.992642	0.993102	0.993102	0.993102	0.993102	0.993102	0.993101	3.54307e-11	1.49331e-09	0.992642	3.65473e-11	9.52259e-15	1.06759e-14	2.94454e-12	0.35804	0.993102	0.713797	1.02918	1.02918	
0.993101	0.993102	0.993102	0.993102	0.993102	0.993102	1.38183e-20	0.993102	0.993102	0.993102	0.993102	0.992694	0.993102	0.993102	0.993102	0.993102	0.993102	0.993101	2.65115e-11	1.30743e-09	0.992694	2.73471e-11	7.12541e-15	7.98884e-15	2.91586e-12	0.328697	0.993102	0.72299	1.03381	1.03381	
0.993101	0.993102	0.993102	0.993102	0.993102	0.993102	1.38089e-20	0.993102	0.993102	0.993102	0.993102	0.992744	0.993102	0.993102	0.993102	0.993102	0.993102	0.993101	1.98376e-11	1.12243e-09	0.992744	2.04629e-11	5.33168e-15	5.9781e-15	2.83134e-12	0.294932	0.993102	0.723161	1.02777	1.02777	
0.993101	0.993102	0.993102	0.993102	0.993102	0.993102	1.38018e-20	0.993102	0.993102	0.993102	0.993102	0.992781	0.993102	0.993102	0.993102	0.993102	0.993102	0.993101	1.48437e-11	1.00196e-09	0.992781	1.53117e-11	3.9895e-15	4.47358e-15	2.85152e-12	0.274457	0.993102	0.728229	1.03216	1.03216	
0.993101	0.993102	0.993102	0.993102	0.993102	0.993102	1.37965e-20	0.993102	0.993102	0.993102	0.993102	0.992814	0.993102	0.993102	0.993102	0.993102	0.993102	0.993101	1.1107e-11	8.83887e-10	0.992814	1.14573e-11	2.9852e-15	3.34773e-15	2.80506e-12	0.251585	0.993102	0.738535	1.03402	1.03402	
0.993101	0.993102	0.993102	0.993102	0.993102	0.993102	1.37926e-20	0.993102	0.993102	0.993102	0.993102	0.992848	0.993102	0.993102	0.993102	0.993102	0.993102	0.993101	8.31099e-12	7.66552e-10	0.992848	8.57311e-12	2.23372e-15	2.50524e-15	2.74571e-12	0.225992	0.993102	0.739204	1.03113	1.03113	
0.993101	0.993102	0.993102	0.993102	0.993102	0.993102	1.37896e-20	0.993102	0.993102	0.993102	0.993102	0.992874	0.993102	0.993102	0.993102	0.993102	0.993102	0.993101	6.21882e-12	6.83543e-10	0.992874	6.41499e-12	1.67141e-15	1.87484e-15	2.73984e-12	0.208291	0.993102	0.744746	1.03383	1.03383	
0.993101	0.993102	0.993102	0.993102	0.993102	0.993102	1.37874e-20	0.993102	0.993102	0.993102	0.993102	0.992897	0.993102	0.993102	0.993102	0.993102	0.993102	0.993101	4.65332e-12	6.04715e-10	0.992897	4.80013e-12	1.25065e-15	1.40309e-15	2.6994e-12	0.189899	0.993102	0.746961	1.03335	1.03335	
0.993101	0.993102	0.993102	0.993102	0.993102	0.993102	1.37857e-20	0.993102	0.993102	0.993102	0.993102	0.992916	0.993102	0.993102	0.993102	0.993102	0.993102	0.993101	3.48191e-12	5.42561e-10	0.992916	3.59179e-12	9.35819e-16	1.0501e-15	2.67547e-12	0.175133	0.993102	0.745186	1.03063	1.03063	
0.993101	0.993102	0.993102	0.993102	0.993102	0.993102	1.37845e-20	0.993102	0.993102	0.993102	0.993102	0.992929	0.993102	0.993102	0.993102	0.993102	0.993102	0.993101	2.60539e-12	5.0452e-10	0.992929	2.68764e-12	7.00239e-16	7.85982e-16	2.69419e-12	0.166746	0.993102	0.749653	1.03115	1.03115	
0.993101	0.993102	0.993102	0.993102	0.993102	0.993102	1.37836e-20	0.993102	0.993102	0.993102	0.993102	0.992941	0.993102	0.993102	0.993102	0.993102	0.993102	0.993101	1.94952e-12	4.66703e-10	0.992941	2.01109e-12	5.23963e-16	5.88333e-16	2.70104e-12	0.157527	0.993102	0.750812	1.02871	1.02871	
0.993101	0.993102	0.993102	0.993102	0.993102	0.993102	1.37829e-20	0.993102	0.993102	0.993102	0.993102	0.992952	0.993102	0.993102	0.993102	0.993102	0.993102	0.993101	1.45876e-12	4.40711e-10	0.992952	1.50485e-12	3.92063e-16	4.40444e-16	2.74036e-12	0.151361	0.993102	0.747676	1.02349	1.02349	
0.993101	0.993102	0.993102	0.993102	0.993102	0.993102	1.37824e-20	0.993102	0.993102	0.993102	0.993102	0.992957	0.993102	0.993102	0.993102	0.993102	0.993102	0.993101	1.09154e-12	4.37913e-10	0.992957	1.12606e-12	2.93366e-16	3.29824e-16	2.84899e-12	0.1519	0.993102	0.751765	1.02694	1.02694	
0.993101	0.993102	0.993102	0.993102	0.993102	0.993102	1.3782e-20	0.993102	0.993102	0.993102	0.993102	0.992964	0.993102	0.993102	0.993102	0.993102	0.993102	0.993101	8.16758e-13	4.20683e-10	0.992964	8.42619e-13	2.19515e-16	2.47016e-16	2.87704e-12	0.14763	0.993102	0.753165	1.02456	1.02456	
0.993101	0.993102	0.993102	0.993102	0.993102	0.993102	1.37817e-20	0.993102	0.993102	0.993102	0.993102	0.99297	0.993102	0.993102	0.993102	0.993102	0.993102	0.993101	6.11152e-13	4.09632e-10	0.99297	6.30528e-13	1.64255e-16	1.85057e-16	2.93436e-12	0.145014	0.993102	0.7537	1.025	1.025	
0.993101	0.993102	0.993102	0.993102	0.993102	0.993102	1.37815e-20	0.993102	0.993102	0.993102	0.993102	0.992974	0.993102	0.993102	0.993102	0.993102	0.993102	0.993101	4.57304e-13	3.99531e-10	0.992974	4.71828e-13	1.22906e-16	1.38692e-16	2.97039e-12	0.14248	0.993102	0.752379	1.03029	1.03029	
0.993101	0.993102	0.993102	0.993102	0.993102	0.993102	1.37813e-20	0.993102	0.993102	0.993102	0.993102	0.992977	0.993102	0.993102	0.993102	0.993102	0.993102	0.993101	3.42186e-13	3.8487e-10	0.992977	3.53077e-13	9.19663e-17	1.03981e-16	2.91955e-12	0.138319	0.993102	0.750929	1.02878	1.02878	
0.993101	0.993102	0.993102	0.993102	0.993102	0.993102	1.37812e-20	0.993102	0.993102	0.993102	0.993102	0.992978	0.993102	0.993102	0.993102	0.993102	0.993102	0.993101	2.56047e-13	3.79149e-10	0.992978	2.64222e-13	6.8815e-17	7.8021e-17	2.90295e-12	0.136884	0.993102	0.760858	1.02973	1.02973	
0.993101	0.993102	0.993102	0.993102	0.993102	0.993102	1.37811e-20	0.993102	0.993102	0.993102	0.993102	0.992985	0.993102	0.993102	0.993102	0.993102	0.993102	0.993101	1.91592e-13	3.5704e-10	0.992985	1.97726e-13	5.14918e-17	5.85538e-17	2.87698e-12	0.130002	0.993102	0.75744	1.0192	1.0192	
0.993101	0.993102	0.993102	0.993102	0.993102	0.993102	1.3781e-20	0.993102	0.993102	0.993102	0.993102	0.992988	0.993102	0.993102	0.993102	0.993102	0.993102	0.993101	1.43363e-13	3.64087e-10	0.992988	1.47976e-13	3.85294e-17	4.4043e-17	3.02272e-12	0.132474	0.993102	0.737137	0.995182	0.995182	
0.993101	0.993102	0.993102	0.993102	0.993102	0.993102	1.3781e-20	0.993102	0.993102	0.993102	0.993102	0.992977	0.993102	0.993102	0.993102	0.993102	0.993102	0.993101	1.07274e-13	5.07619e-10	0.992977	1.10818e-13	2.88302e-17	3.35122e-17	3.66826e-12	0.170247	0.993102	0.740991	1.00044	1.00044	
0.993101	0.993102	0.993102	0.993102	0.993102	0.993102	1.37809e-20	0.993102	0.993102	0.993102	0.993102	0.992971	0.993102	0.993102	0.993102	0.993102	0.993102	0.993101	8.02697e-14	5.75844e-10	0.992971	8.29931e-14	2.15726e-17	2.55398e-17	4.01095e-12	0.189614	0.993102	0.744107	0.995462	0.995462	
0.993101	0.993102	0.993102	0.993102	0.993102	0.993102	1.37809e-20	0.993102	0.993102	0.993102	0.993102	0.99297	0.993102	0.993102	0.993102	0.993102	0.993102	0.993101	6.00634e-14	6.3433e-10	0.99297	6.21708e-14	1.6142e-17	1.95918e-17	4.39988e-12	0.205861	0.993102	0.745047	0.997565	0.997565	
0.993101	0.993102	0.993102	0.993102	0.993102	0.993102	1.37809e-20	0.993102	0.993102	0.993102	0.993102	0.992969	0.993102	0.993102	0.993102	0.993102	0.993102	0.993101	4.49439e-14	6.66078e-10	0.992969	4.65848e-14	1.20784e-17	1.51128e-17	4.63328e-12	0.215164	0.993102	0.759179	0.999795	0.999795	
0.993101	0.993102	0.993102	0.993102	0.993102	0.993102	1.37809e-20	0.993102	0.993102	0.993102	0.993102	0.992977	0.993102	0.993102	0.993102	0.993102	0.993102	0.993101	3.36303e-14	6.36407e-10	0.992977	3.48928e-14	9.03785e-18	1.16349e-17	4.74944e-12	0.208293	0.993102	0.764487	1.013	1.013	
0.993101	0.993102	0.993102	0.993102	0.993102	0.993102	1.37809e-20	0.993102	0.993102	0.993102	0.993102	0.992985	0.993102	0.993102	0.993102	0.993102	0.993102	0.993101	2.51651e-14	5.71502e-10	0.992985	2.61308e-14	6.7627e-18	8.93145e-18	4.53869e-12	0.190548	0.993102	0.759069	1.00385	1.00385	
0.993101	0.993102	0.993102	0.993102	0.993102	0.993102	1.37809e-20	0.993102	0.993102	0.993102	0.993102	0.992989	0.993102	0.993102	0.993102	0.993102	0.993102	0.993101	1.88307e-14	5.55179e-10	0.992989	1.95853e-14	5.06028e-18	6.98486e-18	4.57885e-12	0.186924	0.993102	0.770206	1.01397	1.01397	
0.993101	0.993102	0.993102	0.993102	0.993102	0.993102	1.37808e-20	0.993102	0.993102	0.993102	0.993102	0.992997	0.993102	0.993102	0.993102	0.993102	0.993102	0.993101	1.4091e-14	4.98792e-10	0.992997	1.4672e-14	3.78642e-18	5.42377e-18	4.39215e-12	0.170752	0.993102	0.764931	1.01435	1.01435	
0.993101	0.993102	0.993102	0.993102	0.993102	0.993102	1.37808e-20	0.993102	0.993102	0.993102	0.993102	0.993	0.993102	0.993102	0.993102	0.993102	0.993102	0.993101	1.05446e-14	4.65162e-10	0.993	1.09994e-14	2.83324e-18	4.27593e-18	4.24502e-12	0.161397	0.993102	0.767723	1.01018	1.01018	
0.993101	0.993102	0.993102	0.993102	0.993102	0.993102	1.37808e-20	0.993102	0.993102	0.993102	0.993102	0.993004	0.993102	0.993102	0.993102	0.993102	0.993102	0.993101	7.89074e-15	4.42567e-10	0.993004	8.25072e-15	2.12001e-18	3.42313e-18	4.2183e-12	0.155206	0.993102	0.772223	1.00966	1.00966	
0.993101	0.993102	0.993102	0.993102	0.993102	0.993102	1.37808e-20	0.993102	0.993102	0.993102	0.993102	0.993009	0.993102	0.993102	0.993102	0.993102	0.993102	0.993101	5.90491e-15	4.1843e-10	0.993009	6.19083e-15	1.58633e-18	2.76789e-18	4.20919e-12	0.148278	0.993102	0.772726	1.00774	1.00774	
0.993101	0.993102	0.993102	0.993102	0.993102	0.993102	1.37808e-20	0.993102	0.993102	0.993102	0.993102	0.993013	0.993102	0.993102	0.993102	0.993102	0.993102	0.993101	4.41894e-15	4.02882e-10	0.993013	4.64981e-15	1.18699e-18	2.28355e-18	4.24367e-12	0.143898	0.993102	0.773532	1.01092	1.01092	
0.993101	0.993102	0.993102	0.993102	0.993102	0.993102	1.37808e-20	0.993102	0.993102	0.993102	0.993102	0.993016	0.993102	0.993102	0.993102	0.993102	0.993102	0.993101	3.30711e-15	3.84375e-10	0.993016	3.49512e-15	8.88182e-19	1.90487e-18	4.20212e-12	0.138408	0.993102	0.788469	1.02017	1.02017	
0.993101	0.993102	0.993102	0.993102	0.993102	0.993102	1.37808e-20	0.993102	0.993102	0.993102	0.993102	0.993024	0.993102	0.993102	0.993102	0.993102	0.993102	0.993101	2.4752e-15	3.38723e-10	0.993024	2.62252e-15	6.64595e-19	1.54628e-18	3.99755e-12	0.123449	0.993102	0.780111	1.01311	1.01311	
0.993101	0.993102	0.993102	0.993102	0.993102	0.993102	1.37808e-20	0.993102	0.993102	0.993102	0.993102	0.993026	0.993102	0.993102	0.993102	0.993102	0.993102	0.993101	1.85265e-15	3.23032e-10	0.993026	1.97399e-15	4.97292e-19	1.32165e-18	3.97398e-12	0.118684	0.993102	0.782194	1.01608	1.01608	
0.993101	0.993102	0.993102	0.993102	0.993102	0.993102	1.37808e-20	0.993102	0.993102	0.993102	0.993102	0.993029	0.993102	0.993102	0.993102	0.993102	0.993102	0.993101	1.38686e-15	3.04595e-10	0.993029	1.48717e-15	3.72105e-19	1.13772e-18	3.89957e-12	0.11283	0.993102	0.776537	1.01129	1.01129	
0.993101	0.993102	0.993102	0.993102	0.993102	0.993102	1.37808e-20	0.993102	0.993102	0.993102	0.993102	0.99303	0.993102	0.993102	0.993102	0.993102	0.993102	0.993101	1.03828e-15	3.05412e-10	0.99303	1.12674e-15	2.78433e-19	1.03467e-18	3.93699e-12	0.113385	0.993102	0.768394	1.00506	1.00506	
0.993101	0.993102	0.993102	0.993102	0.993102	0.993102	1.37808e-20	0.993102	0.993102	0.993102	0.993102	0.993026	0.993102	0.993102	0.993102	0.993102	0.993102	0.993101	7.7741e-16	3.31839e-10	0.993026	8.64971e-16	2.08341e-19	1.01864e-18	4.10031e-12	0.122014	0.993102	0.76979	1.00624	1.00624	
0.993101	0.993102	0.993102	0.993102	0.993102	0.993102	1.37808e-20	0.993102	0.993102	0.993102	0.993102	0.993025	0.993102	0.993102	0.993102	0.993102	0.993102	0.993101	5.82218e-16	3.46429e-10	0.993025	6.67432e-16	1.55894e-19	9.94386e-19	4.19561e-12	0.12687	0.993102	0.776208	1.0152	1.0152	
0.993101	0.993102	0.993102	0.993102	0.993102	0.993102	1.37808e-20	0.993102	0.993102	0.993102	0.993102	0.993026	0.993102	0.993102	0.993102	0.993102	0.993102	0.993101	4.36295e-16	3.31362e-10	0.993026	5.12481e-16	1.1665e-19	9.14755e-19	4.0819e-12	0.122108	0.993102	0.773476	1.01025	1.01025	
0.993101	0.993102	0.993102	0.993102	0.993102	0.993102	1.37808e-20	0.993102	0.993102	0.993102	0.993102	0.993026	0.993102	0.993102	0.993102	0.993102	0.993102	0.993101	3.27021e-16	3.32065e-10	0.993026	3.99561e-16	8.72849e-20	8.83508e-19	4.09484e-12	0.122495	0.993102	0.777611	1.01478	1.01478	
0.993101	0.993102	0.993102	0.993102	0.993102	0.993102	1.37808e-20	0.993102	0.993102	0.993102	0.993102	0.993027	0.993102	0.993102	0.993102	0.993102	0.993102	0.993101	2.45312e-16	3.19209e-10	0.993027	3.11434e-16	6.53121e-20	8.28464e-19	4.01443e-12	0.118362	0.993102	0.771983	1.01149	1.01149	
0.993101	0.993102	0.993102	0.993102	0.993102	0.993102	1.37808e-20	0.993102	0.993102	0.993102	0.993102	0.993026	0.993102	0.993102	0.993102	0.993102	0.993102	0.993101	1.84161e-16	3.23393e-10	0.993026	2.49696e-16	4.88707e-20	8.19936e-19	4.0188e-12	0.119828	0.993102	0.773962	1.01316	1.01316	
0.993101	0.993102	0.993102	0.993102	0.993102	0.993102	1.37808e-20	0.993102	0.993102	0.993102	0.993102	0.993026	0.993102	0.993102	0.993102	0.993102	0.993102	0.993101	1.38421e-16	3.20585e-10	0.993026	2.01728e-16	3.65681e-20	7.99503e-19	3.98887e-12	0.118987	0.993102	0.774022	1.01134	1.01134	
0.993101	0.993102	0.993102	0.993102	0.993102	0.993102	1.37808e-20	0.993102	0.993102	0.993102	0.993102	0.993026	0.993102	0.993102	0.993102	0.993102	0.993102	0.993101	1.0415e-16	3.21301e-10	0.993026	1.66351e-16	2.73626e-20	7.9088e-19	4.00289e-12	0.119282	0.993102	0.776549	1.0098	1.0098	
0.993101	0.993102	0.993102	0.993102	0.993102	0.993102	1.37808e-20	0.993102	0.993102	0.993102	0.993102	0.993027	0.993102	0.993102	0.993102	0.993102	0.993102	0.993101	7.84464e-17	3.20235e-10	0.993027	1.38832e-16	2.04744e-20	7.80639e-19	4.04509e-12	0.118978	0.993102	0.7724	1.01479	1.01479	
0.993101	0.993102	0.993102	0.993102	0.993102	0.993102	1.37808e-20	0.993102	0.993102	0.993102	0.993102	0.993026	0.993102	0.993102	0.993102	0.993102	0.993102	0.993101	5.9381e-17	3.18103e-10	0.993026	1.19222e-16	1.53203e-20	7.69818e-19	3.97691e-12	0.118311	0.993102	0.772441	1.01021	1.01021	
0.993101	0.993102	0.993102	0.993102	0.993102	0.993102	1.37808e-20	0.993102	0.993102	0.993102	0.993102	0.993026	0.993102	0.993102	0.993102	0.993102	0.993102	0.993101	4.50003e-17	3.23969e-10	0.993026	1.05992e-16	1.14636e-20	7.79376e-19	4.01709e-12	0.120244	0.993102	0.764096	1.00484	1.00484	
0.993101	0.993102	0.993102	0.993102	0.993102	0.993102	1.37808e-20	0.993102	0.993102	0.993102	0.993102	0.993022	0.993102	0.993102	0.993102	0.993102	0.993102	0.993101	3.42131e-17	3.55493e-10	0.993022	1.05404e-16	8.5778e-21	8.50728e-19	4.1653e-12	0.130096	0.993102	0.768216	1.014	1.014	
0.993101	0.993102	0.993102	0.993102	0.993102	0.993102	1.37808e-20	0.993102	0.993102	0.993102	0.993102	0.993021	0.993102	0.993102	0.993102	0.993102	0.993102	0.993101	2.63194e-17	3.52694e-10	0.993021	9.72918e-17	6.41845e-21	8.41686e-19	4.08199e-12	0.129303	0.993102	0.764335	1.01259	1.01259	
0.993101	0.993102	0.993102	0.993102	0.993102	0.993102	1.37808e-20	0.993102	0.993102	0.993102	0.993102	0.993018	0.993102	0.993102	0.993102	0.993102	0.993102	0.993101	2.04279e-17	3.60291e-10	0.993018	9.49346e-17	4.80269e-21	8.57849e-19	4.0474e-12	0.13178	0.993102	0.766839	1.01023	1.01023	
0.993101	0.993102	0.993102	0.993102	0.993102	0.993102	1.37808e-20	0.993102	0.993102	0.993102	0.993102	0.993017	0.993102	0.993102	0.993102	0.993102	0.993102	0.993101	1.59208e-17	3.657e-10	0.993017	9.20294e-17	3.59368e-21	8.69294e-19	4.06955e-12	0.133549	0.993102	0.772907	1.0219	1.0219	
0.993101	0.993102	0.993102	0.993102	0.993102	0.993102	1.37808e-20	0.993102	0.993102	0.993102	0.993102	0.993019	0.993102	0.993102	0.993102	0.993102	0.993102	0.993101	1.28104e-17	3.41045e-10	0.993019	8.19031e-17	2.68902e-21	8.09944e-19	3.86943e-12	0.125504	0.993102	0.766091	1.00832	1.00832	
0.993101	0.993102	0.993102	0.993102	0.993102	0.993102	1.37808e-20	0.993102	0.993102	0.993102	0.993102	0.993018	0.993102	0.993102	0.993102	0.993102	0.993102	0.993101	1.0183e-17	3.56545e-10	0.993018	8.37581e-17	2.0121e-21	8.4586e-19	3.97689e-12	0.13048	0.993102	0.767457	1.01046	1.01046	
0.993101	0.993102	0.993102	0.993102	0.993102	0.993102	1.37808e-20	0.993102	0.993102	0.993102	0.993102	0.993017	0.993102	0.993102	0.993102	0.993102	0.993102	0.993101	8.25303e-18	3.61271e-10	0.993017	8.30574e-17	1.50558e-21	8.56473e-19	4.0119e-12	0.132066	0.993102	0.767922	1.01185	1.01185	
0.993101	0.993102	0.993102	0.993102	0.993102	0.993102	1.37808e-20	0.993102	0.993102	0.993102	0.993102	0.993017	0.993102	0.993102	0.993102	0.993102	0.993102	0.993101	6.83877e-18	3.61376e-10	0.993017	8.16112e-17	1.12657e-21	8.56297e-19	4.00979e-12	0.132169	0.993102	0.761846	1.00522	1.00522	
0.993101	0.993102	0.993102	0.993102	0.993102	0.993102	1.37808e-20	0.993102	0.993102	0.993102	0.993102	0.993014	0.993102	0.993102	0.993102	0.993102	0.993102	0.993101	5.69185e-18	3.87787e-10	0.993014	8.93994e-17	8.42971e-22	9.18468e-19	4.15103e-12	0.140293	0.993102	0.757698	1.00458	1.00458	
0.993101	0.993102	0.993102	0.993102	0.993102	0.993102	1.37808e-20	0.993102	0.993102	0.993102	0.993102	0.99301	0.993102	0.993102	0.993102	0.993102	0.993102	0.993101	4.86765e-18	4.19337e-10	0.99301	1.0077e-16	6.30764e-22	9.92881e-19	4.27145e-12	0.149785	0.993102	0.754925	1.00099	1.00099	
0.993101	0.993102	0.993102	0.993102	0.993102	0.993102	1.37808e-20	0.993102	0.993102	0.993102	0.993102	0.993005	0.993102	0.993102	0.993102	0.993102	0.993102	0.993101	4.19962e-18	4.60473e-10	0.993005	1.16068e-16	4.71978e-22	1.09003e-18	4.44828e-12	0.161759	0.993102	0.764959	1.00988	1.00988	
0.993101	0.993102	0.993102	0.993102	0.993102	0.993102	1.37808e-20	0.993102	0.993102	0.993102	0.993102	0.993007	0.993102	0.993102	0.993102	0.993102	0.993102	0.993101	3.79315e-18	4.45029e-10	0.993007	1.09638e-16	3.53164e-22	1.05336e-18	4.37664e-12	0.157337	0.993102	0.754531	1.00206	1.00206	
0.993101	0.993102	0.993102	0.993102	0.993102	0.993102	1.37808e-20	0.993102	0.993102	0.993102	0.993102	0.993003	0.993102	0.993102	0.993102	0.993102	0.993102	0.993101	3.4245e-18	4.77734e-10	0.993003	1.22477e-16	2.6426e-22	1.13064e-18	4.50055e-12	0.166876	0.993102	0.745842	0.989682	0.989682	
0.993101	0.993102	0.993102	0.993102	0.993102	0.993102	1.37808e-20	0.993102	0.993102	0.993102	0.993102	0.992994	0.993102	0.993102	0.993102	0.993102	0.993102	0.993101	2.98751e-18	5.7806e-10	0.992994	1.64975e-16	1.97736e-22	1.36794e-18	4.93763e-12	0.192774	0.993102	0.742076	0.980942	0.980942	
0.993101	0.993102	0.993102	0.993102	0.993102	0.993102	1.37808e-20	0.993102	0.993102	0.993101	0.993102	0.992985	0.993102	0.993102	0.993102	0.993102	0.993102	0.993101	2.55857e-18	7.15811e-10	0.992985	2.24978e-16	1.47959e-22	1.69381e-18	5.56454e-12	0.2252	0.993102	0.734862	0.974731	0.974731	
0.993101	0.993102	0.993102	0.993102	0.993102	0.993102	1.37808e-20	0.993102	0.993102	0.993101	0.993102	0.992973	0.993102	0.993102	0.993102	0.993102	0.993102	0.993101	2.20564e-18	9.0614e-10	0.992973	3.21766e-16	1.10712e-22	2.1441e-18	6.28098e-12	0.264796	0.993102	0.746511	0.989284	0.989284	
0.993101	0.993102	0.993102	0.993102	0.993102	0.993102	1.37808e-20	0.993102	0.993102	0.993101	0.993102	0.992972	0.993102	0.993102	0.993102	0.993102	0.993102	0.993101	2.06322e-18	8.97423e-10	0.992972	3.12728e-16	8.28418e-23	2.12344e-18	6.28238e-12	0.265775	0.993102	0.743862	0.981494	0.981494	
0.993101	0.993102	0.993102	0.993102	0.993102	0.993102	1.37808e-20	0.993102	0.993102	0.993101	0.993102	0.99297	0.993102	0.993102	0.993102	0.993102	0.993102	0.993101	1.86257e-18	9.41841e-10	0.99297	3.27499e-16	6.19875e-23	2.22851e-18	6.55026e-12	0.277286	0.993102	0.734938	0.966094	0.966094	
0.993101	0.993102	0.993102	0.993102	0.993102	0.993102	1.37808e-20	0.993102	0.993102	0.9931	0.993102	0.992962	0.993102	0.993102	0.993102	0.993102	0.993102	0.993101	1.59949e-18	1.14446e-09	0.992962	4.26849e-16	4.6383e-23	2.7079e-18	7.41775e-12	0.314083	0.993102	0.74035	0.976393	0.976393	
0.993101	0.993102	0.993102	0.993102	0.993102	0.993102	1.37808e-20	0.993102	0.993102	0.9931	0.993102	0.99296	0.993102	0.993102	0.993102	0.993102	0.993102	0.993101	1.47566e-18	1.17751e-09	0.99296	4.38551e-16	3.47067e-23	2.78609e-18	7.59845e-12	0.322988	0.993102	0.743137	0.982566	0.982566	
0.993101	0.993102	0.993102	0.993102	0.993102	0.993102	1.37808e-20	0.993102	0.993102	0.9931	0.993102	0.99296	0.993102	0.993102	0.993102	0.993102	0.993102	0.993101	1.44175e-18	1.14955e-09	0.99296	4.22359e-16	2.59698e-23	2.71993e-18	7.49578e-12	0.319724	0.993102	0.737573	0.974553	0.974553	
0.993101	0.993102	0.993102	0.993102	0.993102	0.993102	1.37808e-20	0.993102	0.993102	0.9931	0.993102	0.992956	0.993102	0.993102	0.993102	0.993102	0.993102	0.993101	1.35264e-18	1.21238e-09	0.992956	4.5418e-16	1.94323e-23	2.86859e-18	7.7336e-12	0.332542	0.993102	0.742456	0.979606	0.979606	
0.993101	0.993102	0.993102	0.993102	0.993102	0.993102	1.37808e-20	0.993102	0.993102	0.9931	0.993102	0.992957	0.993102	0.993102	0.993102	0.993102	0.993102	0.993101	1.31612e-18	1.19593e-09	0.992957	4.42559e-16	1.45405e-23	2.82964e-18	7.70733e-12	0.330835	0.993102	0.744143	0.972052	0.972052	
0.993101	0.993102	0.993102	0.993102	0.993102	0.993102	1.37808e-20	0.993102	0.993102	0.9931	0.993102	0.992959	0.993102	0.993102	0.993102	0.993102	0.993102	0.993101	1.20206e-18	1.21956e-09	0.992959	4.42819e-16	1.08801e-23	2.88556e-18	8.00089e-12	0.336149	0.993102	0.743416	0.973726	0.973726	
0.993101	0.993102	0.993102	0.993102	0.993102	0.993102	1.37808e-20	0.993102	0.993102	0.993099	0.993102	0.99296	0.993102	0.993102	0.993102	0.993102	0.993102	0.993101	1.13516e-18	1.23115e-09	0.99296	4.42524e-16	8.1412e-24	2.91299e-18	8.14699e-12	0.339045	0.993102	0.73779	0.973259	0.973259	
0.993101	0.993102	0.993102	0.993102	0.993102	0.993102	1.37808e-20	0.993102	0.993102	0.993099	0.993102	0.992956	0.993102	0.993102	0.993102	0.993102	0.993102	0.993101	1.1083e-18	1.28111e-09	0.992956	4.71664e-16	6.09178e-24	3.03119e-18	8.27657e-12	0.348262	0.993102	0.7526	0.990261	0.990261	
0.993101	0.993102	0.993102	0.993102	0.993102	0.993102	1.37808e-20	0.993102	0.993102	0.9931	0.993102	0.992964	0.993102	0.993102	0.993102	0.993102	0.993102	0.993101	1.20934e-18	1.14909e-09	0.992964	4.08247e-16	4.55826e-24	2.71882e-18	7.74501e-12	0.321489	0.993102	0.751299	0.993037	0.993037	
0.993101	0.993102	0.993102	0.993102	0.993102	0.993102	1.37808e-20	0.993102	0.993102	0.9931	0.993102	0.992969	0.993102	0.993102	0.993102	0.993102	0.993102	0.993101	1.34078e-18	1.04477e-09	0.992969	3.60599e-16	3.41079e-24	2.47198e-18	7.26345e-12	0.300105	0.993102	0.746404	0.978763	0.978763	
0.993101	0.993102	0.993102	0.993102	0.993102	0.993102	1.37808e-20	0.993102	0.993102	0.9931	0.993102	0.992969	0.993102	0.993102	0.993102	0.993102	0.993102	0.993101	1.27485e-18	1.05311e-09	0.992969	3.59019e-16	2.55218e-24	2.49172e-18	7.38815e-12	0.303177	0.993102	0.746872	0.977757	0.977757	
0.993101	0.993102	0.993102	0.993102	0.993102	0.993102	1.37808e-20	0.993102	0.993102	0.9931	0.993102	0.99297	0.993102	0.993102	0.993102	0.993102	0.993102	0.993101	1.21238e-18	1.0623e-09	0.99297	3.57965e-16	1.90972e-24	2.51345e-18	7.52117e-12	0.306058	0.993102	0.752035	0.988159	0.988159	
0.993101	0.993102	0.993102	0.993102	0.993102	0.993102	1.37808e-20	0.993102	0.993102	0.9931	0.993102	0.992973	0.993102	0.993102	0.993102	0.993102	0.993102	0.993101	1.26054e-18	9.95797e-10	0.992973	3.26862e-16	1.42898e-24	2.35611e-18	7.2464e-12	0.292399	0.993102	0.741615	0.976175	0.976175	
0.993101	0.993102	0.993102	0.993102	0.993102	0.993102	1.37808e-20	0.993102	0.993102	0.9931	0.993102	0.992969	0.993102	0.993102	0.993102	0.993102	0.993102	0.993101	1.21271e-18	1.05962e-09	0.992969	3.5835e-16	1.06927e-24	2.50711e-18	7.47919e-12	0.305572	0.993102	0.748289	0.986278	0.986278	
0.993101	0.993102	0.993102	0.993102	0.993102	0.993102	1.37808e-20	0.993102	0.993102	0.9931	0.993102	0.992971	0.993102	0.993102	0.993102	0.993102	0.993102	0.993101	1.26069e-18	1.01772e-09	0.992971	3.39317e-16	8.00102e-25	2.40799e-18	7.27703e-12	0.297506	0.993102	0.755167	0.992899	0.992899	
0.993101	0.993102	0.993102	0.993102	0.993102	0.993102	1.37808e-20	0.993102	0.993102	0.9931	0.993102	0.992976	0.993102	0.993102	0.993102	0.993102	0.993102	0.993101	1.34453e-18	9.33176e-10	0.992976	3.01252e-16	5.98695e-25	2.20794e-18	6.91734e-12	0.278843	0.993102	0.764526	1.00274	1.00274	
0.993101	0.993102	0.993102	0.993102	0.993102	0.993102	1.37808e-20	0.993102	0.993102	0.993101	0.993102	0.992985	0.993102	0.993102	0.993102	0.993102	0.993102	0.993101	1.49923e-18	8.15181e-10	0.992985	2.52164e-16	4.47988e-25	1.92876e-18	6.38521e-12	0.249908	0.993102	0.761922	0.995597	0.995597	
0.993101	0.993102	0.993102	0.993102	0.993102	0.993102	1.37808e-20	0.993102	0.993102	0.993101	0.993102	0.99299	0.993102	0.993102	0.993102	0.993102	0.993102	0.993101	1.51228e-18	7.5205e-10	0.99299	2.22928e-16	3.35221e-25	1.77939e-18	6.17265e-12	0.235416	0.993102	0.762536	0.99624	0.99624	
0.993101	0.993102	0.993102	0.993102	0.993102	0.993102	1.37808e-20	0.993102	0.993102	0.993101	0.993102	0.992994	0.993102	0.993102	0.993102	0.993102	0.993102	0.993101	1.52732e-18	7.01284e-10	0.992994	1.99793e-16	2.50842e-25	1.65927e-18	5.99579e-12	0.223598	0.993102	0.762001	0.995349	0.995349	
0.993101	0.993102	0.993102	0.993102	0.993102	0.993102	1.37808e-20	0.993102	0.993102	0.993101	0.993102	0.992997	0.993102	0.993102	0.993102	0.993102	0.993102	0.993101	1.52882e-18	6.67308e-10	0.992997	1.83803e-16	1.87703e-25	1.57888e-18	5.88822e-12	0.215862	0.993102	0.762802	1.00145	1.00145	
0.993101	0.993102	0.993102	0.993102	0.993102	0.993102	1.37808e-20	0.993102	0.993102	0.993101	0.993102	0.993	0.993102	0.993102	0.993102	0.993102	0.993102	0.993101	1.62889e-18	6.23489e-10	0.993	1.66936e-16	1.40459e-25	1.47521e-18	5.64659e-12	0.204896	0.993102	0.763614	0.996927	0.996927	
0.993101	0.993102	0.993102	0.993102	0.993102	0.993102	1.37808e-20	0.993102	0.993102	0.993101	0.993102	0.993002	0.993102	0.993102	0.993102	0.993102	0.993102	0.993101	1.61693e-18	6.0028e-10	0.993002	1.56073e-16	1.05108e-25	1.42029e-18	5.58337e-12	0.199419	0.993102	0.758779	0.991182	0.991182	
0.993101	0.993102	0.993102	0.993102	0.993102	0.993102	1.37808e-20	0.993102	0.993102	0.993101	0.993102	0.993001	0.993102	0.993102	0.993102	0.993102	0.993102	0.993101	1.55836e-18	6.14433e-10	0.993001	1.59198e-16	7.86568e-26	1.45378e-18	5.70145e-12	0.203813	0.993102	0.763344	1.00019	1.00019	
0.993101	0.993102	0.993102	0.993102	0.993102	0.993102	1.37808e-20	0.993102	0.993102	0.993101	0.993102	0.993003	0.993102	0.993102	0.993102	0.993102	0.993102	0.993101	1.6221e-18	5.85732e-10	0.993003	1.48631e-16	5.88631e-26	1.38587e-18	5.53861e-12	0.1964	0.993102	0.760766	0.995112	0.995112	
0.993101	0.993102	0.993102	0.993102	0.993102	0.993102	1.37808e-20	0.993102	0.993102	0.993101	0.993102	0.993003	0.993102	0.993102	0.993102	0.993102	0.993102	0.993101	1.60567e-18	5.85102e-10	0.993003	1.47427e-16	4.4053e-26	1.38438e-18	5.55278e-12	0.196672	0.993102	0.766115	1.00676	1.00676	
0.993101	0.993102	0.993102	0.993102	0.993102	0.993102	1.37808e-20	0.993102	0.993102	0.993101	0.993102	0.993006	0.993102	0.993102	0.993102	0.993102	0.993102	0.993101	1.76252e-18	5.42325e-10	0.993006	1.33477e-16	3.29695e-26	1.28317e-18	5.27077e-12	0.184702	0.993102	0.762329	1.00969	1.00969	
0.993101	0.993102	0.993102	0.993102	0.993102	0.993102	1.37808e-20	0.993102	0.993102	0.993102	0.993102	0.993006	0.993102	0.993102	0.993102	0.993102	0.993102	0.993101	1.99938e-18	5.12115e-10	0.993006	1.2529e-16	2.46758e-26	1.21169e-18	4.99616e-12	0.176293	0.993102	0.75462	0.997127	0.997127	
0.993101	0.993102	0.993102	0.993102	0.993102	0.993102	1.37808e-20	0.993102	0.993102	0.993102	0.993102	0.993002	0.993102	0.993102	0.993102	0.993102	0.993102	0.993101	1.97643e-18	5.42664e-10	0.993002	1.38227e-16	1.84716e-26	1.28397e-18	5.09126e-12	0.185	0.993102	0.758035	1.00239	1.00239	
0.993101	0.993102	0.993102	0.993102	0.993102	0.993102	1.37808e-20	0.993102	0.993102	0.993102	0.993102	0.993001	0.993102	0.993102	0.993102	0.993102	0.993102	0.993101	2.03258e-18	5.40125e-10	0.993001	1.38354e-16	1.38284e-26	1.27796e-18	5.02735e-12	0.184622	0.993102	0.769391	1.01854	1.01854	
0.993101	0.993102	0.993102	0.993102	0.993102	0.993102	1.37808e-20	0.993102	0.993102	0.993102	0.993102	0.993006	0.993102	0.993102	0.993102	0.993102	0.993102	0.993101	2.36286e-18	4.81488e-10	0.993006	1.19576e-16	1.03522e-26	1.13922e-18	4.6433e-12	0.167051	0.993102	0.770566	1.02334	1.02334	
0.993101	0.993102	0.993102	0.993102	0.993102	0.993102	1.37808e-20	0.993102	0.993102	0.993102	0.993102	0.993009	0.993102	0.993102	0.993102	0.993102	0.993102	0.993101	2.76433e-18	4.28908e-10	0.993009	1.03389e-16	7.75068e-27	1.01482e-18	4.27531e-12	0.150988	0.993102	0.770446	1.0269	1.0269	
0.993101	0.993102	0.993102	0.993102	0.993102	0.993102	1.37808e-20	0.993102	0.993102	0.993102	0.993102	0.993012	0.993102	0.993102	0.993102	0.993102	0.993102	0.993101	3.21992e-18	3.85003e-10	0.993012	9.03825e-17	5.80373e-27	9.10937e-19	3.94493e-12	0.137411	0.993102	0.770303	1.01812	1.01812	
0.993101	0.993102	0.993102	0.993102	0.993102	0.993102	1.37808e-20	0.993102	0.993102	0.993102	0.993102	0.993014	0.993102	0.993102	0.993102	0.993102	0.993102	0.993101	3.2224e-18	3.64655e-10	0.993014	8.32361e-17	4.34769e-27	8.62792e-19	3.84075e-12	0.131473	0.993102	0.78073	1.03359	1.03359	
0.993101	0.993102	0.993102	0.993102	0.993102	0.993102	1.37808e-20	0.993102	0.993102	0.993102	0.993102	0.99302	0.993102	0.993102	0.993102	0.993102	0.993102	0.993101	3.63628e-18	3.18481e-10	0.99302	6.98309e-17	3.25687e-27	7.53543e-19	3.52634e-12	0.116278	0.993102	0.776456	1.03179	1.03179	
