0.25	0.25	0.25	0.998264	0.25	0.998263	0.748264	0.998264	0.998263	0.000618156	0.25	0.25	0.25	0.25	0.25	0.25	0.000618156	0.000618156	1.27727e-12	0.000618156	0.000618156	1.27727e-12	1.11844e-38	0.000618156	0.000618156	0.25	0.25	0	0	0	
0.25	0.25	0.25	0.998264	0.25	0.998263	0.748264	0.998264	0.998263	0.000618156	0.25	0.25	0.25	0.25	0.25	0.25	0.000618156	0.000618156	1.27727e-12	0.000618156	0.000618156	1.27727e-12	1.11844e-38	0.000618156	0.000618156	0.25	0.25	0	0	0	
0.437066	0.437066	0.437066	0.996964	0.437066	0.814199	0.559898	0.996964	0.996964	0.000462543	0.437066	0.187684	0.437066	0.437066	0.432569	0.437066	0.0676977	0.0676979	9.55736e-13	0.250462	0.000462544	2.91291e-08	8.93777e-28	0.0010807	0.0010807	0.437066	0.437066	0.00471502	0.00471502	0.00471502	
0.577032	0.57704	0.57704	0.995992	0.57704	0.6118	0.418952	0.995992	0.995691	0.000346104	0.57704	0.341177	0.57704	0.57704	0.573676	0.57704	0.127113	0.122202	7.15143e-13	0.437412	0.000346114	0.00153888	1.43433e-24	0.189399	0.00137131	0.57704	0.57704	0.0126733	0.0126734	0.0126734	
0.681283	0.681778	0.681778	0.995265	0.681778	0.457801	0.313486	0.995265	0.803159	0.000258977	0.681778	0.505274	0.681778	0.681778	0.679261	0.681778	0.127938	0.117827	5.35115e-13	0.577299	0.000259168	0.247016	1.21235e-21	0.391684	0.00150901	0.681778	0.681778	0.0228274	0.0228286	0.0228286	
0.749566	0.76015	0.76015	0.99472	0.76015	0.342556	0.23457	0.99472	0.601174	0.000193783	0.76015	0.628077	0.76015	0.76015	0.758266	0.76015	0.112119	0.25678	4.0042e-13	0.681971	0.000195777	0.434828	3.86384e-16	0.543078	0.0181824	0.76015	0.76015	0.0352056	0.0352223	0.0352223	
0.736074	0.818792	0.818792	0.994313	0.818792	0.256322	0.17552	0.994313	0.449839	0.000145007	0.818792	0.719966	0.818792	0.818792	0.817383	0.818792	0.0943043	0.437776	2.99971e-13	0.760293	0.000157988	0.575366	4.67687e-11	0.65636	0.204232	0.818792	0.818792	0.0492942	0.0495041	0.0495041	
0.624406	0.862673	0.862673	0.994008	0.862673	0.191797	0.131336	0.994008	0.336598	0.000108929	0.862673	0.788724	0.862673	0.862653	0.861618	0.862673	0.0786534	0.577198	2.2902e-13	0.818898	0.000167841	0.680525	2.71202e-07	0.741125	0.397857	0.862673	0.862673	0.0618567	0.0636113	0.0636113	
0.492976	0.895506	0.895506	0.99378	0.895506	0.143514	0.0982736	0.99378	0.251864	9.46256e-05	0.895506	0.840173	0.895506	0.894918	0.894717	0.895506	0.0658094	0.681838	2.05645e-13	0.862749	0.000279909	0.759212	0.00016586	0.804549	0.547002	0.895506	0.895506	0.0714776	0.0775617	0.0775617	
0.379351	0.920075	0.920075	0.993609	0.920075	0.107387	0.0735345	0.993609	0.188461	0.000279632	0.920075	0.878671	0.920075	0.912576	0.919484	0.920075	0.0554802	0.76018	3.30618e-13	0.895559	0.000571519	0.818091	0.017636	0.852005	0.659131	0.920075	0.920075	0.0791172	0.0925723	0.0925723	
0.289052	0.938458	0.938459	0.993482	0.938459	0.0803535	0.0550232	0.993482	0.141018	0.00237255	0.938459	0.907477	0.938458	0.892573	0.938017	0.938459	0.0473111	0.81881	9.65099e-13	0.920107	0.00111862	0.862148	0.189064	0.887512	0.743138	0.938457	0.938459	0.0831914	0.105898	0.105898	
0.21934	0.952214	0.952214	0.993386	0.952214	0.0601256	0.0411719	0.993386	0.105519	0.0153134	0.952214	0.929032	0.952214	0.805592	0.951884	0.952214	0.0407155	0.862683	3.0235e-12	0.938472	0.00192083	0.895114	0.383423	0.914078	0.80603	0.952211	0.952214	0.0859378	0.119851	0.119851	
0.16617	0.962507	0.962507	0.993315	0.962507	0.0449898	0.0308074	0.993315	0.0789559	0.068708	0.962507	0.945161	0.962507	0.675886	0.96226	0.962507	0.0354155	0.895513	8.75517e-12	0.95221	0.0029452	0.919781	0.535562	0.933951	0.853102	0.962501	0.962507	0.0881678	0.134804	0.134804	
0.125854	0.970209	0.970209	0.993261	0.970209	0.0336642	0.0230521	0.993261	0.0590798	0.194327	0.970209	0.957229	0.970207	0.544536	0.970024	0.970209	0.031209	0.920079	2.33916e-11	0.962483	0.00414031	0.938239	0.650365	0.948816	0.888328	0.970196	0.970209	0.0882022	0.147536	0.147536	
0.0953809	0.975972	0.975972	0.993221	0.975972	0.0251897	0.017249	0.993221	0.0442073	0.350009	0.975972	0.96626	0.975967	0.429547	0.975834	0.975972	0.0277456	0.938461	5.5267e-11	0.970165	0.00535808	0.95205	0.736494	0.959933	0.914688	0.975949	0.975972	0.0888235	0.162258	0.162258	
0.0723914	0.980284	0.980284	0.993191	0.980284	0.0188486	0.0129068	0.993191	0.0330787	0.496562	0.980284	0.973017	0.980272	0.335742	0.980181	0.980284	0.0249805	0.952216	1.25417e-10	0.975903	0.00657598	0.962384	0.801008	0.968242	0.934413	0.980245	0.980283	0.0888992	0.176961	0.176961	
0.055068	0.983511	0.983511	0.993169	0.983511	0.0141037	0.0096577	0.993169	0.0247516	0.61642	0.983511	0.978073	0.983485	0.261428	0.983434	0.983511	0.0227549	0.962508	2.72519e-10	0.980184	0.00772175	0.970117	0.849307	0.974447	0.949172	0.983448	0.983508	0.088689	0.19165	0.19165	
0.0420243	0.985926	0.985926	0.993152	0.985926	0.0105533	0.0072265	0.993152	0.0185207	0.709459	0.985925	0.981856	0.985877	0.203465	0.985867	0.985926	0.0209554	0.970209	5.69892e-10	0.983371	0.00875253	0.975903	0.885458	0.979074	0.960212	0.98583	0.985919	0.0870484	0.203474	0.203474	
0.0322083	0.987732	0.987732	0.993139	0.987732	0.00789663	0.00540733	0.993139	0.0138584	0.780098	0.987732	0.984687	0.987652	0.1585	0.987689	0.987732	0.0194011	0.975972	1.09296e-09	0.985741	0.00957066	0.980233	0.912514	0.982522	0.968472	0.987596	0.987721	0.085472	0.215369	0.215369	
0.0248239	0.989084	0.989084	0.99313	0.989084	0.00590876	0.00404611	0.99313	0.0103697	0.833381	0.989084	0.986806	0.988961	0.123838	0.989051	0.989084	0.0180652	0.980284	2.00523e-09	0.987496	0.0101974	0.983472	0.932761	0.985083	0.974649	0.988899	0.989065	0.0846086	0.229612	0.229612	
0.0192703	0.990095	0.990096	0.993123	0.990096	0.00442131	0.00302755	0.993123	0.00775928	0.873456	0.990095	0.988391	0.989912	0.0972764	0.990071	0.990096	0.0169628	0.98351	3.75114e-09	0.98878	0.0106963	0.985897	0.947907	0.98697	0.979265	0.989843	0.990066	0.0822674	0.239581	0.239581	
0.0150944	0.990852	0.990852	0.993118	0.990852	0.00330831	0.00226541	0.993118	0.00580599	0.903507	0.990852	0.989577	0.990599	0.0768447	0.990834	0.990852	0.0159521	0.985925	6.46185e-09	0.989719	0.0109906	0.987711	0.959239	0.988362	0.982715	0.990527	0.990809	0.0823397	0.256741	0.256741	
0.0119549	0.991419	0.991419	0.993114	0.991419	0.00247548	0.00169512	0.993114	0.00434441	0.926038	0.991418	0.990464	0.991055	0.0613183	0.991405	0.991419	0.015178	0.987731	1.23017e-08	0.990361	0.0112604	0.989068	0.967707	0.989342	0.985284	0.990979	0.991354	0.0807449	0.268584	0.268584	
0.00959488	0.991843	0.991843	0.993111	0.991843	0.00185231	0.0012684	0.993111	0.00325076	0.942909	0.991842	0.991128	0.991346	0.0494148	0.991832	0.991843	0.014482	0.989083	2.18598e-08	0.990793	0.0114015	0.990083	0.974033	0.990027	0.987196	0.991268	0.991751	0.0790378	0.279336	0.279336	
0.00782092	0.99216	0.99216	0.993109	0.99216	0.00138602	0.000949097	0.993109	0.00243243	0.955539	0.992159	0.991625	0.99151	0.0402742	0.992152	0.99216	0.0138459	0.990095	3.68215e-08	0.991065	0.0114326	0.990843	0.978756	0.99049	0.988615	0.991432	0.992035	0.0766479	0.288741	0.288741	
0.0064876	0.992397	0.992397	0.993107	0.992397	0.00103711	0.000710174	0.993107	0.0018201	0.964992	0.992396	0.991997	0.991582	0.0332018	0.992391	0.992397	0.0132227	0.990851	5.92107e-08	0.991223	0.0113396	0.991412	0.982279	0.990789	0.989664	0.991507	0.992234	0.0754377	0.301632	0.301632	
0.00548551	0.992574	0.992574	0.993106	0.992574	0.00077603	0.000531398	0.993106	0.00136191	0.972067	0.992574	0.992275	0.991541	0.0277795	0.99257	0.992574	0.0126827	0.991418	9.91257e-08	0.991247	0.011217	0.991837	0.984893	0.99092	0.990426	0.991469	0.99236	0.0734124	0.309795	0.309795	
0.00473241	0.992707	0.992707	0.993105	0.992707	0.000580675	0.000397625	0.993105	0.00101907	0.977361	0.992706	0.992483	0.991449	0.0235662	0.992704	0.992707	0.0121647	0.991842	1.5385e-07	0.991207	0.0110272	0.992156	0.986833	0.99096	0.99098	0.99138	0.992436	0.0719975	0.321641	0.321641	
0.00416645	0.992807	0.992807	0.993104	0.992807	0.000434499	0.000297529	0.993104	0.000762535	0.981323	0.992806	0.992639	0.99126	0.0203075	0.992804	0.992807	0.0117001	0.992159	2.47451e-07	0.991059	0.0108193	0.992394	0.988253	0.990873	0.991363	0.991196	0.992461	0.0707537	0.333593	0.333593	
0.00374114	0.992881	0.992881	0.993104	0.992881	0.00032512	0.00022263	0.993104	0.000570578	0.984288	0.99288	0.992756	0.990969	0.0177828	0.992879	0.992881	0.011287	0.992396	4.04826e-07	0.9908	0.0106062	0.992572	0.989277	0.990659	0.991609	0.990909	0.99244	0.0697672	0.345244	0.345244	
0.00342154	0.992937	0.992937	0.993103	0.992937	0.000243276	0.000166586	0.993103	0.000426944	0.986507	0.992936	0.992843	0.990567	0.0158282	0.992935	0.992937	0.0109272	0.992573	6.61003e-07	0.990423	0.0104018	0.992706	0.989994	0.990316	0.991745	0.990511	0.992374	0.0691799	0.360227	0.360227	
0.00318137	0.992978	0.992978	0.993103	0.992978	0.000182035	0.00012465	0.993103	0.000319469	0.988167	0.992978	0.992908	0.989948	0.0143251	0.992977	0.992978	0.010628	0.992706	1.15575e-06	0.989823	0.0102231	0.992806	0.990448	0.989741	0.991763	0.989895	0.992242	0.0660982	0.360107	0.360107	
0.00300091	0.99301	0.99301	0.993103	0.99301	0.000136211	9.32711e-05	0.993103	0.000239049	0.989409	0.993009	0.992957	0.989558	0.0130454	0.993009	0.99301	0.0102581	0.992806	1.56577e-06	0.989453	0.00994682	0.99288	0.99079	0.989391	0.991778	0.989511	0.992143	0.0642154	0.367347	0.367347	
0.00286531	0.993033	0.993033	0.993103	0.993033	0.000101922	6.97914e-05	0.993103	0.000178874	0.990339	0.993032	0.992993	0.989131	0.0119969	0.993032	0.993033	0.00989618	0.99288	2.1451e-06	0.989041	0.00965729	0.992936	0.990997	0.988994	0.99174	0.989088	0.992018	0.0631827	0.378105	0.378105	
0.00276342	0.99305	0.99305	0.993103	0.99305	7.62653e-05	5.22224e-05	0.993103	0.000133848	0.991035	0.993049	0.993021	0.988526	0.0111629	0.99305	0.99305	0.00957993	0.992936	3.13472e-06	0.98845	0.00939679	0.992978	0.991064	0.988413	0.991623	0.988488	0.991836	0.0621192	0.388882	0.388882	
0.00268686	0.993063	0.993063	0.993102	0.993063	5.70676e-05	3.90761e-05	0.993102	0.000100157	0.991555	0.993062	0.993041	0.987729	0.0104902	0.993063	0.993063	0.00929757	0.992977	4.75182e-06	0.987663	0.00915731	0.993009	0.991004	0.987636	0.991426	0.987695	0.99159	0.0606222	0.395748	0.395748	
0.00262934	0.993073	0.993073	0.993102	0.993073	4.27028e-05	2.92392e-05	0.993102	7.49477e-05	0.991945	0.993072	0.993056	0.986911	0.00992201	0.993073	0.993073	0.00902375	0.993009	6.82022e-06	0.986855	0.00891647	0.993033	0.990877	0.986834	0.991195	0.986882	0.991321	0.0594963	0.405185	0.405185	
0.00258612	0.99308	0.99308	0.993102	0.99308	3.19544e-05	2.18786e-05	0.993102	5.60855e-05	0.992236	0.99308	0.993068	0.985909	0.00944947	0.99308	0.99308	0.00877304	0.993032	9.97539e-06	0.985861	0.00869105	0.99305	0.990647	0.985844	0.990887	0.985883	0.990985	0.058028	0.413066	0.413066	
0.00255365	0.993086	0.993086	0.993102	0.993086	2.39121e-05	1.6371e-05	0.993102	4.19724e-05	0.992454	0.993085	0.993076	0.984811	0.00903656	0.993086	0.993086	0.00852729	0.993049	1.43426e-05	0.98477	0.00846469	0.993063	0.990342	0.984757	0.990523	0.984788	0.9906	0.0565669	0.418656	0.418656	
0.00252926	0.99309	0.99309	0.993102	0.99309	1.78946e-05	1.22498e-05	0.993102	3.14128e-05	0.992617	0.993089	0.993083	0.98374	0.00867055	0.99309	0.99309	0.00828721	0.993062	1.95908e-05	0.983705	0.00823947	0.993073	0.990005	0.983695	0.990143	0.983721	0.990203	0.0555616	0.427682	0.427682	
0.00251093	0.993093	0.993093	0.993102	0.993093	1.33924e-05	9.16609e-06	0.993102	2.35127e-05	0.992739	0.993092	0.993088	0.982397	0.00835834	0.993093	0.993093	0.00806983	0.993072	2.76297e-05	0.982367	0.00803344	0.99308	0.989551	0.982359	0.989656	0.98238	0.989703	0.0502915	0.465856	0.465856	
0.00249716	0.993095	0.993095	0.993102	0.993095	1.0027e-05	6.85866e-06	0.993102	1.761e-05	0.992831	0.993094	0.993091	0.978042	0.00793844	0.993095	0.993095	0.00772143	0.99308	8.7025e-05	0.978015	0.00769376	0.993086	0.987814	0.978008	0.987895	0.978026	0.987934	0.0458043	0.503639	0.503639	
0.00248681	0.993097	0.993097	0.993102	0.993097	7.51674e-06	5.13208e-06	0.993102	1.32117e-05	0.992899	0.993096	0.993094	0.968467	0.00748028	0.993097	0.993097	0.00731713	0.993085	0.000393788	0.968439	0.00729611	0.99309	0.983612	0.968434	0.983676	0.96845	0.983711	0.0405613	0.520732	0.520732	
0.00247904	0.993098	0.993098	0.993102	0.993098	5.64623e-06	3.84015e-06	0.993102	9.93471e-06	0.99295	0.993097	0.993096	0.957964	0.00698478	0.993098	0.993098	0.00686218	0.993089	0.00101673	0.957936	0.00684625	0.993093	0.978283	0.957932	0.978335	0.957947	0.978367	0.0374295	0.559684	0.559684	
0.0024732	0.993099	0.993099	0.993102	0.993099	4.27528e-06	2.87345e-06	0.993102	7.54035e-06	0.992988	0.993098	0.993097	0.934846	0.00653007	0.993099	0.993099	0.00643797	0.993092	0.00437001	0.934817	0.0064259	0.993095	0.965788	0.934813	0.965833	0.934828	0.965866	0.03414	0.587162	0.587162	
0.00246881	0.9931	0.9931	0.993102	0.9931	3.2923e-06	2.1501e-06	0.993102	5.8268e-06	0.993017	0.993099	0.993098	0.901479	0.00610714	0.9931	0.9931	0.00603796	0.993094	0.0144833	0.901448	0.00602883	0.993097	0.945833	0.901444	0.945873	0.90146	0.945909	0.0308903	0.609263	0.609263	
0.00246552	0.993101	0.993101	0.993102	0.993101	2.61836e-06	1.60884e-06	0.993102	4.64722e-06	0.993038	0.9931	0.993099	0.860177	0.00571414	0.993101	0.993101	0.00566218	0.993096	0.0378839	0.860144	0.00565527	0.993098	0.91834	0.860141	0.918378	0.860156	0.918416	0.0277526	0.620824	0.620824	
0.00246305	0.993101	0.993101	0.993102	0.993101	2.16699e-06	1.20384e-06	0.993102	3.8393e-06	0.993055	0.9931	0.9931	0.820896	0.00535072	0.993101	0.993101	0.0053117	0.993097	0.0708972	0.820863	0.00530647	0.993099	0.889479	0.82086	0.889514	0.820875	0.889553	0.0250189	0.633681	0.633681	
0.00246119	0.993101	0.993101	0.993102	0.993101	1.90527e-06	9.0079e-07	0.993102	3.34089e-06	0.993067	0.9931	0.9931	0.780636	0.0050218	0.993101	0.993101	0.00499249	0.993098	0.119539	0.780605	0.00498854	0.9931	0.857169	0.780602	0.857202	0.780616	0.857241	0.0223842	0.639608	0.639608	
0.0024598	0.993102	0.993102	0.993102	0.993102	1.76243e-06	6.7403e-07	0.993102	3.02684e-06	0.993075	0.993101	0.993101	0.746808	0.00472361	0.993102	0.993102	0.00470159	0.993099	0.170994	0.746778	0.00469859	0.993101	0.827523	0.746775	0.827554	0.746789	0.827593	0.0208484	0.668631	0.668631	
0.00245876	0.993102	0.993102	0.993102	0.993102	1.93934e-06	5.04353e-07	0.993102	3.20651e-06	0.993082	0.993101	0.993101	0.688342	0.00447137	0.993102	0.993102	0.00445481	0.9931	0.281568	0.688313	0.00445254	0.993101	0.774188	0.68831	0.774217	0.688323	0.774257	0.0189762	0.679576	0.679576	
0.00245798	0.993102	0.993102	0.993102	0.993102	2.25304e-06	3.77391e-07	0.993102	3.57139e-06	0.993087	0.993101	0.993101	0.633263	0.00424833	0.993102	0.993102	0.00423586	0.9931	0.390534	0.633233	0.00423412	0.993101	0.721091	0.63323	0.721119	0.633243	0.721161	0.0172643	0.690063	0.690063	
0.0024574	0.993102	0.993102	0.993102	0.993102	2.70936e-06	2.82389e-07	0.993102	4.11792e-06	0.993091	0.993101	0.993101	0.581194	0.00405118	0.993102	0.993102	0.00404176	0.9931	0.492573	0.581164	0.00404042	0.993102	0.668352	0.58116	0.668381	0.581174	0.668426	0.0160449	0.717923	0.717923	
0.00245697	0.993102	0.993102	0.993102	0.993102	3.85825e-06	2.11303e-07	0.993102	5.60499e-06	0.993094	0.993101	0.993101	0.511478	0.00388273	0.993102	0.993102	0.00387559	0.993101	0.600195	0.511447	0.00387454	0.993102	0.594686	0.511443	0.594716	0.511458	0.594764	0.0152181	0.766218	0.766218	
0.00245666	0.993102	0.993102	0.993102	0.993102	7.77757e-06	1.58112e-07	0.993102	1.08244e-05	0.993096	0.993101	0.993101	0.419216	0.00374282	0.993102	0.993102	0.00373736	0.993101	0.696309	0.419186	0.00373651	0.993102	0.491998	0.419182	0.492028	0.419196	0.492077	0.0143324	0.799658	0.799658	
0.00245648	0.993102	0.993102	0.993102	0.993102	1.55375e-05	1.18311e-07	0.993102	2.10431e-05	0.993097	0.993101	0.993101	0.334149	0.00362365	0.993102	0.993102	0.00361933	0.993101	0.770295	0.334118	0.00361857	0.993102	0.394658	0.334114	0.394689	0.334129	0.394741	0.0113749	0.674954	0.674954	
0.00245645	0.993102	0.993102	0.993102	0.993102	1.24777e-05	8.85291e-08	0.993102	1.68149e-05	0.993099	0.993101	0.993101	0.383537	0.00348767	0.993102	0.993102	0.00348403	0.993101	0.754532	0.383462	0.00348322	0.993102	0.442677	0.383446	0.442745	0.383489	0.44286	0.00867774	0.546431	0.546431	
0.00245638	0.993102	0.993102	0.993102	0.993102	9.40539e-06	6.62446e-08	0.993102	1.26638e-05	0.9931	0.993101	0.993101	0.522113	0.00334516	0.993102	0.993102	0.00334212	0.993101	0.56836	0.522048	0.00334133	0.993102	0.568597	0.522033	0.568655	0.522072	0.568753	0.00743127	0.528448	0.528448	
0.00245629	0.993102	0.993102	0.993102	0.993102	7.0869e-06	4.95699e-08	0.993102	9.53292e-06	0.9931	0.993101	0.993101	0.630356	0.00322035	0.993102	0.993102	0.00321785	0.993101	0.427181	0.630302	0.00321712	0.993102	0.666502	0.63029	0.666549	0.630322	0.666629	0.0069467	0.568434	0.568434	
0.0024562	0.993102	0.993102	0.993102	0.993102	5.41336e-06	3.70928e-08	0.993102	7.2601e-06	0.993101	0.993101	0.993101	0.700001	0.00311997	0.993102	0.993102	0.00311793	0.993101	0.328852	0.699953	0.00311728	0.993102	0.729629	0.699943	0.72967	0.699971	0.72974	0.0066314	0.62281	0.62281	
0.0024561	0.993102	0.993102	0.993102	0.993102	4.38049e-06	2.77567e-08	0.993102	5.80912e-06	0.993101	0.993101	0.993101	0.719121	0.00304034	0.993102	0.993102	0.00303868	0.993101	0.309326	0.719073	0.00303813	0.993102	0.746716	0.719062	0.746757	0.719091	0.746827	0.00621026	0.658653	0.658653	
0.00245602	0.993102	0.993102	0.993102	0.993102	3.95902e-06	2.07708e-08	0.993102	5.11811e-06	0.993101	0.993101	0.993101	0.697496	0.00297481	0.993102	0.993102	0.00297347	0.993101	0.378698	0.697446	0.002973	0.993102	0.725159	0.697434	0.7252	0.697464	0.725272	0.00577161	0.688339	0.688339	
0.00245596	0.993102	0.993102	0.993102	0.993102	4.20682e-06	1.55435e-08	0.993102	5.22639e-06	0.993102	0.993101	0.993101	0.645663	0.00291967	0.993102	0.993102	0.00291858	0.993101	0.489808	0.645613	0.00291817	0.993102	0.673541	0.645601	0.673584	0.645631	0.673657	0.00541821	0.719146	0.719146	
0.00245591	0.993102	0.993102	0.993102	0.993102	5.46855e-06	1.16321e-08	0.993102	6.49707e-06	0.993102	0.993101	0.993101	0.570058	0.00287354	0.993102	0.993102	0.00287264	0.993101	0.60211	0.570009	0.00287227	0.993102	0.597131	0.569997	0.597174	0.570028	0.597247	0.00521891	0.761845	0.761845	
0.00245589	0.993102	0.993102	0.993102	0.993102	9.56532e-06	8.70533e-09	0.993102	1.09371e-05	0.993102	0.993101	0.993101	0.472949	0.00283632	0.993102	0.993102	0.00283554	0.993101	0.69781	0.472903	0.00283519	0.993102	0.497255	0.47289	0.497297	0.472921	0.497367	0.00494465	0.783449	0.783449	
0.00245593	0.993102	0.993102	0.993102	0.993102	1.56365e-05	6.51534e-09	0.993102	1.75443e-05	0.993102	0.993101	0.993101	0.386266	0.00280485	0.993102	0.993102	0.0028041	0.993101	0.770995	0.386218	0.00280371	0.993102	0.407311	0.386204	0.407355	0.386237	0.407427	0.00444723	0.776823	0.776823	
0.00245603	0.993102	0.993102	0.993102	0.993102	1.9203e-05	4.87666e-09	0.993102	2.13284e-05	0.993102	0.993101	0.993101	0.325643	0.00277474	0.993102	0.993102	0.00277392	0.993101	0.825424	0.325586	0.00277341	0.993102	0.344202	0.325567	0.344257	0.32561	0.344346	0.00425235	0.809963	0.809963	
0.00245615	0.993102	0.993102	0.993102	0.993102	2.89845e-05	3.65049e-09	0.993102	3.18722e-05	0.993102	0.993101	0.993101	0.264056	0.00274969	0.993102	0.993102	0.00274876	0.993101	0.867241	0.263997	0.00274813	0.993102	0.279551	0.263976	0.279608	0.264022	0.2797	0.00443137	0.888971	0.888971	
0.00245636	0.993102	0.993102	0.993102	0.993102	9.24157e-05	2.733e-09	0.993102	0.000101129	0.993102	0.993101	0.993101	0.202059	0.00273364	0.993102	0.993102	0.00273247	0.993101	0.898908	0.202009	0.00273161	0.993102	0.214045	0.201992	0.214094	0.202031	0.214172	0.00437992	0.916571	0.916571	
0.0024573	0.993102	0.993102	0.993102	0.993102	0.000192399	2.04647e-09	0.993102	0.000210197	0.993102	0.993101	0.993101	0.1538	0.00272281	0.993102	0.993102	0.00272045	0.993101	0.922614	0.153752	0.00271856	0.993102	0.162977	0.153735	0.163024	0.153773	0.1631	0.00395036	0.900679	0.900679	
0.00245924	0.993102	0.993102	0.993102	0.993102	0.000234803	1.53276e-09	0.993102	0.000255585	0.993102	0.993101	0.993101	0.118697	0.00271185	0.993102	0.993102	0.00270703	0.993101	0.940348	0.118631	0.00270304	0.993102	0.125777	0.118606	0.125843	0.118661	0.125948	0.00365896	0.90337	0.90337	
0.00246122	0.993102	0.993102	0.993102	0.993102	0.000272277	1.14836e-09	0.993102	0.000295157	0.993102	0.993101	0.993101	0.0922695	0.00270095	0.993102	0.993102	0.00269365	0.993101	0.953619	0.0921859	0.00268755	0.993102	0.0977351	0.0921524	0.0978194	0.0922236	0.0979535	0.00327605	0.893094	0.893094	
0.00246316	0.993102	0.993102	0.993102	0.993102	0.000283103	8.60738e-10	0.993102	0.000305596	0.993102	0.993101	0.993101	0.073308	0.00268875	0.993102	0.993102	0.00267906	0.993101	0.963544	0.0731963	0.0026709	0.993102	0.0775533	0.0731506	0.077666	0.0732471	0.0778448	0.00292199	0.87638	0.87638	
0.00246475	0.993102	0.993102	0.993102	0.993102	0.000269085	6.45517e-10	0.993102	0.00028936	0.993102	0.993101	0.993101	0.0608166	0.00267519	0.993102	0.993102	0.00266361	0.993101	0.970958	0.0606622	0.0026538	0.993102	0.0641604	0.0605981	0.0643155	0.0607329	0.0645611	0.00186387	0.638747	0.638747	
0.00246577	0.993102	0.993102	0.993102	0.993102	0.000201851	4.84475e-10	0.993102	0.000217041	0.993102	0.993101	0.993101	0.231246	0.00265077	0.993102	0.993102	0.00263811	0.993101	0.829261	0.230576	0.00262731	0.993102	0.234165	0.230289	0.23481	0.230887	0.235811	0.00161731	0.618884	0.618884	
0.00246569	0.993102	0.993102	0.993102	0.993102	0.000151378	3.63975e-10	0.993102	0.000162755	0.993102	0.993101	0.993101	0.375943	0.00262745	0.993102	0.993102	0.002615	0.993101	0.680761	0.375109	0.00260435	0.993102	0.378544	0.37475	0.379344	0.375496	0.380583	0.00158414	0.656531	0.656531	
0.00246501	0.993102	0.993102	0.993102	0.993102	0.000113991	2.73811e-10	0.993102	0.000122527	0.993102	0.993101	0.993101	0.448697	0.00260819	0.993102	0.993102	0.00259665	0.993101	0.656737	0.447713	0.00258674	0.993102	0.451506	0.447289	0.45245	0.448171	0.453912	0.00154144	0.683072	0.683072	
0.00246404	0.993102	0.993102	0.993102	0.993102	8.65194e-05	2.06346e-10	0.993102	9.29454e-05	0.993102	0.993101	0.993101	0.471633	0.00259219	0.993102	0.993102	0.00258189	0.993101	0.69296	0.470593	0.00257303	0.993102	0.474897	0.470145	0.475896	0.471077	0.477445	0.00168097	0.761835	0.761835	
0.00246298	0.993102	0.993102	0.993102	0.993102	7.06319e-05	1.55865e-10	0.993102	7.56417e-05	0.993102	0.993101	0.993101	0.402179	0.00258126	0.993102	0.993102	0.00257227	0.993101	0.765965	0.401254	0.00256454	0.993102	0.405596	0.400855	0.406488	0.401684	0.407871	0.00145165	0.75244	0.75244	
0.00246198	0.993102	0.993102	0.993102	0.993102	5.77538e-05	1.18092e-10	0.993102	6.16469e-05	0.993102	0.993101	0.993101	0.358239	0.0025697	0.993102	0.993102	0.00256196	0.993101	0.819464	0.357413	0.00255527	0.993102	0.361753	0.357057	0.362552	0.357797	0.36379	0.00152101	0.848044	0.848044	
0.00246108	0.993102	0.993102	0.993102	0.993102	7.6324e-05	8.98285e-11	0.993102	8.02596e-05	0.993102	0.993101	0.993101	0.278561	0.00256158	0.993102	0.993102	0.00255495	0.993101	0.863093	0.277918	0.00254922	0.993102	0.281439	0.277641	0.28206	0.278217	0.283026	0.0014057	0.864308	0.864308	
0.00246064	0.993102	0.993102	0.993102	0.993102	0.000103085	6.86794e-11	0.993102	0.00010734	0.993102	0.993101	0.993101	0.216137	0.00255452	0.993102	0.993102	0.00254848	0.993101	0.895779	0.215632	0.00254322	0.993102	0.218442	0.215414	0.218931	0.215867	0.21969	0.00108194	0.819284	0.819284	
0.00246063	0.993102	0.993102	0.993102	0.993102	9.59611e-05	5.28535e-11	0.993102	9.9557e-05	0.993102	0.993101	0.993101	0.179986	0.00254581	0.993102	0.993102	0.00253988	0.993101	0.920023	0.179535	0.00253464	0.993102	0.181898	0.179339	0.182336	0.179746	0.183014	0.00103488	0.808643	0.808643	
0.00246054	0.993102	0.993102	0.993102	0.993102	8.70317e-05	4.10117e-11	0.993102	9.00409e-05	0.993102	0.993101	0.993101	0.156894	0.0025385	0.993102	0.993102	0.00253276	0.993101	0.938028	0.156477	0.00252763	0.993102	0.158544	0.156292	0.158952	0.156673	0.159583	0.000947044	0.772392	0.772392	
0.00246036	0.993102	0.993102	0.993102	0.993102	7.25083e-05	3.21512e-11	0.993102	7.49012e-05	0.993102	0.993101	0.993101	0.159353	0.00253168	0.993102	0.993102	0.00252621	0.993101	0.950238	0.158915	0.00252128	0.993102	0.160939	0.158719	0.161368	0.159123	0.162031	0.000875865	0.79621	0.79621	
0.00246005	0.993102	0.993102	0.993102	0.993102	6.61573e-05	2.55217e-11	0.993102	6.81581e-05	0.993102	0.993101	0.993101	0.147085	0.0025253	0.993102	0.993102	0.00252024	0.993101	0.960389	0.146683	0.00251563	0.993102	0.148521	0.146501	0.148916	0.146874	0.149524	0.000862709	0.794177	0.794177	
0.00245974	0.993102	0.993102	0.993102	0.993102	6.0931e-05	2.05612e-11	0.993102	6.2627e-05	0.993102	0.993101	0.993101	0.138926	0.00252019	0.993102	0.993102	0.00251552	0.993101	0.967931	0.138556	0.00251125	0.993102	0.14027	0.138387	0.140634	0.138733	0.141195	0.000735406	0.784942	0.784942	
0.00245944	0.993102	0.993102	0.993102	0.993102	5.51154e-05	1.68496e-11	0.993102	5.65256e-05	0.993102	0.993101	0.993101	0.137951	0.00251463	0.993102	0.993102	0.00251033	0.993101	0.973268	0.1376	0.00250637	0.993102	0.139206	0.137439	0.139552	0.137768	0.140083	0.000526088	0.665689	0.665689	
0.00245915	0.993102	0.993102	0.993102	0.993102	4.21213e-05	1.40726e-11	0.993102	4.31858e-05	0.993102	0.993101	0.993101	0.261177	0.00250769	0.993102	0.993102	0.00250375	0.993101	0.898207	0.260783	0.0025001	0.993102	0.262401	0.260601	0.26279	0.260973	0.263384	0.000379103	0.573834	0.573834	
0.00245876	0.993102	0.993102	0.993102	0.993102	3.16584e-05	1.1995e-11	0.993102	3.2456e-05	0.993102	0.993101	0.993101	0.424242	0.00250034	0.993102	0.993102	0.00249684	0.993101	0.684914	0.423914	0.00249358	0.993102	0.425221	0.423761	0.425545	0.424072	0.42604	0.000275749	0.493296	0.493296	
0.00245835	0.993102	0.993102	0.993102	0.993102	2.37169e-05	1.04407e-11	0.993102	2.43139e-05	0.993102	0.993101	0.993101	0.562912	0.00249328	0.993102	0.993102	0.00249025	0.993101	0.513036	0.562661	0.00248742	0.993102	0.563655	0.562544	0.563903	0.562782	0.564282	0.000179777	0.450464	0.450464	
0.00245794	0.993102	0.993102	0.993102	0.993102	1.77585e-05	9.2779e-12	0.993102	1.82052e-05	0.993102	0.993101	0.993101	0.669265	0.00248661	0.993102	0.993102	0.00248403	0.993101	0.383983	0.669075	0.00248162	0.993102	0.669823	0.668987	0.670011	0.669167	0.670297	0.000164629	0.537997	0.537997	
0.00245756	0.993102	0.993102	0.993102	0.993102	1.33569e-05	8.40801e-12	0.993102	1.36914e-05	0.993102	0.993101	0.993101	0.740005	0.00248128	0.993102	0.993102	0.00247912	0.993101	0.290518	0.739856	0.0024771	0.993102	0.740438	0.739786	0.740586	0.739928	0.740811	0.00018657	0.625204	0.625204	
0.00245723	0.993102	0.993102	0.993102	0.993102	1.03883e-05	7.75723e-12	0.993102	1.064e-05	0.993102	0.993101	0.993101	0.752447	0.00247745	0.993102	0.993102	0.00247566	0.993101	0.291815	0.752312	0.00247398	0.993102	0.752867	0.75225	0.753	0.752377	0.753202	0.000190829	0.659171	0.659171	
0.00245694	0.993102	0.993102	0.993102	0.993102	8.54977e-06	7.27036e-12	0.993102	8.74113e-06	0.993102	0.993101	0.993101	0.728697	0.00247456	0.993102	0.993102	0.00247309	0.993101	0.374003	0.728573	0.00247171	0.993102	0.729166	0.728514	0.729288	0.728633	0.729475	0.000195796	0.681915	0.681915	
0.0024567	0.993102	0.993102	0.993102	0.993102	7.62121e-06	6.90611e-12	0.993102	7.76919e-06	0.993102	0.993101	0.993101	0.683963	0.00247242	0.993102	0.993102	0.0024712	0.993101	0.480806	0.683848	0.00247006	0.993102	0.684502	0.683794	0.684615	0.683904	0.684787	0.000208393	0.713413	0.713413	
0.00245651	0.993102	0.993102	0.993102	0.993102	7.99957e-06	6.63358e-12	0.993102	8.1199e-06	0.993102	0.993101	0.993101	0.611508	0.00247094	0.993102	0.993102	0.00246994	0.993101	0.593578	0.611404	0.00246899	0.993102	0.612115	0.611354	0.612218	0.611454	0.612375	0.000246211	0.760167	0.760167	
0.00245637	0.993102	0.993102	0.993102	0.993102	1.18325e-05	6.42964e-12	0.993102	1.19514e-05	0.993102	0.993101	0.993101	0.509205	0.00247032	0.993102	0.993102	0.00246946	0.993101	0.691511	0.509114	0.00246865	0.993102	0.509828	0.50907	0.509918	0.509158	0.510055	0.000431516	0.83464	0.83464	
0.00245631	0.993102	0.993102	0.993102	0.993102	3.46884e-05	6.27694e-12	0.993102	3.50012e-05	0.993102	0.993101	0.993101	0.394834	0.00247225	0.993102	0.993102	0.00247146	0.993101	0.767296	0.394759	0.0024707	0.993102	0.395397	0.394724	0.395471	0.394796	0.395583	0.000665714	0.878383	0.878383	
0.00245655	0.993102	0.993102	0.993102	0.993102	8.76794e-05	6.162e-12	0.993102	8.87406e-05	0.993102	0.993101	0.993101	0.301369	0.00247719	0.993102	0.993102	0.00247616	0.993101	0.824116	0.301305	0.00247516	0.993102	0.301848	0.301275	0.301911	0.301337	0.302008	0.000813354	0.901859	0.901859	
0.00245739	0.993102	0.993102	0.993102	0.993102	0.00016422	6.07444e-12	0.993102	0.00016663	0.993102	0.993101	0.993101	0.229242	0.00248409	0.993102	0.993102	0.00248218	0.993101	0.866647	0.229181	0.00248034	0.993102	0.229627	0.229152	0.229688	0.229211	0.22978	0.00110923	0.925871	0.925871	
0.00245896	0.993102	0.993102	0.993102	0.993102	0.000281789	6.00669e-12	0.993102	0.000287156	0.993102	0.993101	0.993101	0.173852	0.00249495	0.993102	0.993102	0.00249139	0.993101	0.898476	0.173792	0.00248793	0.993102	0.174154	0.173762	0.174214	0.173821	0.174307	0.00143881	0.941957	0.941957	
0.00246159	0.993102	0.993102	0.993102	0.993102	0.000429602	5.95256e-12	0.993102	0.000439998	0.993102	0.993101	0.993101	0.13177	0.00251037	0.993102	0.993102	0.00250396	0.993101	0.922295	0.131705	0.00249779	0.993102	0.131996	0.131674	0.13206	0.131737	0.132159	0.00147378	0.9435	0.9435	
0.00246539	0.993102	0.993102	0.993102	0.993102	0.000548234	5.90775e-12	0.993102	0.000562791	0.993102	0.993101	0.993101	0.100239	0.00252629	0.993102	0.993102	0.0025157	0.993101	0.940118	0.100162	0.0025056	0.993102	0.100385	0.100126	0.100461	0.1002	0.100579	0.00274786	0.972484	0.972484	
0.00246972	0.993102	0.993102	0.993102	0.993102	0.000806548	5.87078e-12	0.993102	0.000839794	0.993102	0.993101	0.993101	0.0759082	0.00255815	0.993102	0.993102	0.00254257	0.993101	0.953456	0.0758307	0.00252784	0.993102	0.0760163	0.075794	0.0760937	0.0758685	0.076213	0.00435157	1.00528	1.00528	
0.00247618	0.993102	0.993102	0.993102	0.993102	0.00134979	5.83564e-12	0.993102	0.0014423	0.993102	0.993101	0.993101	0.0572589	0.00261135	0.993102	0.993102	0.00258766	0.993101	0.963436	0.0571858	0.0025657	0.993102	0.0573415	0.0571515	0.0574149	0.0572213	0.0575287	0.00623662	1.0201	1.0201	
0.00248787	0.993102	0.993102	0.993102	0.993102	0.00199672	5.79376e-12	0.993102	0.00219644	0.993102	0.993101	0.993101	0.0431821	0.00269547	0.993102	0.993101	0.0026554	0.993101	0.970904	0.0431085	0.00261987	0.993101	0.043238	0.0430749	0.0433119	0.0431437	0.0434287	0.00800441	1.03373	1.03373	
0.00250486	0.993102	0.993102	0.993102	0.993102	0.00277631	5.74408e-12	0.993102	0.00314703	0.993102	0.993101	0.993101	0.0325671	0.00280847	0.993102	0.993101	0.00274156	0.993101	0.976492	0.0324906	0.00268552	0.993101	0.0325952	0.0324572	0.0326716	0.0325265	0.032796	0.0128577	1.05875	1.05875	
0.00252765	0.993102	0.993102	0.993102	0.993102	0.00405186	5.6851e-12	0.993102	0.00490235	0.993102	0.993101	0.993101	0.0245149	0.0030071	0.993102	0.993101	0.00289571	0.993101	0.980673	0.0244404	0.00280832	0.993099	0.0245288	0.0244094	0.0246034	0.0244746	0.024729	0.0166228	1.06413	1.06413	
0.00256154	0.993102	0.993102	0.993102	0.993102	0.0051766	5.60604e-12	0.993102	0.00664877	0.993102	0.993101	0.993101	0.0184742	0.00329698	0.993102	0.9931	0.00310028	0.993101	0.983802	0.0183952	0.00296247	0.993098	0.0184674	0.0183653	0.0185455	0.0184298	0.0186858	0.0144802	1.04066	1.04066	
0.00260211	0.993102	0.993102	0.993102	0.993102	0.00534174	5.5168e-12	0.993102	0.00693264	0.993102	0.993101	0.993101	0.0140571	0.00354243	0.993102	0.9931	0.00323461	0.993101	0.986143	0.0139435	0.00304182	0.993098	0.0139838	0.0139084	0.0140863	0.013989	0.0142939	0.0166491	1.04988	1.04988	
0.00263473	0.993102	0.993102	0.993102	0.993102	0.0056975	5.44567e-12	0.993102	0.00755345	0.993102	0.993101	0.993101	0.0107066	0.00378631	0.993102	0.9931	0.00337867	0.993101	0.987895	0.010576	0.00313764	0.993097	0.0105991	0.0105394	0.0107135	0.0106261	0.010958	0.0184007	1.06084	1.06084	
0.00266403	0.993102	0.993102	0.993102	0.993102	0.0063336	5.3831e-12	0.993102	0.00863238	0.993102	0.993101	0.993101	0.00816096	0.00403852	0.993102	0.9931	0.00352756	0.993101	0.989206	0.00802427	0.00323995	0.993096	0.00803633	0.00798872	0.00815389	0.00807508	0.00841557	0.014052	1.05006	1.05006	
0.00269479	0.993102	0.993102	0.993102	0.993102	0.00660808	5.31975e-12	0.993102	0.00892865	0.993102	0.993101	0.993101	0.00631791	0.0041758	0.993102	0.9931	0.00356771	0.993101	0.990187	0.00615395	0.00324243	0.993096	0.00613697	0.00611575	0.00626807	0.00621217	0.00657693	0.0143044	1.03805	1.03805	
0.00272167	0.993102	0.993102	0.993102	0.993102	0.00642556	5.26527e-12	0.993102	0.00864862	0.993102	0.993102	0.993101	0.00499795	0.0042981	0.993102	0.9931	0.00360754	0.993101	0.990921	0.00479409	0.00324842	0.993097	0.0047466	0.00474996	0.00490095	0.00486438	0.00528123	0.0105639	1.00835	1.00835	
0.00273921	0.993102	0.993102	0.993102	0.993102	0.00568494	5.2292e-12	0.993102	0.00755378	0.993102	0.993102	0.993101	0.00426134	0.00429331	0.993102	0.9931	0.00356682	0.993101	0.99147	0.0039565	0.00319381	0.993097	0.00383561	0.00389375	0.00405085	0.00405965	0.00459569	0.00971535	0.998695	0.998695	
0.00274204	0.993102	0.993102	0.993102	0.993102	0.00496814	5.22146e-12	0.993102	0.00651919	0.993102	0.993102	0.993101	0.00380429	0.00422648	0.993102	0.993101	0.0035093	0.993101	0.99188	0.00341592	0.00314014	0.993098	0.0032351	0.00333556	0.00350661	0.00354783	0.00418612	0.0114277	1.01045	1.01045	
0.00273432	0.993102	0.993102	0.993102	0.993102	0.00456548	5.23455e-12	0.993102	0.0059429	0.993102	0.993102	0.993101	0.00329818	0.00416929	0.993102	0.993101	0.00348311	0.993101	0.992188	0.00290407	0.00312605	0.993099	0.00272591	0.00282098	0.00300778	0.00303908	0.00369958	0.0133144	1.00792	1.00792	
0.00272309	0.993102	0.993102	0.993102	0.993102	0.00418032	5.25509e-12	0.993102	0.00544321	0.993102	0.993102	0.993101	0.00291492	0.00414133	0.993102	0.993101	0.00348924	0.993101	0.992418	0.00252558	0.00314526	0.993099	0.00237086	0.00244166	0.0026591	0.00266026	0.00335135	0.0141936	0.996376	0.996376	
0.0027095	0.993102	0.993102	0.993102	0.993102	0.00371536	5.28081e-12	0.993102	0.00485255	0.993102	0.993101	0.993101	0.00272322	0.00411796	0.993102	0.993101	0.00350256	0.993101	0.99259	0.00232601	0.00317389	0.993099	0.0022027	0.00223853	0.00250917	0.00246475	0.00322722	0.0184184	1.0182	1.0182	
0.00269314	0.993102	0.993102	0.993102	0.993102	0.00359906	5.31265e-12	0.993102	0.00481301	0.993102	0.993101	0.993101	0.00235244	0.00416417	0.993102	0.993101	0.0035819	0.993101	0.992719	0.00199975	0.00326739	0.993099	0.00193471	0.00192128	0.00221751	0.00212355	0.00286949	0.0140394	0.97004	0.97004	
0.00267934	0.993102	0.993102	0.993102	0.993102	0.00303333	5.33964e-12	0.993102	0.0040518	0.993102	0.993101	0.993101	0.00265684	0.00410673	0.993102	0.993101	0.00355893	0.993101	0.992814	0.00223639	0.00326276	0.9931	0.00219983	0.00214329	0.00254877	0.00238408	0.00333301	0.0156995	0.985315	0.985315	
0.00266157	0.993102	0.993102	0.993102	0.993102	0.00270635	5.37537e-12	0.993102	0.0036291	0.993102	0.993101	0.993101	0.00260854	0.00406648	0.993102	0.993101	0.00356111	0.993101	0.992886	0.00220129	0.00328681	0.9931	0.00222425	0.00211082	0.00257313	0.00234474	0.00334261	0.0167208	0.953177	0.953177	
0.002644	0.993102	0.993102	0.993102	0.993102	0.00224728	5.41115e-12	0.993102	0.00302588	0.993102	0.993101	0.993101	0.00308635	0.00403985	0.993102	0.993101	0.00357525	0.993101	0.992939	0.00262893	0.00332219	0.9931	0.00278752	0.00252696	0.00319953	0.00279065	0.00408331	0.0188315	0.983518	0.983518	
0.00262491	0.993102	0.993102	0.993102	0.993102	0.00206503	5.45074e-12	0.993102	0.00282262	0.993102	0.993101	0.993101	0.00288938	0.00403804	0.993102	0.993101	0.0036163	0.993101	0.992979	0.00248112	0.00338574	0.9931	0.00272001	0.00238998	0.00309864	0.00262571	0.00389972	0.0230936	1.00757	1.00757	
0.00260828	0.993102	0.993102	0.993102	0.993102	0.00211034	5.48548e-12	0.993102	0.0030078	0.993102	0.993101	0.993101	0.00248887	0.00411771	0.993102	0.993101	0.0037267	0.993101	0.99301	0.00214854	0.00351304	0.9931	0.00243231	0.00207281	0.00275632	0.00226902	0.00343636	0.0239596	1.00076	1.00076	
0.00259642	0.993102	0.993102	0.993102	0.993102	0.00206477	5.5102e-12	0.993102	0.00303396	0.993102	0.993101	0.993102	0.00223318	0.00420465	0.993102	0.993101	0.00382801	0.993101	0.993033	0.00193654	0.00362534	0.9931	0.00227117	0.001872	0.00256215	0.00204085	0.00316959	0.0239003	0.951005	0.951005	
0.00258695	0.993102	0.993102	0.993102	0.993102	0.00172467	5.52998e-12	0.993102	0.00255986	0.993102	0.993101	0.993102	0.00267374	0.00426954	0.993102	0.993102	0.00390164	0.993101	0.993048	0.00233759	0.0037082	0.9931	0.0029158	0.0022701	0.00326341	0.00245296	0.00398499	0.0158869	0.865643	0.865643	
0.00257552	0.993102	0.993102	0.993102	0.993102	0.00132826	5.55439e-12	0.993102	0.00196732	0.993102	0.993101	0.993102	0.0082349	0.00413446	0.993102	0.993102	0.0037977	0.993101	0.993004	0.0073903	0.00362328	0.993101	0.00891115	0.00724255	0.00975571	0.00766999	0.0114686	0.0193391	1.01262	1.01262	
0.00256192	0.993102	0.993102	0.993102	0.993102	0.001648	5.58392e-12	0.993102	0.0024339	0.993102	0.993101	0.993102	0.00646971	0.00407681	0.993102	0.993102	0.00377507	0.993101	0.993029	0.00581446	0.00362018	0.9931	0.00704484	0.00570001	0.00770243	0.00603139	0.00903449	0.0141078	0.976318	0.976318	
0.00255581	0.993102	0.993102	0.993102	0.993102	0.00158947	5.59692e-12	0.993102	0.00229347	0.993102	0.993101	0.993102	0.0055596	0.00395298	0.993102	0.993102	0.00367111	0.993101	0.993047	0.00500281	0.00352786	0.9931	0.00603005	0.00490605	0.00658643	0.00518693	0.00771207	0.00858381	0.847573	0.847573	
0.00255049	0.993102	0.993102	0.993102	0.993102	0.00121962	5.60831e-12	0.993102	0.00175207	0.993102	0.993101	0.993101	0.0142439	0.00376172	0.993102	0.993102	0.00350417	0.993101	0.992959	0.012976	0.00337336	0.993101	0.0141824	0.0127474	0.0153471	0.0134006	0.0176534	0.0077584	0.819613	0.819613	
0.00254182	0.993102	0.993102	0.993102	0.993102	0.000929938	5.62737e-12	0.993102	0.00133126	0.993102	0.993101	0.993101	0.0276982	0.0035886	0.993102	0.993102	0.00336143	0.993101	0.992693	0.0256698	0.00324578	0.993101	0.0275037	0.0252946	0.0293357	0.0263558	0.0328845	0.00166822	0.636773	0.636773	
0.00253168	0.993102	0.993102	0.993102	0.993102	0.000696339	5.64995e-12	0.993102	0.000996648	0.993102	0.993101	0.993101	0.210442	0.00335915	0.993102	0.993102	0.00316627	0.993101	0.839442	0.206455	0.00306777	0.993101	0.206001	0.205676	0.209514	0.207838	0.215836	0.00102153	0.584234	0.584234	
0.00252117	0.993102	0.993102	0.993102	0.993102	0.00052122	5.67359e-12	0.993102	0.000745934	0.993102	0.993101	0.993101	0.382457	0.00317	0.993102	0.993102	0.00300891	0.993101	0.646383	0.378562	0.00292638	0.993102	0.377436	0.377794	0.380862	0.379919	0.386949	0.000481188	0.504695	0.504695	
0.00251112	0.993102	0.993102	0.993102	0.993102	0.000390046	5.69635e-12	0.993102	0.000558192	0.993102	0.993101	0.993101	0.530646	0.00301497	0.993102	0.993102	0.0028821	0.993101	0.484494	0.527567	0.00281383	0.993102	0.526552	0.52696	0.529259	0.52864	0.534059	0.000311921	0.50616	0.50616	
0.00250196	0.993102	0.993102	0.993102	0.993102	0.000291894	5.71719e-12	0.993102	0.000417712	0.993102	0.993101	0.993101	0.641346	0.00289202	0.993102	0.993102	0.00278345	0.993101	0.363417	0.638916	0.0027275	0.993102	0.638019	0.638437	0.640154	0.639764	0.643935	0.000316281	0.574753	0.574753	
0.00249389	0.993102	0.993102	0.993102	0.993102	0.000218558	5.73564e-12	0.993102	0.000312704	0.993102	0.993101	0.993101	0.708667	0.00279651	0.993102	0.993102	0.00270845	0.993101	0.285095	0.706522	0.00266296	0.993102	0.705529	0.706098	0.707409	0.707271	0.710727	0.000457716	0.653481	0.653481	
0.00248695	0.993102	0.993102	0.993102	0.993102	0.000164234	5.75159e-12	0.993102	0.000234687	0.993102	0.993101	0.993101	0.702538	0.00272419	0.993102	0.993102	0.00265319	0.993101	0.354442	0.700261	0.00261642	0.993102	0.699102	0.69981	0.70108	0.701057	0.704568	0.000568651	0.694344	0.694344	
0.00248108	0.993102	0.993102	0.993102	0.993102	0.000124458	5.76511e-12	0.993102	0.000177192	0.993102	0.993101	0.993101	0.649007	0.0026695	0.993102	0.993102	0.00261255	0.993101	0.482512	0.646717	0.00258298	0.993102	0.645769	0.646262	0.647748	0.647518	0.651237	0.000711721	0.71893	0.71893	
0.00247619	0.993102	0.993102	0.993102	0.993102	9.56783e-05	5.77639e-12	0.993102	0.000135174	0.993102	0.993101	0.993101	0.578625	0.00262893	0.993102	0.993102	0.00258343	0.993101	0.597707	0.576498	0.00255975	0.993102	0.57606	0.576074	0.577893	0.577242	0.581127	0.000835718	0.758808	0.758808	
0.00247218	0.993102	0.993102	0.993102	0.993102	7.72356e-05	5.78567e-12	0.993102	0.000106884	0.993102	0.993101	0.993101	0.485444	0.00259908	0.993102	0.993102	0.00256283	0.993101	0.694412	0.483629	0.00254391	0.993102	0.48369	0.483265	0.485254	0.484264	0.488012	0.00086953	0.76508	0.76508	
0.00246895	0.993102	0.993102	0.993102	0.993102	6.41807e-05	5.79316e-12	0.993102	8.64777e-05	0.993102	0.993101	0.993101	0.410638	0.00257646	0.993102	0.993102	0.00254762	0.993101	0.767396	0.409115	0.00253249	0.993102	0.409606	0.408807	0.410919	0.40965	0.413231	0.000649761	0.690116	0.690116	
0.00246637	0.993102	0.993102	0.993102	0.993102	4.94561e-05	5.79914e-12	0.993102	6.61588e-05	0.993102	0.993101	0.993101	0.435401	0.00255626	0.993102	0.993102	0.00253331	0.993101	0.786473	0.434046	0.00252119	0.993102	0.434928	0.433762	0.436099	0.434526	0.438153	0.000934375	0.721787	0.721787	
0.00246426	0.993102	0.993102	0.993102	0.993102	3.96872e-05	5.80405e-12	0.993102	5.22358e-05	0.993102	0.993101	0.993101	0.414969	0.00254421	0.993102	0.993102	0.00252599	0.993101	0.826505	0.413803	0.0025163	0.993102	0.415328	0.413553	0.416337	0.414219	0.418103	0.000821222	0.717197	0.717197	
0.00246256	0.993102	0.993102	0.993102	0.993102	3.21469e-05	5.80801e-12	0.993102	4.15772e-05	0.993102	0.993101	0.993101	0.405112	0.00253341	0.993102	0.993102	0.00251897	0.993101	0.854218	0.404117	0.00251122	0.993102	0.406056	0.403899	0.406919	0.404475	0.408425	0.00058121	0.637558	0.637558	
0.0024612	0.993102	0.993102	0.993102	0.993102	2.45549e-05	5.81119e-12	0.993102	3.16171e-05	0.993102	0.993101	0.993101	0.490739	0.00252206	0.993102	0.993102	0.00251062	0.993101	0.741157	0.489916	0.00250442	0.993102	0.491803	0.489732	0.492517	0.490215	0.493761	0.000349478	0.56758	0.56758	
0.00246008	0.993102	0.993102	0.993102	0.993102	1.84976e-05	5.8138e-12	0.993102	2.37828e-05	0.993102	0.993101	0.993101	0.59832	0.00251044	0.993102	0.993102	0.00250139	0.993101	0.564689	0.597682	0.00249645	0.993102	0.599185	0.597538	0.599739	0.597914	0.600703	0.000354194	0.594138	0.594138	
0.00245918	0.993102	0.993102	0.993102	0.993102	1.4052e-05	5.81592e-12	0.993102	1.80082e-05	0.993102	0.993101	0.993101	0.667189	0.0025016	0.993102	0.993102	0.00249447	0.993101	0.449705	0.666686	0.00249054	0.993102	0.667964	0.666571	0.668402	0.666869	0.669161	0.000352383	0.623312	0.623312	
0.00245844	0.993102	0.993102	0.993102	0.993102	1.08925e-05	5.81765e-12	0.993102	1.38555e-05	0.993102	0.993101	0.993101	0.69936	0.00249482	0.993102	0.993102	0.00248921	0.993101	0.406867	0.698955	0.0024861	0.993102	0.700153	0.698861	0.700505	0.699103	0.701116	0.000426541	0.665433	0.665433	
0.00245785	0.993102	0.993102	0.993102	0.993102	9.02657e-06	5.81903e-12	0.993102	1.12512e-05	0.993102	0.993101	0.993101	0.681573	0.00249057	0.993102	0.993102	0.00248616	0.993101	0.474037	0.681237	0.0024837	0.993102	0.682584	0.681158	0.682876	0.681361	0.683382	0.000558029	0.729514	0.729514	
0.00245739	0.993102	0.993102	0.993102	0.993102	9.90188e-06	5.82011e-12	0.993102	1.16018e-05	0.993102	0.993101	0.993101	0.590804	0.00248896	0.993102	0.993102	0.00248549	0.993101	0.595872	0.590529	0.00248353	0.993102	0.592113	0.590462	0.592354	0.590631	0.592769	0.000651331	0.75731	0.75731	
0.00245705	0.993102	0.993102	0.993102	0.993102	1.28872e-05	5.8209e-12	0.993102	1.4231e-05	0.993102	0.993101	0.993101	0.495756	0.00248893	0.993102	0.993102	0.00248617	0.993101	0.692887	0.495531	0.00248458	0.993102	0.497239	0.495473	0.497438	0.495616	0.497778	0.000780098	0.790309	0.790309	
0.00245684	0.993102	0.993102	0.993102	0.993102	2.02152e-05	5.8214e-12	0.993102	2.1387e-05	0.993102	0.993101	0.993101	0.401845	0.00249058	0.993102	0.993102	0.00248832	0.993101	0.767657	0.401661	0.00248697	0.993102	0.403341	0.401612	0.403505	0.401732	0.403783	0.00112844	0.861342	0.861342	
0.00245677	0.993102	0.993102	0.993102	0.993102	5.85965e-05	5.82157e-12	0.993102	6.04654e-05	0.993102	0.993101	0.993101	0.308866	0.00249638	0.993102	0.993102	0.00249441	0.993101	0.824362	0.308722	0.00249314	0.993102	0.310149	0.308682	0.310278	0.308778	0.310496	0.00145292	0.894644	0.894644	
0.00245719	0.993102	0.993102	0.993102	0.993102	0.000128029	5.82056e-12	0.993102	0.000131909	0.993102	0.993101	0.993101	0.235363	0.00250582	0.993102	0.993102	0.00250355	0.993101	0.866827	0.235245	0.00250186	0.993102	0.23642	0.23521	0.236527	0.235291	0.236706	0.00183259	0.929698	0.929698	
0.00245836	0.993102	0.993102	0.993102	0.993102	0.000264637	5.81778e-12	0.993102	0.000273839	0.993102	0.993101	0.993101	0.17823	0.00251957	0.993102	0.993102	0.00251613	0.993101	0.898612	0.17813	0.00251323	0.993102	0.179071	0.178099	0.179162	0.178171	0.179313	0.0023109	0.955799	0.955799	
0.00246093	0.993102	0.993102	0.993102	0.993102	0.000481284	5.8117e-12	0.993102	0.000501552	0.993102	0.993101	0.993101	0.134618	0.00253974	0.993102	0.993102	0.00253348	0.993101	0.922398	0.13453	0.00252788	0.993102	0.135271	0.1345	0.135353	0.134567	0.135488	0.00245684	0.967526	0.967526	
0.00246554	0.993102	0.993102	0.993102	0.993102	0.000720224	5.80085e-12	0.993102	0.000753499	0.993102	0.993101	0.993101	0.10173	0.00256272	0.993102	0.993102	0.00255118	0.993101	0.940196	0.101644	0.00254072	0.993102	0.102218	0.101613	0.102299	0.101681	0.10243	0.0036726	0.988703	0.988703	
0.00247198	0.993102	0.993102	0.993102	0.993102	0.00108046	5.78581e-12	0.993102	0.00114654	0.993102	0.993101	0.993101	0.0767669	0.00260303	0.993102	0.993102	0.00258372	0.993101	0.953514	0.0766836	0.00256628	0.993102	0.0771315	0.0766519	0.0772114	0.0767203	0.0773404	0.00383591	0.999347	0.999347	
0.00248132	0.993102	0.993102	0.993102	0.993102	0.00148562	5.76418e-12	0.993102	0.0015889	0.993102	0.993101	0.993101	0.0579711	0.0026463	0.993102	0.993102	0.00261516	0.993101	0.96348	0.0578851	0.00258757	0.993101	0.0582249	0.0578512	0.0583079	0.0579236	0.0584423	0.00365819	1.00588	1.00588	
0.00249343	0.993102	0.993102	0.993102	0.993102	0.00189837	5.73642e-12	0.993102	0.00203517	0.993102	0.993101	0.993101	0.0438521	0.00268859	0.993102	0.993101	0.00264178	0.993101	0.970937	0.0437586	0.00260113	0.993101	0.044004	0.0437211	0.0440937	0.0438008	0.0442406	0.00410973	1.00706	1.00706	
0.00250776	0.993102	0.993102	0.993102	0.993102	0.00223201	5.70394e-12	0.993102	0.00240365	0.993102	0.993101	0.993101	0.0332804	0.00273948	0.993102	0.993101	0.00267361	0.993101	0.976516	0.0331739	0.0026173	0.993101	0.0333419	0.033131	0.0334429	0.0332222	0.0336111	0.00389069	1.02095	1.02095	
0.00252277	0.993102	0.993102	0.993102	0.993102	0.00275949	5.67025e-12	0.993102	0.00297566	0.993102	0.993101	0.993101	0.0252636	0.00278512	0.993102	0.993101	0.00269902	0.993101	0.980691	0.0251509	0.00262648	0.993101	0.0252565	0.0251055	0.025362	0.0252019	0.0255402	0.00444418	1.03372	1.03372	
0.00254083	0.993102	0.993102	0.993102	0.993102	0.00348343	5.63033e-12	0.993102	0.00377623	0.993102	0.993101	0.993101	0.0191869	0.00284458	0.993102	0.993101	0.00273326	0.993101	0.983816	0.0190708	0.00264076	0.993101	0.0191294	0.0190245	0.0192363	0.0191233	0.0194202	0.0044451	1.04439	1.04439	
0.00256385	0.993102	0.993102	0.993102	0.993102	0.00441131	5.58051e-12	0.993102	0.00479687	0.993102	0.993101	0.993101	0.0145931	0.00291376	0.993102	0.993101	0.00276926	0.993101	0.986153	0.0144731	0.00265145	0.9931	0.0144918	0.0144259	0.0145997	0.014527	0.0147895	0.00513584	1.05464	1.05464	
0.00259345	0.993102	0.993102	0.993102	0.993102	0.00556398	5.51809e-12	0.993102	0.00609485	0.993102	0.993101	0.993101	0.0111172	0.00300948	0.993102	0.9931	0.00281996	0.993101	0.987903	0.0109929	0.00266883	0.9931	0.0109804	0.010945	0.0110888	0.0110483	0.0112856	0.00503339	1.05665	1.05665	
0.0026313	0.993102	0.993102	0.993102	0.993102	0.00663352	5.44079e-12	0.993102	0.00728952	0.993102	0.993101	0.993101	0.00851906	0.00312336	0.993102	0.9931	0.00287372	0.993101	0.989211	0.00838274	0.00268043	0.993099	0.00833811	0.0083318	0.00845114	0.00844265	0.00866628	0.00572576	1.06001	1.06001	
0.00267452	0.993102	0.993102	0.993102	0.993102	0.00768052	5.35519e-12	0.993102	0.008497	0.993102	0.993101	0.993101	0.00656841	0.00326377	0.993102	0.9931	0.00294125	0.993101	0.990191	0.00641739	0.00269862	0.993099	0.00634542	0.00636296	0.00646411	0.00648276	0.00670207	0.00596042	1.05628	1.05628	
0.00272174	0.993102	0.993102	0.993102	0.993102	0.00836524	5.26452e-12	0.993102	0.00930376	0.993102	0.993101	0.993101	0.00513311	0.00341906	0.993102	0.9931	0.00301225	0.993101	0.990924	0.00495728	0.00271548	0.993098	0.00485493	0.00489663	0.00498455	0.00503197	0.00526073	0.00805312	1.06827	1.06827	
0.00276698	0.993102	0.993102	0.993102	0.993102	0.00953067	5.17958e-12	0.993102	0.0107958	0.993102	0.993102	0.993101	0.004011	0.00361011	0.993102	0.993099	0.00311156	0.993101	0.991472	0.00382661	0.00275776	0.993097	0.00371309	0.00376504	0.00384412	0.00390384	0.00413619	0.011885	1.07443	1.07443	
0.00281801	0.993102	0.993102	0.993102	0.993102	0.0107177	5.08745e-12	0.993102	0.0126092	0.993102	0.993102	0.993101	0.00314914	0.00390594	0.993102	0.993099	0.00327568	0.993101	0.991882	0.00295933	0.00284704	0.993096	0.00284374	0.00289864	0.00297455	0.00303728	0.00328246	0.0135741	1.07847	1.07847	
0.00287409	0.993102	0.993102	0.993102	0.993102	0.0119559	4.99008e-12	0.993102	0.0145737	0.993102	0.993102	0.993101	0.00249814	0.00426169	0.993102	0.993099	0.00345435	0.993101	0.992189	0.00229999	0.00294067	0.993095	0.00218262	0.00224072	0.00231304	0.00237877	0.00264208	0.0189715	1.07991	1.07991	
0.00293519	0.993102	0.993102	0.993102	0.993102	0.0127694	4.88828e-12	0.993102	0.0164533	0.993102	0.993102	0.993101	0.00200302	0.0048007	0.993102	0.993099	0.00372978	0.993101	0.992419	0.00179568	0.00310277	0.993093	0.00168115	0.00173861	0.00181231	0.00187479	0.00217239	0.0187106	1.07338	1.07338	
0.00299374	0.993102	0.993102	0.993102	0.993102	0.0130438	4.79347e-12	0.993102	0.0173518	0.993102	0.993102	0.993101	0.00166394	0.00532003	0.993102	0.993099	0.00394854	0.993101	0.992591	0.00142919	0.00321939	0.993092	0.00130784	0.00137228	0.00144558	0.00151327	0.00186556	0.0220618	1.07226	1.07226	
0.00304192	0.993102	0.993102	0.993102	0.993102	0.0129888	4.71632e-12	0.993102	0.0179673	0.993102	0.993102	0.993101	0.00140881	0.00589457	0.993102	0.993099	0.00419886	0.993101	0.99272	0.00115123	0.00336864	0.993091	0.00102757	0.00109554	0.00117158	0.00123853	0.0016504	0.0324414	1.07904	1.07904	
0.0030771	0.993102	0.993102	0.993102	0.993102	0.0127197	4.65983e-12	0.993102	0.0191233	0.993102	0.993102	0.993101	0.00117325	0.0068199	0.993102	0.993099	0.00466982	0.993101	0.992816	0.000919481	0.00370068	0.993088	0.000810646	0.000869213	0.000954192	0.00100202	0.00146269	0.0333651	1.07279	1.07279	
0.00309913	0.993102	0.993102	0.993102	0.993102	0.012094	4.62366e-12	0.993102	0.0192817	0.993102	0.993102	0.993101	0.00101663	0.0076717	0.993102	0.993099	0.00504223	0.993101	0.992888	0.000752594	0.00397103	0.993085	0.000651997	0.000707319	0.000799842	0.000833053	0.00136471	0.0369321	1.0719	1.0719	
0.00310574	0.993102	0.993102	0.993102	0.993102	0.0113506	4.61092e-12	0.993102	0.0191962	0.993102	0.993102	0.993102	0.000893032	0.00851424	0.993102	0.993099	0.00541406	0.993101	0.992942	0.000624347	0.00426175	0.993083	0.000534383	0.000584749	0.000685603	0.000701295	0.00129797	0.0505532	1.08473	1.08473	
0.00309912	0.993102	0.993102	0.993102	0.993102	0.0106927	4.61862e-12	0.993102	0.0203175	0.993102	0.993102	0.993102	0.00074594	0.00998845	0.993102	0.9931	0.00617032	0.993101	0.992982	0.000503243	0.00488061	0.993074	0.000436516	0.000471172	0.00058053	0.000570011	0.00118472	0.0660233	1.09179	1.09179	
0.00308405	0.993102	0.993102	0.993102	0.993102	0.00981421	4.63987e-12	0.993102	0.0218613	0.993102	0.993102	0.993102	0.000609967	0.0125979	0.993102	0.9931	0.00745857	0.993101	0.993012	0.000399546	0.00595147	0.993051	0.000357469	0.000375063	0.000491725	0.000454986	0.0010804	0.0847853	1.09798	1.09798	
0.0030595	0.993102	0.993102	0.993102	0.993102	0.00870772	4.67674e-12	0.993102	0.0236167	0.993102	0.993102	0.993102	0.000489871	0.0172705	0.993102	0.9931	0.00962462	0.993101	0.993035	0.00031292	0.00778585	0.992994	0.00029355	0.000295238	0.000417055	0.00035743	0.000990656	0.0954577	1.10071	1.10071	
0.00302472	0.993102	0.993102	0.993102	0.993102	0.00763007	4.7313e-12	0.993102	0.025003	0.993102	0.993102	0.993102	0.000394005	0.0232334	0.993102	0.9931	0.0120813	0.993101	0.993052	0.000244821	0.00993836	0.99291	0.000243179	0.000232999	0.000356971	0.000280157	0.000926387	0.101408	1.10273	1.10273	
0.00298306	0.993102	0.993102	0.993102	0.993102	0.00669655	4.79896e-12	0.993102	0.0260214	0.993102	0.993102	0.993102	0.00031956	0.0295647	0.993102	0.9931	0.0144084	0.993101	0.993064	0.000192292	0.0120591	0.992814	0.000203803	0.000185404	0.000309054	0.000220233	0.000881092	0.0956871	1.10307	1.10307	
0.00293861	0.993102	0.993102	0.993102	0.993102	0.00608402	4.87331e-12	0.993102	0.0265696	0.993102	0.993102	0.993102	0.000267813	0.0334763	0.993102	0.993101	0.0154932	0.993101	0.993074	0.00015402	0.0131545	0.992774	0.000173718	0.000151778	0.000272076	0.00017638	0.000853684	0.10662	1.10709	1.10709	
0.00289677	0.993102	0.993102	0.993102	0.993102	0.00546499	4.94475e-12	0.993102	0.0273751	0.993102	0.993102	0.993102	0.000222148	0.0393154	0.993102	0.993101	0.0173603	0.993101	0.993081	0.000122764	0.0149631	0.992669	0.000149381	0.000123595	0.000240846	0.000140467	0.000822159	0.112681	1.10771	1.10771	
0.0028569	0.993102	0.993102	0.993102	0.993102	0.00488807	5.01438e-12	0.993102	0.0278887	0.993102	0.993102	0.993102	0.000185881	0.0458944	0.993102	0.993101	0.0194036	0.993101	0.993086	9.84358e-05	0.0169611	0.99254	0.000130554	0.000101619	0.000216429	0.000112442	0.000802232	0.144418	1.11553	1.11553	
0.00281918	0.993102	0.993102	0.993102	0.993102	0.00414206	5.08174e-12	0.993102	0.0292943	0.993102	0.993102	0.993102	0.000148183	0.0642444	0.993102	0.993101	0.0262196	0.993101	0.99309	7.66368e-05	0.0233487	0.991702	0.000113603	8.03196e-05	0.000192597	8.74233e-05	0.00076356	0.17079	1.12284	1.12284	
0.00278089	0.993102	0.993102	0.993102	0.993102	0.00342074	5.15213e-12	0.993102	0.0313466	0.993102	0.993102	0.993102	0.000115785	0.0970349	0.993102	0.993101	0.0385601	0.993101	0.993093	5.88643e-05	0.0350117	0.988878	9.81983e-05	6.24138e-05	0.000169862	6.70667e-05	0.000720583	0.183557	1.12556	1.12556	
0.00274265	0.993102	0.993102	0.993102	0.993102	0.00281507	5.2244e-12	0.993102	0.0331161	0.993102	0.993102	0.993102	9.05449e-05	0.136221	0.993102	0.993101	0.0524662	0.993101	0.993095	4.5161e-05	0.0483882	0.984482	8.51564e-05	4.85222e-05	0.000150508	5.13776e-05	0.000692623	0.189265	1.12914	1.12914	
0.00270609	0.993102	0.993102	0.993102	0.993102	0.00234538	5.29518e-12	0.993102	0.0348898	0.993102	0.993102	0.993102	7.12341e-05	0.174704	0.993102	0.993101	0.0651457	0.993101	0.993097	3.47184e-05	0.0608166	0.979426	7.39713e-05	3.7912e-05	0.000133652	3.94236e-05	0.000671577	0.204	1.13276	1.13276	
0.00267264	0.993102	0.993102	0.993102	0.993102	0.00194277	5.36121e-12	0.993102	0.0367497	0.993102	0.993102	0.993102	5.58919e-05	0.22368	0.993102	0.993102	0.0820422	0.993101	0.993098	2.662e-05	0.0774722	0.969353	6.43171e-05	2.95418e-05	0.000118889	3.01716e-05	0.000655615	0.175835	1.12963	1.12963	
0.00264242	0.993102	0.993102	0.993102	0.993102	0.00175845	5.42194e-12	0.993102	0.0373672	0.993102	0.993102	0.993102	4.70394e-05	0.233954	0.993102	0.993102	0.0813506	0.9931	0.993099	2.11185e-05	0.0772289	0.97109	5.70601e-05	2.44198e-05	0.000108329	2.38235e-05	0.000666141	0.154052	1.12499	1.12499	
0.00261745	0.993102	0.993102	0.993102	0.993102	0.00174183	5.47258e-12	0.993102	0.0369229	0.993102	0.993102	0.993102	4.42687e-05	0.223558	0.993102	0.993102	0.0741119	0.9931	0.9931	1.7837e-05	0.0705937	0.975002	5.22942e-05	2.22769e-05	0.000102049	1.99339e-05	0.000695875	0.149475	1.12467	1.12467	
0.00259856	0.993102	0.993102	0.993102	0.993102	0.00176689	5.51095e-12	0.993102	0.0365299	0.993102	0.993102	0.993102	4.29525e-05	0.211648	0.993102	0.993102	0.0675897	0.9931	0.9931	1.55909e-05	0.0645612	0.97821	4.89658e-05	2.10493e-05	9.7672e-05	1.72395e-05	0.000715889	0.156546	1.12805	1.12805	
0.00258474	0.993102	0.993102	0.993102	0.993102	0.00175318	5.53895e-12	0.993102	0.0368444	0.993102	0.993102	0.993102	3.9989e-05	0.207511	0.993102	0.993102	0.0644569	0.9931	0.993101	1.34869e-05	0.0617347	0.980047	4.59729e-05	1.92729e-05	9.31599e-05	1.4786e-05	0.000715259	0.157399	1.12767	1.12767	
0.00257423	0.993102	0.993102	0.993102	0.993102	0.00173218	5.56029e-12	0.993102	0.0370051	0.993102	0.993102	0.993102	3.77965e-05	0.205595	0.993102	0.993102	0.0623344	0.9931	0.993101	1.18954e-05	0.059838	0.981372	4.36899e-05	1.79346e-05	8.98109e-05	1.29319e-05	0.000718455	0.157909	1.13059	1.13059	
0.00256609	0.993102	0.993102	0.993102	0.993102	0.00173682	5.57685e-12	0.993102	0.0376621	0.993102	0.993102	0.993102	3.56812e-05	0.204834	0.993102	0.993102	0.0608771	0.9931	0.993101	1.0585e-05	0.0585512	0.982204	4.14021e-05	1.67136e-05	8.61037e-05	1.14199e-05	0.000711571	0.133463	1.12313	1.12313	
0.00256006	0.993102	0.993102	0.993102	0.993102	0.00191817	5.58911e-12	0.993102	0.0368198	0.993102	0.993102	0.993102	4.10798e-05	0.188001	0.993102	0.993102	0.0544793	0.9931	0.993102	1.11086e-05	0.0524447	0.984256	4.08298e-05	1.8823e-05	8.60871e-05	1.1846e-05	0.000739791	0.149727	1.1297	1.1297	
0.00255787	0.993102	0.993102	0.993102	0.993102	0.00194881	5.59316e-12	0.993102	0.0374241	0.993102	0.993102	0.993102	3.95451e-05	0.185076	0.993102	0.993101	0.0529986	0.9931	0.993102	1.03314e-05	0.0510374	0.984972	3.94518e-05	1.79901e-05	8.37294e-05	1.09622e-05	0.000729363	0.132831	1.12397	1.12397	
0.00255662	0.993102	0.993102	0.993102	0.993102	0.00210066	5.59532e-12	0.993102	0.0368551	0.993102	0.993102	0.993102	4.3776e-05	0.172559	0.993102	0.993101	0.0485119	0.9931	0.993102	1.09057e-05	0.0467175	0.986331	3.92576e-05	1.96693e-05	8.40513e-05	1.15038e-05	0.000747722	0.134393	1.12652	1.12652	
0.00255764	0.993102	0.993102	0.993102	0.993102	0.00223109	5.59266e-12	0.993102	0.0369305	0.993102	0.993102	0.993102	4.55266e-05	0.163443	0.993102	0.993101	0.0454523	0.9931	0.993102	1.10844e-05	0.0437463	0.987262	3.88117e-05	2.03362e-05	8.34592e-05	1.16574e-05	0.000747093	0.137629	1.13274	1.13274	
0.00256008	0.993102	0.993102	0.993102	0.993102	0.00237276	5.58701e-12	0.993102	0.0382263	0.993102	0.993102	0.993102	4.46683e-05	0.158678	0.993102	0.993101	0.0437754	0.9931	0.993102	1.07144e-05	0.0420886	0.987735	3.73277e-05	1.98501e-05	8.05836e-05	1.12536e-05	0.000725196	0.117998	1.13096	1.13096	
0.00256373	0.993102	0.993102	0.993102	0.993102	0.00278506	5.57882e-12	0.993102	0.038897	0.993102	0.993102	0.993102	5.0557e-05	0.145741	0.993102	0.993101	0.039453	0.9931	0.993102	1.17309e-05	0.0378884	0.988644	3.60603e-05	2.21077e-05	7.86072e-05	1.23148e-05	0.000723971	0.108495	1.12945	1.12945	
0.00257182	0.993102	0.993102	0.993102	0.993102	0.00328721	5.5612e-12	0.993102	0.0392633	0.993102	0.993102	0.993102	5.9768e-05	0.132373	0.993102	0.993101	0.0351302	0.9931	0.993102	1.34071e-05	0.033662	0.989471	3.50733e-05	2.55577e-05	7.74403e-05	1.41092e-05	0.00073371	0.105729	1.12978	1.12978	
0.00258445	0.993102	0.993102	0.993102	0.993102	0.00376534	5.53416e-12	0.993102	0.0398014	0.993102	0.993102	0.993102	6.80934e-05	0.121524	0.993102	0.993101	0.0316527	0.9931	0.993102	1.48921e-05	0.0302196	0.990116	3.40849e-05	2.84686e-05	7.63083e-05	1.57477e-05	0.000742534	0.144645	1.14513	1.14513	
0.00260023	0.993102	0.993102	0.993102	0.993102	0.00364969	5.50087e-12	0.993102	0.0439933	0.993102	0.993102	0.993102	5.90195e-05	0.13598	0.993102	0.993101	0.035187	0.9931	0.993102	1.27851e-05	0.0333159	0.989128	3.10965e-05	2.44327e-05	7.04638e-05	1.35537e-05	0.000701115	0.112025	1.14289	1.14289	
0.00261049	0.993102	0.993102	0.993102	0.993102	0.00424782	5.4791e-12	0.993102	0.0464831	0.993102	0.993102	0.993102	6.33176e-05	0.131556	0.993102	0.993101	0.0324408	0.9931	0.993102	1.28633e-05	0.0306203	0.989676	2.82248e-05	2.51495e-05	6.55776e-05	1.36881e-05	0.000704525	0.138036	1.14793	1.14793	
0.00262616	0.993102	0.993102	0.993102	0.993102	0.00420179	5.4466e-12	0.993102	0.0500363	0.993102	0.993102	0.993102	5.8752e-05	0.148692	0.993102	0.993101	0.0345045	0.9931	0.993102	1.1397e-05	0.0323405	0.98911	2.51282e-05	2.26061e-05	6.0126e-05	1.21713e-05	0.000706881	0.123814	1.14745	1.14745	
0.00263726	0.993102	0.993102	0.993102	0.993102	0.00448705	5.42353e-12	0.993102	0.0525343	0.993102	0.993102	0.993102	6.15512e-05	0.156042	0.993102	0.993101	0.0335879	0.9931	0.993102	1.09051e-05	0.0313604	0.989312	2.23162e-05	2.23813e-05	5.5386e-05	1.16928e-05	0.000738029	0.104379	1.14542	1.14542	
0.0026494	0.993102	0.993102	0.993102	0.993102	0.00527679	5.39859e-12	0.993102	0.0539928	0.993102	0.993102	0.993102	7.59187e-05	0.151889	0.993102	0.9931	0.0304829	0.9931	0.993102	1.18121e-05	0.0283659	0.98991	1.99914e-05	2.54749e-05	5.17438e-05	1.27444e-05	0.000792886	0.0971538	1.14586	1.14586	
0.00266922	0.993102	0.993102	0.993102	0.993102	0.00625421	5.35893e-12	0.993102	0.0556543	0.993102	0.993102	0.993102	9.30586e-05	0.146259	0.993102	0.9931	0.0275255	0.9931	0.993102	1.3021e-05	0.0254771	0.990439	1.79893e-05	2.90327e-05	4.86334e-05	1.41841e-05	0.00084611	0.0904479	1.14389	1.14389	
0.00269757	0.993102	0.993102	0.993102	0.993102	0.00731223	5.30371e-12	0.993102	0.0568931	0.993102	0.993102	0.993102	0.000115714	0.140175	0.993102	0.9931	0.0248107	0.9931	0.993102	1.47181e-05	0.0227898	0.990904	1.63533e-05	3.35147e-05	4.63675e-05	1.62513e-05	0.000914138	0.0978651	1.14735	1.14735	
0.00273372	0.993102	0.993102	0.993102	0.993102	0.00800946	5.23531e-12	0.993102	0.0594958	0.993102	0.993102	0.993102	0.000125546	0.141368	0.993102	0.9931	0.0235423	0.9931	0.993102	1.50157e-05	0.0213647	0.991155	1.47517e-05	3.43994e-05	4.3778e-05	1.67933e-05	0.000959606	0.0902841	1.14673	1.14673	
0.00277078	0.993102	0.993102	0.993102	0.993102	0.00898714	5.16658e-12	0.993102	0.0616887	0.993102	0.993102	0.993102	0.000144883	0.140805	0.993102	0.993099	0.0219642	0.9931	0.993102	1.5952e-05	0.0197006	0.991422	1.33011e-05	3.69917e-05	4.14876e-05	1.81015e-05	0.00102765	0.0858169	1.14751	1.14751	
0.00281279	0.993102	0.993102	0.993102	0.993102	0.0101765	5.09096e-12	0.993102	0.0642267	0.993102	0.993102	0.993102	0.000168271	0.140334	0.993102	0.993099	0.0204949	0.9931	0.993102	1.70132e-05	0.0181424	0.991651	1.1954e-05	3.98492e-05	3.92692e-05	1.96212e-05	0.00110166	0.104332	1.15343	1.15343	
0.00286197	0.993102	0.993102	0.993102	0.993102	0.0104355	5.00558e-12	0.993102	0.0691115	0.993102	0.993102	0.993102	0.000166561	0.156708	0.993102	0.993099	0.0213097	0.9931	0.993102	1.58448e-05	0.0184708	0.991548	1.05132e-05	3.73074e-05	3.63296e-05	1.84993e-05	0.0011515	0.0944796	1.15196	1.15196	
0.0029027	0.993102	0.993102	0.993102	0.993102	0.0111721	4.93552e-12	0.993102	0.0724055	0.993102	0.993102	0.993102	0.000186597	0.168892	0.993102	0.993099	0.0208971	0.993099	0.993102	1.57615e-05	0.0178551	0.991631	9.18818e-06	3.81644e-05	3.36705e-05	1.86541e-05	0.00127106	0.0980286	1.15415	1.15415	
0.00294443	0.993102	0.993102	0.993102	0.993102	0.0117307	4.86569e-12	0.993102	0.0763033	0.993102	0.993102	0.993102	0.000202652	0.186809	0.993102	0.993099	0.021022	0.993099	0.993102	1.52757e-05	0.0176861	0.991625	7.96774e-06	3.80335e-05	3.10072e-05	1.8312e-05	0.00139812	0.104552	1.15705	1.15705	
0.00298431	0.993102	0.993102	0.993102	0.993102	0.011986	4.80041e-12	0.993102	0.0808948	0.993102	0.993102	0.993102	0.000212647	0.214283	0.993102	0.993099	0.0219146	0.993099	0.993102	1.43142e-05	0.0181505	0.991473	6.83432e-06	3.67565e-05	2.82754e-05	1.73486e-05	0.00153908	0.105721	1.15816	1.15816	
0.00301813	0.993102	0.993102	0.993102	0.993102	0.0122056	4.74566e-12	0.993102	0.0850363	0.993102	0.993102	0.993102	0.000229162	0.246099	0.993102	0.993099	0.0227566	0.993099	0.993102	1.34663e-05	0.018612	0.991319	5.82035e-06	3.61061e-05	2.56848e-05	1.64833e-05	0.00173076	0.113195	1.16066	1.16066	
0.00304689	0.993102	0.993102	0.993102	0.993102	0.0120928	4.69964e-12	0.993102	0.0894675	0.993102	0.993102	0.993102	0.000239184	0.288425	0.993102	0.993099	0.0244133	0.993099	0.993102	1.23334e-05	0.0197496	0.990966	4.92204e-06	3.46046e-05	2.31829e-05	1.5215e-05	0.00194497	0.110174	1.16112	1.16112	
0.00306663	0.993102	0.993102	0.993102	0.993102	0.0122046	4.66779e-12	0.993102	0.0928892	0.993102	0.993102	0.993102	0.000264068	0.327258	0.993102	0.993099	0.0252167	0.993099	0.993102	1.16046e-05	0.0202669	0.990788	4.15456e-06	3.46605e-05	2.09418e-05	1.44108e-05	0.0022239	0.107398	1.16129	1.16129	
0.00308316	0.993102	0.993102	0.993102	0.993102	0.0124924	4.64139e-12	0.993102	0.095635	0.993102	0.993102	0.993102	0.000300374	0.361358	0.993102	0.993099	0.0254667	0.993098	0.993102	1.11862e-05	0.0203636	0.990726	3.51762e-06	3.57807e-05	1.90155e-05	1.39779e-05	0.0025419	0.102634	1.16115	1.16115	
0.00310007	0.993102	0.993102	0.993102	0.993102	0.01307	4.61505e-12	0.993102	0.0978911	0.993102	0.993102	0.993102	0.000351299	0.38778	0.993102	0.993099	0.0251024	0.993098	0.993102	1.11314e-05	0.0199725	0.99079	2.99745e-06	3.81166e-05	1.74046e-05	1.4004e-05	0.00288422	0.113258	1.16319	1.16319	
0.0031219	0.993102	0.993102	0.993102	0.993102	0.0129947	4.58222e-12	0.993102	0.101122	0.993102	0.993102	0.993102	0.000370377	0.426432	0.993102	0.993099	0.0263026	0.993098	0.993102	1.04726e-05	0.0207748	0.990512	2.55968e-06	3.75227e-05	1.59378e-05	1.32624e-05	0.00318996	0.12307	1.16498	1.16498	
0.00313704	0.993102	0.993102	0.993102	0.993102	0.0124591	4.55935e-12	0.993102	0.104364	0.993102	0.993102	0.993102	0.000374149	0.475068	0.993102	0.993099	0.0287586	0.993097	0.993102	9.53568e-06	0.0226034	0.989848	2.1843e-06	3.57133e-05	1.45616e-05	1.21276e-05	0.00351929	0.123066	1.16548	1.16548	
0.00313986	0.993102	0.993102	0.993102	0.993102	0.0120281	4.55442e-12	0.993102	0.106504	0.993102	0.993102	0.993102	0.000389296	0.518932	0.993102	0.993099	0.0305022	0.993097	0.993102	8.81767e-06	0.0239712	0.989353	1.87085e-06	3.49642e-05	1.33415e-05	1.12332e-05	0.00390879	0.133916	1.16686	1.16686	
0.00313518	0.993102	0.993102	0.993102	0.993102	0.0112047	4.56062e-12	0.993102	0.108364	0.993102	0.993102	0.993102	0.000384574	0.567997	0.993102	0.9931	0.033797	0.993097	0.993102	7.91551e-06	0.0266455	0.988235	1.61286e-06	3.30157e-05	1.22626e-05	1.00813e-05	0.00427617	0.143146	1.16753	1.16753	
0.00311889	0.993102	0.993102	0.993102	0.993102	0.0101844	4.5844e-12	0.993102	0.109263	0.993102	0.993102	0.993102	0.000370202	0.61703	0.993102	0.9931	0.0381678	0.993097	0.993102	7.00383e-06	0.0303386	0.986498	1.40515e-06	3.07354e-05	1.13429e-05	8.89591e-06	0.00463559	0.157724	1.16837	1.16837	
0.00309114	0.993102	0.993102	0.993102	0.993102	0.0089364	4.62636e-12	0.993102	0.109342	0.993102	0.993102	0.993102	0.00033979	0.667019	0.993102	0.9931	0.0451831	0.993096	0.993102	6.03477e-06	0.0364296	0.982921	1.24342e-06	2.76968e-05	1.05806e-05	7.62994e-06	0.00493204	0.172424	1.16889	1.16889	
0.00305176	0.993102	0.993102	0.993102	0.993102	0.00763087	4.68798e-12	0.993102	0.108448	0.993102	0.993102	0.993102	0.000300704	0.714312	0.993102	0.9931	0.0551267	0.993096	0.993102	5.10122e-06	0.0453401	0.976335	1.12458e-06	2.43729e-05	9.98499e-06	6.40943e-06	0.00514327	0.185069	1.17043	1.17043	
0.0030033	0.993102	0.993102	0.993102	0.993102	0.00642817	4.76652e-12	0.993102	0.107274	0.993102	0.993102	0.993102	0.000258756	0.755709	0.993102	0.993101	0.0674255	0.993096	0.993102	4.25802e-06	0.0567355	0.965676	1.04178e-06	2.10805e-05	9.51275e-06	5.30961e-06	0.00520825	0.204095	1.17106	1.17106	
0.00294998	0.993102	0.993102	0.993102	0.993102	0.00528418	4.85594e-12	0.993102	0.105574	0.993102	0.993102	0.993102	0.000215356	0.794153	0.993102	0.993101	0.0862344	0.993096	0.993102	3.48378e-06	0.0744715	0.943056	9.91893e-07	1.77409e-05	9.18199e-06	4.31149e-06	0.00517884	0.238203	1.17202	1.17202	
0.00289424	0.993102	0.993102	0.993102	0.993102	0.00418763	4.95269e-12	0.993102	0.103705	0.993102	0.993102	0.993102	0.000171215	0.832232	0.993102	0.993101	0.125555	0.993095	0.993102	2.7544e-06	0.11201	0.8699	9.70344e-07	1.42618e-05	8.96519e-06	3.39019e-06	0.00505024	0.264514	1.17253	1.17253	
0.00283767	0.993102	0.993102	0.993102	0.993102	0.00326699	5.05433e-12	0.993102	0.101565	0.993102	0.993102	0.993102	0.00013358	0.86495	0.993102	0.993101	0.181055	0.993095	0.993102	2.14735e-06	0.166229	0.751798	9.74848e-07	1.12526e-05	8.86084e-06	2.63063e-06	0.00485879	0.293011	1.17286	1.17286	
0.00278311	0.993102	0.993102	0.993102	0.993102	0.00251787	5.15545e-12	0.993102	0.099319	0.993102	0.993102	0.993102	0.000102772	0.89236	0.993102	0.993102	0.255826	0.993095	0.993102	1.65528e-06	0.240661	0.607449	1.00364e-06	8.74442e-06	8.86189e-06	2.02018e-06	0.00462072	0.321458	1.17368	1.17368	
0.0027325	0.993102	0.993102	0.993102	0.993102	0.00192497	5.25184e-12	0.993102	0.0973522	0.993102	0.993102	0.993102	7.8336e-05	0.914694	0.993102	0.993102	0.345834	0.993095	0.993102	1.2656e-06	0.331496	0.470904	1.05055e-06	6.72116e-06	8.92734e-06	1.54004e-06	0.00434368	0.347993	1.17399	1.17399	
0.00268698	0.993102	0.993102	0.993102	0.993102	0.00146405	5.3406e-12	0.993102	0.0955186	0.993102	0.993102	0.993102	5.93914e-05	0.932498	0.993102	0.993102	0.441459	0.993096	0.993102	9.62791e-07	0.42882	0.35831	1.11198e-06	5.13164e-06	9.05346e-06	1.16876e-06	0.00406444	0.373315	1.17426	1.17426	
0.00264705	0.993102	0.993102	0.993102	0.993102	0.00110957	5.42008e-12	0.993102	0.0938765	0.993102	0.993102	0.993102	4.48724e-05	0.946497	0.993102	0.993102	0.534556	0.993096	0.993102	7.29886e-07	0.523994	0.270313	1.18414e-06	3.90013e-06	9.22357e-06	8.84287e-07	0.00379412	0.39524	1.17482	1.17482	
0.00261268	0.993102	0.993102	0.993102	0.993102	0.000839306	5.48968e-12	0.993102	0.0925883	0.993102	0.993102	0.993102	3.38344e-05	0.957361	0.993102	0.993102	0.618218	0.993096	0.993101	5.52184e-07	0.609694	0.203183	1.26047e-06	2.95607e-06	9.40428e-06	6.67852e-07	0.00353626	0.414999	1.17524	1.17524	
0.00258357	0.993102	0.993102	0.993102	0.993102	0.000634105	5.54954e-12	0.993102	0.0915759	0.993102	0.993102	0.993102	2.54807e-05	0.965743	0.993102	0.993102	0.690154	0.993096	0.993101	4.17211e-07	0.683431	0.15245	1.3362e-06	2.23676e-06	9.58328e-06	5.03829e-07	0.00330284	0.438634	1.17553	1.17553	
0.00255922	0.993102	0.993102	0.993102	0.993102	0.00047826	5.60025e-12	0.993102	0.0907684	0.993102	0.993102	0.993102	1.91637e-05	0.97223	0.993102	0.993102	0.751887	0.993096	0.9931	3.14682e-07	0.746682	0.114234	1.40843e-06	1.6889e-06	9.75441e-06	3.79528e-07	0.00309857	0.457663	1.17602	1.17602	
0.00253905	0.993102	0.993102	0.993102	0.993102	0.000360459	5.64272e-12	0.993102	0.0902373	0.993102	0.993102	0.993102	1.44033e-05	0.977202	0.993102	0.993102	0.802462	0.993096	0.993099	2.37156e-07	0.798474	0.0855523	1.47307e-06	1.27393e-06	9.89882e-06	2.85694e-07	0.00291991	0.477979	1.17616	1.17616	
0.0025225	0.993102	0.993102	0.993102	0.993102	0.000271444	5.67792e-12	0.993102	0.0898004	0.993102	0.993102	0.993102	1.0819e-05	0.981012	0.993102	0.993102	0.843586	0.993096	0.993098	1.78579e-07	0.840553	0.0640489	1.53026e-06	9.59967e-07	1.00274e-05	2.14906e-07	0.002772	0.501832	1.17614	1.17614	
0.002509	0.993102	0.993102	0.993102	0.993102	0.000204178	5.70686e-12	0.993102	0.0893952	0.993102	0.993102	0.993102	8.12075e-06	0.983934	0.993102	0.993102	0.87691	0.993096	0.993095	1.34321e-07	0.874618	0.0479383	1.5815e-06	7.22465e-07	1.01474e-05	1.61507e-07	0.00265134	0.513245	1.17666	1.17666	
0.00249808	0.993102	0.993102	0.993102	0.993102	0.000153634	5.73047e-12	0.993102	0.0892465	0.993102	0.993102	0.993102	6.09609e-06	0.986144	0.993102	0.993102	0.902709	0.993096	0.993092	1.01057e-07	0.90098	0.0358785	1.62303e-06	5.43851e-07	1.02314e-05	1.21402e-07	0.00254599	0.540329	1.1764	1.1764	
0.00248927	0.993102	0.993102	0.993102	0.993102	0.000115453	5.74962e-12	0.993102	0.0889902	0.993102	0.993102	0.993102	4.57289e-06	0.987838	0.993102	0.993102	0.923443	0.993096	0.993087	7.59386e-08	0.922143	0.0268493	1.65944e-06	4.08846e-07	1.03157e-05	9.11627e-08	0.0024667	0.551911	1.17661	1.17661	
0.00248221	0.993102	0.993102	0.993102	0.993102	8.67819e-05	5.76506e-12	0.993102	0.0888529	0.993102	0.993102	0.993102	3.43064e-06	0.989117	0.993102	0.993102	0.939372	0.993096	0.993081	5.70758e-08	0.938395	0.0200921	1.68972e-06	3.07422e-07	1.03811e-05	6.84681e-08	0.00239932	0.556875	1.17663	1.17663	
0.00247658	0.993102	0.993102	0.993102	0.993102	6.52912e-05	5.77746e-12	0.993102	0.0887326	0.993102	0.993102	0.993102	2.57506e-06	0.990078	0.993102	0.993102	0.951441	0.993096	0.993076	4.29375e-08	0.950707	0.0150356	1.71498e-06	2.31386e-07	1.04367e-05	5.14623e-08	0.00234572	0.566197	1.17718	1.17718	
0.00247209	0.993102	0.993102	0.993102	0.993102	4.91531e-05	5.78736e-12	0.993102	0.0888503	0.993102	0.993102	0.993102	1.93338e-06	0.990804	0.993102	0.993102	0.960717	0.993097	0.99307	3.23171e-08	0.960167	0.0112516	1.73127e-06	1.74247e-07	1.04553e-05	3.86961e-08	0.00229697	0.581241	1.17654	1.17654	
0.00246854	0.993102	0.993102	0.993102	0.993102	3.69971e-05	5.79524e-12	0.993102	0.0886644	0.993102	0.993102	0.993102	1.45162e-06	0.991357	0.993102	0.993102	0.967972	0.993097	0.993061	2.4323e-08	0.96756	0.00841966	1.74725e-06	1.31217e-07	1.04971e-05	2.90964e-08	0.00227005	0.587823	1.1771	1.1771	
0.00246573	0.993102	0.993102	0.993102	0.993102	2.78764e-05	5.8015e-12	0.993102	0.0887426	0.993102	0.993102	0.993102	1.09044e-06	0.991774	0.993102	0.993102	0.973511	0.993097	0.993052	1.83226e-08	0.973202	0.00630053	1.75763e-06	9.89053e-08	1.05084e-05	2.18944e-08	0.00223976	0.597138	1.17706	1.17706	
0.00246352	0.993102	0.993102	0.993102	0.993102	2.10188e-05	5.80645e-12	0.993102	0.0887775	0.993102	0.993102	0.993102	8.19482e-07	0.992089	0.993102	0.993102	0.977789	0.993097	0.993041	1.38119e-08	0.977557	0.00471474	1.76443e-06	7.4607e-08	1.05149e-05	1.64846e-08	0.00221921	0.625215	1.17589	1.17589	
0.00246177	0.993102	0.993102	0.993102	0.993102	1.58166e-05	5.81035e-12	0.993102	0.0883255	0.993102	0.993102	0.993102	6.15259e-07	0.992333	0.993102	0.993102	0.98127	0.993097	0.993013	1.03944e-08	0.981096	0.00352796	1.77958e-06	5.61762e-08	1.05807e-05	1.23943e-08	0.00221746	0.625617	1.17788	1.17788	
0.00246041	0.993102	0.993102	0.993102	0.993102	1.19269e-05	5.81342e-12	0.993102	0.0887907	0.993102	0.993102	0.993102	4.62315e-07	0.992516	0.993102	0.993102	0.983878	0.993097	0.992996	7.83438e-09	0.983748	0.00263993	1.78111e-06	4.23659e-08	1.05478e-05	9.33086e-09	0.00218492	0.622954	1.17813	1.17813	
0.00245934	0.993102	0.993102	0.993102	0.993102	9.0219e-06	5.81584e-12	0.993102	0.0892422	0.993102	0.993102	0.993102	3.48006e-07	0.992652	0.993102	0.993102	0.985809	0.993097	0.992985	5.92162e-09	0.985712	0.00197546	1.77174e-06	3.20517e-08	1.04854e-05	7.0414e-09	0.00216767	0.636346	1.17809	1.17809	
0.0024585	0.993102	0.993102	0.993102	0.993102	6.82521e-06	5.81773e-12	0.993102	0.0895609	0.993102	0.993102	0.993102	2.62016e-07	0.992757	0.993102	0.993102	0.987346	0.993097	0.992965	4.47645e-09	0.987273	0.00147822	1.75724e-06	2.42542e-08	1.04175e-05	5.31434e-09	0.00216489	0.632694	1.17958	1.17958	
0.00245784	0.993102	0.993102	0.993102	0.993102	5.18956e-06	5.81921e-12	0.993102	0.0904202	0.993102	0.993102	0.993102	1.97767e-07	0.992835	0.993102	0.993102	0.988473	0.993097	0.992957	3.39709e-09	0.988419	0.00110617	1.72847e-06	1.84335e-08	1.02756e-05	4.02406e-09	0.00215369	0.639625	1.17924	1.17924	
0.00245734	0.993102	0.993102	0.993102	0.993102	3.9545e-06	5.82036e-12	0.993102	0.0909198	0.993102	0.993102	0.993102	1.49532e-07	0.992895	0.993102	0.993102	0.989358	0.993097	0.992943	2.58357e-09	0.989317	0.000827752	1.69568e-06	1.40472e-08	1.01435e-05	3.05272e-09	0.00216766	0.643146	1.17925	1.17925	
0.00245694	0.993102	0.993102	0.993102	0.993102	3.02551e-06	5.82126e-12	0.993102	0.0912966	0.993102	0.993102	0.993102	1.13363e-07	0.99294	0.993102	0.993102	0.99004	0.993096	0.99293	1.97201e-09	0.990009	0.000619419	1.66311e-06	1.07501e-08	1.00199e-05	2.32306e-09	0.00218919	0.640278	1.17939	1.17939	
0.00245663	0.993102	0.993102	0.993102	0.993102	2.3345e-06	5.82196e-12	0.993102	0.0916369	0.993102	0.993102	0.993102	8.64055e-08	0.992974	0.993102	0.993102	0.990534	0.993096	0.992923	1.51657e-09	0.990511	0.000463536	1.63176e-06	8.2984e-09	9.90233e-06	1.77925e-09	0.0022123	0.652397	1.1793	1.1793	
0.00245639	0.993102	0.993102	0.993102	0.993102	1.80214e-06	5.82251e-12	0.993102	0.0918537	0.993102	0.993102	0.993102	6.59133e-08	0.993001	0.993102	0.993102	0.990963	0.993096	0.992903	1.16702e-09	0.990946	0.000346877	1.60375e-06	6.41081e-09	9.8023e-06	1.36358e-09	0.00223847	0.655641	1.17956	1.17956	
0.00245621	0.993102	0.993102	0.993102	0.993102	1.40058e-06	5.82293e-12	0.993102	0.0921224	0.993102	0.993102	0.993102	5.05049e-08	0.993021	0.993102	0.993102	0.991298	0.993096	0.992885	9.03289e-10	0.991285	0.000259581	1.57758e-06	4.98561e-09	9.70508e-06	1.05037e-09	0.00226016	0.661023	1.17863	1.17863	
0.00245606	0.993102	0.993102	0.993102	0.993102	1.09394e-06	5.82326e-12	0.993102	0.0919345	0.993102	0.993102	0.993102	3.8886e-08	0.993037	0.993102	0.993102	0.99157	0.993096	0.992861	7.03384e-10	0.99156	0.000194256	1.56092e-06	3.90403e-09	9.66358e-06	8.13436e-10	0.00229369	0.657107	1.17899	1.17899	
0.00245595	0.993102	0.993102	0.993102	0.993102	8.68583e-07	5.82351e-12	0.993102	0.0919422	0.993102	0.993102	0.993102	3.02641e-08	0.993048	0.993102	0.993102	0.991758	0.993096	0.99285	5.55831e-10	0.991751	0.000145379	1.54863e-06	3.10683e-09	9.62453e-06	6.3818e-10	0.00231007	0.671542	1.17869	1.17869	
0.00245587	0.993102	0.993102	0.993102	0.993102	6.8719e-07	5.82371e-12	0.993102	0.0918234	0.993102	0.993102	0.993102	2.35254e-08	0.993058	0.993102	0.993102	0.991948	0.993096	0.992817	4.38153e-10	0.991943	0.000108796	1.54157e-06	2.46463e-09	9.60919e-06	4.99772e-10	0.00232603	0.673038	1.17842	1.17842	
0.0024558	0.993102	0.993102	0.993102	0.993102	5.50168e-07	5.82386e-12	0.993102	0.0916228	0.993102	0.993102	0.993102	1.84577e-08	0.993066	0.993102	0.993102	0.992095	0.993096	0.992787	3.49559e-10	0.992091	8.14209e-05	1.54018e-06	1.98037e-09	9.61638e-06	3.95666e-10	0.00233833	0.669167	1.17934	1.17934	
0.00245575	0.993102	0.993102	0.993102	0.993102	4.51256e-07	5.82398e-12	0.993102	0.0918581	0.993102	0.993102	0.993102	1.47104e-08	0.993071	0.993102	0.993102	0.992193	0.993096	0.992777	2.84587e-10	0.99219	6.09393e-05	1.53516e-06	1.62572e-09	9.58713e-06	3.19088e-10	0.00233198	0.680934	1.17845	1.17845	
0.00245571	0.993102	0.993102	0.993102	0.993102	3.68387e-07	5.82407e-12	0.993102	0.091658	0.993102	0.993102	0.993102	1.17376e-08	0.993076	0.993102	0.993102	0.992299	0.993096	0.99274	2.31472e-10	0.992297	4.56082e-05	1.53467e-06	1.33279e-09	9.59709e-06	2.57288e-10	0.00234334	0.67855	1.17976	1.17976	
0.00245568	0.993102	0.993102	0.993102	0.993102	3.08737e-07	5.82415e-12	0.993102	0.0920607	0.993102	0.993102	0.993102	9.523e-09	0.993079	0.993102	0.993102	0.992373	0.993096	0.992725	1.92129e-10	0.992371	3.41372e-05	1.52733e-06	1.11564e-09	9.55122e-06	2.11447e-10	0.00233174	0.683338	1.18029	1.18029	
0.00245565	0.993102	0.993102	0.993102	0.993102	2.61401e-07	5.8242e-12	0.993102	0.0925878	0.993102	0.993102	0.993102	7.80205e-09	0.993082	0.993102	0.993102	0.992439	0.993096	0.992705	1.60781e-10	0.992438	2.55519e-05	1.51186e-06	9.42073e-10	9.47316e-06	1.75236e-10	0.00232626	0.684526	1.18064	1.18064	
0.00245563	0.993102	0.993102	0.993102	0.993102	2.25479e-07	5.82424e-12	0.993102	0.0931356	0.993102	0.993102	0.993102	6.50772e-09	0.993084	0.993102	0.993102	0.992492	0.993096	0.992688	1.36807e-10	0.992491	1.91275e-05	1.49002e-06	8.1004e-10	9.374e-06	1.47623e-10	0.00233031	0.688241	1.18066	1.18066	
0.00245562	0.993102	0.993102	0.993102	0.993102	1.96468e-07	5.82428e-12	0.993102	0.0935505	0.993102	0.993102	0.993102	5.50489e-09	0.993086	0.993102	0.993102	0.99254	0.993096	0.992667	1.17683e-10	0.992539	1.43192e-05	1.46582e-06	7.04769e-10	9.27437e-06	1.25776e-10	0.00234623	0.689945	1.18065	1.18065	
0.00245561	0.993102	0.993102	0.993102	0.993102	1.73828e-07	5.8243e-12	0.993102	0.0938598	0.993102	0.993102	0.993102	4.74353e-09	0.993088	0.993102	0.993102	0.992579	0.993096	0.992647	1.0286e-10	0.992578	1.07209e-05	1.44195e-06	6.23493e-10	9.18126e-06	1.08916e-10	0.00236823	0.69707	1.18022	1.18022	
0.0024556	0.993102	0.993102	0.993102	0.993102	1.53123e-07	5.82432e-12	0.993102	0.093903	0.993102	0.993102	0.993102	4.10247e-09	0.993089	0.993102	0.993102	0.992622	0.993096	0.99261	8.99162e-11	0.992621	8.02689e-06	1.42285e-06	5.51165e-10	9.11735e-06	9.44477e-11	0.00239775	0.706214	1.18095	1.18095	
0.00245559	0.993102	0.993102	0.993102	0.993102	1.34063e-07	5.82434e-12	0.993102	0.0942533	0.993102	0.993102	0.993102	3.52439e-09	0.993091	0.993102	0.993102	0.992669	0.993096	0.992557	7.79084e-11	0.992668	6.00953e-06	1.40293e-06	4.81928e-10	9.03472e-06	8.12992e-11	0.00241175	0.704323	1.1806	1.1806	
0.00245559	0.993102	0.993102	0.993102	0.993102	1.20407e-07	5.82435e-12	0.993102	0.0943611	0.993102	0.993102	0.993102	3.11945e-09	0.993092	0.993102	0.993102	0.992701	0.993096	0.992521	6.9412e-11	0.992701	4.50029e-06	1.38571e-06	4.33827e-10	8.97317e-06	7.19492e-11	0.0024354	0.70479	1.18087	1.18087	
0.00245559	0.993102	0.993102	0.993102	0.993102	1.10113e-07	5.82436e-12	0.993102	0.0945606	0.993102	0.993102	0.993102	2.8114e-09	0.993093	0.993102	0.993102	0.992726	0.993096	0.992495	6.28908e-11	0.992725	3.3709e-06	1.36955e-06	3.96913e-10	8.91023e-06	6.47893e-11	0.00245235	0.711556	1.18088	1.18088	
0.00245558	0.993102	0.993102	0.993102	0.993102	9.98812e-08	5.82436e-12	0.993102	0.0947157	0.993102	0.993102	0.993102	2.52372e-09	0.993094	0.993102	0.993102	0.992754	0.993096	0.99245	5.66225e-11	0.992754	2.52499e-06	1.35472e-06	3.60377e-10	8.85381e-06	5.80431e-11	0.00246989	0.714299	1.1807	1.1807	
0.00245558	0.993102	0.993102	0.993102	0.993102	9.12296e-08	5.82437e-12	0.993102	0.0947507	0.993102	0.993102	0.993102	2.29002e-09	0.993094	0.993102	0.993102	0.992779	0.993096	0.992404	5.14556e-11	0.992778	1.89176e-06	1.34281e-06	3.30067e-10	8.81301e-06	5.25186e-11	0.00248936	0.71676	1.18093	1.18093	
0.00245558	0.993102	0.993102	0.993102	0.993102	8.40364e-08	5.82437e-12	0.993102	0.0948763	0.993102	0.993102	0.993102	2.09464e-09	0.993095	0.993102	0.993102	0.9928	0.993096	0.992361	4.71133e-11	0.9928	1.4177e-06	1.33194e-06	3.04263e-10	8.77091e-06	4.79087e-11	0.00250188	0.715015	1.18111	1.18111	
0.00245558	0.993102	0.993102	0.993102	0.993102	7.9274e-08	5.82438e-12	0.993102	0.0950499	0.993102	0.993102	0.993102	1.96251e-09	0.993095	0.993102	0.993102	0.992814	0.993096	0.992338	4.41373e-11	0.992814	1.06312e-06	1.32097e-06	2.8692e-10	8.72601e-06	4.47325e-11	0.00251211	0.709583	1.18146	1.18146	
0.00245557	0.993102	0.993102	0.993102	0.993102	7.7722e-08	5.82438e-12	0.993102	0.0953345	0.993102	0.993102	0.993102	1.90894e-09	0.993096	0.993102	0.993102	0.992817	0.993096	0.992344	4.28601e-11	0.992817	7.98351e-07	1.30824e-06	2.80505e-10	8.66968e-06	4.33055e-11	0.00251968	0.710162	1.1817	1.1817	
0.00245557	0.993102	0.993102	0.993102	0.993102	7.64343e-08	5.82438e-12	0.993102	0.0956505	0.993102	0.993102	0.993102	1.86668e-09	0.993096	0.993102	0.993102	0.992821	0.993096	0.992349	4.17454e-11	0.992821	6.00151e-07	1.29361e-06	2.7501e-10	8.60539e-06	4.20787e-11	0.00252961	0.707299	1.18168	1.18168	
0.00245557	0.993102	0.993102	0.993102	0.993102	7.65418e-08	5.82438e-12	0.993102	0.0958798	0.993102	0.993102	0.993102	1.86696e-09	0.993096	0.993102	0.993102	0.992819	0.993096	0.992363	4.14849e-11	0.992819	4.52184e-07	1.27881e-06	2.75196e-10	8.54463e-06	4.17343e-11	0.00254543	0.705688	1.18135	1.18135	
0.00245557	0.993102	0.993102	0.993102	0.993102	7.71225e-08	5.82439e-12	0.993102	0.0959049	0.993102	0.993102	0.993102	1.89033e-09	0.993096	0.993102	0.993102	0.992816	0.993096	0.992377	4.16967e-11	0.992815	3.41695e-07	1.26697e-06	2.78422e-10	8.5036e-06	4.18833e-11	0.00256768	0.706031	1.18161	1.18161	
0.00245557	0.993102	0.993102	0.993102	0.993102	7.75231e-08	5.82439e-12	0.993102	0.0960362	0.993102	0.993102	0.993102	1.90243e-09	0.993096	0.993102	0.993102	0.992813	0.993096	0.992387	4.17281e-11	0.992813	2.58957e-07	1.25621e-06	2.80007e-10	8.46103e-06	4.18677e-11	0.0025816	0.71225	1.18158	1.18158	
0.00245557	0.993102	0.993102	0.993102	0.993102	7.5497e-08	5.82439e-12	0.993102	0.0961239	0.993102	0.993102	0.993102	1.85688e-09	0.993096	0.993102	0.993102	0.99282	0.993096	0.992372	4.05247e-11	0.99282	1.96327e-07	1.24669e-06	2.73007e-10	8.42467e-06	4.06292e-11	0.00259579	0.708812	1.18178	1.18178	
0.00245557	0.993102	0.993102	0.993102	0.993102	7.53002e-08	5.82439e-12	0.993102	0.096277	0.993102	0.993102	0.993102	1.85342e-09	0.993096	0.993102	0.993102	0.992821	0.993096	0.992376	4.02465e-11	0.992821	1.49828e-07	1.23728e-06	2.72136e-10	8.38548e-06	4.03247e-11	0.0026061	0.712459	1.18143	1.18143	
0.00245557	0.993102	0.993102	0.993102	0.993102	7.37069e-08	5.82439e-12	0.993102	0.0962366	0.993102	0.993102	0.993102	1.82392e-09	0.993096	0.993102	0.993102	0.992826	0.993096	0.992362	3.94058e-11	0.992826	1.14656e-07	1.23052e-06	2.67354e-10	8.36452e-06	3.94643e-11	0.00262261	0.715828	1.18166	1.18166	
0.00245557	0.993102	0.993102	0.993102	0.993102	7.14605e-08	5.82439e-12	0.993102	0.0963101	0.993102	0.993102	0.993102	1.77078e-09	0.993096	0.993102	0.993102	0.992835	0.993096	0.99234	3.81304e-11	0.992835	8.80065e-08	1.22452e-06	2.59294e-10	8.34064e-06	3.81742e-11	0.00263071	0.712418	1.18135	1.18135	
0.00245557	0.993102	0.993102	0.993102	0.993102	7.08196e-08	5.82439e-12	0.993102	0.0962255	0.993102	0.993102	0.993102	1.76375e-09	0.993096	0.993102	0.993102	0.992837	0.993096	0.992334	3.78453e-11	0.992837	6.84055e-08	1.22107e-06	2.57944e-10	8.33301e-06	3.78781e-11	0.00264301	0.72354	1.18133	1.18133	
0.00245557	0.993102	0.993102	0.993102	0.993102	6.68747e-08	5.82439e-12	0.993102	0.0961538	0.993102	0.993102	0.993102	1.66993e-09	0.993097	0.993102	0.993102	0.992851	0.993096	0.992281	3.57774e-11	0.992851	5.28224e-08	1.21965e-06	2.44118e-10	8.33166e-06	3.58019e-11	0.0026502	0.720856	1.18172	1.18172	
0.00245557	0.993102	0.993102	0.993102	0.993102	6.48035e-08	5.82439e-12	0.993102	0.0962713	0.993102	0.993102	0.993102	1.61511e-09	0.993097	0.993102	0.993102	0.992859	0.993096	0.992257	3.458e-11	0.992859	4.13335e-08	1.21707e-06	2.36094e-10	8.3173e-06	3.45984e-11	0.00264845	0.713022	1.18196	1.18196	
0.00245557	0.993102	0.993102	0.993102	0.993102	6.58404e-08	5.82439e-12	0.993102	0.0964643	0.993102	0.993102	0.993102	1.63607e-09	0.993097	0.993102	0.993102	0.992856	0.993096	0.992275	3.49651e-11	0.992856	3.33905e-08	1.21226e-06	2.39002e-10	8.29177e-06	3.49789e-11	0.00264709	0.71085	1.18147	1.18147	
0.00245557	0.993102	0.993102	0.993102	0.993102	6.72099e-08	5.82439e-12	0.993102	0.0963933	0.993102	0.993102	0.993102	1.67863e-09	0.993097	0.993102	0.993102	0.99285	0.993096	0.992293	3.57505e-11	0.99285	2.7697e-08	1.2093e-06	2.44841e-10	8.285e-06	3.57609e-11	0.00265781	0.708412	1.18198	1.18198	
0.00245557	0.993102	0.993102	0.993102	0.993102	6.93244e-08	5.82439e-12	0.993102	0.0965643	0.993102	0.993102	0.993102	1.727e-09	0.993097	0.993102	0.993102	0.992843	0.993096	0.992319	3.6715e-11	0.992843	2.36842e-08	1.20487e-06	2.51708e-10	8.26174e-06	3.67227e-11	0.00265708	0.708557	1.18165	1.18165	
0.00245557	0.993102	0.993102	0.993102	0.993102	7.07279e-08	5.82439e-12	0.993102	0.0965483	0.993102	0.993102	0.993102	1.76816e-09	0.993097	0.993102	0.993102	0.992837	0.993096	0.992336	3.74732e-11	0.992837	2.06839e-08	1.20146e-06	2.57332e-10	8.25079e-06	3.7479e-11	0.00266551	0.707766	1.18238	1.18238	
0.00245557	0.993102	0.993102	0.993102	0.993102	7.23625e-08	5.82439e-12	0.993102	0.0968611	0.993102	0.993102	0.993102	1.79917e-09	0.993096	0.993102	0.993102	0.992832	0.993096	0.992356	3.80514e-11	0.992832	1.84893e-08	1.19472e-06	2.61594e-10	8.21303e-06	3.80558e-11	0.00266153	0.709886	1.1824	1.1824	
0.00245557	0.993102	0.993102	0.993102	0.993102	7.27861e-08	5.82439e-12	0.993102	0.0971037	0.993102	0.993102	0.993102	1.80818e-09	0.993096	0.993102	0.993102	0.992831	0.993096	0.992364	3.80649e-11	0.992831	1.66012e-08	1.18589e-06	2.62307e-10	8.17126e-06	3.80681e-11	0.00266666	0.716876	1.18263	1.18263	
0.00245557	0.993102	0.993102	0.993102	0.993102	7.07459e-08	5.82439e-12	0.993102	0.0973875	0.993102	0.993102	0.993102	1.75672e-09	0.993097	0.993102	0.993102	0.99284	0.993096	0.992345	3.67852e-11	0.99284	1.45042e-08	1.17513e-06	2.5417e-10	8.12096e-06	3.67877e-11	0.00267395	0.719654	1.18246	1.18246	
