0.25	0.25	0.25	0.998264	0.25	0.748882	0.748264	0.998264	0.998263	2.63265e-21	0.25	0.000618156	0.25	0.25	0.000618156	0.25	0.000618156	0.000618156	2.63265e-21	0.25	1.27727e-12	1.27727e-12	5.42631e-30	0.000618156	0.000618156	0.25	0.25	0	0	0	
0.25	0.25	0.25	0.998264	0.25	0.748882	0.748264	0.998264	0.998263	2.63265e-21	0.25	0.000618156	0.25	0.25	0.000618156	0.25	0.000618156	0.000618156	2.63265e-21	0.25	1.27727e-12	1.27727e-12	5.42631e-30	0.000618156	0.000618156	0.25	0.25	0	0	0	
0.437034	0.437066	0.437066	0.996964	0.437066	0.560365	0.559898	0.996964	0.992423	6.06428e-17	0.437066	0.245855	0.437066	0.437066	0.250462	0.437066	0.00108837	0.00108837	4.10565e-19	0.437066	1.97219e-10	4.26979e-06	1.31022e-25	0.245855	0.0010807	0.437066	0.437066	0.00470639	0.00470639	0.00470639	
0.575655	0.57704	0.57704	0.995992	0.57704	0.419301	0.418952	0.995992	0.750433	1.51496e-13	0.57704	0.433962	0.57704	0.57704	0.437412	0.57704	0.00149974	0.00149749	2.03614e-17	0.57704	9.47661e-09	0.124562	2.75631e-22	0.433961	0.00142477	0.57704	0.57704	0.0130233	0.0130239	0.0130239	
0.65968	0.681778	0.681778	0.995265	0.681778	0.313748	0.313486	0.995265	0.561556	7.05083e-11	0.681778	0.574717	0.681778	0.681778	0.577299	0.681778	0.00192929	0.0644107	4.21856e-16	0.681778	1.91731e-07	0.343114	1.02993e-15	0.574715	0.0525627	0.681778	0.681778	0.0237922	0.023819	0.023819	
0.635692	0.76015	0.76015	0.99472	0.76015	0.234766	0.23457	0.99472	0.420192	9.2252e-09	0.76015	0.680039	0.76015	0.760144	0.681972	0.76015	0.00244215	0.282146	4.55295e-15	0.760149	2.03111e-06	0.50674	1.0635e-10	0.680036	0.264344	0.76015	0.76015	0.0359919	0.0364394	0.0364394	
0.52901	0.818792	0.818792	0.994313	0.818792	0.175667	0.17552	0.994313	0.314415	4.67579e-07	0.818792	0.758848	0.818792	0.81852	0.760295	0.818792	0.00309877	0.460097	3.0427e-14	0.818791	1.31966e-05	0.629175	5.49114e-07	0.758844	0.445679	0.818792	0.818792	0.0475398	0.0503536	0.0503536	
0.415038	0.862673	0.862673	0.994008	0.862673	0.131445	0.131336	0.994008	0.235265	1.16376e-05	0.862673	0.817818	0.862673	0.858046	0.818901	0.862673	0.00391673	0.594149	1.45905e-13	0.86267	5.77888e-05	0.720789	0.000301337	0.817812	0.583143	0.862673	0.862673	0.0568707	0.0651647	0.0651647	
0.318861	0.895506	0.895506	0.99378	0.895506	0.0983555	0.0982736	0.99378	0.17604	0.000169587	0.895506	0.861944	0.895506	0.860116	0.862754	0.895506	0.00485271	0.694554	5.59696e-13	0.895501	0.000182922	0.78934	0.0277596	0.861934	0.686249	0.895506	0.895506	0.0638803	0.0805772	0.0805772	
0.242946	0.920075	0.920075	0.993609	0.920075	0.0735959	0.0735345	0.993609	0.131725	0.00164246	0.920075	0.894961	0.920075	0.790475	0.895567	0.920075	0.00583855	0.769701	1.832e-12	0.920067	0.000447971	0.840634	0.216802	0.894947	0.763455	0.920074	0.920075	0.0689448	0.0963708	0.0963708	
0.184459	0.938458	0.938459	0.993482	0.938459	0.0550691	0.0550232	0.993482	0.0985647	0.0113883	0.938458	0.919667	0.938458	0.667775	0.92012	0.938459	0.00680824	0.825936	5.3272e-12	0.938446	0.000899261	0.879016	0.406386	0.919648	0.821243	0.938456	0.938458	0.0724814	0.112382	0.112382	
0.139874	0.952214	0.952214	0.993386	0.952214	0.0412062	0.0411719	0.993386	0.0737524	0.0556439	0.952214	0.938153	0.952214	0.53802	0.938492	0.952214	0.00770995	0.868016	1.4146e-11	0.952195	0.00154845	0.907736	0.553043	0.938127	0.86449	0.95221	0.952214	0.0748472	0.128489	0.128489	
0.106068	0.962507	0.962507	0.993315	0.962507	0.0308331	0.0308074	0.993315	0.0551862	0.170454	0.962507	0.951986	0.962505	0.423828	0.95224	0.962507	0.00850938	0.899504	3.49905e-11	0.962479	0.00236804	0.929225	0.663515	0.95195	0.896853	0.962498	0.962507	0.0763255	0.144603	0.144603	
0.0805094	0.970209	0.970209	0.993261	0.970209	0.0230713	0.0230521	0.993261	0.0412938	0.329768	0.970209	0.962336	0.970203	0.330395	0.962526	0.970209	0.00918838	0.923065	8.18193e-11	0.970169	0.00330255	0.945306	0.74635	0.962287	0.92107	0.970191	0.970209	0.0771366	0.160656	0.160656	
0.0612214	0.975972	0.975972	0.993221	0.975972	0.0172634	0.017249	0.993221	0.0308987	0.481252	0.975972	0.970081	0.97596	0.256407	0.970223	0.975972	0.0097417	0.940696	1.82881e-10	0.975914	0.00428578	0.957338	0.808389	0.970014	0.939189	0.975941	0.975971	0.0774484	0.176602	0.176602	
0.046682	0.980284	0.980284	0.993191	0.980284	0.0129176	0.0129068	0.993191	0.0231203	0.60517	0.980284	0.975876	0.980259	0.198773	0.975983	0.980284	0.0101732	0.953888	3.94044e-10	0.980203	0.00525563	0.966341	0.854832	0.975785	0.952746	0.980234	0.980281	0.0773894	0.192404	0.192404	
0.0357302	0.983511	0.983511	0.993169	0.983511	0.00966575	0.0096577	0.993169	0.0173001	0.701199	0.983511	0.980213	0.983465	0.154283	0.980292	0.983511	0.0104925	0.963759	8.23702e-10	0.983397	0.00616293	0.973078	0.889593	0.980089	0.962887	0.983433	0.983504	0.0770555	0.208037	0.208037	
0.0274852	0.985926	0.985926	0.993152	0.985926	0.00723253	0.0072265	0.993152	0.012945	0.77412	0.985925	0.983457	0.985848	0.12012	0.983517	0.985926	0.0107123	0.971145	1.67871e-09	0.985769	0.00697446	0.978119	0.915605	0.98329	0.970472	0.985808	0.985913	0.0765211	0.223484	0.223484	
0.0212803	0.987732	0.987732	0.993139	0.987732	0.00541184	0.00540733	0.993139	0.00968631	0.829043	0.987732	0.985885	0.987608	0.0939722	0.98593	0.987732	0.0108466	0.976672	3.34804e-09	0.987519	0.00767217	0.981891	0.935067	0.985661	0.976142	0.987561	0.98771	0.0758417	0.238731	0.238731	
0.0166119	0.989084	0.989084	0.99313	0.989084	0.00404948	0.00404611	0.99313	0.00724791	0.870268	0.989084	0.987702	0.988894	0.0739955	0.987735	0.989084	0.0109092	0.980808	6.55329e-09	0.988796	0.00825025	0.984713	0.949625	0.987403	0.980377	0.988841	0.989048	0.0750573	0.25377	0.25377	
0.0131002	0.990096	0.990096	0.993123	0.990096	0.00303008	0.00302755	0.993123	0.00542335	0.901161	0.990095	0.989061	0.989814	0.0587485	0.989086	0.990096	0.010913	0.983903	1.26169e-08	0.989709	0.00871162	0.986825	0.96051	0.988663	0.983536	0.989756	0.99004	0.0742018	0.268595	0.268595	
0.0104591	0.990852	0.990852	0.993118	0.990852	0.0022673	0.00226541	0.993118	0.00405809	0.924294	0.990852	0.990078	0.990448	0.047115	0.990097	0.990852	0.0108696	0.986218	2.39334e-08	0.990337	0.00906506	0.988405	0.968643	0.989552	0.985887	0.990385	0.99077	0.0732985	0.283205	0.283205	
0.00847291	0.991419	0.991419	0.993114	0.991419	0.00169654	0.00169512	0.993114	0.00303652	0.941611	0.991418	0.99084	0.990852	0.038236	0.990854	0.991419	0.0107893	0.987951	4.47906e-08	0.990735	0.00932242	0.989587	0.974711	0.990145	0.987629	0.990785	0.991298	0.0723637	0.297597	0.297597	
0.00697941	0.991843	0.991843	0.993111	0.991843	0.00126946	0.0012684	0.993111	0.00227212	0.954571	0.991842	0.991409	0.991061	0.0314536	0.99142	0.991843	0.0106804	0.989247	8.27857e-08	0.990942	0.00949673	0.990472	0.97923	0.990497	0.988909	0.990992	0.991671	0.0712502	0.31177	0.31177	
0.00585645	0.99216	0.99216	0.993109	0.99216	0.000949889	0.000949097	0.993109	0.00170015	0.96427	0.992159	0.991835	0.991102	0.0262567	0.991843	0.99216	0.0105421	0.990218	1.51527e-07	0.99098	0.00959311	0.991134	0.982582	0.990645	0.989837	0.99103	0.99192	0.0701558	0.325727	0.325727	
0.00501215	0.992397	0.992397	0.993107	0.992397	0.000710767	0.000710174	0.993107	0.00127216	0.971528	0.992396	0.992154	0.990983	0.0222666	0.99216	0.992397	0.010384	0.990943	2.74436e-07	0.990861	0.00962735	0.99163	0.985051	0.990608	0.990493	0.990911	0.992067	0.0690923	0.339467	0.339467	
0.00437739	0.992574	0.992574	0.993106	0.992574	0.000531842	0.000531398	0.993106	0.000951911	0.976959	0.992574	0.992393	0.990706	0.0191953	0.992397	0.992574	0.0102136	0.991487	4.91767e-07	0.990584	0.00961329	0.992	0.986849	0.990392	0.990932	0.990633	0.992127	0.0680501	0.352994	0.352994	
0.00390019	0.992707	0.992707	0.993105	0.992707	0.000397958	0.000397625	0.993105	0.000712282	0.981023	0.992706	0.992571	0.990259	0.0168228	0.992575	0.992707	0.0100362	0.991893	8.7216e-07	0.990139	0.00956191	0.992278	0.988129	0.989993	0.991196	0.990187	0.992105	0.0670363	0.366308	0.366308	
0.00354146	0.992807	0.992807	0.993104	0.992807	0.000297778	0.000297529	0.993104	0.000532977	0.984063	0.992806	0.992705	0.989625	0.0149822	0.992708	0.992807	0.00985584	0.992197	1.53136e-06	0.989507	0.00948253	0.992485	0.989002	0.989395	0.991308	0.989554	0.992004	0.0660317	0.379413	0.379413	
0.00327178	0.992881	0.992881	0.993104	0.992881	0.000222817	0.00022263	0.993104	0.00039881	0.986339	0.99288	0.992805	0.988774	0.0135458	0.992807	0.992881	0.00967465	0.992425	2.66336e-06	0.988659	0.00938178	0.992641	0.989548	0.988573	0.991285	0.988704	0.99182	0.0650594	0.392312	0.392312	
0.00306906	0.992937	0.992937	0.993103	0.992937	0.000166727	0.000166586	0.993103	0.000298419	0.988041	0.992936	0.99288	0.987668	0.0124177	0.992881	0.992937	0.00949517	0.992595	4.58882e-06	0.987557	0.00926609	0.992757	0.989819	0.987491	0.991129	0.9876	0.991544	0.0641486	0.405007	0.405007	
0.00291668	0.992978	0.992978	0.993103	0.992978	0.000124757	0.00012465	0.993103	0.000223301	0.989315	0.992977	0.992936	0.986255	0.0115263	0.992937	0.992978	0.00932052	0.992722	7.8314e-06	0.986148	0.00914179	0.992844	0.989847	0.986097	0.990837	0.98619	0.991162	0.0631843	0.417498	0.417498	
0.00280214	0.99301	0.99301	0.993103	0.99301	9.3353e-05	9.32711e-05	0.993103	0.000167094	0.990269	0.993009	0.992977	0.98448	0.0108123	0.992978	0.99301	0.00914787	0.992818	1.32555e-05	0.984377	0.00900877	0.992909	0.989647	0.984337	0.990397	0.984417	0.990654	0.0625095	0.429796	0.429796	
0.00271605	0.993033	0.993033	0.993103	0.993033	6.98549e-05	6.97914e-05	0.993103	0.000125038	0.990982	0.993032	0.993009	0.982244	0.0102455	0.99301	0.993033	0.0089898	0.992889	2.21853e-05	0.982147	0.00888174	0.992957	0.989219	0.982115	0.98979	0.982185	0.989994	0.0616149	0.441896	0.441896	
0.00265134	0.99305	0.99305	0.993103	0.99305	5.22728e-05	5.22224e-05	0.993103	9.35718e-05	0.991516	0.993049	0.993032	0.979483	0.00978093	0.993033	0.99305	0.0088338	0.992943	3.68723e-05	0.979391	0.00875003	0.992994	0.98855	0.979365	0.988986	0.979427	0.989151	0.0607902	0.453803	0.453803	
0.0026027	0.993063	0.993063	0.993102	0.993063	3.91177e-05	3.90761e-05	0.993102	7.00292e-05	0.991915	0.993062	0.99305	0.976084	0.00939715	0.99305	0.993063	0.00868289	0.992983	6.07818e-05	0.975997	0.00861807	0.993021	0.987615	0.975977	0.987949	0.976031	0.988084	0.0599907	0.465517	0.465517	
0.00256615	0.993073	0.993073	0.993102	0.993073	2.92752e-05	2.92392e-05	0.993102	5.24166e-05	0.992214	0.993072	0.993063	0.971927	0.0090759	0.993063	0.993073	0.00853736	0.993012	9.93754e-05	0.971845	0.00848727	0.993042	0.986375	0.971828	0.986633	0.971877	0.986745	0.0591822	0.477045	0.477045	
0.00253867	0.99308	0.99308	0.993102	0.99308	2.19118e-05	2.18786e-05	0.993102	3.92418e-05	0.992438	0.99308	0.993073	0.966876	0.00880198	0.993073	0.99308	0.008396	0.993035	0.000161227	0.9668	0.00835735	0.993057	0.984781	0.966786	0.984981	0.966829	0.985074	0.0584696	0.488389	0.488389	
0.00251802	0.993086	0.993086	0.993102	0.993086	1.64038e-05	1.6371e-05	0.993102	2.93889e-05	0.992605	0.993085	0.99308	0.960757	0.00856804	0.99308	0.993086	0.00826204	0.993051	0.000259343	0.960687	0.00823226	0.993068	0.982767	0.960675	0.982923	0.960714	0.983003	0.0577272	0.499552	0.499552	
0.0025025	0.99309	0.99309	0.993102	0.99309	1.22844e-05	1.22498e-05	0.993102	2.20226e-05	0.99273	0.993089	0.993086	0.95341	0.00836347	0.993086	0.99309	0.00813285	0.993064	0.000414026	0.953345	0.00810994	0.993077	0.980256	0.953335	0.98038	0.95337	0.980448	0.0569895	0.510543	0.510543	
0.00249084	0.993093	0.993093	0.993102	0.993093	9.20476e-06	9.16609e-06	0.993102	1.65186e-05	0.992824	0.993092	0.99309	0.944647	0.00818161	0.99309	0.993093	0.00800784	0.993073	0.000656157	0.944587	0.00799022	0.993083	0.977156	0.944579	0.977254	0.94461	0.977313	0.053999	0.562884	0.562884	
0.00248207	0.993095	0.993095	0.993102	0.993095	6.92617e-06	6.85866e-06	0.993102	1.24739e-05	0.992894	0.993094	0.993093	0.912158	0.00793438	0.993093	0.993095	0.0078035	0.99308	0.00344373	0.912096	0.00778999	0.993088	0.963939	0.912088	0.964024	0.91212	0.964084	0.0506331	0.611127	0.611127	
0.00247549	0.993097	0.993097	0.993102	0.993097	5.2909e-06	5.13208e-06	0.993102	9.63198e-06	0.992946	0.993096	0.993095	0.845499	0.00763201	0.993095	0.993097	0.00753347	0.993086	0.0228092	0.845432	0.00752312	0.993092	0.930621	0.845425	0.930702	0.845458	0.930773	0.0484045	0.65562	0.65562	
0.00247054	0.993098	0.993098	0.993102	0.993098	4.2347e-06	3.84015e-06	0.993102	7.93324e-06	0.992986	0.993097	0.993097	0.744075	0.00733221	0.993097	0.993098	0.00725803	0.99309	0.105341	0.744008	0.00725012	0.993094	0.866093	0.744001	0.866176	0.744033	0.86626	0.0469018	0.696633	0.696633	
0.00246682	0.993099	0.993099	0.993102	0.993099	3.81392e-06	2.87345e-06	0.993102	7.58488e-06	0.993015	0.993098	0.993098	0.623587	0.00706012	0.993098	0.993099	0.00700424	0.993093	0.264742	0.623524	0.00699819	0.993096	0.768624	0.623519	0.768706	0.623548	0.768799	0.045473	0.734245	0.734245	
0.00246403	0.9931	0.9931	0.993102	0.9931	4.26257e-06	2.1501e-06	0.993102	9.17354e-06	0.993037	0.993099	0.993099	0.504188	0.00681246	0.993099	0.9931	0.00677031	0.993095	0.430783	0.504134	0.00676567	0.993098	0.6514	0.50413	0.651476	0.504154	0.65157	0.043633	0.769001	0.769001	
0.00246196	0.993101	0.993101	0.993102	0.993101	6.1185e-06	1.60884e-06	0.993102	1.38743e-05	0.993053	0.9931	0.9931	0.398244	0.00657233	0.9931	0.993101	0.00654037	0.993096	0.567953	0.398197	0.00653677	0.993099	0.53234	0.398194	0.532409	0.398214	0.532499	0.0427539	0.800928	0.800928	
0.00246042	0.993101	0.993101	0.993102	0.993101	1.02237e-05	1.20384e-06	0.993102	2.36572e-05	0.993066	0.9931	0.9931	0.309724	0.00636737	0.993101	0.993101	0.00634284	0.993098	0.673761	0.309682	0.00633997	0.9931	0.424245	0.309681	0.424307	0.309696	0.424393	0.0413014	0.830631	0.830631	
0.00245933	0.993101	0.993101	0.993102	0.993101	1.81787e-05	9.0079e-07	0.993102	4.1751e-05	0.993075	0.9931	0.993101	0.238563	0.0061733	0.993101	0.993101	0.00615391	0.993098	0.753789	0.238527	0.00615147	0.9931	0.332444	0.238526	0.3325	0.238538	0.332585	0.0497874	0.857743	0.857743	
0.0024586	0.993102	0.993102	0.993102	0.993102	2.88883e-05	6.7403e-07	0.993102	7.26122e-05	0.993082	0.993101	0.993101	0.181898	0.00628815	0.993101	0.993102	0.00627148	0.993099	0.813888	0.181865	0.00626905	0.993101	0.257693	0.181865	0.257745	0.181875	0.25783	0.0465868	0.882741	0.882741	
0.0024582	0.993102	0.993102	0.993102	0.993102	4.84937e-05	5.04353e-07	0.993102	0.000122563	0.993087	0.993101	0.993101	0.138314	0.00627319	0.993102	0.993102	0.00625709	0.9931	0.858952	0.138283	0.00625438	0.993101	0.198312	0.138283	0.198363	0.138291	0.19845	0.0388116	0.904926	0.904926	
0.00245813	0.993102	0.993102	0.993102	0.993102	8.52551e-05	3.77391e-07	0.993102	0.000198109	0.993091	0.993101	0.993101	0.105155	0.00604007	0.993102	0.993102	0.00602276	0.9931	0.892705	0.105124	0.00601944	0.993101	0.151933	0.105125	0.151982	0.105132	0.152073	0.0351939	0.924885	0.924885	
0.00245854	0.993102	0.993102	0.993102	0.993102	0.000142371	2.82389e-07	0.993102	0.000307038	0.993094	0.993101	0.993101	0.0798871	0.00577592	0.993102	0.993102	0.00575522	0.9931	0.917971	0.0798542	0.00575062	0.993101	0.116064	0.0798558	0.116115	0.0798623	0.116211	0.0366865	0.94471	0.94471	
0.00245955	0.993102	0.993102	0.993102	0.993102	0.000220153	2.11303e-07	0.993102	0.000466288	0.993096	0.993101	0.993101	0.0605669	0.00562177	0.993102	0.993102	0.00559414	0.993101	0.936881	0.0605327	0.00558705	0.993101	0.0884432	0.0605342	0.0884952	0.060541	0.0885972	0.0356889	0.96308	0.96308	
0.00246127	0.993102	0.993102	0.993102	0.993102	0.00033259	1.58112e-07	0.993102	0.000691382	0.993097	0.993101	0.993102	0.0458825	0.00548898	0.993102	0.993102	0.00545025	0.993101	0.951032	0.0458465	0.00543942	0.993101	0.0672778	0.0458479	0.0673319	0.0458551	0.0674397	0.0397754	0.980556	0.980556	
0.00246395	0.993102	0.993102	0.993102	0.993102	0.000469214	1.18311e-07	0.993102	0.00100501	0.993099	0.993101	0.993102	0.0347012	0.00551073	0.993102	0.993102	0.00545275	0.993101	0.961622	0.0346642	0.00543558	0.9931	0.0511088	0.0346655	0.0511651	0.0346731	0.0512788	0.0428315	0.996655	0.996655	
0.00246765	0.993102	0.993102	0.993102	0.993102	0.000638608	8.85291e-08	0.993102	0.00142811	0.993099	0.993101	0.993102	0.0262205	0.00563366	0.993102	0.993102	0.00554471	0.993101	0.969546	0.0261828	0.00551827	0.993099	0.0387909	0.026184	0.0388494	0.0261917	0.0389694	0.04004	1.00996	1.00996	
0.00247254	0.993102	0.993102	0.993102	0.993102	0.000877058	6.62445e-08	0.993102	0.00195604	0.9931	0.993101	0.993102	0.0198299	0.00566836	0.993102	0.993102	0.00553912	0.993101	0.975476	0.0197901	0.00550178	0.993098	0.0294376	0.0197916	0.0294987	0.0197993	0.0296269	0.0521655	1.02307	1.02307	
0.00247918	0.993102	0.993102	0.993102	0.993102	0.0010673	4.95698e-08	0.993102	0.00262688	0.993101	0.993101	0.993102	0.0149676	0.00612926	0.993102	0.993102	0.00592216	0.993101	0.979913	0.014928	0.00586354	0.993096	0.0223359	0.0149297	0.0223996	0.014937	0.0225362	0.0723026	1.03578	1.03578	
0.00248654	0.993102	0.993102	0.993102	0.993102	0.00115572	3.70927e-08	0.993102	0.00347494	0.993101	0.993101	0.993102	0.0112687	0.00747545	0.993102	0.993102	0.0070909	0.993101	0.983233	0.0112322	0.00699145	0.993087	0.0169455	0.0112341	0.017011	0.0112403	0.0171558	0.0712003	1.04574	1.04574	
0.00249316	0.993102	0.993102	0.993102	0.993102	0.0013117	2.77566e-08	0.993102	0.00444615	0.993101	0.993101	0.993102	0.00849179	0.00851687	0.993102	0.993102	0.0079126	0.993101	0.985717	0.00845672	0.00777923	0.993079	0.0128635	0.00845932	0.0129303	0.008464	0.0130853	0.0760076	1.05593	1.05593	
0.00250008	0.993102	0.993102	0.993102	0.993102	0.00148225	2.07707e-08	0.993102	0.0056005	0.993102	0.993101	0.993102	0.00640017	0.00971299	0.993102	0.993102	0.00879635	0.993101	0.987576	0.00636642	0.00862293	0.993067	0.00976901	0.0063698	0.00983653	0.00637289	0.0100018	0.0737295	1.06453	1.06453	
0.00250743	0.993102	0.993102	0.993102	0.993102	0.00173548	1.55433e-08	0.993102	0.0069045	0.993102	0.993101	0.993102	0.00483153	0.01061	0.993102	0.993102	0.00934025	0.993101	0.988967	0.00479775	0.00913078	0.993056	0.00742498	0.00480212	0.00749303	0.00480361	0.00766967	0.0764714	1.07401	1.07401	
0.00251615	0.993102	0.993102	0.993102	0.993102	0.0020224	1.16319e-08	0.993102	0.00847253	0.993102	0.993101	0.993102	0.00365034	0.0116531	0.993102	0.993101	0.00991552	0.993101	0.990008	0.0036166	0.00966007	0.993041	0.00564584	0.00362175	0.00571372	0.00362192	0.00590076	0.102346	1.08099	1.08099	
0.00252635	0.993102	0.993102	0.993102	0.993102	0.00201546	8.70516e-09	0.993102	0.0101766	0.993102	0.993101	0.993102	0.00275078	0.0152777	0.993102	0.993101	0.0123185	0.993101	0.990787	0.00271996	0.0119368	0.99297	0.00429767	0.0027251	0.00436553	0.00272452	0.00456519	0.102754	1.08619	1.08619	
0.00253389	0.993102	0.993102	0.993102	0.993102	0.00206049	6.51517e-09	0.993102	0.0118636	0.993102	0.993101	0.993102	0.00207684	0.0184952	0.993102	0.993101	0.0141551	0.993101	0.99137	0.00204758	0.0136782	0.992906	0.00327735	0.00205304	0.00334512	0.0020515	0.00356057	0.0878633	1.09209	1.09209	
0.00254011	0.993102	0.993102	0.993102	0.993102	0.00237952	4.87647e-09	0.993102	0.0136562	0.993102	0.993101	0.993102	0.00157775	0.0194824	0.993102	0.993101	0.0142797	0.993101	0.991806	0.0015469	0.0137761	0.992895	0.00250341	0.00155345	0.00257052	0.00155045	0.00280173	0.0737177	1.09221	1.09221	
0.00254888	0.993102	0.993102	0.993102	0.993102	0.00290792	3.65028e-09	0.993102	0.0150695	0.993102	0.993101	0.993102	0.00121432	0.0191664	0.993102	0.993101	0.013492	0.993101	0.992132	0.00117703	0.0129861	0.992912	0.00192034	0.00118574	0.00198838	0.00118064	0.00224377	0.0782877	1.09597	1.09597	
0.00256231	0.993102	0.993102	0.993102	0.993102	0.00330878	2.73276e-09	0.993102	0.0166068	0.993102	0.993101	0.993102	0.00093886	0.019646	0.993102	0.993101	0.0132001	0.993101	0.992376	0.000897274	0.0126482	0.992915	0.00147781	0.000907156	0.00154641	0.000900965	0.00182355	0.0758111	1.09439	1.09439	
0.00257762	0.993102	0.993102	0.993102	0.993102	0.00364774	2.04619e-09	0.993102	0.0176768	0.993102	0.993102	0.993102	0.000737376	0.0200673	0.993102	0.993101	0.012857	0.993101	0.992559	0.00068934	0.0122554	0.992922	0.00114516	0.000700702	0.00121574	0.00069333	0.00152322	0.0658523	1.09542	1.09542	
0.00259355	0.993102	0.993102	0.993102	0.993102	0.00420762	1.53246e-09	0.993102	0.0186562	0.993102	0.993102	0.993102	0.000595248	0.0196199	0.993102	0.993101	0.0120839	0.993101	0.992696	0.000537257	0.0114619	0.99294	0.000893574	0.000550708	0.000965903	0.000541866	0.00130203	0.0684767	1.09489	1.09489	
0.00261294	0.993102	0.993102	0.993102	0.993102	0.00456803	1.14803e-09	0.993102	0.0194524	0.993102	0.993102	0.993102	0.000488778	0.0197183	0.993102	0.993101	0.0116657	0.993101	0.992798	0.000422578	0.0109906	0.99295	0.000703892	0.000437318	0.000778452	0.000427832	0.0011448	0.0678599	1.07143	1.07143	
0.0026323	0.993102	0.993102	0.993102	0.993102	0.00433184	8.60366e-10	0.993102	0.0180686	0.993102	0.993102	0.993102	0.000438218	0.0198891	0.993102	0.993101	0.0113394	0.993101	0.992875	0.000349495	0.0106085	0.992969	0.000580918	0.000368152	0.000670137	0.000356611	0.00113799	0.0705932	1.05629	1.05629	
0.0026436	0.993102	0.993102	0.993102	0.993102	0.00387517	6.45125e-10	0.993102	0.0161007	0.993102	0.993102	0.993102	0.000415792	0.0200134	0.993102	0.993101	0.0112276	0.993101	0.992932	0.000304185	0.0104553	0.992987	0.000512613	0.000326975	0.000623399	0.000313371	0.00121179	0.0728186	1.06819	1.06819	
0.00264595	0.993102	0.993102	0.993102	0.993102	0.00365453	4.8408e-10	0.993102	0.0152544	0.993102	0.993102	0.993102	0.000372367	0.0199373	0.993102	0.993101	0.0112415	0.993101	0.992975	0.000259779	0.0104541	0.992995	0.000450636	0.000282678	0.000566456	0.000269244	0.00116929	0.0748305	1.03674	1.03674	
0.00264477	0.993102	0.993102	0.993102	0.993102	0.00311828	3.63583e-10	0.993102	0.0131192	0.993102	0.993102	0.993102	0.000385291	0.0199116	0.993102	0.993101	0.0113543	0.993101	0.993007	0.000252339	0.0105599	0.99301	0.000467872	0.000279452	0.000614552	0.000263815	0.00135064	0.07382	1.0208	1.0208	
0.00263682	0.993102	0.993102	0.993102	0.993102	0.00261209	2.73433e-10	0.993102	0.0110324	0.993102	0.993102	0.993102	0.000425711	0.0194008	0.993102	0.993101	0.01135	0.993101	0.99303	0.00027014	0.010585	0.993024	0.000547888	0.000302425	0.000733453	0.000283959	0.001611	0.0647521	1.02498	1.02498	
0.00262426	0.993102	0.993102	0.993102	0.993102	0.00231046	2.05992e-10	0.993102	0.00954979	0.993102	0.993102	0.993102	0.000457954	0.0179858	0.993102	0.993101	0.0108542	0.993101	0.993048	0.000291823	0.0101626	0.993038	0.000609779	0.000327023	0.000811256	0.000306971	0.0017137	0.0692123	1.02603	1.02603	
0.00261095	0.993102	0.993102	0.993102	0.993102	0.00205734	1.55536e-10	0.993102	0.00845197	0.993102	0.993102	0.993102	0.000460354	0.0170307	0.993102	0.993101	0.0106859	0.993101	0.993061	0.000298692	0.0100538	0.993046	0.000665141	0.000333351	0.000871754	0.000313824	0.00175142	0.0667854	0.997555	0.997555	
0.00259773	0.993102	0.993102	0.993102	0.993102	0.0017327	1.17789e-10	0.993102	0.00705765	0.993102	0.993102	0.993102	0.000553333	0.0160048	0.993102	0.993102	0.0104275	0.993101	0.993071	0.000372486	0.00985734	0.993056	0.000885071	0.000411913	0.00113011	0.000390064	0.00210292	0.0678873	1.00865	1.00865	
0.00258369	0.993102	0.993102	0.993102	0.993102	0.00152947	8.95536e-11	0.993102	0.00618414	0.993102	0.993101	0.993102	0.000568844	0.0151302	0.993102	0.993102	0.0102718	0.993101	0.993078	0.000395466	0.00976189	0.993063	0.000992548	0.000433659	0.00123928	0.000412733	0.00217426	0.0837248	0.907829	0.907829	
0.00257059	0.993102	0.993102	0.993102	0.993102	0.00116688	6.84317e-11	0.993102	0.004747	0.993102	0.993101	0.993102	0.00124154	0.0154856	0.993102	0.993102	0.0110496	0.993101	0.993043	0.000933461	0.010568	0.993071	0.00329932	0.00100305	0.00390533	0.000966133	0.00591984	0.0772266	0.93468	0.93468	
0.00255619	0.993102	0.993102	0.993102	0.993102	0.000916198	5.26373e-11	0.993102	0.00375368	0.993102	0.993101	0.993102	0.00144234	0.0150496	0.993102	0.993102	0.0112053	0.993101	0.993046	0.00112319	0.010778	0.993078	0.00406918	0.00119623	0.00472213	0.00115765	0.00681697	0.0658952	0.883144	0.883144	
0.00254226	0.993102	0.993102	0.993102	0.993102	0.000704639	4.08262e-11	0.993102	0.00288001	0.993102	0.993101	0.993102	0.0028055	0.0139223	0.993102	0.993102	0.0107202	0.993101	0.992985	0.00232745	0.0103585	0.993083	0.00767896	0.00243999	0.008612	0.00238057	0.0114299	0.0607584	0.896425	0.896425	
0.00252919	0.993102	0.993102	0.993102	0.993102	0.000554602	3.19945e-11	0.993102	0.00224716	0.993102	0.993101	0.993102	0.0035174	0.0127397	0.993102	0.993102	0.0101223	0.993101	0.992975	0.00300616	0.00982244	0.993088	0.00945489	0.00312792	0.0104243	0.00306376	0.0132695	0.0495988	0.87481	0.87481	
0.00251753	0.993102	0.993102	0.993102	0.993102	0.000437042	2.53903e-11	0.993102	0.00174093	0.993102	0.993101	0.993102	0.00528194	0.0113476	0.993102	0.993102	0.00925246	0.993101	0.992932	0.0046738	0.0090097	0.993091	0.0129031	0.00482017	0.0139562	0.00474368	0.0169487	0.0503433	0.884821	0.884821	
0.00250735	0.993102	0.993102	0.993102	0.993102	0.000353443	2.04521e-11	0.993102	0.00137497	0.993102	0.993101	0.993102	0.00605119	0.0102963	0.993102	0.993102	0.00862263	0.993101	0.992925	0.00545606	0.0084263	0.993094	0.0145533	0.00559956	0.0155549	0.0055254	0.0183443	0.046364	0.90815	0.90815	
0.00249869	0.993102	0.993102	0.993102	0.993102	0.000309929	1.67595e-11	0.993102	0.00114372	0.993102	0.993101	0.993102	0.00593645	0.00934835	0.993102	0.993102	0.00801956	0.993101	0.992951	0.00541616	0.00786168	0.993096	0.0140346	0.00554138	0.0148932	0.00547746	0.0172563	0.0443139	0.917068	0.917068	
0.00249167	0.993102	0.993102	0.993102	0.993102	0.000288419	1.39976e-11	0.993102	0.000992857	0.993102	0.993101	0.993102	0.00565945	0.00855897	0.993102	0.993102	0.00750441	0.993101	0.992977	0.00521594	0.00737704	0.993097	0.0131647	0.00532184	0.0138849	0.00526901	0.0158454	0.0530419	0.910473	0.910473	
0.00248615	0.993102	0.993102	0.993102	0.993102	0.000257374	1.19317e-11	0.993102	0.000862941	0.993102	0.993101	0.993102	0.00539459	0.00825327	0.993102	0.993102	0.00740291	0.993101	0.992989	0.00501778	0.00729739	0.993098	0.0129041	0.00510629	0.0135213	0.00506391	0.015178	0.0560026	0.875166	0.875166	
0.00248163	0.993102	0.993102	0.993102	0.993102	0.000211895	1.03867e-11	0.993102	0.000704886	0.993102	0.993101	0.993102	0.00623079	0.00812634	0.993102	0.993102	0.00743401	0.993101	0.992935	0.00587502	0.0073454	0.993099	0.0158006	0.00595594	0.0163981	0.00592039	0.0179627	0.0545269	0.862233	0.862233	
0.00247769	0.993102	0.993102	0.993102	0.993102	0.000173881	9.23204e-12	0.993102	0.00057305	0.993102	0.993101	0.993102	0.00756266	0.00796321	0.993102	0.993102	0.00740093	0.993101	0.992843	0.00721672	0.00732691	0.993099	0.0197802	0.00729299	0.0203698	0.00726251	0.0218786	0.0565439	0.827044	0.827044	
0.00247427	0.993102	0.993102	0.993102	0.993102	0.000137382	8.36912e-12	0.993102	0.000451324	0.993102	0.993101	0.993102	0.0112003	0.00790781	0.993102	0.993102	0.00744982	0.993101	0.992338	0.0108185	0.00738785	0.9931	0.030467	0.0108996	0.0311289	0.0108713	0.0327772	0.0559437	0.882707	0.882707	
0.00247126	0.993102	0.993102	0.993102	0.993102	0.00012517	7.7245e-12	0.993102	0.000406188	0.993102	0.993101	0.993102	0.0102417	0.00783399	0.993102	0.993102	0.0074624	0.993101	0.99247	0.00992301	0.00741089	0.9931	0.0281991	0.00999005	0.028757	0.00996746	0.030137	0.0564912	0.909598	0.909598	
0.00246885	0.993102	0.993102	0.993102	0.993102	0.000131531	7.24251e-12	0.993102	0.000421112	0.993102	0.993101	0.993102	0.0087399	0.00779623	0.993102	0.993102	0.00749198	0.993101	0.992608	0.00848418	0.0074487	0.9931	0.0242901	0.00853763	0.0247412	0.00852008	0.0258523	0.0442564	0.847902	0.847902	
0.00246713	0.993102	0.993102	0.993102	0.993102	0.000112507	6.88167e-12	0.993102	0.000349238	0.993102	0.993101	0.993102	0.0111968	0.00735155	0.993102	0.993102	0.0071026	0.993101	0.992539	0.0109291	0.00706631	0.993101	0.0287938	0.0109833	0.0292443	0.0109678	0.0303382	0.0464952	0.874365	0.874365	
0.00246561	0.993102	0.993102	0.993102	0.993102	0.000107036	6.61222e-12	0.993102	0.000319224	0.993102	0.993101	0.993102	0.0110152	0.00708337	0.993102	0.993102	0.00687876	0.993101	0.992611	0.0107787	0.00684811	0.993101	0.0279314	0.0108257	0.0283262	0.0108135	0.0292776	0.0515278	0.911573	0.911573	
0.0024644	0.993102	0.993102	0.993102	0.993102	0.000123566	6.41076e-12	0.993102	0.000360669	0.993102	0.993101	0.993102	0.00938076	0.00704701	0.993102	0.993102	0.00687557	0.993101	0.992717	0.00918941	0.00684896	0.993101	0.0239795	0.00922692	0.0243009	0.00921781	0.0250721	0.0447445	0.890945	0.890945	
0.0024637	0.993102	0.993102	0.993102	0.993102	0.000125443	6.25953e-12	0.993102	0.000350572	0.993102	0.993101	0.993102	0.00898575	0.00680206	0.993102	0.993102	0.00665572	0.993101	0.992779	0.00881461	0.00663211	0.993101	0.0225568	0.00884705	0.0228414	0.00884063	0.0235184	0.0387423	0.841519	0.841519	
0.00246321	0.993102	0.993102	0.993102	0.993102	0.000107706	6.14632e-12	0.993102	0.000292358	0.993102	0.993101	0.993102	0.0125862	0.00644621	0.993102	0.993102	0.00632126	0.993101	0.992637	0.0123784	0.00630025	0.993101	0.028907	0.0124139	0.0292294	0.012412	0.0299812	0.0334382	0.833278	0.833278	
0.00246261	0.993102	0.993102	0.993102	0.993102	9.36351e-05	6.06213e-12	0.993102	0.000244217	0.993102	0.993101	0.993102	0.0170314	0.00604125	0.993102	0.993102	0.00593625	0.993101	0.992475	0.0167901	0.00591795	0.993101	0.0357282	0.0168279	0.0360763	0.016831	0.0368757	0.0331359	0.853584	0.853584	
0.00246199	0.993102	0.993102	0.993102	0.993102	8.97476e-05	5.99954e-12	0.993102	0.000220923	0.993102	0.993101	0.993102	0.0178893	0.00572861	0.993102	0.993102	0.00564059	0.993101	0.992509	0.0176597	0.00562466	0.993102	0.0363273	0.0176937	0.0366503	0.0176997	0.0373854	0.0384433	0.868477	0.868477	
0.00246148	0.993102	0.993102	0.993102	0.993102	9.09945e-05	5.95282e-12	0.993102	0.000216733	0.993102	0.993101	0.993102	0.0168415	0.00562801	0.993102	0.993102	0.00555278	0.993101	0.992583	0.0166398	0.00553848	0.993102	0.0343826	0.016668	0.0346678	0.0166757	0.0353117	0.0333584	0.845292	0.845292	
0.00246112	0.993102	0.993102	0.993102	0.993102	8.46881e-05	5.91783e-12	0.993102	0.00019452	0.993102	0.993101	0.993102	0.0186202	0.00542343	0.993102	0.993102	0.00535891	0.993101	0.992541	0.0184185	0.00534603	0.993102	0.0369854	0.0184437	0.0372652	0.018456	0.0378884	0.034387	0.816729	0.816729	
0.00246077	0.993102	0.993102	0.993102	0.993102	7.25521e-05	5.89183e-12	0.993102	0.000163819	0.993102	0.993101	0.993102	0.0241811	0.00529434	0.993102	0.993102	0.00523859	0.993101	0.992132	0.023954	0.00522689	0.993102	0.0469572	0.0239777	0.0472662	0.0239986	0.0479422	0.0377844	0.8609	0.8609	
0.00246035	0.993102	0.993102	0.993102	0.993102	7.50329e-05	5.87273e-12	0.993102	0.000166743	0.993102	0.993101	0.993102	0.0221491	0.00528258	0.993102	0.993102	0.00523418	0.993101	0.992275	0.0219531	0.00522353	0.993102	0.0434966	0.0219724	0.0437661	0.0219923	0.0443521	0.0392838	0.817563	0.817563	
0.00246007	0.993102	0.993102	0.993102	0.993102	6.46076e-05	5.85836e-12	0.993102	0.000143334	0.993102	0.993101	0.993102	0.0257427	0.00531394	0.993102	0.993102	0.00527074	0.993101	0.991897	0.0255373	0.00526075	0.993102	0.0515573	0.0255547	0.051844	0.0255798	0.0524597	0.0374563	0.79817	0.79817	
0.00245974	0.993102	0.993102	0.993102	0.993102	5.42972e-05	5.84792e-12	0.993102	0.000119844	0.993102	0.993101	0.993102	0.0330007	0.00528758	0.993102	0.993102	0.00524948	0.993101	0.990974	0.0327728	0.00524032	0.993102	0.0656497	0.0327894	0.0659648	0.0328213	0.0666345	0.0342176	0.776506	0.776506	
0.00245936	0.993102	0.993102	0.993102	0.993102	4.47455e-05	5.84041e-12	0.993102	9.78367e-05	0.993102	0.993101	0.993102	0.0465067	0.00518487	0.993102	0.993102	0.00515183	0.993101	0.988795	0.0462409	0.00514366	0.993102	0.0885976	0.0462578	0.0889493	0.0462987	0.0896906	0.0301205	0.784654	0.784654	
0.00245896	0.993102	0.993102	0.993102	0.993102	3.87387e-05	5.83507e-12	0.993102	8.281e-05	0.993102	0.993101	0.993102	0.0550362	0.00501081	0.993102	0.993102	0.0049827	0.993101	0.988067	0.0547647	0.00497558	0.993102	0.10068	0.0547804	0.101028	0.0548245	0.101757	0.0294417	0.816598	0.816598	
0.00245858	0.993102	0.993102	0.993102	0.993102	3.90794e-05	5.83124e-12	0.993102	8.01489e-05	0.993102	0.993101	0.993102	0.0524274	0.00486472	0.993102	0.993102	0.00484087	0.993101	0.988834	0.0521887	0.00483469	0.993102	0.0947605	0.0522016	0.0950643	0.0522418	0.0956996	0.0273799	0.800814	0.800814	
0.0024583	0.993102	0.993102	0.993102	0.993102	3.69122e-05	5.82838e-12	0.993102	7.32352e-05	0.993102	0.993101	0.993102	0.0549933	0.00471043	0.993102	0.993102	0.00469001	0.993101	0.989007	0.0547673	0.00468455	0.993102	0.0967973	0.0547776	0.0970801	0.0548186	0.0976675	0.0262821	0.775069	0.775069	
0.00245807	0.993102	0.993102	0.993102	0.993102	3.2305e-05	5.82629e-12	0.993102	6.2724e-05	0.993102	0.993101	0.993102	0.0669521	0.00457155	0.993102	0.993102	0.00455398	0.993101	0.987583	0.0667153	0.00454913	0.993102	0.112944	0.0667227	0.11323	0.0667707	0.11382	0.0334858	0.81162	0.81162	
0.00245784	0.993102	0.993102	0.993102	0.993102	3.25969e-05	5.82487e-12	0.993102	6.33919e-05	0.993102	0.993101	0.993102	0.0615372	0.00462857	0.993102	0.993102	0.00461319	0.993101	0.988311	0.0613327	0.00460879	0.993102	0.105816	0.0613378	0.106067	0.0613812	0.106581	0.0300319	0.823584	0.823584	
0.00245767	0.993102	0.993102	0.993102	0.993102	3.58582e-05	5.82379e-12	0.993102	6.83408e-05	0.993102	0.993101	0.993102	0.0557648	0.00459102	0.993102	0.993102	0.0045774	0.993101	0.989134	0.0555882	0.00457337	0.993102	0.0962573	0.0555917	0.096476	0.0556305	0.0969216	0.0305103	0.771665	0.771665	
0.00245758	0.993102	0.993102	0.993102	0.993102	3.0853e-05	5.8229e-12	0.993102	5.85399e-05	0.993102	0.993101	0.993102	0.067146	0.00457393	0.993102	0.993102	0.00456146	0.993101	0.987079	0.0669515	0.00455763	0.993102	0.114912	0.0669525	0.11515	0.0669995	0.11563	0.0214309	0.720097	0.720097	
0.00245746	0.993102	0.993102	0.993102	0.993102	2.48051e-05	5.82237e-12	0.993102	4.64421e-05	0.993102	0.993101	0.993102	0.119154	0.00437242	0.993102	0.993102	0.00436145	0.993101	0.96984	0.118891	0.00435801	0.993102	0.177865	0.118889	0.178147	0.118958	0.17871	0.0189334	0.707362	0.707362	
0.00245729	0.993102	0.993102	0.993102	0.993102	1.99611e-05	5.82215e-12	0.993102	3.67959e-05	0.993102	0.993101	0.993102	0.174231	0.00417508	0.993102	0.993102	0.00416565	0.993101	0.947253	0.173931	0.00416263	0.993102	0.240242	0.173925	0.24054	0.174008	0.241132	0.0129219	0.672197	0.672197	
0.0024571	0.993102	0.993102	0.993102	0.993102	1.57177e-05	5.82213e-12	0.993102	2.8545e-05	0.993102	0.993101	0.993102	0.265421	0.00392511	0.993102	0.993102	0.00391719	0.993101	0.87949	0.265104	0.00391461	0.993102	0.33041	0.265096	0.330701	0.265187	0.331276	0.00690943	0.606265	0.606265	
0.00245691	0.993102	0.993102	0.993102	0.993102	1.19967e-05	5.82224e-12	0.993102	2.16298e-05	0.993102	0.993101	0.993102	0.406599	0.00364732	0.993102	0.993102	0.00364082	0.993101	0.695093	0.406322	0.00363866	0.993102	0.459756	0.406314	0.460002	0.406395	0.460487	0.00286367	0.504343	0.504343	
0.00245672	0.993102	0.993102	0.993102	0.993102	9.00998e-06	5.82243e-12	0.993102	1.62201e-05	0.993102	0.993101	0.993101	0.548321	0.00338422	0.993102	0.993102	0.00337895	0.993101	0.520909	0.548109	0.00337718	0.993102	0.588408	0.548103	0.588595	0.548165	0.588965	0.00166142	0.465776	0.465776	
0.00245654	0.993102	0.993102	0.993102	0.993102	6.7576e-06	5.82266e-12	0.993102	1.21532e-05	0.993102	0.993101	0.993101	0.657579	0.00317169	0.993102	0.993102	0.00316744	0.993101	0.389952	0.657419	0.00316601	0.993102	0.687659	0.657414	0.6878	0.657461	0.68808	0.00081636	0.500699	0.500699	
0.00245638	0.993102	0.993102	0.993102	0.993102	5.08869e-06	5.8229e-12	0.993102	9.12654e-06	0.993102	0.993101	0.993101	0.736742	0.00300187	0.993102	0.993102	0.00299847	0.993101	0.292505	0.73662	0.00299731	0.993102	0.759328	0.736616	0.759436	0.736652	0.759649	0.000882299	0.564018	0.564018	
0.00245624	0.993102	0.993102	0.993102	0.993102	3.92187e-06	5.82313e-12	0.993102	6.94528e-06	0.993102	0.993101	0.993101	0.783411	0.00287555	0.993102	0.993102	0.00287285	0.993101	0.2276	0.783313	0.00287191	0.993102	0.800588	0.78331	0.800673	0.783339	0.800842	0.00112861	0.619583	0.619583	
0.00245612	0.993102	0.993102	0.993102	0.993102	3.27981e-06	5.82333e-12	0.993102	5.55e-06	0.993102	0.993101	0.993101	0.788624	0.00278408	0.993102	0.993102	0.00278193	0.993101	0.232673	0.78854	0.00278118	0.993102	0.802316	0.788537	0.802388	0.788562	0.80253	0.0014416	0.680405	0.680405	
0.00245602	0.993102	0.993102	0.993102	0.993102	3.61201e-06	5.82351e-12	0.993102	5.34458e-06	0.993102	0.993101	0.993101	0.729123	0.00271956	0.993102	0.993102	0.00271785	0.993101	0.371611	0.729046	0.00271725	0.993102	0.741113	0.729043	0.741178	0.729067	0.741305	0.00156519	0.761241	0.761241	
0.00245595	0.993102	0.993102	0.993102	0.993102	8.51991e-06	5.82363e-12	0.993102	1.00013e-05	0.993102	0.993101	0.993101	0.595274	0.00267284	0.993102	0.993102	0.00267148	0.993101	0.525465	0.595208	0.00267098	0.993102	0.605484	0.595204	0.605539	0.595226	0.605647	0.0017398	0.804396	0.804396	
0.00245596	0.993102	0.993102	0.993102	0.993102	2.0119e-05	5.82357e-12	0.993102	2.1714e-05	0.993102	0.993101	0.993101	0.469038	0.00264024	0.993102	0.993102	0.00263906	0.993101	0.642718	0.468981	0.00263858	0.993102	0.477411	0.468974	0.477461	0.468998	0.477555	0.00248566	0.867203	0.867203	
0.00245611	0.993102	0.993102	0.993102	0.993102	6.26212e-05	5.82319e-12	0.993102	6.62387e-05	0.993102	0.993101	0.993101	0.358076	0.00262574	0.993102	0.993102	0.00262456	0.993101	0.730884	0.358027	0.00262394	0.993102	0.364677	0.35802	0.364721	0.358043	0.3648	0.00250018	0.885329	0.885329	
0.00245674	0.993102	0.993102	0.993102	0.993102	0.000115299	5.82166e-12	0.993102	0.000121514	0.993102	0.993101	0.993101	0.272935	0.00261623	0.993102	0.993102	0.00261444	0.993101	0.796875	0.272885	0.00261317	0.993102	0.278092	0.272874	0.278137	0.272903	0.278217	0.00344284	0.889798	0.889798	
0.00245787	0.993102	0.993102	0.993102	0.993102	0.00015987	5.81897e-12	0.993102	0.000169765	0.993102	0.993101	0.993101	0.208733	0.00262295	0.993102	0.993102	0.00261992	0.993101	0.846257	0.208674	0.00261744	0.993102	0.21285	0.208656	0.212907	0.208698	0.213001	0.00278269	0.906817	0.906817	
0.00245927	0.993102	0.993102	0.993102	0.993102	0.000224611	5.81566e-12	0.993102	0.000238021	0.993102	0.993101	0.993101	0.159458	0.00262054	0.993102	0.993102	0.00261592	0.993101	0.883215	0.159393	0.00261198	0.993102	0.162667	0.15937	0.162731	0.159421	0.162836	0.00385647	0.931387	0.931387	
0.00246111	0.993102	0.993102	0.993102	0.993102	0.000336428	5.81129e-12	0.993102	0.000359951	0.993102	0.993101	0.993101	0.121291	0.00263481	0.993102	0.993102	0.00262798	0.993101	0.910874	0.121223	0.00262204	0.993102	0.1238	0.121198	0.123867	0.121253	0.123976	0.00285311	0.936748	0.936748	
0.00246388	0.993102	0.993102	0.993102	0.993102	0.000443789	5.80475e-12	0.993102	0.000472659	0.993102	0.993101	0.993101	0.0925773	0.00263536	0.993102	0.993102	0.00262519	0.993101	0.931572	0.0925008	0.00261633	0.993102	0.0944938	0.0924707	0.0945701	0.092535	0.0946921	0.0034169	0.971384	0.971384	
0.00246728	0.993102	0.993102	0.993102	0.993102	0.000713048	5.79674e-12	0.993102	0.000761552	0.993102	0.993101	0.993101	0.0701796	0.0026463	0.993102	0.993102	0.00263198	0.993101	0.947061	0.0701054	0.00261947	0.993102	0.0716334	0.0700755	0.0717076	0.0701389	0.0718259	0.00440165	0.99587	0.99587	
0.00247319	0.993102	0.993102	0.993102	0.993102	0.00114914	5.78294e-12	0.993102	0.00124194	0.993102	0.993101	0.993101	0.0530651	0.00267583	0.993102	0.993102	0.00265397	0.993101	0.958651	0.052993	0.00263494	0.993102	0.0541601	0.0529636	0.0542323	0.0530258	0.0543477	0.00525907	1.00288	1.00288	
0.00248309	0.993102	0.993102	0.993102	0.993102	0.00156807	5.76007e-12	0.993102	0.0017158	0.993102	0.993101	0.993101	0.0401879	0.00272362	0.993102	0.993102	0.00268831	0.993101	0.967323	0.0401107	0.00265816	0.993101	0.040999	0.0400791	0.0410762	0.0401458	0.0412008	0.00736861	1.01903	1.01903	
0.0024958	0.993102	0.993102	0.993102	0.993102	0.0021261	5.73099e-12	0.993102	0.00238726	0.993102	0.993101	0.993101	0.0304116	0.00280473	0.993102	0.993101	0.00275034	0.993101	0.973813	0.0303313	0.00270503	0.993101	0.0310114	0.0302988	0.0310918	0.0303677	0.0312236	0.0100721	1.03231	1.03231	
0.00251246	0.993102	0.993102	0.993102	0.993102	0.00279348	5.69347e-12	0.993102	0.0032557	0.993102	0.993101	0.993101	0.0230101	0.00292983	0.993102	0.993101	0.00284639	0.993101	0.978668	0.0229269	0.00277977	0.993101	0.0234509	0.0228941	0.0235342	0.0229641	0.0236743	0.0092196	1.02893	1.02893	
0.00253356	0.993102	0.993102	0.993102	0.993102	0.00326451	5.64676e-12	0.993102	0.0038468	0.993102	0.993101	0.993101	0.017504	0.00303823	0.993102	0.993101	0.00291536	0.993101	0.982302	0.0174068	0.00282295	0.9931	0.0177985	0.0173708	0.0178931	0.0174491	0.0180589	0.00600774	1.00527	1.00527	
0.00255552	0.993102	0.993102	0.993102	0.993102	0.0032389	5.5988e-12	0.993102	0.00377589	0.993102	0.993101	0.993101	0.0135991	0.00308579	0.993102	0.993101	0.00292519	0.993101	0.98502	0.0134549	0.00280917	0.9931	0.0137076	0.0134056	0.0138378	0.0135156	0.0140782	0.00545182	0.998951	0.998951	
0.00257162	0.993102	0.993102	0.993102	0.993102	0.00313256	5.56363e-12	0.993102	0.00361579	0.993102	0.993101	0.993101	0.0107493	0.00311016	0.993102	0.993101	0.00292397	0.993101	0.987055	0.0105612	0.00279117	0.9931	0.0107003	0.0104984	0.0108644	0.0106395	0.0111737	0.0050381	0.992347	0.992347	
0.00258227	0.993102	0.993102	0.993102	0.993102	0.00296798	5.54023e-12	0.993102	0.00339553	0.993102	0.993101	0.993101	0.00869893	0.00311675	0.993102	0.993101	0.00291547	0.993101	0.988577	0.00847009	0.00277204	0.993101	0.00851698	0.00839386	0.00871334	0.0085653	0.0090858	0.00968527	1.02738	1.02738	
0.00258808	0.993102	0.993102	0.993102	0.993102	0.00335687	5.52727e-12	0.993102	0.00391827	0.993102	0.993101	0.993101	0.00680337	0.00319075	0.993102	0.993101	0.00297714	0.993101	0.989716	0.00659481	0.0028241	0.9931	0.00662951	0.00652505	0.00681122	0.00668174	0.00715566	0.00721644	1.01372	1.01372	
0.00259753	0.993102	0.993102	0.993102	0.993102	0.00343502	5.50686e-12	0.993102	0.00399783	0.993102	0.993101	0.993101	0.00550542	0.00322211	0.993102	0.993101	0.00299097	0.993101	0.990568	0.00528928	0.00282703	0.9931	0.00528818	0.00521783	0.00547536	0.00537892	0.00583329	0.00766881	1.01475	1.01475	
0.00260564	0.993102	0.993102	0.993102	0.993102	0.00350702	5.48945e-12	0.993102	0.00408274	0.993102	0.993101	0.993101	0.00452343	0.0032558	0.993102	0.993101	0.00300943	0.993101	0.991206	0.0043021	0.00283569	0.9931	0.00427634	0.00422943	0.00446753	0.00439362	0.0048356	0.0084371	1.00716	1.00716	
0.00261266	0.993102	0.993102	0.993102	0.993102	0.00341954	5.47445e-12	0.993102	0.00399598	0.993102	0.993101	0.993101	0.0038491	0.00329696	0.993102	0.993101	0.00303627	0.993101	0.991683	0.00361362	0.00285329	0.9931	0.00356967	0.00353682	0.00377324	0.00371072	0.00416785	0.00999386	1.01214	1.01214	
0.00261675	0.993102	0.993102	0.993102	0.993102	0.00340725	5.46562e-12	0.993102	0.00402554	0.993102	0.993101	0.993101	0.00328631	0.00335182	0.993102	0.993101	0.00307968	0.993101	0.99204	0.00305019	0.00288953	0.9931	0.00300764	0.00297361	0.00321369	0.00314732	0.0036145	0.0118389	1.0207	1.0207	
0.00261965	0.993102	0.993102	0.993102	0.993102	0.00351903	5.45935e-12	0.993102	0.00423942	0.993102	0.993101	0.993101	0.00278939	0.00342709	0.993102	0.993101	0.00314221	0.993101	0.992307	0.00256363	0.00294491	0.9931	0.00253394	0.00249108	0.00273348	0.00265612	0.00312308	0.0129315	1.00672	1.00672	
0.0026233	0.993102	0.993102	0.993102	0.993102	0.00335436	5.4516e-12	0.993102	0.00410546	0.993102	0.993101	0.993101	0.00251814	0.00351167	0.993102	0.993101	0.00320936	0.993101	0.992507	0.0022821	0.00300359	0.9931	0.00226673	0.00220804	0.00247815	0.0023778	0.00289475	0.0139113	1.00072	1.00072	
0.00262386	0.993102	0.993102	0.993102	0.993102	0.00313325	5.45031e-12	0.993102	0.00389457	0.993102	0.993101	0.993101	0.00235811	0.0035885	0.993102	0.993101	0.00327366	0.993101	0.992657	0.00210984	0.00306328	0.9931	0.00211762	0.00203404	0.00234352	0.0022093	0.00279154	0.0069601	0.881223	0.881223	
0.00262136	0.993102	0.993102	0.993102	0.993102	0.0024097	5.45542e-12	0.993102	0.0029891	0.993102	0.993101	0.993101	0.00753222	0.00351469	0.993102	0.993101	0.00320557	0.993101	0.992742	0.00653091	0.00300236	0.993101	0.00616636	0.00624909	0.0070123	0.00691885	0.00869523	0.004337	0.836524	0.836524	
0.00261007	0.993102	0.993102	0.993102	0.993102	0.0018304	5.47932e-12	0.993102	0.00226642	0.993102	0.993101	0.993101	0.0194937	0.00338927	0.993102	0.993102	0.00310582	0.993101	0.992682	0.0172601	0.00292058	0.993101	0.0160685	0.0166257	0.0179412	0.0181296	0.021544	0.00411343	0.817491	0.817491	
0.00259416	0.993102	0.993102	0.993102	0.993102	0.00138794	5.51348e-12	0.993102	0.00171577	0.993102	0.993101	0.993101	0.0339153	0.00327058	0.993102	0.993102	0.00301994	0.993101	0.992475	0.0306878	0.00285638	0.993101	0.0290675	0.0297582	0.0318171	0.0319524	0.0369687	0.00409718	0.821032	0.821032	
0.00257663	0.993102	0.993102	0.993102	0.993102	0.00105787	5.55161e-12	0.993102	0.00130482	0.993102	0.993101	0.993101	0.0431198	0.00316557	0.993102	0.993102	0.00294934	0.993101	0.992366	0.0396063	0.00280813	0.993101	0.0381709	0.0385844	0.0412067	0.0409891	0.0468036	0.00436101	0.824378	0.824378	
0.00255934	0.993102	0.993102	0.993102	0.993102	0.000811845	5.58959e-12	0.993102	0.000998478	0.993102	0.993101	0.993101	0.0486005	0.00307905	0.993102	0.993102	0.0028956	0.993101	0.99232	0.0451924	0.00277556	0.993102	0.0443219	0.0441928	0.0473059	0.0465386	0.0527402	0.00445906	0.818685	0.818685	
0.00254331	0.993102	0.993102	0.993102	0.993102	0.000625361	5.62508e-12	0.993102	0.000766681	0.993102	0.993101	0.993101	0.0542905	0.00300706	0.993102	0.993102	0.00285337	0.993101	0.992228	0.0510871	0.00275251	0.993102	0.050974	0.0501392	0.053815	0.0523573	0.0589299	0.00401137	0.823265	0.823265	
0.00252898	0.993102	0.993102	0.993102	0.993102	0.000487568	5.65703e-12	0.993102	0.000594951	0.993102	0.993101	0.993101	0.0570775	0.00294052	0.993102	0.993102	0.00281313	0.993101	0.992212	0.0542154	0.00272926	0.993102	0.0546943	0.0533618	0.0572557	0.055354	0.061826	0.00363862	0.887938	0.887938	
0.00251654	0.993102	0.993102	0.993102	0.993102	0.000436521	5.68494e-12	0.993102	0.000522282	0.993102	0.993101	0.993101	0.0474518	0.00288094	0.993102	0.993102	0.00277615	0.993101	0.992419	0.0452007	0.0027069	0.993102	0.0457409	0.0445275	0.0477608	0.0460973	0.0513556	0.00372175	0.896929	0.896929	
0.0025066	0.993102	0.993102	0.993102	0.993102	0.000412126	5.7073e-12	0.993102	0.000482902	0.993102	0.993101	0.993101	0.0394632	0.00283552	0.993102	0.993102	0.00274891	0.993101	0.992578	0.0376982	0.00269127	0.993102	0.0382772	0.0371679	0.0398658	0.0384026	0.0426848	0.00358229	0.880096	0.880096	
0.00249886	0.993102	0.993102	0.993102	0.993102	0.00036955	5.72474e-12	0.993102	0.000427052	0.993102	0.993101	0.993101	0.0350411	0.00279858	0.993102	0.993102	0.00272634	0.993101	0.992686	0.0336173	0.00267773	0.993102	0.0342888	0.0331844	0.0355771	0.0341881	0.0378515	0.00309662	0.885462	0.885462	
0.00249253	0.993102	0.993102	0.993102	0.993102	0.000345169	5.73903e-12	0.993102	0.00039258	0.993102	0.993101	0.993101	0.0312188	0.00276292	0.993102	0.993102	0.00270243	0.993101	0.992772	0.0300704	0.00266119	0.993102	0.0307567	0.0297165	0.0318009	0.0305333	0.0336343	0.00175008	0.737411	0.737411	
0.0024875	0.993102	0.993102	0.993102	0.993102	0.000261926	5.75044e-12	0.993102	0.000297531	0.993102	0.993101	0.993101	0.0953413	0.00271761	0.993102	0.993102	0.00266667	0.993101	0.986112	0.0936798	0.00263139	0.993102	0.0948261	0.0931122	0.096365	0.0943782	0.098956	0.00112413	0.65041	0.65041	
0.0024827	0.993102	0.993102	0.993102	0.993102	0.000196636	5.76139e-12	0.993102	0.000223293	0.993102	0.993101	0.993101	0.246128	0.00267322	0.993102	0.993102	0.00263086	0.993101	0.87045	0.244258	0.00260115	0.993102	0.245397	0.243593	0.247137	0.245057	0.25001	0.000942053	0.627021	0.627021	
0.0024783	0.993102	0.993102	0.993102	0.993102	0.00014754	5.7715e-12	0.993102	0.000167495	0.993102	0.993101	0.993101	0.381119	0.00263579	0.993102	0.993102	0.00260094	0.993101	0.728411	0.379345	0.00257623	0.993102	0.380448	0.378705	0.382101	0.380108	0.384806	0.000602172	0.589743	0.589743	
0.0024744	0.993102	0.993102	0.993102	0.993102	0.000110592	5.7805e-12	0.993102	0.000125526	0.993102	0.993101	0.993101	0.506962	0.00260209	0.993102	0.993102	0.00257366	0.993101	0.568026	0.505466	0.00255332	0.993102	0.506352	0.504923	0.507747	0.506111	0.510021	0.000488406	0.573593	0.573593	
0.00247102	0.993102	0.993102	0.993102	0.993102	8.28922e-05	5.78831e-12	0.993102	9.40677e-05	0.993102	0.993101	0.993101	0.608268	0.00257439	0.993102	0.993102	0.00255136	0.993101	0.437676	0.607052	0.00253477	0.993102	0.607764	0.606609	0.608899	0.607578	0.610745	0.0007218	0.72588	0.72588	
0.00246816	0.993102	0.993102	0.993102	0.993102	6.49512e-05	5.79497e-12	0.993102	7.3356e-05	0.993102	0.993101	0.993101	0.53998	0.0025558	0.993102	0.993102	0.00253725	0.993101	0.567277	0.53886	0.0025238	0.993102	0.539898	0.538448	0.540946	0.539346	0.542645	0.000788483	0.77778	0.77778	
0.00246579	0.993102	0.993102	0.993102	0.993102	5.68453e-05	5.80047e-12	0.993102	6.32653e-05	0.993102	0.993101	0.993101	0.442456	0.00254221	0.993102	0.993102	0.0025273	0.993101	0.673143	0.441522	0.00251642	0.993102	0.442675	0.441177	0.443549	0.441928	0.444965	0.000796736	0.77394	0.77394	
0.00246392	0.993102	0.993102	0.993102	0.993102	5.01668e-05	5.80483e-12	0.993102	5.50932e-05	0.993102	0.993101	0.993101	0.372025	0.00253189	0.993102	0.993102	0.00251986	0.993101	0.752139	0.37124	0.00251101	0.993102	0.372524	0.370947	0.373261	0.371583	0.374452	0.00111383	0.841404	0.841404	
0.00246243	0.993102	0.993102	0.993102	0.993102	6.67581e-05	5.80828e-12	0.993102	7.11026e-05	0.993102	0.993101	0.993101	0.290388	0.00252796	0.993102	0.993102	0.0025182	0.993101	0.812692	0.289775	0.00251094	0.993102	0.290955	0.289545	0.291531	0.290042	0.29246	0.00108646	0.813176	0.813176	
0.00246153	0.993102	0.993102	0.993102	0.993102	6.65888e-05	5.81038e-12	0.993102	7.0205e-05	0.993102	0.993101	0.993101	0.237695	0.00252507	0.993102	0.993102	0.00251682	0.993101	0.857782	0.237183	0.00251055	0.993102	0.238396	0.236988	0.23888	0.237408	0.239656	0.000786599	0.76359	0.76359	
0.00246085	0.993102	0.993102	0.993102	0.993102	5.60343e-05	5.81196e-12	0.993102	5.88386e-05	0.993102	0.993101	0.993101	0.226418	0.00251912	0.993102	0.993102	0.00251201	0.993101	0.88951	0.225925	0.00250648	0.993102	0.227288	0.22573	0.227757	0.226146	0.228505	0.00073597	0.77939	0.77939	
0.00246021	0.993102	0.993102	0.993102	0.993102	5.04488e-05	5.81345e-12	0.993102	5.26735e-05	0.993102	0.993101	0.993101	0.206808	0.00251374	0.993102	0.993102	0.00250765	0.993101	0.914342	0.206365	0.00250281	0.993102	0.207743	0.206185	0.208167	0.206565	0.20884	0.000741883	0.81195	0.81195	
0.00245967	0.993102	0.993102	0.993102	0.993102	5.40837e-05	5.81473e-12	0.993102	5.59925e-05	0.993102	0.993101	0.993101	0.175738	0.00250963	0.993102	0.993102	0.00250439	0.993101	0.933829	0.175365	0.00250013	0.993102	0.176622	0.175212	0.17698	0.175535	0.177545	0.000587767	0.722248	0.722248	
0.0024593	0.993102	0.993102	0.993102	0.993102	4.3194e-05	5.81558e-12	0.993102	4.46546e-05	0.993102	0.993101	0.993101	0.220517	0.00250471	0.993102	0.993102	0.00250006	0.993101	0.93705	0.22011	0.00249621	0.993102	0.221535	0.219936	0.221929	0.220299	0.222545	0.000400066	0.61684	0.61684	
0.00245889	0.993102	0.993102	0.993102	0.993102	3.26526e-05	5.81653e-12	0.993102	3.37482e-05	0.993102	0.993101	0.993101	0.370104	0.0024984	0.993102	0.993102	0.00249435	0.993101	0.759111	0.369734	0.00249093	0.993102	0.370996	0.369572	0.371356	0.369907	0.371915	0.000390496	0.618089	0.618089	
0.00245846	0.993102	0.993102	0.993102	0.993102	2.47732e-05	5.81755e-12	0.993102	2.55956e-05	0.993102	0.993101	0.993101	0.481097	0.00249329	0.993102	0.993102	0.00248983	0.993101	0.628247	0.48077	0.00248686	0.993102	0.481932	0.480625	0.48225	0.480924	0.482744	0.000266987	0.545057	0.545057	
0.00245804	0.993102	0.993102	0.993102	0.993102	1.86161e-05	5.81855e-12	0.993102	1.92319e-05	0.993102	0.993101	0.993101	0.597631	0.00248773	0.993102	0.993102	0.00248481	0.993101	0.474308	0.597374	0.00248229	0.993102	0.598288	0.59726	0.598538	0.597495	0.598926	0.000232293	0.546083	0.546083	
0.00245764	0.993102	0.993102	0.993102	0.993102	1.40106e-05	5.81948e-12	0.993102	1.44717e-05	0.993102	0.993101	0.993101	0.684591	0.00248298	0.993102	0.993102	0.00248055	0.993101	0.359299	0.684389	0.00247843	0.993102	0.685115	0.6843	0.685312	0.684484	0.685615	0.000204531	0.5749	0.5749	
0.00245729	0.993102	0.993102	0.993102	0.993102	1.06275e-05	5.82031e-12	0.993102	1.09732e-05	0.993102	0.993101	0.993101	0.740696	0.00247897	0.993102	0.993102	0.00247696	0.993101	0.282256	0.740534	0.0024752	0.993102	0.741141	0.740462	0.741299	0.740611	0.741543	0.00024061	0.638985	0.638985	
0.00245699	0.993102	0.993102	0.993102	0.993102	8.47034e-06	5.82102e-12	0.993102	8.73149e-06	0.993102	0.993101	0.993101	0.740763	0.00247632	0.993102	0.993102	0.00247468	0.993101	0.31711	0.740621	0.00247323	0.993102	0.741272	0.740557	0.741411	0.740689	0.741625	0.000223905	0.682604	0.682604	
0.00245674	0.993102	0.993102	0.993102	0.993102	7.57805e-06	5.82163e-12	0.993102	7.77902e-06	0.993102	0.993101	0.993101	0.692106	0.00247408	0.993102	0.993102	0.00247274	0.993101	0.439291	0.691978	0.00247155	0.993102	0.692709	0.69192	0.692835	0.692038	0.693027	0.00024242	0.711482	0.711482	
0.00245654	0.993102	0.993102	0.993102	0.993102	7.87874e-06	5.8221e-12	0.993102	8.03985e-06	0.993102	0.993101	0.993101	0.619884	0.00247261	0.993102	0.993102	0.00247151	0.993101	0.561293	0.61977	0.00247053	0.993102	0.620582	0.619718	0.620694	0.619824	0.620867	0.000223384	0.729405	0.729405	
0.00245639	0.993102	0.993102	0.993102	0.993102	9.05707e-06	5.82245e-12	0.993102	9.19178e-06	0.993102	0.993101	0.993101	0.545124	0.00247128	0.993102	0.993102	0.00247036	0.993101	0.661182	0.545021	0.00246952	0.993102	0.545848	0.544973	0.545949	0.54507	0.546105	0.000302656	0.740357	0.740357	
0.00245629	0.993102	0.993102	0.993102	0.993102	1.0707e-05	5.82267e-12	0.993102	1.08316e-05	0.993102	0.993101	0.993101	0.477578	0.0024713	0.993102	0.993102	0.00247049	0.993101	0.738971	0.477483	0.00246975	0.993102	0.478378	0.477438	0.478473	0.477529	0.478617	0.00030348	0.750137	0.750137	
0.00245624	0.993102	0.993102	0.993102	0.993102	1.27907e-05	5.82279e-12	0.993102	1.29131e-05	0.993102	0.993101	0.993101	0.417645	0.00247136	0.993102	0.993102	0.00247062	0.993101	0.799015	0.417553	0.00246994	0.993102	0.418472	0.41751	0.418562	0.417597	0.4187	0.000408013	0.767151	0.767151	
0.00245623	0.993102	0.993102	0.993102	0.993102	1.62736e-05	5.82282e-12	0.993102	1.64201e-05	0.993102	0.993101	0.993101	0.35854	0.00247276	0.993102	0.993102	0.00247204	0.993101	0.845864	0.358452	0.00247137	0.993102	0.359418	0.358411	0.359505	0.358495	0.359637	0.000407775	0.735451	0.735451	
0.00245626	0.993102	0.993102	0.993102	0.993102	1.57331e-05	5.82274e-12	0.993102	1.58718e-05	0.993102	0.993101	0.993101	0.342906	0.00247389	0.993102	0.993102	0.00247315	0.993101	0.875929	0.342806	0.00247244	0.993102	0.343904	0.342758	0.344004	0.342855	0.344154	0.000120464	0.646381	0.646381	
0.00245628	0.993102	0.993102	0.993102	0.993102	1.23748e-05	5.8227e-12	0.993102	1.24801e-05	0.993102	0.993101	0.993101	0.435987	0.00247116	0.993102	0.993102	0.0024704	0.993101	0.779811	0.43588	0.00246968	0.993102	0.436776	0.435828	0.436882	0.435933	0.437043	8.00274e-05	0.559033	0.559033	
0.00245626	0.993102	0.993102	0.993102	0.993102	9.36468e-06	5.82276e-12	0.993102	9.44361e-06	0.993102	0.993101	0.993101	0.560197	0.00246853	0.993102	0.993102	0.00246781	0.993101	0.590812	0.560109	0.00246712	0.993102	0.560792	0.560067	0.560879	0.560152	0.561011	3.46335e-05	0.426878	0.426878	
0.0024562	0.993102	0.993102	0.993102	0.993102	7.01473e-06	5.8229e-12	0.993102	7.07379e-06	0.993102	0.993101	0.993101	0.667962	0.00246593	0.993102	0.993102	0.00246527	0.993101	0.442122	0.667896	0.00246464	0.993102	0.668408	0.667864	0.668473	0.667929	0.668573	1.82076e-05	0.479051	0.479051	
0.00245613	0.993102	0.993102	0.993102	0.993102	5.2701e-06	5.82307e-12	0.993102	5.31431e-06	0.993102	0.993101	0.993101	0.746402	0.00246372	0.993102	0.993102	0.00246314	0.993101	0.331131	0.746351	0.00246258	0.993102	0.746734	0.746327	0.746784	0.746376	0.746859	2.12917e-05	0.528112	0.528112	
0.00245605	0.993102	0.993102	0.993102	0.993102	4.00008e-06	5.82325e-12	0.993102	4.03318e-06	0.993102	0.993101	0.993101	0.799609	0.00246206	0.993102	0.993102	0.00246156	0.993101	0.249943	0.799569	0.00246108	0.993102	0.799856	0.79955	0.799896	0.799589	0.799955	2.37234e-05	0.553746	0.553746	
0.00245598	0.993102	0.993102	0.993102	0.993102	3.0877e-06	5.82342e-12	0.993102	3.11252e-06	0.993102	0.993101	0.993101	0.833808	0.00246082	0.993102	0.993102	0.00246039	0.993101	0.19298	0.833776	0.00245998	0.993102	0.833994	0.833761	0.834026	0.833792	0.834073	2.7927e-05	0.577338	0.577338	
0.00245591	0.993102	0.993102	0.993102	0.993102	2.46202e-06	5.82358e-12	0.993102	2.48067e-06	0.993102	0.993101	0.993101	0.851433	0.00245992	0.993102	0.993102	0.00245956	0.993101	0.159153	0.851407	0.00245922	0.993102	0.851577	0.851394	0.851603	0.851419	0.851643	2.98271e-05	0.583838	0.583838	
0.00245586	0.993102	0.993102	0.993102	0.993102	2.01487e-06	5.82371e-12	0.993102	2.02893e-06	0.993102	0.993101	0.993101	0.861815	0.00245925	0.993102	0.993102	0.00245895	0.993101	0.137892	0.861793	0.00245866	0.993102	0.861931	0.861782	0.861953	0.861804	0.861986	3.90964e-05	0.638334	0.638334	
0.00245581	0.993102	0.993102	0.993102	0.993102	2.02098e-06	5.82383e-12	0.993102	2.0319e-06	0.993102	0.993101	0.993101	0.832179	0.00245886	0.993102	0.993102	0.00245861	0.993101	0.207767	0.832159	0.00245837	0.993102	0.832293	0.832149	0.832313	0.832169	0.832344	4.32925e-05	0.654657	0.654657	
0.00245577	0.993102	0.993102	0.993102	0.993102	2.22366e-06	5.82391e-12	0.993102	2.23245e-06	0.993102	0.993101	0.993101	0.793468	0.00245861	0.993102	0.993102	0.0024584	0.993101	0.300497	0.793448	0.0024582	0.993102	0.793589	0.793438	0.793608	0.793458	0.793637	6.29136e-05	0.720686	0.720686	
0.00245575	0.993102	0.993102	0.993102	0.993102	4.32757e-06	5.82397e-12	0.993102	4.3375e-06	0.993102	0.993101	0.993101	0.685024	0.00245868	0.993102	0.993102	0.00245849	0.993101	0.462582	0.685004	0.00245831	0.993102	0.685175	0.684995	0.685195	0.685014	0.685224	0.000101603	0.773813	0.773813	
0.00245576	0.993102	0.993102	0.993102	0.993102	1.09407e-05	5.82395e-12	0.993102	1.09638e-05	0.993102	0.993101	0.993101	0.554015	0.00245926	0.993102	0.993102	0.00245906	0.993101	0.5946	0.553994	0.00245887	0.993102	0.554183	0.553984	0.554204	0.554005	0.554235	0.000153718	0.831358	0.831358	
0.00245584	0.993102	0.993102	0.993102	0.993102	3.25136e-05	5.82374e-12	0.993102	3.26058e-05	0.993102	0.993101	0.993101	0.429322	0.0024605	0.993102	0.993102	0.00246022	0.993101	0.694763	0.429301	0.00245994	0.993102	0.429476	0.42929	0.429497	0.429312	0.42953	0.000187419	0.862293	0.862293	
0.00245618	0.993102	0.993102	0.993102	0.993102	6.94976e-05	5.82295e-12	0.993102	6.97362e-05	0.993102	0.993101	0.993101	0.329428	0.00246238	0.993102	0.993102	0.00246177	0.993101	0.769821	0.329402	0.00246116	0.993102	0.329547	0.329389	0.329573	0.329415	0.329613	0.00021806	0.870566	0.870566	
0.00245688	0.993102	0.993102	0.993102	0.993102	0.000105344	5.82128e-12	0.993102	0.000105755	0.993102	0.993101	0.993101	0.253474	0.00246509	0.993102	0.993102	0.00246376	0.993101	0.825997	0.253435	0.00246244	0.993102	0.253545	0.253416	0.253584	0.253455	0.253642	0.00021752	0.885264	0.885264	
0.00245785	0.993102	0.993102	0.993102	0.993102	0.000150492	5.81898e-12	0.993102	0.000151112	0.993102	0.993101	0.993101	0.194908	0.00246801	0.993102	0.993102	0.00246569	0.993101	0.868045	0.194858	0.0024634	0.993102	0.19493	0.194833	0.19498	0.194883	0.195057	0.00027329	0.911197	0.911197	
0.00245913	0.993102	0.993102	0.993102	0.993102	0.000233052	5.81594e-12	0.993102	0.000234176	0.993102	0.993101	0.993101	0.148993	0.00247201	0.993102	0.993102	0.00246839	0.993101	0.89952	0.148936	0.00246481	0.993102	0.148979	0.148908	0.149036	0.148965	0.149121	0.000645659	0.971485	0.971485	
0.00246112	0.993102	0.993102	0.993102	0.993102	0.000574467	5.81125e-12	0.993102	0.0005805	0.993102	0.993101	0.993101	0.112434	0.00248177	0.993102	0.993102	0.0024761	0.993101	0.923078	0.112383	0.0024705	0.993102	0.112414	0.112357	0.112465	0.112408	0.112542	0.000589593	0.970513	0.970513	
0.00246685	0.993102	0.993102	0.993102	0.993102	0.00082808	5.79781e-12	0.993102	0.00083731	0.993102	0.993101	0.993101	0.0851112	0.00249714	0.993102	0.993102	0.00248545	0.993101	0.940705	0.0850504	0.00247405	0.993102	0.085052	0.0850207	0.085112	0.0850805	0.0852035	0.000715182	0.966778	0.966778	
0.0024743	0.993102	0.993102	0.993102	0.993102	0.000992059	5.78042e-12	0.993102	0.00100432	0.993102	0.993101	0.993101	0.0647505	0.00251686	0.993102	0.993102	0.00249726	0.993101	0.953894	0.0646701	0.00247828	0.993102	0.0646352	0.0646312	0.0647136	0.0647097	0.0648348	0.000785254	0.989356	0.989356	
0.00248194	0.993102	0.993102	0.993102	0.993102	0.00132985	5.76269e-12	0.993102	0.0013483	0.993102	0.993101	0.993101	0.049133	0.00253686	0.993102	0.993102	0.00250907	0.993101	0.963764	0.049046	0.00248232	0.993102	0.0489916	0.0490042	0.0490758	0.0490888	0.0492069	0.00105226	1.00418	1.00418	
0.00249192	0.993102	0.993102	0.993102	0.993102	0.0017912	5.73974e-12	0.993102	0.00182189	0.993102	0.993101	0.993101	0.0372765	0.0025644	0.993102	0.993102	0.00252569	0.993101	0.971149	0.0371846	0.0024887	0.993101	0.0371159	0.0371408	0.037204	0.0372297	0.0373427	0.00140012	1.01439	1.01439	
0.00250526	0.993102	0.993102	0.993102	0.993102	0.00232734	5.70946e-12	0.993102	0.00237822	0.993102	0.993101	0.993101	0.0283153	0.00260243	0.993102	0.993101	0.00254867	0.993101	0.976676	0.0282169	0.00249787	0.993101	0.0281351	0.0281705	0.0282281	0.0282649	0.0283768	0.00127396	0.997361	0.997361	
0.00252213	0.993102	0.993102	0.993102	0.993102	0.00246137	5.67171e-12	0.993102	0.00251797	0.993102	0.993101	0.993101	0.021796	0.00264448	0.993102	0.993101	0.00257128	0.993101	0.980811	0.0216672	0.00250313	0.993101	0.0215454	0.0216079	0.0216635	0.0217295	0.0218577	0.00092781	0.987261	0.987261	
0.00253648	0.993102	0.993102	0.993102	0.993102	0.00243756	5.63972e-12	0.993102	0.00249104	0.993102	0.993101	0.993101	0.017063	0.00267501	0.993102	0.993101	0.00258539	0.993101	0.983904	0.0168946	0.00250271	0.993101	0.0167197	0.0168183	0.0168706	0.0169755	0.0171232	0.00107768	0.984912	0.984912	
0.00254692	0.993102	0.993102	0.993102	0.993102	0.00239022	5.61644e-12	0.993102	0.00244255	0.993102	0.993101	0.993101	0.0135544	0.00269919	0.993102	0.993101	0.00259761	0.993101	0.986219	0.013354	0.00250428	0.993101	0.0131385	0.0132638	0.0133162	0.01345	0.0136165	0.00123946	0.993243	0.993243	
0.00255411	0.993102	0.993102	0.993102	0.993102	0.00245378	5.60035e-12	0.993102	0.00250958	0.993102	0.993101	0.993101	0.0108052	0.00271819	0.993102	0.993101	0.00260827	0.993101	0.987952	0.0105937	0.00250749	0.993101	0.0103642	0.0104988	0.0105511	0.0106949	0.0108683	0.00120759	0.97946	0.97946	
0.00256032	0.993102	0.993102	0.993102	0.993102	0.00234299	5.58653e-12	0.993102	0.00239711	0.993102	0.993101	0.993101	0.00896061	0.00273383	0.993102	0.993101	0.00261667	0.993101	0.989248	0.008719	0.00250949	0.993101	0.00845423	0.00861103	0.00866687	0.00883444	0.00902915	0.00203788	0.993625	0.993625	
0.00256353	0.993102	0.993102	0.993102	0.993102	0.0024117	5.57929e-12	0.993102	0.00247951	0.993102	0.993101	0.993101	0.00735122	0.00275403	0.993102	0.993101	0.00263257	0.993101	0.990218	0.00711147	0.00252157	0.993101	0.00685653	0.00700446	0.00706827	0.00722596	0.00742932	0.00290322	0.991934	0.991934	
0.00256682	0.993102	0.993102	0.993102	0.993102	0.00243208	5.57195e-12	0.993102	0.00252024	0.993102	0.993101	0.993101	0.00615987	0.00278386	0.993102	0.993101	0.00265715	0.993101	0.990944	0.00591838	0.00254181	0.993101	0.00567669	0.00581102	0.00589112	0.00603348	0.00625761	0.00312799	0.972373	0.972373	
0.00256954	0.993102	0.993102	0.993102	0.993102	0.00224296	5.56589e-12	0.993102	0.0023362	0.993102	0.993101	0.993101	0.00558004	0.0028106	0.993102	0.993101	0.00267891	0.993101	0.991486	0.00530657	0.0025599	0.993101	0.00505288	0.00518616	0.00529688	0.0054363	0.00571559	0.00455806	1.00361	1.00361	
0.00256914	0.993102	0.993102	0.993102	0.993102	0.00243944	5.56665e-12	0.993102	0.00258161	0.993102	0.993101	0.993101	0.00467776	0.00284618	0.993102	0.993101	0.0027125	0.993101	0.991893	0.00442839	0.00259248	0.993101	0.00421752	0.00431907	0.00444189	0.00454642	0.00482703	0.00455237	0.990434	0.990434	
0.00257138	0.993102	0.993102	0.993102	0.993102	0.00241528	5.56171e-12	0.993102	0.00257775	0.993102	0.993101	0.993101	0.00416014	0.00288003	0.993102	0.993101	0.00274033	0.993101	0.992197	0.00390896	0.00261678	0.993101	0.00371602	0.00380048	0.00394294	0.00402697	0.00433457	0.00653429	1.0091	1.0091	
0.00257274	0.993102	0.993102	0.993102	0.993102	0.00262937	5.5587e-12	0.993102	0.00286529	0.993102	0.993101	0.993101	0.00354986	0.00293548	0.993102	0.993101	0.00278945	0.993101	0.992425	0.00331916	0.00266225	0.993101	0.00316671	0.00322065	0.00337699	0.00342694	0.00374125	0.00492728	0.97211	0.97211	
0.00257653	0.993102	0.993102	0.993102	0.993102	0.00237673	5.55047e-12	0.993102	0.00259556	0.993102	0.993101	0.993101	0.00361084	0.00296108	0.993102	0.993101	0.00280597	0.993101	0.992595	0.00333519	0.00267407	0.993101	0.0031648	0.00322181	0.00341419	0.00346166	0.0038525	0.00609555	0.995584	0.995584	
0.0025761	0.993102	0.993102	0.993102	0.993102	0.00241079	5.55136e-12	0.993102	0.00265629	0.993102	0.993101	0.993101	0.00327963	0.00298988	0.993102	0.993101	0.00283156	0.993101	0.992722	0.00301652	0.00269898	0.993101	0.00287394	0.00290971	0.00311332	0.00313645	0.00353517	0.0089752	1.04243	1.04243	
0.00257621	0.993102	0.993102	0.993102	0.993102	0.00332397	5.55108e-12	0.993102	0.00380438	0.993102	0.993101	0.993101	0.0026686	0.00305917	0.993102	0.993101	0.0028945	0.993101	0.992818	0.00245011	0.00275889	0.9931	0.00234831	0.00236202	0.00254851	0.00254938	0.00290196	0.00897542	1.04627	1.04627	
0.00258822	0.993102	0.993102	0.993102	0.993102	0.00418847	5.52558e-12	0.993102	0.00487974	0.993102	0.993101	0.993101	0.00220486	0.00314951	0.993102	0.993101	0.00295586	0.993101	0.992889	0.00201203	0.00280372	0.9931	0.001929	0.00193624	0.00210511	0.00209858	0.00242034	0.0106175	1.04414	1.04414	
0.00260869	0.993102	0.993102	0.993102	0.993102	0.00476788	5.48298e-12	0.993102	0.00566854	0.993102	0.993101	0.993101	0.0018691	0.00328467	0.993102	0.993101	0.00304224	0.993101	0.992943	0.00168595	0.00286188	0.993099	0.00161221	0.00161706	0.00177753	0.00176647	0.00208216	0.0140342	1.05956	1.05956	
0.00263183	0.993102	0.993102	0.993102	0.993102	0.00568916	5.43557e-12	0.993102	0.00704285	0.993102	0.993101	0.993101	0.0015539	0.00348289	0.993102	0.9931	0.00317573	0.993101	0.992983	0.00138536	0.00295924	0.993098	0.00132516	0.0013246	0.00147642	0.00145799	0.00176361	0.0142032	1.06535	1.06535	
0.00266174	0.993102	0.993102	0.993102	0.993102	0.00671672	5.37577e-12	0.993102	0.00852716	0.993102	0.993101	0.993101	0.00130839	0.00369253	0.993102	0.9931	0.00329537	0.993101	0.993013	0.00114653	0.00303486	0.993097	0.0010899	0.00109195	0.00123159	0.00121412	0.00151313	0.0195737	1.08514	1.08514	
0.00269846	0.993102	0.993102	0.993102	0.993102	0.0084326	5.3044e-12	0.993102	0.011387	0.993102	0.993101	0.993101	0.00107249	0.00404557	0.993102	0.9931	0.00350983	0.993101	0.993035	0.000924374	0.00318414	0.993095	0.000876646	0.000877316	0.00100444	0.000984499	0.00127045	0.0206558	1.0895	1.0895	
0.00275055	0.993102	0.993102	0.993102	0.993102	0.0101979	5.20775e-12	0.993102	0.014351	0.993102	0.993102	0.993101	0.000896503	0.00449554	0.993102	0.993099	0.00373013	0.993101	0.993052	0.000751291	0.00331575	0.993092	0.000704239	0.000709894	0.000823342	0.000807229	0.00109268	0.0224309	1.09522	1.09522	
0.00281572	0.993102	0.993102	0.993102	0.993102	0.0121348	5.09246e-12	0.993102	0.0177212	0.993102	0.993102	0.993101	0.000761911	0.00507514	0.993102	0.993099	0.00397558	0.993101	0.993065	0.000613479	0.00344783	0.993089	0.000563873	0.00057666	0.00067639	0.000666942	0.000960247	0.020543	1.09107	1.09107	
0.00289432	0.993102	0.993102	0.993102	0.993102	0.0137287	4.96076e-12	0.993102	0.0202052	0.993102	0.993102	0.993101	0.000687721	0.00568193	0.993102	0.993098	0.0041604	0.993101	0.993074	0.000516947	0.00351096	0.993088	0.000455649	0.00048229	0.000567382	0.000572851	0.000895845	0.0211066	1.0966	1.0966	
0.00297855	0.993102	0.993102	0.993102	0.993102	0.0157265	4.82613e-12	0.993102	0.0233428	0.993102	0.993102	0.993101	0.000629598	0.00635456	0.993102	0.993098	0.00435071	0.993101	0.993081	0.000438076	0.00356872	0.993085	0.000367427	0.000405224	0.000476747	0.000496102	0.000845687	0.0207751	1.09679	1.09679	
0.00307461	0.993102	0.993102	0.993102	0.993102	0.0177246	4.68174e-12	0.993102	0.0263828	0.993102	0.993102	0.993101	0.000601848	0.0071208	0.993102	0.993098	0.00453484	0.993101	0.993086	0.000379207	0.00360574	0.993084	0.000297291	0.000346928	0.00040557	0.000441621	0.000830836	0.0239892	1.1018	1.1018	
0.00318084	0.993102	0.993102	0.993102	0.993102	0.0199323	4.53177e-12	0.993102	0.0303434	0.993102	0.993102	0.993101	0.000575589	0.00817197	0.993102	0.993098	0.00481239	0.993101	0.99309	0.000327358	0.00369529	0.993081	0.00023966	0.000295974	0.000345046	0.00039261	0.000823988	0.0243034	1.09511	1.09511	
0.00329993	0.993102	0.993102	0.993102	0.993102	0.0212558	4.37512e-12	0.993102	0.0328539	0.993102	0.993102	0.993101	0.000597386	0.00946087	0.993102	0.993098	0.00509304	0.993101	0.993093	0.000294495	0.00376857	0.993079	0.000195395	0.000262422	0.000302094	0.000367582	0.000887476	0.0247155	1.09101	1.09101	
0.00341361	0.993102	0.993102	0.993102	0.993102	0.0220205	4.2322e-12	0.993102	0.0344546	0.993102	0.993102	0.993101	0.000645354	0.0108037	0.993102	0.993098	0.00535542	0.993101	0.993096	0.000273688	0.00383166	0.993078	0.000161565	0.000240324	0.000271365	0.000356619	0.000989073	0.0237707	1.10222	1.10222	
0.00351318	0.993102	0.993102	0.993102	0.993102	0.0244556	4.11071e-12	0.993102	0.0383713	0.993102	0.993102	0.993101	0.000655152	0.0119777	0.993102	0.993098	0.00554623	0.993101	0.993097	0.000248228	0.00386002	0.993075	0.000132233	0.000215686	0.000238134	0.000334311	0.00101708	0.0255293	1.10401	1.10401	
0.00363534	0.993102	0.993102	0.993102	0.993102	0.0270715	3.97493e-12	0.993102	0.042995	0.993102	0.993102	0.993101	0.000677863	0.0136641	0.993102	0.993097	0.00582275	0.993101	0.993098	0.000226197	0.00391663	0.993072	0.000107853	0.000194159	0.000209481	0.000316126	0.00107354	0.0275903	1.10025	1.10025	
0.00378059	0.993102	0.993102	0.993102	0.993102	0.0289299	3.82751e-12	0.993102	0.0468566	0.993102	0.993102	0.993101	0.000740733	0.0160912	0.993102	0.993097	0.00619247	0.993101	0.993099	0.00021111	0.00400208	0.993069	8.82781e-05	0.000178773	0.000187505	0.000308463	0.00120848	0.0161835	1.07986	1.07986	
0.00392925	0.993102	0.993102	0.993102	0.993102	0.0294795	3.68607e-12	0.993102	0.0457587	0.993102	0.993102	0.993101	0.00106849	0.0174998	0.993102	0.993098	0.00615197	0.993101	0.9931	0.00023702	0.00384821	0.993073	7.54601e-05	0.000197212	0.000183115	0.000371773	0.00161446	0.0151292	1.08233	1.08233	
0.00405259	0.993102	0.993102	0.993102	0.993102	0.0306237	3.57125e-12	0.993102	0.0456927	0.993102	0.993102	0.993101	0.00127796	0.0182172	0.993102	0.993098	0.00610651	0.993101	0.993101	0.0002542	0.00371533	0.993076	6.57149e-05	0.000206586	0.000178671	0.000416723	0.00185511	0.0162096	1.07327	1.07327	
0.00417052	0.993102	0.993102	0.993102	0.993102	0.0302726	3.46693e-12	0.993102	0.0442522	0.993102	0.993102	0.993101	0.00151575	0.01885	0.993102	0.993098	0.00614045	0.993101	0.993101	0.000280336	0.00363409	0.993078	6.00371e-05	0.000220619	0.000183678	0.000478052	0.00216119	0.0118389	1.06709	1.06709	
0.00425083	0.993102	0.993102	0.993102	0.993102	0.0296591	3.39448e-12	0.993102	0.0419256	0.993102	0.993102	0.993101	0.00178624	0.0186318	0.993102	0.993098	0.00602507	0.993101	0.993101	0.000321063	0.00350204	0.993081	5.80397e-05	0.000245437	0.000195655	0.000561539	0.00244283	0.0103939	1.05059	1.05059	
0.00429721	0.993102	0.993102	0.993102	0.993102	0.0272919	3.35015e-12	0.993102	0.0376193	0.993102	0.993102	0.993101	0.00218657	0.017957	0.993102	0.993099	0.00588136	0.993101	0.993101	0.000399568	0.003381	0.993084	6.37001e-05	0.000296191	0.00023123	0.000708373	0.00287344	0.0131812	1.05902	1.05902	
0.0042805	0.993102	0.993102	0.993102	0.993102	0.0256122	3.35625e-12	0.993102	0.0348635	0.993102	0.993102	0.993101	0.00220847	0.0170168	0.993102	0.993099	0.00578535	0.993101	0.993101	0.000426308	0.0033339	0.993086	6.8996e-05	0.000312334	0.000251136	0.000749741	0.00289457	0.0126522	1.04291	1.04291	
0.00423296	0.993102	0.993102	0.993102	0.993102	0.0227419	3.38984e-12	0.993102	0.0306754	0.993102	0.993102	0.993101	0.00236715	0.0159111	0.993102	0.993099	0.005654	0.993101	0.993102	0.000496564	0.00329022	0.993088	8.56222e-05	0.00036175	0.000301826	0.000857238	0.00308555	0.0159887	1.05705	1.05705	
0.00414015	0.993102	0.993102	0.993102	0.993102	0.0209698	3.46688e-12	0.993102	0.0283634	0.993102	0.993102	0.993101	0.00219781	0.0147825	0.993102	0.993099	0.00556806	0.993101	0.993102	0.000496763	0.00331224	0.993089	9.61478e-05	0.000363805	0.000319193	0.000838692	0.00289571	0.0151916	1.05625	1.05625	
0.00403695	0.993102	0.993102	0.993102	0.993102	0.0193771	3.55809e-12	0.993102	0.0261922	0.993102	0.993102	0.993101	0.00204607	0.0136454	0.993102	0.993099	0.0054371	0.993101	0.993102	0.000500972	0.00331532	0.99309	0.000108988	0.00037076	0.000338179	0.000824123	0.00271054	0.0239238	1.06843	1.06843	
0.0039304	0.993102	0.993102	0.993102	0.993102	0.0182041	3.65755e-12	0.993102	0.0255231	0.993102	0.993102	0.993101	0.00177348	0.0130291	0.993102	0.993099	0.00553302	0.993101	0.993102	0.000459963	0.00347669	0.993089	0.00011425	0.000343628	0.000334377	0.000742029	0.00241924	0.0237148	1.0547	1.0547	
0.00382966	0.993102	0.993102	0.993102	0.993102	0.01633	3.75558e-12	0.993102	0.0234219	0.993102	0.993102	0.993101	0.00163892	0.012483	0.993102	0.9931	0.00556509	0.993101	0.993102	0.000456622	0.0035933	0.993089	0.000130733	0.000347582	0.000358659	0.000717037	0.00231101	0.02411	1.05907	1.05907	
0.00372169	0.993102	0.993102	0.993102	0.993102	0.0149399	3.86785e-12	0.993102	0.0219029	0.993102	0.993102	0.993101	0.00148706	0.0118759	0.993102	0.9931	0.00554778	0.993101	0.993102	0.000443902	0.00368839	0.993089	0.000144635	0.000345071	0.000372015	0.000678224	0.00215124	0.0269884	1.05793	1.05793	
0.00361751	0.993102	0.993102	0.993102	0.993102	0.0135568	3.98168e-12	0.993102	0.020441	0.993102	0.993102	0.993101	0.00134974	0.0114137	0.993102	0.9931	0.0055764	0.993101	0.993102	0.000430906	0.00381853	0.993089	0.000160559	0.000342397	0.000387684	0.00064061	0.00201606	0.0318769	1.06757	1.06757	
0.00351691	0.993102	0.993102	0.993102	0.993102	0.0126178	4.09735e-12	0.993102	0.019934	0.993102	0.993102	0.993101	0.00117716	0.0111681	0.993102	0.9931	0.00570069	0.993101	0.993102	0.000396274	0.00402413	0.993087	0.000167171	0.000320823	0.000382901	0.000576177	0.00182467	0.0328718	1.06337	1.06337	
0.00342661	0.993102	0.993102	0.993102	0.993102	0.0115916	4.2051e-12	0.993102	0.0190325	0.993102	0.993102	0.993102	0.00105551	0.0109833	0.993102	0.9931	0.00579538	0.993101	0.993102	0.000375246	0.00420131	0.993086	0.000178276	0.000310871	0.000388481	0.000532452	0.00170223	0.038698	1.07439	1.07439	
0.00334294	0.993102	0.993102	0.993102	0.993102	0.0109617	4.30935e-12	0.993102	0.0191504	0.993102	0.993102	0.993102	0.000910137	0.0110626	0.993102	0.9931	0.00601934	0.993101	0.993102	0.000337001	0.0044802	0.993083	0.000178553	0.000284354	0.000373986	0.000469296	0.0015345	0.0564114	1.08738	1.08738	
0.00327062	0.993102	0.993102	0.993102	0.993102	0.0102344	4.40209e-12	0.993102	0.0205041	0.993102	0.993102	0.993102	0.000746468	0.0123303	0.993102	0.9931	0.00686587	0.993101	0.993102	0.000282593	0.00525276	0.993069	0.000168708	0.000241558	0.000343939	0.000389042	0.00135034	0.0547457	1.08119	1.08119	
0.00320542	0.993102	0.993102	0.993102	0.993102	0.00946261	4.48875e-12	0.993102	0.02066	0.993102	0.993102	0.993102	0.000639395	0.0133629	0.993102	0.9931	0.00738991	0.993101	0.993102	0.000247059	0.00576903	0.993062	0.000164427	0.000216379	0.000327968	0.000334797	0.00125188	0.0593075	1.08644	1.08644	
0.00314506	0.993102	0.993102	0.993102	0.993102	0.00885498	4.57217e-12	0.993102	0.0211772	0.993102	0.993102	0.993102	0.000545282	0.0145512	0.993102	0.9931	0.00795769	0.993101	0.993102	0.000214123	0.00632955	0.993052	0.000157731	0.000192199	0.000308774	0.000285869	0.00115549	0.0653816	1.08998	1.08998	
0.00309091	0.993102	0.993102	0.993102	0.993102	0.00827279	4.64943e-12	0.993102	0.0218292	0.993102	0.993102	0.993102	0.000464329	0.0161214	0.993102	0.9931	0.00866001	0.993101	0.993102	0.000184364	0.0070066	0.993038	0.000150078	0.000169692	0.000289481	0.000242726	0.0010727	0.0638868	1.08866	1.08866	
0.00304187	0.993102	0.993102	0.993102	0.993102	0.00780515	4.72163e-12	0.993102	0.0220338	0.993102	0.993102	0.993102	0.000408587	0.0172767	0.993102	0.9931	0.0090766	0.993101	0.993102	0.000163493	0.00744693	0.99303	0.000144736	0.000155361	0.000275829	0.000211758	0.00102195	0.0638495	1.09364	1.09364	
0.00299841	0.993102	0.993102	0.993102	0.993102	0.00759175	4.78732e-12	0.993102	0.0226557	0.993102	0.993102	0.993102	0.000361575	0.0181794	0.993102	0.9931	0.00936248	0.993101	0.993102	0.000145471	0.00777479	0.993021	0.000137696	0.000142557	0.000259778	0.000185494	0.000964818	0.0716691	1.09592	1.09592	
0.00296282	0.993102	0.993102	0.993102	0.993102	0.00723635	4.84185e-12	0.993102	0.0233483	0.993102	0.993102	0.993102	0.000317333	0.0198723	0.993102	0.9931	0.00999376	0.993101	0.993102	0.000127753	0.00838913	0.993003	0.000130545	0.00012862	0.000244756	0.0001608	0.00091796	0.0723539	1.09846	1.09846	
0.00293111	0.993102	0.993102	0.993102	0.993102	0.00700601	4.89163e-12	0.993102	0.0240977	0.993102	0.993102	0.993102	0.000282544	0.0213972	0.993102	0.9931	0.0104856	0.993101	0.993102	0.000113318	0.00888391	0.992987	0.000123301	0.000117409	0.000230368	0.000140806	0.00087845	0.0754432	1.10157	1.10157	
0.00290412	0.993102	0.993102	0.993102	0.993102	0.00681985	4.93474e-12	0.993102	0.0250092	0.993102	0.993102	0.993102	0.000252466	0.0231476	0.993102	0.9931	0.0110284	0.993101	0.993102	0.000100449	0.00941843	0.992967	0.000115733	0.000107009	0.000216094	0.000123372	0.00084281	0.070071	1.09406	1.09406	
0.00288128	0.993102	0.993102	0.993102	0.993102	0.00660382	4.97175e-12	0.993102	0.0246981	0.993102	0.993102	0.993102	0.00024399	0.0239813	0.993102	0.9931	0.0111035	0.993101	0.993102	9.54203e-05	0.00953892	0.992967	0.000112993	0.000105501	0.000211577	0.000115533	0.000854168	0.0775028	1.09848	1.09848	
0.00286115	0.993102	0.993102	0.993102	0.993102	0.00634293	5.00499e-12	0.993102	0.0249497	0.993102	0.993102	0.993102	0.000225487	0.0255475	0.993102	0.9931	0.0115966	0.993101	0.993102	8.73816e-05	0.0100237	0.992951	0.000109118	9.90533e-05	0.00020426	0.000104688	0.000841231	0.0735788	1.10529	1.10529	
0.00284242	0.993102	0.993102	0.993102	0.993102	0.00646308	5.03657e-12	0.993102	0.0259795	0.993102	0.993102	0.993102	0.000209645	0.0262309	0.993102	0.9931	0.0117048	0.993101	0.993102	8.04705e-05	0.010171	0.992941	0.000102987	9.33973e-05	0.000192736	9.54603e-05	0.000807623	0.0825084	1.11175	1.11175	
0.0028301	0.993102	0.993102	0.993102	0.993102	0.00647855	5.05711e-12	0.993102	0.0277631	0.993102	0.993102	0.993102	0.000188217	0.0284295	0.993102	0.9931	0.0123776	0.993101	0.993102	7.13031e-05	0.0107967	0.992902	9.50138e-05	8.42838e-05	0.000178564	8.40496e-05	0.000767482	0.0775483	1.10185	1.10185	
0.00282109	0.993102	0.993102	0.993102	0.993102	0.00633751	5.07208e-12	0.993102	0.027648	0.993102	0.993102	0.993102	0.000186148	0.0298411	0.993102	0.9931	0.0125448	0.993101	0.993102	6.82806e-05	0.0109675	0.9929	9.14646e-05	8.31375e-05	0.000174011	7.98832e-05	0.000787829	0.072645	1.08519	1.08519	
0.00281237	0.993102	0.993102	0.993102	0.993102	0.00591449	5.08692e-12	0.993102	0.0256246	0.993102	0.993102	0.993102	0.000208717	0.0300872	0.993102	0.9931	0.0123586	0.993101	0.993102	7.40705e-05	0.0108282	0.992919	9.70787e-05	9.3209e-05	0.000186714	8.58572e-05	0.000886076	0.0603533	1.07308	1.07308	
0.00279996	0.993102	0.993102	0.993102	0.993102	0.00558261	5.109e-12	0.993102	0.0230011	0.993102	0.993102	0.993102	0.000260468	0.0281576	0.993102	0.993101	0.0115581	0.993101	0.993102	9.28549e-05	0.0101574	0.992951	0.000112536	0.000119066	0.000214668	0.000106374	0.0010114	0.061765	1.08411	1.08411	
0.00278608	0.993102	0.993102	0.993102	0.993102	0.00556002	5.13419e-12	0.993102	0.0219034	0.993102	0.993102	0.993102	0.000268122	0.0263057	0.993102	0.993101	0.0110091	0.993101	0.993102	9.86646e-05	0.00971373	0.992969	0.000119981	0.000126071	0.000223985	0.000112227	0.00100846	0.0639379	1.09198	1.09198	
0.00277538	0.993102	0.993102	0.993102	0.993102	0.00570766	5.15364e-12	0.993102	0.02186	0.993102	0.993102	0.993102	0.000257952	0.0249178	0.993102	0.9931	0.0107011	0.993101	0.993102	9.77001e-05	0.00947481	0.992978	0.000121726	0.000123953	0.00022293	0.000110656	0.000960393	0.0614832	1.08854	1.08854	
0.00276942	0.993102	0.993102	0.993102	0.993102	0.00579683	5.16432e-12	0.993102	0.0215001	0.993102	0.993102	0.993102	0.00025741	0.0236249	0.993102	0.9931	0.0103605	0.993101	0.993102	9.99691e-05	0.00919123	0.992988	0.000125271	0.000125853	0.00022614	0.000112912	0.000938724	0.058355	1.09312	1.09312	
0.00276619	0.993102	0.993102	0.993102	0.993102	0.00612244	5.16998e-12	0.993102	0.0217328	0.993102	0.993102	0.993102	0.000254268	0.0222955	0.993102	0.9931	0.00996817	0.993101	0.993102	0.000100898	0.00885258	0.992996	0.000125326	0.000125983	0.00022374	0.00011379	0.000900388	0.0552876	1.0892	1.0892	
0.00276829	0.993102	0.993102	0.993102	0.993102	0.00635915	5.16574e-12	0.993102	0.0215578	0.993102	0.993102	0.993102	0.000261816	0.0210706	0.993102	0.9931	0.00955734	0.993101	0.993102	0.000105503	0.00848253	0.993006	0.000127404	0.000130542	0.00022611	0.000119057	0.000889812	0.0889337	1.13173	1.13173	
0.00277317	0.993102	0.993102	0.993102	0.993102	0.006899	5.15644e-12	0.993102	0.0282953	0.993102	0.993102	0.993102	0.000211398	0.0241667	0.993102	0.9931	0.0112506	0.993101	0.993102	8.5484e-05	0.00996387	0.992878	0.00010973	0.000105484	0.000194354	9.65132e-05	0.000757521	0.089301	1.13153	1.13153	
0.00278441	0.993102	0.993102	0.993102	0.993102	0.00732496	5.13562e-12	0.993102	0.0335429	0.993102	0.993102	0.993102	0.000178394	0.0290453	0.993102	0.9931	0.0125914	0.993101	0.993102	7.04823e-05	0.0110986	0.992779	9.30285e-05	8.76401e-05	0.000167506	7.96994e-05	0.000687356	0.0910836	1.13061	1.13061	
0.00279888	0.993102	0.993102	0.993102	0.993102	0.00756558	5.10921e-12	0.993102	0.0374523	0.993102	0.993102	0.993102	0.000157994	0.0355779	0.993102	0.9931	0.0137798	0.993101	0.993102	5.91462e-05	0.0120779	0.992696	7.85523e-05	7.49264e-05	0.000145588	6.70538e-05	0.000665761	0.0698231	1.12783	1.12783	
0.00281315	0.993102	0.993102	0.993102	0.993102	0.00869504	5.08336e-12	0.993102	0.0398479	0.993102	0.993102	0.993102	0.00016457	0.0373424	0.993102	0.9931	0.0131905	0.993101	0.993102	5.462e-05	0.0115167	0.992731	6.6825e-05	7.22588e-05	0.000128737	6.22298e-05	0.000685349	0.0868105	1.1315	1.1315	
0.0028402	0.993102	0.993102	0.993102	0.993102	0.00894413	5.03587e-12	0.993102	0.0430505	0.993102	0.993102	0.993102	0.000156888	0.0441356	0.993102	0.9931	0.0139863	0.993101	0.993102	4.77258e-05	0.0120859	0.992679	5.66451e-05	6.48112e-05	0.000113866	5.4722e-05	0.00070424	0.0794921	1.13188	1.13188	
0.0028641	0.993102	0.993102	0.993102	0.993102	0.00955985	4.99421e-12	0.993102	0.0456691	0.993102	0.993102	0.993102	0.00016146	0.0489443	0.993102	0.993099	0.0140469	0.993101	0.993102	4.35875e-05	0.0120453	0.992675	4.8156e-05	6.15232e-05	0.000101525	5.03652e-05	0.000742865	0.0746004	1.1327	1.1327	
0.00289111	0.993102	0.993102	0.993102	0.993102	0.0104425	4.94803e-12	0.993102	0.0481622	0.993102	0.993102	0.993102	0.00017389	0.0526458	0.993102	0.993099	0.0138025	0.9931	0.993102	4.1158e-05	0.0117382	0.99269	4.10824e-05	6.05637e-05	9.12046e-05	4.80295e-05	0.000791659	0.0821197	1.13396	1.13396	
0.0029246	0.993102	0.993102	0.993102	0.993102	0.0108231	4.89229e-12	0.993102	0.0508461	0.993102	0.993102	0.993102	0.000179323	0.0596005	0.993102	0.993099	0.0142126	0.9931	0.993102	3.79657e-05	0.011945	0.992662	3.51193e-05	5.76872e-05	8.23828e-05	4.47724e-05	0.000846441	0.0840764	1.13463	1.13463	
0.00295547	0.993102	0.993102	0.993102	0.993102	0.011077	4.84156e-12	0.993102	0.0532589	0.993102	0.993102	0.993102	0.000186158	0.0676979	0.993102	0.993099	0.0147023	0.9931	0.993102	3.52099e-05	0.0122243	0.992628	3.01296e-05	5.53614e-05	7.48639e-05	4.19467e-05	0.000912421	0.091454	1.13698	1.13698	
0.00298245	0.993102	0.993102	0.993102	0.993102	0.0110125	4.79761e-12	0.993102	0.0559027	0.993102	0.993102	0.993102	0.000186416	0.0794082	0.993102	0.993099	0.0157268	0.9931	0.993102	3.19449e-05	0.0129478	0.992542	2.58641e-05	5.1854e-05	6.80359e-05	3.83743e-05	0.000975918	0.103978	1.14043	1.14043	
0.00300165	0.993102	0.993102	0.993102	0.993102	0.0105105	4.76625e-12	0.993102	0.0589081	0.993102	0.993102	0.993102	0.000177543	0.0985488	0.993102	0.993099	0.0177984	0.9931	0.993102	2.79708e-05	0.01455	0.992321	2.21437e-05	4.68097e-05	6.15477e-05	3.37838e-05	0.00103439	0.103709	1.13874	1.13874	
0.00300835	0.993102	0.993102	0.993102	0.993102	0.0100282	4.75465e-12	0.993102	0.0603185	0.993102	0.993102	0.993102	0.000177481	0.116812	0.993102	0.9931	0.0192584	0.9931	0.993102	2.51599e-05	0.0157233	0.992175	1.91549e-05	4.40511e-05	5.64172e-05	3.04992e-05	0.00112873	0.106422	1.13378	1.13378	
0.00300607	0.993102	0.993102	0.993102	0.993102	0.00932667	4.75749e-12	0.993102	0.0596657	0.993102	0.993102	0.993102	0.00018219	0.134568	0.993102	0.9931	0.0206152	0.9931	0.993102	2.32507e-05	0.0168654	0.992066	1.70574e-05	4.28601e-05	5.33398e-05	2.82285e-05	0.00125893	0.117854	1.14039	1.14039	
0.00299387	0.993102	0.993102	0.993102	0.993102	0.00858973	4.77657e-12	0.993102	0.06067	0.993102	0.993102	0.993102	0.000169869	0.156095	0.993102	0.9931	0.0230703	0.9931	0.993102	2.04819e-05	0.0189967	0.991718	1.52483e-05	3.90751e-05	4.97876e-05	2.4839e-05	0.00129576	0.130615	1.14481	1.14481	
0.00297388	0.993102	0.993102	0.993102	0.993102	0.00775265	4.80891e-12	0.993102	0.0623276	0.993102	0.993102	0.993102	0.000151871	0.185975	0.993102	0.9931	0.0269056	0.9931	0.993102	1.75132e-05	0.0223852	0.990977	1.36274e-05	3.44585e-05	4.61146e-05	2.11835e-05	0.00130671	0.138523	1.14502	1.14502	
0.00294678	0.993102	0.993102	0.993102	0.993102	0.00690065	4.85395e-12	0.993102	0.0631097	0.993102	0.993102	0.993102	0.000136139	0.220105	0.993102	0.9931	0.0311755	0.9931	0.993102	1.49643e-05	0.0262673	0.990038	1.22986e-05	3.05282e-05	4.30425e-05	1.80226e-05	0.0013365	0.141412	1.14298	1.14298	
0.00291435	0.993102	0.993102	0.993102	0.993102	0.00612715	4.90923e-12	0.993102	0.0625814	0.993102	0.993102	0.993102	0.000124689	0.250592	0.993102	0.993101	0.0348087	0.9931	0.993102	1.30255e-05	0.0297155	0.989249	1.13607e-05	2.77445e-05	4.09601e-05	1.55845e-05	0.00138553	0.159433	1.14653	1.14653	
0.00287922	0.993102	0.993102	0.993102	0.993102	0.00528498	4.97051e-12	0.993102	0.062774	0.993102	0.993102	0.993102	0.000107815	0.293405	0.993102	0.993101	0.0419555	0.993099	0.993102	1.09341e-05	0.0364137	0.986851	1.05858e-05	2.40096e-05	3.88885e-05	1.30037e-05	0.00138833	0.15969	1.14271	1.14271	
0.0028413	0.993102	0.993102	0.993102	0.993102	0.00457869	5.0384e-12	0.993102	0.0613493	0.993102	0.993102	0.993102	9.63828e-05	0.326225	0.993102	0.993101	0.0471299	0.993099	0.993102	9.45711e-06	0.0414947	0.985322	1.01926e-05	2.15889e-05	3.79597e-05	1.11479e-05	0.00142128	0.154461	1.14007	1.14007	
0.00280331	0.993102	0.993102	0.993102	0.993102	0.00406507	5.10796e-12	0.993102	0.0592242	0.993102	0.993102	0.993102	8.94871e-05	0.341038	0.993102	0.993101	0.0493393	0.993099	0.993102	8.56926e-06	0.0439547	0.984919	1.01979e-05	2.0394e-05	3.80146e-05	9.97759e-06	0.00144432	0.16638	1.14158	1.14158	
0.00276799	0.993102	0.993102	0.993102	0.993102	0.00355034	5.17383e-12	0.993102	0.0577559	0.993102	0.993102	0.993102	7.91553e-05	0.361366	0.993102	0.993101	0.0543473	0.993099	0.993102	7.55332e-06	0.0490452	0.983122	1.03748e-05	1.84309e-05	3.81749e-05	8.70378e-06	0.00142019	0.190686	1.14636	1.14636	
0.00273471	0.993102	0.993102	0.993102	0.993102	0.00299397	5.2371e-12	0.993102	0.0576435	0.993102	0.993102	0.993102	6.5657e-05	0.403134	0.993102	0.993101	0.0675713	0.993099	0.993102	6.28978e-06	0.061946	0.974843	1.04353e-05	1.55481e-05	3.76715e-05	7.19757e-06	0.00135365	0.182471	1.14237	1.14237	
0.00270249	0.993102	0.993102	0.993102	0.993102	0.00259932	5.29972e-12	0.993102	0.0562336	0.993102	0.993102	0.993102	5.72966e-05	0.423848	0.993102	0.993101	0.073535	0.993099	0.993102	5.52066e-06	0.0681067	0.972238	1.0748e-05	1.39219e-05	3.80731e-05	6.25017e-06	0.00132658	0.171002	1.13663	1.13663	
