0.25	0.25	0.25	0.25	0.25	0.998264	0.748264	0.998264	0.998263	0.25	0.25	0.000618156	0.25	0.25	0.25	0.000618156	0.25	0.000618156	1.27727e-12	0.000618156	0.000618156	1.27727e-12	2.63265e-21	1.27727e-12	1.27727e-12	0.25	0.25	0	0	0	
0.25	0.25	0.25	0.25	0.25	0.998264	0.748264	0.998264	0.998263	0.25	0.25	0.000618156	0.25	0.25	0.25	0.000618156	0.25	0.000618156	1.27727e-12	0.000618156	0.000618156	1.27727e-12	2.63265e-21	1.27727e-12	1.27727e-12	0.25	0.25	0	0	0	
0.437066	0.437066	0.437066	0.437066	0.437066	0.996964	0.559898	0.996964	0.996964	0.187066	0.437066	0.000462544	0.437066	0.437066	0.432569	0.245966	0.437066	0.0676981	9.55736e-13	0.250462	0.000462544	2.9129e-08	8.9104e-15	1.97218e-10	1.9722e-10	0.437066	0.437066	0.00466266	0.00466266	0.00466266	
0.57704	0.57704	0.57704	0.57704	0.57704	0.995992	0.418952	0.995992	0.995992	0.139974	0.57704	0.000346114	0.57704	0.57704	0.573673	0.434045	0.57704	0.285511	7.15143e-13	0.437412	0.000346114	4.01729e-05	6.86496e-15	7.19384e-09	7.88259e-09	0.57704	0.57704	0.0130239	0.013024	0.013024	
0.681778	0.681778	0.681778	0.681778	0.681778	0.995264	0.313486	0.995265	0.995264	0.104738	0.681778	0.000259169	0.681778	0.681778	0.679259	0.57478	0.681778	0.462661	5.35115e-13	0.577299	0.000259169	0.0065533	5.14717e-15	8.99029e-08	1.15568e-07	0.681778	0.681778	0.0238189	0.023819	0.023819	
0.760149	0.76015	0.76015	0.76015	0.76015	0.99472	0.23457	0.99472	0.99472	0.0783715	0.76015	0.000195815	0.76015	0.76015	0.758265	0.680087	0.760149	0.596071	4.00407e-13	0.681971	0.000195815	0.12595	3.85248e-15	5.1964e-07	8.14894e-07	0.76015	0.76015	0.0364361	0.0364394	0.0364394	
0.818792	0.818792	0.818792	0.818792	0.818792	0.994312	0.17552	0.994313	0.994312	0.0586425	0.818792	0.000158303	0.818792	0.818792	0.817382	0.758884	0.818792	0.695993	2.9961e-13	0.760293	0.000158303	0.321983	2.88284e-15	1.71237e-06	3.35267e-06	0.818792	0.818792	0.0503535	0.0503536	0.0503535	
0.862672	0.862673	0.862673	0.862673	0.862673	0.994007	0.131336	0.994008	0.994008	0.0438801	0.862673	0.00016914	0.862673	0.862673	0.861617	0.817845	0.862672	0.770779	2.24187e-13	0.818898	0.000169139	0.48569	2.15717e-15	3.75243e-06	9.2734e-06	0.862673	0.862673	0.0651647	0.0651647	0.0651647	
0.895506	0.895506	0.895506	0.895506	0.895506	0.993779	0.0982736	0.99378	0.99378	0.0328339	0.895506	0.000291432	0.895506	0.895506	0.894717	0.861964	0.895506	0.826742	1.67751e-13	0.862748	0.000291428	0.611208	1.61414e-15	6.11442e-06	1.91114e-05	0.895506	0.895506	0.0805771	0.0805772	0.0805772	
0.920074	0.920075	0.920075	0.920075	0.920075	0.993609	0.0735345	0.993609	0.993609	0.0245684	0.920075	0.000652297	0.920075	0.920075	0.919484	0.894976	0.920075	0.86862	1.25522e-13	0.895557	0.000652283	0.705845	1.20781e-15	8.03312e-06	3.16251e-05	0.920075	0.920075	0.0963707	0.0963708	0.0963708	
0.938458	0.938459	0.938458	0.938459	0.938459	0.993481	0.0550232	0.993482	0.993481	0.0183836	0.938459	0.00146272	0.938459	0.938458	0.938016	0.919678	0.938458	0.899955	9.39236e-14	0.920102	0.00146269	0.776714	9.03762e-16	9.02622e-06	4.43826e-05	0.938459	0.938459	0.112382	0.112382	0.112382	
0.952213	0.952214	0.952214	0.952214	0.952214	0.993385	0.0411719	0.993386	0.993386	0.0137558	0.952214	0.003031	0.952214	0.952214	0.951883	0.938162	0.952214	0.923403	7.02796e-14	0.938457	0.00303092	0.829386	6.76253e-16	9.05535e-06	5.49908e-05	0.952214	0.952214	0.128489	0.128489	0.128489	
0.962506	0.962507	0.962507	0.962507	0.962507	0.993314	0.0308074	0.993315	0.993314	0.010293	0.962507	0.00577132	0.962507	0.962507	0.96226	0.951992	0.962507	0.940948	5.25877e-14	0.952173	0.00577116	0.867884	5.06016e-16	8.36979e-06	6.19677e-05	0.962507	0.962507	0.144602	0.144603	0.144603	
0.970208	0.970209	0.970209	0.970209	0.970209	0.99326	0.0230521	0.993261	0.993261	0.00770185	0.970209	0.0102101	0.970209	0.970209	0.970024	0.962341	0.970209	0.954077	3.93495e-14	0.962399	0.0102098	0.894719	3.78634e-16	7.29224e-06	6.4927e-05	0.970209	0.970209	0.160651	0.160656	0.160656	
0.975971	0.975972	0.975972	0.975972	0.975972	0.99322	0.017249	0.993221	0.993221	0.00576301	0.975972	0.0169896	0.975972	0.975972	0.975834	0.970085	0.975972	0.963901	2.94438e-14	0.969981	0.0169891	0.910627	2.83318e-16	6.0891e-06	6.43033e-05	0.975972	0.975972	0.176591	0.176602	0.176602	
0.980283	0.980284	0.980284	0.980284	0.980284	0.99319	0.0129068	0.993191	0.993191	0.00431225	0.980284	0.0268675	0.980284	0.980284	0.980181	0.975879	0.980284	0.971251	2.20317e-14	0.975524	0.0268666	0.91376	2.11997e-16	4.93172e-06	6.09505e-05	0.980284	0.980284	0.192384	0.192404	0.192404	
0.98351	0.983511	0.983511	0.983511	0.983511	0.993168	0.0096577	0.993169	0.993169	0.0032267	0.983511	0.0406991	0.983511	0.983511	0.983433	0.980215	0.983511	0.976752	1.64855e-14	0.979426	0.0406979	0.898397	1.5863e-16	3.90792e-06	5.58129e-05	0.983511	0.983511	0.208003	0.208037	0.208037	
0.985925	0.985926	0.985926	0.985926	0.985926	0.993151	0.0072265	0.993152	0.993152	0.00241442	0.985926	0.0593976	0.985926	0.985926	0.985867	0.983459	0.985925	0.980867	1.23355e-14	0.981894	0.0593957	0.854816	1.18697e-16	3.0485e-06	4.97296e-05	0.985926	0.985926	0.223431	0.223484	0.223484	
0.987731	0.987732	0.987732	0.987732	0.987732	0.993139	0.00540733	0.993139	0.993139	0.00180662	0.987732	0.0838558	0.987732	0.987732	0.987689	0.985887	0.987732	0.983947	9.23021e-15	0.982912	0.0838532	0.775046	8.88165e-17	2.35148e-06	4.33518e-05	0.987732	0.987732	0.238651	0.238731	0.238731	
0.989083	0.989084	0.989084	0.989084	0.989084	0.993129	0.00404611	0.99313	0.99313	0.00135183	0.989084	0.114826	0.989084	0.989084	0.989051	0.987703	0.989084	0.986251	6.90663e-15	0.98218	0.114823	0.664331	6.64582e-17	1.79922e-06	3.71333e-05	0.989084	0.989084	0.253655	0.25377	0.25377	
0.990095	0.990096	0.990096	0.990096	0.990096	0.993122	0.00302755	0.993123	0.993123	0.00101153	0.990096	0.152774	0.990096	0.990096	0.990071	0.989062	0.990095	0.987976	5.16798e-15	0.97898	0.152769	0.541929	4.97283e-17	1.36866e-06	3.13566e-05	0.990096	0.990096	0.268436	0.268596	0.268596	
0.990851	0.990852	0.990852	0.990852	0.990852	0.993117	0.00226541	0.993118	0.993118	0.000756888	0.990852	0.197724	0.990852	0.990852	0.990834	0.990079	0.990852	0.989266	3.86701e-15	0.971981	0.197718	0.426918	3.72099e-17	1.03674e-06	2.61725e-05	0.990852	0.990852	0.283002	0.283206	0.283206	
0.991418	0.991419	0.991419	0.991419	0.991419	0.993113	0.00169512	0.993114	0.993114	0.000566352	0.991419	0.249165	0.991419	0.991419	0.991405	0.99084	0.991419	0.990231	2.89354e-15	0.958993	0.249159	0.329122	2.78428e-17	7.82911e-07	2.16379e-05	0.991419	0.991419	0.297334	0.297598	0.297598	
0.991842	0.991843	0.991843	0.991843	0.991843	0.99311	0.0012684	0.993111	0.993111	0.00042378	0.991843	0.305996	0.991843	0.991843	0.991832	0.99141	0.991843	0.990954	2.16513e-15	0.936811	0.305989	0.250548	2.08338e-17	5.89897e-07	1.77488e-05	0.991843	0.991843	0.311446	0.311772	0.311772	
0.992159	0.99216	0.99216	0.99216	0.99216	0.993108	0.000949097	0.993109	0.993109	0.000317099	0.99216	0.366646	0.99216	0.99216	0.992152	0.991836	0.99216	0.991494	1.62009e-15	0.901443	0.366639	0.189357	1.55892e-17	4.43732e-07	1.44642e-05	0.99216	0.99216	0.325302	0.325729	0.325729	
0.992396	0.992397	0.992397	0.992397	0.992397	0.993106	0.000710174	0.993107	0.993107	0.000237274	0.992397	0.429203	0.992397	0.992397	0.992391	0.992155	0.992397	0.991899	1.21225e-15	0.849215	0.429196	0.142521	1.16648e-17	3.33375e-07	1.17239e-05	0.992397	0.992397	0.338961	0.33947	0.33947	
0.992574	0.992574	0.992574	0.992574	0.992574	0.993105	0.000531398	0.993106	0.993106	0.000177543	0.992574	0.491769	0.992574	0.992574	0.99257	0.992393	0.992574	0.992202	9.07086e-16	0.778652	0.491761	0.107013	8.72835e-18	2.50234e-07	9.4603e-06	0.992574	0.992574	0.352398	0.352998	0.352998	
0.992706	0.992707	0.992707	0.992707	0.992707	0.993104	0.000397625	0.993105	0.993105	0.000132849	0.992707	0.552559	0.992707	0.992707	0.992704	0.992572	0.992707	0.992428	6.78739e-16	0.692351	0.552551	0.0802404	6.53111e-18	1.87699e-07	7.60537e-06	0.992707	0.992707	0.365619	0.366314	0.366313	
0.992806	0.992807	0.992807	0.992807	0.992807	0.993103	0.000297529	0.993104	0.993104	9.94063e-05	0.992807	0.610106	0.992807	0.992807	0.992804	0.992705	0.992807	0.992598	5.07876e-16	0.596827	0.610099	0.0601164	4.88699e-18	1.40718e-07	6.09536e-06	0.992807	0.992807	0.378575	0.37942	0.37942	
0.99288	0.992881	0.992881	0.992881	0.992881	0.993103	0.00022263	0.993104	0.993104	7.43821e-05	0.992881	0.663308	0.992881	0.992881	0.992879	0.992805	0.992881	0.992724	3.80025e-16	0.500217	0.663301	0.0450177	3.65676e-18	1.05455e-07	4.87282e-06	0.992881	0.992881	0.391359	0.392321	0.392321	
0.992936	0.992937	0.992937	0.992937	0.992937	0.993102	0.000166586	0.993103	0.993103	5.56575e-05	0.992937	0.711554	0.992937	0.992937	0.992935	0.99288	0.992937	0.992819	2.84359e-16	0.409407	0.711548	0.0337012	2.73622e-18	7.90043e-08	3.88746e-06	0.992937	0.992937	0.403894	0.405018	0.405018	
0.992977	0.992978	0.992978	0.992978	0.992978	0.993102	0.00012465	0.993103	0.993103	4.16466e-05	0.992978	0.754532	0.992978	0.992978	0.992977	0.992936	0.992978	0.99289	2.12775e-16	0.328793	0.754526	0.025225	2.04742e-18	5.91742e-08	3.09625e-06	0.992978	0.992978	0.41628	0.417514	0.417514	
0.993009	0.99301	0.99301	0.99301	0.99301	0.993102	9.32711e-05	0.993103	0.993103	3.11629e-05	0.99301	0.792283	0.99301	0.99301	0.993009	0.992978	0.99301	0.992943	1.59212e-16	0.260169	0.792278	0.0188786	1.53201e-18	4.43133e-08	2.4629e-06	0.99301	0.99301	0.428459	0.429812	0.429812	
0.993032	0.993033	0.993033	0.993033	0.993033	0.993102	6.97914e-05	0.993103	0.993103	2.33186e-05	0.993033	0.825019	0.993033	0.993033	0.993032	0.993009	0.993033	0.992983	1.19133e-16	0.203539	0.825014	0.0141279	1.14635e-18	3.31797e-08	1.9572e-06	0.993033	0.993033	0.440332	0.441916	0.441916	
0.993049	0.99305	0.99305	0.99305	0.99305	0.993102	5.22223e-05	0.993103	0.993103	1.74496e-05	0.99305	0.853072	0.99305	0.99305	0.99305	0.993032	0.99305	0.993013	8.91426e-17	0.157863	0.853068	0.0105722	8.5777e-19	2.48406e-08	1.55427e-06	0.99305	0.99305	0.452053	0.453828	0.453828	
0.993062	0.993063	0.993063	0.993063	0.993063	0.993102	3.90761e-05	0.993102	0.993102	1.30592e-05	0.993063	0.87691	0.993063	0.993063	0.993063	0.99305	0.993063	0.993035	6.67022e-17	0.12162	0.876907	0.00791124	6.41838e-19	1.85957e-08	1.23377e-06	0.993063	0.993063	0.463557	0.465551	0.465551	
0.993072	0.993073	0.993073	0.993073	0.993073	0.993101	2.92392e-05	0.993102	0.993102	9.77644e-06	0.993073	0.89701	0.993073	0.993073	0.993073	0.993063	0.993073	0.993052	4.99108e-17	0.0932127	0.897007	0.0059199	4.80264e-19	1.39198e-08	9.79177e-07	0.993073	0.993073	0.474838	0.477087	0.477087	
0.99308	0.99308	0.99308	0.99308	0.99308	0.993101	2.18786e-05	0.993102	0.993102	7.32474e-06	0.99308	0.913845	0.99308	0.99308	0.99308	0.993073	0.99308	0.993064	3.73464e-17	0.0711517	0.913843	0.00442975	3.59365e-19	1.0419e-08	7.77145e-07	0.99308	0.99308	0.485973	0.488441	0.488441	
0.993085	0.993086	0.993086	0.993086	0.993086	0.993101	1.6371e-05	0.993102	0.993102	5.49937e-06	0.993086	0.927876	0.993086	0.993086	0.993086	0.99308	0.993086	0.993074	2.7945e-17	0.0541376	0.927874	0.00331467	2.689e-19	7.79828e-09	6.16945e-07	0.993086	0.993086	0.497012	0.499613	0.499613	
0.993089	0.99309	0.99309	0.99309	0.99309	0.993101	1.22498e-05	0.993102	0.993102	4.15121e-06	0.99309	0.939526	0.99309	0.99309	0.99309	0.993086	0.99309	0.99308	2.09102e-17	0.0410854	0.939525	0.00248028	2.01208e-19	5.83654e-09	4.8998e-07	0.99309	0.99309	0.507778	0.510608	0.510608	
0.993092	0.993093	0.993093	0.993093	0.993093	0.993101	9.16609e-06	0.993102	0.993102	3.17628e-06	0.993093	0.949154	0.993093	0.993093	0.993093	0.99309	0.993093	0.993086	1.56463e-17	0.0311159	0.949153	0.00185592	1.50557e-19	4.36815e-09	3.89384e-07	0.993092	0.993093	0.558997	0.563015	0.563015	
0.993094	0.993095	0.993095	0.993095	0.993095	0.993101	6.85865e-06	0.993102	0.993102	4.00286e-06	0.993095	0.958818	0.993095	0.993095	0.993095	0.993093	0.993095	0.99309	1.17076e-17	0.0233299	0.958817	0.00138872	1.12656e-19	3.26864e-09	2.99338e-07	0.993092	0.993095	0.605961	0.611381	0.611381	
0.993096	0.993097	0.993097	0.993097	0.993097	0.993101	5.13208e-06	0.993102	0.993102	3.26023e-05	0.993097	0.9669	0.993097	0.993097	0.993097	0.993095	0.993097	0.993093	8.76037e-18	0.0174639	0.966899	0.00103913	8.42965e-20	2.44582e-09	2.27016e-07	0.993073	0.993097	0.649143	0.655998	0.655998	
0.993097	0.993098	0.993098	0.993098	0.993098	0.993101	3.84015e-06	0.993102	0.993102	0.000454233	0.993098	0.973264	0.993098	0.993098	0.993098	0.993097	0.993098	0.993095	6.55507e-18	0.0130688	0.973263	0.000777539	6.3076e-20	1.83012e-09	1.7111e-07	0.992958	0.993098	0.686766	0.697196	0.697196	
0.993098	0.993099	0.993099	0.993099	0.993099	0.993101	2.87344e-06	0.993102	0.993102	0.00533807	0.993099	0.978149	0.993099	0.993099	0.993099	0.993098	0.993099	0.993096	4.90493e-18	0.00977916	0.978148	0.000581804	4.71975e-20	1.36941e-09	1.2858e-07	0.992403	0.993099	0.723987	0.735177	0.735177	
0.993099	0.9931	0.9931	0.9931	0.9931	0.993101	2.15009e-06	0.993102	0.993102	0.0455252	0.9931	0.981861	0.9931	0.9931	0.9931	0.993099	0.9931	0.993098	3.6702e-18	0.00731744	0.981861	0.000435343	3.53162e-20	1.02468e-09	9.6467e-08	0.989941	0.9931	0.757575	0.77021	0.77021	
0.9931	0.993101	0.993101	0.993101	0.993101	0.993101	1.60884e-06	0.993102	0.993102	0.189008	0.993101	0.984664	0.993101	0.993101	0.993101	0.9931	0.993101	0.993099	2.74633e-18	0.00547539	0.984664	0.000325751	2.64258e-20	7.66733e-10	7.23093e-08	0.980643	0.993101	0.7849	0.80255	0.80255	
0.9931	0.993101	0.993101	0.993101	0.993101	0.993101	1.20383e-06	0.993102	0.993102	0.371181	0.993101	0.986773	0.993101	0.993101	0.993101	0.993101	0.993101	0.993099	2.05509e-18	0.00409704	0.986773	0.000243748	1.97735e-20	5.73718e-10	5.41727e-08	0.953318	0.993101	0.812679	0.832396	0.832396	
0.9931	0.993101	0.993101	0.993101	0.993101	0.993101	9.00784e-07	0.993102	0.993102	0.524118	0.993101	0.988358	0.993101	0.993101	0.993101	0.993101	0.993101	0.9931	1.53796e-18	0.00306567	0.988357	0.000182388	1.47958e-20	4.29292e-10	4.05719e-08	0.887029	0.993101	0.838597	0.859827	0.859827	
0.993101	0.993102	0.993102	0.993102	0.993102	0.993101	6.74024e-07	0.993102	0.993102	0.641472	0.993102	0.989547	0.993102	0.993102	0.993102	0.993101	0.993102	0.9931	1.15117e-18	0.00229393	0.989547	0.000136474	1.10711e-20	3.21224e-10	3.03796e-08	0.773532	0.993102	0.865736	0.88505	0.88505	
0.993101	0.993102	0.993102	0.993102	0.993102	0.993101	5.04348e-07	0.993102	0.993102	0.729834	0.993102	0.990439	0.993102	0.993102	0.993102	0.993102	0.993102	0.9931	8.61963e-19	0.00171646	0.990439	0.000102119	8.28412e-21	2.4036e-10	2.27446e-08	0.632699	0.993102	0.884821	0.908494	0.908494	
0.993101	0.993102	0.993102	0.993102	0.993102	0.993102	3.77385e-07	0.993102	0.993102	0.79607	0.993102	0.991107	0.993102	0.993102	0.993102	0.993102	0.993102	0.993101	6.46001e-19	0.00128437	0.991107	7.64116e-05	6.19871e-21	1.79853e-10	1.7027e-08	0.499691	0.993102	0.905984	0.929786	0.929786	
0.993101	0.993102	0.993102	0.993102	0.993102	0.993102	2.82383e-07	0.993102	0.993102	0.84566	0.993102	0.991608	0.993102	0.993102	0.993102	0.993102	0.993102	0.993101	4.84953e-19	0.000961045	0.991608	5.7176e-05	4.63827e-21	1.34577e-10	1.27458e-08	0.385855	0.993102	0.925189	0.949686	0.949686	
0.993101	0.993102	0.993102	0.993102	0.993102	0.993102	2.11297e-07	0.993102	0.993102	0.882773	0.993102	0.991983	0.993102	0.993102	0.993102	0.993102	0.993102	0.993101	3.65249e-19	0.000719115	0.991983	4.27827e-05	3.47065e-21	1.00699e-10	9.54075e-09	0.294336	0.993102	0.943578	0.967661	0.967661	
0.993101	0.993102	0.993102	0.993102	0.993102	0.993102	1.58106e-07	0.993102	0.993102	0.910546	0.993102	0.992264	0.993102	0.993102	0.993102	0.993102	0.993102	0.993101	2.76679e-19	0.000538087	0.992264	3.20128e-05	2.59696e-21	7.53496e-11	7.14143e-09	0.222985	0.993102	0.959482	0.984179	0.984179	
0.993101	0.993102	0.993102	0.993102	0.993102	0.993102	1.18305e-07	0.993102	0.993102	0.931328	0.993102	0.992475	0.993102	0.993102	0.993102	0.993102	0.993102	0.993101	2.11785e-19	0.000402631	0.992475	2.3954e-05	1.94321e-21	5.63813e-11	5.34543e-09	0.168295	0.993102	0.973974	0.999508	0.999508	
0.993101	0.993102	0.993102	0.993102	0.993102	0.993102	8.85233e-08	0.993102	0.993102	0.946879	0.993102	0.992632	0.993102	0.993102	0.993102	0.993102	0.993102	0.993101	1.65042e-19	0.000301274	0.992632	1.79239e-05	1.45403e-21	4.21881e-11	4.00108e-09	0.126725	0.993102	0.985344	1.01365	1.01365	
0.993101	0.993102	0.993102	0.993102	0.993102	0.993102	6.62388e-08	0.993102	0.993102	0.958515	0.993102	0.99275	0.993102	0.993102	0.993102	0.993102	0.993102	0.993101	1.32712e-19	0.000225433	0.99275	1.34118e-05	1.088e-21	3.15678e-11	2.99483e-09	0.0953029	0.993102	0.997348	1.02685	1.02685	
0.993101	0.993102	0.993102	0.993102	0.993102	0.993102	4.95641e-08	0.993102	0.993102	0.967222	0.993102	0.992839	0.993101	0.993102	0.993102	0.993102	0.993102	0.993101	1.11597e-19	0.000168683	0.992839	1.00356e-05	8.14111e-22	2.3621e-11	2.24167e-09	0.0716012	0.993102	1.00716	1.03902	1.03902	
0.993101	0.993102	0.993102	0.993102	0.993102	0.993102	3.7087e-08	0.993102	0.993102	0.973737	0.993102	0.992905	0.993101	0.993102	0.993102	0.993102	0.993102	0.993101	9.99371e-20	0.000126219	0.992905	7.50924e-06	6.09169e-22	1.76748e-11	1.67795e-09	0.0537632	0.993102	1.01676	1.05004	1.05004	
0.993101	0.993102	0.993102	0.993102	0.993102	0.993102	2.77508e-08	0.993102	0.993102	0.978612	0.993102	0.992954	0.9931	0.993102	0.993102	0.993102	0.993102	0.993101	9.5854e-20	9.44453e-05	0.992954	5.61889e-06	4.55819e-22	1.32254e-11	1.25602e-09	0.0403526	0.993102	1.02628	1.06002	1.06002	
0.993101	0.993102	0.993102	0.993102	0.993102	0.993102	2.07649e-08	0.993102	0.993102	0.982259	0.993102	0.992991	0.993099	0.993102	0.993102	0.993102	0.993102	0.993101	9.76973e-20	7.067e-05	0.992991	4.20441e-06	3.41073e-22	9.89607e-12	9.40215e-10	0.030278	0.993102	1.03424	1.06931	1.06931	
0.993101	0.993102	0.993102	0.993102	0.993102	0.993102	1.55376e-08	0.993102	0.993102	0.984989	0.993102	0.993019	0.993097	0.993102	0.993102	0.993102	0.993102	0.993101	1.05222e-19	5.28798e-05	0.993019	3.14601e-06	2.55212e-22	7.40487e-12	7.03848e-10	0.0227152	0.993102	1.04187	1.07761	1.07761	
0.993101	0.993102	0.993102	0.993102	0.993102	0.993102	1.16263e-08	0.993102	0.993102	0.987031	0.993102	0.99304	0.993095	0.993102	0.993102	0.993102	0.993102	0.993101	1.17165e-19	3.9568e-05	0.99304	2.35404e-06	1.90966e-22	5.5408e-12	5.26934e-10	0.0170401	0.993102	1.04783	1.08582	1.08582	
0.993101	0.993102	0.993102	0.993102	0.993102	0.993102	8.6995e-09	0.993102	0.993102	0.98856	0.993102	0.993056	0.993092	0.993102	0.993102	0.993102	0.993102	0.993101	1.35049e-19	2.96073e-05	0.993056	1.76144e-06	1.42893e-22	4.14598e-12	3.94515e-10	0.0127829	0.993102	1.05529	1.09223	1.09223	
0.993101	0.993102	0.993102	0.993102	0.993102	0.993102	6.50952e-09	0.993102	0.993102	0.989703	0.993102	0.993067	0.993089	0.993102	0.993102	0.993102	0.993102	0.993101	1.53795e-19	2.21541e-05	0.993067	1.31802e-06	1.06922e-22	3.10228e-12	2.95403e-10	0.00958961	0.993102	1.06406	1.09781	1.09781	
0.993101	0.993102	0.993102	0.993102	0.993102	0.993102	4.87084e-09	0.993102	0.993102	0.990559	0.993102	0.993076	0.993084	0.993102	0.993102	0.993102	0.993102	0.993101	1.70398e-19	1.65771e-05	0.993076	9.8623e-07	8.00056e-23	2.32132e-12	2.2122e-10	0.00719402	0.993102	1.07095	1.10336	1.10336	
0.993101	0.993102	0.993102	0.993102	0.993102	0.993102	3.64467e-09	0.993102	0.993102	0.991199	0.993102	0.993083	0.993078	0.993102	0.993102	0.993102	0.993102	0.993101	1.8769e-19	1.2404e-05	0.993083	7.3796e-07	5.98653e-23	1.73696e-12	1.65693e-10	0.00539742	0.993102	1.07548	1.10914	1.10914	
0.993101	0.993102	0.993102	0.993102	0.993102	0.993102	2.72717e-09	0.993102	0.993102	0.991678	0.993102	0.993087	0.993072	0.993102	0.993102	0.993102	0.993102	0.993101	2.0969e-19	9.28148e-06	0.993087	5.52189e-07	4.4795e-23	1.29971e-12	1.24126e-10	0.0040504	0.993102	1.07868	1.11495	1.11495	
0.993101	0.993102	0.993102	0.993102	0.993102	0.993102	2.04064e-09	0.993102	0.993102	0.992037	0.993102	0.993091	0.993064	0.993102	0.993102	0.993102	0.993102	0.993101	2.38869e-19	6.94499e-06	0.993091	4.13183e-07	3.35185e-23	9.72523e-13	9.3007e-11	0.00304055	0.993102	1.07988	1.12067	1.12067	
0.993101	0.993102	0.993102	0.993102	0.993102	0.993102	1.52694e-09	0.993102	0.993102	0.992305	0.993102	0.993094	0.993056	0.993102	0.993102	0.993102	0.993102	0.993101	2.79325e-19	5.19669e-06	0.993094	3.09169e-07	2.50806e-23	7.27703e-13	6.9708e-11	0.00228365	0.993102	1.08519	1.12421	1.12421	
0.993101	0.993102	0.993102	0.993102	0.993102	0.993102	1.14255e-09	0.993102	0.993102	0.992506	0.993102	0.993096	0.993047	0.993102	0.993102	0.993102	0.993102	0.993101	3.13239e-19	3.88849e-06	0.993096	2.3134e-07	1.87669e-23	5.44514e-13	5.22665e-11	0.00171591	0.993102	1.09094	1.1274	1.1274	
0.993101	0.993102	0.993102	0.993102	0.993102	0.993102	8.54931e-10	0.993102	0.993102	0.992656	0.993102	0.993097	0.993036	0.993102	0.993102	0.993102	0.993102	0.993101	3.39933e-19	2.90962e-06	0.993097	1.73103e-07	1.40426e-23	4.0744e-13	3.9209e-11	0.00128992	0.993102	1.0937	1.1309	1.1309	
0.993101	0.993102	0.993102	0.993102	0.993102	0.993102	6.39714e-10	0.993102	0.993102	0.992768	0.993102	0.993099	0.993025	0.993102	0.993102	0.993102	0.993102	0.993101	3.69225e-19	2.17716e-06	0.993099	1.29527e-07	1.05076e-23	3.04872e-13	2.94319e-11	0.000970468	0.993102	1.09529	1.13479	1.13479	
0.993101	0.993102	0.993102	0.993102	0.993102	0.993102	4.78675e-10	0.993102	0.993102	0.992852	0.993102	0.993099	0.993013	0.993102	0.993102	0.993102	0.993102	0.993101	4.06264e-19	1.62909e-06	0.993099	9.69204e-08	7.86244e-24	2.28125e-13	2.2109e-11	0.000730886	0.993102	1.09664	1.13831	1.13831	
0.993101	0.993102	0.993102	0.993102	0.993102	0.993102	3.58175e-10	0.993102	0.993102	0.992915	0.993102	0.9931	0.993001	0.993102	0.993102	0.993102	0.993102	0.993101	4.49718e-19	1.21899e-06	0.9931	7.2522e-08	5.88318e-24	1.70698e-13	1.66237e-11	0.000551176	0.993102	1.10017	1.14074	1.14074	
0.993101	0.993102	0.993102	0.993102	0.993102	0.993102	2.68009e-10	0.993102	0.993102	0.992962	0.993102	0.993101	0.992987	0.993102	0.993102	0.993102	0.993102	0.993101	4.86129e-19	9.12124e-07	0.993101	5.42656e-08	4.40217e-24	1.27727e-13	1.25154e-11	0.000416226	0.993102	1.09465	1.1445	1.1445	
0.993101	0.993102	0.993102	0.993102	0.993102	0.993102	2.00541e-10	0.993102	0.993102	0.992997	0.993102	0.993101	0.992979	0.993102	0.993102	0.993102	0.993102	0.993101	5.57934e-19	6.82509e-07	0.993101	4.06049e-08	3.29398e-24	9.55733e-14	9.43584e-12	0.000315383	0.993102	1.09611	1.14711	1.14711	
0.993101	0.993102	0.993102	0.993102	0.993102	0.993102	1.50058e-10	0.993102	0.993102	0.993024	0.993102	0.993101	0.992969	0.993102	0.993102	0.993102	0.993102	0.993101	6.26793e-19	5.10697e-07	0.993101	3.03832e-08	2.46477e-24	7.1514e-14	7.12788e-12	0.000239619	0.993102	1.09754	1.14932	1.14932	
0.993101	0.993102	0.993102	0.993102	0.993102	0.993102	1.12283e-10	0.993102	0.993102	0.993044	0.993102	0.993101	0.992959	0.993102	0.993102	0.993102	0.993102	0.993101	6.91237e-19	3.82136e-07	0.993101	2.27346e-08	1.8443e-24	5.35113e-14	5.398e-12	0.000182672	0.993102	1.09899	1.15173	1.15173	
0.993101	0.993102	0.993102	0.993102	0.993102	0.993102	8.40172e-11	0.993102	0.993102	0.993058	0.993102	0.993102	0.992948	0.993102	0.993102	0.993102	0.993102	0.993101	7.54989e-19	2.85938e-07	0.993102	1.70115e-08	1.38002e-24	4.00406e-14	4.10055e-12	0.00013981	0.993102	1.09975	1.15367	1.15367	
0.993101	0.993102	0.993102	0.993102	0.993102	0.993102	6.2867e-11	0.993102	0.993102	0.993069	0.993102	0.993102	0.992937	0.993102	0.993102	0.993102	0.993102	0.993101	8.18018e-19	2.13957e-07	0.993102	1.27291e-08	1.03262e-24	2.99609e-14	3.12738e-12	0.000107574	0.993102	1.10529	1.15351	1.15351	
0.993101	0.993102	0.993102	0.993102	0.993102	0.993102	4.70411e-11	0.993102	0.993102	0.993078	0.993102	0.993102	0.992923	0.993102	0.993102	0.993102	0.993102	0.993101	8.37147e-19	1.60096e-07	0.993102	9.52471e-09	7.72671e-25	2.24187e-14	2.39939e-12	8.31505e-05	0.993102	1.10587	1.15525	1.15525	
0.993101	0.993102	0.993102	0.993102	0.993102	0.993102	3.51991e-11	0.993102	0.993102	0.993084	0.993102	0.993102	0.99291	0.993102	0.993102	0.993102	0.993102	0.993101	8.6492e-19	1.19794e-07	0.993102	7.12699e-09	5.78162e-25	1.67751e-14	1.85263e-12	6.47549e-05	0.993102	1.10579	1.15646	1.15646	
0.993101	0.993102	0.993102	0.993102	0.993102	0.993102	2.63382e-11	0.993102	0.993102	0.993088	0.993102	0.993102	0.992898	0.993102	0.993102	0.993102	0.993102	0.993101	8.9792e-19	8.96378e-08	0.993102	5.33287e-09	4.32618e-25	1.25522e-14	1.44214e-12	5.09342e-05	0.993102	1.10996	1.15637	1.15637	
0.993101	0.993102	0.993102	0.993102	0.993102	0.993102	1.97079e-11	0.993102	0.993102	0.993092	0.993102	0.993102	0.992885	0.993102	0.993102	0.993102	0.993102	0.993101	9.01695e-19	6.70727e-08	0.993102	3.99039e-09	3.23712e-25	9.39233e-15	1.13509e-12	4.0398e-05	0.993102	1.11301	1.15732	1.15732	
0.993101	0.993102	0.993102	0.993102	0.993102	0.993102	1.47467e-11	0.993102	0.993102	0.993094	0.993102	0.993102	0.99287	0.993102	0.993102	0.993102	0.993102	0.993101	8.99368e-19	5.0188e-08	0.993102	2.98587e-09	2.42223e-25	7.02794e-15	9.04274e-13	3.23381e-05	0.993102	1.11391	1.15839	1.15839	
0.993101	0.993102	0.993102	0.993102	0.993102	0.993102	1.10344e-11	0.993102	0.993102	0.993096	0.993102	0.993102	0.992855	0.993102	0.993102	0.993102	0.993102	0.993101	9.03302e-19	3.75539e-08	0.993102	2.23421e-09	1.81247e-25	5.25875e-15	7.30399e-13	2.62259e-05	0.993102	1.11322	1.15789	1.15789	
0.993101	0.993102	0.993102	0.993102	0.993102	0.993102	8.25667e-12	0.993102	0.993102	0.993098	0.993102	0.993102	0.992846	0.993102	0.993102	0.993102	0.993102	0.993101	9.04787e-19	2.81002e-08	0.993102	1.67178e-09	1.35621e-25	3.93493e-15	6.00835e-13	2.1701e-05	0.993102	1.10993	1.16147	1.16147	
0.993101	0.993102	0.993102	0.993102	0.993102	0.993102	6.17816e-12	0.993102	0.993102	0.993099	0.993102	0.993102	0.992839	0.993102	0.993102	0.993102	0.993102	0.993101	9.59102e-19	2.10264e-08	0.993102	1.25093e-09	1.0148e-25	2.94437e-15	5.00135e-13	1.83031e-05	0.993102	1.11017	1.16253	1.16253	
0.993101	0.993102	0.993102	0.993102	0.993102	0.993102	4.62289e-12	0.993102	0.993102	0.9931	0.993102	0.993102	0.992832	0.993102	0.993102	0.993102	0.993102	0.993101	1.01055e-18	1.57333e-08	0.993102	9.36028e-10	7.59342e-26	2.20316e-15	4.23727e-13	1.57079e-05	0.993102	1.11023	1.16366	1.16366	
0.993101	0.993102	0.993102	0.993102	0.993102	0.993102	3.45914e-12	0.993102	0.993102	0.9931	0.993102	0.993102	0.992825	0.993102	0.993102	0.993102	0.993102	0.993101	1.06221e-18	1.17726e-08	0.993102	7.00395e-10	5.68191e-26	1.64855e-15	3.65445e-13	1.37183e-05	0.993102	1.10893	1.16471	1.16471	
0.993101	0.993102	0.993102	0.993102	0.993102	0.993102	2.58835e-12	0.993102	0.993102	0.993101	0.993102	0.993102	0.99282	0.993102	0.993102	0.993102	0.993102	0.993101	1.1223e-18	8.80904e-09	0.993102	5.2408e-10	4.25159e-26	1.23355e-15	3.20838e-13	1.22399e-05	0.993102	1.11141	1.16446	1.16446	
0.993101	0.993102	0.993102	0.993102	0.993102	0.993102	1.93677e-12	0.993102	0.993102	0.993101	0.993102	0.993102	0.992813	0.993102	0.993102	0.993102	0.993102	0.993101	1.14833e-18	6.59149e-09	0.993102	3.9215e-10	3.18134e-26	9.23018e-16	2.87696e-13	1.10475e-05	0.993102	1.11107	1.166	1.166	
0.993101	0.993102	0.993102	0.993102	0.993102	0.993102	1.44921e-12	0.993102	0.993102	0.993101	0.993102	0.993102	0.992805	0.993102	0.993102	0.993102	0.993102	0.993101	1.18972e-18	4.93217e-09	0.993102	2.93432e-10	2.3805e-26	6.90661e-16	2.6145e-13	1.01105e-05	0.993102	1.11221	1.16554	1.16554	
0.993101	0.993102	0.993102	0.993102	0.993102	0.993102	1.08439e-12	0.993102	0.993102	0.993102	0.993102	0.993102	0.992799	0.993102	0.993102	0.993102	0.993102	0.993101	1.20739e-18	3.69057e-09	0.993102	2.19564e-10	1.78127e-26	5.16796e-16	2.42235e-13	9.38428e-06	0.993102	1.11222	1.16702	1.16702	
0.993101	0.993102	0.993102	0.993102	0.993102	0.993102	8.11412e-13	0.993102	0.993102	0.993102	0.993102	0.993102	0.992791	0.993102	0.993102	0.993102	0.993102	0.993101	1.2398e-18	2.76152e-09	0.993102	1.64292e-10	1.33289e-26	3.867e-16	2.26502e-13	8.7876e-06	0.993102	1.10975	1.16783	1.16783	
0.993101	0.993102	0.993102	0.993102	0.993102	0.993102	6.0715e-13	0.993102	0.993102	0.993102	0.993102	0.993102	0.992789	0.993102	0.993102	0.993102	0.993102	0.993101	1.29274e-18	2.06635e-09	0.993102	1.22934e-10	9.97375e-27	2.89353e-16	2.14002e-13	8.4006e-06	0.993102	1.11011	1.16853	1.16853	
0.993101	0.993102	0.993102	0.993102	0.993102	0.993102	4.54308e-13	0.993102	0.993102	0.993102	0.993102	0.993102	0.992785	0.993102	0.993102	0.993102	0.993102	0.993101	1.34012e-18	1.54618e-09	0.993102	9.19868e-11	7.46324e-27	2.16513e-16	2.04025e-13	8.0728e-06	0.993102	1.11222	1.16926	1.16926	
0.993101	0.993102	0.993102	0.993102	0.993102	0.993102	3.39942e-13	0.993102	0.993102	0.993102	0.993102	0.993102	0.992777	0.993102	0.993102	0.993102	0.993102	0.993101	1.37063e-18	1.15695e-09	0.993102	6.88304e-11	5.58471e-27	1.62009e-16	1.9593e-13	7.72891e-06	0.993102	1.11394	1.16924	1.16924	
0.993101	0.993102	0.993102	0.993102	0.993102	0.993102	2.54367e-13	0.993102	0.993102	0.993102	0.993102	0.993102	0.992768	0.993102	0.993102	0.993102	0.993102	0.993101	1.38082e-18	8.65711e-10	0.993102	5.15032e-11	4.17908e-27	1.21225e-16	1.89886e-13	7.41508e-06	0.993102	1.11483	1.16928	1.16928	
0.993101	0.993102	0.993102	0.993102	0.993102	0.993102	1.90333e-13	0.993102	0.993102	0.993102	0.993102	0.993102	0.99276	0.993102	0.993102	0.993102	0.993102	0.993101	1.38274e-18	6.47784e-10	0.993102	3.8538e-11	3.12729e-27	9.07083e-17	1.85328e-13	7.15009e-06	0.993102	1.11428	1.16909	1.16909	
0.993101	0.993102	0.993102	0.993102	0.993102	0.993102	1.42419e-13	0.993102	0.993102	0.993102	0.993102	0.993102	0.992755	0.993102	0.993102	0.993102	0.993102	0.993101	1.3853e-18	4.84717e-10	0.993102	2.88366e-11	2.34028e-27	6.78737e-17	1.82085e-13	6.97577e-06	0.993102	1.1148	1.16885	1.16885	
0.993101	0.993102	0.993102	0.993102	0.993102	0.993102	1.06567e-13	0.993102	0.993102	0.993102	0.993102	0.993102	0.992751	0.993102	0.993102	0.993102	0.993102	0.993101	1.38025e-18	3.627e-10	0.993102	2.15774e-11	1.75139e-27	5.07875e-17	1.7987e-13	6.83648e-06	0.993102	1.11504	1.1691	1.1691	
0.993101	0.993102	0.993102	0.993102	0.993102	0.993102	7.97404e-14	0.993102	0.993102	0.993102	0.993102	0.993102	0.992747	0.993102	0.993102	0.993102	0.993102	0.993101	1.37836e-18	2.71399e-10	0.993102	1.61456e-11	1.31075e-27	3.80024e-17	1.7799e-13	6.71631e-06	0.993102	1.11453	1.17026	1.17026	
0.993101	0.993102	0.993102	0.993102	0.993102	0.993102	5.96669e-14	0.993102	0.993102	0.993102	0.993102	0.993102	0.992743	0.993102	0.993102	0.993102	0.993102	0.993101	1.39708e-18	2.03082e-10	0.993102	1.20811e-11	9.81021e-28	2.84358e-17	1.75586e-13	6.60555e-06	0.993102	1.11544	1.16952	1.16952	
0.993101	0.993102	0.993102	0.993102	0.993102	0.993102	4.46465e-14	0.993102	0.993102	0.993102	0.993102	0.993102	0.99274	0.993102	0.993102	0.993102	0.993102	0.993101	1.394e-18	1.51962e-10	0.993102	9.03987e-12	7.34303e-28	2.12775e-17	1.74422e-13	6.51757e-06	0.993102	1.1156	1.16969	1.16969	
0.993101	0.993102	0.993102	0.993102	0.993102	0.993102	3.34074e-14	0.993102	0.993102	0.993102	0.993102	0.993102	0.992736	0.993102	0.993102	0.993102	0.993102	0.993101	1.39283e-18	1.13711e-10	0.993102	6.76421e-12	5.49692e-28	1.59212e-17	1.73409e-13	6.44121e-06	0.993102	1.11576	1.16983	1.16983	
0.993101	0.993102	0.993102	0.993102	0.993102	0.993102	2.49975e-14	0.993102	0.993102	0.993102	0.993102	0.993102	0.992733	0.993102	0.993102	0.993102	0.993102	0.993101	1.39288e-18	8.50899e-11	0.993102	5.06141e-12	4.11554e-28	1.19133e-17	1.7253e-13	6.37496e-06	0.993102	1.11588	1.16995	1.16995	
0.993101	0.993102	0.993102	0.993102	0.993102	0.993102	1.87047e-14	0.993102	0.993102	0.993102	0.993102	0.993102	0.992731	0.993102	0.993102	0.993102	0.993102	0.993101	1.39373e-18	6.36733e-11	0.993102	3.78727e-12	3.0819e-28	8.91426e-18	1.7177e-13	6.31795e-06	0.993102	1.11524	1.17101	1.17101	
0.993101	0.993102	0.993102	0.993102	0.993102	0.993102	1.39961e-14	0.993102	0.993102	0.993102	0.993102	0.993102	0.992728	0.993102	0.993102	0.993102	0.993102	0.993101	1.41433e-18	4.7648e-11	0.993102	2.83387e-12	2.30841e-28	6.67023e-18	1.70303e-13	6.26197e-06	0.993102	1.11278	1.17183	1.17183	
0.993101	0.993102	0.993102	0.993102	0.993102	0.993102	1.04728e-14	0.993102	0.993102	0.993102	0.993102	0.993102	0.992729	0.993102	0.993102	0.993102	0.993102	0.993101	1.46157e-18	3.5657e-11	0.993102	2.12049e-12	1.7296e-28	4.9911e-18	1.68523e-13	6.27118e-06	0.993102	1.11273	1.17192	1.17192	
0.993101	0.993102	0.993102	0.993102	0.993102	0.993102	7.83639e-15	0.993102	0.993102	0.993102	0.993102	0.993102	0.99273	0.993102	0.993102	0.993102	0.993102	0.993101	1.49868e-18	2.66846e-11	0.993102	1.58668e-12	1.29649e-28	3.73466e-18	1.67122e-13	6.27714e-06	0.993102	1.11508	1.17036	1.17036	
0.993101	0.993102	0.993102	0.993102	0.993102	0.993102	5.86369e-15	0.993102	0.993102	0.993102	0.993102	0.993102	0.992729	0.993102	0.993102	0.993102	0.993102	0.993101	1.48452e-18	1.99708e-11	0.993102	1.18726e-12	9.72488e-29	2.79452e-18	1.6737e-13	6.2564e-06	0.993102	1.1131	1.17156	1.17156	
0.993101	0.993102	0.993102	0.993102	0.993102	0.993102	4.38759e-15	0.993102	0.993102	0.993102	0.993102	0.993102	0.992729	0.993102	0.993102	0.993102	0.993102	0.993101	1.50709e-18	1.49472e-11	0.993102	8.88381e-13	7.29991e-29	2.09105e-18	1.66556e-13	6.26567e-06	0.993102	1.11734	1.17086	1.17086	
0.993101	0.993102	0.993102	0.993102	0.993102	0.993102	3.28308e-15	0.993102	0.993102	0.993102	0.993102	0.993102	0.992723	0.993102	0.993102	0.993102	0.993102	0.993101	1.48166e-18	1.11879e-11	0.993102	6.64743e-13	5.48571e-29	1.56466e-18	1.66532e-13	6.1643e-06	0.993102	1.11547	1.17211	1.17211	
0.993101	0.993102	0.993102	0.993102	0.993102	0.993102	2.45661e-15	0.993102	0.993102	0.993102	0.993102	0.993102	0.99272	0.993102	0.993102	0.993102	0.993102	0.993101	1.49509e-18	8.37505e-12	0.993102	4.97403e-13	4.12764e-29	1.17079e-18	1.65473e-13	6.1067e-06	0.993102	1.11489	1.17238	1.17238	
0.993101	0.993102	0.993102	0.993102	0.993102	0.993102	1.83819e-15	0.993102	0.993102	0.993102	0.993102	0.993102	0.992718	0.993102	0.993102	0.993102	0.993102	0.993101	1.51391e-18	6.2703e-12	0.993102	3.72188e-13	3.11131e-29	8.76067e-19	1.64462e-13	6.07312e-06	0.993102	1.11487	1.17222	1.17222	
0.993101	0.993102	0.993102	0.993102	0.993102	0.993102	1.37546e-15	0.993102	0.993102	0.993102	0.993102	0.993102	0.992716	0.993102	0.993102	0.993102	0.993102	0.993101	1.52556e-18	4.69541e-12	0.993102	2.78495e-13	2.35091e-29	6.55538e-19	1.63836e-13	6.05323e-06	0.993102	1.11467	1.17251	1.17251	
0.993101	0.993102	0.993102	0.993102	0.993102	0.993102	1.02921e-15	0.993102	0.993102	0.993102	0.993102	0.993102	0.992715	0.993102	0.993102	0.993102	0.993102	0.993101	1.54046e-18	3.51697e-12	0.993102	2.08388e-13	1.78179e-29	4.90523e-19	1.63132e-13	6.03561e-06	0.993102	1.11561	1.17153	1.17153	
0.993101	0.993102	0.993102	0.993102	0.993102	0.993102	7.70122e-16	0.993102	0.993102	0.993102	0.993102	0.993102	0.992715	0.993102	0.993102	0.993102	0.993102	0.993101	1.52926e-18	2.63519e-12	0.993102	1.55929e-13	1.35639e-29	3.67049e-19	1.63404e-13	6.02376e-06	0.993102	1.11509	1.17194	1.17194	
0.993101	0.993102	0.993102	0.993102	0.993102	0.993102	5.76258e-16	0.993102	0.993102	0.993102	0.993102	0.993102	0.992714	0.993102	0.993102	0.993102	0.993102	0.993101	1.53103e-18	1.97539e-12	0.993102	1.16676e-13	1.03789e-29	2.74658e-19	1.63273e-13	6.01825e-06	0.993102	1.11521	1.1716	1.1716	
0.993101	0.993102	0.993102	0.993102	0.993102	0.993102	4.31196e-16	0.993102	0.993102	0.993102	0.993102	0.993102	0.992715	0.993102	0.993102	0.993102	0.993102	0.993101	1.52624e-18	1.4817e-12	0.993102	8.73043e-14	7.99729e-30	2.05525e-19	1.63452e-13	6.02067e-06	0.993102	1.11538	1.1712	1.1712	
0.993101	0.993102	0.993102	0.993102	0.993102	0.993102	3.22652e-16	0.993102	0.993102	0.993102	0.993102	0.993102	0.992715	0.993102	0.993102	0.993102	0.993102	0.993101	1.51528e-18	1.11231e-12	0.993102	6.53267e-14	6.21706e-30	1.53795e-19	1.63922e-13	6.02967e-06	0.993102	1.11561	1.1712	1.1712	
0.993101	0.993102	0.993102	0.993102	0.993102	0.993102	2.41432e-16	0.993102	0.993102	0.993102	0.993102	0.993102	0.992715	0.993102	0.993102	0.993102	0.993102	0.993101	1.50533e-18	8.35892e-13	0.993102	4.88816e-14	4.88499e-30	1.15088e-19	1.64276e-13	6.0294e-06	0.993102	1.11549	1.172	1.172	
0.993101	0.993102	0.993102	0.993102	0.993102	0.993102	1.80658e-16	0.993102	0.993102	0.993102	0.993102	0.993102	0.992714	0.993102	0.993102	0.993102	0.993102	0.993101	1.51088e-18	6.2901e-13	0.993102	3.65763e-14	3.88455e-30	8.61246e-20	1.63878e-13	6.00859e-06	0.993102	1.11606	1.17118	1.17118	
0.993101	0.993102	0.993102	0.993102	0.993102	0.993102	1.35184e-16	0.993102	0.993102	0.993102	0.993102	0.993102	0.992713	0.993102	0.993102	0.993102	0.993102	0.993101	1.49855e-18	4.74225e-13	0.993102	2.73687e-14	3.13972e-30	6.44523e-20	1.64253e-13	6.00057e-06	0.993102	1.11707	1.17144	1.17144	
0.993101	0.993102	0.993102	0.993102	0.993102	0.993102	1.01156e-16	0.993102	0.993102	0.993102	0.993102	0.993102	0.992711	0.993102	0.993102	0.993102	0.993102	0.993101	1.48568e-18	3.58316e-13	0.993102	2.0479e-14	2.58119e-30	4.82355e-20	1.64321e-13	5.95694e-06	0.993102	1.11635	1.17116	1.17116	
0.993101	0.993102	0.993102	0.993102	0.993102	0.993102	7.56951e-17	0.993102	0.993102	0.993102	0.993102	0.993102	0.99271	0.993102	0.993102	0.993102	0.993102	0.993101	1.47723e-18	2.71655e-13	0.993102	1.53237e-14	2.16455e-30	3.61013e-20	1.64601e-13	5.95362e-06	0.993102	1.11434	1.17235	1.17235	
0.993101	0.993102	0.993102	0.993102	0.993102	0.993102	5.66434e-17	0.993102	0.993102	0.993102	0.993102	0.993102	0.992712	0.993102	0.993102	0.993102	0.993102	0.993101	1.50444e-18	2.06868e-13	0.993102	1.14662e-14	1.84732e-30	2.70218e-20	1.63831e-13	5.97584e-06	0.993102	1.11723	1.17141	1.17141	
0.993101	0.993102	0.993102	0.993102	0.993102	0.993102	4.23876e-17	0.993102	0.993102	0.993102	0.993102	0.993102	0.992709	0.993102	0.993102	0.993102	0.993102	0.993101	1.4885e-18	1.58253e-13	0.993102	8.57971e-15	1.61426e-30	2.02276e-20	1.64028e-13	5.93438e-06	0.993102	1.11812	1.17212	1.17212	
0.993101	0.993102	0.993102	0.993102	0.993102	0.993102	3.17206e-17	0.993102	0.993102	0.993102	0.993102	0.993102	0.992704	0.993102	0.993102	0.993102	0.993102	0.993101	1.48034e-18	1.21768e-13	0.993102	6.41988e-15	1.43664e-30	1.51435e-20	1.63597e-13	5.85758e-06	0.993102	1.11572	1.17106	1.17106	
0.993101	0.993102	0.993102	0.993102	0.993102	0.993102	2.37388e-17	0.993102	0.993102	0.993102	0.993102	0.993102	0.992707	0.993102	0.993102	0.993102	0.993102	0.993101	1.47628e-18	9.47074e-14	0.993102	4.80377e-15	1.30863e-30	1.13398e-20	1.64148e-13	5.90142e-06	0.993102	1.11365	1.17265	1.17265	
0.993101	0.993102	0.993102	0.993102	0.993102	0.993102	1.77664e-17	0.993102	0.993102	0.993102	0.993102	0.993102	0.99271	0.993102	0.993102	0.993102	0.993102	0.993101	1.5141e-18	7.44932e-14	0.993102	3.59448e-15	1.20551e-30	8.49377e-21	1.63252e-13	5.94879e-06	0.993102	1.11642	1.17155	1.17155	
0.993101	0.993102	0.993102	0.993102	0.993102	0.993102	1.32974e-17	0.993102	0.993102	0.993102	0.993102	0.993102	0.992709	0.993102	0.993102	0.993102	0.993102	0.993101	1.50367e-18	5.92492e-14	0.993102	2.68962e-15	1.1334e-30	6.36388e-21	1.63483e-13	5.93415e-06	0.993102	1.11566	1.17151	1.17151	
0.993101	0.993102	0.993102	0.993102	0.993102	0.993102	9.95343e-18	0.993102	0.993102	0.993102	0.993102	0.993102	0.99271	0.993102	0.993102	0.993102	0.993102	0.993101	1.50095e-18	4.78993e-14	0.993102	2.01255e-15	1.07963e-30	4.77029e-21	1.63688e-13	5.94714e-06	0.993102	1.11579	1.17134	1.17134	
0.993101	0.993102	0.993102	0.993102	0.993102	0.993102	7.45126e-18	0.993102	0.993102	0.993102	0.993102	0.993102	0.992711	0.993102	0.993102	0.993102	0.993102	0.993101	1.49543e-18	3.94088e-14	0.993102	1.50591e-15	1.04016e-30	3.57788e-21	1.63979e-13	5.95781e-06	0.993102	1.11585	1.17037	1.17037	
0.993101	0.993102	0.993102	0.993102	0.993102	0.993102	5.57897e-18	0.993102	0.993102	0.993102	0.993102	0.993102	0.992713	0.993102	0.993102	0.993102	0.993102	0.993101	1.47665e-18	3.31215e-14	0.993102	1.12682e-15	1.01519e-30	2.68579e-21	1.65013e-13	5.99358e-06	0.993102	1.11562	1.1714	1.1714	
0.993101	0.993102	0.993102	0.993102	0.993102	0.993102	4.17801e-18	0.993102	0.993102	0.993102	0.993102	0.993102	0.992713	0.993102	0.993102	0.993102	0.993102	0.993101	1.47936e-18	2.83594e-14	0.993102	8.43159e-16	9.91685e-31	2.01814e-21	1.64925e-13	5.99605e-06	0.993102	1.11949	1.17056	1.17056	
0.993101	0.993102	0.993102	0.993102	0.993102	0.993102	3.12972e-18	0.993102	0.993102	0.993102	0.993102	0.993102	0.992707	0.993102	0.993102	0.993102	0.993102	0.993101	1.44205e-18	2.45858e-14	0.993102	6.30905e-16	9.78026e-31	1.51806e-21	1.6556e-13	5.909e-06	0.993102	1.1153	1.17091	1.17091	
0.993101	0.993102	0.993102	0.993102	0.993102	0.993102	2.34533e-18	0.993102	0.993102	0.993102	0.993102	0.993102	0.99271	0.993102	0.993102	0.993102	0.993102	0.993101	1.44856e-18	2.20305e-14	0.993102	4.72083e-16	9.66154e-31	1.14451e-21	1.65741e-13	5.95733e-06	0.993102	1.1139	1.17226	1.17226	
0.993101	0.993102	0.993102	0.993102	0.993102	0.993102	1.75839e-18	0.993102	0.993102	0.993102	0.993102	0.993102	0.992713	0.993102	0.993102	0.993102	0.993102	0.993101	1.48506e-18	2.01219e-14	0.993102	3.53243e-16	9.51013e-31	8.65002e-22	1.64759e-13	5.99491e-06	0.993102	1.11289	1.17132	1.17132	
0.993101	0.993102	0.993102	0.993102	0.993102	0.993102	1.31921e-18	0.993102	0.993102	0.993102	0.993102	0.993102	0.992718	0.993102	0.993102	0.993102	0.993102	0.993101	1.50545e-18	1.88388e-14	0.993102	2.64319e-16	9.44021e-31	6.56198e-22	1.64798e-13	6.08431e-06	0.993102	1.1122	1.17096	1.17096	
0.993101	0.993102	0.993102	0.993102	0.993102	0.993102	9.90586e-19	0.993102	0.993102	0.993102	0.993102	0.993102	0.992724	0.993102	0.993102	0.993102	0.993102	0.993101	1.52036e-18	1.79592e-14	0.993102	1.9778e-16	9.40494e-31	5.00149e-22	1.65133e-13	6.18524e-06	0.993102	1.11217	1.17081	1.17081	
0.993101	0.993102	0.993102	0.993102	0.993102	0.993102	7.44688e-19	0.993102	0.993102	0.993102	0.993102	0.993102	0.992729	0.993102	0.993102	0.993102	0.993102	0.993101	1.52953e-18	1.73147e-14	0.993102	1.47992e-16	9.38528e-31	3.83415e-22	1.65503e-13	6.26656e-06	0.993102	1.11072	1.17094	1.17094	
0.993101	0.993102	0.993102	0.993102	0.993102	0.993102	5.60692e-19	0.993102	0.993102	0.993102	0.993102	0.993102	0.992735	0.993102	0.993102	0.993102	0.993102	0.993101	1.54987e-18	1.69363e-14	0.993102	1.10737e-16	9.36478e-31	2.96313e-22	1.65676e-13	6.37127e-06	0.993102	1.11175	1.16992	1.16992	
0.993101	0.993102	0.993102	0.993102	0.993102	0.993102	4.23015e-19	0.993102	0.993102	0.993102	0.993102	0.993102	0.99274	0.993102	0.993102	0.993102	0.993102	0.993101	1.541e-18	1.66527e-14	0.993102	8.28603e-17	9.3977e-31	2.31137e-22	1.66668e-13	6.44946e-06	0.993102	1.11161	1.1712	1.1712	
0.993101	0.993102	0.993102	0.993102	0.993102	0.993102	3.19996e-19	0.993102	0.993102	0.993102	0.993102	0.993102	0.992741	0.993102	0.993102	0.993102	0.993102	0.993101	1.55551e-18	1.63506e-14	0.993102	6.20013e-17	9.36186e-31	1.82156e-22	1.66331e-13	6.46994e-06	0.993102	1.11192	1.17087	1.17087	
0.993101	0.993102	0.993102	0.993102	0.993102	0.993102	2.4291e-19	0.993102	0.993102	0.993102	0.993102	0.993102	0.992742	0.993102	0.993102	0.993102	0.993102	0.993101	1.55862e-18	1.61257e-14	0.993102	4.63933e-17	9.35044e-31	1.45507e-22	1.66353e-13	6.48578e-06	0.993102	1.11347	1.16967	1.16967	
0.993101	0.993102	0.993102	0.993102	0.993102	0.993102	1.8523e-19	0.993102	0.993102	0.993102	0.993102	0.993102	0.992742	0.993102	0.993102	0.993102	0.993102	0.993101	1.53107e-18	1.59296e-14	0.993102	3.47144e-17	9.39851e-31	1.18019e-22	1.67381e-13	6.48589e-06	0.993102	1.11312	1.17013	1.17013	
0.993101	0.993102	0.993102	0.993102	0.993102	0.993102	1.4207e-19	0.993102	0.993102	0.993102	0.993102	0.993102	0.992742	0.993102	0.993102	0.993102	0.993102	0.993101	1.51976e-18	1.57748e-14	0.993102	2.59755e-17	9.41272e-31	9.74309e-23	1.67761e-13	6.48253e-06	0.993102	1.11363	1.16969	1.16969	
0.993101	0.993102	0.993102	0.993102	0.993102	0.993102	1.09775e-19	0.993102	0.993102	0.993102	0.993102	0.993102	0.992742	0.993102	0.993102	0.993102	0.993102	0.993101	1.50113e-18	1.56535e-14	0.993102	1.94366e-17	9.44418e-31	8.2013e-23	1.68418e-13	6.47773e-06	0.993102	1.11215	1.17009	1.17009	
0.993101	0.993102	0.993102	0.993102	0.993102	0.993102	8.56098e-20	0.993102	0.993102	0.993102	0.993102	0.993102	0.992744	0.993102	0.993102	0.993102	0.993102	0.993101	1.5042e-18	1.56469e-14	0.993102	1.45437e-17	9.44857e-31	7.06754e-23	1.68567e-13	6.50971e-06	0.993102	1.1131	1.16974	1.16974	
0.993101	0.993102	0.993102	0.993102	0.993102	0.993102	6.75279e-20	0.993102	0.993102	0.993102	0.993102	0.993102	0.992744	0.993102	0.993102	0.993102	0.993102	0.993101	1.49412e-18	1.55952e-14	0.993102	1.08825e-17	9.46861e-31	6.20813e-23	1.68978e-13	6.51387e-06	0.993102	1.11267	1.17055	1.17055	
0.993101	0.993102	0.993102	0.993102	0.993102	0.993102	5.39978e-20	0.993102	0.993102	0.993102	0.993102	0.993102	0.992743	0.993102	0.993102	0.993102	0.993102	0.993101	1.50201e-18	1.55274e-14	0.993102	8.14298e-18	9.44514e-31	5.55816e-23	1.68598e-13	6.50465e-06	0.993102	1.11649	1.1706	1.1706	
0.993101	0.993102	0.993102	0.993102	0.993102	0.993102	4.38737e-20	0.993102	0.993102	0.993102	0.993102	0.993102	0.992736	0.993102	0.993102	0.993102	0.993102	0.993101	1.48031e-18	1.51889e-14	0.993102	6.09309e-18	9.42527e-31	5.00374e-23	1.68273e-13	6.37616e-06	0.993102	1.11744	1.17063	1.17063	
0.993101	0.993102	0.993102	0.993102	0.993102	0.993102	3.62983e-20	0.993102	0.993102	0.993102	0.993102	0.993102	0.992728	0.993102	0.993102	0.993102	0.993102	0.993101	1.4578e-18	1.48663e-14	0.993102	4.55924e-18	9.40893e-31	4.57247e-23	1.68004e-13	6.2507e-06	0.993102	1.1191	1.16984	1.16984	
0.993101	0.993102	0.993102	0.993102	0.993102	0.993102	3.06298e-20	0.993102	0.993102	0.993102	0.993102	0.993102	0.992721	0.993102	0.993102	0.993102	0.993102	0.993101	1.41893e-18	1.45648e-14	0.993102	3.41151e-18	9.43445e-31	4.23555e-23	1.68476e-13	6.13142e-06	0.993102	1.11671	1.17077	1.17077	
0.993101	0.993102	0.993102	0.993102	0.993102	0.993102	2.63883e-20	0.993102	0.993102	0.993102	0.993102	0.993102	0.992718	0.993102	0.993102	0.993102	0.993102	0.993101	1.41903e-18	1.44411e-14	0.993102	2.55271e-18	9.40926e-31	4.00756e-23	1.68039e-13	6.08524e-06	0.993102	1.12102	1.1694	1.1694	
0.993101	0.993102	0.993102	0.993102	0.993102	0.993102	2.32146e-20	0.993102	0.993102	0.993102	0.993102	0.993102	0.99271	0.993102	0.993102	0.993102	0.993102	0.993101	1.37208e-18	1.41464e-14	0.993102	1.9101e-18	9.45581e-31	3.78915e-23	1.68879e-13	5.96528e-06	0.993102	1.12015	1.17001	1.17001	
0.993101	0.993102	0.993102	0.993102	0.993102	0.993102	2.08398e-20	0.993102	0.993102	0.993102	0.993102	0.993102	0.992705	0.993102	0.993102	0.993102	0.993102	0.993101	1.35018e-18	1.39432e-14	0.993102	1.42926e-18	9.46136e-31	3.62979e-23	1.68986e-13	5.88279e-06	0.993102	1.12186	1.16937	1.16937	
0.993101	0.993102	0.993102	0.993102	0.993102	0.993102	1.90628e-20	0.993102	0.993102	0.993102	0.993102	0.993102	0.992698	0.993102	0.993102	0.993102	0.993102	0.993101	1.31505e-18	1.37203e-14	0.993102	1.06946e-18	9.49623e-31	3.4938e-23	1.69614e-13	5.79115e-06	0.993102	1.12013	1.17037	1.17037	
0.993101	0.993102	0.993102	0.993102	0.993102	0.993102	1.77332e-20	0.993102	0.993102	0.993102	0.993102	0.993102	0.992695	0.993102	0.993102	0.993102	0.993102	0.993101	1.31232e-18	1.36012e-14	0.993102	8.00242e-19	9.47442e-31	3.40333e-23	1.69228e-13	5.74273e-06	0.993102	1.11933	1.17087	1.17087	
0.993101	0.993102	0.993102	0.993102	0.993102	0.993102	1.67382e-20	0.993102	0.993102	0.993102	0.993102	0.993102	0.992693	0.993102	0.993102	0.993102	0.993102	0.993101	1.32232e-18	1.35323e-14	0.993102	5.98792e-19	9.43456e-31	3.34041e-23	1.68519e-13	5.71503e-06	0.993102	1.11846	1.1703	1.1703	
0.993101	0.993102	0.993102	0.993102	0.993102	0.993102	1.59938e-20	0.993102	0.993102	0.993102	0.993102	0.993102	0.992695	0.993102	0.993102	0.993102	0.993102	0.993101	1.32796e-18	1.35789e-14	0.993102	4.48055e-19	9.43166e-31	3.31656e-23	1.68469e-13	5.7358e-06	0.993102	1.11749	1.16988	1.16988	
0.993101	0.993102	0.993102	0.993102	0.993102	0.993102	1.54367e-20	0.993102	0.993102	0.993102	0.993102	0.993102	0.992699	0.993102	0.993102	0.993102	0.993102	0.993101	1.33318e-18	1.37112e-14	0.993102	3.35264e-19	9.44923e-31	3.32176e-23	1.68785e-13	5.79251e-06	0.993102	1.1154	1.17083	1.17083	
0.993101	0.993102	0.993102	0.993102	0.993102	0.993102	1.50199e-20	0.993102	0.993102	0.993102	0.993102	0.993102	0.992704	0.993102	0.993102	0.993102	0.993102	0.993101	1.36512e-18	1.3892e-14	0.993102	2.50867e-19	9.41773e-31	3.34501e-23	1.68223e-13	5.86953e-06	0.993102	1.11576	1.17064	1.17064	
0.993101	0.993102	0.993102	0.993102	0.993102	0.993102	1.4708e-20	0.993102	0.993102	0.993102	0.993102	0.993102	0.992708	0.993102	0.993102	0.993102	0.993102	0.993101	1.38368e-18	1.40152e-14	0.993102	1.87715e-19	9.40302e-31	3.35955e-23	1.67961e-13	5.92206e-06	0.993102	1.11576	1.17111	1.17111	
0.993101	0.993102	0.993102	0.993102	0.993102	0.993102	1.44746e-20	0.993102	0.993102	0.993102	0.993102	0.993102	0.99271	0.993102	0.993102	0.993102	0.993102	0.993101	1.40449e-18	1.4073e-14	0.993102	1.40461e-19	9.36973e-31	3.36229e-23	1.67367e-13	5.94681e-06	0.993102	1.11598	1.17083	1.17083	
0.993101	0.993102	0.993102	0.993102	0.993102	0.993102	1.43e-20	0.993102	0.993102	0.993102	0.993102	0.993102	0.992711	0.993102	0.993102	0.993102	0.993102	0.993101	1.41426e-18	1.41213e-14	0.993102	1.05103e-19	9.35829e-31	3.36553e-23	1.67164e-13	5.96747e-06	0.993102	1.11622	1.17127	1.17127	
0.993101	0.993102	0.993102	0.993102	0.993102	0.993102	1.41693e-20	0.993102	0.993102	0.993102	0.993102	0.993102	0.992711	0.993102	0.993102	0.993102	0.993102	0.993101	1.42632e-18	1.41082e-14	0.993102	7.86452e-20	9.32886e-31	3.35631e-23	1.66638e-13	5.96212e-06	0.993102	1.11643	1.17083	1.17083	
0.993101	0.993102	0.993102	0.993102	0.993102	0.993102	1.40715e-20	0.993102	0.993102	0.993102	0.993102	0.993102	0.992711	0.993102	0.993102	0.993102	0.993102	0.993101	1.42733e-18	1.4115e-14	0.993102	5.88481e-20	9.32761e-31	3.35333e-23	1.66616e-13	5.96513e-06	0.993102	1.11752	1.17129	1.17129	
0.993101	0.993102	0.993102	0.993102	0.993102	0.993102	1.39984e-20	0.993102	0.993102	0.993102	0.993102	0.993102	0.992708	0.993102	0.993102	0.993102	0.993102	0.993101	1.42693e-18	1.40111e-14	0.993102	4.40345e-20	9.30498e-31	3.32532e-23	1.66212e-13	5.92132e-06	0.993102	1.11698	1.17111	1.17111	
0.993101	0.993102	0.993102	0.993102	0.993102	0.993102	1.39436e-20	0.993102	0.993102	0.993102	0.993102	0.993102	0.992707	0.993102	0.993102	0.993102	0.993102	0.993101	1.42795e-18	1.39841e-14	0.993102	3.29501e-20	9.29653e-31	3.31638e-23	1.66061e-13	5.91e-06	0.993102	1.1197	1.17128	1.17128	
0.993101	0.993102	0.993102	0.993102	0.993102	0.993102	1.39027e-20	0.993102	0.993102	0.993102	0.993102	0.993102	0.992701	0.993102	0.993102	0.993102	0.993102	0.993101	1.41197e-18	1.3767e-14	0.993102	2.4656e-20	9.28219e-31	3.26308e-23	1.65805e-13	5.81829e-06	0.993102	1.11762	1.17109	1.17109	
0.993101	0.993102	0.993102	0.993102	0.993102	0.993102	1.3872e-20	0.993102	0.993102	0.993102	0.993102	0.993102	0.992701	0.993102	0.993102	0.993102	0.993102	0.993101	1.4119e-18	1.37575e-14	0.993102	1.84499e-20	9.2802e-31	3.25941e-23	1.6577e-13	5.81435e-06	0.993102	1.11829	1.17129	1.17129	
0.993101	0.993102	0.993102	0.993102	0.993102	0.993102	1.38491e-20	0.993102	0.993102	0.993102	0.993102	0.993102	0.992699	0.993102	0.993102	0.993102	0.993102	0.993101	1.40995e-18	1.36908e-14	0.993102	1.3806e-20	9.26939e-31	3.24256e-23	1.65577e-13	5.7862e-06	0.993102	1.1184	1.17123	1.17123	
0.993101	0.993102	0.993102	0.993102	0.993102	0.993102	1.38319e-20	0.993102	0.993102	0.993102	0.993102	0.993102	0.992697	0.993102	0.993102	0.993102	0.993102	0.993101	1.40678e-18	1.36379e-14	0.993102	1.03312e-20	9.26434e-31	3.22923e-23	1.65487e-13	5.76385e-06	0.993102	1.12083	1.16973	1.16973	
0.993101	0.993102	0.993102	0.993102	0.993102	0.993102	1.38191e-20	0.993102	0.993102	0.993102	0.993102	0.993102	0.992694	0.993102	0.993102	0.993102	0.993102	0.993101	1.36829e-18	1.35355e-14	0.993102	7.73107e-21	9.33121e-31	3.20439e-23	1.66681e-13	5.72058e-06	0.993102	1.12394	1.16706	1.16706	
0.993101	0.993102	0.993102	0.993102	0.993102	0.993102	1.38095e-20	0.993102	0.993102	0.993102	0.993102	0.993102	0.992691	0.993102	0.993102	0.993102	0.993102	0.993101	1.29042e-18	1.34301e-14	0.993102	5.78545e-21	9.51292e-31	3.17902e-23	1.69927e-13	5.67607e-06	0.993102	1.12432	1.1663	1.1663	
0.993101	0.993102	0.993102	0.993102	0.993102	0.993102	1.38023e-20	0.993102	0.993102	0.993102	0.993102	0.993102	0.992689	0.993102	0.993102	0.993102	0.993102	0.993101	1.22219e-18	1.33766e-14	0.993102	4.32961e-21	9.68775e-31	3.16602e-23	1.7305e-13	5.65346e-06	0.993102	1.12246	1.16757	1.16757	
0.993101	0.993102	0.993102	0.993102	0.993102	0.993102	1.37969e-20	0.993102	0.993102	0.993102	0.993102	0.993102	0.992689	0.993102	0.993102	0.993102	0.993102	0.993101	1.19468e-18	1.33759e-14	0.993102	3.24029e-21	9.75427e-31	3.16559e-23	1.74238e-13	5.65316e-06	0.993102	1.12245	1.16792	1.16792	
0.993101	0.993102	0.993102	0.993102	0.993102	0.993102	1.37929e-20	0.993102	0.993102	0.993102	0.993102	0.993102	0.992689	0.993102	0.993102	0.993102	0.993102	0.993101	1.17806e-18	1.33527e-14	0.993102	2.42519e-21	9.78672e-31	3.15992e-23	1.74818e-13	5.64336e-06	0.993102	1.12217	1.16807	1.16807	
0.993101	0.993102	0.993102	0.993102	0.993102	0.993102	1.37899e-20	0.993102	0.993102	0.993102	0.993102	0.993102	0.992688	0.993102	0.993102	0.993102	0.993102	0.993101	1.16902e-18	1.33439e-14	0.993102	1.81528e-21	9.80329e-31	3.1577e-23	1.75114e-13	5.63965e-06	0.993102	1.12183	1.16866	1.16866	
0.993101	0.993102	0.993102	0.993102	0.993102	0.993102	1.37876e-20	0.993102	0.993102	0.993102	0.993102	0.993102	0.992688	0.993102	0.993102	0.993102	0.993102	0.993101	1.17121e-18	1.33205e-14	0.993102	1.35891e-21	9.78637e-31	3.15207e-23	1.74812e-13	5.62978e-06	0.993102	1.12182	1.16864	1.16864	
0.993101	0.993102	0.993102	0.993102	0.993102	0.993102	1.37859e-20	0.993102	0.993102	0.993102	0.993102	0.993102	0.992687	0.993102	0.993102	0.993102	0.993102	0.993101	1.17261e-18	1.33046e-14	0.993102	1.01742e-21	9.77475e-31	3.14823e-23	1.74604e-13	5.62306e-06	0.993102	1.12167	1.1704	1.1704	
0.993101	0.993102	0.993102	0.993102	0.993102	0.993102	1.37847e-20	0.993102	0.993102	0.993102	0.993102	0.993102	0.992684	0.993102	0.993102	0.993102	0.993102	0.993101	1.19621e-18	1.31877e-14	0.993102	7.61885e-22	9.68143e-31	3.12049e-23	1.72937e-13	5.57363e-06	0.993102	1.12276	1.1692	1.1692	
0.993101	0.993102	0.993102	0.993102	0.993102	0.993102	1.37837e-20	0.993102	0.993102	0.993102	0.993102	0.993102	0.992681	0.993102	0.993102	0.993102	0.993102	0.993101	1.19233e-18	1.31074e-14	0.993102	5.70664e-22	9.66926e-31	3.10145e-23	1.7272e-13	5.5397e-06	0.993102	1.12166	1.1684	1.1684	
0.993101	0.993102	0.993102	0.993102	0.993102	0.993102	1.3783e-20	0.993102	0.993102	0.993102	0.993102	0.993102	0.992683	0.993102	0.993102	0.993102	0.993102	0.993101	1.18651e-18	1.31723e-14	0.993102	4.27616e-22	9.69903e-31	3.11677e-23	1.73252e-13	5.56713e-06	0.993102	1.12169	1.16859	1.16859	
0.993101	0.993102	0.993102	0.993102	0.993102	0.993102	1.37825e-20	0.993102	0.993102	0.993102	0.993102	0.993102	0.992684	0.993102	0.993102	0.993102	0.993102	0.993101	1.18424e-18	1.3206e-14	0.993102	3.20575e-22	9.71192e-31	3.12473e-23	1.73482e-13	5.58138e-06	0.993102	1.12166	1.16858	1.16858	
0.993101	0.993102	0.993102	0.993102	0.993102	0.993102	1.37821e-20	0.993102	0.993102	0.993102	0.993102	0.993102	0.992685	0.993102	0.993102	0.993102	0.993102	0.993101	1.18263e-18	1.32343e-14	0.993102	2.40481e-22	9.72206e-31	3.13141e-23	1.73663e-13	5.59335e-06	0.993102	1.12131	1.16822	1.16822	
0.993101	0.993102	0.993102	0.993102	0.993102	0.993102	1.37818e-20	0.993102	0.993102	0.993102	0.993102	0.993102	0.992687	0.993102	0.993102	0.993102	0.993102	0.993101	1.17921e-18	1.33036e-14	0.993102	1.80563e-22	9.74748e-31	3.14778e-23	1.74117e-13	5.62262e-06	0.993102	1.12158	1.16887	1.16887	
0.993101	0.993102	0.993102	0.993102	0.993102	0.993102	1.37816e-20	0.993102	0.993102	0.993102	0.993102	0.993102	0.992687	0.993102	0.993102	0.993102	0.993102	0.993101	1.1828e-18	1.32931e-14	0.993102	1.35713e-22	9.73443e-31	3.14529e-23	1.73884e-13	5.61819e-06	0.993102	1.12147	1.16833	1.16833	
0.993101	0.993102	0.993102	0.993102	0.993102	0.993102	1.37814e-20	0.993102	0.993102	0.993102	0.993102	0.993102	0.992688	0.993102	0.993102	0.993102	0.993102	0.993101	1.17972e-18	1.33289e-14	0.993102	1.02163e-22	9.75115e-31	3.15375e-23	1.74182e-13	5.63332e-06	0.993102	1.12146	1.16851	1.16851	
0.993101	0.993102	0.993102	0.993102	0.993102	0.993102	1.37813e-20	0.993102	0.993102	0.993102	0.993102	0.993102	0.992689	0.993102	0.993102	0.993102	0.993102	0.993101	1.17953e-18	1.33446e-14	0.993102	7.70575e-23	9.75509e-31	3.15747e-23	1.74253e-13	5.63997e-06	0.993102	1.12137	1.16848	1.16848	
0.993101	0.993102	0.993102	0.993102	0.993102	0.993102	1.37812e-20	0.993102	0.993102	0.993102	0.993102	0.993102	0.992689	0.993102	0.993102	0.993102	0.993102	0.993101	1.17951e-18	1.33641e-14	0.993102	5.82739e-23	9.75959e-31	3.16207e-23	1.74333e-13	5.6482e-06	0.993102	1.12121	1.16824	1.16824	
0.993101	0.993102	0.993102	0.993102	0.993102	0.993102	1.37811e-20	0.993102	0.993102	0.993102	0.993102	0.993102	0.99269	0.993102	0.993102	0.993102	0.993102	0.993101	1.17766e-18	1.3406e-14	0.993102	4.42259e-23	9.77467e-31	3.17197e-23	1.74603e-13	5.66589e-06	0.993102	1.12113	1.1684	1.1684	
0.993101	0.993102	0.993102	0.993102	0.993102	0.993102	1.37811e-20	0.993102	0.993102	0.993102	0.993102	0.993102	0.992691	0.993102	0.993102	0.993102	0.993102	0.993101	1.17865e-18	1.34322e-14	0.993102	3.37144e-23	9.7781e-31	3.17818e-23	1.74664e-13	5.67698e-06	0.993102	1.12098	1.16835	1.16835	
0.993101	0.993102	0.993102	0.993102	0.993102	0.993102	1.3781e-20	0.993102	0.993102	0.993102	0.993102	0.993102	0.992692	0.993102	0.993102	0.993102	0.993102	0.993101	1.17974e-18	1.3465e-14	0.993102	2.58533e-23	9.78291e-31	3.18594e-23	1.7475e-13	5.69085e-06	0.993102	1.12093	1.16775	1.16775	
0.993101	0.993102	0.993102	0.993102	0.993102	0.993102	1.3781e-20	0.993102	0.993102	0.993102	0.993102	0.993102	0.992694	0.993102	0.993102	0.993102	0.993102	0.993101	1.17368e-18	1.35345e-14	0.993102	1.998e-23	9.81663e-31	3.20239e-23	1.75352e-13	5.72022e-06	0.993102	1.12065	1.16826	1.16826	
0.993101	0.993102	0.993102	0.993102	0.993102	0.993102	1.3781e-20	0.993102	0.993102	0.993102	0.993102	0.993102	0.992695	0.993102	0.993102	0.993102	0.993102	0.993101	1.17687e-18	1.35702e-14	0.993102	1.55857e-23	9.81627e-31	3.21083e-23	1.75346e-13	5.73531e-06	0.993102	1.12123	1.16814	1.16814	
0.993101	0.993102	0.993102	0.993102	0.993102	0.993102	1.3781e-20	0.993102	0.993102	0.993102	0.993102	0.993102	0.992695	0.993102	0.993102	0.993102	0.993102	0.993101	1.17439e-18	1.35655e-14	0.993102	1.22846e-23	9.82199e-31	3.20973e-23	1.75448e-13	5.73334e-06	0.993102	1.12036	1.16798	1.16798	
0.993101	0.993102	0.993102	0.993102	0.993102	0.993102	1.3781e-20	0.993102	0.993102	0.993102	0.993102	0.993102	0.992697	0.993102	0.993102	0.993102	0.993102	0.993101	1.17581e-18	1.36325e-14	0.993102	9.83846e-24	9.83401e-31	3.22557e-23	1.75663e-13	5.76163e-06	0.993102	1.12034	1.16816	1.16816	
0.993101	0.993102	0.993102	0.993102	0.993102	0.993102	1.3781e-20	0.993102	0.993102	0.993102	0.993102	0.993102	0.992698	0.993102	0.993102	0.993102	0.993102	0.993101	1.17911e-18	1.3672e-14	0.993102	8.00645e-24	9.83427e-31	3.23492e-23	1.75667e-13	5.77834e-06	0.993102	1.12038	1.16773	1.16773	
0.993101	0.993102	0.993102	0.993102	0.993102	0.993102	1.37809e-20	0.993102	0.993102	0.993102	0.993102	0.993102	0.9927	0.993102	0.993102	0.993102	0.993102	0.993101	1.17623e-18	1.37287e-14	0.993102	6.6401e-24	9.85588e-31	3.24833e-23	1.76053e-13	5.80229e-06	0.993102	1.12025	1.16813	1.16813	
0.993101	0.993102	0.993102	0.993102	0.993102	0.993102	1.37809e-20	0.993102	0.993102	0.993102	0.993102	0.993102	0.992701	0.993102	0.993102	0.993102	0.993102	0.993101	1.17964e-18	1.37524e-14	0.993102	5.61598e-24	9.85202e-31	3.25393e-23	1.75984e-13	5.8123e-06	0.993102	1.12018	1.16793	1.16793	
0.993101	0.993102	0.993102	0.993102	0.993102	0.993102	1.37809e-20	0.993102	0.993102	0.993102	0.993102	0.993102	0.992702	0.993102	0.993102	0.993102	0.993102	0.993101	1.18018e-18	1.37893e-14	0.993102	4.85418e-24	9.85929e-31	3.26268e-23	1.76114e-13	5.82792e-06	0.993102	1.11992	1.16778	1.16778	
0.993101	0.993102	0.993102	0.993102	0.993102	0.993102	1.37809e-20	0.993102	0.993102	0.993102	0.993102	0.993102	0.992703	0.993102	0.993102	0.993102	0.993102	0.993101	1.18036e-18	1.3845e-14	0.993102	4.2927e-24	9.87198e-31	3.27585e-23	1.76341e-13	5.85145e-06	0.993102	1.11993	1.16779	1.16779	
0.993101	0.993102	0.993102	0.993102	0.993102	0.993102	1.37809e-20	0.993102	0.993102	0.993102	0.993102	0.993102	0.992705	0.993102	0.993102	0.993102	0.993102	0.993101	1.18057e-18	1.38855e-14	0.993102	3.87226e-24	9.88098e-31	3.28543e-23	1.76502e-13	5.86856e-06	0.993102	1.12163	1.16827	1.16827	
0.993101	0.993102	0.993102	0.993102	0.993102	0.993102	1.37809e-20	0.993102	0.993102	0.993102	0.993102	0.993102	0.992701	0.993102	0.993102	0.993102	0.993102	0.993101	1.17629e-18	1.37656e-14	0.993102	3.50837e-24	9.86414e-31	3.25705e-23	1.76201e-13	5.81787e-06	0.993102	1.12214	1.16745	1.16745	
0.993101	0.993102	0.993102	0.993102	0.993102	0.993102	1.37809e-20	0.993102	0.993102	0.993102	0.993102	0.993102	0.992699	0.993102	0.993102	0.993102	0.993102	0.993101	1.16087e-18	1.36966e-14	0.993102	3.23368e-24	9.89202e-31	3.24074e-23	1.76699e-13	5.78874e-06	0.993102	1.12244	1.16698	1.16698	
0.993101	0.993102	0.993102	0.993102	0.993102	0.993102	1.37809e-20	0.993102	0.993102	0.993102	0.993102	0.993102	0.992698	0.993102	0.993102	0.993102	0.993102	0.993101	1.14234e-18	1.3657e-14	0.993102	3.02658e-24	9.93701e-31	3.23136e-23	1.77502e-13	5.77198e-06	0.993102	1.12143	1.16858	1.16858	
0.993101	0.993102	0.993102	0.993102	0.993102	0.993102	1.37809e-20	0.993102	0.993102	0.993102	0.993102	0.993102	0.992696	0.993102	0.993102	0.993102	0.993102	0.993101	1.15255e-18	1.35874e-14	0.993102	2.87679e-24	9.89079e-31	3.21491e-23	1.76677e-13	5.74259e-06	0.993102	1.12264	1.1697	1.1697	
0.993101	0.993102	0.993102	0.993102	0.993102	0.993102	1.37809e-20	0.993102	0.993102	0.993102	0.993102	0.993102	0.992689	0.993102	0.993102	0.993102	0.993102	0.993101	1.16641e-18	1.33817e-14	0.993102	2.72277e-24	9.80169e-31	3.16622e-23	1.75085e-13	5.65563e-06	0.993102	1.12373	1.16893	1.16893	
0.993101	0.993102	0.993102	0.993102	0.993102	0.993102	1.37809e-20	0.993102	0.993102	0.993102	0.993102	0.993102	0.992684	0.993102	0.993102	0.993102	0.993102	0.993101	1.16127e-18	1.3207e-14	0.993102	2.59164e-24	9.77201e-31	3.12488e-23	1.74555e-13	5.58179e-06	0.993102	1.12254	1.16918	1.16918	
0.993101	0.993102	0.993102	0.993102	0.993102	0.993102	1.37809e-20	0.993102	0.993102	0.993102	0.993102	0.993102	0.992682	0.993102	0.993102	0.993102	0.993102	0.993101	1.16734e-18	1.31368e-14	0.993102	2.51765e-24	9.73764e-31	3.10829e-23	1.73941e-13	5.55215e-06	0.993102	1.12309	1.16842	1.16842	
0.993101	0.993102	0.993102	0.993102	0.993102	0.993102	1.37809e-20	0.993102	0.993102	0.993102	0.993102	0.993102	0.992681	0.993102	0.993102	0.993102	0.993102	0.993101	1.15969e-18	1.30984e-14	0.993102	2.45839e-24	9.74941e-31	3.09919e-23	1.74151e-13	5.53589e-06	0.993102	1.12362	1.16747	1.16747	
0.993101	0.993102	0.993102	0.993102	0.993102	0.993102	1.37809e-20	0.993102	0.993102	0.993102	0.993102	0.993102	0.992681	0.993102	0.993102	0.993102	0.993102	0.993101	1.1404e-18	1.30975e-14	0.993102	2.41289e-24	9.80552e-31	3.09898e-23	1.75154e-13	5.53552e-06	0.993102	1.12387	1.16879	1.16879	
0.993101	0.993102	0.993102	0.993102	0.993102	0.993102	1.37809e-20	0.993102	0.993102	0.993102	0.993102	0.993102	0.992677	0.993102	0.993102	0.993102	0.993102	0.993101	1.13934e-18	1.29949e-14	0.993102	2.35836e-24	9.78203e-31	3.07471e-23	1.74734e-13	5.49217e-06	0.993102	1.12186	1.16852	1.16852	
0.993101	0.993102	0.993102	0.993102	0.993102	0.993102	1.37809e-20	0.993102	0.993102	0.993102	0.993102	0.993102	0.99268	0.993102	0.993102	0.993102	0.993102	0.993101	1.14701e-18	1.30669e-14	0.993102	2.36693e-24	9.7778e-31	3.09173e-23	1.74658e-13	5.52257e-06	0.993102	1.12322	1.1691	1.1691	
0.993101	0.993102	0.993102	0.993102	0.993102	0.993102	1.37809e-20	0.993102	0.993102	0.993102	0.993102	0.993102	0.992677	0.993102	0.993102	0.993102	0.993102	0.993101	1.15168e-18	1.29929e-14	0.993102	2.33479e-24	9.74585e-31	3.07423e-23	1.74088e-13	5.49131e-06	0.993102	1.12315	1.16891	1.16891	
0.993101	0.993102	0.993102	0.993102	0.993102	0.993102	1.37809e-20	0.993102	0.993102	0.993102	0.993102	0.993102	0.992676	0.993102	0.993102	0.993102	0.993102	0.993101	1.15329e-18	1.29547e-14	0.993102	2.31454e-24	9.73146e-31	3.06519e-23	1.73831e-13	5.47516e-06	0.993102	1.12339	1.16935	1.16935	
0.993101	0.993102	0.993102	0.993102	0.993102	0.993102	1.37809e-20	0.993102	0.993102	0.993102	0.993102	0.993102	0.992674	0.993102	0.993102	0.993102	0.993102	0.993101	1.15833e-18	1.28826e-14	0.993102	2.28914e-24	9.69918e-31	3.04815e-23	1.73254e-13	5.44472e-06	0.993102	1.12387	1.16867	1.16867	
0.993101	0.993102	0.993102	0.993102	0.993102	0.993102	1.37809e-20	0.993102	0.993102	0.993102	0.993102	0.993102	0.992672	0.993102	0.993102	0.993102	0.993102	0.993101	1.1514e-18	1.2841e-14	0.993102	2.26686e-24	9.70808e-31	3.03829e-23	1.73413e-13	5.42711e-06	0.993102	1.12357	1.16856	1.16856	
0.993101	0.993102	0.993102	0.993102	0.993102	0.993102	1.37809e-20	0.993102	0.993102	0.993102	0.993102	0.993102	0.992672	0.993102	0.993102	0.993102	0.993102	0.993101	1.1467e-18	1.28362e-14	0.993102	2.25813e-24	9.72004e-31	3.03715e-23	1.73627e-13	5.42508e-06	0.993102	1.12307	1.16949	1.16949	
0.993101	0.993102	0.993102	0.993102	0.993102	0.993102	1.37809e-20	0.993102	0.993102	0.993102	0.993102	0.993102	0.992671	0.993102	0.993102	0.993102	0.993102	0.993101	1.15692e-18	1.28052e-14	0.993102	2.25241e-24	9.68392e-31	3.02981e-23	1.72982e-13	5.41196e-06	0.993102	1.12232	1.16933	1.16933	
0.993101	0.993102	0.993102	0.993102	0.993102	0.993102	1.37809e-20	0.993102	0.993102	0.993102	0.993102	0.993102	0.992672	0.993102	0.993102	0.993102	0.993102	0.993101	1.16713e-18	1.28408e-14	0.993102	2.26715e-24	9.66469e-31	3.03825e-23	1.72638e-13	5.42703e-06	0.993102	1.12258	1.16973	1.16973	
0.993101	0.993102	0.993102	0.993102	0.993102	0.993102	1.37809e-20	0.993102	0.993102	0.993102	0.993102	0.993102	0.992672	0.993102	0.993102	0.993102	0.993102	0.993101	1.17804e-18	1.28251e-14	0.993102	2.26769e-24	9.63112e-31	3.03454e-23	1.72038e-13	5.42041e-06	0.993102	1.12083	1.1706	1.1706	
0.993101	0.993102	0.993102	0.993102	0.993102	0.993102	1.37809e-20	0.993102	0.993102	0.993102	0.993102	0.993102	0.992673	0.993102	0.993102	0.993102	0.993102	0.993101	1.20823e-18	1.287e-14	0.993102	2.29877e-24	9.56451e-31	3.04515e-23	1.70849e-13	5.43937e-06	0.993102	1.11903	1.16984	1.16984	
0.993101	0.993102	0.993102	0.993102	0.993102	0.993102	1.37809e-20	0.993102	0.993102	0.993102	0.993102	0.993102	0.99268	0.993102	0.993102	0.993102	0.993102	0.993101	1.2327e-18	1.30756e-14	0.993102	2.37694e-24	9.55069e-31	3.09381e-23	1.70602e-13	5.52628e-06	0.993102	1.12122	1.17031	1.17031	
0.993101	0.993102	0.993102	0.993102	0.993102	0.993102	1.37809e-20	0.993102	0.993102	0.993102	0.993102	0.993102	0.992679	0.993102	0.993102	0.993102	0.993102	0.993101	1.2428e-18	1.30513e-14	0.993102	2.37475e-24	9.51824e-31	3.08805e-23	1.70022e-13	5.51599e-06	0.993102	1.11949	1.17012	1.17012	
0.993101	0.993102	0.993102	0.993102	0.993102	0.993102	1.37809e-20	0.993102	0.993102	0.993102	0.993102	0.993102	0.992683	0.993102	0.993102	0.993102	0.993102	0.993101	1.25917e-18	1.31615e-14	0.993102	2.41843e-24	9.50301e-31	3.11411e-23	1.6975e-13	5.56256e-06	0.993102	1.11922	1.17005	1.17005	
0.993101	0.993102	0.993102	0.993102	0.993102	0.993102	1.37809e-20	0.993102	0.993102	0.993102	0.993102	0.993102	0.992686	0.993102	0.993102	0.993102	0.993102	0.993101	1.27233e-18	1.32667e-14	0.993102	2.4589e-24	9.49472e-31	3.139e-23	1.69602e-13	5.60701e-06	0.993102	1.11886	1.16998	1.16998	
0.993101	0.993102	0.993102	0.993102	0.993102	0.993102	1.37809e-20	0.993102	0.993102	0.993102	0.993102	0.993102	0.992689	0.993102	0.993102	0.993102	0.993102	0.993101	1.28355e-18	1.33748e-14	0.993102	2.49943e-24	9.49205e-31	3.16459e-23	1.69554e-13	5.65272e-06	0.993102	1.11815	1.16967	1.16967	
0.993101	0.993102	0.993102	0.993102	0.993102	0.993102	1.37809e-20	0.993102	0.993102	0.993102	0.993102	0.993102	0.992694	0.993102	0.993102	0.993102	0.993102	0.993101	1.29261e-18	1.35264e-14	0.993102	2.55291e-24	9.50467e-31	3.20047e-23	1.6978e-13	5.71681e-06	0.993102	1.11772	1.16975	1.16975	
0.993101	0.993102	0.993102	0.993102	0.993102	0.993102	1.37809e-20	0.993102	0.993102	0.993102	0.993102	0.993102	0.992698	0.993102	0.993102	0.993102	0.993102	0.993101	1.30331e-18	1.36651e-14	0.993102	2.6038e-24	9.5104e-31	3.23327e-23	1.69882e-13	5.77541e-06	0.993102	1.11633	1.1699	1.1699	
0.993101	0.993102	0.993102	0.993102	0.993102	0.993102	1.37809e-20	0.993102	0.993102	0.993102	0.993102	0.993102	0.992703	0.993102	0.993102	0.993102	0.993102	0.993101	1.32294e-18	1.38579e-14	0.993102	2.6794e-24	9.50738e-31	3.27889e-23	1.69828e-13	5.85688e-06	0.993102	1.11663	1.16907	1.16907	
0.993101	0.993102	0.993102	0.993102	0.993102	0.993102	1.37809e-20	0.993102	0.993102	0.993102	0.993102	0.993102	0.992709	0.993102	0.993102	0.993102	0.993102	0.993101	1.32427e-18	1.40402e-14	0.993102	2.73915e-24	9.54497e-31	3.32204e-23	1.705e-13	5.93396e-06	0.993102	1.11641	1.17014	1.17014	
0.993101	0.993102	0.993102	0.993102	0.993102	0.993102	1.37809e-20	0.993102	0.993102	0.993102	0.993102	0.993102	0.992711	0.993102	0.993102	0.993102	0.993102	0.993101	1.34138e-18	1.41153e-14	0.993102	2.77479e-24	9.52185e-31	3.33979e-23	1.70087e-13	5.96567e-06	0.993102	1.11646	1.1699	1.1699	
0.993101	0.993102	0.993102	0.993102	0.993102	0.993102	1.37809e-20	0.993102	0.993102	0.993102	0.993102	0.993102	0.992713	0.993102	0.993102	0.993102	0.993102	0.993101	1.35054e-18	1.41849e-14	0.993102	2.80344e-24	9.51581e-31	3.35627e-23	1.69979e-13	5.99511e-06	0.993102	1.1166	1.1703	1.1703	
0.993101	0.993102	0.993102	0.993102	0.993102	0.993102	1.37809e-20	0.993102	0.993102	0.993102	0.993102	0.993102	0.992713	0.993102	0.993102	0.993102	0.993102	0.993101	1.36191e-18	1.41989e-14	0.993102	2.81525e-24	9.49262e-31	3.35957e-23	1.69564e-13	6.001e-06	0.993102	1.11719	1.16936	1.16936	
0.993101	0.993102	0.993102	0.993102	0.993102	0.993102	1.37809e-20	0.993102	0.993102	0.993102	0.993102	0.993102	0.992714	0.993102	0.993102	0.993102	0.993102	0.993101	1.35346e-18	1.42337e-14	0.993102	2.82038e-24	9.52017e-31	3.36781e-23	1.70057e-13	6.01573e-06	0.993102	1.1151	1.16942	1.16942	
0.993101	0.993102	0.993102	0.993102	0.993102	0.993102	1.37809e-20	0.993102	0.993102	0.993102	0.993102	0.993102	0.992719	0.993102	0.993102	0.993102	0.993102	0.993101	1.36225e-18	1.44092e-14	0.993102	2.88548e-24	9.53784e-31	3.40934e-23	1.70372e-13	6.0899e-06	0.993102	1.12166	1.16592	1.16592	
0.993101	0.993102	0.993102	0.993102	0.993102	0.993102	1.37809e-20	0.993102	0.993102	0.993102	0.993102	0.993102	0.992716	0.993102	0.993102	0.993102	0.993102	0.993101	1.28588e-18	1.43175e-14	0.993102	2.79863e-24	9.72594e-31	3.38764e-23	1.73732e-13	6.05114e-06	0.993102	1.12118	1.1662	1.1662	
0.993101	0.993102	0.993102	0.993102	0.993102	0.993102	1.37809e-20	0.993102	0.993102	0.993102	0.993102	0.993102	0.992715	0.993102	0.993102	0.993102	0.993102	0.993101	1.2343e-18	1.42636e-14	0.993102	2.74252e-24	9.85246e-31	3.37488e-23	1.75992e-13	6.02835e-06	0.993102	1.12097	1.16495	1.16495	
0.993101	0.993102	0.993102	0.993102	0.993102	0.993102	1.37809e-20	0.993102	0.993102	0.993102	0.993102	0.993102	0.992717	0.993102	0.993102	0.993102	0.993102	0.993101	1.18349e-18	1.43279e-14	0.993102	2.72238e-24	1.00123e-30	3.3901e-23	1.78847e-13	6.05554e-06	0.993102	1.12053	1.16561	1.16561	
0.993101	0.993102	0.993102	0.993102	0.993102	0.993102	1.37809e-20	0.993102	0.993102	0.993102	0.993102	0.993102	0.992718	0.993102	0.993102	0.993102	0.993102	0.993101	1.15478e-18	1.43604e-14	0.993102	2.7104e-24	1.00974e-30	3.3978e-23	1.80367e-13	6.06929e-06	0.993102	1.12015	1.16688	1.16688	
0.993101	0.993102	0.993102	0.993102	0.993102	0.993102	1.37809e-20	0.993102	0.993102	0.993102	0.993102	0.993102	0.992717	0.993102	0.993102	0.993102	0.993102	0.993101	1.14952e-18	1.43204e-14	0.993102	2.69457e-24	1.00956e-30	3.38832e-23	1.80335e-13	6.05236e-06	0.993102	1.12042	1.16526	1.16526	
0.993101	0.993102	0.993102	0.993102	0.993102	0.993102	1.37809e-20	0.993102	0.993102	0.993102	0.993102	0.993102	0.992718	0.993102	0.993102	0.993102	0.993102	0.993101	1.12629e-18	1.43882e-14	0.993102	2.69731e-24	1.01777e-30	3.40438e-23	1.81802e-13	6.08104e-06	0.993102	1.1202	1.16525	1.16525	
0.993101	0.993102	0.993102	0.993102	0.993102	0.993102	1.37809e-20	0.993102	0.993102	0.993102	0.993102	0.993102	0.99272	0.993102	0.993102	0.993102	0.993102	0.993101	1.10996e-18	1.44561e-14	0.993102	2.70556e-24	1.02397e-30	3.42043e-23	1.82909e-13	6.1097e-06	0.993102	1.11899	1.16649	1.16649	
0.993101	0.993102	0.993102	0.993102	0.993102	0.993102	1.37809e-20	0.993102	0.993102	0.993102	0.993102	0.993102	0.992722	0.993102	0.993102	0.993102	0.993102	0.993101	1.11822e-18	1.45041e-14	0.993102	2.728e-24	1.02217e-30	3.4318e-23	1.82588e-13	6.13002e-06	0.993102	1.11949	1.16653	1.16653	
0.993101	0.993102	0.993102	0.993102	0.993102	0.993102	1.37809e-20	0.993102	0.993102	0.993102	0.993102	0.993102	0.992722	0.993102	0.993102	0.993102	0.993102	0.993101	1.1219e-18	1.45012e-14	0.993102	2.73044e-24	1.02066e-30	3.4311e-23	1.82318e-13	6.12876e-06	0.993102	1.1196	1.16543	1.16543	
0.993101	0.993102	0.993102	0.993102	0.993102	0.993102	1.37809e-20	0.993102	0.993102	0.993102	0.993102	0.993102	0.992723	0.993102	0.993102	0.993102	0.993102	0.993101	1.11183e-18	1.45715e-14	0.993102	2.74442e-24	1.0252e-30	3.44774e-23	1.83128e-13	6.15848e-06	0.993102	1.11939	1.16501	1.16501	
0.993101	0.993102	0.993102	0.993102	0.993102	0.993102	1.37809e-20	0.993102	0.993102	0.993102	0.993102	0.993102	0.992726	0.993102	0.993102	0.993102	0.993102	0.993101	1.10091e-18	1.46713e-14	0.993102	2.76678e-24	1.03079e-30	3.47134e-23	1.84127e-13	6.20065e-06	0.993102	1.1184	1.16248	1.16248	
0.993101	0.993102	0.993102	0.993102	0.993102	0.993102	1.37809e-20	0.993102	0.993102	0.993102	0.993102	0.993102	0.992734	0.993102	0.993102	0.993102	0.993102	0.993101	1.07167e-18	1.50204e-14	0.993102	2.85069e-24	1.04866e-30	3.55397e-23	1.8732e-13	6.34823e-06	0.993102	1.11834	1.16246	1.16246	
0.993101	0.993102	0.993102	0.993102	0.993102	0.993102	1.37809e-20	0.993102	0.993102	0.993102	0.993102	0.993102	0.99274	0.993102	0.993102	0.993102	0.993102	0.993101	1.04994e-18	1.52882e-14	0.993102	2.91573e-24	1.06213e-30	3.61733e-23	1.89726e-13	6.46141e-06	0.993102	1.11954	1.1619	1.1619	
0.993101	0.993102	0.993102	0.993102	0.993102	0.993102	1.37809e-20	0.993102	0.993102	0.993102	0.993102	0.993102	0.992744	0.993102	0.993102	0.993102	0.993102	0.993101	1.02236e-18	1.54372e-14	0.993102	2.93607e-24	1.07537e-30	3.65258e-23	1.92091e-13	6.52438e-06	0.993102	1.11808	1.16303	1.16303	
0.993101	0.993102	0.993102	0.993102	0.993102	0.993102	1.37809e-20	0.993102	0.993102	0.993102	0.993102	0.993102	0.992747	0.993102	0.993102	0.993102	0.993102	0.993101	1.02005e-18	1.55748e-14	0.993102	2.97873e-24	1.07898e-30	3.68514e-23	1.92735e-13	6.58254e-06	0.993102	1.11876	1.16222	1.16222	
0.993101	0.993102	0.993102	0.993102	0.993102	0.993102	1.37809e-20	0.993102	0.993102	0.993102	0.993102	0.993102	0.99275	0.993102	0.993102	0.993102	0.993102	0.993101	1.00685e-18	1.56886e-14	0.993102	3.0022e-24	1.08617e-30	3.71206e-23	1.9402e-13	6.63062e-06	0.993102	1.11835	1.16286	1.16286	
0.993101	0.993102	0.993102	0.993102	0.993102	0.993102	1.37809e-20	0.993102	0.993102	0.993102	0.993102	0.993102	0.992751	0.993102	0.993102	0.993102	0.993102	0.993101	1.00534e-18	1.57559e-14	0.993102	3.02274e-24	1.08802e-30	3.72798e-23	1.9435e-13	6.65905e-06	0.993102	1.1179	1.16432	1.16432	
0.993101	0.993102	0.993102	0.993102	0.993102	0.993102	1.37809e-20	0.993102	0.993102	0.993102	0.993102	0.993102	0.992751	0.993102	0.993102	0.993102	0.993102	0.993101	1.02184e-18	1.5725e-14	0.993102	3.02924e-24	1.08144e-30	3.72067e-23	1.93176e-13	6.646e-06	0.993102	1.11932	1.16517	1.16517	
0.993101	0.993102	0.993102	0.993102	0.993102	0.993102	1.37809e-20	0.993102	0.993102	0.993102	0.993102	0.993102	0.992746	0.993102	0.993102	0.993102	0.993102	0.993101	1.03569e-18	1.55275e-14	0.993102	2.97958e-24	1.07203e-30	3.67394e-23	1.91494e-13	6.56253e-06	0.993102	1.1196	1.16487	1.16487	
0.993101	0.993102	0.993102	0.993102	0.993102	0.993102	1.37809e-20	0.993102	0.993102	0.993102	0.993102	0.993102	0.992743	0.993102	0.993102	0.993102	0.993102	0.993101	1.04129e-18	1.5381e-14	0.993102	2.93863e-24	1.06657e-30	3.63928e-23	1.90519e-13	6.50062e-06	0.993102	1.1198	1.16566	1.16566	
0.993101	0.993102	0.993102	0.993102	0.993102	0.993102	1.37809e-20	0.993102	0.993102	0.993102	0.993102	0.993102	0.992739	0.993102	0.993102	0.993102	0.993102	0.993101	1.05293e-18	1.5198e-14	0.993102	2.89143e-24	1.05835e-30	3.59598e-23	1.8905e-13	6.42327e-06	0.993102	1.11995	1.16531	1.16531	
0.993101	0.993102	0.993102	0.993102	0.993102	0.993102	1.37809e-20	0.993102	0.993102	0.993102	0.993102	0.993102	0.992736	0.993102	0.993102	0.993102	0.993102	0.993101	1.05701e-18	1.50761e-14	0.993102	2.85687e-24	1.05404e-30	3.56714e-23	1.8828e-13	6.37176e-06	0.993102	1.12092	1.16557	1.16557	
0.993101	0.993102	0.993102	0.993102	0.993102	0.993102	1.37809e-20	0.993102	0.993102	0.993102	0.993102	0.993102	0.992731	0.993102	0.993102	0.993102	0.993102	0.993101	1.05769e-18	1.48942e-14	0.993102	2.80099e-24	1.04942e-30	3.52411e-23	1.87456e-13	6.29489e-06	0.993102	1.11995	1.1654	1.1654	
0.993101	0.993102	0.993102	0.993102	0.993102	0.993102	1.37809e-20	0.993102	0.993102	0.993102	0.993102	0.993102	0.99273	0.993102	0.993102	0.993102	0.993102	0.993101	1.06157e-18	1.48422e-14	0.993102	2.78797e-24	1.04688e-30	3.51178e-23	1.87002e-13	6.27288e-06	0.993102	1.12006	1.16468	1.16468	
0.993101	0.993102	0.993102	0.993102	0.993102	0.993102	1.37809e-20	0.993102	0.993102	0.993102	0.993102	0.993102	0.99273	0.993102	0.993102	0.993102	0.993102	0.993101	1.05622e-18	1.48486e-14	0.993102	2.78518e-24	1.04877e-30	3.5133e-23	1.87339e-13	6.27559e-06	0.993102	1.11951	1.16438	1.16438	
0.993101	0.993102	0.993102	0.993102	0.993102	0.993102	1.37809e-20	0.993102	0.993102	0.993102	0.993102	0.993102	0.992732	0.993102	0.993102	0.993102	0.993102	0.993101	1.052e-18	1.49171e-14	0.993102	2.80285e-24	1.05176e-30	3.52952e-23	1.87873e-13	6.30456e-06	0.993102	1.11995	1.16476	1.16476	
0.993101	0.993102	0.993102	0.993102	0.993102	0.993102	1.37809e-20	0.993102	0.993102	0.993102	0.993102	0.993102	0.992732	0.993102	0.993102	0.993102	0.993102	0.993101	1.05046e-18	1.49069e-14	0.993102	2.79825e-24	1.05201e-30	3.5271e-23	1.87917e-13	6.30023e-06	0.993102	1.11973	1.16553	1.16553	
0.993101	0.993102	0.993102	0.993102	0.993102	0.993102	1.37809e-20	0.993102	0.993102	0.993102	0.993102	0.993102	0.992731	0.993102	0.993102	0.993102	0.993102	0.993101	1.05873e-18	1.48586e-14	0.993102	2.7903e-24	1.04815e-30	3.51567e-23	1.87228e-13	6.27982e-06	0.993102	1.11891	1.16533	1.16533	
0.993101	0.993102	0.993102	0.993102	0.993102	0.993102	1.37809e-20	0.993102	0.993102	0.993102	0.993102	0.993102	0.992732	0.993102	0.993102	0.993102	0.993102	0.993101	1.06719e-18	1.48979e-14	0.993102	2.81015e-24	1.0463e-30	3.52498e-23	1.86898e-13	6.29646e-06	0.993102	1.11984	1.16479	1.16479	
0.993101	0.993102	0.993102	0.993102	0.993102	0.993102	1.37809e-20	0.993102	0.993102	0.993102	0.993102	0.993102	0.992732	0.993102	0.993102	0.993102	0.993102	0.993101	1.06271e-18	1.48982e-14	0.993102	2.80627e-24	1.04776e-30	3.52505e-23	1.87158e-13	6.29657e-06	0.993102	1.11948	1.16588	1.16588	
0.993101	0.993102	0.993102	0.993102	0.993102	0.993102	1.37809e-20	0.993102	0.993102	0.993102	0.993102	0.993102	0.99273	0.993102	0.993102	0.993102	0.993102	0.993101	1.07316e-18	1.48442e-14	0.993102	2.79825e-24	1.04313e-30	3.51226e-23	1.86332e-13	6.27373e-06	0.993102	1.12037	1.16665	1.16665	
0.993101	0.993102	0.993102	0.993102	0.993102	0.993102	1.37809e-20	0.993102	0.993102	0.993102	0.993102	0.993102	0.992726	0.993102	0.993102	0.993102	0.993102	0.993101	1.08458e-18	1.46833e-14	0.993102	2.75758e-24	1.03572e-30	3.4742e-23	1.85009e-13	6.20575e-06	0.993102	1.11812	1.16586	1.16586	
0.993101	0.993102	0.993102	0.993102	0.993102	0.993102	1.37809e-20	0.993102	0.993102	0.993102	0.993102	0.993102	0.992729	0.993102	0.993102	0.993102	0.993102	0.993101	1.09698e-18	1.47864e-14	0.993102	2.80103e-24	1.03421e-30	3.49858e-23	1.84738e-13	6.2493e-06	0.993102	1.11966	1.16538	1.16538	
0.993101	0.993102	0.993102	0.993102	0.993102	0.993102	1.37809e-20	0.993102	0.993102	0.993102	0.993102	0.993102	0.992729	0.993102	0.993102	0.993102	0.993102	0.993101	1.09235e-18	1.47837e-14	0.993102	2.79614e-24	1.03557e-30	3.49795e-23	1.84982e-13	6.24816e-06	0.993102	1.11961	1.16532	1.16532	
0.993101	0.993102	0.993102	0.993102	0.993102	0.993102	1.37809e-20	0.993102	0.993102	0.993102	0.993102	0.993102	0.992729	0.993102	0.993102	0.993102	0.993102	0.993101	1.08852e-18	1.479e-14	0.993102	2.79478e-24	1.03691e-30	3.49944e-23	1.8522e-13	6.25083e-06	0.993102	1.119	1.16411	1.16411	
0.993101	0.993102	0.993102	0.993102	0.993102	0.993102	1.37809e-20	0.993102	0.993102	0.993102	0.993102	0.993102	0.992732	0.993102	0.993102	0.993102	0.993102	0.993101	1.0759e-18	1.49331e-14	0.993102	2.82872e-24	1.04437e-30	3.53331e-23	1.86553e-13	6.31133e-06	0.993102	1.1204	1.16437	1.16437	
0.993101	0.993102	0.993102	0.993102	0.993102	0.993102	1.37809e-20	0.993102	0.993102	0.993102	0.993102	0.993102	0.992732	0.993102	0.993102	0.993102	0.993102	0.993101	1.06201e-18	1.4914e-14	0.993102	2.81045e-24	1.04852e-30	3.52879e-23	1.87294e-13	6.30326e-06	0.993102	1.12021	1.16568	1.16568	
0.993101	0.993102	0.993102	0.993102	0.993102	0.993102	1.37809e-20	0.993102	0.993102	0.993102	0.993102	0.993102	0.99273	0.993102	0.993102	0.993102	0.993102	0.993101	1.06648e-18	1.48169e-14	0.993102	2.78399e-24	1.04472e-30	3.50581e-23	1.86615e-13	6.2622e-06	0.993102	1.12023	1.16607	1.16607	
0.993101	0.993102	0.993102	0.993102	0.993102	0.993102	1.37809e-20	0.993102	0.993102	0.993102	0.993102	0.993102	0.992727	0.993102	0.993102	0.993102	0.993102	0.993101	1.07388e-18	1.47145e-14	0.993102	2.75832e-24	1.03989e-30	3.48157e-23	1.85752e-13	6.21892e-06	0.993102	1.12025	1.16706	1.16706	
0.993101	0.993102	0.993102	0.993102	0.993102	0.993102	1.37809e-20	0.993102	0.993102	0.993102	0.993102	0.993102	0.992723	0.993102	0.993102	0.993102	0.993102	0.993101	1.09053e-18	1.45649e-14	0.993102	2.72529e-24	1.03118e-30	3.44618e-23	1.84196e-13	6.1557e-06	0.993102	1.11701	1.16818	1.16818	
0.993101	0.993102	0.993102	0.993102	0.993102	0.993102	1.37809e-20	0.993102	0.993102	0.993102	0.993102	0.993102	0.992724	0.993102	0.993102	0.993102	0.993102	0.993101	1.1362e-18	1.46076e-14	0.993102	2.7756e-24	1.01907e-30	3.45628e-23	1.82035e-13	6.17374e-06	0.993102	1.11554	1.16818	1.16818	
0.993101	0.993102	0.993102	0.993102	0.993102	0.993102	1.37809e-20	0.993102	0.993102	0.993102	0.993102	0.993102	0.992728	0.993102	0.993102	0.993102	0.993102	0.993101	1.17988e-18	1.47499e-14	0.993102	2.8577e-24	1.01002e-30	3.48995e-23	1.80418e-13	6.23388e-06	0.993102	1.11881	1.16556	1.16556	
0.993101	0.993102	0.993102	0.993102	0.993102	0.993102	1.37809e-20	0.993102	0.993102	0.993102	0.993102	0.993102	0.992729	0.993102	0.993102	0.993102	0.993102	0.993101	1.16099e-18	1.48069e-14	0.993102	2.86023e-24	1.01656e-30	3.50344e-23	1.81585e-13	6.25797e-06	0.993102	1.11816	1.16611	1.16611	
0.993101	0.993102	0.993102	0.993102	0.993102	0.993102	1.37809e-20	0.993102	0.993102	0.993102	0.993102	0.993102	0.992731	0.993102	0.993102	0.993102	0.993102	0.993101	1.15675e-18	1.48574e-14	0.993102	2.87314e-24	1.0186e-30	3.5154e-23	1.8195e-13	6.27934e-06	0.993102	1.11696	1.16628	1.16628	
0.993101	0.993102	0.993102	0.993102	0.993102	0.993102	1.37809e-20	0.993102	0.993102	0.993102	0.993102	0.993102	0.992733	0.993102	0.993102	0.993102	0.993102	0.993101	1.16255e-18	1.49737e-14	0.993102	2.91612e-24	1.01926e-30	3.5429e-23	1.82069e-13	6.32847e-06	0.993102	1.11591	1.16573	1.16573	
0.993101	0.993102	0.993102	0.993102	0.993102	0.993102	1.37809e-20	0.993102	0.993102	0.993102	0.993102	0.993102	0.992738	0.993102	0.993102	0.993102	0.993102	0.993101	1.16661e-18	1.51866e-14	0.993102	2.99018e-24	1.02261e-30	3.59328e-23	1.82666e-13	6.41845e-06	0.993102	1.11432	1.16607	1.16607	
0.993101	0.993102	0.993102	0.993102	0.993102	0.993102	1.37809e-20	0.993102	0.993102	0.993102	0.993102	0.993102	0.992744	0.993102	0.993102	0.993102	0.993102	0.993101	1.18345e-18	1.5446e-14	0.993102	3.09261e-24	1.02333e-30	3.65466e-23	1.82795e-13	6.52809e-06	0.993102	1.11487	1.16631	1.16631	
0.993101	0.993102	0.993102	0.993102	0.993102	0.993102	1.37809e-20	0.993102	0.993102	0.993102	0.993102	0.993102	0.992747	0.993102	0.993102	0.993102	0.993102	0.993101	1.19561e-18	1.55762e-14	0.993102	3.14666e-24	1.02264e-30	3.68547e-23	1.82671e-13	6.58313e-06	0.993102	1.11351	1.16612	1.16612	
0.993101	0.993102	0.993102	0.993102	0.993102	0.993102	1.37809e-20	0.993102	0.993102	0.993102	0.993102	0.993102	0.992752	0.993102	0.993102	0.993102	0.993102	0.993101	1.21088e-18	1.58e-14	0.993102	3.23696e-24	1.02308e-30	3.73841e-23	1.82751e-13	6.67769e-06	0.993102	1.11357	1.16609	1.16609	
0.993101	0.993102	0.993102	0.993102	0.993102	0.993102	1.37809e-20	0.993102	0.993102	0.993102	0.993102	0.993102	0.992756	0.993102	0.993102	0.993102	0.993102	0.993101	1.22154e-18	1.59649e-14	0.993102	3.30291e-24	1.02357e-30	3.77742e-23	1.82838e-13	6.74738e-06	0.993102	1.1137	1.16625	1.16625	
0.993101	0.993102	0.993102	0.993102	0.993102	0.993102	1.37809e-20	0.993102	0.993102	0.993102	0.993102	0.993102	0.992758	0.993102	0.993102	0.993102	0.993102	0.993101	1.23077e-18	1.60644e-14	0.993102	3.34499e-24	1.0231e-30	3.80098e-23	1.82754e-13	6.78946e-06	0.993102	1.11177	1.16561	1.16561	
0.993101	0.993102	0.993102	0.993102	0.993102	0.993102	1.37809e-20	0.993102	0.993102	0.993102	0.993102	0.993102	0.992764	0.993102	0.993102	0.993102	0.993102	0.993101	1.24178e-18	1.63565e-14	0.993102	3.45883e-24	1.02608e-30	3.87009e-23	1.83287e-13	6.9129e-06	0.993102	1.11182	1.1656	1.1656	
0.993101	0.993102	0.993102	0.993102	0.993102	0.993102	1.37809e-20	0.993102	0.993102	0.993102	0.993102	0.993102	0.992768	0.993102	0.993102	0.993102	0.993102	0.993101	1.24951e-18	1.65718e-14	0.993102	3.5423e-24	1.02838e-30	3.92102e-23	1.83698e-13	7.00388e-06	0.993102	1.11568	1.16582	1.16582	
0.993101	0.993102	0.993102	0.993102	0.993102	0.993102	1.37809e-20	0.993102	0.993102	0.993102	0.993102	0.993102	0.992765	0.993102	0.993102	0.993102	0.993102	0.993101	1.23415e-18	1.63932e-14	0.993102	3.46463e-24	1.02895e-30	3.87876e-23	1.83799e-13	6.9284e-06	0.993102	1.11714	1.16581	1.16581	
0.993101	0.993102	0.993102	0.993102	0.993102	0.993102	1.37809e-20	0.993102	0.993102	0.993102	0.993102	0.993102	0.99276	0.993102	0.993102	0.993102	0.993102	0.993101	1.21387e-18	1.61455e-14	0.993102	3.36047e-24	1.02944e-30	3.82016e-23	1.83887e-13	6.82373e-06	0.993102	1.11839	1.16468	1.16468	
0.993101	0.993102	0.993102	0.993102	0.993102	0.993102	1.37809e-20	0.993102	0.993102	0.993102	0.993102	0.993102	0.992755	0.993102	0.993102	0.993102	0.993102	0.993101	1.17909e-18	1.59501e-14	0.993102	3.2616e-24	1.0357e-30	3.77393e-23	1.85005e-13	6.74115e-06	0.993102	1.11709	1.16547	1.16547	
0.993101	0.993102	0.993102	0.993102	0.993102	0.993102	1.37809e-20	0.993102	0.993102	0.993102	0.993102	0.993102	0.992753	0.993102	0.993102	0.993102	0.993102	0.993101	1.16905e-18	1.58442e-14	0.993102	3.21532e-24	1.03626e-30	3.74888e-23	1.85105e-13	6.6964e-06	0.993102	1.118	1.16512	1.16512	
0.993101	0.993102	0.993102	0.993102	0.993102	0.993102	1.37809e-20	0.993102	0.993102	0.993102	0.993102	0.993102	0.992751	0.993102	0.993102	0.993102	0.993102	0.993101	1.15257e-18	1.57213e-14	0.993102	3.15828e-24	1.03847e-30	3.71978e-23	1.855e-13	6.64443e-06	0.993102	1.11879	1.16551	1.16551	
0.993101	0.993102	0.993102	0.993102	0.993102	0.993102	1.37809e-20	0.993102	0.993102	0.993102	0.993102	0.993102	0.992746	0.993102	0.993102	0.993102	0.993102	0.993101	1.14005e-18	1.55395e-14	0.993102	3.08653e-24	1.03813e-30	3.67677e-23	1.85439e-13	6.56759e-06	0.993102	1.1188	1.16438	1.16438	
