0.25	0.25	0.25	0.998264	0.25	0.748882	0.748264	0.998264	0.998263	2.63265e-21	0.25	0.000618156	0.25	0.25	0.000618156	0.25	0.000618156	0.000618156	2.63265e-21	0.25	1.27727e-12	1.27727e-12	5.42631e-30	0.000618156	0.000618156	0.25	0.25	0	0	0	
0.25	0.25	0.25	0.998264	0.25	0.748882	0.748264	0.998264	0.998263	2.63265e-21	0.25	0.000618156	0.25	0.25	0.000618156	0.25	0.000618156	0.000618156	2.63265e-21	0.25	1.27727e-12	1.27727e-12	5.42631e-30	0.000618156	0.000618156	0.25	0.25	0	0	0	
0.437034	0.437066	0.437066	0.996964	0.437066	0.560365	0.559898	0.996964	0.992423	6.06428e-17	0.437066	0.245855	0.437066	0.437066	0.250462	0.437066	0.00108837	0.00108837	4.10565e-19	0.437066	1.97219e-10	4.26979e-06	1.31022e-25	0.245855	0.0010807	0.437066	0.437066	0.00471978	0.00471978	0.00471978	
0.575655	0.57704	0.57704	0.995992	0.57704	0.419301	0.418952	0.995992	0.750435	1.51617e-13	0.57704	0.433962	0.57704	0.57704	0.437412	0.57704	0.00149992	0.00149749	2.03668e-17	0.57704	9.47911e-09	0.124512	2.75557e-22	0.433961	0.00142461	0.57704	0.57704	0.0128358	0.0128364	0.0128364	
0.65968	0.681778	0.681778	0.995265	0.681778	0.313748	0.313486	0.995265	0.561557	6.97209e-11	0.681778	0.574717	0.681778	0.681778	0.577299	0.681778	0.00192642	0.0644088	4.20338e-16	0.681778	1.91041e-07	0.343078	1.03371e-15	0.574715	0.0527144	0.681778	0.681778	0.0232397	0.0232659	0.0232659	
0.635692	0.76015	0.76015	0.99472	0.76015	0.234766	0.23457	0.99472	0.420194	8.92525e-09	0.76015	0.680039	0.76015	0.760144	0.681972	0.76015	0.00242907	0.282144	4.50516e-15	0.760149	2.00985e-06	0.506712	1.07526e-10	0.680036	0.264704	0.76015	0.76015	0.035282	0.0357139	0.0357139	
0.52901	0.818792	0.818792	0.994313	0.818792	0.175667	0.17552	0.994313	0.314416	4.47733e-07	0.818792	0.758848	0.818792	0.818516	0.760295	0.818792	0.00307115	0.460095	2.99937e-14	0.818791	1.30161e-05	0.629154	5.57116e-07	0.758844	0.445979	0.818792	0.818792	0.0448333	0.0475021	0.0475021	
0.415038	0.862673	0.862673	0.994008	0.862673	0.131445	0.131336	0.994008	0.235266	9.84776e-06	0.862673	0.817818	0.862673	0.857802	0.818901	0.862673	0.00381237	0.594148	1.38419e-13	0.86267	5.51295e-05	0.720773	0.000318971	0.817812	0.583386	0.862673	0.862673	0.0533085	0.0611958	0.0611958	
0.318861	0.895506	0.895506	0.99378	0.895506	0.0983555	0.0982736	0.99378	0.176041	0.000134174	0.895506	0.861944	0.895506	0.857897	0.862754	0.895506	0.0046434	0.694553	5.16343e-13	0.895502	0.000171332	0.789328	0.0297781	0.861935	0.686439	0.895506	0.895506	0.0591807	0.074919	0.074919	
0.242946	0.920075	0.920075	0.993609	0.920075	0.0735959	0.0735345	0.993609	0.131725	0.00118157	0.920075	0.894961	0.920075	0.783078	0.895567	0.920075	0.0054855	0.769701	1.62439e-12	0.920068	0.000411422	0.840626	0.222947	0.894949	0.763601	0.920074	0.920075	0.0636151	0.0891844	0.0891844	
0.184459	0.938458	0.938459	0.993482	0.938459	0.0550691	0.0550232	0.993482	0.0985649	0.00758032	0.938458	0.919666	0.938458	0.656711	0.92012	0.938459	0.00629958	0.825936	4.51727e-12	0.938448	0.000814997	0.87901	0.41175	0.919651	0.821355	0.938457	0.938458	0.0661042	0.10277	0.10277	
0.139874	0.952214	0.952214	0.993386	0.952214	0.0412062	0.0411719	0.993386	0.0737525	0.0345261	0.952214	0.938153	0.952214	0.52578	0.938492	0.952214	0.00701902	0.868016	1.12379e-11	0.9522	0.00138088	0.907731	0.557238	0.938133	0.864577	0.952211	0.952214	0.0675619	0.116575	0.116575	
0.106068	0.962507	0.962507	0.993315	0.962507	0.0308331	0.0308074	0.993315	0.0551863	0.11137	0.962507	0.951986	0.962506	0.412003	0.95224	0.962507	0.00762436	0.899504	2.59394e-11	0.962487	0.00207936	0.929222	0.666719	0.951959	0.896921	0.9625	0.962507	0.0684283	0.130576	0.130576	
0.0805094	0.970209	0.970209	0.993261	0.970209	0.0230713	0.0230521	0.993261	0.0412939	0.244817	0.970209	0.962336	0.970205	0.319698	0.962526	0.970209	0.00811796	0.923065	5.65873e-11	0.970181	0.00286408	0.945303	0.74878	0.962302	0.921123	0.970197	0.970209	0.0685179	0.144061	0.144061	
0.0612214	0.975972	0.975972	0.993221	0.975972	0.0172634	0.017249	0.993221	0.0308987	0.395245	0.975972	0.970081	0.975964	0.246994	0.970223	0.975972	0.00849128	0.940695	1.16765e-10	0.975935	0.00367214	0.957336	0.810229	0.970037	0.939233	0.975953	0.975971	0.068704	0.15852	0.15852	
0.046682	0.980284	0.980284	0.993191	0.980284	0.0129176	0.0129068	0.993191	0.0231204	0.531694	0.980284	0.975876	0.980269	0.190646	0.975983	0.980284	0.00877932	0.953888	2.36004e-10	0.980234	0.00447	0.966339	0.856226	0.975819	0.952784	0.980254	0.980282	0.0676681	0.170697	0.170697	
0.0357302	0.983511	0.983511	0.993169	0.983511	0.00966575	0.0096577	0.993169	0.0173002	0.641961	0.983511	0.980212	0.983485	0.147239	0.980292	0.983511	0.00894541	0.963759	4.46173e-10	0.983445	0.00518389	0.973077	0.890652	0.98014	0.962922	0.983467	0.983506	0.0670689	0.183911	0.183911	
0.0274852	0.985926	0.985926	0.993152	0.985926	0.00723253	0.0072265	0.993152	0.0129451	0.727984	0.985925	0.983457	0.985884	0.114017	0.983517	0.985926	0.00904152	0.971145	8.28062e-10	0.98584	0.00581739	0.978118	0.916415	0.983366	0.970506	0.985863	0.985917	0.0662169	0.19688	0.19688	
0.0212803	0.987732	0.987732	0.993139	0.987732	0.00541184	0.00540733	0.993139	0.00968633	0.79373	0.987732	0.985885	0.98767	0.0886533	0.98593	0.987732	0.00907404	0.976672	1.50656e-09	0.987622	0.00635312	0.98189	0.935693	0.985769	0.976178	0.987645	0.987719	0.0649728	0.208753	0.208753	
0.0166119	0.989084	0.989084	0.99313	0.989084	0.00404948	0.00404611	0.99313	0.00724793	0.843465	0.989084	0.987702	0.988994	0.0693052	0.987735	0.989084	0.00904209	0.980808	2.64396e-09	0.988945	0.00677693	0.984712	0.950116	0.987557	0.98042	0.988968	0.989063	0.0638495	0.220881	0.220881	
0.0131002	0.990095	0.990096	0.993123	0.990096	0.00303008	0.00302755	0.993123	0.00542336	0.880926	0.990095	0.989061	0.989971	0.0545675	0.989086	0.990096	0.00896853	0.983903	4.56815e-09	0.989921	0.00710363	0.986824	0.960906	0.988881	0.98359	0.989943	0.990065	0.0626258	0.232395	0.232395	
0.0104591	0.990852	0.990852	0.993118	0.990852	0.0022673	0.00226541	0.993118	0.0040581	0.909065	0.990852	0.990078	0.990685	0.0433408	0.990097	0.990852	0.00886066	0.986218	7.71181e-09	0.990634	0.00733983	0.988405	0.968976	0.989855	0.985957	0.990657	0.99081	0.0616832	0.245455	0.245455	
0.00847291	0.991419	0.991419	0.993114	0.991419	0.00169654	0.00169512	0.993114	0.00303653	0.930176	0.991418	0.99084	0.991195	0.0347997	0.990854	0.991419	0.00874011	0.987951	1.3262e-08	0.991145	0.00750934	0.989587	0.975008	0.990561	0.98772	0.991166	0.991359	0.0605004	0.256287	0.256287	
0.00697941	0.991843	0.991843	0.993111	0.991843	0.00126946	0.0012684	0.993111	0.00227213	0.945994	0.991842	0.991409	0.991551	0.0282873	0.99142	0.991843	0.00860096	0.989247	2.1891e-08	0.991503	0.00761181	0.990472	0.979514	0.991065	0.989032	0.991523	0.991763	0.0597483	0.270289	0.270289	
0.00585645	0.99216	0.99216	0.993109	0.99216	0.000949888	0.000949097	0.993109	0.00170015	0.957843	0.992159	0.991835	0.991778	0.0233331	0.991843	0.99216	0.00846631	0.990218	3.78348e-08	0.99173	0.00767566	0.991134	0.982874	0.991401	0.990001	0.99175	0.992051	0.0578723	0.277889	0.277889	
0.00501215	0.992397	0.992397	0.993107	0.992397	0.000710767	0.000710174	0.993107	0.00127216	0.966713	0.992396	0.992154	0.991924	0.0195131	0.99216	0.992397	0.00829135	0.990943	5.86936e-08	0.991879	0.00766321	0.99163	0.98538	0.991632	0.990718	0.991897	0.992258	0.0571323	0.291318	0.291318	
0.00437739	0.992574	0.992574	0.993106	0.992574	0.000531841	0.000531398	0.993106	0.000951912	0.973354	0.992574	0.992393	0.991976	0.0166002	0.992397	0.992574	0.00813192	0.991487	9.69377e-08	0.991933	0.0076349	0.992	0.987236	0.991748	0.991235	0.991951	0.992394	0.0558548	0.301619	0.301619	
0.00390019	0.992707	0.992707	0.993105	0.992707	0.000397958	0.000397625	0.993105	0.000712281	0.978324	0.992706	0.992571	0.991964	0.0143527	0.992575	0.992707	0.00796434	0.991893	1.54959e-07	0.991924	0.0075727	0.992278	0.988607	0.991785	0.991604	0.99194	0.992476	0.0540754	0.307807	0.307807	
0.00354146	0.992807	0.992807	0.993104	0.992807	0.000297777	0.000297529	0.993104	0.000532975	0.982043	0.992806	0.992705	0.991926	0.0125913	0.992708	0.992807	0.00777371	0.992197	2.25644e-07	0.991889	0.00746639	0.992485	0.989621	0.991784	0.991867	0.991904	0.992525	0.0539938	0.324356	0.324356	
0.00327178	0.992881	0.992881	0.993104	0.992881	0.000222816	0.00022263	0.993104	0.000398807	0.984827	0.99288	0.992805	0.991769	0.0112608	0.992807	0.992881	0.00762813	0.992425	3.82262e-07	0.991734	0.00738749	0.992641	0.990336	0.991655	0.99202	0.991748	0.992517	0.0523215	0.331465	0.331465	
0.00306906	0.992937	0.992937	0.993103	0.992937	0.000166726	0.000166586	0.993103	0.000298414	0.98691	0.992936	0.99288	0.991597	0.0101983	0.992881	0.992937	0.00746004	0.992595	5.7975e-07	0.991565	0.00727224	0.992757	0.990847	0.991506	0.99211	0.991578	0.992486	0.0505278	0.334806	0.334806	
0.00291668	0.992978	0.992978	0.993103	0.992978	0.000124755	0.00012465	0.993103	0.000223293	0.988468	0.992977	0.992935	0.991451	0.00933639	0.992937	0.992978	0.00727293	0.992722	7.82175e-07	0.991423	0.00712681	0.992844	0.991218	0.991378	0.992166	0.991434	0.992451	0.0501266	0.349234	0.349234	
0.00280214	0.99301	0.99301	0.993103	0.99301	9.33504e-05	9.32711e-05	0.993103	0.000167084	0.989635	0.993009	0.992977	0.991171	0.00867427	0.992978	0.99301	0.0071195	0.992818	1.21121e-06	0.991145	0.00700601	0.992909	0.991431	0.991111	0.992143	0.991155	0.99236	0.0491071	0.358356	0.358356	
0.00271605	0.993033	0.993033	0.993103	0.993033	6.98514e-05	6.97914e-05	0.993103	0.000125025	0.990508	0.993032	0.993009	0.990838	0.00814232	0.99301	0.993033	0.00697105	0.992889	1.82702e-06	0.990815	0.00688309	0.992957	0.99154	0.990789	0.992074	0.990824	0.99224	0.0481155	0.36722	0.36722	
0.00265134	0.99305	0.99305	0.993103	0.99305	5.22681e-05	5.22224e-05	0.993103	9.35536e-05	0.991161	0.993049	0.993032	0.990448	0.00771011	0.993033	0.99305	0.00682791	0.992943	2.70652e-06	0.990428	0.00675986	0.992994	0.991562	0.990408	0.991964	0.990436	0.99209	0.0471506	0.375875	0.375875	
0.0026027	0.993063	0.993063	0.993102	0.993063	3.91114e-05	3.90761e-05	0.993102	7.00055e-05	0.991649	0.993062	0.99305	0.989997	0.00735455	0.99305	0.993063	0.00669019	0.992983	3.95633e-06	0.989979	0.00663763	0.993021	0.991509	0.989964	0.991811	0.989986	0.991908	0.046363	0.385935	0.385935	
0.00256615	0.993073	0.993073	0.993102	0.993073	2.92669e-05	2.92392e-05	0.993102	5.23859e-05	0.992015	0.993072	0.993063	0.989432	0.00706282	0.993063	0.993073	0.00656258	0.993012	5.89479e-06	0.989415	0.00652204	0.993042	0.991372	0.989404	0.9916	0.989422	0.991674	0.0456892	0.396017	0.396017	
0.00253867	0.99308	0.99308	0.993102	0.99308	2.1901e-05	2.18786e-05	0.993102	3.92025e-05	0.992289	0.99308	0.993073	0.988731	0.00682301	0.993073	0.99308	0.00644639	0.993035	8.86343e-06	0.988716	0.00641516	0.993057	0.99115	0.988707	0.991322	0.988722	0.99138	0.0444045	0.400268	0.400268	
0.00251802	0.993086	0.993086	0.993102	0.993086	1.63895e-05	1.6371e-05	0.993102	2.93382e-05	0.992494	0.993085	0.99308	0.988107	0.00660421	0.99308	0.993086	0.00632072	0.993051	1.20481e-05	0.988094	0.0062967	0.993068	0.990927	0.988087	0.991056	0.988099	0.991102	0.0429365	0.403697	0.403697	
0.0025025	0.99309	0.99309	0.993102	0.99309	1.22657e-05	1.22498e-05	0.993102	2.19574e-05	0.992647	0.993089	0.993085	0.987571	0.00639697	0.993086	0.99309	0.00618362	0.993064	1.5413e-05	0.98756	0.00616518	0.993077	0.990709	0.987555	0.990807	0.987564	0.990842	0.042205	0.411736	0.411736	
0.00249084	0.993093	0.993093	0.993102	0.993093	9.18034e-06	9.16609e-06	0.993102	1.64355e-05	0.992761	0.993092	0.99309	0.98689	0.00622059	0.99309	0.993093	0.00606004	0.993073	2.04883e-05	0.98688	0.00604589	0.993083	0.990414	0.986876	0.990488	0.986884	0.990516	0.0384681	0.446242	0.446242	
0.00248207	0.993095	0.993095	0.993102	0.993095	6.87442e-06	6.85866e-06	0.993102	1.23091e-05	0.992847	0.993094	0.993093	0.984643	0.00598568	0.993093	0.993095	0.00586492	0.99308	5.36958e-05	0.984634	0.00585409	0.993088	0.989308	0.984631	0.989365	0.984638	0.989387	0.0347496	0.478868	0.478868	
0.00247548	0.993097	0.993097	0.993102	0.993097	5.15444e-06	5.13208e-06	0.993102	9.2316e-06	0.992911	0.993096	0.993095	0.980059	0.00571483	0.993095	0.993097	0.00562403	0.993086	0.000192522	0.98005	0.00561576	0.993092	0.986863	0.980047	0.986907	0.980053	0.986926	0.0320253	0.513761	0.513761	
0.00247053	0.993098	0.993098	0.993102	0.993098	3.8793e-06	3.84015e-06	0.993102	6.95021e-06	0.992959	0.993097	0.993097	0.970868	0.00544682	0.993097	0.993098	0.00537858	0.99309	0.0007924	0.970858	0.00537226	0.993094	0.981695	0.970855	0.98173	0.970861	0.981748	0.0287196	0.530022	0.530022	
0.00246681	0.993099	0.993099	0.993102	0.993099	2.93589e-06	2.87345e-06	0.993102	5.25947e-06	0.992995	0.993098	0.993098	0.960535	0.00517165	0.993098	0.993099	0.00512037	0.993093	0.00191673	0.960524	0.00511556	0.993096	0.975335	0.960523	0.975364	0.960528	0.975381	0.026697	0.564516	0.564516	
0.00246402	0.9931	0.9931	0.993102	0.9931	2.26563e-06	2.1501e-06	0.993102	4.05284e-06	0.993022	0.993099	0.993099	0.939914	0.00492243	0.993099	0.9931	0.0048839	0.993095	0.00682271	0.939902	0.00488024	0.993098	0.962057	0.939901	0.962082	0.939907	0.9621	0.0240107	0.579698	0.579698	
0.00246192	0.993101	0.993101	0.993102	0.993101	1.79366e-06	1.60884e-06	0.993102	3.19161e-06	0.993042	0.9931	0.9931	0.917474	0.00468107	0.9931	0.993101	0.00465212	0.993096	0.0153348	0.917461	0.00464934	0.993099	0.946417	0.91746	0.946439	0.917466	0.946458	0.0219962	0.600616	0.600616	
0.00246034	0.993101	0.993101	0.993102	0.993101	1.49774e-06	1.20384e-06	0.993102	2.62977e-06	0.993057	0.9931	0.9931	0.887449	0.0044612	0.993101	0.993101	0.00443945	0.993098	0.0347286	0.887436	0.00443733	0.9931	0.924187	0.887435	0.924208	0.887441	0.924227	0.0195422	0.603722	0.603722	
0.00245916	0.993101	0.993101	0.993102	0.993101	1.29462e-06	9.0079e-07	0.993102	2.22485e-06	0.993069	0.9931	0.9931	0.864466	0.00425092	0.993101	0.993101	0.00423458	0.993098	0.0531626	0.864453	0.00423297	0.9931	0.905688	0.864452	0.905707	0.864458	0.905727	0.0182089	0.63498	0.63498	
0.00245827	0.993102	0.993102	0.993102	0.993102	1.30246e-06	6.7403e-07	0.993102	2.14515e-06	0.993077	0.993101	0.993101	0.819254	0.00406964	0.993101	0.993102	0.00405735	0.993099	0.115846	0.81924	0.00405613	0.993101	0.868132	0.819239	0.86815	0.819245	0.868171	0.0169458	0.659493	0.659493	
0.00245761	0.993102	0.993102	0.993102	0.993102	1.53345e-06	5.04353e-07	0.993102	2.38947e-06	0.993083	0.993101	0.993101	0.758661	0.0039119	0.993102	0.993102	0.00390265	0.9931	0.222823	0.758646	0.00390171	0.993101	0.815083	0.758645	0.815101	0.758652	0.815124	0.0155671	0.672478	0.672478	
0.00245711	0.993102	0.993102	0.993102	0.993102	1.89228e-06	3.77391e-07	0.993102	2.80488e-06	0.993088	0.993101	0.993101	0.699	0.00377038	0.993102	0.993102	0.00376341	0.9931	0.335194	0.698984	0.00376268	0.993101	0.76031	0.698982	0.760329	0.69899	0.760354	0.0140016	0.671537	0.671537	
0.00245675	0.993102	0.993102	0.993102	0.993102	2.17015e-06	2.82389e-07	0.993102	3.09677e-06	0.993092	0.993101	0.993101	0.657479	0.0036386	0.993102	0.993102	0.00363332	0.9931	0.418928	0.657461	0.00363274	0.993102	0.720449	0.657458	0.720469	0.657468	0.720498	0.0128282	0.683532	0.683532	
0.00245648	0.993102	0.993102	0.993102	0.993102	2.60535e-06	2.11303e-07	0.993102	3.58578e-06	0.993094	0.993101	0.993101	0.612904	0.0035211	0.993102	0.993102	0.00351709	0.993101	0.506599	0.612883	0.00351662	0.993102	0.676001	0.612879	0.676023	0.61289	0.676057	0.0118594	0.709064	0.709064	
0.00245628	0.993102	0.993102	0.993102	0.993102	3.61704e-06	1.58112e-07	0.993102	4.79704e-06	0.993096	0.993101	0.993101	0.549715	0.00341793	0.993102	0.993102	0.00341485	0.993101	0.605516	0.549691	0.00341446	0.993102	0.61103	0.549687	0.611055	0.5497	0.611093	0.0109783	0.726875	0.726875	
0.00245615	0.993102	0.993102	0.993102	0.993102	5.13006e-06	1.18311e-07	0.993102	6.60808e-06	0.993098	0.993101	0.993101	0.483861	0.00332712	0.993102	0.993102	0.00332473	0.993101	0.691153	0.483833	0.00332438	0.993102	0.541516	0.483827	0.541544	0.483843	0.541588	0.00978119	0.716247	0.716247	
0.00245606	0.993102	0.993102	0.993102	0.993102	5.84571e-06	8.85291e-08	0.993102	7.38533e-06	0.993099	0.993101	0.993101	0.447338	0.00324108	0.993102	0.993102	0.00323917	0.993101	0.74975	0.447303	0.00323883	0.993102	0.50175	0.447294	0.501785	0.447316	0.501842	0.00887149	0.713464	0.713464	
0.00245601	0.993102	0.993102	0.993102	0.993102	6.30748e-06	6.62446e-08	0.993102	7.83487e-06	0.9931	0.993101	0.993101	0.424208	0.00316321	0.993102	0.993102	0.00316165	0.993101	0.792027	0.424165	0.00316131	0.993102	0.47531	0.424154	0.475352	0.424182	0.475421	0.00813686	0.734802	0.734802	
0.00245598	0.993102	0.993102	0.993102	0.993102	7.72595e-06	4.95699e-08	0.993102	9.40013e-06	0.9931	0.993101	0.993101	0.384831	0.00309422	0.993102	0.993102	0.00309292	0.993101	0.834309	0.384783	0.00309258	0.993102	0.431334	0.38477	0.431381	0.384802	0.431457	0.00634015	0.606304	0.606304	
0.00245597	0.993102	0.993102	0.993102	0.993102	6.01958e-06	3.70928e-08	0.993102	7.30456e-06	0.993101	0.993101	0.993101	0.496292	0.00301705	0.993102	0.993102	0.00301592	0.993101	0.661706	0.496243	0.00301555	0.993102	0.535278	0.496229	0.535324	0.496263	0.535399	0.00429477	0.40302	0.40302	
0.00245594	0.993102	0.993102	0.993102	0.993102	4.5085e-06	2.77567e-08	0.993102	5.47038e-06	0.993101	0.993101	0.993101	0.620537	0.00293119	0.993102	0.993102	0.00293023	0.993101	0.495144	0.6205	0.00292988	0.993102	0.649776	0.62049	0.64981	0.620515	0.649867	0.0045403	0.559678	0.559678	
0.0024559	0.993102	0.993102	0.993102	0.993102	3.47085e-06	2.07708e-08	0.993102	4.19984e-06	0.993101	0.993101	0.993101	0.696681	0.00287021	0.993102	0.993102	0.0028694	0.993101	0.377372	0.69665	0.00286908	0.993102	0.719984	0.696641	0.720013	0.696663	0.72006	0.00424727	0.606139	0.606139	
0.00245586	0.993102	0.993102	0.993102	0.993102	2.84498e-06	1.55435e-08	0.993102	3.41243e-06	0.993102	0.993101	0.993101	0.731175	0.0028206	0.993102	0.993102	0.00281993	0.993101	0.320939	0.731146	0.00281964	0.993102	0.751378	0.731138	0.751405	0.731158	0.751448	0.00372432	0.589355	0.589355	
0.00245582	0.993102	0.993102	0.993102	0.993102	2.30784e-06	1.16321e-08	0.993102	2.7463e-06	0.993102	0.993101	0.993101	0.767326	0.00277647	0.993102	0.993102	0.00277592	0.993101	0.261668	0.767301	0.00277566	0.993102	0.784335	0.767294	0.784358	0.767311	0.784395	0.00347538	0.626335	0.626335	
0.00245579	0.993102	0.993102	0.993102	0.993102	2.10386e-06	8.70533e-09	0.993102	2.45907e-06	0.993102	0.993101	0.993101	0.769175	0.00274014	0.993102	0.993102	0.00273968	0.993101	0.269181	0.769151	0.00273946	0.993102	0.784814	0.769144	0.784835	0.769161	0.78487	0.00332727	0.676218	0.676218	
0.00245576	0.993102	0.993102	0.993102	0.993102	2.59963e-06	6.51534e-09	0.993102	2.93598e-06	0.993102	0.993101	0.993101	0.717394	0.00271099	0.993102	0.993102	0.00271061	0.993101	0.389918	0.717371	0.00271042	0.993102	0.733146	0.717363	0.733167	0.71738	0.733202	0.00331322	0.747174	0.747174	
0.00245574	0.993102	0.993102	0.993102	0.993102	6.18485e-06	4.87666e-09	0.993102	6.72697e-06	0.993102	0.993101	0.993101	0.597033	0.002689	0.993102	0.993102	0.00268868	0.993101	0.537078	0.597009	0.0026885	0.993102	0.611887	0.597002	0.611908	0.597019	0.611943	0.00308451	0.771655	0.771655	
0.00245577	0.993102	0.993102	0.993102	0.993102	1.15783e-05	3.65049e-09	0.993102	1.24263e-05	0.993102	0.993101	0.993101	0.48761	0.00266965	0.993102	0.993102	0.00266931	0.993101	0.650104	0.487584	0.00266909	0.993102	0.500855	0.487574	0.50088	0.487595	0.50092	0.00305793	0.826551	0.826551	
0.00245586	0.993102	0.993102	0.993102	0.993102	2.9515e-05	2.733e-09	0.993102	3.14644e-05	0.993102	0.993101	0.993101	0.380173	0.00265496	0.993102	0.993102	0.00265454	0.993101	0.736251	0.380146	0.00265422	0.993102	0.390968	0.380135	0.390994	0.380158	0.391035	0.00288177	0.847749	0.847749	
0.00245615	0.993102	0.993102	0.993102	0.993102	5.40795e-05	2.04647e-09	0.993102	5.74361e-05	0.993102	0.993101	0.993101	0.294749	0.00264217	0.993102	0.993102	0.00264141	0.993101	0.800825	0.294717	0.00264079	0.993102	0.303378	0.294703	0.30341	0.294731	0.30346	0.00282487	0.883972	0.883972	
0.00245667	0.993102	0.993102	0.993102	0.993102	0.000106621	1.53276e-09	0.993102	0.000112977	0.993102	0.993101	0.993101	0.22565	0.00263253	0.993102	0.993102	0.00263117	0.993101	0.849208	0.225614	0.00263	0.993102	0.232367	0.225599	0.232402	0.225631	0.232458	0.00273188	0.916986	0.916986	
0.00245771	0.993102	0.993102	0.993102	0.993102	0.000208291	1.14837e-09	0.993102	0.000220259	0.993102	0.993101	0.993101	0.171518	0.00262556	0.993102	0.993102	0.00262298	0.993101	0.885426	0.171479	0.00262071	0.993102	0.176661	0.171463	0.1767	0.171497	0.176761	0.00252142	0.922469	0.922469	
0.00245975	0.993102	0.993102	0.993102	0.993102	0.000300444	8.60746e-10	0.993102	0.000316873	0.993102	0.993101	0.993101	0.130758	0.00262039	0.993102	0.993102	0.00261543	0.993101	0.912528	0.130708	0.00261103	0.993102	0.134676	0.130687	0.134727	0.130732	0.134805	0.00236241	0.93879	0.93879	
0.00246241	0.993102	0.993102	0.993102	0.993102	0.000426543	6.45522e-10	0.993102	0.000448589	0.993102	0.993101	0.993101	0.099603	0.00261697	0.993102	0.993102	0.00260891	0.993101	0.932809	0.0995435	0.00260172	0.993102	0.102563	0.0995176	0.102622	0.0995714	0.102716	0.00213575	0.936341	0.936341	
0.00246597	0.993102	0.993102	0.993102	0.993102	0.000513109	4.84474e-10	0.993102	0.000538062	0.993102	0.993101	0.993101	0.0763964	0.0026149	0.993102	0.993102	0.00260273	0.993101	0.947985	0.076319	0.00259184	0.993102	0.0786079	0.0762849	0.0786853	0.0763554	0.0788064	0.00225892	0.981993	0.981993	
0.00246971	0.993102	0.993102	0.993102	0.993102	0.000867146	3.63966e-10	0.993102	0.000908104	0.993102	0.993101	0.993101	0.0579182	0.00261731	0.993102	0.993102	0.00260083	0.993101	0.959342	0.0578442	0.00258603	0.993102	0.0595669	0.0578116	0.0596406	0.0578791	0.0597561	0.00220396	0.993296	0.993296	
0.00247694	0.993102	0.993102	0.993102	0.993102	0.00126362	2.73783e-10	0.993102	0.0013219	0.993102	0.993101	0.993101	0.0439491	0.00262821	0.993102	0.993102	0.00260332	0.993101	0.96784	0.043872	0.00258097	0.993102	0.0451554	0.0438379	0.0452316	0.0439084	0.0453518	0.00201167	1.00038	1.00038	
0.00248734	0.993102	0.993102	0.993102	0.993102	0.00166761	2.06292e-10	0.993102	0.00174078	0.993102	0.993101	0.993101	0.0334269	0.00264491	0.993102	0.993102	0.00260786	0.993101	0.9742	0.0333414	0.00257471	0.993101	0.0342826	0.0333037	0.0343658	0.0333817	0.0344987	0.00208873	1.02315	1.02315	
0.00250025	0.993102	0.993102	0.993102	0.993102	0.00240122	1.55779e-10	0.993102	0.00250494	0.993102	0.993101	0.993101	0.025361	0.00266989	0.993102	0.993101	0.00261762	0.993101	0.978958	0.0252736	0.00257102	0.993101	0.0259586	0.0252352	0.0260424	0.0253148	0.0261779	0.00210706	1.03922	1.03922	
0.00251934	0.993102	0.993102	0.993102	0.993102	0.00343087	1.17961e-10	0.993102	0.00357833	0.993102	0.993101	0.993101	0.0192376	0.00271023	0.993102	0.993101	0.002635	0.993101	0.982519	0.0191473	0.0025685	0.993101	0.0196361	0.019108	0.0197207	0.0191897	0.01986	0.00235656	1.05804	1.05804	
0.00254707	0.993102	0.993102	0.993102	0.993102	0.00502779	8.96349e-11	0.993102	0.00525565	0.993102	0.993101	0.993101	0.0145808	0.00277528	0.993102	0.9931	0.00266547	0.993101	0.985183	0.0144884	0.00256982	0.9931	0.0148298	0.0144488	0.0149136	0.0145316	0.0150555	0.00267625	1.06958	1.06958	
0.00258925	0.993102	0.993102	0.993102	0.993102	0.00703401	6.83965e-11	0.993102	0.00738193	0.993102	0.993101	0.993101	0.0110672	0.00288076	0.993102	0.9931	0.00271531	0.993101	0.987176	0.0109684	0.00257496	0.993099	0.0111949	0.010927	0.0112801	0.0110141	0.011431	0.00523336	1.07829	1.07829	
0.00264871	0.993102	0.993102	0.993102	0.993102	0.0092615	5.24524e-11	0.993102	0.00995518	0.993102	0.993101	0.993101	0.00841756	0.00307657	0.993102	0.993099	0.00282127	0.993101	0.988668	0.00830876	0.00261293	0.993098	0.00844965	0.00826514	0.00853776	0.00835833	0.00870484	0.00932309	1.07585	1.07585	
0.00272551	0.993102	0.993102	0.993102	0.993102	0.010768	4.04665e-11	0.993102	0.0120592	0.993102	0.993101	0.993101	0.00644482	0.00340913	0.993102	0.993099	0.0030065	0.993101	0.989784	0.00631538	0.00269964	0.993097	0.00638863	0.00626728	0.0064855	0.00637245	0.00668974	0.0155018	1.08266	1.08266	
0.00280564	0.993102	0.993102	0.993102	0.993102	0.0121805	3.14618e-11	0.993102	0.0146119	0.993102	0.993102	0.993101	0.00494515	0.00391218	0.993102	0.993099	0.00329325	0.993101	0.99062	0.00480134	0.00286213	0.993095	0.00483181	0.00475227	0.00493404	0.00486225	0.00517299	0.0205937	1.08389	1.08389	
0.0028875	0.993102	0.993102	0.993102	0.993102	0.0131545	2.46909e-11	0.993102	0.016983	0.993102	0.993102	0.993101	0.00382004	0.0045945	0.993102	0.993099	0.00365211	0.993101	0.991244	0.00365944	0.00307365	0.993093	0.00365951	0.0036109	0.00376722	0.00372343	0.00405152	0.0320589	1.08724	1.08724	
0.0029642	0.993102	0.993102	0.993102	0.993102	0.013421	1.96023e-11	0.993102	0.0194152	0.993102	0.993102	0.993101	0.00295632	0.00573746	0.993102	0.993099	0.00425413	0.993101	0.991712	0.00278788	0.003471	0.993088	0.00277502	0.00274311	0.00288599	0.0028507	0.00321747	0.035106	1.08331	1.08331	
0.00302587	0.993102	0.993102	0.993102	0.993102	0.013193	1.57888e-11	0.993102	0.0208049	0.993102	0.993102	0.993101	0.00232197	0.00698267	0.993102	0.993099	0.00480817	0.993101	0.992062	0.00213661	0.00384154	0.993084	0.00211232	0.00209614	0.00222865	0.00219918	0.00262912	0.0372514	1.08545	1.08545	
0.00306835	0.993102	0.993102	0.993102	0.993102	0.012994	1.29403e-11	0.993102	0.0220548	0.993102	0.993102	0.993101	0.00184404	0.00818953	0.993102	0.993099	0.00528583	0.993101	0.992324	0.00164514	0.00417308	0.993079	0.00161323	0.00160995	0.00173207	0.00170596	0.0021917	0.047342	1.08788	1.08788	
0.00309696	0.993102	0.993102	0.993102	0.993102	0.0123852	1.08134e-11	0.993102	0.0232516	0.993102	0.993102	0.993102	0.00146707	0.00992857	0.993102	0.993099	0.00600948	0.993101	0.99252	0.00126711	0.0047097	0.993072	0.00123683	0.00123805	0.00135593	0.00132334	0.00186472	0.0482034	1.07971	1.07971	
0.0031087	0.993102	0.993102	0.993102	0.993102	0.0114405	9.23581e-12	0.993102	0.0230177	0.993102	0.993102	0.993102	0.00120368	0.0114814	0.993102	0.993099	0.00656128	0.993101	0.992666	0.000989935	0.00513864	0.993067	0.000959233	0.000966939	0.00108343	0.00104375	0.00167288	0.0418962	1.06817	1.06817	
0.00310272	0.993102	0.993102	0.993102	0.993102	0.0104475	8.07716e-12	0.993102	0.0215425	0.993102	0.993102	0.993102	0.00105057	0.012137	0.993102	0.9931	0.00669743	0.993101	0.992776	0.000800451	0.00526934	0.993069	0.000761493	0.000783407	0.000897799	0.000856069	0.00159799	0.0764052	1.09117	1.09117	
0.00308302	0.993102	0.993102	0.993102	0.993102	0.00926061	7.23358e-12	0.993102	0.0226356	0.993102	0.993102	0.993102	0.000830863	0.0156653	0.993102	0.9931	0.00848275	0.993101	0.992858	0.000617858	0.006767	0.993033	0.000599675	0.000605352	0.000728435	0.00066387	0.0014019	0.089475	1.09017	1.09017	
0.00305047	0.993102	0.993102	0.993102	0.993102	0.00796969	6.63095e-12	0.993102	0.0230386	0.993102	0.993102	0.993102	0.000658438	0.0205711	0.993102	0.9931	0.0107336	0.993101	0.992919	0.000477176	0.00871899	0.992979	0.000478594	0.000469092	0.000601603	0.000514627	0.00126873	0.0568561	1.07337	1.07337	
0.00300722	0.993102	0.993102	0.993102	0.993102	0.00731735	6.21188e-12	0.993102	0.0214123	0.993102	0.993102	0.993102	0.000592961	0.0201557	0.993102	0.9931	0.0102771	0.993101	0.992965	0.000396963	0.00844134	0.992996	0.00040033	0.000397002	0.000528636	0.000431882	0.00126172	0.0298315	1.04906	1.04906	
0.00296549	0.993102	0.993102	0.993102	0.993102	0.00686773	5.91472e-12	0.993102	0.0185392	0.993102	0.993102	0.993102	0.000705845	0.017704	0.993102	0.9931	0.00898592	0.993101	0.993	0.000408423	0.00743665	0.99302	0.000373769	0.000424614	0.000527366	0.000452097	0.00141976	0.0189528	1.00301	1.00301	
0.00292788	0.993102	0.993102	0.993102	0.993102	0.00581769	5.70381e-12	0.993102	0.0148627	0.993102	0.993102	0.993102	0.00125638	0.0151334	0.993102	0.993101	0.00775814	0.993101	0.993025	0.000653037	0.00646661	0.99304	0.000490547	0.000700134	0.000744919	0.000736789	0.00212479	0.0171257	0.973156	0.973156	
0.00288505	0.993102	0.993102	0.993102	0.993102	0.00472521	5.57312e-12	0.993102	0.0116449	0.993102	0.993102	0.993102	0.0021226	0.0128955	0.993102	0.993101	0.00678182	0.993101	0.993044	0.00114257	0.00570851	0.993055	0.000819862	0.00122129	0.00124152	0.0012857	0.00325222	0.0227651	1.01987	1.01987	
0.00283803	0.993102	0.993102	0.993102	0.993102	0.00434406	5.50416e-12	0.993102	0.00998558	0.993102	0.993102	0.993102	0.00195437	0.0111963	0.993102	0.993101	0.00614387	0.993101	0.993058	0.00108485	0.0052447	0.993066	0.000820483	0.00115406	0.00121609	0.00121471	0.00301025	0.0304024	1.03227	1.03227	
0.00279771	0.993102	0.993102	0.993102	0.993102	0.00412601	5.46277e-12	0.993102	0.00907531	0.993102	0.993102	0.993102	0.00169197	0.0100634	0.993102	0.993101	0.00583268	0.993101	0.993069	0.00096579	0.00505753	0.993073	0.000787899	0.00102162	0.0011416	0.00107693	0.00267386	0.0327004	1.03911	1.03911	
0.00276461	0.993102	0.993102	0.993102	0.993102	0.00403742	5.43767e-12	0.993102	0.00861155	0.993102	0.993102	0.993102	0.00145049	0.00923184	0.993102	0.993101	0.00565204	0.993101	0.993077	0.000850994	0.00497051	0.993078	0.000747613	0.000894901	0.00105999	0.000945188	0.00235525	0.0316143	1.03848	1.03848	
0.00273866	0.993102	0.993102	0.993102	0.993102	0.00397657	5.42128e-12	0.993102	0.00823586	0.993102	0.993102	0.993102	0.0012727	0.00854286	0.993102	0.993101	0.00548712	0.993101	0.993084	0.000769555	0.00488003	0.993082	0.000722729	0.000803842	0.00100344	0.000851198	0.0021147	0.029946	1.02265	1.02265	
0.00271843	0.993102	0.993102	0.993102	0.993102	0.00369415	5.41067e-12	0.993102	0.00746753	0.993102	0.993102	0.993102	0.00121418	0.00795056	0.993102	0.993101	0.00532117	0.993101	0.993088	0.000764251	0.00477441	0.993085	0.000768594	0.000790974	0.00104159	0.000840925	0.00205857	0.0316668	1.01523	1.01523	
0.00269953	0.993102	0.993102	0.993102	0.993102	0.00335635	5.4104e-12	0.993102	0.0067009	0.993102	0.993102	0.993102	0.00119309	0.00751308	0.993102	0.993101	0.00523229	0.993101	0.993091	0.000783006	0.00473451	0.993088	0.000849088	0.000803336	0.00112179	0.000856555	0.0020759	0.0180931	0.943562	0.943562	
0.00268092	0.993102	0.993102	0.993102	0.993102	0.00269454	5.41942e-12	0.993102	0.0052769	0.993102	0.993102	0.993102	0.00240314	0.00677979	0.993102	0.993101	0.00486318	0.993101	0.993091	0.00174281	0.00442938	0.993092	0.00182341	0.00175775	0.00229064	0.00187777	0.00371655	0.0145009	0.918621	0.918621	
0.00265833	0.993102	0.993102	0.993102	0.993102	0.00213261	5.44445e-12	0.993102	0.00410403	0.993102	0.993101	0.993102	0.00431259	0.00609171	0.993102	0.993102	0.00450994	0.993101	0.993087	0.00334393	0.00413979	0.993094	0.00345556	0.00335057	0.00416306	0.00355689	0.00613001	0.0117468	0.868182	0.868182	
0.00263415	0.993102	0.993102	0.993102	0.993102	0.00163962	5.47887e-12	0.993102	0.00312637	0.993102	0.993101	0.993102	0.0100574	0.00547844	0.993102	0.993102	0.00418991	0.993101	0.993042	0.00832254	0.003879	0.993096	0.0085681	0.00830921	0.00987076	0.00872936	0.0131641	0.0100891	0.829726	0.829726	
0.00260975	0.993102	0.993102	0.993102	0.993102	0.00124747	5.51855e-12	0.993102	0.00236455	0.993102	0.993101	0.993102	0.0217328	0.00495562	0.993102	0.993102	0.00391622	0.993101	0.992843	0.018849	0.00365846	0.993098	0.0195698	0.0188024	0.0217847	0.0195522	0.0270159	0.00745995	0.763427	0.763427	
0.00258651	0.993102	0.993102	0.993102	0.993102	0.000939111	5.55942e-12	0.993102	0.0017759	0.993102	0.993101	0.993101	0.0633358	0.00449638	0.993102	0.993102	0.00366577	0.993101	0.990095	0.05767	0.00345483	0.993099	0.0592869	0.0575414	0.0636552	0.059101	0.0732563	0.00668989	0.747054	0.747054	
0.00256524	0.993102	0.993102	0.993102	0.993102	0.000706807	5.59884e-12	0.993102	0.00133353	0.993102	0.993101	0.993101	0.107889	0.00412272	0.993102	0.993102	0.00346272	0.993101	0.985637	0.100452	0.00329152	0.9931	0.103627	0.100266	0.109386	0.102357	0.121658	0.00317279	0.590441	0.590441	
0.00254641	0.993102	0.993102	0.993102	0.993102	0.000529068	5.63504e-12	0.993102	0.000998037	0.993102	0.993101	0.993101	0.302042	0.00377941	0.993102	0.993102	0.00325892	0.993101	0.75956	0.295094	0.00312147	0.9931	0.297364	0.294912	0.302739	0.296891	0.313917	0.00118228	0.498879	0.498879	
0.0025301	0.993102	0.993102	0.993102	0.993102	0.000395914	5.66728e-12	0.993102	0.000746827	0.993102	0.993101	0.993101	0.47105	0.00348661	0.993102	0.993102	0.00307816	0.993101	0.569	0.465654	0.00296859	0.993101	0.467215	0.465512	0.471393	0.467052	0.480049	0.00208739	0.591262	0.591262	
0.00251624	0.993102	0.993102	0.993102	0.993102	0.000296443	5.69527e-12	0.993102	0.000559027	0.993102	0.993101	0.993101	0.573317	0.00327284	0.993102	0.993102	0.00295282	0.993101	0.449189	0.568501	0.00286573	0.993101	0.569773	0.568371	0.573495	0.569755	0.581109	0.00118748	0.549931	0.549931	
0.00250463	0.993102	0.993102	0.993102	0.993102	0.000221904	5.71911e-12	0.993102	0.000418388	0.993102	0.993101	0.993101	0.665477	0.0030962	0.993102	0.993102	0.00284622	0.993101	0.34107	0.661584	0.0027773	0.993101	0.662477	0.661478	0.665484	0.6626	0.671608	0.000579198	0.579309	0.579309	
0.00249502	0.993102	0.993102	0.993102	0.993102	0.0001662	5.73912e-12	0.993102	0.000313224	0.993102	0.993101	0.993101	0.724775	0.00295264	0.993102	0.993102	0.00275784	0.993101	0.270805	0.721508	0.00270349	0.993102	0.721971	0.721418	0.724494	0.722362	0.729605	0.000648729	0.667729	0.667729	
0.00248714	0.993102	0.993102	0.993102	0.993102	0.00012528	5.75572e-12	0.993102	0.000235305	0.993102	0.993101	0.993101	0.69835	0.00284343	0.993102	0.993102	0.00269188	0.993101	0.37659	0.695169	0.00264913	0.993102	0.695346	0.695079	0.697798	0.696004	0.702723	0.00067306	0.670554	0.670554	
0.00248074	0.993102	0.993102	0.993102	0.993102	9.47131e-05	5.76934e-12	0.993102	0.000177054	0.993102	0.993101	0.993101	0.675025	0.00276006	0.993102	0.993102	0.00264231	0.993101	0.461647	0.672085	0.00260876	0.993102	0.672309	0.672	0.674574	0.672859	0.679098	0.000607874	0.674041	0.674041	
0.00247557	0.993102	0.993102	0.993102	0.993102	7.19107e-05	5.78043e-12	0.993102	0.000133536	0.993102	0.993101	0.993101	0.653333	0.00269539	0.993102	0.993102	0.00260403	0.993101	0.532229	0.650705	0.00257774	0.993102	0.651065	0.650626	0.653088	0.651399	0.657113	0.000633181	0.68698	0.68698	
0.00247143	0.993102	0.993102	0.993102	0.993102	5.5154e-05	5.78939e-12	0.993102	0.000101283	0.993102	0.993101	0.993101	0.621053	0.00264622	0.993102	0.993102	0.00257541	0.993101	0.606308	0.618754	0.00255484	0.993102	0.61939	0.618682	0.621159	0.619363	0.62467	0.000764852	0.765542	0.765542	
0.00246811	0.993102	0.993102	0.993102	0.993102	4.7725e-05	5.79659e-12	0.993102	8.23411e-05	0.993102	0.993101	0.993101	0.511827	0.00261027	0.993102	0.993102	0.00255544	0.993101	0.701517	0.509952	0.00253936	0.993102	0.510815	0.509891	0.512259	0.510449	0.515121	0.00114221	0.827497	0.827497	
0.00246554	0.993102	0.993102	0.993102	0.993102	5.78223e-05	5.80219e-12	0.993102	8.42351e-05	0.993102	0.993101	0.993101	0.398615	0.00258765	0.993102	0.993102	0.00254515	0.993101	0.774736	0.397164	0.00253251	0.993102	0.398084	0.397114	0.399203	0.39755	0.401418	0.00163325	0.886823	0.886823	
0.00246375	0.993102	0.993102	0.993102	0.993102	0.000115003	5.80608e-12	0.993102	0.000137148	0.993102	0.993101	0.993101	0.303211	0.00257703	0.993102	0.993102	0.00254381	0.993101	0.829689	0.302109	0.00253361	0.993102	0.302935	0.302069	0.303787	0.302403	0.305469	0.0019745	0.913276	0.913276	
0.00246311	0.993102	0.993102	0.993102	0.993102	0.000207237	5.80733e-12	0.993102	0.000228686	0.993102	0.993101	0.993101	0.229804	0.00257481	0.993102	0.993102	0.00254791	0.993101	0.87082	0.228963	0.0025388	0.993102	0.229674	0.228928	0.230326	0.22919	0.23161	0.00181434	0.925901	0.925901	
0.00246377	0.993102	0.993102	0.993102	0.993102	0.000312118	5.80556e-12	0.993102	0.000333967	0.993102	0.993101	0.993101	0.174245	0.00257345	0.993102	0.993102	0.0025501	0.993101	0.901599	0.173595	0.00254063	0.993102	0.17418	0.173561	0.174688	0.173775	0.17568	0.00193352	0.95273	0.95273	
0.00246557	0.993102	0.993102	0.993102	0.993102	0.000502491	5.80118e-12	0.993102	0.000529432	0.993102	0.993101	0.993101	0.131729	0.00257671	0.993102	0.993102	0.00255463	0.993101	0.924633	0.131225	0.00254353	0.993102	0.131687	0.131191	0.132085	0.131367	0.132855	0.00193955	0.969523	0.969523	
0.00246928	0.993102	0.993102	0.993102	0.993102	0.000754954	5.79236e-12	0.993102	0.000790078	0.993102	0.993101	0.993101	0.0995397	0.00258431	0.993102	0.993102	0.00256055	0.993101	0.941868	0.0991424	0.00254577	0.993102	0.0994958	0.0991083	0.0998133	0.0992585	0.100421	0.00126176	0.933271	0.933271	
0.00247521	0.993102	0.993102	0.993102	0.993102	0.000752972	5.77845e-12	0.993102	0.000784057	0.993102	0.993101	0.993101	0.0765286	0.00258796	0.993102	0.993102	0.0025595	0.993101	0.954763	0.0761682	0.00253882	0.993102	0.0763908	0.0761145	0.0766888	0.076285	0.07724	0.00125164	0.942938	0.942938	
0.00247962	0.993102	0.993102	0.993102	0.993102	0.000791594	5.76811e-12	0.993102	0.000820632	0.993102	0.993101	0.993101	0.0589529	0.0025904	0.993102	0.993102	0.00255856	0.993101	0.964412	0.0586313	0.00253349	0.993102	0.0587635	0.0585679	0.0590362	0.0587434	0.0595277	0.00141894	0.951305	0.951305	
0.0024834	0.993102	0.993102	0.993102	0.993102	0.000861528	5.75925e-12	0.993102	0.000890997	0.993102	0.993101	0.993101	0.0455401	0.00259537	0.993102	0.993102	0.0025605	0.993101	0.971633	0.0452536	0.00253163	0.993102	0.0453249	0.0451853	0.0455731	0.0453594	0.046011	0.00206778	0.981451	0.981451	
0.00248711	0.993102	0.993102	0.993102	0.993102	0.0011312	5.7506e-12	0.993102	0.00117375	0.993102	0.993101	0.993101	0.0348514	0.00260952	0.993102	0.993102	0.00257128	0.993101	0.977037	0.03461	0.00253851	0.993102	0.0346548	0.0345466	0.0348668	0.0347021	0.0352364	0.00177222	0.963739	0.963739	
0.00249328	0.993102	0.993102	0.993102	0.993102	0.0011938	5.73638e-12	0.993102	0.00123815	0.993102	0.993101	0.993101	0.0272007	0.00262371	0.993102	0.993102	0.00257902	0.993101	0.981081	0.0269688	0.00253988	0.993102	0.0269666	0.0268984	0.0271739	0.0270622	0.0275292	0.00221235	0.977054	0.977054	
0.00249869	0.993102	0.993102	0.993102	0.993102	0.00134359	5.72394e-12	0.993102	0.00139712	0.993102	0.993101	0.993101	0.0212091	0.00264199	0.993102	0.993102	0.0025914	0.993101	0.984106	0.0209944	0.00254655	0.993102	0.0209693	0.0209232	0.0211638	0.0210838	0.0214934	0.00201746	0.967386	0.967386	
0.00250462	0.993102	0.993102	0.993102	0.993102	0.00138031	5.71036e-12	0.993102	0.00143577	0.993102	0.993101	0.993101	0.0169183	0.00265734	0.993102	0.993102	0.00260008	0.993101	0.98637	0.0167008	0.00254903	0.993102	0.0166411	0.0166224	0.0168399	0.0167947	0.017174	0.00182352	0.956829	0.956829	
0.00250953	0.993102	0.993102	0.993102	0.993102	0.00133813	5.69914e-12	0.993102	0.00139095	0.993102	0.993101	0.993101	0.0139597	0.00266724	0.993102	0.993102	0.0026045	0.993101	0.988064	0.0137248	0.0025484	0.993102	0.0136221	0.0136342	0.0138384	0.0138292	0.0141991	0.00131479	0.920252	0.920252	
0.00251267	0.993102	0.993102	0.993102	0.993102	0.00114951	5.69195e-12	0.993102	0.00119299	0.993102	0.993101	0.993101	0.0131554	0.00266659	0.993102	0.993102	0.0026006	0.993101	0.989327	0.0128345	0.00254146	0.993102	0.0126191	0.0127023	0.0129156	0.0129815	0.013406	0.000778465	0.862108	0.862108	
0.00251264	0.993102	0.993102	0.993102	0.993102	0.000906645	5.69197e-12	0.993102	0.000939906	0.993102	0.993101	0.993101	0.0183342	0.00265375	0.993102	0.993102	0.00258833	0.993101	0.99023	0.0177112	0.00252951	0.993102	0.0171284	0.0174405	0.0177071	0.0180035	0.0186502	0.000561746	0.840796	0.840796	
0.00250955	0.993102	0.993102	0.993102	0.993102	0.000708614	5.69896e-12	0.993102	0.000733843	0.993102	0.993101	0.993101	0.0264213	0.00263471	0.993102	0.993102	0.00257328	0.993101	0.990842	0.0255094	0.00251787	0.993102	0.024565	0.0251049	0.0254185	0.0259412	0.0267939	0.000431568	0.76203	0.76203	
0.00250476	0.993102	0.993102	0.993102	0.993102	0.000536448	5.70991e-12	0.993102	0.00055538	0.993102	0.993101	0.993101	0.0709179	0.00261349	0.993102	0.993102	0.00255787	0.993101	0.988879	0.0690517	0.00250753	0.993102	0.0669646	0.0682048	0.0687424	0.0699438	0.0715488	0.000123969	0.536051	0.536051	
0.00249903	0.993102	0.993102	0.993102	0.993102	0.000401472	5.72308e-12	0.993102	0.000415639	0.993102	0.993101	0.993101	0.292898	0.00258915	0.993102	0.993102	0.00254032	0.993101	0.742845	0.291283	0.00249598	0.993102	0.289413	0.290545	0.290965	0.292056	0.293394	4.82962e-05	0.434541	0.434541	
0.00249306	0.993102	0.993102	0.993102	0.993102	0.000300416	5.73686e-12	0.993102	0.000311016	0.993102	0.993101	0.993101	0.467775	0.00256646	0.993102	0.993102	0.00252455	0.993101	0.555895	0.466543	0.0024864	0.993102	0.465111	0.465981	0.466295	0.467134	0.468148	5.14827e-05	0.433923	0.433923	
0.00248734	0.993102	0.993102	0.993102	0.993102	0.000224799	5.75011e-12	0.993102	0.000232731	0.993102	0.993101	0.993101	0.598641	0.00254691	0.993102	0.993102	0.00251154	0.993101	0.416006	0.597702	0.00247927	0.993102	0.596606	0.597273	0.597509	0.598152	0.598921	5.34867e-05	0.445027	0.445027	
0.00248212	0.993102	0.993102	0.993102	0.993102	0.00016822	5.76224e-12	0.993102	0.000174155	0.993102	0.993101	0.993101	0.696217	0.00253035	0.993102	0.993102	0.00250089	0.993101	0.31136	0.695498	0.00247397	0.993102	0.694656	0.69517	0.695348	0.695843	0.696428	6.45379e-05	0.502171	0.502171	
0.00247751	0.993102	0.993102	0.993102	0.993102	0.000125907	5.77296e-12	0.993102	0.000130348	0.993102	0.993101	0.993101	0.765612	0.00251664	0.993102	0.993102	0.00249236	0.993101	0.233747	0.765038	0.00247013	0.993102	0.76436	0.764775	0.764914	0.765313	0.765777	7.81859e-05	0.533999	0.533999	
0.00247354	0.993102	0.993102	0.993102	0.993102	9.42753e-05	5.78222e-12	0.993102	9.75984e-05	0.993102	0.993101	0.993101	0.812953	0.00250546	0.993102	0.993102	0.00248562	0.993101	0.177627	0.812473	0.00246743	0.993102	0.811907	0.812253	0.81237	0.812703	0.813091	9.19909e-05	0.536518	0.536518	
0.00247018	0.993102	0.993102	0.993102	0.993102	7.06099e-05	5.79008e-12	0.993102	7.30967e-05	0.993102	0.993101	0.993101	0.847869	0.00249645	0.993102	0.993102	0.00248036	0.993101	0.135924	0.847471	0.00246558	0.993102	0.847007	0.847288	0.847393	0.847662	0.847991	0.000135178	0.583844	0.583844	
0.00246737	0.993102	0.993102	0.993102	0.993102	5.30076e-05	5.79665e-12	0.993102	5.48688e-05	0.993102	0.993101	0.993101	0.859162	0.00248964	0.993102	0.993102	0.00247666	0.993101	0.120431	0.858797	0.00246473	0.993102	0.858413	0.858629	0.858767	0.858972	0.859314	0.000205121	0.645447	0.645447	
0.00246506	0.993102	0.993102	0.993102	0.993102	4.02547e-05	5.80208e-12	0.993102	4.16498e-05	0.993102	0.993101	0.993101	0.823218	0.00248496	0.993102	0.993102	0.00247454	0.993101	0.211965	0.822835	0.00246496	0.993102	0.822591	0.822658	0.822964	0.82302	0.823538	0.000249376	0.666956	0.666956	
0.00246316	0.993102	0.993102	0.993102	0.993102	3.10286e-05	5.80652e-12	0.993102	3.2077e-05	0.993102	0.993101	0.993101	0.772748	0.00248167	0.993102	0.993102	0.00247335	0.993101	0.331611	0.772364	0.00246568	0.993102	0.772328	0.772186	0.772703	0.772549	0.773279	0.000357315	0.715145	0.715145	
0.00246163	0.993102	0.993102	0.993102	0.993102	2.55906e-05	5.81011e-12	0.993102	2.63921e-05	0.993102	0.993101	0.993101	0.675755	0.00248032	0.993102	0.993102	0.00247368	0.993101	0.482903	0.675391	0.00246755	0.993102	0.675676	0.675222	0.676032	0.675567	0.676577	0.000499053	0.764807	0.764807	
0.00246042	0.993102	0.993102	0.993102	0.993102	2.55359e-05	5.81296e-12	0.993102	2.61998e-05	0.993102	0.993101	0.993101	0.553412	0.00248093	0.993102	0.993102	0.00247562	0.993101	0.609128	0.553099	0.00247072	0.993102	0.553638	0.552954	0.553945	0.55325	0.554414	0.00064492	0.79796	0.79796	
0.00245952	0.993102	0.993102	0.993102	0.993102	3.14674e-05	5.81509e-12	0.993102	3.21245e-05	0.993102	0.993101	0.993101	0.441154	0.00248321	0.993102	0.993102	0.0024789	0.993101	0.705196	0.440895	0.00247491	0.993102	0.441573	0.440774	0.441827	0.44102	0.442217	0.000830807	0.823383	0.823383	
0.00245891	0.993102	0.993102	0.993102	0.993102	4.40248e-05	5.81651e-12	0.993102	4.48596e-05	0.993102	0.993101	0.993101	0.34705	0.00248739	0.993102	0.993102	0.00248375	0.993101	0.777457	0.346836	0.00248037	0.993102	0.347577	0.346736	0.347787	0.346939	0.34811	0.00093865	0.847531	0.847531	
0.00245861	0.993102	0.993102	0.993102	0.993102	6.60791e-05	5.81721e-12	0.993102	6.73316e-05	0.993102	0.993101	0.993101	0.270405	0.00249219	0.993102	0.993102	0.00248889	0.993101	0.83166	0.270226	0.00248581	0.993102	0.270946	0.270142	0.271122	0.270312	0.271392	0.00074164	0.76496	0.76496	
0.00245866	0.993102	0.993102	0.993102	0.993102	5.58308e-05	5.81708e-12	0.993102	5.68635e-05	0.993102	0.993101	0.993101	0.249862	0.00249387	0.993102	0.993102	0.00249055	0.993101	0.870089	0.249624	0.00248741	0.993102	0.250581	0.249512	0.250816	0.24974	0.251174	0.00027554	0.547299	0.547299	
0.00245857	0.993102	0.993102	0.993102	0.993102	4.18591e-05	5.81729e-12	0.993102	4.26322e-05	0.993102	0.993101	0.993101	0.424082	0.00248905	0.993102	0.993102	0.00248584	0.993101	0.655652	0.423876	0.0024828	0.993102	0.424618	0.423779	0.424821	0.423976	0.425131	7.59773e-05	0.413477	0.413477	
0.00245833	0.993102	0.993102	0.993102	0.993102	3.13273e-05	5.81785e-12	0.993102	3.19059e-05	0.993102	0.993101	0.993101	0.566397	0.00248261	0.993102	0.993102	0.00247968	0.993101	0.490623	0.566242	0.00247689	0.993102	0.566796	0.566168	0.566949	0.566318	0.567184	6.43836e-05	0.395675	0.395675	
0.00245802	0.993102	0.993102	0.993102	0.993102	2.34451e-05	5.81858e-12	0.993102	2.3878e-05	0.993102	0.993101	0.993101	0.673164	0.00247739	0.993102	0.993102	0.00247479	0.993101	0.367126	0.673047	0.00247231	0.993102	0.673461	0.672991	0.673576	0.673104	0.673753	9.69871e-05	0.484887	0.484887	
0.00245769	0.993102	0.993102	0.993102	0.993102	1.7567e-05	5.81936e-12	0.993102	1.78909e-05	0.993102	0.993101	0.993101	0.749874	0.00247368	0.993102	0.993102	0.00247144	0.993101	0.275094	0.749783	0.0024693	0.993102	0.750095	0.74974	0.750185	0.749828	0.750323	0.000115543	0.530706	0.530706	
0.00245737	0.993102	0.993102	0.993102	0.993102	1.32043e-05	5.82011e-12	0.993102	1.34469e-05	0.993102	0.993101	0.993101	0.801739	0.00247099	0.993102	0.993102	0.00246909	0.993101	0.208242	0.801664	0.00246727	0.993102	0.801909	0.801629	0.801983	0.801701	0.802095	0.000121284	0.544426	0.544426	
0.00245708	0.993102	0.993102	0.993102	0.993102	9.95869e-06	5.8208e-12	0.993102	1.01404e-05	0.993102	0.993101	0.993101	0.837731	0.00246894	0.993102	0.993102	0.00246734	0.993101	0.159944	0.837669	0.00246582	0.993102	0.837871	0.837639	0.837932	0.837699	0.838026	0.000148545	0.589544	0.589544	
0.00245682	0.993102	0.993102	0.993102	0.993102	7.64483e-06	5.82142e-12	0.993102	7.78135e-06	0.993102	0.993101	0.993101	0.848797	0.00246766	0.993102	0.993102	0.00246634	0.993101	0.142801	0.84874	0.00246507	0.993102	0.84895	0.848713	0.849006	0.848768	0.849091	0.000192519	0.667651	0.667651	
0.0024566	0.993102	0.993102	0.993102	0.993102	6.64037e-06	5.82194e-12	0.993102	6.74607e-06	0.993102	0.993101	0.993101	0.791061	0.00246719	0.993102	0.993102	0.0024661	0.993101	0.281461	0.791	0.00246506	0.993102	0.791356	0.790971	0.791416	0.79103	0.791507	0.000345953	0.764063	0.764063	
0.00245642	0.993102	0.993102	0.993102	0.993102	1.12763e-05	5.82237e-12	0.993102	1.13992e-05	0.993102	0.993101	0.993101	0.640358	0.00246871	0.993102	0.993102	0.00246781	0.993101	0.458339	0.640302	0.00246695	0.993102	0.640823	0.640275	0.640878	0.640329	0.640962	0.000468543	0.814842	0.814842	
0.00245635	0.993102	0.993102	0.993102	0.993102	2.58125e-05	5.82255e-12	0.993102	2.6068e-05	0.993102	0.993101	0.993101	0.499131	0.00247149	0.993102	0.993102	0.00247068	0.993101	0.592657	0.499081	0.00246989	0.993102	0.499631	0.499057	0.499681	0.499106	0.499757	0.000561157	0.845168	0.845168	
0.00245647	0.993102	0.993102	0.993102	0.993102	5.11382e-05	5.82226e-12	0.993102	5.16885e-05	0.993102	0.993101	0.993101	0.38477	0.00247509	0.993102	0.993102	0.00247415	0.993101	0.693374	0.384721	0.00247324	0.993102	0.385238	0.384698	0.385286	0.384745	0.38536	0.000667762	0.879309	0.879309	
0.00245687	0.993102	0.993102	0.993102	0.993102	0.00010118	5.8213e-12	0.993102	0.000102438	0.993102	0.993101	0.993101	0.293736	0.00247976	0.993102	0.993102	0.0024784	0.993101	0.768804	0.293688	0.00247708	0.993102	0.294133	0.293665	0.294181	0.293712	0.294254	0.000541614	0.864164	0.864164	
0.00245779	0.993102	0.993102	0.993102	0.993102	0.000122397	5.81911e-12	0.993102	0.000123846	0.993102	0.993101	0.993101	0.22765	0.00248294	0.993102	0.993102	0.00248063	0.993101	0.825226	0.227583	0.00247838	0.993102	0.227952	0.22755	0.228019	0.227616	0.22812	0.000642887	0.886144	0.886144	
0.00245874	0.993102	0.993102	0.993102	0.993102	0.000163956	5.81686e-12	0.993102	0.000165976	0.993102	0.993101	0.993101	0.175457	0.00248713	0.993102	0.993102	0.00248383	0.993101	0.867469	0.175382	0.00248062	0.993102	0.175685	0.175345	0.17576	0.175419	0.175873	0.000878446	0.93042	0.93042	
0.00245997	0.993102	0.993102	0.993102	0.993102	0.00029752	5.81396e-12	0.993102	0.000302128	0.993102	0.993101	0.993101	0.133417	0.0024943	0.993102	0.993102	0.00248971	0.993101	0.899092	0.133347	0.00248524	0.993102	0.13359	0.133313	0.13366	0.133381	0.133766	0.000935283	0.947214	0.947214	
0.00246254	0.993102	0.993102	0.993102	0.993102	0.000468214	5.80789e-12	0.993102	0.000476295	0.993102	0.993101	0.993101	0.101363	0.00250383	0.993102	0.993102	0.0024965	0.993101	0.922756	0.101292	0.00248941	0.993102	0.101475	0.101258	0.101545	0.101327	0.101653	0.000867678	0.950571	0.950571	
0.00246659	0.993102	0.993102	0.993102	0.993102	0.000615129	5.79838e-12	0.993102	0.000625806	0.993102	0.993101	0.993101	0.0772909	0.00251454	0.993102	0.993102	0.0025029	0.993101	0.940464	0.0772109	0.00249169	0.993102	0.0773321	0.0771723	0.0774115	0.0772502	0.0775331	0.00113559	0.982254	0.982254	
0.00247145	0.993102	0.993102	0.993102	0.993102	0.000959055	5.787e-12	0.993102	0.000978478	0.993102	0.993101	0.993101	0.0586032	0.00252984	0.993102	0.993102	0.00251295	0.993101	0.953714	0.0585244	0.00249676	0.993102	0.0586042	0.0584865	0.0586822	0.0585631	0.058802	0.00129678	0.999083	0.999083	
0.00247939	0.993102	0.993102	0.993102	0.993102	0.0014228	5.76856e-12	0.993102	0.0014558	0.993102	0.993101	0.993101	0.0444066	0.0025526	0.993102	0.993102	0.00252696	0.993101	0.963629	0.0443262	0.00250259	0.993102	0.044369	0.044288	0.0444477	0.0443655	0.0445699	0.00164226	1.01023	1.01023	
0.00249119	0.993102	0.993102	0.993102	0.993102	0.00195559	5.74148e-12	0.993102	0.00200993	0.993102	0.993101	0.993101	0.0336782	0.00258696	0.993102	0.993101	0.00254796	0.993101	0.971049	0.0335927	0.00251134	0.993101	0.0336025	0.0335525	0.0336852	0.0336344	0.0338155	0.00147025	1.01147	1.01147	
0.00250682	0.993102	0.993102	0.993102	0.993102	0.00239937	5.70612e-12	0.993102	0.00246785	0.993102	0.993101	0.993101	0.025651	0.00262543	0.993102	0.993101	0.00256843	0.993101	0.9766	0.0255522	0.0025157	0.993101	0.0255237	0.0255066	0.025617	0.0255999	0.0257671	0.00131844	1.00425	1.00425	
0.00252422	0.993102	0.993102	0.993102	0.993102	0.00262285	5.66719e-12	0.993102	0.00269613	0.993102	0.993101	0.993101	0.0197256	0.0026648	0.993102	0.993101	0.00258761	0.993101	0.980754	0.0196018	0.00251704	0.993101	0.019526	0.0195458	0.0196394	0.0196612	0.0198267	0.00154682	1.01104	1.01104	
0.00254015	0.993102	0.993102	0.993102	0.993102	0.00291418	5.63184e-12	0.993102	0.00299879	0.993102	0.993101	0.993101	0.0152266	0.00270389	0.993102	0.993101	0.00260798	0.993101	0.983863	0.0150863	0.00252094	0.993101	0.0149788	0.0150236	0.0151049	0.0151533	0.0153168	0.002594	1.03259	1.03259	
0.00255586	0.993102	0.993102	0.993102	0.993102	0.00362846	5.5973e-12	0.993102	0.0037684	0.993102	0.993101	0.993101	0.0116943	0.00275693	0.993102	0.993101	0.00264141	0.993101	0.986188	0.0115554	0.00253731	0.993101	0.0114432	0.0114937	0.0115671	0.0116214	0.0117778	0.00233435	1.02188	1.02188	
0.00257701	0.993102	0.993102	0.993102	0.993102	0.00392509	5.55184e-12	0.993102	0.00408734	0.993102	0.993101	0.993101	0.0091365	0.00281558	0.993102	0.993101	0.0026727	0.993101	0.987929	0.0089786	0.0025462	0.993101	0.008841	0.00891015	0.00897801	0.00905302	0.00921743	0.00138577	0.993342	0.993342	
0.00259679	0.993102	0.993102	0.993102	0.993102	0.0036436	5.50975e-12	0.993102	0.00378481	0.993102	0.993101	0.993101	0.00754094	0.00285481	0.993102	0.993101	0.00268712	0.993101	0.989231	0.00731679	0.00254071	0.993101	0.00709863	0.00722229	0.00728495	0.00742122	0.00762123	0.00102758	0.961664	0.961664	
0.00260784	0.993102	0.993102	0.993102	0.993102	0.00310033	5.48591e-12	0.993102	0.00321374	0.993102	0.993101	0.993101	0.00696018	0.00286994	0.993102	0.993101	0.0026892	0.993101	0.990204	0.0066082	0.00253208	0.993101	0.00623685	0.00646113	0.00652382	0.00677159	0.00704747	0.00121019	0.965581	0.965581	
0.00260895	0.993102	0.993102	0.993102	0.993102	0.00271413	5.48297e-12	0.993102	0.00280864	0.993102	0.993101	0.993101	0.00639509	0.00286735	0.993102	0.993101	0.00268589	0.993101	0.990933	0.00598912	0.00252793	0.993101	0.00555176	0.00581875	0.00588513	0.0061779	0.00648935	0.00202502	0.982416	0.982416	
0.00260473	0.993102	0.993102	0.993102	0.993102	0.00256543	5.49145e-12	0.993102	0.00265819	0.993102	0.993101	0.993101	0.00560701	0.00286548	0.993102	0.993101	0.0026892	0.993101	0.991479	0.00521617	0.00253519	0.993101	0.00480207	0.00505129	0.00512696	0.00539828	0.00571139	0.00173031	0.97333	0.97333	
0.00259964	0.993102	0.993102	0.993102	0.993102	0.00236547	5.50193e-12	0.993102	0.00245055	0.993102	0.993101	0.993101	0.00518032	0.00285558	0.993102	0.993101	0.0026857	0.993101	0.991887	0.00478888	0.00253686	0.993101	0.0043768	0.00462291	0.0047059	0.00497161	0.00529296	0.00177102	0.962534	0.962534	
0.00259324	0.993102	0.993102	0.993102	0.993102	0.00212625	5.51536e-12	0.993102	0.00220274	0.993102	0.993101	0.993101	0.00508618	0.00284288	0.993102	0.993101	0.00268094	0.993101	0.992192	0.0046808	0.00253863	0.993101	0.00425868	0.00450789	0.00460396	0.00487046	0.00521387	0.00298048	0.989758	0.989758	
0.00258537	0.993102	0.993102	0.993102	0.993102	0.00218412	5.53211e-12	0.993102	0.00227769	0.993102	0.993101	0.993101	0.00448566	0.0028435	0.993102	0.993101	0.00269049	0.993101	0.992421	0.00412513	0.00255559	0.993101	0.00376668	0.0039708	0.00407737	0.00429402	0.00462284	0.00411343	0.984033	0.984033	
0.00258022	0.993102	0.993102	0.993102	0.993102	0.00215275	5.54302e-12	0.993102	0.00226712	0.993102	0.993101	0.993101	0.00410374	0.00286252	0.993102	0.993101	0.00271409	0.993101	0.992592	0.00376908	0.00258327	0.993101	0.00346604	0.00362572	0.00375879	0.00392583	0.00427026	0.00388481	0.95791	0.95791	
0.00257597	0.993102	0.993102	0.993102	0.993102	0.00191958	5.55207e-12	0.993102	0.00203007	0.993102	0.993101	0.993101	0.00433336	0.00287311	0.993102	0.993102	0.00272813	0.993101	0.992719	0.00397398	0.00260093	0.993101	0.00368462	0.00382083	0.00400403	0.00414179	0.00455942	0.00566751	0.980215	0.980215	
0.00256979	0.993102	0.993102	0.993102	0.993102	0.0018972	5.5654e-12	0.993102	0.00203507	0.993102	0.993101	0.993101	0.0040166	0.00290036	0.993102	0.993102	0.00276051	0.993101	0.992815	0.00368748	0.00263833	0.993101	0.00346653	0.00354759	0.00376368	0.00384091	0.00427834	0.00896195	0.998687	0.998687	
0.00256488	0.993102	0.993102	0.993102	0.993102	0.00204292	5.57601e-12	0.993102	0.00226809	0.993102	0.993101	0.993101	0.00350701	0.00297186	0.993102	0.993101	0.00283323	0.993101	0.992887	0.00322161	0.00271331	0.993101	0.00308477	0.00310098	0.00334719	0.00335426	0.00380108	0.0102712	1.00151	1.00151	
0.00256308	0.993102	0.993102	0.993102	0.993102	0.00217481	5.57984e-12	0.993102	0.00249018	0.993102	0.993101	0.993101	0.00309032	0.00305424	0.993102	0.993101	0.00291024	0.993101	0.992941	0.00283641	0.00278897	0.993101	0.00276658	0.00273096	0.00300414	0.00295339	0.00341643	0.00567372	0.978819	0.978819	
0.00256342	0.993102	0.993102	0.993102	0.993102	0.00208005	5.57899e-12	0.993102	0.00237032	0.993102	0.993101	0.993101	0.00312296	0.00304989	0.993102	0.993101	0.00290054	0.993101	0.992981	0.00285634	0.00277911	0.993101	0.00278273	0.00275073	0.00302995	0.00297641	0.00346402	0.00154362	0.804639	0.804639	
0.00256246	0.993102	0.993102	0.993102	0.993102	0.00157149	5.58103e-12	0.993102	0.00178916	0.993102	0.993101	0.993101	0.02803	0.00298283	0.993102	0.993102	0.00283487	0.993101	0.99251	0.0257257	0.002717	0.993101	0.0235104	0.024893	0.0255047	0.0267193	0.0290057	0.000359948	0.577374	0.577374	
0.00255524	0.993102	0.993102	0.993102	0.993102	0.00117605	5.59693e-12	0.993102	0.00133892	0.993102	0.993101	0.993101	0.249775	0.00290062	0.993102	0.993102	0.00276367	0.993101	0.756497	0.246621	0.00265564	0.993102	0.242913	0.245434	0.24586	0.248003	0.250645	0.000129918	0.510342	0.510342	
0.00254482	0.993102	0.993102	0.993102	0.993102	0.000880033	5.62011e-12	0.993102	0.00100191	0.993102	0.993101	0.993101	0.430902	0.0028242	0.993102	0.993102	0.00270242	0.993101	0.567078	0.42822	0.00260688	0.993102	0.42497	0.427206	0.427501	0.429398	0.431568	0.000126033	0.499879	0.499879	
0.0025333	0.993102	0.993102	0.993102	0.993102	0.00065853	5.64595e-12	0.993102	0.000749725	0.993102	0.993101	0.993101	0.567478	0.00275823	0.993102	0.993102	0.00265281	0.993101	0.425004	0.565273	0.00257034	0.993102	0.562556	0.564437	0.564645	0.566242	0.567988	7.52861e-05	0.47232	0.47232	
0.00252191	0.993102	0.993102	0.993102	0.993102	0.000492773	5.67169e-12	0.993102	0.000561011	0.993102	0.993101	0.993101	0.67172	0.00270177	0.993102	0.993102	0.00261228	0.993101	0.318243	0.669983	0.00254238	0.993102	0.667824	0.669324	0.669473	0.670747	0.672107	8.91272e-05	0.529327	0.529327	
0.00251132	0.993102	0.993102	0.993102	0.993102	0.000368783	5.69575e-12	0.993102	0.000419843	0.993102	0.993101	0.993101	0.743698	0.00265491	0.993102	0.993102	0.00258004	0.993101	0.24036	0.742203	0.00252163	0.993102	0.740316	0.741635	0.741738	0.742861	0.744003	0.000148624	0.641277	0.641277	
0.00250185	0.993102	0.993102	0.993102	0.993102	0.000276498	5.71736e-12	0.993102	0.000314706	0.993102	0.993101	0.993101	0.741692	0.00261704	0.993102	0.993102	0.00255512	0.993101	0.29062	0.739764	0.00250683	0.993102	0.737321	0.739031	0.739153	0.740612	0.742062	0.000193823	0.679207	0.679207	
0.00249362	0.993102	0.993102	0.993102	0.993102	0.000208065	5.73622e-12	0.993102	0.000236659	0.993102	0.993101	0.993101	0.697773	0.00258662	0.993102	0.993102	0.00253589	0.993101	0.413553	0.695558	0.00249632	0.993102	0.692856	0.694718	0.694953	0.696532	0.698287	0.000273547	0.714987	0.714987	
0.00248661	0.993102	0.993102	0.993102	0.993102	0.000158074	5.75233e-12	0.993102	0.000179483	0.993102	0.993101	0.993101	0.620428	0.00256291	0.993102	0.993102	0.00252164	0.993101	0.544049	0.618207	0.00248945	0.993102	0.6157	0.617365	0.617798	0.619184	0.62114	0.000331711	0.740916	0.740916	
0.00248075	0.993102	0.993102	0.993102	0.993102	0.000122277	5.76584e-12	0.993102	0.000138323	0.993102	0.993101	0.993101	0.533677	0.00254447	0.993102	0.993102	0.00251107	0.993101	0.651412	0.531656	0.00248502	0.993102	0.529594	0.530888	0.531502	0.532544	0.534542	0.00032428	0.731578	0.731578	
0.00247592	0.993102	0.993102	0.993102	0.993102	9.48058e-05	5.777e-12	0.993102	0.000106834	0.993102	0.993101	0.993101	0.478425	0.00252954	0.993102	0.993102	0.00250263	0.993101	0.729274	0.476614	0.00248162	0.993102	0.474991	0.475925	0.476699	0.477411	0.479424	0.000382601	0.751636	0.751636	
0.00247197	0.993102	0.993102	0.993102	0.993102	7.5873e-05	5.78616e-12	0.993102	8.49112e-05	0.993102	0.993101	0.993101	0.417019	0.00251832	0.993102	0.993102	0.0024967	0.993101	0.791966	0.415471	0.0024798	0.993102	0.414324	0.414881	0.415784	0.416153	0.418112	0.000304404	0.659361	0.659361	
0.00246877	0.993102	0.993102	0.993102	0.993102	5.75528e-05	5.79356e-12	0.993102	6.43206e-05	0.993102	0.993101	0.993101	0.477535	0.0025084	0.993102	0.993102	0.00249105	0.993101	0.748407	0.476186	0.00247746	0.993102	0.475393	0.47567	0.476666	0.476782	0.478693	0.000184389	0.577962	0.577962	
0.00246616	0.993102	0.993102	0.993102	0.993102	4.32181e-05	5.79964e-12	0.993102	4.82827e-05	0.993102	0.993101	0.993101	0.584576	0.00249897	0.993102	0.993102	0.00248511	0.993101	0.575034	0.583514	0.00247423	0.993102	0.58292	0.583107	0.583923	0.583983	0.585519	0.00021883	0.56994	0.56994	
0.00246403	0.993102	0.993102	0.993102	0.993102	3.2469e-05	5.8046e-12	0.993102	3.62592e-05	0.993102	0.993101	0.993101	0.667754	0.00249195	0.993102	0.993102	0.00248091	0.993101	0.441362	0.666924	0.00247224	0.993102	0.666508	0.666605	0.667292	0.667291	0.668538	0.000266709	0.641923	0.641923	
0.0024623	0.993102	0.993102	0.993102	0.993102	2.4845e-05	5.80864e-12	0.993102	2.76841e-05	0.993102	0.993101	0.993101	0.683384	0.00248699	0.993102	0.993102	0.00247823	0.993101	0.443308	0.682692	0.00247134	0.993102	0.682539	0.682426	0.683192	0.682998	0.68423	0.000282827	0.676414	0.676414	
0.00246091	0.993102	0.993102	0.993102	0.993102	1.96857e-05	5.81188e-12	0.993102	2.18162e-05	0.993102	0.993101	0.993101	0.656744	0.00248326	0.993102	0.993102	0.00247633	0.993101	0.5233	0.656159	0.00247087	0.993102	0.656291	0.655933	0.656843	0.656418	0.657721	0.000305663	0.662118	0.662118	
0.00245981	0.993102	0.993102	0.993102	0.993102	1.55522e-05	5.81445e-12	0.993102	1.71515e-05	0.993102	0.993101	0.993101	0.653656	0.00248061	0.993102	0.993102	0.00247513	0.993101	0.553881	0.653169	0.0024708	0.993102	0.653543	0.652979	0.654004	0.653385	0.654735	0.000303305	0.67929	0.67929	
0.00245893	0.993102	0.993102	0.993102	0.993102	1.27961e-05	5.8165e-12	0.993102	1.39998e-05	0.993102	0.993101	0.993101	0.630934	0.00247849	0.993102	0.993102	0.00247415	0.993101	0.611028	0.630527	0.00247071	0.993102	0.631118	0.630368	0.631503	0.630708	0.632113	0.000405626	0.703928	0.703928	
0.00245824	0.993102	0.993102	0.993102	0.993102	1.14678e-05	5.81811e-12	0.993102	1.23839e-05	0.993102	0.993101	0.993101	0.583158	0.00247809	0.993102	0.993102	0.00247466	0.993101	0.684147	0.58282	0.00247192	0.993102	0.583712	0.582686	0.584033	0.582971	0.584542	0.00081379	0.753125	0.753125	
0.00245771	0.993102	0.993102	0.993102	0.993102	1.3603e-05	5.81936e-12	0.993102	1.43709e-05	0.993102	0.993101	0.993101	0.493506	0.00248285	0.993102	0.993102	0.00248011	0.993101	0.758393	0.493231	0.00247792	0.993102	0.494587	0.493122	0.494848	0.493354	0.495262	0.00143711	0.792375	0.792375	
0.00245734	0.993102	0.993102	0.993102	0.993102	2.10533e-05	5.82023e-12	0.993102	2.1945e-05	0.993102	0.993101	0.993101	0.398717	0.00249432	0.993102	0.993102	0.00249208	0.993101	0.816726	0.398496	0.00249028	0.993102	0.400243	0.398408	0.400454	0.398596	0.400786	0.00112687	0.719016	0.719016	
0.00245715	0.993102	0.993102	0.993102	0.993102	1.82773e-05	5.82066e-12	0.993102	1.9002e-05	0.993102	0.993101	0.993101	0.390396	0.00249918	0.993102	0.993102	0.00249721	0.993101	0.847778	0.39018	0.00249559	0.993102	0.392725	0.39009	0.392933	0.390279	0.393259	0.00102875	0.682493	0.682493	
0.00245698	0.993102	0.993102	0.993102	0.993102	1.48942e-05	5.82107e-12	0.993102	1.54618e-05	0.993102	0.993101	0.993101	0.429105	0.00250149	0.993102	0.993102	0.00249978	0.993101	0.835554	0.428896	0.00249833	0.993102	0.432004	0.428808	0.432206	0.428993	0.43252	0.000743613	0.62905	0.62905	
0.00245681	0.993102	0.993102	0.993102	0.993102	1.15654e-05	5.82147e-12	0.993102	1.19964e-05	0.993102	0.993101	0.993101	0.516132	0.00249956	0.993102	0.993102	0.00249807	0.993101	0.707311	0.515949	0.00249681	0.993102	0.518871	0.51587	0.519047	0.516034	0.519322	0.00031557	0.5778	0.5778	
0.00245664	0.993102	0.993102	0.993102	0.993102	8.80614e-06	5.82187e-12	0.993102	9.12962e-06	0.993102	0.993101	0.993101	0.613426	0.00249269	0.993102	0.993102	0.00249142	0.993101	0.544181	0.613279	0.00249033	0.993102	0.615581	0.613216	0.615723	0.613348	0.615944	0.000481565	0.660696	0.660696	
0.00245648	0.993102	0.993102	0.993102	0.993102	7.38529e-06	5.82225e-12	0.993102	7.63504e-06	0.993102	0.993101	0.993101	0.622628	0.00248954	0.993102	0.993102	0.00248847	0.993101	0.566062	0.622498	0.00248755	0.993102	0.624733	0.622441	0.62486	0.622559	0.625055	0.000855215	0.703486	0.703486	
0.00245634	0.993102	0.993102	0.993102	0.993102	7.38523e-06	5.82257e-12	0.993102	7.60418e-06	0.993102	0.993101	0.993101	0.576918	0.00249181	0.993102	0.993102	0.00249092	0.993101	0.649941	0.576802	0.00249013	0.993102	0.579503	0.57675	0.579616	0.576857	0.579791	0.00104414	0.716908	0.716908	
0.00245624	0.993102	0.993102	0.993102	0.993102	7.94846e-06	5.82281e-12	0.993102	8.16342e-06	0.993102	0.993101	0.993101	0.526266	0.00249589	0.993102	0.993102	0.00249512	0.993101	0.721903	0.526161	0.00249444	0.993102	0.529386	0.526114	0.529489	0.52621	0.529646	0.00130444	0.741729	0.741729	
0.00245617	0.993102	0.993102	0.993102	0.993102	9.90641e-06	5.82298e-12	0.993102	1.01719e-05	0.993102	0.993101	0.993101	0.461105	0.00250225	0.993102	0.993102	0.00250156	0.993101	0.784599	0.46101	0.00250095	0.993102	0.464691	0.460967	0.464783	0.461055	0.464926	0.00121423	0.730014	0.730014	
0.00245614	0.993102	0.993102	0.993102	0.993102	1.05505e-05	5.82305e-12	0.993102	1.08263e-05	0.993102	0.993101	0.993101	0.424575	0.00250591	0.993102	0.993102	0.00250527	0.993101	0.828312	0.424482	0.00250469	0.993102	0.428525	0.424439	0.428616	0.424526	0.428756	0.000939902	0.624651	0.624651	
0.00245612	0.993102	0.993102	0.993102	0.993102	8.27816e-06	5.82308e-12	0.993102	8.49179e-06	0.993102	0.993101	0.993101	0.516253	0.00250521	0.993102	0.993102	0.00250459	0.993101	0.692303	0.516166	0.00250402	0.993102	0.51993	0.516126	0.520015	0.516208	0.520146	0.000573834	0.508554	0.508554	
0.00245609	0.993102	0.993102	0.993102	0.993102	6.23214e-06	5.82317e-12	0.993102	6.39243e-06	0.993102	0.993101	0.993101	0.630142	0.00250004	0.993102	0.993102	0.00249947	0.993101	0.519011	0.630075	0.00249894	0.993102	0.632956	0.630044	0.633022	0.630107	0.633123	0.0005066	0.469785	0.469785	
0.00245603	0.993102	0.993102	0.993102	0.993102	4.68076e-06	5.82329e-12	0.993102	4.80088e-06	0.993102	0.993101	0.993101	0.718645	0.00249528	0.993102	0.993102	0.00249477	0.993101	0.388567	0.718594	0.0024943	0.993102	0.720777	0.71857	0.720827	0.718618	0.720904	0.000647919	0.531908	0.531908	
0.00245597	0.993102	0.993102	0.993102	0.993102	3.5628e-06	5.82344e-12	0.993102	3.65347e-06	0.993102	0.993101	0.993101	0.778048	0.00249345	0.993102	0.993102	0.00249301	0.993101	0.293241	0.778008	0.00249259	0.993102	0.779759	0.77799	0.779799	0.778027	0.779859	0.00092594	0.608063	0.608063	
0.00245591	0.993102	0.993102	0.993102	0.993102	2.9412e-06	5.82357e-12	0.993102	3.01419e-06	0.993102	0.993101	0.993101	0.792991	0.00249553	0.993102	0.993102	0.00249515	0.993101	0.262898	0.792956	0.0024948	0.993102	0.794868	0.79294	0.794902	0.792973	0.794954	0.00105402	0.632559	0.632559	
0.00245586	0.993102	0.993102	0.993102	0.993102	2.64895e-06	5.8237e-12	0.993102	2.71311e-06	0.993102	0.993101	0.993101	0.785047	0.00249868	0.993102	0.993102	0.00249836	0.993101	0.2864	0.785016	0.00249806	0.993102	0.787376	0.785001	0.787406	0.785031	0.787453	0.0010864	0.644489	0.644489	
0.00245582	0.993102	0.993102	0.993102	0.993102	2.55066e-06	5.82379e-12	0.993102	2.61116e-06	0.993102	0.993101	0.993101	0.767734	0.00250144	0.993102	0.993102	0.00250116	0.993101	0.332788	0.767705	0.00250091	0.993102	0.770549	0.767691	0.770578	0.767719	0.770621	0.00119229	0.665777	0.665777	
0.00245579	0.993102	0.993102	0.993102	0.993102	2.77702e-06	5.82387e-12	0.993102	2.84324e-06	0.993102	0.993101	0.993101	0.731416	0.00250484	0.993102	0.993102	0.0025046	0.993101	0.418539	0.731388	0.00250437	0.993102	0.734896	0.731375	0.734924	0.731402	0.734965	0.00129867	0.685593	0.685593	
0.00245577	0.993102	0.993102	0.993102	0.993102	3.36604e-06	5.82392e-12	0.993102	3.44949e-06	0.993102	0.993101	0.993101	0.680052	0.00250873	0.993102	0.993102	0.00250851	0.993101	0.518884	0.680024	0.00250831	0.993102	0.684254	0.680011	0.684282	0.680038	0.684323	0.00146077	0.713852	0.713852	
0.00245576	0.993102	0.993102	0.993102	0.993102	4.77816e-06	5.82394e-12	0.993102	4.90759e-06	0.993102	0.993101	0.993101	0.60655	0.00251372	0.993102	0.993102	0.00251351	0.993101	0.621959	0.606521	0.00251331	0.993102	0.611418	0.606507	0.611447	0.606535	0.611491	0.00192735	0.758168	0.758168	
0.00245577	0.993102	0.993102	0.993102	0.993102	9.00652e-06	5.82392e-12	0.993102	9.31681e-06	0.993102	0.993101	0.993101	0.50575	0.00252343	0.993102	0.993102	0.00252321	0.993101	0.712434	0.505721	0.00252301	0.993102	0.510975	0.505706	0.511005	0.505735	0.51105	0.00273369	0.835954	0.835954	
0.00245583	0.993102	0.993102	0.993102	0.993102	3.20653e-05	5.82378e-12	0.993102	3.37205e-05	0.993102	0.993101	0.993101	0.391334	0.00254124	0.993102	0.993102	0.00254095	0.993101	0.782953	0.391307	0.00254068	0.993102	0.395917	0.391294	0.395944	0.39132	0.395985	0.00302162	0.856649	0.856649	
0.00245616	0.993102	0.993102	0.993102	0.993102	6.21172e-05	5.82299e-12	0.993102	6.57304e-05	0.993102	0.993101	0.993101	0.30146	0.00255896	0.993102	0.993102	0.00255828	0.993101	0.835796	0.301428	0.00255766	0.993102	0.305378	0.301414	0.30541	0.301443	0.305458	0.00325379	0.8645	0.8645	
0.00245678	0.993102	0.993102	0.993102	0.993102	9.09316e-05	5.82153e-12	0.993102	9.66236e-05	0.993102	0.993101	0.993101	0.232968	0.00257612	0.993102	0.993102	0.0025747	0.993101	0.875352	0.232926	0.00257341	0.993102	0.236332	0.232906	0.236375	0.232946	0.236442	0.00451744	0.923959	0.923959	
0.00245759	0.993102	0.993102	0.993102	0.993102	0.000210502	5.81959e-12	0.993102	0.000228223	0.993102	0.993101	0.993101	0.176567	0.00260668	0.993102	0.993102	0.00260423	0.993101	0.90499	0.176526	0.00260204	0.993102	0.179271	0.176508	0.179313	0.176546	0.179376	0.0048428	0.94761	0.94761	
0.00245969	0.993102	0.993102	0.993102	0.993102	0.000385663	5.81464e-12	0.993102	0.000422103	0.993102	0.993101	0.993101	0.133521	0.00263756	0.993102	0.993102	0.00263237	0.993101	0.927169	0.133478	0.00262786	0.993102	0.135652	0.133459	0.135696	0.133498	0.135764	0.00383179	0.930958	0.930958	
0.00246342	0.993102	0.993102	0.993102	0.993102	0.00045666	5.80583e-12	0.993102	0.000497305	0.993102	0.993101	0.993101	0.101915	0.00265218	0.993102	0.993102	0.00264212	0.993101	0.943764	0.10185	0.00263359	0.993102	0.103581	0.101822	0.103648	0.10188	0.103753	0.00280077	0.906147	0.906147	
0.0024671	0.993102	0.993102	0.993102	0.993102	0.000446491	5.79717e-12	0.993102	0.000482939	0.993102	0.993101	0.993101	0.0796161	0.00265131	0.993102	0.993102	0.00263666	0.993101	0.956176	0.0795019	0.0026243	0.993102	0.0808863	0.0794542	0.0810003	0.0795544	0.0811817	0.00269558	0.910758	0.910758	
0.00246973	0.993102	0.993102	0.993102	0.993102	0.000449195	5.79099e-12	0.993102	0.00048284	0.993102	0.993101	0.993101	0.062643	0.00264887	0.993102	0.993102	0.00263106	0.993101	0.965465	0.0624995	0.00261597	0.993102	0.0636127	0.0624395	0.0637552	0.0625655	0.0639822	0.0029262	0.927249	0.927249	
0.00247173	0.993102	0.993102	0.993102	0.993102	0.000495444	5.78629e-12	0.993102	0.000530216	0.993102	0.993101	0.993101	0.0490778	0.00265011	0.993102	0.993102	0.00262994	0.993101	0.972418	0.0489287	0.00261275	0.993102	0.0498274	0.0488661	0.0499756	0.0489974	0.0502116	0.00314244	0.949631	0.949631	
0.0024738	0.993102	0.993102	0.993102	0.993102	0.000619302	5.78143e-12	0.993102	0.000661428	0.993102	0.993101	0.993101	0.0381332	0.0026552	0.993102	0.993102	0.00263257	0.993101	0.977624	0.0379922	0.00261318	0.993102	0.0387089	0.0379327	0.0388491	0.0380572	0.0390724	0.00358491	0.96926	0.96926	
0.0024769	0.993102	0.993102	0.993102	0.993102	0.000829898	5.77419e-12	0.993102	0.000888618	0.993102	0.993101	0.993101	0.0294842	0.00266853	0.993102	0.993102	0.00264209	0.993101	0.98152	0.0293539	0.00261933	0.993102	0.029921	0.0292989	0.0300507	0.0294141	0.0302573	0.00395775	0.988107	0.988107	
0.00248185	0.993102	0.993102	0.993102	0.993102	0.00115542	5.7627e-12	0.993102	0.00124328	0.993102	0.993101	0.993101	0.0227158	0.00268984	0.993102	0.993102	0.00265708	0.993101	0.984435	0.0225956	0.00262888	0.993102	0.0230371	0.0225447	0.0231568	0.0226511	0.023348	0.00397768	0.991867	0.991867	
0.00248965	0.993102	0.993102	0.993102	0.993102	0.00144794	5.74474e-12	0.993102	0.00156186	0.993102	0.993101	0.993101	0.0176124	0.00271594	0.993102	0.993102	0.00267301	0.993101	0.986617	0.0174927	0.0026363	0.993101	0.017827	0.0174423	0.0179454	0.0175479	0.0181363	0.00310189	0.970724	0.970724	
0.00249918	0.993102	0.993102	0.993102	0.993102	0.00147728	5.72294e-12	0.993102	0.0015877	0.993102	0.993101	0.993101	0.0141449	0.00273213	0.993102	0.993102	0.002677	0.993101	0.988249	0.013997	0.00263026	0.993101	0.014221	0.0139355	0.0143641	0.0140649	0.0145985	0.00277284	0.969932	0.969932	
0.00250669	0.993102	0.993102	0.993102	0.993102	0.00149608	5.70579e-12	0.993102	0.00160093	0.993102	0.993101	0.993101	0.0115731	0.00274038	0.993102	0.993102	0.00267595	0.993101	0.98947	0.0114018	0.00262144	0.993101	0.0115353	0.0113309	0.0116987	0.0114804	0.0119687	0.0029419	0.983733	0.983733	
0.00251255	0.993102	0.993102	0.993102	0.993102	0.00163271	5.69243e-12	0.993102	0.00174221	0.993102	0.993101	0.993101	0.00940879	0.00274928	0.993102	0.993102	0.00267769	0.993101	0.990384	0.00923429	0.00261705	0.993101	0.00930997	0.00916195	0.00947546	0.00931434	0.00975003	0.00216971	0.95138	0.95138	
0.00251867	0.993102	0.993102	0.993102	0.993102	0.00149638	5.67855e-12	0.993102	0.00159048	0.993102	0.993101	0.993101	0.00849721	0.00274914	0.993102	0.993102	0.00267049	0.993101	0.991067	0.00826909	0.00260374	0.993102	0.0082483	0.00817439	0.00846116	0.00837386	0.00881676	0.00226202	0.961161	0.961161	
0.00252152	0.993102	0.993102	0.993102	0.993102	0.0014512	5.67203e-12	0.993102	0.00153694	0.993102	0.993101	0.993101	0.00754808	0.00274614	0.993102	0.993102	0.00266451	0.993101	0.991578	0.00730437	0.00259498	0.993102	0.00723636	0.00720275	0.00746312	0.00741654	0.00784198	0.00221478	0.967209	0.967209	
0.00252307	0.993102	0.993102	0.993102	0.993102	0.00145964	5.66844e-12	0.993102	0.00154069	0.993102	0.993101	0.993101	0.00670163	0.00274177	0.993102	0.993102	0.00265881	0.993101	0.991961	0.00645669	0.00258781	0.993102	0.00636122	0.00635406	0.00658895	0.00656969	0.00696906	0.00232243	0.974604	0.974604	
0.00252434	0.993102	0.993102	0.993102	0.993102	0.00152465	5.66552e-12	0.993102	0.00160582	0.993102	0.993101	0.993101	0.0059221	0.00274008	0.993102	0.993102	0.00265609	0.993101	0.992248	0.00568477	0.00258383	0.993102	0.00557641	0.00558484	0.00579714	0.00579452	0.00616519	0.0024706	0.979159	0.979159	
0.00252612	0.993102	0.993102	0.993102	0.993102	0.00161428	5.66148e-12	0.993102	0.00169895	0.993102	0.993101	0.993101	0.00525976	0.00274265	0.993102	0.993102	0.0026569	0.993101	0.992462	0.0050308	0.00258277	0.993101	0.00491539	0.00493398	0.00512839	0.0051369	0.00548348	0.00229211	0.980819	0.980819	
0.00252859	0.993102	0.993102	0.993102	0.993102	0.00170081	5.65591e-12	0.993102	0.00178724	0.993102	0.993101	0.993101	0.00474304	0.00274468	0.993102	0.993102	0.00265631	0.993101	0.992623	0.00451883	0.00257967	0.993101	0.00439264	0.00442372	0.00460083	0.0046229	0.00494818	0.00185921	0.963994	0.963994	
0.00253154	0.993102	0.993102	0.993102	0.993102	0.0016292	5.64929e-12	0.993102	0.00170736	0.993102	0.993101	0.993101	0.00469169	0.00274267	0.993102	0.993102	0.00265127	0.993101	0.992743	0.00444542	0.00257179	0.993101	0.00428101	0.00434059	0.00450831	0.00455996	0.00488828	0.00195858	0.980004	0.980004	
0.00253284	0.993102	0.993102	0.993102	0.993102	0.00170755	5.64637e-12	0.993102	0.00178551	0.993102	0.993101	0.993101	0.00433696	0.00274033	0.993102	0.993102	0.00264787	0.993101	0.992833	0.0040983	0.00256716	0.993101	0.00392921	0.00399634	0.00414923	0.00420949	0.00451695	0.00217493	0.987812	0.987812	
0.00253481	0.993102	0.993102	0.993102	0.993102	0.00184786	5.64196e-12	0.993102	0.00193149	0.993102	0.993101	0.993101	0.00395154	0.00274372	0.993102	0.993102	0.00264924	0.993101	0.9929	0.0037244	0.00256648	0.993101	0.00355838	0.00362707	0.00376764	0.00383039	0.00411753	0.00291939	1.00471	1.00471	
0.00253807	0.993102	0.993102	0.993102	0.993102	0.002174	5.63469e-12	0.993102	0.00228399	0.993102	0.993101	0.993101	0.00345647	0.00276073	0.993102	0.993101	0.00266216	0.993101	0.992951	0.00324943	0.00257563	0.993101	0.00310013	0.00316059	0.003291	0.00334612	0.00361066	0.00516042	1.02605	1.02605	
0.0025447	0.993102	0.993102	0.993102	0.993102	0.00279952	5.62006e-12	0.993102	0.00300866	0.993102	0.993101	0.993101	0.00290282	0.00281628	0.993102	0.993101	0.00270754	0.993101	0.992989	0.0027203	0.00261243	0.993101	0.0025996	0.00264216	0.00276849	0.00280547	0.00305255	0.00983536	1.04042	1.04042	
0.00255777	0.993102	0.993102	0.993102	0.993102	0.00355294	5.59166e-12	0.993102	0.00402418	0.993102	0.993101	0.993101	0.00239474	0.00295531	0.993102	0.993101	0.00282126	0.993101	0.993017	0.00223294	0.00270692	0.9931	0.00214668	0.00216451	0.00229785	0.00230803	0.00255513	0.0128221	1.0383	1.0383	
0.00257744	0.993102	0.993102	0.993102	0.993102	0.00401601	5.54968e-12	0.993102	0.00476267	0.993102	0.993101	0.993101	0.00201979	0.00314853	0.993102	0.993101	0.00296791	0.993101	0.993039	0.00186487	0.00282377	0.9931	0.00180512	0.00180207	0.00195074	0.00193533	0.00220635	0.0176231	1.02335	1.02335	
0.00259832	0.993102	0.993102	0.993102	0.993102	0.00393829	5.50567e-12	0.993102	0.00488925	0.993102	0.993101	0.993101	0.0017988	0.00341795	0.993102	0.993101	0.00317242	0.993101	0.993055	0.00163306	0.00299137	0.993099	0.00160854	0.00157104	0.00176693	0.00170564	0.00205966	0.0322147	1.04152	1.04152	
0.00261291	0.993102	0.993102	0.993102	0.993102	0.00394589	5.47485e-12	0.993102	0.00555436	0.993102	0.993101	0.993101	0.00149612	0.00398456	0.993102	0.993101	0.00364432	0.993101	0.993066	0.00134544	0.00341307	0.993098	0.00138234	0.00129188	0.00153534	0.00140986	0.00182698	0.0415482	1.05424	1.05424	
0.00262393	0.993102	0.993102	0.993102	0.993102	0.0040216	5.45158e-12	0.993102	0.00659661	0.993102	0.993101	0.993102	0.00121871	0.00474539	0.993102	0.993101	0.00425682	0.993101	0.993075	0.0010862	0.00396834	0.993094	0.0011693	0.0010425	0.001312	0.00114093	0.0015947	0.0486771	1.06147	1.06147	
0.00263318	0.993102	0.993102	0.993102	0.993102	0.00408378	5.43212e-12	0.993102	0.0077607	0.993102	0.993101	0.993102	0.000989532	0.00566857	0.993102	0.993101	0.00495057	0.993101	0.993082	0.000872386	0.00459917	0.993089	0.00098678	0.000837982	0.00112	0.000918329	0.00139863	0.0531087	1.05779	1.05779	
0.00264093	0.993102	0.993102	0.993102	0.993102	0.00397219	5.41588e-12	0.993102	0.00843975	0.993102	0.993101	0.993102	0.000820538	0.00666294	0.993102	0.993101	0.00563441	0.993101	0.993087	0.000711509	0.00522118	0.993084	0.000853135	0.000685289	0.00098348	0.000750884	0.00127813	0.0775889	1.07392	1.07392	
0.00264525	0.993102	0.993102	0.993102	0.993102	0.00374465	5.40674e-12	0.993102	0.00991936	0.993102	0.993101	0.993102	0.000650526	0.00901886	0.993102	0.993101	0.00734309	0.993101	0.993091	0.000558473	0.00679783	0.99306	0.000719462	0.000539114	0.000839834	0.000590092	0.00112878	0.0819128	1.07649	1.07649	
0.00264544	0.993102	0.993102	0.993102	0.993102	0.00354119	5.40608e-12	0.993102	0.0111803	0.993102	0.993101	0.993102	0.000520543	0.0114024	0.993102	0.993101	0.00888499	0.993101	0.993094	0.000440601	0.00823543	0.993034	0.000611274	0.000427247	0.000724255	0.000466027	0.00101836	0.0919001	1.07931	1.07931	
0.00264289	0.993102	0.993102	0.993102	0.993102	0.00328524	5.41114e-12	0.993102	0.0123063	0.993102	0.993101	0.993102	0.000417004	0.0144773	0.993102	0.993101	0.0107595	0.993101	0.993096	0.000347271	0.00999665	0.992995	0.000523208	0.00033878	0.000630272	0.000367587	0.000934715	0.0976756	1.08349	1.08349	
0.0026376	0.993102	0.993102	0.993102	0.993102	0.00306765	5.42193e-12	0.993102	0.0134444	0.993102	0.993101	0.993102	0.0003356	0.0177848	0.993102	0.993101	0.0126331	0.993101	0.993097	0.000274259	0.0117759	0.992945	0.000449657	0.000269656	0.000551043	0.000290439	0.000865574	0.0796378	1.06094	1.06094	
0.00263079	0.993102	0.993102	0.993102	0.993102	0.00284752	5.43599e-12	0.993102	0.0127516	0.993102	0.993102	0.993102	0.000306664	0.0184184	0.993102	0.993101	0.0126514	0.993101	0.993098	0.000237662	0.011822	0.99296	0.000424076	0.000239325	0.000534206	0.000251822	0.000920577	0.0862009	1.06625	1.06625	
0.00262281	0.993102	0.993102	0.993102	0.993102	0.0026644	5.4526e-12	0.993102	0.0125049	0.993102	0.993102	0.993102	0.000272081	0.0194375	0.993102	0.993101	0.0130915	0.993101	0.993099	0.000203424	0.0122729	0.992962	0.00039869	0.000208547	0.000510875	0.000215519	0.000927591	0.100212	1.07501	1.07501	
0.00261445	0.993102	0.993102	0.993102	0.993102	0.00247081	5.47011e-12	0.993102	0.0128546	0.993102	0.993102	0.993102	0.000230348	0.021904	0.993102	0.993101	0.0145536	0.993101	0.9931	0.000168443	0.0136987	0.992926	0.000367545	0.000174781	0.000476015	0.000178381	0.000892517	0.108141	1.08479	1.08479	
0.00260569	0.993102	0.993102	0.993102	0.993102	0.00234008	5.4886e-12	0.993102	0.0138268	0.993102	0.993102	0.993102	0.000191406	0.0250877	0.993102	0.993101	0.0164261	0.993101	0.9931	0.000137429	0.0155251	0.992852	0.000331376	0.000144124	0.000432747	0.000145442	0.000833347	0.112224	1.08984	1.08984	
0.00259744	0.993102	0.993102	0.993102	0.993102	0.0022492	5.5061e-12	0.993102	0.0149692	0.993102	0.993102	0.993102	0.000159718	0.0285406	0.993102	0.993101	0.0182717	0.993101	0.993101	0.000112321	0.0173303	0.992761	0.000297088	0.000119235	0.000391689	0.000118772	0.00077912	0.120937	1.0936	1.0936	
0.00259009	0.993102	0.993102	0.993102	0.993102	0.00213273	5.52173e-12	0.993102	0.0161609	0.993102	0.993102	0.993102	0.000132964	0.0334116	0.993102	0.993101	0.0207464	0.993101	0.993101	9.14382e-05	0.0197392	0.992612	0.00026591	9.83337e-05	0.00035462	9.66051e-05	0.000734001	0.131117	1.09993	1.09993	
0.0025831	0.993102	0.993102	0.993102	0.993102	0.00201031	5.5367e-12	0.993102	0.0176807	0.993102	0.993102	0.993102	0.000109635	0.0402897	0.993102	0.993101	0.0241212	0.993101	0.993101	7.3734e-05	0.0230204	0.992336	0.000235697	8.03209e-05	0.000318297	7.78317e-05	0.000688802	0.118823	1.09174	1.09174	
0.00257629	0.993102	0.993102	0.993102	0.993102	0.00195195	5.55134e-12	0.993102	0.0179673	0.993102	0.993102	0.993102	9.82708e-05	0.0429855	0.993102	0.993101	0.024807	0.993101	0.993101	6.31768e-05	0.0237239	0.992322	0.000217171	7.06201e-05	0.000298668	6.65713e-05	0.000690092	0.122896	1.09688	1.09688	
0.00257044	0.993102	0.993102	0.993102	0.993102	0.00191682	5.56394e-12	0.993102	0.0186716	0.993102	0.993102	0.993102	8.71919e-05	0.0461829	0.993102	0.993102	0.0258687	0.993101	0.993102	5.39305e-05	0.0247864	0.992249	0.000198948	6.16625e-05	0.000277762	5.67356e-05	0.000675828	0.136008	1.10337	1.10337	
0.00256562	0.993102	0.993102	0.993102	0.993102	0.00183351	5.57436e-12	0.993102	0.0198983	0.993102	0.993102	0.993102	7.4735e-05	0.0529515	0.993102	0.993102	0.0287648	0.993101	0.993102	4.48524e-05	0.027614	0.991946	0.000180006	5.21919e-05	0.000254842	4.71271e-05	0.000649741	0.131992	1.10762	1.10762	
0.00256095	0.993102	0.993102	0.993102	0.993102	0.00184121	5.58451e-12	0.993102	0.0213072	0.993102	0.993102	0.993102	6.58455e-05	0.0574908	0.993102	0.993102	0.0302172	0.993101	0.993102	3.80388e-05	0.0290536	0.991758	0.000161973	4.52478e-05	0.00023282	3.99081e-05	0.00062515	0.130149	1.10958	1.10958	
0.00255755	0.993102	0.993102	0.993102	0.993102	0.0018842	5.59189e-12	0.993102	0.022614	0.993102	0.993102	0.993102	5.97432e-05	0.0612135	0.993102	0.993102	0.0310011	0.993101	0.993102	3.29294e-05	0.0298369	0.991633	0.000145986	4.02112e-05	0.000213591	3.44957e-05	0.000609135	0.146751	1.11869	1.11869	
0.00255555	0.993102	0.993102	0.993102	0.993102	0.00184671	5.5962e-12	0.993102	0.0248948	0.993102	0.993102	0.993102	5.13033e-05	0.0716441	0.993102	0.993102	0.0347489	0.993101	0.993102	2.73109e-05	0.0334695	0.990926	0.000128829	3.39823e-05	0.000191802	2.85855e-05	0.000579953	0.162549	1.12417	1.12417	
0.00255358	0.993102	0.993102	0.993102	0.993102	0.0017368	5.60048e-12	0.993102	0.02748	0.993102	0.993102	0.993102	4.31122e-05	0.0905189	0.993102	0.993102	0.0415674	0.993101	0.993102	2.21809e-05	0.0400796	0.989224	0.000112438	2.80945e-05	0.000170899	2.32003e-05	0.00055585	0.14538	1.12029	1.12029	
0.0025507	0.993102	0.993102	0.993102	0.993102	0.00176043	5.60679e-12	0.993102	0.0287406	0.993102	0.993102	0.993102	4.02397e-05	0.0977116	0.993102	0.993102	0.0423253	0.993101	0.993102	1.92558e-05	0.0408455	0.98915	9.97976e-05	2.53191e-05	0.000155975	2.01125e-05	0.000561983	0.139383	1.11906	1.11906	
0.00254885	0.993102	0.993102	0.993102	0.993102	0.00182455	5.61085e-12	0.993102	0.0294981	0.993102	0.993102	0.993102	3.98088e-05	0.101307	0.993102	0.993102	0.0416793	0.993101	0.993102	1.74807e-05	0.0402392	0.989338	8.99343e-05	2.4033e-05	0.000144794	1.82318e-05	0.000577957	0.145834	1.12397	1.12397	
0.00254828	0.993102	0.993102	0.993102	0.993102	0.0018584	5.61207e-12	0.993102	0.030882	0.993102	0.993102	0.993102	3.77531e-05	0.108236	0.993102	0.993102	0.0425258	0.993101	0.993102	1.55281e-05	0.0410597	0.989133	8.06974e-05	2.2088e-05	0.000133419	1.61811e-05	0.000579587	0.157853	1.12941	1.12941	
0.00254829	0.993102	0.993102	0.993102	0.993102	0.00182363	5.61202e-12	0.993102	0.0329036	0.993102	0.993102	0.993102	3.41868e-05	0.122718	0.993102	0.993102	0.0460738	0.993101	0.993102	1.33455e-05	0.0444854	0.98806	7.17486e-05	1.94999e-05	0.000121708	1.38995e-05	0.00057315	0.155097	1.13007	1.13007	
0.00254785	0.993102	0.993102	0.993102	0.993102	0.00182754	5.61297e-12	0.993102	0.0345281	0.993102	0.993102	0.993102	3.22939e-05	0.134456	0.993102	0.993102	0.0479967	0.993101	0.993102	1.17862e-05	0.0463492	0.987449	6.40394e-05	1.7823e-05	0.000111803	1.22676e-05	0.00057809	0.149368	1.13186	1.13186	
0.00254757	0.993102	0.993102	0.993102	0.993102	0.0019055	5.61357e-12	0.993102	0.0360912	0.993102	0.993102	0.993102	3.19157e-05	0.141514	0.993102	0.993101	0.0480436	0.993101	0.993102	1.07671e-05	0.0463959	0.98732	5.72781e-05	1.69481e-05	0.000103023	1.11999e-05	0.000586207	0.153025	1.13335	1.13335	
0.00254836	0.993102	0.993102	0.993102	0.993102	0.00194273	5.61182e-12	0.993102	0.0375905	0.993102	0.993102	0.993102	3.13248e-05	0.151651	0.993102	0.993101	0.0489704	0.9931	0.993102	9.81383e-06	0.047275	0.986924	5.13792e-05	1.60328e-05	9.53049e-05	1.02059e-05	0.000597371	0.151105	1.13439	1.13439	
0.00254943	0.993102	0.993102	0.993102	0.993102	0.00200286	5.60946e-12	0.993102	0.0389407	0.993102	0.993102	0.993102	3.1483e-05	0.160048	0.993102	0.993101	0.0492069	0.9931	0.993102	9.13171e-06	0.0474827	0.986726	4.62982e-05	1.5506e-05	8.86275e-05	9.49593e-06	0.000612061	0.158992	1.13935	1.13935	
0.002551	0.993102	0.993102	0.993102	0.993102	0.00201793	5.60599e-12	0.993102	0.0410523	0.993102	0.993102	0.993102	3.01241e-05	0.174892	0.993102	0.993101	0.0514219	0.9931	0.993102	8.21609e-06	0.0495906	0.985684	4.13728e-05	1.43843e-05	8.15783e-05	8.54515e-06	0.000615764	0.160018	1.13903	1.13903	
0.00255237	0.993102	0.993102	0.993102	0.993102	0.00201574	5.60298e-12	0.993102	0.0425665	0.993102	0.993102	0.993102	2.95859e-05	0.190644	0.993102	0.993101	0.0533684	0.9931	0.993102	7.51158e-06	0.0514429	0.984811	3.71802e-05	1.36226e-05	7.57668e-05	7.81397e-06	0.000633537	0.147129	1.13908	1.13908	
0.00255337	0.993102	0.993102	0.993102	0.993102	0.00216298	5.60078e-12	0.993102	0.0437088	0.993102	0.993102	0.993102	3.18152e-05	0.193925	0.993102	0.993101	0.0515983	0.9931	0.993102	7.38386e-06	0.0497173	0.985253	3.36722e-05	1.4004e-05	7.0966e-05	7.68266e-06	0.000657449	0.16238	1.1425	1.1425	
0.002556	0.993102	0.993102	0.993102	0.993102	0.00213862	5.595e-12	0.993102	0.0454334	0.993102	0.993102	0.993102	3.0778e-05	0.212144	0.993102	0.993101	0.0542183	0.9931	0.993102	6.73863e-06	0.0521896	0.983998	3.04002e-05	1.31464e-05	6.61272e-05	7.01586e-06	0.000671199	0.130337	1.13731	1.13731	
0.00255766	0.993102	0.993102	0.993102	0.993102	0.00248799	5.59136e-12	0.993102	0.0455158	0.993102	0.993102	0.993102	3.87594e-05	0.201583	0.993102	0.993101	0.0490394	0.9931	0.993102	7.59776e-06	0.0471783	0.985474	2.81391e-05	1.56573e-05	6.34416e-05	7.91688e-06	0.000715274	0.147839	1.14443	1.14443	
0.00256342	0.993102	0.993102	0.993102	0.993102	0.00259354	5.57885e-12	0.993102	0.0474226	0.993102	0.993102	0.993102	3.86473e-05	0.207708	0.993102	0.993101	0.048625	0.9931	0.993102	7.24693e-06	0.0466796	0.985494	2.56839e-05	1.52293e-05	5.95597e-05	7.5654e-06	0.000720614	0.135426	1.14255	1.14255	
0.00256909	0.993102	0.993102	0.993102	0.993102	0.00284734	5.56655e-12	0.993102	0.0484334	0.993102	0.993102	0.993102	4.27722e-05	0.205089	0.993102	0.993101	0.0458098	0.9931	0.993102	7.50124e-06	0.0438947	0.98629	2.36618e-05	1.62331e-05	5.66486e-05	7.8502e-06	0.000746953	0.135762	1.14743	1.14743	
0.00257664	0.993102	0.993102	0.993102	0.993102	0.00313331	5.5503e-12	0.993102	0.0505793	0.993102	0.993102	0.993102	4.50005e-05	0.205034	0.993102	0.993101	0.0438108	0.9931	0.993102	7.48549e-06	0.0418692	0.986748	2.1556e-05	1.65487e-05	5.31268e-05	7.85634e-06	0.000755113	0.177678	1.15424	1.15424	
