0.25	0.25	0.25	0.25	0.25	0.998264	0.748264	0.998264	0.998263	0.25	0.25	0.000618156	0.25	0.25	0.25	0.000618156	0.25	0.000618156	1.27727e-12	0.000618156	0.000618156	1.27727e-12	2.63265e-21	1.27727e-12	1.27727e-12	0.25	0.25	0	0	0	
0.25	0.25	0.25	0.25	0.25	0.998264	0.748264	0.998264	0.998263	0.25	0.25	0.000618156	0.25	0.25	0.25	0.000618156	0.25	0.000618156	1.27727e-12	0.000618156	0.000618156	1.27727e-12	2.63265e-21	1.27727e-12	1.27727e-12	0.25	0.25	0	0	0	
0.437066	0.437066	0.437066	0.437066	0.437066	0.996964	0.559898	0.996964	0.996964	0.187066	0.437066	0.000462544	0.437066	0.437066	0.432569	0.245966	0.437066	0.0676981	9.55736e-13	0.250462	0.000462544	2.9129e-08	8.9104e-15	1.97218e-10	1.9722e-10	0.437066	0.437066	0.00471988	0.00471989	0.00471988	
0.57704	0.57704	0.57704	0.57704	0.57704	0.995992	0.418952	0.995992	0.995992	0.139974	0.57704	0.000346114	0.57704	0.57704	0.573673	0.434045	0.57704	0.285511	7.15143e-13	0.437412	0.000346114	4.00353e-05	6.86473e-15	7.17773e-09	7.87375e-09	0.57704	0.57704	0.0126138	0.0126138	0.0126138	
0.681778	0.681778	0.681778	0.681778	0.681778	0.995264	0.313486	0.995265	0.995264	0.104738	0.681778	0.000259168	0.681778	0.681778	0.679259	0.57478	0.681778	0.462661	5.35115e-13	0.577299	0.000259168	0.00671137	5.14709e-15	9.12888e-08	1.16464e-07	0.681778	0.681778	0.0231075	0.0231075	0.0231075	
0.760149	0.76015	0.76015	0.76015	0.76015	0.99472	0.23457	0.99472	0.99472	0.0783715	0.76015	0.000195788	0.76015	0.76015	0.758265	0.680087	0.760149	0.596071	4.00407e-13	0.681971	0.000195788	0.128735	3.85244e-15	5.33735e-07	8.26004e-07	0.76015	0.76015	0.035192	0.035192	0.035192	
0.818792	0.818792	0.818792	0.818792	0.818792	0.994312	0.17552	0.994313	0.994312	0.0586425	0.818792	0.000157992	0.818792	0.818792	0.817382	0.758884	0.818792	0.695993	2.9961e-13	0.760293	0.000157992	0.325536	2.88281e-15	1.79054e-06	3.43028e-06	0.818792	0.818792	0.0482665	0.0482665	0.0482665	
0.862672	0.862673	0.862673	0.862673	0.862673	0.994007	0.131336	0.994008	0.994008	0.0438801	0.862673	0.000166836	0.862673	0.862673	0.861617	0.817845	0.862672	0.770779	2.24187e-13	0.818898	0.000166835	0.488953	2.15715e-15	4.02606e-06	9.6198e-06	0.862673	0.862673	0.0622266	0.0622267	0.0622267	
0.895506	0.895506	0.895506	0.895506	0.895506	0.993779	0.0982736	0.99378	0.99378	0.0328339	0.895506	0.000280305	0.895506	0.895506	0.894717	0.861964	0.895506	0.826742	1.67751e-13	0.862749	0.000280301	0.614005	1.61413e-15	6.73152e-06	2.01072e-05	0.895506	0.895506	0.0765937	0.0765937	0.0765937	
0.920074	0.920075	0.920075	0.920075	0.920075	0.993609	0.0735345	0.993609	0.993609	0.0245684	0.920075	0.000610772	0.920075	0.920075	0.919484	0.894976	0.920074	0.86862	1.25522e-13	0.895558	0.000610759	0.708255	1.2078e-15	9.09217e-06	3.38069e-05	0.920075	0.920075	0.0914768	0.0914769	0.0914769	
0.938458	0.938459	0.938458	0.938459	0.938459	0.993481	0.0550232	0.993482	0.993481	0.0183836	0.938459	0.0013411	0.938459	0.938458	0.938016	0.919678	0.938458	0.899955	9.39236e-14	0.920105	0.00134106	0.778884	9.03754e-16	1.04707e-05	4.81454e-05	0.938459	0.938459	0.10619	0.10619	0.10619	
0.952213	0.952214	0.952214	0.952214	0.952214	0.993385	0.0411719	0.993386	0.993386	0.0137558	0.952214	0.00271598	0.952214	0.952214	0.951883	0.938162	0.952214	0.923403	7.02796e-14	0.938464	0.00271591	0.831565	6.76247e-16	1.07829e-05	6.06775e-05	0.952214	0.952214	0.120964	0.120964	0.120964	
0.962506	0.962507	0.962507	0.962507	0.962507	0.993314	0.0308074	0.993315	0.993314	0.010293	0.962507	0.00505203	0.962507	0.962507	0.96226	0.951992	0.962507	0.940948	5.25877e-14	0.952189	0.00505189	0.870494	5.06012e-16	1.02223e-05	6.96041e-05	0.962507	0.962507	0.135657	0.135657	0.135657	
0.970208	0.970209	0.970209	0.970209	0.970209	0.99326	0.0230521	0.993261	0.993261	0.00770185	0.970209	0.00872584	0.970209	0.970209	0.970024	0.962341	0.970209	0.954077	3.93495e-14	0.962434	0.00872558	0.898598	3.78631e-16	9.12128e-06	7.42768e-05	0.970209	0.970209	0.150211	0.150211	0.150211	
0.975971	0.975972	0.975972	0.975972	0.975972	0.99322	0.017249	0.993221	0.993221	0.00576301	0.975972	0.014171	0.975972	0.975972	0.975834	0.970085	0.975972	0.963901	2.94438e-14	0.970058	0.0141706	0.917574	2.83316e-16	7.78567e-06	7.49515e-05	0.975972	0.975972	0.164587	0.164587	0.164587	
0.980283	0.980284	0.980284	0.980284	0.980284	0.99319	0.0129068	0.993191	0.993191	0.00431225	0.980284	0.0218735	0.980284	0.980284	0.980181	0.975879	0.980284	0.971251	2.20317e-14	0.975687	0.0218728	0.927688	2.11995e-16	6.43274e-06	7.2404e-05	0.980284	0.980284	0.17893	0.17893	0.17893	
0.98351	0.983511	0.983511	0.983511	0.983511	0.993168	0.0096577	0.993169	0.993169	0.0032267	0.983511	0.0324155	0.983511	0.983511	0.983433	0.980215	0.983511	0.976752	1.64855e-14	0.979766	0.0324144	0.927059	1.58628e-16	5.18642e-06	6.75396e-05	0.983511	0.983511	0.192701	0.192701	0.192701	
0.985925	0.985926	0.985926	0.985926	0.985926	0.993151	0.0072265	0.993152	0.993152	0.00241442	0.985926	0.0462394	0.985926	0.985926	0.985867	0.983459	0.985925	0.980867	1.23355e-14	0.982593	0.0462379	0.91158	1.18696e-16	4.11029e-06	6.13638e-05	0.985926	0.985926	0.206408	0.206409	0.206409	
0.987731	0.987732	0.987732	0.987732	0.987732	0.993139	0.00540733	0.993139	0.993139	0.00180662	0.987732	0.063974	0.987732	0.987732	0.987689	0.985887	0.987732	0.983947	9.23021e-15	0.984324	0.063972	0.873765	8.88158e-17	3.21481e-06	5.4557e-05	0.987732	0.987732	0.219871	0.219871	0.219871	
0.989083	0.989084	0.989084	0.989084	0.989084	0.993129	0.00404611	0.99313	0.99313	0.00135183	0.989084	0.0861378	0.989084	0.989084	0.989051	0.987703	0.989084	0.986251	6.90663e-15	0.98497	0.0861351	0.806719	6.64577e-17	2.48979e-06	4.76687e-05	0.989084	0.989084	0.233085	0.233086	0.233086	
0.990095	0.990096	0.990096	0.990096	0.990096	0.993122	0.00302755	0.993123	0.993123	0.00101153	0.990096	0.113151	0.990096	0.990096	0.990071	0.989062	0.990095	0.987976	5.16798e-15	0.984375	0.113148	0.710985	4.97279e-17	1.91406e-06	4.10695e-05	0.990096	0.990096	0.24605	0.246052	0.246052	
0.990851	0.990852	0.990852	0.990852	0.990852	0.993117	0.00226541	0.993118	0.993118	0.000756888	0.990852	0.14527	0.990852	0.990852	0.990834	0.990079	0.990852	0.989266	3.86701e-15	0.982164	0.145265	0.598179	3.72096e-17	1.46324e-06	3.49838e-05	0.990852	0.990852	0.258767	0.25877	0.25877	
0.991418	0.991419	0.991419	0.991419	0.991419	0.993113	0.00169512	0.993114	0.993114	0.000566352	0.991419	0.182518	0.991419	0.991419	0.991405	0.99084	0.991419	0.990231	2.89354e-15	0.977672	0.182512	0.484471	2.78426e-17	1.11382e-06	2.95255e-05	0.991419	0.991419	0.271238	0.271242	0.271242	
0.991842	0.991843	0.991843	0.991843	0.991843	0.99311	0.0012684	0.993111	0.993111	0.00042378	0.991843	0.224637	0.991843	0.991843	0.991832	0.99141	0.991843	0.990954	2.16513e-15	0.969842	0.224631	0.381833	2.08336e-17	8.45061e-07	2.47321e-05	0.991843	0.991843	0.283466	0.283471	0.283471	
0.992159	0.99216	0.99216	0.99216	0.99216	0.993108	0.000949097	0.993109	0.993109	0.000317099	0.99216	0.271069	0.99216	0.99216	0.992152	0.991836	0.99216	0.991494	1.62009e-15	0.957141	0.271062	0.295535	1.55891e-17	6.3952e-07	2.05904e-05	0.99216	0.99216	0.295454	0.295461	0.295461	
0.992396	0.992397	0.992397	0.992397	0.992397	0.993106	0.000710174	0.993107	0.993107	0.000237274	0.992397	0.320971	0.992397	0.992397	0.992391	0.992155	0.992397	0.991899	1.21225e-15	0.937525	0.320964	0.226083	1.16647e-17	4.8301e-07	1.70574e-05	0.992397	0.992397	0.307207	0.307217	0.307217	
0.992574	0.992574	0.992574	0.992574	0.992574	0.993105	0.000531398	0.993106	0.993106	0.000177543	0.992574	0.373283	0.992574	0.992574	0.99257	0.992393	0.992574	0.992202	9.07086e-16	0.908592	0.373275	0.17166	8.72831e-18	3.64232e-07	1.40743e-05	0.992574	0.992574	0.318729	0.318743	0.318742	
0.992706	0.992707	0.992707	0.992707	0.992707	0.993104	0.000397625	0.993105	0.993105	0.000132849	0.992707	0.426816	0.992707	0.992707	0.992704	0.992572	0.992707	0.992428	6.78739e-16	0.868024	0.426808	0.12971	6.53108e-18	2.74322e-07	1.1576e-05	0.992707	0.992707	0.330025	0.330043	0.330043	
0.992806	0.992807	0.992807	0.992807	0.992807	0.993103	0.000297529	0.993104	0.993104	9.94063e-05	0.992807	0.480361	0.992807	0.992807	0.992804	0.992705	0.992807	0.992598	5.07876e-16	0.814367	0.480352	0.0977034	4.88697e-18	2.06401e-07	9.49749e-06	0.992807	0.992807	0.3411	0.341122	0.341122	
0.99288	0.992881	0.992881	0.992881	0.992881	0.993103	0.00022263	0.993104	0.993104	7.43821e-05	0.992881	0.532787	0.992881	0.992881	0.992879	0.992805	0.992881	0.992724	3.80025e-16	0.747911	0.532779	0.0734421	3.65675e-18	1.55174e-07	7.7775e-06	0.992881	0.992881	0.362773	0.362804	0.362804	
0.992936	0.992937	0.992937	0.992937	0.992937	0.993102	0.000166586	0.993103	0.993103	5.56574e-05	0.992937	0.593035	0.992937	0.992937	0.992935	0.99288	0.992937	0.992819	2.84359e-16	0.645412	0.593027	0.0550454	2.73621e-18	1.16418e-07	6.25509e-06	0.992937	0.992937	0.373337	0.37338	0.37338	
0.992977	0.992978	0.992978	0.992978	0.992978	0.993102	0.00012465	0.993103	0.993103	4.16464e-05	0.992978	0.646761	0.992978	0.992978	0.992977	0.992936	0.992978	0.99289	2.12775e-16	0.546682	0.646754	0.0412371	2.04741e-18	8.73134e-08	5.03331e-06	0.992978	0.992978	0.381754	0.381801	0.381801	
0.993009	0.99301	0.99301	0.99301	0.99301	0.993102	9.32711e-05	0.993103	0.993103	3.11625e-05	0.99301	0.69308	0.99301	0.99301	0.993009	0.992978	0.99301	0.992943	1.59212e-16	0.458158	0.693074	0.0308856	1.532e-18	6.54776e-08	4.06465e-06	0.99301	0.99301	0.391779	0.391836	0.391836	
0.993032	0.993033	0.993033	0.993033	0.993033	0.993102	6.97914e-05	0.993103	0.993103	2.33179e-05	0.993033	0.734159	0.993033	0.993033	0.993032	0.993009	0.993033	0.992983	1.19133e-16	0.377975	0.734153	0.0231266	1.14634e-18	4.90911e-08	3.28572e-06	0.993033	0.993033	0.401589	0.401658	0.401658	
0.993049	0.99305	0.99305	0.99305	0.99305	0.993102	5.22223e-05	0.993103	0.993103	1.7448e-05	0.99305	0.770333	0.99305	0.99305	0.99305	0.993032	0.99305	0.993013	8.91426e-17	0.307698	0.770328	0.0173138	8.57769e-19	3.67984e-08	2.65941e-06	0.99305	0.99305	0.411197	0.411279	0.411279	
0.993062	0.993063	0.993063	0.993063	0.993063	0.993102	3.90761e-05	0.993102	0.993102	1.30559e-05	0.993063	0.801985	0.993063	0.993063	0.993063	0.99305	0.993063	0.993035	6.67022e-17	0.247726	0.80198	0.0129603	6.41838e-19	2.75793e-08	2.15567e-06	0.993063	0.993063	0.420609	0.420706	0.420706	
0.993072	0.993073	0.993073	0.993073	0.993073	0.993101	2.92392e-05	0.993102	0.993102	9.76956e-06	0.993073	0.82952	0.993073	0.993073	0.993073	0.993063	0.993073	0.993052	4.99108e-17	0.197632	0.829515	0.00970058	4.80265e-19	2.06671e-08	1.75029e-06	0.993073	0.993073	0.429829	0.429942	0.429942	
0.99308	0.99308	0.99308	0.99308	0.99308	0.993101	2.18786e-05	0.993102	0.993102	7.31076e-06	0.99308	0.853351	0.99308	0.99308	0.99308	0.993073	0.99308	0.993064	3.73464e-17	0.156491	0.853347	0.00726024	3.59365e-19	1.54855e-08	1.42383e-06	0.99308	0.99308	0.438867	0.438999	0.438999	
0.993085	0.993086	0.993086	0.993086	0.993086	0.993101	1.6371e-05	0.993102	0.993102	5.47133e-06	0.993086	0.873886	0.993086	0.993086	0.993086	0.99308	0.993086	0.993074	2.7945e-17	0.123156	0.873882	0.00543353	2.68901e-19	1.16019e-08	1.16066e-06	0.993086	0.993086	0.44773	0.447881	0.447881	
0.993089	0.99309	0.99309	0.99309	0.99309	0.993101	1.22498e-05	0.993102	0.993102	4.09562e-06	0.99309	0.891513	0.99309	0.99309	0.99309	0.993086	0.99309	0.99308	2.09102e-17	0.0964337	0.89151	0.00406627	2.01209e-19	8.69161e-09	9.48238e-07	0.99309	0.99309	0.45642	0.456594	0.456594	
0.993092	0.993093	0.993093	0.993093	0.993093	0.993101	9.16609e-06	0.993102	0.993102	3.06735e-06	0.993093	0.906597	0.993093	0.993093	0.993093	0.99309	0.993093	0.993086	1.56463e-17	0.0751953	0.906595	0.00304298	1.50558e-19	6.51089e-09	7.76543e-07	0.993093	0.993093	0.501903	0.502232	0.502232	
0.993094	0.993095	0.993095	0.993095	0.993095	0.993101	6.85865e-06	0.993102	0.993102	2.33758e-06	0.993095	0.924042	0.993095	0.993095	0.993095	0.993093	0.993095	0.99309	1.17076e-17	0.0567619	0.924039	0.00227697	1.12657e-19	4.87304e-09	6.07959e-07	0.993095	0.993095	0.544246	0.544818	0.544818	
0.993096	0.993097	0.993097	0.993097	0.993097	0.993101	5.13208e-06	0.993102	0.993102	2.29485e-06	0.993097	0.939551	0.993097	0.993097	0.993097	0.993095	0.993097	0.993093	8.76036e-18	0.0425637	0.939549	0.00170378	8.42972e-20	3.64653e-09	4.66392e-07	0.993095	0.993097	0.569778	0.570627	0.570627	
0.993097	0.993098	0.993098	0.993098	0.993098	0.993101	3.84015e-06	0.993102	0.993102	4.28445e-06	0.993098	0.951902	0.993098	0.993098	0.993098	0.993097	0.993098	0.993095	6.55506e-18	0.0318814	0.951901	0.00127487	6.30766e-20	2.72864e-09	3.55835e-07	0.993092	0.993098	0.602704	0.603887	0.603887	
0.993098	0.993099	0.993099	0.993099	0.993099	0.993101	2.87344e-06	0.993102	0.993102	2.20911e-05	0.993099	0.961688	0.993099	0.993099	0.993099	0.993098	0.993099	0.993096	4.90492e-18	0.0238644	0.961687	0.000953942	4.71979e-20	2.04176e-09	2.69781e-07	0.993078	0.993099	0.634583	0.636083	0.636083	
0.993099	0.9931	0.9931	0.9931	0.9931	0.993101	2.15009e-06	0.993102	0.993102	0.000146813	0.9931	0.969286	0.9931	0.9931	0.9931	0.993099	0.9931	0.993098	3.67017e-18	0.0178593	0.969286	0.0007138	3.53165e-20	1.52778e-09	2.03717e-07	0.993022	0.9931	0.667138	0.66924	0.66924	
0.9931	0.993101	0.993101	0.993101	0.993101	0.993101	1.60884e-06	0.993102	0.993102	0.00105924	0.993101	0.97512	0.993101	0.993101	0.993101	0.9931	0.993101	0.993099	2.74626e-18	0.0133641	0.975119	0.000534111	2.6426e-20	1.14319e-09	1.53387e-07	0.992814	0.993101	0.686723	0.689208	0.689208	
0.9931	0.993101	0.993101	0.993101	0.993101	0.993101	1.20383e-06	0.993102	0.993102	0.00391114	0.993101	0.979537	0.993101	0.993101	0.993101	0.993101	0.993101	0.993099	2.05494e-18	0.0100001	0.979537	0.000399655	1.97736e-20	8.55406e-10	1.15414e-07	0.992383	0.993101	0.718787	0.721962	0.721962	
0.9931	0.993101	0.993101	0.993101	0.993101	0.993101	9.00784e-07	0.993102	0.993102	0.0236004	0.993101	0.982895	0.993101	0.993101	0.993101	0.993101	0.993101	0.9931	1.53765e-18	0.00748283	0.982894	0.000299048	1.47959e-20	6.40069e-10	8.66919e-08	0.990733	0.993101	0.727034	0.730568	0.730568	
0.993101	0.993102	0.993102	0.993102	0.993102	0.993101	6.74024e-07	0.993102	0.993102	0.050471	0.993102	0.985415	0.993102	0.993102	0.993102	0.993101	0.993102	0.9931	1.15059e-18	0.00559918	0.985415	0.000223766	1.10712e-20	4.7894e-10	6.5148e-08	0.988771	0.993102	0.744076	0.748248	0.748248	
0.993101	0.993102	0.993102	0.993102	0.993102	0.993101	5.04348e-07	0.993102	0.993102	0.113721	0.993102	0.987316	0.993102	0.993102	0.993102	0.993102	0.993102	0.9931	8.60971e-19	0.00418969	0.987316	0.000167436	8.2842e-21	3.58374e-10	4.89442e-08	0.984791	0.993102	0.756053	0.760702	0.760702	
0.993101	0.993102	0.993102	0.993102	0.993102	0.993101	3.77385e-07	0.993102	0.993102	0.204976	0.993102	0.988745	0.993102	0.993102	0.993102	0.993102	0.993102	0.993101	6.44269e-19	0.00313501	0.988745	0.000125286	6.19877e-21	2.68158e-10	3.67762e-08	0.978723	0.993102	0.783297	0.788784	0.788784	
0.993101	0.993102	0.993102	0.993102	0.993102	0.993101	2.82383e-07	0.993102	0.993102	0.361486	0.993102	0.989826	0.993102	0.993102	0.993102	0.993102	0.993102	0.993101	4.82148e-19	0.00234582	0.989826	9.37473e-05	4.63831e-21	2.00653e-10	2.76056e-08	0.959196	0.993102	0.798803	0.805224	0.805224	
0.993101	0.993102	0.993102	0.993102	0.993102	0.993101	2.11297e-07	0.993102	0.993102	0.503031	0.993102	0.990639	0.993102	0.993102	0.993102	0.993102	0.993102	0.993101	3.60866e-19	0.0017553	0.990639	7.01477e-05	3.47068e-21	1.50141e-10	2.0719e-08	0.927235	0.993102	0.809014	0.815933	0.815933	
0.993101	0.993102	0.993102	0.993102	0.993102	0.993101	1.58106e-07	0.993102	0.993102	0.616904	0.993102	0.99125	0.993102	0.993102	0.993102	0.993102	0.993102	0.993101	2.70138e-19	0.00131343	0.99125	5.2489e-05	2.59698e-21	1.12345e-10	1.5554e-08	0.887057	0.993102	0.816021	0.824977	0.824977	
0.993101	0.993102	0.993102	0.993102	0.993102	0.993101	1.18305e-07	0.993102	0.993102	0.705999	0.993102	0.991708	0.993102	0.993102	0.993102	0.993102	0.993102	0.993101	2.02278e-19	0.00098279	0.991708	3.92756e-05	1.94323e-21	8.40639e-11	1.16808e-08	0.841701	0.993102	0.823249	0.831851	0.831851	
0.993101	0.993102	0.993102	0.993102	0.993102	0.993101	8.85233e-08	0.993102	0.993102	0.774532	0.993102	0.992052	0.993102	0.993102	0.993102	0.993102	0.993102	0.993101	1.51521e-19	0.000735387	0.992052	2.93885e-05	1.45405e-21	6.29019e-11	8.77721e-09	0.792486	0.993102	0.821083	0.829628	0.829628	
0.993101	0.993102	0.993102	0.993102	0.993102	0.993101	6.62388e-08	0.993102	0.993102	0.825288	0.993102	0.992309	0.993102	0.993102	0.993102	0.993102	0.993102	0.993101	1.13534e-19	0.000550265	0.992309	2.19903e-05	1.08801e-21	4.70672e-11	6.60623e-09	0.76058	0.993102	0.830103	0.839369	0.839369	
0.993101	0.993102	0.993102	0.993102	0.993102	0.993101	4.95641e-08	0.993102	0.993102	0.865137	0.993102	0.992502	0.993102	0.993102	0.993102	0.993102	0.993102	0.993101	8.51466e-20	0.000411744	0.992502	1.64546e-05	8.14119e-22	3.52187e-11	4.97493e-09	0.714835	0.993102	0.846675	0.856738	0.856738	
0.993101	0.993102	0.993102	0.993102	0.993102	0.993101	3.7087e-08	0.993102	0.993102	0.8965	0.993102	0.992649	0.993102	0.993102	0.993102	0.993102	0.993102	0.993101	6.39895e-20	0.000308093	0.992649	1.23123e-05	6.09176e-22	2.63529e-11	3.74498e-09	0.638584	0.993102	0.839733	0.850055	0.850055	
0.993101	0.993102	0.993102	0.993102	0.993102	0.993101	2.77508e-08	0.993102	0.993102	0.919551	0.993102	0.992758	0.993102	0.993102	0.993102	0.993102	0.993102	0.993101	4.8125e-20	0.000230536	0.992758	9.21288e-06	4.55824e-22	1.97189e-11	2.82786e-09	0.59835	0.993102	0.853321	0.864936	0.864936	
0.993101	0.993102	0.993102	0.993102	0.993102	0.993101	2.07649e-08	0.993102	0.993102	0.937546	0.993102	0.992841	0.993102	0.993102	0.993102	0.993102	0.993102	0.993101	3.63474e-20	0.000172502	0.992841	6.89366e-06	3.41077e-22	1.47549e-11	2.13501e-09	0.533975	0.993102	0.855634	0.867757	0.867757	
0.993101	0.993102	0.993102	0.993102	0.993102	0.993101	1.55376e-08	0.993102	0.993102	0.951092	0.993102	0.992903	0.993102	0.993102	0.993102	0.993102	0.993102	0.993101	2.75579e-20	0.000129077	0.992903	5.15828e-06	2.55215e-22	1.10406e-11	1.61554e-09	0.4801	0.993102	0.875878	0.889196	0.889196	
0.993101	0.993102	0.993102	0.993102	0.993102	0.993101	1.16263e-08	0.993102	0.993102	0.961546	0.993102	0.99295	0.993102	0.993102	0.993102	0.993102	0.993102	0.993101	2.11873e-20	9.65837e-05	0.99295	3.85975e-06	1.90969e-22	8.26126e-12	1.22056e-09	0.402032	0.993102	0.885254	0.898931	0.898931	
0.993101	0.993102	0.993102	0.993102	0.993102	0.993101	8.6995e-09	0.993102	0.993102	0.969422	0.993102	0.992987	0.993102	0.993102	0.993102	0.993102	0.993102	0.993101	1.65472e-20	7.22702e-05	0.992987	2.88811e-06	1.42895e-22	6.1816e-12	9.22945e-10	0.331703	0.993102	0.868819	0.882697	0.882697	
0.993101	0.993102	0.993102	0.993102	0.993102	0.993101	6.50952e-09	0.993102	0.993102	0.975203	0.993102	0.993013	0.993102	0.993102	0.993102	0.993102	0.993102	0.993101	1.2885e-20	5.40773e-05	0.993013	2.16107e-06	1.06923e-22	4.62547e-12	7.03946e-10	0.30148	0.993102	0.864696	0.878794	0.878794	
0.993101	0.993102	0.993102	0.993102	0.993102	0.993101	4.87084e-09	0.993102	0.993102	0.979482	0.993102	0.993032	0.993102	0.993102	0.993102	0.993102	0.993102	0.993101	1.01089e-20	4.04643e-05	0.993032	1.61705e-06	8.00067e-23	3.46107e-12	5.41161e-10	0.285904	0.993102	0.8804	0.894922	0.894922	
0.993101	0.993102	0.993102	0.993102	0.993102	0.993101	3.64467e-09	0.993102	0.993102	0.982825	0.993102	0.993048	0.993102	0.993102	0.993102	0.993102	0.993102	0.993101	8.21513e-21	3.0278e-05	0.993048	1.20998e-06	5.98662e-23	2.58979e-12	4.15377e-10	0.249934	0.993102	0.889544	0.904798	0.904798	
0.993101	0.993102	0.993102	0.993102	0.993102	0.993101	2.72717e-09	0.993102	0.993102	0.985364	0.993102	0.993059	0.993102	0.993102	0.993102	0.993102	0.993102	0.993101	6.95195e-21	2.2656e-05	0.993059	9.05383e-07	4.47957e-23	1.93785e-12	3.19386e-10	0.212803	0.993102	0.869552	0.883837	0.883837	
0.993101	0.993102	0.993102	0.993102	0.993102	0.993101	2.04064e-09	0.993102	0.993102	0.987144	0.993102	0.993067	0.993102	0.993102	0.993102	0.993102	0.993102	0.993101	5.72099e-21	1.69528e-05	0.993067	6.77465e-07	3.35191e-23	1.45002e-12	2.52024e-10	0.210957	0.993102	0.868007	0.882517	0.882517	
0.993101	0.993102	0.993102	0.993102	0.993102	0.993101	1.52694e-09	0.993102	0.993102	0.988463	0.993102	0.993073	0.993102	0.993102	0.993102	0.993102	0.993102	0.993101	4.78865e-21	1.26853e-05	0.993073	5.06922e-07	2.50812e-23	1.085e-12	2.01969e-10	0.211967	0.993102	0.904588	0.921716	0.921716	
0.993101	0.993102	0.993102	0.993102	0.993102	0.993101	1.14255e-09	0.993102	0.993102	0.989613	0.993102	0.993079	0.993102	0.993102	0.993102	0.993102	0.993102	0.993101	4.75524e-21	9.49202e-06	0.993079	3.79312e-07	1.87674e-23	8.11865e-13	1.57239e-10	0.172911	0.993102	0.886284	0.902607	0.902607	
0.993101	0.993102	0.993102	0.993102	0.993102	0.993101	8.54931e-10	0.993102	0.993102	0.990437	0.993102	0.993083	0.993102	0.993102	0.993102	0.993102	0.993102	0.993101	4.34518e-21	7.10261e-06	0.993083	2.83825e-07	1.4043e-23	6.07489e-13	1.26615e-10	0.157802	0.993102	0.87633	0.892601	0.892601	
0.993101	0.993102	0.993102	0.993102	0.993102	0.993101	6.39714e-10	0.993102	0.993102	0.991009	0.993102	0.993085	0.993102	0.993102	0.993102	0.993102	0.993102	0.993101	3.89495e-21	5.31474e-06	0.993085	2.12376e-07	1.05079e-23	4.54562e-13	1.05684e-10	0.158201	0.993102	0.882658	0.899413	0.899413	
0.993101	0.993102	0.993102	0.993102	0.993102	0.993101	4.78675e-10	0.993102	0.993102	0.99147	0.993102	0.993087	0.993102	0.993102	0.993102	0.993102	0.993102	0.993101	3.65917e-21	3.97691e-06	0.993087	1.58913e-07	7.86275e-24	3.40132e-13	8.8629e-11	0.150416	0.993102	0.904461	0.922167	0.922167	
0.993101	0.993102	0.993102	0.993102	0.993102	0.993101	3.58175e-10	0.993102	0.993102	0.991864	0.993102	0.99309	0.993102	0.993102	0.993102	0.993102	0.993102	0.993101	3.93446e-21	2.97581e-06	0.99309	1.18909e-07	5.88344e-24	2.54509e-13	7.23759e-11	0.126768	0.993102	0.892017	0.909646	0.909646	
0.993101	0.993102	0.993102	0.993102	0.993102	0.993102	2.68009e-10	0.993102	0.993102	0.99214	0.993102	0.993091	0.993102	0.993102	0.993102	0.993102	0.993102	0.993101	3.87398e-21	2.22675e-06	0.993091	8.89752e-08	4.40241e-24	1.9044e-13	6.19382e-11	0.117447	0.993102	0.899432	0.917437	0.917437	
0.993101	0.993102	0.993102	0.993102	0.993102	0.993102	2.00541e-10	0.993102	0.993102	0.99236	0.993102	0.993092	0.993102	0.993102	0.993102	0.993102	0.993102	0.993101	3.99371e-21	1.66624e-06	0.993092	6.65769e-08	3.2942e-24	1.42499e-13	5.30052e-11	0.104953	0.993102	0.86602	0.882369	0.882369	
0.993101	0.993102	0.993102	0.993102	0.993102	0.993102	1.50058e-10	0.993102	0.993102	0.992364	0.993102	0.993092	0.993102	0.993102	0.993102	0.993102	0.993102	0.993101	3.51367e-21	1.24696e-06	0.993092	4.98171e-08	2.465e-24	1.06627e-13	5.30899e-11	0.13448	0.993102	0.891077	0.908526	0.908526	
0.993101	0.993102	0.993102	0.993102	0.993102	0.993102	1.12283e-10	0.993102	0.993102	0.992511	0.993102	0.993093	0.993102	0.993102	0.993102	0.993102	0.993102	0.993101	3.53526e-21	9.33114e-07	0.993093	3.72763e-08	1.84452e-24	7.97856e-14	4.76834e-11	0.124079	0.993102	0.882574	0.899753	0.899753	
0.993101	0.993102	0.993102	0.993102	0.993102	0.993102	8.40172e-11	0.993102	0.993102	0.992596	0.993102	0.993093	0.993102	0.993102	0.993102	0.993102	0.993102	0.993101	3.4015e-21	6.98302e-07	0.993093	2.78925e-08	1.38024e-24	5.97008e-14	4.51643e-11	0.12474	0.993102	0.872804	0.890107	0.890107	
0.993101	0.993102	0.993102	0.993102	0.993102	0.993102	6.2867e-11	0.993102	0.993102	0.992608	0.993102	0.993093	0.993102	0.993102	0.993102	0.993102	0.993102	0.993101	3.17028e-21	5.22641e-07	0.993093	2.08709e-08	1.03285e-24	4.46723e-14	4.52976e-11	0.137686	0.993102	0.875947	0.893302	0.893302	
0.993101	0.993102	0.993102	0.993102	0.993102	0.993102	4.70411e-11	0.993102	0.993102	0.992637	0.993102	0.993092	0.993102	0.993102	0.993102	0.993102	0.993102	0.993101	3.03921e-21	3.91186e-07	0.993092	1.5617e-08	7.72902e-25	3.34269e-14	4.46852e-11	0.142935	0.993102	0.877257	0.892729	0.892729	
0.993101	0.993102	0.993102	0.993102	0.993102	0.993102	3.51991e-11	0.993102	0.993102	0.992656	0.993102	0.993092	0.993102	0.993102	0.993102	0.993102	0.993102	0.993101	2.90916e-21	2.92821e-07	0.993092	1.16856e-08	5.78395e-25	2.50124e-14	4.43513e-11	0.146371	0.993102	0.882874	0.898643	0.898643	
0.993101	0.993102	0.993102	0.993102	0.993102	0.993101	2.63382e-11	0.993102	0.993102	0.992699	0.993102	0.993093	0.993102	0.993102	0.993102	0.993102	0.993102	0.993101	2.89585e-21	2.19195e-07	0.993093	8.74392e-09	4.32846e-25	1.87161e-14	4.28839e-11	0.141874	0.993102	0.921893	0.941053	0.941053	
0.993101	0.993102	0.993102	0.993102	0.993102	0.993102	1.97079e-11	0.993102	0.993102	0.992795	0.993102	0.993094	0.993102	0.993102	0.993102	0.993102	0.993102	0.993101	3.96391e-21	1.64033e-07	0.993094	6.54275e-09	3.23906e-25	1.40046e-14	3.62408e-11	0.113243	0.993102	0.928331	0.947749	0.947749	
0.993101	0.993102	0.993102	0.993102	0.993102	0.993102	1.47467e-11	0.993102	0.993102	0.992869	0.993102	0.993095	0.993102	0.993102	0.993102	0.993102	0.993102	0.993101	5.03126e-21	1.22753e-07	0.993095	4.8957e-09	2.42388e-25	1.04792e-14	3.07495e-11	0.0902195	0.993102	0.905212	0.923803	0.923803	
0.993101	0.993102	0.993102	0.993102	0.993102	0.993102	1.10344e-11	0.993102	0.993102	0.992912	0.993102	0.993096	0.993102	0.993102	0.993102	0.993102	0.993102	0.993101	5.02299e-21	9.18857e-08	0.993096	3.66328e-09	1.81403e-25	7.84125e-15	2.88718e-11	0.0810981	0.993102	0.90831	0.926924	0.926924	
0.993101	0.993102	0.993102	0.993102	0.993102	0.993102	8.25667e-12	0.993102	0.993102	0.992947	0.993102	0.993096	0.993102	0.993102	0.993102	0.993102	0.993102	0.993101	5.09848e-21	6.87847e-08	0.993096	2.7411e-09	1.35768e-25	5.86739e-15	2.7112e-11	0.0727602	0.993102	0.88731	0.9051	0.9051	
0.993101	0.993102	0.993102	0.993102	0.993102	0.993102	6.17816e-12	0.993102	0.993102	0.99294	0.993102	0.993096	0.993102	0.993102	0.993102	0.993102	0.993102	0.993101	4.66689e-21	5.15398e-08	0.993096	2.05106e-09	1.01638e-25	4.39052e-15	2.88095e-11	0.0811372	0.993102	0.906004	0.923855	0.923855	
0.993101	0.993102	0.993102	0.993102	0.993102	0.993102	4.62289e-12	0.993102	0.993102	0.992965	0.993102	0.993096	0.993102	0.993102	0.993102	0.993102	0.993102	0.993101	4.7332e-21	3.85988e-08	0.993096	1.53474e-09	7.60847e-26	3.28535e-15	2.7414e-11	0.0740868	0.993102	0.892839	0.910067	0.910067	
0.993101	0.993102	0.993102	0.993102	0.993102	0.993102	3.45914e-12	0.993102	0.993102	0.992965	0.993102	0.993096	0.993102	0.993102	0.993102	0.993102	0.993102	0.993101	4.47201e-21	2.89394e-08	0.993096	1.14839e-09	5.69746e-26	2.45844e-15	2.82296e-11	0.0775221	0.993102	0.889273	0.906024	0.906024	
0.993101	0.993102	0.993102	0.993102	0.993102	0.993102	2.58835e-12	0.993102	0.993102	0.992955	0.993102	0.993095	0.993102	0.993102	0.993102	0.993102	0.993102	0.993101	4.19617e-21	2.1721e-08	0.993095	8.59296e-10	4.26789e-26	1.83972e-15	2.94898e-11	0.0833545	0.993102	0.902007	0.91936	0.91936	
0.993101	0.993102	0.993102	0.993102	0.993102	0.993102	1.93677e-12	0.993102	0.993102	0.992972	0.993102	0.993096	0.993102	0.993102	0.993102	0.993102	0.993102	0.993101	4.26301e-21	1.62927e-08	0.993096	6.4298e-10	3.19709e-26	1.37669e-15	2.84739e-11	0.0780661	0.993102	0.907801	0.925131	0.925131	
0.993101	0.993102	0.993102	0.993102	0.993102	0.993102	1.44921e-12	0.993102	0.993102	0.992991	0.993102	0.993096	0.993102	0.993102	0.993102	0.993102	0.993102	0.993101	4.44984e-21	1.22227e-08	0.993096	4.81118e-10	2.39546e-26	1.0302e-15	2.70154e-11	0.0710319	0.993102	0.892059	0.908624	0.908624	
0.993101	0.993102	0.993102	0.993102	0.993102	0.993102	1.08439e-12	0.993102	0.993102	0.992981	0.993102	0.993096	0.993102	0.993102	0.993102	0.993102	0.993102	0.993101	4.22163e-21	9.2057e-09	0.993096	3.60003e-10	1.79688e-26	7.71004e-16	2.81573e-11	0.076148	0.993102	0.901985	0.919263	0.919263	
0.993101	0.993102	0.993102	0.993102	0.993102	0.993102	8.11412e-13	0.993102	0.993102	0.992991	0.993102	0.993096	0.993102	0.993102	0.993102	0.993102	0.993102	0.993101	4.27821e-21	6.92801e-09	0.993096	2.69377e-10	1.34814e-26	5.77008e-16	2.74893e-11	0.0727088	0.993102	0.891547	0.907752	0.907752	
0.993101	0.993102	0.993102	0.993102	0.993102	0.993102	6.0715e-13	0.993102	0.993102	0.992979	0.993102	0.993096	0.993102	0.993102	0.993102	0.993102	0.993102	0.993101	4.07148e-21	5.24558e-09	0.993096	2.01565e-10	1.01329e-26	4.319e-16	2.86516e-11	0.077987	0.993102	0.878964	0.894425	0.894425	
0.993101	0.993102	0.993102	0.993102	0.993102	0.993102	4.54308e-13	0.993102	0.993102	0.992921	0.993102	0.993095	0.993102	0.993102	0.993102	0.993102	0.993102	0.993101	3.70333e-21	4.02852e-09	0.993095	1.50824e-10	7.64112e-27	3.2342e-16	3.199e-11	0.0955653	0.993102	0.918318	0.935978	0.935978	
0.993101	0.993102	0.993102	0.993102	0.993102	0.993102	3.39942e-13	0.993102	0.993102	0.99296	0.993102	0.993096	0.993102	0.993102	0.993102	0.993102	0.993102	0.993101	4.3467e-21	3.0349e-09	0.993096	1.12856e-10	5.7433e-27	2.42052e-16	2.85328e-11	0.0798854	0.993102	0.89794	0.914781	0.914781	
0.993101	0.993102	0.993102	0.993102	0.993102	0.993102	2.54367e-13	0.993102	0.993102	0.992969	0.993102	0.993096	0.993102	0.993102	0.993102	0.993102	0.993102	0.993101	4.26689e-21	2.31801e-09	0.993096	8.44461e-11	4.33682e-27	1.8123e-16	2.83726e-11	0.078215	0.993102	0.917561	0.935776	0.935776	
0.993101	0.993102	0.993102	0.993102	0.993102	0.993102	1.90333e-13	0.993102	0.993102	0.992995	0.993102	0.993096	0.993102	0.993102	0.993102	0.993102	0.993102	0.993101	4.77954e-21	1.75539e-09	0.993096	6.31879e-11	3.27092e-27	1.35657e-16	2.58447e-11	0.0670594	0.993102	0.91248	0.929911	0.929911	
0.993101	0.993102	0.993102	0.993102	0.993102	0.993102	1.42419e-13	0.993102	0.993102	0.993012	0.993102	0.993097	0.993102	0.993102	0.993102	0.993102	0.993102	0.993101	4.96558e-21	1.33952e-09	0.993097	4.72812e-11	2.47656e-27	1.01569e-16	2.45274e-11	0.0607127	0.993102	0.936102	0.955488	0.955488	
0.993101	0.993102	0.993102	0.993102	0.993102	0.993102	1.06567e-13	0.993102	0.993102	0.993032	0.993102	0.993097	0.993102	0.993102	0.993102	0.993102	0.993102	0.993101	6.12495e-21	1.01204e-09	0.993097	3.53788e-11	1.87053e-27	7.60233e-17	2.1464e-11	0.0494738	0.993102	0.918264	0.935888	0.935888	
0.993101	0.993102	0.993102	0.993102	0.993102	0.993102	7.97404e-14	0.993102	0.993102	0.993042	0.993102	0.993097	0.993102	0.993102	0.993102	0.993102	0.993102	0.993101	6.15476e-21	7.77839e-10	0.993097	2.64727e-11	1.42543e-27	5.69342e-17	2.06649e-11	0.0454201	0.993102	0.934688	0.952752	0.952752	
0.993101	0.993102	0.993102	0.993102	0.993102	0.993102	5.96669e-14	0.993102	0.993102	0.993055	0.993102	0.993098	0.993102	0.993102	0.993102	0.993102	0.993102	0.993101	6.82692e-21	5.92598e-10	0.993098	1.98085e-11	1.08499e-27	4.26268e-17	1.87489e-11	0.0383749	0.993102	0.919412	0.936807	0.936807	
0.993101	0.993102	0.993102	0.993102	0.993102	0.993102	4.46465e-14	0.993102	0.993102	0.99306	0.993102	0.993098	0.993102	0.993102	0.993102	0.993102	0.993102	0.993101	6.70181e-21	4.63155e-10	0.993098	1.4822e-11	8.37166e-28	3.19427e-17	1.85495e-11	0.0367861	0.993102	0.906682	0.923049	0.923049	
0.993101	0.993102	0.993102	0.993102	0.993102	0.993102	3.34074e-14	0.993102	0.993102	0.993054	0.993102	0.993098	0.993102	0.993102	0.993102	0.993102	0.993102	0.993101	6.20029e-21	3.80082e-10	0.993098	1.10908e-11	6.59742e-28	2.39809e-17	1.9832e-11	0.0409329	0.993102	0.913953	0.931118	0.931118	
0.993101	0.993102	0.993102	0.993102	0.993102	0.993102	2.49975e-14	0.993102	0.993102	0.993057	0.993102	0.993098	0.993102	0.993102	0.993102	0.993102	0.993102	0.993101	6.05506e-21	3.09065e-10	0.993098	8.29882e-12	5.22016e-28	1.80024e-17	1.99046e-11	0.0406352	0.993102	0.931385	0.947428	0.947428	
0.993101	0.993102	0.993102	0.993102	0.993102	0.993102	1.87047e-14	0.993102	0.993102	0.993064	0.993102	0.993098	0.993102	0.993102	0.993102	0.993102	0.993102	0.993101	6.44886e-21	2.43822e-10	0.993098	6.20971e-12	4.11069e-28	1.35003e-17	1.85491e-11	0.0356038	0.993102	0.914637	0.930197	0.930197	
0.993101	0.993102	0.993102	0.993102	0.993102	0.993102	1.39961e-14	0.993102	0.993102	0.993064	0.993102	0.993098	0.993102	0.993102	0.993102	0.993102	0.993102	0.993101	6.1713e-21	2.07224e-10	0.993098	4.6465e-12	3.3647e-28	1.01604e-17	1.90388e-11	0.0366934	0.993102	0.921572	0.937395	0.937395	
0.993101	0.993102	0.993102	0.993102	0.993102	0.993101	1.04728e-14	0.993102	0.993102	0.993066	0.993102	0.993098	0.993102	0.993102	0.993102	0.993102	0.993102	0.993101	6.18022e-21	1.73738e-10	0.993098	3.4768e-12	2.76779e-28	7.64684e-18	1.87135e-11	0.0351094	0.993102	0.915625	0.931051	0.931051	
0.993101	0.993102	0.993102	0.993102	0.993102	0.993101	7.83639e-15	0.993102	0.993102	0.993066	0.993102	0.993098	0.993102	0.993102	0.993102	0.993102	0.993102	0.993101	5.98982e-21	1.53887e-10	0.993098	2.60157e-12	2.35497e-28	5.77837e-18	1.90745e-11	0.035974	0.993102	0.904502	0.91954	0.91954	
0.993101	0.993102	0.993102	0.993102	0.993102	0.993101	5.86369e-15	0.993102	0.993102	0.993055	0.993102	0.993098	0.993102	0.993102	0.993102	0.993102	0.993102	0.993101	5.55816e-21	1.52708e-10	0.993098	1.94666e-12	2.11958e-28	4.41261e-18	2.06576e-11	0.0418444	0.993102	0.93009	0.94639	0.94639	
0.993101	0.993102	0.993102	0.993102	0.993102	0.993101	4.38759e-15	0.993102	0.993102	0.993063	0.993102	0.993098	0.993102	0.993102	0.993102	0.993102	0.993102	0.993101	6.04733e-21	1.27425e-10	0.993098	1.45661e-12	1.79493e-28	3.33294e-18	1.91893e-11	0.0367515	0.993102	0.928693	0.944282	0.944282	
0.993101	0.993102	0.993102	0.993102	0.993102	0.993101	3.28308e-15	0.993102	0.993102	0.993068	0.993102	0.993098	0.993102	0.993102	0.993102	0.993102	0.993102	0.993101	6.30982e-21	1.09463e-10	0.993098	1.08993e-12	1.561e-28	2.52731e-18	1.82512e-11	0.0333264	0.993102	0.917433	0.93285	0.93285	
0.993101	0.993102	0.993102	0.993102	0.993102	0.993101	2.45661e-15	0.993102	0.993102	0.993068	0.993102	0.993098	0.993102	0.993102	0.993102	0.993102	0.993102	0.993101	6.13658e-21	1.0413e-10	0.993098	8.15556e-13	1.44194e-28	1.94368e-18	1.85493e-11	0.033989	0.993102	0.909883	0.925287	0.925287	
0.993101	0.993102	0.993102	0.993102	0.993102	0.993101	1.83819e-15	0.993102	0.993102	0.993063	0.993102	0.993098	0.993102	0.993102	0.993102	0.993102	0.993102	0.993101	5.80797e-21	1.07982e-10	0.993098	6.10251e-13	1.39758e-28	1.52552e-18	1.95713e-11	0.0375249	0.993102	0.891119	0.905168	0.905168	
0.993101	0.993102	0.993102	0.993102	0.993102	0.993101	1.37546e-15	0.993102	0.993102	0.993026	0.993102	0.993097	0.993102	0.993102	0.993102	0.993102	0.993102	0.993101	5.13743e-21	1.46232e-10	0.993097	4.5663e-13	1.52223e-28	1.29631e-18	2.31556e-11	0.0529788	0.993102	0.910459	0.924865	0.924865	
0.993101	0.993102	0.993102	0.993102	0.993102	0.993101	1.02921e-15	0.993102	0.993102	0.993031	0.993102	0.993097	0.993102	0.993102	0.993102	0.993102	0.993102	0.993101	5.02627e-21	1.39393e-10	0.993097	3.4168e-13	1.46036e-28	1.0409e-18	2.30663e-11	0.0516987	0.993102	0.925114	0.939866	0.939866	
0.993101	0.993102	0.993102	0.993102	0.993102	0.993101	7.70122e-16	0.993102	0.993102	0.993043	0.993102	0.993097	0.993102	0.993102	0.993102	0.993102	0.993102	0.993101	5.3678e-21	1.20865e-10	0.993097	2.55667e-13	1.33077e-28	8.1806e-19	2.15117e-11	0.0454937	0.993102	0.916	0.930262	0.930262	
0.993101	0.993102	0.993102	0.993102	0.993102	0.993101	5.76258e-16	0.993102	0.993102	0.993048	0.993102	0.993098	0.993102	0.993102	0.993102	0.993102	0.993102	0.993101	5.3296e-21	1.14523e-10	0.993098	1.91306e-13	1.28422e-28	6.69108e-19	2.12489e-11	0.0438217	0.993102	0.899746	0.913183	0.913183	
0.993101	0.993102	0.993102	0.993102	0.993102	0.993101	4.31196e-16	0.993102	0.993102	0.993032	0.993102	0.993097	0.993102	0.993102	0.993102	0.993102	0.993102	0.993101	4.90582e-21	1.32601e-10	0.993097	1.43148e-13	1.36684e-28	6.11659e-19	2.31502e-11	0.0511587	0.993102	0.902836	0.916088	0.916088	
0.993101	0.993102	0.993102	0.993102	0.993102	0.993101	3.22652e-16	0.993102	0.993102	0.993026	0.993102	0.993097	0.993102	0.993102	0.993102	0.993102	0.993102	0.993101	4.64002e-21	1.40828e-10	0.993097	1.07113e-13	1.40574e-28	5.56132e-19	2.41637e-11	0.0547097	0.993102	0.885277	0.897209	0.897209	
0.993101	0.993102	0.993102	0.993102	0.993102	0.993101	2.41432e-16	0.993102	0.993102	0.99297	0.993102	0.993096	0.993102	0.993102	0.993102	0.993102	0.993102	0.993101	4.11902e-21	1.9161e-10	0.993096	8.01507e-14	1.61056e-28	6.20171e-19	2.80606e-11	0.0727457	0.993102	0.908829	0.921184	0.921184	
0.993101	0.993102	0.993102	0.993102	0.993102	0.993101	1.80658e-16	0.993102	0.993102	0.992985	0.993102	0.993096	0.993102	0.993102	0.993102	0.993102	0.993102	0.993101	4.13619e-21	1.76707e-10	0.993096	5.99743e-14	1.55101e-28	5.4292e-19	2.71751e-11	0.067769	0.993102	0.887466	0.899266	0.899266	
0.993101	0.993102	0.993102	0.993102	0.993102	0.993101	1.35184e-16	0.993102	0.993102	0.992948	0.993102	0.993096	0.993102	0.993102	0.993102	0.993102	0.993102	0.993101	3.76744e-21	2.11436e-10	0.993096	4.48781e-14	1.69673e-28	5.93674e-19	2.99115e-11	0.0802337	0.993102	0.899034	0.9107	0.9107	
0.993101	0.993102	0.993102	0.993102	0.993102	0.993101	1.01156e-16	0.993102	0.993102	0.992953	0.993102	0.993096	0.993102	0.993102	0.993102	0.993102	0.993102	0.993101	3.66204e-21	2.08213e-10	0.993096	3.35814e-14	1.69617e-28	5.62537e-19	3.00013e-11	0.0795219	0.993102	0.897523	0.909653	0.909653	
0.993101	0.993102	0.993102	0.993102	0.993102	0.993101	7.56951e-17	0.993102	0.993102	0.992955	0.993102	0.993096	0.993102	0.993102	0.993102	0.993102	0.993102	0.993101	3.57339e-21	2.08426e-10	0.993096	2.51286e-14	1.70477e-28	5.4545e-19	3.02297e-11	0.0799286	0.993102	0.878928	0.89022	0.89022	
0.993101	0.993102	0.993102	0.993102	0.993102	0.993101	5.66434e-17	0.993102	0.993102	0.992878	0.993102	0.993095	0.993102	0.993102	0.993102	0.993102	0.993102	0.993101	3.22935e-21	2.68553e-10	0.993095	1.88054e-14	1.91812e-28	6.74555e-19	3.40966e-11	0.0997853	0.993102	0.891271	0.902599	0.902599	
0.993101	0.993102	0.993102	0.993102	0.993102	0.993101	4.23876e-17	0.993102	0.993102	0.99288	0.993102	0.993095	0.993102	0.993102	0.993102	0.993102	0.993102	0.993101	3.12849e-21	2.69623e-10	0.993095	1.40727e-14	1.93685e-28	6.67236e-19	3.4473e-11	0.100671	0.993102	0.88339	0.894849	0.894849	
0.993101	0.993102	0.993102	0.993102	0.993102	0.993101	3.17206e-17	0.993102	0.993102	0.992849	0.993102	0.993095	0.993102	0.993102	0.993102	0.993102	0.993102	0.993101	2.95238e-21	2.95626e-10	0.993095	1.05321e-14	2.03496e-28	7.21393e-19	3.62568e-11	0.10957	0.993102	0.889024	0.900615	0.900615	
0.993101	0.993102	0.993102	0.993102	0.993102	0.993101	2.37388e-17	0.993102	0.993102	0.992852	0.993102	0.993095	0.993102	0.993102	0.993102	0.993102	0.993102	0.993101	2.89714e-21	2.95944e-10	0.993095	7.88217e-15	2.04459e-28	7.16632e-19	3.64521e-11	0.110031	0.993102	0.858213	0.869987	0.869987	
0.993101	0.993102	0.993102	0.993102	0.993102	0.993101	1.77664e-17	0.993102	0.993102	0.99253	0.993102	0.993093	0.993102	0.993102	0.993102	0.993102	0.993102	0.993101	2.54205e-21	4.76828e-10	0.993093	5.90691e-15	2.49287e-28	1.1405e-18	4.44771e-11	0.15772	0.993102	0.89564	0.908246	0.908246	
0.993101	0.993102	0.993102	0.993102	0.993102	0.993101	1.32974e-17	0.993102	0.993102	0.992635	0.993102	0.993094	0.993102	0.993102	0.993102	0.993102	0.993102	0.993101	2.71998e-21	4.13001e-10	0.993094	4.42086e-15	2.31335e-28	9.86387e-19	4.12835e-11	0.13971	0.993102	0.885743	0.89726	0.89726	
0.993101	0.993102	0.993102	0.993102	0.993102	0.993101	9.95343e-18	0.993102	0.993102	0.992678	0.993102	0.993094	0.993102	0.993102	0.993102	0.993102	0.993102	0.993101	2.67764e-21	3.94381e-10	0.993094	3.3097e-15	2.28912e-28	9.4002e-19	4.08605e-11	0.136063	0.993102	0.8674	0.878263	0.878263	
0.993101	0.993102	0.993102	0.993102	0.993102	0.993101	7.45126e-18	0.993102	0.993102	0.99255	0.993102	0.993093	0.993102	0.993102	0.993102	0.993102	0.993102	0.993101	2.43719e-21	4.75199e-10	0.993093	2.48179e-15	2.52895e-28	1.12952e-18	4.51518e-11	0.160162	0.993102	0.872709	0.883674	0.883674	
0.993101	0.993102	0.993102	0.993102	0.993102	0.993101	5.57897e-18	0.993102	0.993102	0.99252	0.993102	0.993093	0.993102	0.993102	0.993102	0.993102	0.993102	0.993101	2.30782e-21	5.0092e-10	0.993093	1.86086e-15	2.6247e-28	1.18908e-18	4.68677e-11	0.169155	0.993102	0.861364	0.871823	0.871823	
0.993101	0.993102	0.993102	0.993102	0.993102	0.993101	4.17801e-18	0.993102	0.993102	0.992322	0.993102	0.993092	0.993102	0.993102	0.993102	0.993102	0.993102	0.993101	2.105e-21	6.05965e-10	0.993092	1.40003e-15	2.89223e-28	1.43666e-18	5.16506e-11	0.196815	0.993102	0.870089	0.880703	0.880703	
0.993101	0.993102	0.993102	0.993102	0.993102	0.993101	3.12972e-18	0.993102	0.993102	0.992316	0.993102	0.993092	0.993102	0.993102	0.993102	0.993102	0.993102	0.993101	2.02813e-21	6.15963e-10	0.993092	1.0521e-15	2.94137e-28	1.4596e-18	5.25314e-11	0.201158	0.993102	0.872012	0.882544	0.882544	
0.993101	0.993102	0.993102	0.993102	0.993102	0.993101	2.34533e-18	0.993102	0.993102	0.992333	0.993102	0.993092	0.993102	0.993102	0.993102	0.993102	0.993102	0.993101	1.98684e-21	6.11659e-10	0.993092	7.91265e-16	2.95004e-28	1.44887e-18	5.26886e-11	0.201294	0.993102	0.861924	0.871692	0.871692	
0.993101	0.993102	0.993102	0.993102	0.993102	0.993101	1.75839e-18	0.993102	0.993102	0.992179	0.993102	0.993091	0.993102	0.993102	0.993102	0.993102	0.993102	0.993101	1.85866e-21	6.86847e-10	0.993091	5.99549e-16	3.1381e-28	1.62637e-18	5.60496e-11	0.22043	0.993102	0.860147	0.869564	0.869564	
0.993101	0.993102	0.993102	0.993102	0.993102	0.993101	1.31921e-18	0.993102	0.993102	0.992017	0.993102	0.99309	0.993102	0.993102	0.993102	0.993102	0.993102	0.993101	1.74476e-21	7.61721e-10	0.99309	4.56994e-16	3.31928e-28	1.80323e-18	5.92872e-11	0.238745	0.993102	0.827291	0.836127	0.836127	
0.993101	0.993102	0.993102	0.993102	0.993102	0.993101	9.90586e-19	0.993102	0.993102	0.989386	0.993102	0.993087	0.993102	0.993102	0.993102	0.993102	0.993102	0.993101	1.48481e-21	1.50296e-09	0.993087	4.02783e-16	4.37917e-28	3.55685e-18	7.82205e-11	0.331642	0.993102	0.844458	0.853208	0.853208	
0.993101	0.993102	0.993102	0.993102	0.993102	0.993101	7.44689e-19	0.993102	0.993102	0.989271	0.993102	0.993086	0.993102	0.993102	0.993102	0.993102	0.993102	0.993101	1.36287e-21	1.59494e-09	0.993086	3.23142e-16	4.62375e-28	3.77434e-18	8.25902e-11	0.35889	0.993102	0.86831	0.877177	0.877177	
0.993101	0.993102	0.993102	0.993102	0.993102	0.993101	5.60693e-19	0.993102	0.993102	0.989986	0.993102	0.993087	0.993102	0.993102	0.993102	0.993102	0.993102	0.993101	1.42749e-21	1.37417e-09	0.993087	2.46983e-16	4.29378e-28	3.25184e-18	7.66966e-11	0.327053	0.993102	0.849109	0.857481	0.857481	
0.993101	0.993102	0.993102	0.993102	0.993102	0.993101	4.23015e-19	0.993102	0.993102	0.989957	0.993102	0.993087	0.993102	0.993102	0.993102	0.993102	0.993102	0.993101	1.34038e-21	1.42169e-09	0.993087	2.0139e-16	4.44951e-28	3.36419e-18	7.94787e-11	0.344585	0.993102	0.862226	0.870812	0.870812	
0.993101	0.993102	0.993102	0.993102	0.993102	0.993101	3.19996e-19	0.993102	0.993102	0.990382	0.993102	0.993087	0.993102	0.993102	0.993102	0.993102	0.993102	0.993101	1.35992e-21	1.29563e-09	0.993087	1.58209e-16	4.27662e-28	3.06584e-18	7.63908e-11	0.328233	0.993102	0.851162	0.860131	0.860131	
0.993101	0.993102	0.993102	0.993102	0.993102	0.993101	2.4291e-19	0.993102	0.993102	0.990373	0.993102	0.993087	0.993102	0.993102	0.993102	0.993102	0.993102	0.993101	1.30809e-21	1.32761e-09	0.993087	1.32868e-16	4.37285e-28	3.14145e-18	7.81098e-11	0.339885	0.993102	0.894922	0.905025	0.905025	
0.993101	0.993102	0.993102	0.993102	0.993102	0.993101	1.8523e-19	0.993102	0.993102	0.991013	0.993102	0.993089	0.993102	0.993102	0.993102	0.993102	0.993102	0.993101	1.70819e-21	1.05422e-09	0.993089	1.00445e-16	3.74988e-28	2.49453e-18	6.69822e-11	0.27763	0.993102	0.869769	0.878924	0.878924	
0.993101	0.993102	0.993102	0.993102	0.993102	0.993101	1.4207e-19	0.993102	0.993102	0.991314	0.993102	0.99309	0.993102	0.993102	0.993102	0.993102	0.993102	0.993101	1.70282e-21	9.5834e-10	0.99309	7.98856e-17	3.61126e-28	2.26764e-18	6.45061e-11	0.263424	0.993102	0.873506	0.882813	0.882813	
0.993101	0.993102	0.993102	0.993102	0.993102	0.993101	1.09775e-19	0.993102	0.993102	0.991586	0.993102	0.99309	0.993102	0.993102	0.993102	0.993102	0.993102	0.993101	1.73453e-21	8.62622e-10	0.99309	6.35406e-17	3.44727e-28	2.04114e-18	6.15769e-11	0.246473	0.993102	0.884818	0.894638	0.894638	
0.993101	0.993102	0.993102	0.993102	0.993102	0.993101	8.56099e-20	0.993102	0.993102	0.99188	0.993102	0.993091	0.993102	0.993102	0.993102	0.993102	0.993102	0.993101	1.88711e-21	7.3709e-10	0.993091	4.94356e-17	3.16763e-28	1.7441e-18	5.6582e-11	0.217956	0.993102	0.879005	0.888543	0.888543	
0.993101	0.993102	0.993102	0.993102	0.993102	0.993101	6.7528e-20	0.993102	0.993102	0.992061	0.993102	0.993092	0.993102	0.993102	0.993102	0.993102	0.993102	0.993101	1.93072e-21	6.67794e-10	0.993092	3.96854e-17	3.03464e-28	1.58012e-18	5.42065e-11	0.204153	0.993102	0.858924	0.867695	0.867695	
0.993101	0.993102	0.993102	0.993102	0.993102	0.993101	5.39979e-20	0.993102	0.993102	0.991882	0.993102	0.993091	0.993102	0.993102	0.993102	0.993102	0.993102	0.993101	1.78132e-21	7.63277e-10	0.993091	3.88241e-17	3.27886e-28	1.80604e-18	5.8569e-11	0.229823	0.993102	0.859765	0.86875	0.86875	
0.993101	0.993102	0.993102	0.993102	0.993102	0.993101	4.38739e-20	0.993102	0.993102	0.991775	0.993102	0.99309	0.993102	0.993102	0.993102	0.993102	0.993102	0.993101	1.67817e-21	8.24916e-10	0.99309	3.76934e-17	3.44056e-28	1.95188e-18	6.14573e-11	0.247025	0.993102	0.850929	0.859549	0.859549	
0.993101	0.993102	0.993102	0.993102	0.993102	0.993101	3.62984e-20	0.993102	0.993102	0.99139	0.993102	0.993089	0.993102	0.993102	0.993102	0.993102	0.993102	0.993101	1.54087e-21	9.81271e-10	0.993089	4.29974e-17	3.76097e-28	2.32183e-18	6.71807e-11	0.280078	0.993102	0.861934	0.870975	0.870975	
0.993101	0.993102	0.993102	0.993102	0.993102	0.993101	3.063e-20	0.993102	0.993102	0.991458	0.993102	0.993089	0.993102	0.993102	0.993102	0.993102	0.993102	0.993101	1.51437e-21	9.66682e-10	0.993089	3.97529e-17	3.75834e-28	2.2873e-18	6.71338e-11	0.280096	0.993102	0.870166	0.879274	0.879274	
0.993101	0.993102	0.993102	0.993102	0.993102	0.993101	2.63885e-20	0.993102	0.993102	0.991652	0.993102	0.99309	0.993102	0.993102	0.993102	0.993102	0.993102	0.993101	1.56036e-21	8.90328e-10	0.99309	3.43646e-17	3.61197e-28	2.10664e-18	6.45192e-11	0.264626	0.993102	0.875091	0.884233	0.884233	
0.993101	0.993102	0.993102	0.993102	0.993102	0.993101	2.32147e-20	0.993102	0.993102	0.991853	0.993102	0.99309	0.993102	0.993102	0.993102	0.993102	0.993102	0.993101	1.63963e-21	8.03243e-10	0.99309	2.91487e-17	3.42695e-28	1.90058e-18	6.12142e-11	0.245035	0.993102	0.865809	0.875237	0.875237	
0.993101	0.993102	0.993102	0.993102	0.993102	0.993101	2.08399e-20	0.993102	0.993102	0.991887	0.993102	0.99309	0.993102	0.993102	0.993102	0.993102	0.993102	0.993101	1.62349e-21	7.98558e-10	0.99309	2.77716e-17	3.43125e-28	1.88949e-18	6.12911e-11	0.245933	0.993102	0.899939	0.910212	0.910212	
0.993101	0.993102	0.993102	0.993102	0.993102	0.993101	1.90629e-20	0.993102	0.993102	0.992158	0.993102	0.993092	0.993102	0.993102	0.993102	0.993102	0.993102	0.993101	2.02667e-21	6.4712e-10	0.993092	2.15366e-17	2.99823e-28	1.53117e-18	5.35562e-11	0.203359	0.993102	0.861734	0.870467	0.870467	
0.993101	0.993102	0.993102	0.993102	0.993102	0.993101	1.77333e-20	0.993102	0.993102	0.992022	0.993102	0.993091	0.993102	0.993102	0.993102	0.993102	0.993102	0.993101	1.87203e-21	7.19963e-10	0.993091	2.38335e-17	3.19725e-28	1.70353e-18	5.71112e-11	0.223409	0.993102	0.856239	0.865082	0.865082	
0.993101	0.993102	0.993102	0.993102	0.993102	0.993101	1.67384e-20	0.993102	0.993102	0.991778	0.993102	0.99309	0.993102	0.993102	0.993102	0.993102	0.993102	0.993101	1.72071e-21	8.31776e-10	0.99309	2.85429e-17	3.45463e-28	1.96809e-18	6.17087e-11	0.249992	0.993102	0.884377	0.894181	0.894181	
0.993101	0.993102	0.993102	0.993102	0.993102	0.993101	1.59939e-20	0.993102	0.993102	0.992021	0.993102	0.993091	0.993102	0.993102	0.993102	0.993102	0.993102	0.993101	1.87121e-21	7.15668e-10	0.993091	2.32994e-17	3.17855e-28	1.69336e-18	5.67772e-11	0.221114	0.993102	0.893683	0.903631	0.903631	
0.993101	0.993102	0.993102	0.993102	0.993102	0.993101	1.54368e-20	0.993102	0.993102	0.992242	0.993102	0.993092	0.993102	0.993102	0.993102	0.993102	0.993102	0.993101	2.10729e-21	5.99611e-10	0.993092	1.85418e-17	2.86974e-28	1.41876e-18	5.1261e-11	0.189895	0.993102	0.902176	0.912382	0.912382	
0.993101	0.993102	0.993102	0.993102	0.993102	0.993101	1.502e-20	0.993102	0.993102	0.992428	0.993102	0.993093	0.993102	0.993102	0.993102	0.993102	0.993102	0.993101	2.42355e-21	4.94072e-10	0.993093	1.45363e-17	2.55978e-28	1.16904e-18	4.57244e-11	0.159913	0.993102	0.891847	0.901836	0.901836	
0.993101	0.993102	0.993102	0.993102	0.993102	0.993101	1.47081e-20	0.993102	0.993102	0.992541	0.993102	0.993094	0.993102	0.993102	0.993102	0.993102	0.993102	0.993101	2.49622e-21	4.38628e-10	0.993094	1.21127e-17	2.4247e-28	1.03785e-18	4.33114e-11	0.14575	0.993102	0.887153	0.897054	0.897054	
0.993101	0.993102	0.993102	0.993102	0.993102	0.993101	1.44747e-20	0.993102	0.993102	0.992606	0.993102	0.993094	0.993102	0.993102	0.993102	0.993102	0.993102	0.993101	2.48725e-21	4.11524e-10	0.993094	1.07042e-17	2.37473e-28	9.73717e-19	4.24189e-11	0.139924	0.993102	0.883373	0.89322	0.89322	
0.993101	0.993102	0.993102	0.993102	0.993102	0.993101	1.43001e-20	0.993102	0.993102	0.992636	0.993102	0.993094	0.993102	0.993102	0.993102	0.993102	0.993102	0.993101	2.43417e-21	4.04948e-10	0.993094	1.00701e-17	2.38201e-28	9.58159e-19	4.2549e-11	0.139927	0.993102	0.8965	0.906537	0.906537	
0.993101	0.993102	0.993102	0.993102	0.993102	0.993101	1.41694e-20	0.993102	0.993102	0.99271	0.993102	0.993094	0.993102	0.993102	0.993102	0.993102	0.993102	0.993101	2.5722e-21	3.60178e-10	0.993094	8.46896e-18	2.24598e-28	8.52227e-19	4.0119e-11	0.126735	0.993102	0.898232	0.908334	0.908334	
0.993101	0.993102	0.993102	0.993102	0.993102	0.993101	1.40717e-20	0.993102	0.993102	0.99277	0.993102	0.993095	0.993102	0.993102	0.993102	0.993102	0.993102	0.993101	2.70396e-21	3.22782e-10	0.993095	7.17759e-18	2.12782e-28	7.63743e-19	3.80085e-11	0.115486	0.993102	0.890391	0.900306	0.900306	
0.993101	0.993102	0.993102	0.993102	0.993102	0.993101	1.39985e-20	0.993102	0.993102	0.992791	0.993102	0.993095	0.993102	0.993102	0.993102	0.993102	0.993102	0.993101	2.68449e-21	3.14699e-10	0.993095	6.7213e-18	2.1173e-28	7.44617e-19	3.78205e-11	0.113935	0.993102	0.936085	0.948308	0.948308	
0.993101	0.993102	0.993102	0.993102	0.993102	0.993101	1.39438e-20	0.993102	0.993102	0.992866	0.993102	0.993096	0.993102	0.993102	0.993102	0.993102	0.993102	0.993101	3.81726e-21	2.46711e-10	0.993096	5.11244e-18	1.78536e-28	5.8375e-19	3.18912e-11	0.089913	0.993102	0.926338	0.938313	0.938313	
0.993101	0.993102	0.993102	0.993102	0.993102	0.993101	1.39028e-20	0.993102	0.993102	0.992919	0.993102	0.993097	0.993102	0.993102	0.993102	0.993102	0.993102	0.993101	4.32982e-21	2.01278e-10	0.993097	3.9754e-18	1.58147e-28	4.76248e-19	2.82493e-11	0.0741319	0.993102	0.909758	0.921715	0.921715	
0.993101	0.993102	0.993102	0.993102	0.993102	0.993101	1.38721e-20	0.993102	0.993102	0.992948	0.993102	0.993097	0.993102	0.993102	0.993102	0.993102	0.993102	0.993101	4.29674e-21	1.82982e-10	0.993097	3.38028e-18	1.52559e-28	4.32958e-19	2.7251e-11	0.0684424	0.993102	0.895832	0.907611	0.907611	
0.993101	0.993102	0.993102	0.993102	0.993102	0.993101	1.38492e-20	0.993102	0.993102	0.992946	0.993102	0.993096	0.993102	0.993102	0.993102	0.993102	0.993102	0.993101	4.0094e-21	1.93626e-10	0.993096	3.46809e-18	1.59529e-28	4.58143e-19	2.84961e-11	0.073083	0.993102	0.906198	0.918169	0.918169	
0.993101	0.993102	0.993102	0.993102	0.993102	0.993101	1.3832e-20	0.993102	0.993102	0.992964	0.993102	0.993096	0.993102	0.993102	0.993102	0.993102	0.993102	0.993101	3.98489e-21	1.82199e-10	0.993096	3.09712e-18	1.56108e-28	4.31106e-19	2.78849e-11	0.0695207	0.993102	0.908774	0.92071	0.92071	
0.993101	0.993102	0.993102	0.993102	0.993102	0.993101	1.38192e-20	0.993102	0.993102	0.992981	0.993102	0.993097	0.993102	0.993102	0.993102	0.993102	0.993102	0.993101	4.01717e-21	1.70019e-10	0.993097	2.74793e-18	1.51727e-28	4.02286e-19	2.71024e-11	0.0654898	0.993102	0.888813	0.900125	0.900125	
0.993101	0.993102	0.993102	0.993102	0.993102	0.993101	1.38096e-20	0.993102	0.993102	0.992948	0.993102	0.993096	0.993102	0.993102	0.993102	0.993102	0.993102	0.993101	3.68338e-21	2.03012e-10	0.993096	3.49995e-18	1.66235e-28	4.80351e-19	2.9694e-11	0.0773983	0.993102	0.874368	0.885245	0.885245	
0.993101	0.993102	0.993102	0.993102	0.993102	0.993101	1.38024e-20	0.993102	0.993102	0.992833	0.993102	0.993095	0.993102	0.993102	0.993102	0.993102	0.993102	0.993101	3.25488e-21	2.88158e-10	0.993095	6.0837e-18	1.9536e-28	6.81817e-19	3.48964e-11	0.104719	0.993102	0.918712	0.931138	0.931138	
0.993101	0.993102	0.993102	0.993102	0.993102	0.993101	1.3797e-20	0.993102	0.993102	0.992891	0.993102	0.993096	0.993102	0.993102	0.993102	0.993102	0.993102	0.993101	3.7236e-21	2.38034e-10	0.993096	4.78704e-18	1.74525e-28	5.63218e-19	3.11748e-11	0.0874852	0.993102	0.898192	0.909804	0.909804	
0.993101	0.993102	0.993102	0.993102	0.993102	0.993101	1.3793e-20	0.993102	0.993102	0.992909	0.993102	0.993096	0.993102	0.993102	0.993102	0.993102	0.993102	0.993101	3.61338e-21	2.29884e-10	0.993096	4.3995e-18	1.74019e-28	5.43934e-19	3.10843e-11	0.0855818	0.993102	0.90805	0.920187	0.920187	
0.993101	0.993102	0.993102	0.993102	0.993102	0.993101	1.379e-20	0.993102	0.993102	0.992938	0.993102	0.993096	0.993102	0.993102	0.993102	0.993102	0.993102	0.993101	3.73254e-21	2.06551e-10	0.993096	3.73976e-18	1.65496e-28	4.88724e-19	2.9562e-11	0.0778291	0.993102	0.891235	0.901977	0.901977	
0.993101	0.993102	0.993102	0.993102	0.993102	0.993101	1.37877e-20	0.993102	0.993102	0.992923	0.993102	0.993096	0.993102	0.993102	0.993102	0.993102	0.993102	0.993101	3.48802e-21	2.24138e-10	0.993096	4.06117e-18	1.74622e-28	5.30338e-19	3.11921e-11	0.0845501	0.993102	0.8911	0.901977	0.901977	
0.993101	0.993102	0.993102	0.993102	0.993102	0.993101	1.3786e-20	0.993102	0.993102	0.992912	0.993102	0.993096	0.993102	0.993102	0.993102	0.993102	0.993102	0.993101	3.30692e-21	2.37486e-10	0.993096	4.3085e-18	1.8145e-28	5.61921e-19	3.24118e-11	0.0896428	0.993102	0.888585	0.899321	0.899321	
0.993101	0.993102	0.993102	0.993102	0.993102	0.993101	1.37848e-20	0.993102	0.993102	0.992893	0.993102	0.993095	0.993102	0.993102	0.993102	0.993102	0.993102	0.993101	3.1335e-21	2.55077e-10	0.993095	4.70456e-18	1.89331e-28	6.03544e-19	3.38195e-11	0.0959953	0.993102	0.887118	0.897629	0.897629	
0.993101	0.993102	0.993102	0.993102	0.993102	0.993101	1.37838e-20	0.993102	0.993102	0.992873	0.993102	0.993095	0.993102	0.993102	0.993102	0.993102	0.993102	0.993101	2.97892e-21	2.73286e-10	0.993095	5.14443e-18	1.97071e-28	6.46627e-19	3.52021e-11	0.102404	0.993102	0.902279	0.913149	0.913149	
0.993101	0.993102	0.993102	0.993102	0.993102	0.993101	1.37831e-20	0.993102	0.993102	0.992901	0.993102	0.993095	0.993102	0.993102	0.993102	0.993102	0.993102	0.993101	3.10035e-21	2.49111e-10	0.993095	4.4987e-18	1.88079e-28	5.89427e-19	3.35959e-11	0.0941609	0.993102	0.902078	0.912914	0.912914	
0.993101	0.993102	0.993102	0.993102	0.993102	0.993101	1.37826e-20	0.993102	0.993102	0.992923	0.993102	0.993096	0.993102	0.993102	0.993102	0.993102	0.993102	0.993101	3.18656e-21	2.31413e-10	0.993096	4.02385e-18	1.81542e-28	5.4755e-19	3.24281e-11	0.0881357	0.993102	0.902395	0.913202	0.913202	
0.993101	0.993102	0.993102	0.993102	0.993102	0.993101	1.37822e-20	0.993102	0.993102	0.992939	0.993102	0.993096	0.993102	0.993102	0.993102	0.993102	0.993102	0.993101	3.25556e-21	2.17628e-10	0.993096	3.65652e-18	1.76415e-28	5.14935e-19	3.15124e-11	0.0834295	0.993102	0.908748	0.919668	0.919668	
0.993101	0.993102	0.993102	0.993102	0.993102	0.993101	1.37819e-20	0.993102	0.993102	0.992961	0.993102	0.993096	0.993102	0.993102	0.993102	0.993102	0.993102	0.993101	3.42967e-21	1.97257e-10	0.993096	3.17604e-18	1.67658e-28	4.66734e-19	2.99482e-11	0.0761722	0.993102	0.902056	0.912814	0.912814	
0.993101	0.993102	0.993102	0.993102	0.993102	0.993101	1.37817e-20	0.993102	0.993102	0.992967	0.993102	0.993096	0.993102	0.993102	0.993102	0.993102	0.993102	0.993101	3.42988e-21	1.92723e-10	0.993096	3.03606e-18	1.66344e-28	4.56006e-19	2.97133e-11	0.0747158	0.993102	0.901213	0.91195	0.91195	
0.993101	0.993102	0.993102	0.993102	0.993102	0.993101	1.37815e-20	0.993102	0.993102	0.99297	0.993102	0.993096	0.993102	0.993102	0.993102	0.993102	0.993102	0.993101	3.4149e-21	1.90896e-10	0.993096	2.9658e-18	1.66072e-28	4.51683e-19	2.96648e-11	0.0741959	0.993102	0.893482	0.90383	0.90383	
0.993101	0.993102	0.993102	0.993102	0.993102	0.993101	1.37814e-20	0.993102	0.993102	0.992953	0.993102	0.993096	0.993102	0.993102	0.993102	0.993102	0.993102	0.993101	3.27091e-21	2.06946e-10	0.993096	3.33149e-18	1.73205e-28	4.8966e-19	3.0939e-11	0.0799625	0.993102	0.883303	0.893328	0.893328	
0.993101	0.993102	0.993102	0.993102	0.993102	0.993101	1.37813e-20	0.993102	0.993102	0.992895	0.993102	0.993095	0.993102	0.993102	0.993102	0.993102	0.993102	0.993101	3.02384e-21	2.51796e-10	0.993095	4.55471e-18	1.89982e-28	5.95781e-19	3.39357e-11	0.0950365	0.993102	0.906642	0.917249	0.917249	
0.993101	0.993102	0.993102	0.993102	0.993102	0.993101	1.37812e-20	0.993102	0.993102	0.992925	0.993102	0.993096	0.993102	0.993102	0.993102	0.993102	0.993102	0.993101	3.20347e-21	2.26083e-10	0.993096	3.91052e-18	1.79576e-28	5.3494e-19	3.2077e-11	0.0860811	0.993102	0.896804	0.907177	0.907177	
0.993101	0.993102	0.993102	0.993102	0.993102	0.993101	1.37812e-20	0.993102	0.993102	0.992928	0.993102	0.993096	0.993102	0.993102	0.993102	0.993102	0.993102	0.993101	3.16262e-21	2.2527e-10	0.993096	3.83691e-18	1.80141e-28	5.33017e-19	3.2178e-11	0.0860677	0.993102	0.892548	0.902849	0.902849	
0.993101	0.993102	0.993102	0.993102	0.993102	0.993101	1.37811e-20	0.993102	0.993102	0.992918	0.993102	0.993096	0.993102	0.993102	0.993102	0.993102	0.993102	0.993101	3.06757e-21	2.35171e-10	0.993096	4.04854e-18	1.84703e-28	5.56442e-19	3.29927e-11	0.0897037	0.993102	0.899008	0.909414	0.909414	
0.993101	0.993102	0.993102	0.993102	0.993102	0.993101	1.37811e-20	0.993102	0.993102	0.992928	0.993102	0.993096	0.993102	0.993102	0.993102	0.993102	0.993102	0.993101	3.09649e-21	2.27302e-10	0.993096	3.82685e-18	1.81975e-28	5.37825e-19	3.25054e-11	0.0870848	0.993102	0.893662	0.903932	0.903932	
0.993101	0.993102	0.993102	0.993102	0.993102	0.993101	1.37811e-20	0.993102	0.993102	0.992922	0.993102	0.993096	0.993102	0.993102	0.993102	0.993102	0.993102	0.993101	3.03299e-21	2.33828e-10	0.993096	3.96557e-18	1.85005e-28	5.53266e-19	3.30468e-11	0.089483	0.993102	0.887551	0.897629	0.897629	
0.993101	0.993102	0.993102	0.993102	0.993102	0.993101	1.37811e-20	0.993102	0.993102	0.992894	0.993102	0.993095	0.993102	0.993102	0.993102	0.993102	0.993102	0.993101	2.89827e-21	2.56674e-10	0.993095	4.56357e-18	1.93834e-28	6.07323e-19	3.46238e-11	0.097299	0.993102	0.896532	0.906394	0.906394	
0.993101	0.993102	0.993102	0.993102	0.993102	0.993101	1.37811e-20	0.993102	0.993102	0.992903	0.993102	0.993095	0.993102	0.993102	0.993102	0.993102	0.993102	0.993101	2.91469e-21	2.49357e-10	0.993095	4.35007e-18	1.91532e-28	5.9001e-19	3.42127e-11	0.0948828	0.993102	0.887665	0.897328	0.897328	
0.993101	0.993102	0.993102	0.993102	0.993102	0.993101	1.37811e-20	0.993102	0.993102	0.992878	0.993102	0.993095	0.993102	0.993102	0.993102	0.993102	0.993102	0.993101	2.80079e-21	2.68602e-10	0.993095	4.85365e-18	1.99053e-28	6.35545e-19	3.55561e-11	0.10144	0.993102	0.885189	0.89487	0.89487	
0.993101	0.993102	0.993102	0.993102	0.993102	0.993101	1.37811e-20	0.993102	0.993102	0.992848	0.993102	0.993095	0.993102	0.993102	0.993102	0.993102	0.993102	0.993101	2.68605e-21	2.91506e-10	0.993095	5.48577e-18	2.07489e-28	6.89739e-19	3.70629e-11	0.109084	0.993102	0.845882	0.85432	0.85432	
0.993101	0.993102	0.993102	0.993102	0.993102	0.993101	1.37811e-20	0.993102	0.993102	0.99193	0.993102	0.993092	0.993102	0.993102	0.993102	0.993102	0.993102	0.993101	2.26577e-21	6.65203e-10	0.993092	2.42028e-17	2.86991e-28	1.57395e-18	5.12642e-11	0.189239	0.993102	0.878253	0.888065	0.888065	
0.993101	0.993102	0.993102	0.993102	0.993102	0.993101	1.3781e-20	0.993102	0.993102	0.992095	0.993102	0.993092	0.993102	0.993102	0.993102	0.993102	0.993102	0.993101	2.21196e-21	6.169e-10	0.993092	2.09136e-17	2.81825e-28	1.45966e-18	5.03414e-11	0.183516	0.993102	0.915231	0.926106	0.926106	
0.993101	0.993102	0.993102	0.993102	0.993102	0.993101	1.3781e-20	0.993102	0.993102	0.992335	0.993102	0.993094	0.993102	0.993102	0.993102	0.993102	0.993102	0.993101	2.78432e-21	4.8818e-10	0.993094	1.59474e-17	2.42225e-28	1.1551e-18	4.32677e-11	0.148068	0.993102	0.918171	0.929623	0.929623	
0.993101	0.993102	0.993102	0.993102	0.993102	0.993101	1.3781e-20	0.993102	0.993102	0.992517	0.993102	0.993095	0.993102	0.993102	0.993102	0.993102	0.993102	0.993101	3.30895e-21	3.88645e-10	0.993095	1.21802e-17	2.10465e-28	9.19582e-19	3.75945e-11	0.12029	0.993102	0.927886	0.939188	0.939188	
0.993101	0.993102	0.993102	0.993102	0.993102	0.993101	1.3781e-20	0.993102	0.993102	0.992659	0.993102	0.993096	0.993102	0.993102	0.993102	0.993102	0.993102	0.993101	3.95543e-21	3.06692e-10	0.993096	9.25247e-18	1.81612e-28	7.25672e-19	3.24407e-11	0.0965464	0.993102	0.908756	0.91966	0.91966	
0.993101	0.993102	0.993102	0.993102	0.993102	0.993101	1.3781e-20	0.993102	0.993102	0.992751	0.993102	0.993096	0.993102	0.993102	0.993102	0.993102	0.993102	0.993101	3.95288e-21	2.639e-10	0.993096	7.36321e-18	1.71553e-28	6.2442e-19	3.06438e-11	0.085987	0.993102	0.904021	0.914842	0.914842	
0.993101	0.993102	0.993102	0.993102	0.993102	0.993101	1.3781e-20	0.993102	0.993102	0.992813	0.993102	0.993096	0.993102	0.993102	0.993102	0.993102	0.993102	0.993101	3.85827e-21	2.39125e-10	0.993096	6.09506e-18	1.67632e-28	5.658e-19	2.99434e-11	0.0807889	0.993102	0.908981	0.919943	0.919943	
0.993101	0.993102	0.993102	0.993102	0.993102	0.993101	1.3781e-20	0.993102	0.993102	0.992867	0.993102	0.993096	0.993102	0.993102	0.993102	0.993102	0.993102	0.993101	3.88699e-21	2.12994e-10	0.993096	4.99424e-18	1.6089e-28	5.03971e-19	2.87392e-11	0.0740649	0.993102	0.921992	0.93337	0.93337	
0.993101	0.993102	0.993102	0.993102	0.993102	0.993101	1.3781e-20	0.993102	0.993102	0.992917	0.993102	0.993097	0.993102	0.993102	0.993102	0.993102	0.993102	0.993101	4.22745e-21	1.79452e-10	0.993097	3.93396e-18	1.47495e-28	4.24606e-19	2.63465e-11	0.0636265	0.993102	0.937942	0.949418	0.949418	
0.993101	0.993102	0.993102	0.993102	0.993102	0.993101	1.3781e-20	0.993102	0.993102	0.992961	0.993102	0.993097	0.993102	0.993102	0.993102	0.993102	0.993102	0.993101	4.98499e-21	1.44864e-10	0.993097	3.01913e-18	1.3003e-28	3.42766e-19	2.32267e-11	0.0520049	0.993102	0.934715	0.946666	0.946666	
0.993101	0.993102	0.993102	0.993102	0.993102	0.993101	1.3781e-20	0.993102	0.993102	0.992992	0.993102	0.993098	0.993102	0.993102	0.993102	0.993102	0.993102	0.993101	5.47072e-21	1.20327e-10	0.993098	2.34986e-18	1.18074e-28	2.84709e-19	2.10911e-11	0.0438562	0.993102	0.931647	0.943849	0.943849	
0.993101	0.993102	0.993102	0.993102	0.993102	0.993101	1.3781e-20	0.993102	0.993102	0.993015	0.993102	0.993098	0.993102	0.993102	0.993102	0.993102	0.993102	0.993101	5.74704e-21	1.03458e-10	0.993098	1.86686e-18	1.10332e-28	2.44795e-19	1.97082e-11	0.0383626	0.993102	0.925433	0.937436	0.937436	
0.993101	0.993102	0.993102	0.993102	0.993102	0.993101	1.3781e-20	0.993102	0.993102	0.993031	0.993102	0.993098	0.993102	0.993102	0.993102	0.993102	0.993102	0.993101	5.74903e-21	9.46913e-11	0.993098	1.55513e-18	1.07547e-28	2.24051e-19	1.92108e-11	0.0358002	0.993102	0.909094	0.920511	0.920511	
0.993101	0.993102	0.993102	0.993102	0.993102	0.993101	1.3781e-20	0.993102	0.993102	0.99303	0.993102	0.993098	0.993102	0.993102	0.993102	0.993102	0.993102	0.993101	5.32247e-21	1.04458e-10	0.993098	1.59034e-18	1.1553e-28	2.47162e-19	2.06367e-11	0.0402271	0.993102	0.93035	0.942497	0.942497	
0.993101	0.993102	0.993102	0.993102	0.993102	0.993101	1.3781e-20	0.993102	0.993102	0.993043	0.993102	0.993098	0.993102	0.993102	0.993102	0.993102	0.993102	0.993101	5.5903e-21	9.23141e-11	0.993098	1.30745e-18	1.09031e-28	2.18426e-19	1.94758e-11	0.0359417	0.993102	0.90914	0.920824	0.920824	
0.993101	0.993102	0.993102	0.993102	0.993102	0.993101	1.3781e-20	0.993102	0.993102	0.99304	0.993102	0.993098	0.993102	0.993102	0.993102	0.993102	0.993102	0.993101	5.21558e-21	1.02439e-10	0.993098	1.40156e-18	1.16422e-28	2.42384e-19	2.0796e-11	0.0402419	0.993102	0.898422	0.909781	0.909781	
0.993101	0.993102	0.993102	0.993102	0.993102	0.993101	1.3781e-20	0.993102	0.993102	0.99302	0.993102	0.993097	0.993102	0.993102	0.993102	0.993102	0.993102	0.993101	4.72521e-21	1.28209e-10	0.993097	1.85915e-18	1.30562e-28	3.03359e-19	2.33218e-11	0.0501549	0.993102	0.880178	0.890709	0.890709	
0.993101	0.993102	0.993102	0.993102	0.993102	0.993101	1.3781e-20	0.993102	0.993102	0.99293	0.993102	0.993096	0.993102	0.993102	0.993102	0.993102	0.993102	0.993101	4.08821e-21	2.04681e-10	0.993096	3.85316e-18	1.61319e-28	4.84301e-19	2.88159e-11	0.0763523	0.993102	0.875702	0.886045	0.886045	
0.993101	0.993102	0.993102	0.993102	0.993102	0.993101	1.3781e-20	0.993102	0.993102	0.992826	0.993102	0.993095	0.993102	0.993102	0.993102	0.993102	0.993102	0.993101	3.56046e-21	2.83716e-10	0.993095	6.11592e-18	1.90555e-28	6.71307e-19	3.40382e-11	0.102335	0.993102	0.910354	0.921869	0.921869	
0.993101	0.993102	0.993102	0.993102	0.993102	0.993101	1.3781e-20	0.993102	0.993102	0.992879	0.993102	0.993096	0.993102	0.993102	0.993102	0.993102	0.993102	0.993101	3.71497e-21	2.44185e-10	0.993096	4.97118e-18	1.76703e-28	5.77773e-19	3.15638e-11	0.0893621	0.993102	0.922765	0.934248	0.934248	
0.993101	0.993102	0.993102	0.993102	0.993102	0.993101	1.3781e-20	0.993102	0.993102	0.992927	0.993102	0.993096	0.993102	0.993102	0.993102	0.993102	0.993102	0.993101	4.12493e-21	2.02139e-10	0.993096	3.90738e-18	1.58855e-28	4.78286e-19	2.83758e-11	0.0748147	0.993102	0.92705	0.938924	0.938924	
0.993101	0.993102	0.993102	0.993102	0.993102	0.993101	1.3781e-20	0.993102	0.993102	0.992965	0.993102	0.993097	0.993102	0.993102	0.993102	0.993102	0.993102	0.993101	4.57514e-21	1.6749e-10	0.993097	3.06772e-18	1.43123e-28	3.96303e-19	2.55655e-11	0.0626602	0.993102	0.939105	0.95147	0.95147	
0.993101	0.993102	0.993102	0.993102	0.993102	0.993101	1.3781e-20	0.993102	0.993102	0.992996	0.993102	0.993098	0.993102	0.993102	0.993102	0.993102	0.993102	0.993101	5.35547e-21	1.35254e-10	0.993098	2.36462e-18	1.25968e-28	3.20028e-19	2.25011e-11	0.0510127	0.993102	0.929277	0.941046	0.941046	
0.993101	0.993102	0.993102	0.993102	0.993102	0.993101	1.3781e-20	0.993102	0.993102	0.993018	0.993102	0.993098	0.993102	0.993102	0.993102	0.993102	0.993102	0.993101	5.55724e-21	1.1609e-10	0.993098	1.89559e-18	1.17506e-28	2.74683e-19	2.09897e-11	0.0443072	0.993102	0.905428	0.916594	0.916594	
0.993101	0.993102	0.993102	0.993102	0.993102	0.993101	1.3781e-20	0.993102	0.993102	0.993015	0.993102	0.993098	0.993102	0.993102	0.993102	0.993102	0.993102	0.993101	5.09731e-21	1.25974e-10	0.993098	1.95274e-18	1.25839e-28	2.98069e-19	2.24781e-11	0.048657	0.993102	0.911865	0.923313	0.923313	
0.993101	0.993102	0.993102	0.993102	0.993102	0.993101	1.3781e-20	0.993102	0.993102	0.993022	0.993102	0.993098	0.993102	0.993102	0.993102	0.993102	0.993102	0.993101	4.8943e-21	1.24322e-10	0.993098	1.82228e-18	1.27307e-28	2.94161e-19	2.27403e-11	0.0484985	0.993102	0.915182	0.926781	0.926781	
0.993101	0.993102	0.993102	0.993102	0.993102	0.993101	1.3781e-20	0.993102	0.993102	0.993029	0.993102	0.993098	0.993102	0.993102	0.993102	0.993102	0.993102	0.993101	4.82349e-21	1.19271e-10	0.993098	1.65859e-18	1.26184e-28	2.8221e-19	2.25397e-11	0.0469108	0.993102	0.911002	0.922539	0.922539	
0.993101	0.993102	0.993102	0.993102	0.993102	0.993101	1.3781e-20	0.993102	0.993102	0.993031	0.993102	0.993097	0.993102	0.993102	0.993102	0.993102	0.993102	0.993101	4.6747e-21	1.20307e-10	0.993097	1.62069e-18	1.28082e-28	2.84661e-19	2.28788e-11	0.0475741	0.993102	0.917051	0.928544	0.928544	
0.993101	0.993102	0.993102	0.993102	0.993102	0.993101	1.3781e-20	0.993102	0.993102	0.993037	0.993102	0.993098	0.993102	0.993102	0.993102	0.993102	0.993102	0.993101	4.69826e-21	1.14428e-10	0.993098	1.47701e-18	1.25693e-28	2.70751e-19	2.2452e-11	0.0455046	0.993102	0.913216	0.924609	0.924609	
0.993101	0.993102	0.993102	0.993102	0.993102	0.993101	1.3781e-20	0.993102	0.993102	0.993039	0.993102	0.993098	0.993102	0.993102	0.993102	0.993102	0.993102	0.993101	4.62283e-21	1.14133e-10	0.993098	1.43856e-18	1.26349e-28	2.70053e-19	2.25693e-11	0.045545	0.993102	0.942112	0.955457	0.955457	
0.993101	0.993102	0.993102	0.993102	0.993102	0.993101	1.3781e-20	0.993102	0.993102	0.993053	0.993102	0.993098	0.993102	0.993102	0.993102	0.993102	0.993102	0.993101	5.59296e-21	9.40328e-11	0.993098	1.13304e-18	1.1197e-28	2.22493e-19	2.00008e-11	0.0376751	0.993102	0.904133	0.915977	0.915977	
0.993101	0.993102	0.993102	0.993102	0.993102	0.993101	1.3781e-20	0.993102	0.993102	0.993041	0.993102	0.993098	0.993102	0.993102	0.993102	0.993102	0.993102	0.993101	5.12521e-21	1.10994e-10	0.993098	1.41756e-18	1.22167e-28	2.62625e-19	2.18222e-11	0.0442599	0.993102	0.909837	0.921586	0.921586	
0.993101	0.993102	0.993102	0.993102	0.993102	0.993101	1.3781e-20	0.993102	0.993102	0.993039	0.993102	0.993098	0.993102	0.993102	0.993102	0.993102	0.993102	0.993101	4.88481e-21	1.15458e-10	0.993098	1.4661e-18	1.25724e-28	2.73186e-19	2.24576e-11	0.0461024	0.993102	0.905764	0.918717	0.918717	
0.993101	0.993102	0.993102	0.993102	0.993102	0.993101	1.3781e-20	0.993102	0.993102	0.993034	0.993102	0.993097	0.993102	0.993102	0.993102	0.993102	0.993102	0.993101	4.67056e-21	1.23624e-10	0.993097	1.60233e-18	1.30412e-28	2.92509e-19	2.3295e-11	0.0493004	0.993102	0.914379	0.927122	0.927122	
0.993101	0.993102	0.993102	0.993102	0.993102	0.993101	1.3781e-20	0.993102	0.993102	0.993039	0.993102	0.993097	0.993102	0.993102	0.993102	0.993102	0.993102	0.993101	4.69106e-21	1.18993e-10	0.993097	1.50158e-18	1.28297e-28	2.81551e-19	2.29172e-11	0.0476053	0.993102	0.91607	0.929021	0.929021	
0.993101	0.993102	0.993102	0.993102	0.993102	0.993101	1.3781e-20	0.993102	0.993102	0.993044	0.993102	0.993098	0.993102	0.993102	0.993102	0.993102	0.993102	0.993101	4.75791e-21	1.13692e-10	0.993098	1.39585e-18	1.2557e-28	2.69009e-19	2.24301e-11	0.0456242	0.993102	0.93524	0.948879	0.948879	
0.993101	0.993102	0.993102	0.993102	0.993102	0.993101	1.3781e-20	0.993102	0.993102	0.993055	0.993102	0.993098	0.993102	0.993102	0.993102	0.993102	0.993102	0.993101	5.44198e-21	9.63671e-11	0.993098	1.12949e-18	1.13838e-28	2.28016e-19	2.03344e-11	0.0388234	0.993102	0.953438	0.967691	0.967691	
0.993101	0.993102	0.993102	0.993102	0.993102	0.993101	1.3781e-20	0.993102	0.993102	0.993066	0.993102	0.993098	0.993102	0.993102	0.993102	0.993102	0.993102	0.993101	6.84737e-21	7.74961e-11	0.993098	8.73337e-19	9.88254e-29	1.83365e-19	1.76528e-11	0.0313068	0.993102	0.922407	0.935448	0.935448	
0.993101	0.993102	0.993102	0.993102	0.993102	0.993101	1.3781e-20	0.993102	0.993102	0.993067	0.993102	0.993098	0.993102	0.993102	0.993102	0.993102	0.993102	0.993101	6.54509e-21	7.7087e-11	0.993098	8.3931e-19	9.99507e-29	1.82397e-19	1.78538e-11	0.0312454	0.993102	0.931546	0.945484	0.945484	
0.993101	0.993102	0.993102	0.993102	0.993102	0.993101	1.3781e-20	0.993102	0.993102	0.993072	0.993102	0.993099	0.993102	0.993102	0.993102	0.993102	0.993102	0.993101	6.66634e-21	7.06972e-11	0.993099	7.33506e-19	9.60637e-29	1.67278e-19	1.71595e-11	0.0287624	0.993102	0.891744	0.904708	0.904708	
0.993101	0.993102	0.993102	0.993102	0.993102	0.993101	1.3781e-20	0.993102	0.993102	0.993032	0.993102	0.993098	0.993102	0.993102	0.993102	0.993102	0.993102	0.993101	5.75564e-21	1.18118e-10	0.993098	1.72045e-18	1.19969e-28	2.7948e-19	2.14296e-11	0.0463481	0.993102	0.901589	0.914828	0.914828	
0.993101	0.993102	0.993102	0.993102	0.993102	0.993101	1.3781e-20	0.993102	0.993102	0.993023	0.993102	0.993097	0.993102	0.993102	0.993102	0.993102	0.993102	0.993101	5.25154e-21	1.32131e-10	0.993097	1.93279e-18	1.29045e-28	3.12637e-19	2.30508e-11	0.0518967	0.993102	0.902273	0.915148	0.915148	
0.993101	0.993102	0.993102	0.993102	0.993102	0.993101	1.3781e-20	0.993102	0.993102	0.993017	0.993102	0.993097	0.993102	0.993102	0.993102	0.993102	0.993102	0.993101	4.87354e-21	1.41746e-10	0.993097	2.07025e-18	1.35585e-28	3.35388e-19	2.42191e-11	0.0557293	0.993102	0.866437	0.877577	0.877577	
0.993101	0.993102	0.993102	0.993102	0.993102	0.993101	1.3781e-20	0.993102	0.993102	0.992795	0.993102	0.993095	0.993102	0.993102	0.993102	0.993102	0.993102	0.993101	4.07678e-21	2.92201e-10	0.993095	7.09621e-18	1.84188e-28	6.91383e-19	3.29008e-11	0.101539	0.993102	0.857139	0.868266	0.868266	
0.993101	0.993102	0.993102	0.993102	0.993102	0.993101	1.3781e-20	0.993102	0.993102	0.992446	0.993102	0.993093	0.993102	0.993102	0.993102	0.993102	0.993102	0.993101	3.40744e-21	4.8871e-10	0.993093	1.5003e-17	2.3749e-28	1.15635e-18	4.2422e-11	0.154341	0.993102	0.874784	0.885788	0.885788	
0.993101	0.993102	0.993102	0.993102	0.993102	0.993101	1.3781e-20	0.993102	0.993102	0.992462	0.993102	0.993093	0.993102	0.993102	0.993102	0.993102	0.993102	0.993101	3.05513e-21	4.99349e-10	0.993093	1.45971e-17	2.47911e-28	1.18152e-18	4.42835e-11	0.161567	0.993102	0.908638	0.920129	0.920129	
0.993101	0.993102	0.993102	0.993102	0.993102	0.993101	1.3781e-20	0.993102	0.993102	0.992604	0.993102	0.993094	0.993102	0.993102	0.993102	0.993102	0.993102	0.993101	3.30046e-21	4.07817e-10	0.993094	1.13604e-17	2.20828e-28	9.64945e-19	3.94457e-11	0.134549	0.993102	0.895508	0.906545	0.906545	
0.993101	0.993102	0.993102	0.993102	0.993102	0.993101	1.3781e-20	0.993102	0.993102	0.992686	0.993102	0.993094	0.993102	0.993102	0.993102	0.993102	0.993102	0.993101	3.23569e-21	3.63461e-10	0.993094	9.47202e-18	2.11591e-28	8.59992e-19	3.77956e-11	0.123109	0.993102	0.882971	0.893432	0.893432	
0.993101	0.993102	0.993102	0.993102	0.993102	0.993101	1.3781e-20	0.993102	0.993102	0.992697	0.993102	0.993094	0.993102	0.993102	0.993102	0.993102	0.993102	0.993101	3.00375e-21	3.69353e-10	0.993094	9.17265e-18	2.18578e-28	8.73933e-19	3.90438e-11	0.12746	0.993102	0.845888	0.855498	0.855498	
0.993101	0.993102	0.993102	0.993102	0.993102	0.993101	1.3781e-20	0.993102	0.993102	0.991883	0.993102	0.993092	0.993102	0.993102	0.993102	0.993102	0.993102	0.993101	2.51581e-21	7.12989e-10	0.993092	2.64888e-17	2.92222e-28	1.68702e-18	5.21985e-11	0.20154	0.993102	0.858848	0.868579	0.868579	
0.993101	0.993102	0.993102	0.993102	0.993102	0.993101	1.3781e-20	0.993102	0.993102	0.991771	0.993102	0.993091	0.993102	0.993102	0.993102	0.993102	0.993102	0.993101	2.23175e-21	7.92869e-10	0.993091	2.88168e-17	3.17708e-28	1.87602e-18	5.6751e-11	0.227009	0.993102	0.892172	0.902608	0.902608	
0.993101	0.993102	0.993102	0.993102	0.993102	0.993101	1.3781e-20	0.993102	0.993102	0.992052	0.993102	0.993092	0.993102	0.993102	0.993102	0.993102	0.993102	0.993101	2.36953e-21	6.6071e-10	0.993092	2.27637e-17	2.8788e-28	1.56332e-18	5.14229e-11	0.195447	0.993102	0.868849	0.879019	0.879019	
0.993101	0.993102	0.993102	0.993102	0.993102	0.993101	1.3781e-20	0.993102	0.993102	0.992092	0.993102	0.993092	0.993102	0.993102	0.993102	0.993102	0.993102	0.993101	2.20721e-21	6.66715e-10	0.993092	2.1927e-17	2.95793e-28	1.57753e-18	5.28364e-11	0.202648	0.993102	0.859511	0.869424	0.869424	
0.993101	0.993102	0.993102	0.993102	0.993102	0.993101	1.3781e-20	0.993102	0.993102	0.991949	0.993102	0.993091	0.993102	0.993102	0.993102	0.993102	0.993102	0.993101	2.00809e-21	7.50538e-10	0.993091	2.50212e-17	3.1872e-28	1.77587e-18	5.69317e-11	0.22625	0.993102	0.886679	0.897037	0.897037	
0.993101	0.993102	0.993102	0.993102	0.993102	0.993101	1.3781e-20	0.993102	0.993102	0.992163	0.993102	0.993092	0.993102	0.993102	0.993102	0.993102	0.993102	0.993101	2.12744e-21	6.45738e-10	0.993092	2.0395e-17	2.94548e-28	1.5279e-18	5.2614e-11	0.200426	0.993102	0.885729	0.895809	0.895809	
0.993101	0.993102	0.993102	0.993102	0.993102	0.993101	1.3781e-20	0.993102	0.993102	0.992318	0.993102	0.993092	0.993102	0.993102	0.993102	0.993102	0.993102	0.993101	2.19821e-21	5.71066e-10	0.993092	1.70415e-17	2.77855e-28	1.35121e-18	4.96322e-11	0.18231	0.993102	0.891966	0.902251	0.902251	
0.993101	0.993102	0.993102	0.993102	0.993102	0.993101	1.3781e-20	0.993102	0.993102	0.99246	0.993102	0.993093	0.993102	0.993102	0.993102	0.993102	0.993102	0.993101	2.33738e-21	4.95507e-10	0.993093	1.39713e-17	2.58419e-28	1.17243e-18	4.61604e-11	0.16226	0.993102	0.896048	0.906519	0.906519	
0.993101	0.993102	0.993102	0.993102	0.993102	0.993101	1.3781e-20	0.993102	0.993102	0.992578	0.993102	0.993094	0.993102	0.993102	0.993102	0.993102	0.993102	0.993101	2.50603e-21	4.2848e-10	0.993094	1.14054e-17	2.39743e-28	1.01384e-18	4.28243e-11	0.143636	0.993102	0.920377	0.931706	0.931706	
0.993101	0.993102	0.993102	0.993102	0.993102	0.993101	1.3781e-20	0.993102	0.993102	0.992701	0.993102	0.993095	0.993102	0.993102	0.993102	0.993102	0.993102	0.993101	3.14974e-21	3.42053e-10	0.993095	8.75147e-18	2.07415e-28	8.09339e-19	3.70497e-11	0.116221	0.993102	0.938233	0.950071	0.950071	
0.993101	0.993102	0.993102	0.993102	0.993102	0.993101	1.3781e-20	0.993102	0.993102	0.992799	0.993102	0.993096	0.993102	0.993102	0.993102	0.993102	0.993102	0.993101	4.21591e-21	2.66334e-10	0.993096	6.62205e-18	1.74611e-28	6.3018e-19	3.119e-11	0.0912784	0.993102	0.920268	0.931624	0.931624	
0.993101	0.993102	0.993102	0.993102	0.993102	0.993101	1.3781e-20	0.993102	0.993102	0.992865	0.993102	0.993096	0.993102	0.993102	0.993102	0.993102	0.993102	0.993101	4.42778e-21	2.20807e-10	0.993096	5.17356e-18	1.58725e-28	5.22456e-19	2.83524e-11	0.0770757	0.993102	0.930545	0.942186	0.942186	
0.993101	0.993102	0.993102	0.993102	0.993102	0.993101	1.3781e-20	0.993102	0.993102	0.99292	0.993102	0.993097	0.993102	0.993102	0.993102	0.993102	0.993102	0.993101	4.89476e-21	1.79406e-10	0.993097	3.98846e-18	1.41493e-28	4.24497e-19	2.52743e-11	0.0635275	0.993102	0.914976	0.92581	0.92581	
0.993101	0.993102	0.993102	0.993102	0.993102	0.993101	1.3781e-20	0.993102	0.993102	0.992952	0.993102	0.993097	0.993102	0.993102	0.993102	0.993102	0.993102	0.993101	4.7842e-21	1.61114e-10	0.993097	3.28774e-18	1.37405e-28	3.81216e-19	2.45442e-11	0.0583985	0.993102	0.898882	0.909277	0.909277	
0.993101	0.993102	0.993102	0.993102	0.993102	0.993101	1.3781e-20	0.993102	0.993102	0.992954	0.993102	0.993097	0.993102	0.993102	0.993102	0.993102	0.993102	0.993101	4.37864e-21	1.72159e-10	0.993097	3.2638e-18	1.46703e-28	4.07349e-19	2.6205e-11	0.063757	0.993102	0.902638	0.912997	0.912997	
0.993101	0.993102	0.993102	0.993102	0.993102	0.993101	1.3781e-20	0.993102	0.993102	0.992962	0.993102	0.993097	0.993102	0.993102	0.993102	0.993102	0.993102	0.993101	4.13624e-21	1.73257e-10	0.993097	3.08417e-18	1.50514e-28	4.09946e-19	2.68857e-11	0.0651753	0.993102	0.895597	0.906064	0.906064	
0.993101	0.993102	0.993102	0.993102	0.993102	0.993101	1.3781e-20	0.993102	0.993102	0.992953	0.993102	0.993096	0.993102	0.993102	0.993102	0.993102	0.993102	0.993101	3.84515e-21	1.88407e-10	0.993096	3.28519e-18	1.59425e-28	4.45795e-19	2.84775e-11	0.0713606	0.993102	0.892058	0.902346	0.902346	
0.993101	0.993102	0.993102	0.993102	0.993102	0.993101	1.3781e-20	0.993102	0.993102	0.992935	0.993102	0.993096	0.993102	0.993102	0.993102	0.993102	0.993102	0.993101	3.57109e-21	2.08923e-10	0.993096	3.67114e-18	1.69706e-28	4.94338e-19	3.03139e-11	0.0791539	0.993102	0.903148	0.914359	0.914359	
0.993101	0.993102	0.993102	0.993102	0.993102	0.993101	1.3781e-20	0.993102	0.993102	0.99295	0.993102	0.993096	0.993102	0.993102	0.993102	0.993102	0.993102	0.993101	3.57091e-21	1.99133e-10	0.993096	3.35912e-18	1.66631e-28	4.71174e-19	2.97647e-11	0.0760978	0.993102	0.933904	0.945608	0.945608	
0.993101	0.993102	0.993102	0.993102	0.993102	0.993101	1.3781e-20	0.993102	0.993102	0.992984	0.993102	0.993097	0.993102	0.993102	0.993102	0.993102	0.993102	0.993101	4.36775e-21	1.6139e-10	0.993097	2.60925e-18	1.45906e-28	3.81868e-19	2.60626e-11	0.0620684	0.993102	0.89623	0.907155	0.907155	
0.993101	0.993102	0.993102	0.993102	0.993102	0.993101	1.3781e-20	0.993102	0.993102	0.992973	0.993102	0.993097	0.993102	0.993102	0.993102	0.993102	0.993102	0.993101	4.04198e-21	1.77535e-10	0.993097	2.88479e-18	1.54967e-28	4.2007e-19	2.76811e-11	0.0683368	0.993102	0.900039	0.910657	0.910657	
0.993101	0.993102	0.993102	0.993102	0.993102	0.993101	1.3781e-20	0.993102	0.993102	0.992972	0.993102	0.993096	0.993102	0.993102	0.993102	0.993102	0.993102	0.993101	3.84927e-21	1.81893e-10	0.993096	2.90504e-18	1.58649e-28	4.30382e-19	2.8339e-11	0.0702771	0.993102	0.874282	0.884306	0.884306	
0.993101	0.993102	0.993102	0.993102	0.993102	0.993101	1.3781e-20	0.993102	0.993102	0.992841	0.993102	0.993095	0.993102	0.993102	0.993102	0.993102	0.993102	0.993101	3.36145e-21	2.7518e-10	0.993095	5.71651e-18	1.91029e-28	6.51109e-19	3.41228e-11	0.100175	0.993102	0.908063	0.918801	0.918801	
0.993101	0.993102	0.993102	0.993102	0.993102	0.993101	1.3781e-20	0.993102	0.993102	0.992887	0.993102	0.993096	0.993102	0.993102	0.993102	0.993102	0.993102	0.993101	3.48832e-21	2.41405e-10	0.993096	4.73758e-18	1.79216e-28	5.71195e-19	3.20127e-11	0.0891112	0.993102	0.89133	0.901538	0.901538	
0.993101	0.993102	0.993102	0.993102	0.993102	0.993101	1.3781e-20	0.993102	0.993102	0.992883	0.993102	0.993096	0.993102	0.993102	0.993102	0.993102	0.993102	0.993101	3.29187e-21	2.50699e-10	0.993096	4.8141e-18	1.85336e-28	5.93184e-19	3.31059e-11	0.0931545	0.993102	0.913056	0.923829	0.923829	
0.993101	0.993102	0.993102	0.993102	0.993102	0.993101	1.3781e-20	0.993102	0.993102	0.992923	0.993102	0.993096	0.993102	0.993102	0.993102	0.993102	0.993102	0.993101	3.53993e-21	2.1664e-10	0.993096	3.943e-18	1.71486e-28	5.12598e-19	3.06319e-11	0.0814077	0.993102	0.899021	0.908895	0.908895	
0.993101	0.993102	0.993102	0.993102	0.993102	0.993101	1.3781e-20	0.993102	0.993102	0.992931	0.993102	0.993096	0.993102	0.993102	0.993102	0.993102	0.993102	0.993101	3.43331e-21	2.13959e-10	0.993096	3.75578e-18	1.72541e-28	5.06253e-19	3.08204e-11	0.0810639	0.993102	0.92348	0.934867	0.934867	
0.993101	0.993102	0.993102	0.993102	0.993102	0.993101	1.3781e-20	0.993102	0.993102	0.992966	0.993102	0.993097	0.993102	0.993102	0.993102	0.993102	0.993102	0.993101	3.9283e-21	1.7901e-10	0.993097	2.99041e-18	1.55414e-28	4.2356e-19	2.7761e-11	0.0684027	0.993102	0.88498	0.89389	0.89389	
0.993101	0.993102	0.993102	0.993102	0.993102	0.993101	1.3781e-20	0.993102	0.993102	0.992908	0.993102	0.993096	0.993102	0.993102	0.993102	0.993102	0.993102	0.993101	3.50941e-21	2.26648e-10	0.993096	4.14419e-18	1.75994e-28	5.36276e-19	3.14371e-11	0.0850541	0.993102	0.879868	0.888611	0.888611	
0.993101	0.993102	0.993102	0.993102	0.993102	0.993101	1.3781e-20	0.993102	0.993102	0.992831	0.993102	0.993095	0.993102	0.993102	0.993102	0.993102	0.993102	0.993101	3.13715e-21	2.83707e-10	0.993095	5.70061e-18	1.98042e-28	6.71286e-19	3.53754e-11	0.104073	0.993102	0.864549	0.872726	0.872726	
0.993101	0.993102	0.993102	0.993102	0.993102	0.993101	1.3781e-20	0.993102	0.993102	0.992573	0.993102	0.993094	0.993102	0.993102	0.993102	0.993102	0.993102	0.993101	2.71528e-21	4.25282e-10	0.993094	1.08573e-17	2.39351e-28	1.00627e-18	4.27544e-11	0.144061	0.993102	0.893593	0.902375	0.902375	
0.993101	0.993102	0.993102	0.993102	0.993102	0.993101	1.3781e-20	0.993102	0.993102	0.992651	0.993102	0.993094	0.993102	0.993102	0.993102	0.993102	0.993102	0.993101	2.70543e-21	3.84075e-10	0.993094	9.26416e-18	2.29483e-28	9.0877e-19	4.09917e-11	0.132839	0.993102	0.887433	0.896016	0.896016	
0.993101	0.993102	0.993102	0.993102	0.993102	0.993101	1.3781e-20	0.993102	0.993102	0.992684	0.993102	0.993094	0.993102	0.993102	0.993102	0.993102	0.993102	0.993101	2.61526e-21	3.71977e-10	0.993094	8.58844e-18	2.28932e-28	8.80145e-19	4.08932e-11	0.130676	0.993102	0.903985	0.912814	0.912814	
0.993101	0.993102	0.993102	0.993102	0.993102	0.993101	1.3781e-20	0.993102	0.993102	0.99276	0.993102	0.993095	0.993102	0.993102	0.993102	0.993102	0.993102	0.993101	2.7878e-21	3.21752e-10	0.993095	7.03698e-18	2.12192e-28	7.61305e-19	3.79031e-11	0.114874	0.993102	0.882583	0.890956	0.890956	
0.993101	0.993102	0.993102	0.993102	0.993102	0.993101	1.3781e-20	0.993102	0.993102	0.992736	0.993102	0.993094	0.993102	0.993102	0.993102	0.993102	0.993102	0.993101	2.61779e-21	3.43885e-10	0.993094	7.49073e-18	2.22087e-28	8.13675e-19	3.96706e-11	0.123072	0.993102	0.885861	0.894911	0.894911	
0.993101	0.993102	0.993102	0.993102	0.993102	0.993101	1.3781e-20	0.993102	0.993102	0.992742	0.993102	0.993094	0.993102	0.993102	0.993102	0.993102	0.993102	0.993101	2.5422e-21	3.46556e-10	0.993094	7.40838e-18	2.24676e-28	8.19996e-19	4.0133e-11	0.124862	0.993102	0.883361	0.891541	0.891541	
0.993101	0.993102	0.993102	0.993102	0.993102	0.993101	1.3781e-20	0.993102	0.993102	0.992727	0.993102	0.993094	0.993102	0.993102	0.993102	0.993102	0.993102	0.993101	2.4382e-21	3.59672e-10	0.993094	7.67537e-18	2.30692e-28	8.5103e-19	4.12076e-11	0.129692	0.993102	0.863945	0.871613	0.871613	
0.993101	0.993102	0.993102	0.993102	0.993102	0.993101	1.3781e-20	0.993102	0.993102	0.992473	0.993102	0.993093	0.993102	0.993102	0.993102	0.993102	0.993102	0.993101	2.18054e-21	4.89565e-10	0.993093	1.26481e-17	2.65835e-28	1.15837e-18	4.74851e-11	0.164916	0.993102	0.878387	0.886256	0.886256	
0.993101	0.993102	0.993102	0.993102	0.993102	0.993101	1.3781e-20	0.993102	0.993102	0.992486	0.993102	0.993093	0.993102	0.993102	0.993102	0.993102	0.993102	0.993101	2.11084e-21	4.89537e-10	0.993093	1.23554e-17	2.68466e-28	1.15831e-18	4.7955e-11	0.166498	0.993102	0.876094	0.884128	0.884128	
0.993101	0.993102	0.993102	0.993102	0.993102	0.993101	1.3781e-20	0.993102	0.993102	0.992476	0.993102	0.993093	0.993102	0.993102	0.993102	0.993102	0.993102	0.993101	2.04024e-21	5.00906e-10	0.993093	1.25519e-17	2.73458e-28	1.18521e-18	4.88468e-11	0.170927	0.993102	0.861516	0.869247	0.869247	
0.993101	0.993102	0.993102	0.993102	0.993102	0.993101	1.3781e-20	0.993102	0.993102	0.992232	0.993102	0.993092	0.993102	0.993102	0.993102	0.993102	0.993102	0.993101	1.86673e-21	6.17432e-10	0.993092	1.73703e-17	3.02352e-28	1.46092e-18	5.4008e-11	0.200615	0.993102	0.854081	0.861544	0.861544	
0.993101	0.993102	0.993102	0.993102	0.993102	0.993101	1.3781e-20	0.993102	0.993102	0.991813	0.993102	0.993091	0.993102	0.993102	0.993102	0.993102	0.993102	0.993101	1.68678e-21	7.90414e-10	0.993091	2.55281e-17	3.40252e-28	1.87022e-18	6.07779e-11	0.239361	0.993102	0.878666	0.886509	0.886509	
0.993101	0.993102	0.993102	0.993102	0.993102	0.993101	1.3781e-20	0.993102	0.993102	0.991995	0.993102	0.993091	0.993102	0.993102	0.993102	0.993102	0.993102	0.993101	1.74355e-21	7.13347e-10	0.993091	2.19466e-17	3.23798e-28	1.68787e-18	5.78388e-11	0.221825	0.993102	0.879301	0.887118	0.887118	
0.993101	0.993102	0.993102	0.993102	0.993102	0.993101	1.3781e-20	0.993102	0.993102	0.992136	0.993102	0.993092	0.993102	0.993102	0.993102	0.993102	0.993102	0.993101	1.79168e-21	6.52685e-10	0.993092	1.91617e-17	3.10649e-28	1.54433e-18	5.54901e-11	0.207828	0.993102	0.867003	0.874521	0.874521	
0.993101	0.993102	0.993102	0.993102	0.993102	0.993101	1.3781e-20	0.993102	0.993102	0.992086	0.993102	0.993091	0.993102	0.993102	0.993102	0.993102	0.993102	0.993101	1.71696e-21	6.84026e-10	0.993091	2.01028e-17	3.20398e-28	1.61849e-18	5.72314e-11	0.217646	0.993102	0.869004	0.876539	0.876539	
0.993101	0.993102	0.993102	0.993102	0.993102	0.993101	1.3781e-20	0.993102	0.993102	0.992082	0.993102	0.993091	0.993102	0.993102	0.993102	0.993102	0.993102	0.993101	1.67669e-21	6.92364e-10	0.993091	2.0153e-17	3.24213e-28	1.63822e-18	5.79129e-11	0.221315	0.993102	0.87684	0.884548	0.884548	
0.993101	0.993102	0.993102	0.993102	0.993102	0.993101	1.3781e-20	0.993102	0.993102	0.992178	0.993102	0.993092	0.993102	0.993102	0.993102	0.993102	0.993102	0.993101	1.71623e-21	6.49573e-10	0.993092	1.82625e-17	3.14566e-28	1.53697e-18	5.61897e-11	0.211072	0.993102	0.868794	0.876259	0.876259	
0.993101	0.993102	0.993102	0.993102	0.993102	0.993101	1.3781e-20	0.993102	0.993102	0.992146	0.993102	0.993091	0.993102	0.993102	0.993102	0.993102	0.993102	0.993101	1.67341e-21	6.68364e-10	0.993091	1.88481e-17	3.20324e-28	1.58143e-18	5.72181e-11	0.216836	0.993102	0.87247	0.87984	0.87984	
