0.25	0.25	0.25	0.25	0.25	0.998264	0.748264	0.998264	0.998263	0.25	0.25	0.000618156	0.25	0.25	0.25	0.000618156	0.25	0.000618156	1.27727e-12	0.000618156	0.000618156	1.27727e-12	2.63265e-21	1.27727e-12	1.27727e-12	0.25	0.25	0	0	0	
0.25	0.25	0.25	0.25	0.25	0.998264	0.748264	0.998264	0.998263	0.25	0.25	0.000618156	0.25	0.25	0.25	0.000618156	0.25	0.000618156	1.27727e-12	0.000618156	0.000618156	1.27727e-12	2.63265e-21	1.27727e-12	1.27727e-12	0.25	0.25	0	0	0	
0.437066	0.437066	0.437066	0.437066	0.437066	0.996964	0.559898	0.996964	0.996964	0.187066	0.437066	0.000462544	0.437066	0.437066	0.432569	0.245966	0.437066	0.0676981	9.55736e-13	0.250462	0.000462544	2.9129e-08	8.9104e-15	1.97218e-10	1.9722e-10	0.437066	0.437066	0.00466266	0.00466266	0.00466266	
0.57704	0.57704	0.57704	0.57704	0.57704	0.995992	0.418952	0.995992	0.995992	0.139974	0.57704	0.000346114	0.57704	0.57704	0.573673	0.434045	0.57704	0.285511	7.15143e-13	0.437412	0.000346114	4.01729e-05	6.86496e-15	7.19384e-09	7.88259e-09	0.57704	0.57704	0.0130239	0.013024	0.013024	
0.681778	0.681778	0.681778	0.681778	0.681778	0.995264	0.313486	0.995265	0.995264	0.104738	0.681778	0.000259169	0.681778	0.681778	0.679259	0.57478	0.681778	0.462661	5.35115e-13	0.577299	0.000259169	0.0065533	5.14717e-15	8.99029e-08	1.15568e-07	0.681778	0.681778	0.0238189	0.023819	0.023819	
0.760149	0.76015	0.76015	0.76015	0.76015	0.99472	0.23457	0.99472	0.99472	0.0783715	0.76015	0.000195815	0.76015	0.76015	0.758265	0.680087	0.760149	0.596071	4.00407e-13	0.681971	0.000195815	0.12595	3.85248e-15	5.1964e-07	8.14894e-07	0.76015	0.76015	0.0364394	0.0364394	0.0364394	
0.818792	0.818792	0.818792	0.818792	0.818792	0.994312	0.17552	0.994313	0.994312	0.0586425	0.818792	0.000158303	0.818792	0.818792	0.817382	0.758884	0.818792	0.695993	2.9961e-13	0.760293	0.000158303	0.32198	2.88284e-15	1.71228e-06	3.35267e-06	0.818792	0.818792	0.0503535	0.0503536	0.0503535	
0.862672	0.862673	0.862673	0.862673	0.862673	0.994007	0.131336	0.994008	0.994008	0.0438801	0.862673	0.000169141	0.862673	0.862673	0.861617	0.817845	0.862672	0.770779	2.24187e-13	0.818898	0.00016914	0.485687	2.15717e-15	3.75236e-06	9.2734e-06	0.862673	0.862673	0.0651647	0.0651647	0.0651647	
0.895506	0.895506	0.895506	0.895506	0.895506	0.993779	0.0982736	0.99378	0.99378	0.0328339	0.895506	0.000291432	0.895506	0.895506	0.894717	0.861964	0.895506	0.826742	1.67751e-13	0.862748	0.000291428	0.611206	1.61414e-15	6.11437e-06	1.91114e-05	0.895506	0.895506	0.0805771	0.0805772	0.0805772	
0.920074	0.920075	0.920075	0.920075	0.920075	0.993609	0.0735345	0.993609	0.993609	0.0245684	0.920075	0.000652297	0.920075	0.920075	0.919484	0.894976	0.920075	0.86862	1.25522e-13	0.895557	0.000652284	0.705844	1.20781e-15	8.03309e-06	3.16252e-05	0.920075	0.920075	0.0963706	0.0963707	0.0963707	
0.938458	0.938459	0.938458	0.938459	0.938459	0.993481	0.0550232	0.993482	0.993481	0.0183836	0.938459	0.00146272	0.938459	0.938458	0.938016	0.919678	0.938458	0.899955	9.39236e-14	0.920102	0.00146268	0.776713	9.03762e-16	9.0262e-06	4.43826e-05	0.938459	0.938459	0.112382	0.112382	0.112382	
0.952213	0.952214	0.952214	0.952214	0.952214	0.993385	0.0411719	0.993386	0.993386	0.0137558	0.952214	0.003031	0.952214	0.952214	0.951883	0.938162	0.952214	0.923403	7.02796e-14	0.938457	0.00303092	0.829385	6.76253e-16	9.05535e-06	5.49909e-05	0.952214	0.952214	0.128488	0.128489	0.128489	
0.962506	0.962507	0.962507	0.962507	0.962507	0.993314	0.0308074	0.993315	0.993314	0.010293	0.962507	0.0057713	0.962507	0.962507	0.96226	0.951992	0.962507	0.940948	5.25877e-14	0.952173	0.00577113	0.867883	5.06016e-16	8.36982e-06	6.1968e-05	0.962507	0.962507	0.144602	0.144602	0.144602	
0.970208	0.970209	0.970209	0.970209	0.970209	0.99326	0.0230521	0.993261	0.993261	0.00770185	0.970209	0.0102101	0.970209	0.970209	0.970024	0.962341	0.970209	0.954077	3.93495e-14	0.962399	0.0102098	0.894719	3.78634e-16	7.29228e-06	6.49275e-05	0.970209	0.970209	0.160654	0.160655	0.160655	
0.975971	0.975972	0.975972	0.975972	0.975972	0.99322	0.017249	0.993221	0.993221	0.00576301	0.975972	0.0169903	0.975972	0.975972	0.975834	0.970085	0.975972	0.963901	2.94438e-14	0.969981	0.0169897	0.910626	2.83318e-16	6.08911e-06	6.43043e-05	0.975972	0.975972	0.176597	0.176598	0.176598	
0.980283	0.980284	0.980284	0.980284	0.980284	0.99319	0.0129068	0.993191	0.993191	0.00431225	0.980284	0.0268696	0.980284	0.980284	0.980181	0.975879	0.980284	0.971251	2.20317e-14	0.975524	0.0268688	0.913757	2.11997e-16	4.93171e-06	6.09523e-05	0.980284	0.980284	0.192397	0.192398	0.192398	
0.98351	0.983511	0.983511	0.983511	0.983511	0.993168	0.0096577	0.993169	0.993169	0.0032267	0.983511	0.040706	0.983511	0.983511	0.983433	0.980215	0.983511	0.976752	1.64855e-14	0.979426	0.0407047	0.898381	1.5863e-16	3.90789e-06	5.58156e-05	0.983511	0.983511	0.208025	0.208025	0.208025	
0.985925	0.985926	0.985926	0.985926	0.985926	0.993151	0.0072265	0.993152	0.993152	0.00241442	0.985926	0.059414	0.985926	0.985926	0.985867	0.983459	0.985925	0.980867	1.23355e-14	0.981893	0.0594121	0.854773	1.18697e-16	3.04845e-06	4.97335e-05	0.985926	0.985926	0.223465	0.223465	0.223465	
0.987731	0.987732	0.987732	0.987732	0.987732	0.993139	0.00540733	0.993139	0.993139	0.00180662	0.987732	0.0838905	0.987732	0.987732	0.987689	0.985887	0.987732	0.983947	9.23021e-15	0.982911	0.0838879	0.774953	8.88165e-17	2.35142e-06	4.3357e-05	0.987732	0.987732	0.238704	0.238704	0.238704	
0.989083	0.989084	0.989084	0.989084	0.989084	0.993129	0.00404611	0.99313	0.99313	0.00135183	0.989084	0.114895	0.989084	0.989084	0.989051	0.987703	0.989084	0.986251	6.90663e-15	0.982178	0.114892	0.664173	6.64582e-17	1.79916e-06	3.71397e-05	0.989084	0.989084	0.253735	0.253736	0.253736	
0.990095	0.990096	0.990096	0.990096	0.990096	0.993122	0.00302755	0.993123	0.993123	0.00101153	0.990096	0.152904	0.990096	0.990096	0.990071	0.989062	0.990095	0.987976	5.16798e-15	0.978973	0.152899	0.541719	4.97283e-17	1.36859e-06	3.13639e-05	0.990096	0.990096	0.268542	0.268543	0.268543	
0.990851	0.990852	0.990852	0.990852	0.990852	0.993117	0.00226541	0.993118	0.993118	0.000756888	0.990852	0.197939	0.990852	0.990852	0.990834	0.990079	0.990852	0.989266	3.86701e-15	0.971965	0.197933	0.426699	3.72099e-17	1.03668e-06	2.61807e-05	0.990852	0.990852	0.283139	0.28314	0.28314	
0.991418	0.991419	0.991419	0.991419	0.991419	0.993113	0.00169512	0.993114	0.993114	0.000566352	0.991419	0.249492	0.991419	0.991419	0.991405	0.99084	0.991419	0.990231	2.89354e-15	0.958956	0.249485	0.328919	2.78428e-17	7.82852e-07	2.16468e-05	0.991419	0.991419	0.297519	0.297521	0.297521	
0.991842	0.991843	0.991843	0.991843	0.991843	0.99311	0.0012684	0.993111	0.993111	0.00042378	0.991843	0.306471	0.991843	0.991843	0.991832	0.99141	0.991843	0.990954	2.16513e-15	0.936725	0.306464	0.250371	2.08338e-17	5.89844e-07	1.77578e-05	0.991843	0.991843	0.311647	0.311649	0.311649	
0.992159	0.99216	0.99216	0.99216	0.99216	0.993108	0.000949097	0.993109	0.993109	0.000317099	0.99216	0.36725	0.99216	0.99216	0.992152	0.991836	0.99216	0.991494	1.62009e-15	0.901316	0.367242	0.189215	1.55892e-17	4.43688e-07	1.44739e-05	0.99216	0.99216	0.325567	0.32557	0.32557	
0.992396	0.992397	0.992397	0.992397	0.992397	0.993106	0.000710174	0.993107	0.993107	0.000237274	0.992397	0.429967	0.992397	0.992397	0.992391	0.992155	0.992397	0.991899	1.21225e-15	0.849009	0.429959	0.142408	1.16648e-17	3.33339e-07	1.1734e-05	0.992397	0.992397	0.339298	0.339302	0.339302	
0.992574	0.992574	0.992574	0.992574	0.992574	0.993105	0.000531398	0.993106	0.993106	0.000177543	0.992574	0.492706	0.992574	0.992574	0.99257	0.992393	0.992574	0.992202	9.07086e-16	0.77829	0.492698	0.106925	8.72835e-18	2.50205e-07	9.47017e-06	0.992574	0.992574	0.35279	0.352797	0.352797	
0.992706	0.992707	0.992707	0.992707	0.992707	0.993104	0.000397625	0.993105	0.993105	0.000132849	0.992707	0.553637	0.992707	0.992707	0.992704	0.992572	0.992707	0.992428	6.78739e-16	0.691845	0.55363	0.0801726	6.53111e-18	1.87675e-07	7.61488e-06	0.992707	0.992707	0.366011	0.36602	0.36602	
0.992806	0.992807	0.992807	0.992807	0.992807	0.993103	0.000297529	0.993104	0.993104	9.94063e-05	0.992807	0.611242	0.992807	0.992807	0.992804	0.992705	0.992807	0.992598	5.07876e-16	0.596342	0.611234	0.060065	4.88699e-18	1.407e-07	6.10486e-06	0.992807	0.992807	0.379083	0.379095	0.379095	
0.99288	0.992881	0.992881	0.992881	0.992881	0.993103	0.00022263	0.993104	0.993104	7.43821e-05	0.992881	0.66452	0.992881	0.992881	0.992879	0.992805	0.992881	0.992724	3.80025e-16	0.4997	0.664513	0.0449787	3.65676e-18	1.05441e-07	4.88196e-06	0.992881	0.992881	0.391956	0.391975	0.391975	
0.992936	0.992937	0.992937	0.992937	0.992937	0.993102	0.000166586	0.993103	0.993103	5.56575e-05	0.992937	0.712817	0.992937	0.992937	0.992935	0.99288	0.992937	0.992819	2.84359e-16	0.408869	0.71281	0.0336718	2.73622e-18	7.89932e-08	3.89598e-06	0.992937	0.992937	0.404553	0.40458	0.40458	
0.992977	0.992978	0.992978	0.992978	0.992978	0.993102	0.00012465	0.993103	0.993103	4.16466e-05	0.992978	0.755802	0.992978	0.992978	0.992977	0.992936	0.992978	0.99289	2.12775e-16	0.3283	0.755796	0.0252029	2.04742e-18	5.91656e-08	3.10427e-06	0.992978	0.992978	0.417	0.417034	0.417034	
0.993009	0.99301	0.99301	0.99301	0.99301	0.993102	9.32711e-05	0.993103	0.993103	3.11629e-05	0.99301	0.793523	0.99301	0.99301	0.993009	0.992978	0.99301	0.992943	1.59212e-16	0.259737	0.793519	0.0188619	1.53201e-18	4.43067e-08	2.47031e-06	0.99301	0.99301	0.429119	0.429159	0.429159	
0.993032	0.993033	0.993033	0.993033	0.993033	0.993102	6.97914e-05	0.993103	0.993103	2.33186e-05	0.993033	0.826164	0.993033	0.993033	0.993032	0.993009	0.993033	0.992983	1.19133e-16	0.203214	0.82616	0.0141154	1.14635e-18	3.31748e-08	1.96425e-06	0.993033	0.993033	0.441094	0.441131	0.441131	
0.993049	0.99305	0.99305	0.99305	0.99305	0.993102	5.22223e-05	0.993103	0.993103	1.74495e-05	0.99305	0.854132	0.99305	0.99305	0.99305	0.993032	0.99305	0.993013	8.91426e-17	0.157623	0.854129	0.0105629	8.5777e-19	2.48369e-08	1.56097e-06	0.99305	0.99305	0.452925	0.452978	0.452978	
0.993062	0.993063	0.993063	0.993063	0.993063	0.993102	3.90761e-05	0.993102	0.993102	1.30591e-05	0.993063	0.877892	0.993063	0.993063	0.993063	0.99305	0.993063	0.993035	6.67022e-17	0.121439	0.877889	0.00790423	6.41838e-19	1.8593e-08	1.23999e-06	0.993063	0.993063	0.464525	0.464591	0.464591	
0.993072	0.993073	0.993073	0.993073	0.993073	0.993101	2.92392e-05	0.993102	0.993102	9.77605e-06	0.993073	0.897914	0.993073	0.993073	0.993073	0.993063	0.993073	0.993052	4.99108e-17	0.0930766	0.897911	0.00591465	4.80264e-19	1.39177e-08	9.84918e-07	0.993073	0.993073	0.476004	0.47609	0.47609	
0.99308	0.99308	0.99308	0.99308	0.99308	0.993101	2.18786e-05	0.993102	0.993102	7.3239e-06	0.99308	0.914686	0.99308	0.99308	0.99308	0.993073	0.99308	0.993064	3.73464e-17	0.0710452	0.914684	0.00442582	3.59365e-19	1.04174e-08	7.82336e-07	0.99308	0.99308	0.487294	0.487398	0.487398	
0.993085	0.993086	0.993086	0.993086	0.993086	0.993101	1.6371e-05	0.993102	0.993102	5.49762e-06	0.993086	0.928656	0.993086	0.993086	0.993086	0.99308	0.993086	0.993074	2.7945e-17	0.0540529	0.928654	0.00331173	2.689e-19	7.79711e-09	6.21576e-07	0.993086	0.993086	0.498132	0.498235	0.498235	
0.993089	0.99309	0.99309	0.99309	0.99309	0.993101	1.22498e-05	0.993102	0.993102	4.14703e-06	0.99309	0.940214	0.99309	0.99309	0.99309	0.993086	0.99309	0.99308	2.09102e-17	0.041025	0.940212	0.00247808	2.01208e-19	5.83566e-09	4.94238e-07	0.99309	0.99309	0.508963	0.509084	0.509084	
0.993092	0.993093	0.993093	0.993093	0.993093	0.993101	9.16609e-06	0.993102	0.993102	3.16703e-06	0.993093	0.949757	0.993093	0.993093	0.993093	0.99309	0.993093	0.993086	1.56463e-17	0.0310732	0.949756	0.00185427	1.50557e-19	4.3675e-09	3.93274e-07	0.993092	0.993093	0.560284	0.560507	0.560507	
0.993094	0.993095	0.993095	0.993095	0.993095	0.993101	6.85865e-06	0.993102	0.993102	3.76876e-06	0.993095	0.959305	0.993095	0.993095	0.993095	0.993093	0.993095	0.99309	1.17076e-17	0.0232991	0.959304	0.00138748	1.12656e-19	3.26816e-09	3.02659e-07	0.993092	0.993095	0.60677	0.60715	0.60715	
0.993096	0.993097	0.993097	0.993097	0.993097	0.993101	5.13208e-06	0.993102	0.993102	2.579e-05	0.993097	0.967273	0.993097	0.993097	0.993097	0.993095	0.993097	0.993093	8.76037e-18	0.0174414	0.967272	0.0010382	8.42965e-20	2.44546e-09	2.29769e-07	0.993075	0.993097	0.648956	0.649538	0.649538	
0.993097	0.993098	0.993098	0.993098	0.993098	0.993101	3.84015e-06	0.993102	0.993102	0.000311184	0.993098	0.973542	0.993098	0.993098	0.993098	0.993097	0.993098	0.993095	6.55507e-18	0.0130521	0.973542	0.000776849	6.3076e-20	1.82985e-09	1.73341e-07	0.992974	0.993098	0.688865	0.689842	0.689841	
0.993098	0.993099	0.993099	0.993099	0.993099	0.993101	2.87344e-06	0.993102	0.993102	0.0034708	0.993099	0.978361	0.993099	0.993099	0.993099	0.993098	0.993099	0.993096	4.90493e-18	0.00976671	0.978361	0.000581288	4.71975e-20	1.36921e-09	1.30336e-07	0.992474	0.993099	0.725867	0.727542	0.727542	
0.993099	0.9931	0.9931	0.9931	0.9931	0.993101	2.15009e-06	0.993102	0.993102	0.0305724	0.9931	0.982022	0.9931	0.9931	0.9931	0.993099	0.9931	0.993098	3.67019e-18	0.00730814	0.982022	0.000434957	3.53162e-20	1.02453e-09	9.78228e-08	0.990278	0.9931	0.75899	0.761237	0.761237	
0.9931	0.993101	0.993101	0.993101	0.993101	0.993101	1.60884e-06	0.993102	0.993102	0.144766	0.993101	0.984786	0.993101	0.993101	0.993101	0.9931	0.993101	0.993099	2.74631e-18	0.00546843	0.984785	0.000325462	2.64258e-20	7.6662e-10	7.33487e-08	0.982262	0.993101	0.788502	0.79122	0.79122	
0.9931	0.993101	0.993101	0.993101	0.993101	0.993101	1.20383e-06	0.993102	0.993102	0.321286	0.993101	0.986865	0.993101	0.993101	0.993101	0.993101	0.993101	0.993099	2.05503e-18	0.00409183	0.986865	0.000243532	1.97735e-20	5.73634e-10	5.49673e-08	0.958429	0.993101	0.816606	0.819995	0.819995	
0.9931	0.993101	0.993101	0.993101	0.993101	0.993101	9.00784e-07	0.993102	0.993102	0.482903	0.993101	0.988427	0.993101	0.993101	0.993101	0.993101	0.993101	0.9931	1.53782e-18	0.00306177	0.988427	0.000182226	1.47958e-20	4.29229e-10	4.11767e-08	0.899531	0.993101	0.840192	0.84411	0.84411	
0.993101	0.993102	0.993102	0.993102	0.993102	0.993101	6.74024e-07	0.993102	0.993102	0.609532	0.993102	0.989599	0.993102	0.993102	0.993102	0.993101	0.993102	0.9931	1.15088e-18	0.00229101	0.989599	0.000136353	1.10711e-20	3.21177e-10	3.08399e-08	0.800462	0.993102	0.862633	0.867198	0.867198	
0.993101	0.993102	0.993102	0.993102	0.993102	0.993101	5.04348e-07	0.993102	0.993102	0.705636	0.993102	0.990477	0.993102	0.993102	0.993102	0.993102	0.993102	0.9931	8.61471e-19	0.00171428	0.990477	0.000102028	8.28413e-21	2.40325e-10	2.30946e-08	0.672638	0.993102	0.882024	0.887076	0.887076	
0.993101	0.993102	0.993102	0.993102	0.993102	0.993101	3.77385e-07	0.993102	0.993102	0.777863	0.993102	0.991136	0.993102	0.993102	0.993102	0.993102	0.993102	0.993101	6.45068e-19	0.00128273	0.991136	7.63438e-05	6.19871e-21	1.79826e-10	1.72931e-08	0.54332	0.993102	0.899726	0.905414	0.905414	
0.993101	0.993102	0.993102	0.993102	0.993102	0.993101	2.82383e-07	0.993102	0.993102	0.832001	0.993102	0.991629	0.993102	0.993102	0.993102	0.993102	0.993102	0.993101	4.83354e-19	0.000959823	0.991629	5.71253e-05	4.63827e-21	1.34558e-10	1.29482e-08	0.427749	0.993102	0.919508	0.926271	0.926271	
0.993101	0.993102	0.993102	0.993102	0.993102	0.993101	2.11297e-07	0.993102	0.993102	0.872543	0.993102	0.991999	0.993102	0.993102	0.993102	0.993102	0.993102	0.993101	3.62719e-19	0.000718201	0.991999	4.27448e-05	3.47065e-21	1.00684e-10	9.69427e-09	0.329941	0.993102	0.933675	0.940954	0.940954	
0.993101	0.993102	0.993102	0.993102	0.993102	0.993101	1.58106e-07	0.993102	0.993102	0.902887	0.993102	0.992276	0.993102	0.993102	0.993102	0.993102	0.993102	0.993101	2.72824e-19	0.000537403	0.992276	3.19843e-05	2.59696e-21	7.53385e-11	7.25803e-09	0.252524	0.993102	0.947785	0.955869	0.955869	
0.993101	0.993102	0.993102	0.993102	0.993102	0.993101	1.18305e-07	0.993102	0.993102	0.925595	0.993102	0.992483	0.993102	0.993102	0.993102	0.993102	0.993102	0.993101	2.06081e-19	0.000402119	0.992483	2.39327e-05	1.94321e-21	5.63731e-11	5.43401e-09	0.192143	0.993102	0.95815	0.966747	0.966747	
0.993101	0.993102	0.993102	0.993102	0.993102	0.993101	8.85233e-08	0.993102	0.993102	0.942588	0.993102	0.992639	0.993102	0.993102	0.993102	0.993102	0.993102	0.993101	1.56635e-19	0.000300891	0.992639	1.7908e-05	1.45403e-21	4.21819e-11	4.06855e-09	0.145868	0.993102	0.972949	0.983454	0.983454	
0.993101	0.993102	0.993102	0.993102	0.993102	0.993101	6.62388e-08	0.993102	0.993102	0.955304	0.993102	0.992755	0.993102	0.993102	0.993102	0.993102	0.993102	0.993101	1.20733e-19	0.000225146	0.992755	1.33999e-05	1.088e-21	3.15632e-11	3.04613e-09	0.110267	0.993102	0.98363	0.993807	0.993807	
0.993101	0.993102	0.993102	0.993102	0.993102	0.993101	4.95641e-08	0.993102	0.993102	0.964819	0.993102	0.992842	0.993102	0.993102	0.993102	0.993102	0.993102	0.993101	9.46532e-20	0.000168469	0.992842	1.00266e-05	8.14111e-22	2.36176e-11	2.28075e-09	0.0832452	0.993102	0.993117	1.00267	1.00267	
0.993101	0.993102	0.993102	0.993102	0.993102	0.993101	3.7087e-08	0.993102	0.993102	0.971939	0.993102	0.992907	0.993102	0.993102	0.993102	0.993102	0.993102	0.993101	7.59109e-20	0.000126059	0.992907	7.50258e-06	6.09169e-22	1.76722e-11	1.70781e-09	0.0627999	0.993102	0.999409	1.00977	1.00977	
0.993101	0.993102	0.993102	0.993102	0.993102	0.993101	2.77508e-08	0.993102	0.993102	0.977266	0.993102	0.992956	0.993101	0.993102	0.993102	0.993102	0.993102	0.993101	6.27577e-20	9.43253e-05	0.992956	5.6139e-06	4.55819e-22	1.32234e-11	1.27895e-09	0.0473817	0.993102	1.00588	1.01638	1.01638	
0.993101	0.993102	0.993102	0.993102	0.993102	0.993101	2.07649e-08	0.993102	0.993102	0.981253	0.993102	0.992993	0.993101	0.993102	0.993102	0.993102	0.993102	0.993101	5.37764e-20	7.05802e-05	0.992993	4.20068e-06	3.41073e-22	9.89462e-12	9.57909e-10	0.0357549	0.993102	1.01163	1.02268	1.02268	
0.993101	0.993102	0.993102	0.993102	0.993102	0.993101	1.55376e-08	0.993102	0.993102	0.984236	0.993102	0.99302	0.993101	0.993102	0.993102	0.993102	0.993102	0.993101	4.80554e-20	5.28126e-05	0.99302	3.14322e-06	2.55212e-22	7.40379e-12	7.1758e-10	0.0269907	0.993102	1.01906	1.03061	1.03061	
0.993101	0.993102	0.993102	0.993102	0.993102	0.993101	1.16263e-08	0.993102	0.993102	0.986468	0.993102	0.993041	0.9931	0.993102	0.993102	0.993102	0.993102	0.993101	4.52129e-20	3.95177e-05	0.993041	2.35195e-06	1.90966e-22	5.53998e-12	5.37632e-10	0.0203702	0.993102	1.02579	1.03794	1.03794	
0.993101	0.993102	0.993102	0.993102	0.993102	0.993101	8.6995e-09	0.993102	0.993102	0.988138	0.993102	0.993056	0.9931	0.993102	0.993102	0.993102	0.993102	0.993101	4.46756e-20	2.95697e-05	0.993056	1.75988e-06	1.42893e-22	4.14537e-12	4.02888e-10	0.0153737	0.993102	1.03031	1.04376	1.04376	
0.993101	0.993102	0.993102	0.993102	0.993102	0.993101	6.50952e-09	0.993102	0.993102	0.989387	0.993102	0.993068	0.993099	0.993102	0.993102	0.993102	0.993102	0.993101	4.59311e-20	2.21259e-05	0.993068	1.31686e-06	1.06922e-22	3.10183e-12	3.01999e-10	0.0116104	0.993102	1.0326	1.04564	1.04564	
0.993101	0.993102	0.993102	0.993102	0.993102	0.993101	4.87084e-09	0.993102	0.993102	0.990323	0.993102	0.993076	0.993098	0.993102	0.993102	0.993102	0.993102	0.993101	4.72441e-20	1.6556e-05	0.993076	9.85355e-07	8.00056e-23	2.32098e-12	2.26488e-10	0.00878594	0.993102	1.03734	1.05108	1.05108	
0.993101	0.993102	0.993102	0.993102	0.993102	0.993101	3.64467e-09	0.993102	0.993102	0.991022	0.993102	0.993083	0.993097	0.993102	0.993102	0.993102	0.993102	0.993101	4.99107e-20	1.23883e-05	0.993083	7.37305e-07	5.98653e-23	1.73671e-12	1.69932e-10	0.0066544	0.993102	1.04454	1.05895	1.05895	
0.993101	0.993102	0.993102	0.993102	0.993102	0.993101	2.72717e-09	0.993102	0.993102	0.991546	0.993102	0.993087	0.993096	0.993102	0.993102	0.993102	0.993102	0.993101	5.46179e-20	9.26968e-06	0.993087	5.51699e-07	4.4795e-23	1.29952e-12	1.27547e-10	0.00503858	0.993102	1.04451	1.0592	1.0592	
0.993101	0.993102	0.993102	0.993102	0.993102	0.993101	2.04064e-09	0.993102	0.993102	0.991938	0.993102	0.993091	0.993095	0.993102	0.993102	0.993102	0.993102	0.993101	5.83259e-20	6.93617e-06	0.993091	4.12816e-07	3.35185e-23	9.7238e-13	9.58296e-11	0.00382926	0.993102	1.04847	1.06395	1.06395	
0.993101	0.993102	0.993102	0.993102	0.993102	0.993101	1.52694e-09	0.993102	0.993102	0.992231	0.993102	0.993094	0.993094	0.993102	0.993102	0.993102	0.993102	0.993101	6.31459e-20	5.19008e-06	0.993094	3.08895e-07	2.50807e-23	7.27597e-13	7.20613e-11	0.00291493	0.993102	1.05241	1.06779	1.06779	
0.993101	0.993102	0.993102	0.993102	0.993102	0.993101	1.14255e-09	0.993102	0.993102	0.99245	0.993102	0.993096	0.993093	0.993102	0.993102	0.993102	0.993102	0.993101	6.82695e-20	3.88355e-06	0.993096	2.31135e-07	1.87669e-23	5.44434e-13	5.425e-11	0.00222361	0.993102	1.05032	1.06574	1.06574	
0.993101	0.993102	0.993102	0.993102	0.993102	0.993101	8.54931e-10	0.993102	0.993102	0.992614	0.993102	0.993097	0.993092	0.993102	0.993102	0.993102	0.993102	0.993101	7.12736e-20	2.90592e-06	0.993097	1.7295e-07	1.40426e-23	4.0738e-13	4.09363e-11	0.00171	0.993102	1.05319	1.06901	1.06901	
0.993101	0.993102	0.993102	0.993102	0.993102	0.993101	6.39714e-10	0.993102	0.993102	0.992737	0.993102	0.993098	0.993091	0.993102	0.993102	0.993102	0.993102	0.993101	7.50559e-20	2.17439e-06	0.993098	1.29412e-07	1.05076e-23	3.04828e-13	3.09524e-11	0.00132035	0.993102	1.05875	1.07551	1.07551	
0.993101	0.993102	0.993102	0.993102	0.993102	0.993101	4.78675e-10	0.993102	0.993102	0.992829	0.993102	0.993099	0.993089	0.993102	0.993102	0.993102	0.993102	0.993101	8.13691e-20	1.62702e-06	0.993099	9.68343e-08	7.86244e-24	2.28092e-13	2.34427e-11	0.00102004	0.993102	1.06266	1.08008	1.08008	
0.993101	0.993102	0.993102	0.993102	0.993102	0.993101	3.58175e-10	0.993102	0.993102	0.992898	0.993102	0.9931	0.993087	0.993102	0.993102	0.993102	0.993102	0.993101	8.88814e-20	1.21744e-06	0.9931	7.24576e-08	5.88318e-24	1.70673e-13	1.77987e-11	0.000790322	0.993102	1.06256	1.08022	1.08022	
0.993101	0.993102	0.993102	0.993102	0.993102	0.993101	2.68009e-10	0.993102	0.993102	0.992949	0.993102	0.9931	0.993085	0.993102	0.993102	0.993102	0.993102	0.993101	9.47116e-20	9.10965e-07	0.9931	5.42174e-08	4.40217e-24	1.27708e-13	1.35749e-11	0.000618414	0.993102	1.06217	1.07951	1.07951	
0.993101	0.993102	0.993102	0.993102	0.993102	0.993101	2.00541e-10	0.993102	0.993102	0.992988	0.993102	0.993101	0.993084	0.993102	0.993102	0.993102	0.993102	0.993101	9.85003e-20	6.81642e-07	0.993101	4.05689e-08	3.29399e-24	9.55593e-14	1.0418e-11	0.000490381	0.993102	1.05984	1.07711	1.07711	
0.993101	0.993102	0.993102	0.993102	0.993102	0.993102	1.50058e-10	0.993102	0.993102	0.993017	0.993102	0.993101	0.993084	0.993102	0.993102	0.993102	0.993102	0.993101	1.00007e-19	5.10048e-07	0.993101	3.03562e-08	2.46477e-24	7.15035e-14	8.06861e-12	0.000397327	0.993102	1.06248	1.08022	1.08022	
0.993101	0.993102	0.993102	0.993102	0.993102	0.993102	1.12283e-10	0.993102	0.993102	0.993038	0.993102	0.993101	0.993083	0.993102	0.993102	0.993102	0.993102	0.993101	1.03085e-19	3.8165e-07	0.993101	2.27145e-08	1.8443e-24	5.35035e-14	6.29419e-12	0.000324398	0.993102	1.06662	1.0852	1.0852	
0.993101	0.993102	0.993102	0.993102	0.993102	0.993102	8.40172e-11	0.993102	0.993102	0.993054	0.993102	0.993101	0.993081	0.993102	0.993102	0.993102	0.993102	0.993101	1.08878e-19	2.85575e-07	0.993101	1.69964e-08	1.38002e-24	4.00347e-14	4.94211e-12	0.000265311	0.993102	1.06624	1.085	1.085	
0.993101	0.993102	0.993102	0.993102	0.993102	0.993102	6.2867e-11	0.993102	0.993102	0.993066	0.993102	0.993102	0.99308	0.993102	0.993102	0.993102	0.993102	0.993101	1.13188e-19	2.13686e-07	0.993102	1.27178e-08	1.03262e-24	2.99565e-14	3.93135e-12	0.000221359	0.993102	1.06168	1.0792	1.0792	
0.993101	0.993102	0.993102	0.993102	0.993102	0.993102	4.70411e-11	0.993102	0.993102	0.993075	0.993102	0.993102	0.99308	0.993102	0.993102	0.993102	0.993102	0.993101	1.12258e-19	1.59893e-07	0.993102	9.51626e-09	7.72676e-25	2.24154e-14	3.2037e-12	0.000193728	0.993102	1.07364	1.09232	1.09232	
0.993101	0.993102	0.993102	0.993102	0.993102	0.993102	3.51991e-11	0.993102	0.993102	0.993082	0.993102	0.993102	0.993077	0.993102	0.993102	0.993102	0.993102	0.993101	1.20668e-19	1.19642e-07	0.993102	7.12067e-09	5.78166e-25	1.67726e-14	2.59877e-12	0.000161973	0.993102	1.07404	1.09245	1.09245	
0.993101	0.993102	0.993102	0.993102	0.993102	0.993102	2.63382e-11	0.993102	0.993102	0.993087	0.993102	0.993102	0.993075	0.993102	0.993102	0.993102	0.993102	0.993101	1.26857e-19	8.9524e-08	0.993102	5.32814e-09	4.32622e-25	1.25503e-14	2.14559e-12	0.000138032	0.993102	1.07273	1.09127	1.09127	
0.993101	0.993102	0.993102	0.993102	0.993102	0.993102	1.97079e-11	0.993102	0.993102	0.993091	0.993102	0.993102	0.993073	0.993102	0.993102	0.993102	0.993102	0.993101	1.30735e-19	6.69876e-08	0.993102	3.98685e-09	3.23716e-25	9.39095e-15	1.81129e-12	0.000120978	0.993102	1.07353	1.09229	1.09229	
0.993101	0.993102	0.993102	0.993102	0.993102	0.993102	1.47467e-11	0.993102	0.993102	0.993094	0.993102	0.993102	0.993072	0.993102	0.993102	0.993102	0.993102	0.993101	1.34525e-19	5.01244e-08	0.993102	2.98322e-09	2.42226e-25	7.02691e-15	1.55701e-12	0.000107586	0.993102	1.07513	1.09396	1.09396	
0.993101	0.993102	0.993102	0.993102	0.993102	0.993102	1.10344e-11	0.993102	0.993102	0.993096	0.993102	0.993102	0.99307	0.993102	0.993102	0.993102	0.993102	0.993101	1.38659e-19	3.75063e-08	0.993102	2.23223e-09	1.8125e-25	5.25798e-15	1.36012e-12	9.64855e-05	0.993102	1.07406	1.09314	1.09314	
0.993101	0.993102	0.993102	0.993102	0.993102	0.993102	8.25667e-12	0.993102	0.993102	0.993097	0.993102	0.993102	0.993069	0.993102	0.993102	0.993102	0.993102	0.993101	1.41329e-19	2.80646e-08	0.993102	1.6703e-09	1.35624e-25	3.93436e-15	1.21601e-12	8.87938e-05	0.993102	1.0755	1.09453	1.09453	
0.993101	0.993102	0.993102	0.993102	0.993102	0.993102	6.17816e-12	0.993102	0.993102	0.993099	0.993102	0.993102	0.993068	0.993102	0.993102	0.993102	0.993102	0.993101	1.44337e-19	2.09998e-08	0.993102	1.24982e-09	1.01484e-25	2.94393e-15	1.10276e-12	8.2126e-05	0.993102	1.07578	1.09544	1.09544	
0.993101	0.993102	0.993102	0.993102	0.993102	0.993102	4.62289e-12	0.993102	0.993102	0.9931	0.993102	0.993102	0.993067	0.993102	0.993102	0.993102	0.993102	0.993101	1.47796e-19	1.57134e-08	0.993102	9.35197e-10	7.59375e-26	2.20284e-15	1.01453e-12	7.67664e-05	0.993102	1.07722	1.09681	1.09681	
0.993101	0.993102	0.993102	0.993102	0.993102	0.993102	3.45914e-12	0.993102	0.993102	0.9931	0.993102	0.993102	0.993066	0.993102	0.993102	0.993102	0.993102	0.993101	1.51444e-19	1.17578e-08	0.993102	6.99774e-10	5.68223e-26	1.6483e-15	9.43372e-13	7.19185e-05	0.993102	1.0778	1.09747	1.09747	
0.993101	0.993102	0.993102	0.993102	0.993102	0.993102	2.58835e-12	0.993102	0.993102	0.993101	0.993102	0.993102	0.993064	0.993102	0.993102	0.993102	0.993102	0.993101	1.54778e-19	8.79797e-09	0.993102	5.23615e-10	4.25191e-26	1.23337e-15	8.87722e-13	6.79374e-05	0.993102	1.07693	1.09634	1.09634	
0.993101	0.993102	0.993102	0.993102	0.993102	0.993102	1.93677e-12	0.993102	0.993102	0.993101	0.993102	0.993102	0.993064	0.993102	0.993102	0.993102	0.993102	0.993101	1.5613e-19	6.58324e-09	0.993102	3.91802e-10	3.18165e-26	9.22883e-16	8.50251e-13	6.55358e-05	0.993102	1.0798	1.09919	1.09919	
0.993101	0.993102	0.993102	0.993102	0.993102	0.993102	1.44921e-12	0.993102	0.993102	0.993101	0.993102	0.993102	0.993062	0.993102	0.993102	0.993102	0.993102	0.993101	1.59499e-19	4.92603e-09	0.993102	2.93171e-10	2.38081e-26	6.9056e-16	8.11895e-13	6.21495e-05	0.993102	1.07809	1.09772	1.09772	
0.993101	0.993102	0.993102	0.993102	0.993102	0.993102	1.08439e-12	0.993102	0.993102	0.993102	0.993102	0.993102	0.993062	0.993102	0.993102	0.993102	0.993102	0.993101	1.60979e-19	3.686e-09	0.993102	2.19369e-10	1.78158e-26	5.16721e-16	7.88434e-13	6.0475e-05	0.993102	1.0804	1.09999	1.09999	
0.993101	0.993102	0.993102	0.993102	0.993102	0.993102	8.11412e-13	0.993102	0.993102	0.993102	0.993102	0.993102	0.99306	0.993102	0.993102	0.993102	0.993102	0.993101	1.63994e-19	2.75813e-09	0.993102	1.64146e-10	1.33319e-26	3.86643e-16	7.62839e-13	5.79996e-05	0.993102	1.08102	1.09977	1.09977	
0.993101	0.993102	0.993102	0.993102	0.993102	0.993102	6.0715e-13	0.993102	0.993102	0.993102	0.993102	0.993102	0.993059	0.993102	0.993102	0.993102	0.993102	0.993101	1.65329e-19	2.06384e-09	0.993102	1.22825e-10	9.97672e-27	2.89311e-16	7.44454e-13	5.60446e-05	0.993102	1.0833	1.10355	1.10355	
0.993101	0.993102	0.993102	0.993102	0.993102	0.993102	4.54308e-13	0.993102	0.993102	0.993102	0.993102	0.993102	0.993057	0.993102	0.993102	0.993102	0.993102	0.993101	1.71071e-19	1.54432e-09	0.993102	9.19051e-11	7.46611e-27	2.16481e-16	7.1807e-13	5.31409e-05	0.993102	1.08372	1.10396	1.10396	
0.993101	0.993102	0.993102	0.993102	0.993102	0.993102	3.39942e-13	0.993102	0.993102	0.993102	0.993102	0.993102	0.993055	0.993102	0.993102	0.993102	0.993102	0.993101	1.75746e-19	1.15559e-09	0.993102	6.87693e-11	5.58752e-27	1.61985e-16	6.97008e-13	5.07822e-05	0.993102	1.08405	1.10426	1.10426	
0.993101	0.993102	0.993102	0.993102	0.993102	0.993102	2.54367e-13	0.993102	0.993102	0.993102	0.993102	0.993102	0.993053	0.993102	0.993102	0.993102	0.993102	0.993101	1.79518e-19	8.64708e-10	0.993102	5.14575e-11	4.18182e-27	1.21208e-16	6.80276e-13	4.88795e-05	0.993102	1.08502	1.10532	1.10532	
0.993101	0.993102	0.993102	0.993102	0.993102	0.993102	1.90333e-13	0.993102	0.993102	0.993102	0.993102	0.993102	0.993051	0.993102	0.993102	0.993102	0.993102	0.993101	1.83461e-19	6.47054e-10	0.993102	3.85038e-11	3.12998e-27	9.06953e-17	6.64423e-13	4.70231e-05	0.993102	1.08341	1.10334	1.10334	
0.993101	0.993102	0.993102	0.993102	0.993102	0.993102	1.42419e-13	0.993102	0.993102	0.993102	0.993102	0.993102	0.993051	0.993102	0.993102	0.993102	0.993102	0.993101	1.84147e-19	4.84194e-10	0.993102	2.8811e-11	2.34295e-27	6.7864e-17	6.58839e-13	4.64097e-05	0.993102	1.0759	1.09386	1.09386	
0.993101	0.993102	0.993102	0.993102	0.993102	0.993102	1.06567e-13	0.993102	0.993102	0.993102	0.993102	0.993102	0.993054	0.993102	0.993102	0.993102	0.993102	0.993101	1.75069e-19	3.62342e-10	0.993102	2.15582e-11	1.75424e-27	5.07803e-17	6.88417e-13	5.04941e-05	0.993102	1.08646	1.10503	1.10503	
0.993101	0.993102	0.993102	0.993102	0.993102	0.993102	7.97404e-14	0.993102	0.993102	0.993102	0.993102	0.993102	0.993052	0.993102	0.993102	0.993102	0.993102	0.993101	1.78164e-19	2.71151e-10	0.993102	1.61312e-11	1.31351e-27	3.79971e-17	6.71449e-13	4.79947e-05	0.993102	1.08327	1.10096	1.10096	
0.993101	0.993102	0.993102	0.993102	0.993102	0.993102	5.96669e-14	0.993102	0.993102	0.993102	0.993102	0.993102	0.993052	0.993102	0.993102	0.993102	0.993102	0.993101	1.76046e-19	2.02921e-10	0.993102	1.20704e-11	9.838e-28	2.84319e-17	6.71987e-13	4.77183e-05	0.993102	1.0813	1.09943	1.09943	
0.993101	0.993102	0.993102	0.993102	0.993102	0.993102	4.46465e-14	0.993102	0.993102	0.993102	0.993102	0.993102	0.993053	0.993102	0.993102	0.993102	0.993102	0.993101	1.73538e-19	1.51868e-10	0.993102	9.03185e-12	7.3712e-28	2.12746e-17	6.77663e-13	4.83684e-05	0.993102	1.08025	1.09836	1.09836	
0.993101	0.993102	0.993102	0.993102	0.993102	0.993102	3.34074e-14	0.993102	0.993102	0.993102	0.993102	0.993102	0.993054	0.993102	0.993102	0.993102	0.993102	0.993101	1.70753e-19	1.13669e-10	0.993102	6.7582e-12	5.5256e-28	1.59191e-17	6.85708e-13	4.94042e-05	0.993102	1.07484	1.09171	1.09171	
0.993101	0.993102	0.993102	0.993102	0.993102	0.993102	2.49975e-14	0.993102	0.993102	0.993102	0.993102	0.993102	0.993057	0.993102	0.993102	0.993102	0.993102	0.993101	1.627e-19	8.50939e-11	0.993102	5.05692e-12	4.14603e-28	1.19118e-17	7.17143e-13	5.37847e-05	0.993102	1.08545	1.10397	1.10397	
0.993101	0.993102	0.993102	0.993102	0.993102	0.993102	1.87047e-14	0.993102	0.993102	0.993102	0.993102	0.993102	0.993055	0.993102	0.993102	0.993102	0.993102	0.993101	1.67883e-19	6.36978e-11	0.993102	3.78391e-12	3.11126e-28	8.91321e-18	6.96273e-13	5.08869e-05	0.993102	1.09048	1.1098	1.1098	
0.993101	0.993102	0.993102	0.993102	0.993102	0.993102	1.39961e-14	0.993102	0.993102	0.993102	0.993102	0.993102	0.99305	0.993102	0.993102	0.993102	0.993102	0.993101	1.78297e-19	4.7683e-11	0.993102	2.83136e-12	2.336e-28	6.66948e-18	6.63092e-13	4.6641e-05	0.993102	1.09047	1.10972	1.10972	
0.993101	0.993102	0.993102	0.993102	0.993102	0.993102	1.04728e-14	0.993102	0.993102	0.993102	0.993102	0.993102	0.993046	0.993102	0.993102	0.993102	0.993102	0.993101	1.85926e-19	3.56998e-11	0.993102	2.1186e-12	1.75591e-28	4.99057e-18	6.38501e-13	4.34803e-05	0.993102	1.09195	1.11095	1.11095	
0.993101	0.993102	0.993102	0.993102	0.993102	0.993102	7.83639e-15	0.993102	0.993102	0.993102	0.993102	0.993102	0.993042	0.993102	0.993102	0.993102	0.993102	0.993101	1.92671e-19	2.67321e-11	0.993102	1.58527e-12	1.32166e-28	3.73431e-18	6.16642e-13	4.06622e-05	0.993102	1.08398	1.10177	1.10177	
0.993101	0.993102	0.993102	0.993102	0.993102	0.993102	5.86369e-15	0.993102	0.993102	0.993102	0.993102	0.993102	0.993044	0.993102	0.993102	0.993102	0.993102	0.993101	1.87691e-19	2.00297e-11	0.993102	1.1862e-12	9.9829e-29	2.79431e-18	6.2825e-13	4.18793e-05	0.993102	1.0896	1.10854	1.10854	
0.993101	0.993102	0.993102	0.993102	0.993102	0.993102	4.38759e-15	0.993102	0.993102	0.993102	0.993102	0.993102	0.993042	0.993102	0.993102	0.993102	0.993102	0.993101	1.91419e-19	1.50087e-11	0.993102	8.87592e-13	7.55142e-29	2.09093e-18	6.15818e-13	4.02753e-05	0.993102	1.09083	1.11008	1.11008	
0.993101	0.993102	0.993102	0.993102	0.993102	0.993102	3.28308e-15	0.993102	0.993102	0.993102	0.993102	0.993102	0.99304	0.993102	0.993102	0.993102	0.993102	0.993101	1.96125e-19	1.12505e-11	0.993102	6.64153e-13	5.72956e-29	1.56462e-18	6.02103e-13	3.85938e-05	0.993102	1.09209	1.1115	1.1115	
0.993101	0.993102	0.993102	0.993102	0.993102	0.993102	2.45661e-15	0.993102	0.993102	0.993102	0.993102	0.993102	0.993037	0.993102	0.993102	0.993102	0.993102	0.993101	2.01363e-19	8.43727e-12	0.993102	4.96961e-13	4.3641e-29	1.17079e-18	5.87861e-13	3.68932e-05	0.993102	1.09267	1.11275	1.11275	
0.993101	0.993102	0.993102	0.993102	0.993102	0.993102	1.83819e-15	0.993102	0.993102	0.993102	0.993102	0.993102	0.993034	0.993102	0.993102	0.993102	0.993102	0.993101	2.07404e-19	6.33159e-12	0.993102	3.71858e-13	3.34049e-29	8.76103e-19	5.73836e-13	3.53342e-05	0.993102	1.09343	1.1138	1.1138	
0.993101	0.993102	0.993102	0.993102	0.993102	0.993102	1.37546e-15	0.993102	0.993102	0.993102	0.993102	0.993102	0.993032	0.993102	0.993102	0.993102	0.993102	0.993101	2.13477e-19	4.75533e-12	0.993102	2.78248e-13	2.573e-29	6.55597e-19	5.60548e-13	3.38927e-05	0.993102	1.09532	1.11413	1.11413	
0.993101	0.993102	0.993102	0.993102	0.993102	0.993102	1.02921e-15	0.993102	0.993102	0.993102	0.993102	0.993102	0.993029	0.993102	0.993102	0.993102	0.993102	0.993101	2.16598e-19	3.57511e-12	0.993102	2.08203e-13	1.99823e-29	4.906e-19	5.49745e-13	3.24901e-05	0.993102	1.09027	1.1077	1.1077	
0.993101	0.993102	0.993102	0.993102	0.993102	0.993102	7.70122e-16	0.993102	0.993102	0.993102	0.993102	0.993102	0.993031	0.993102	0.993102	0.993102	0.993102	0.993101	2.1071e-19	2.69635e-12	0.993102	1.55791e-13	1.57817e-29	3.67148e-19	5.59556e-13	3.32824e-05	0.993102	1.09015	1.10738	1.10738	
0.993101	0.993102	0.993102	0.993102	0.993102	0.993102	5.76258e-16	0.993102	0.993102	0.993102	0.993102	0.993102	0.993032	0.993102	0.993102	0.993102	0.993102	0.993101	2.05809e-19	2.03899e-12	0.993102	1.16572e-13	1.26438e-29	2.74774e-19	5.67828e-13	3.39526e-05	0.993102	1.0906	1.10842	1.10842	
0.993101	0.993102	0.993102	0.993102	0.993102	0.993102	4.31196e-16	0.993102	0.993102	0.993102	0.993102	0.993102	0.993033	0.993102	0.993102	0.993102	0.993102	0.993101	2.0373e-19	1.54649e-12	0.993102	8.72269e-14	1.02786e-29	2.05653e-19	5.70952e-13	3.41879e-05	0.993102	1.09029	1.10763	1.10763	
0.993101	0.993102	0.993102	0.993102	0.993102	0.993102	3.22652e-16	0.993102	0.993102	0.993102	0.993102	0.993102	0.993034	0.993102	0.993102	0.993102	0.993102	0.993101	2.00931e-19	1.17842e-12	0.993102	6.52687e-14	8.52185e-30	1.53933e-19	5.75618e-13	3.45603e-05	0.993102	1.0905	1.10816	1.10816	
0.993101	0.993102	0.993102	0.993102	0.993102	0.993102	2.41432e-16	0.993102	0.993102	0.993102	0.993102	0.993102	0.993034	0.993102	0.993102	0.993102	0.993102	0.993101	1.99678e-19	9.02705e-13	0.993102	4.88382e-14	7.19854e-30	1.15232e-19	5.77537e-13	3.47073e-05	0.993102	1.09319	1.11199	1.11199	
0.993101	0.993102	0.993102	0.993102	0.993102	0.993102	1.80658e-16	0.993102	0.993102	0.993102	0.993102	0.993102	0.993032	0.993102	0.993102	0.993102	0.993102	0.993101	2.03872e-19	6.93835e-13	0.993102	3.65438e-14	6.14784e-30	8.62672e-20	5.68162e-13	3.37354e-05	0.993102	1.09504	1.11293	1.11293	
0.993101	0.993102	0.993102	0.993102	0.993102	0.993102	1.35184e-16	0.993102	0.993102	0.993102	0.993102	0.993102	0.99303	0.993102	0.993102	0.993102	0.993102	0.993101	2.07052e-19	5.36546e-13	0.993102	2.73444e-14	5.3474e-30	6.45917e-20	5.58603e-13	3.2586e-05	0.993102	1.09284	1.11062	1.11062	
0.993101	0.993102	0.993102	0.993102	0.993102	0.993102	1.01156e-16	0.993102	0.993102	0.993102	0.993102	0.993102	0.99303	0.993102	0.993102	0.993102	0.993102	0.993101	2.06862e-19	4.20496e-13	0.993102	2.04608e-14	4.7838e-30	4.83766e-20	5.57764e-13	3.24203e-05	0.993102	1.09002	1.1069	1.1069	
0.993101	0.993102	0.993102	0.993102	0.993102	0.993102	7.56951e-17	0.993102	0.993102	0.993102	0.993102	0.993102	0.993032	0.993102	0.993102	0.993102	0.993102	0.993101	2.02136e-19	3.36315e-13	0.993102	1.53101e-14	4.4225e-30	3.62497e-20	5.67928e-13	3.34187e-05	0.993102	1.09011	1.1074	1.1074	
0.993101	0.993102	0.993102	0.993102	0.993102	0.993102	5.66434e-17	0.993102	0.993102	0.993102	0.993102	0.993102	0.993033	0.993102	0.993102	0.993102	0.993102	0.993101	1.99464e-19	2.73074e-13	0.993102	1.1456e-14	4.14382e-30	2.7175e-20	5.74047e-13	3.40593e-05	0.993102	1.0949	1.11315	1.11315	
0.993101	0.993102	0.993102	0.993102	0.993102	0.993102	4.23876e-17	0.993102	0.993102	0.993102	0.993102	0.993102	0.99303	0.993102	0.993102	0.993102	0.993102	0.993101	2.04396e-19	2.21678e-13	0.993102	8.5721e-15	3.84455e-30	2.03751e-20	5.62415e-13	3.28166e-05	0.993102	1.08852	1.10448	1.10448	
0.993101	0.993102	0.993102	0.993102	0.993102	0.993102	3.17206e-17	0.993102	0.993102	0.993102	0.993102	0.993102	0.993034	0.993102	0.993102	0.993102	0.993102	0.993101	1.97225e-19	1.89314e-13	0.993102	6.41419e-15	3.76153e-30	1.53014e-20	5.78883e-13	3.4462e-05	0.993102	1.08948	1.10609	1.10609	
0.993101	0.993102	0.993102	0.993102	0.993102	0.993102	2.37388e-17	0.993102	0.993102	0.993102	0.993102	0.993102	0.993035	0.993102	0.993102	0.993102	0.993102	0.993101	1.93907e-19	1.63926e-13	0.993102	4.7995e-15	3.6714e-30	1.15022e-20	5.86201e-13	3.51981e-05	0.993102	1.09652	1.11438	1.11438	
0.993101	0.993102	0.993102	0.993102	0.993102	0.993102	1.77664e-17	0.993102	0.993102	0.993102	0.993102	0.993102	0.993031	0.993102	0.993102	0.993102	0.993102	0.993101	2.01178e-19	1.39046e-13	0.993102	3.59129e-15	3.47295e-30	8.64545e-21	5.68276e-13	3.32625e-05	0.993102	1.09264	1.10991	1.10991	
0.993101	0.993102	0.993102	0.993102	0.993102	0.993102	1.32974e-17	0.993102	0.993102	0.993102	0.993102	0.993102	0.993031	0.993102	0.993102	0.993102	0.993102	0.993101	2.01215e-19	1.23406e-13	0.993102	2.68723e-15	3.39236e-30	6.51489e-21	5.66992e-13	3.30726e-05	0.993102	1.09481	1.11218	1.11218	
0.993101	0.993102	0.993102	0.993102	0.993102	0.993102	9.95343e-18	0.993102	0.993102	0.993102	0.993102	0.993102	0.993029	0.993102	0.993102	0.993102	0.993102	0.993101	2.03698e-19	1.10063e-13	0.993102	2.01076e-15	3.29691e-30	4.91679e-21	5.59754e-13	3.2237e-05	0.993102	1.08914	1.10551	1.10551	
0.993101	0.993102	0.993102	0.993102	0.993102	0.993102	7.45126e-18	0.993102	0.993102	0.993102	0.993102	0.993102	0.993032	0.993102	0.993102	0.993102	0.993102	0.993101	1.98005e-19	1.05036e-13	0.993102	1.50458e-15	3.33366e-30	3.73272e-21	5.73659e-13	3.37068e-05	0.993102	1.0902	1.10718	1.10718	
0.993101	0.993102	0.993102	0.993102	0.993102	0.993102	5.57897e-18	0.993102	0.993102	0.993102	0.993102	0.993102	0.993033	0.993102	0.993102	0.993102	0.993102	0.993101	1.95869e-19	1.00069e-13	0.993102	1.12582e-15	3.3327e-30	2.84387e-21	5.7898e-13	3.42972e-05	0.993102	1.08966	1.10637	1.10637	
0.993101	0.993102	0.993102	0.993102	0.993102	0.993102	4.17801e-18	0.993102	0.993102	0.993102	0.993102	0.993102	0.993035	0.993102	0.993102	0.993102	0.993102	0.993101	1.93244e-19	9.69416e-14	0.993102	8.42411e-16	3.34573e-30	2.18017e-21	5.85419e-13	3.4988e-05	0.993102	1.08835	1.10439	1.10439	
0.993101	0.993102	0.993102	0.993102	0.993102	0.993102	3.12972e-18	0.993102	0.993102	0.993102	0.993102	0.993102	0.993037	0.993102	0.993102	0.993102	0.993102	0.993101	1.88878e-19	9.61014e-14	0.993102	6.30345e-16	3.38984e-30	1.68709e-21	5.96374e-13	3.61387e-05	0.993102	1.09084	1.10741	1.10741	
0.993101	0.993102	0.993102	0.993102	0.993102	0.993102	2.34533e-18	0.993102	0.993102	0.993102	0.993102	0.993102	0.993037	0.993102	0.993102	0.993102	0.993102	0.993101	1.88864e-19	9.30146e-14	0.993102	4.71664e-16	3.37094e-30	1.31233e-21	5.95298e-13	3.5961e-05	0.993102	1.09386	1.11132	1.11132	
0.993101	0.993102	0.993102	0.993102	0.993102	0.993102	1.75839e-18	0.993102	0.993102	0.993102	0.993102	0.993102	0.993034	0.993102	0.993102	0.993102	0.993102	0.993101	1.93646e-19	8.79713e-14	0.993102	3.52929e-16	3.29398e-30	1.02544e-21	5.83273e-13	3.46727e-05	0.993102	1.08987	1.10624	1.10624	
0.993101	0.993102	0.993102	0.993102	0.993102	0.993102	1.31921e-18	0.993102	0.993102	0.993102	0.993102	0.993102	0.993035	0.993102	0.993102	0.993102	0.993102	0.993101	1.9115e-19	8.7855e-14	0.993102	2.64084e-16	3.31895e-30	8.19421e-22	5.89023e-13	3.52544e-05	0.993102	1.07999	1.09412	1.09412	
0.993101	0.993102	0.993102	0.993102	0.993102	0.993101	9.90586e-19	0.993102	0.993102	0.993102	0.993102	0.993102	0.993042	0.993102	0.993102	0.993102	0.993102	0.993101	1.77728e-19	9.99426e-14	0.993102	1.97605e-16	3.57202e-30	6.94074e-22	6.35191e-13	4.08347e-05	0.993102	1.08726	1.10299	1.10299	
0.993101	0.993102	0.993102	0.993102	0.993102	0.993101	7.44689e-19	0.993102	0.993102	0.993102	0.993102	0.993102	0.993043	0.993102	0.993102	0.993102	0.993102	0.993101	1.75776e-19	9.95543e-14	0.993102	1.4786e-16	3.5844e-30	5.77961e-22	6.38125e-13	4.10238e-05	0.993102	1.08634	1.10211	1.10211	
0.993101	0.993102	0.993102	0.993102	0.993102	0.993101	5.60692e-19	0.993102	0.993102	0.993102	0.993102	0.993102	0.993044	0.993102	0.993102	0.993102	0.993102	0.993101	1.73613e-19	1.00167e-13	0.993102	1.10638e-16	3.60972e-30	4.93214e-22	6.43188e-13	4.15469e-05	0.993102	1.08718	1.10312	1.10312	
0.993101	0.993102	0.993102	0.993102	0.993102	0.993101	4.23015e-19	0.993102	0.993102	0.993102	0.993102	0.993102	0.993045	0.993102	0.993102	0.993102	0.993102	0.993101	1.72999e-19	9.96926e-14	0.993102	8.27867e-17	3.61012e-30	4.27596e-22	6.43662e-13	4.15444e-05	0.993102	1.08803	1.10412	1.10412	
0.993101	0.993102	0.993102	0.993102	0.993102	0.993101	3.19996e-19	0.993102	0.993102	0.993102	0.993102	0.993102	0.993045	0.993102	0.993102	0.993102	0.993102	0.993101	1.73522e-19	9.84405e-14	0.993102	6.19463e-17	3.59257e-30	3.76372e-22	6.4083e-13	4.11632e-05	0.993102	1.0911	1.10724	1.10724	
0.993101	0.993102	0.993102	0.993102	0.993102	0.993101	2.4291e-19	0.993102	0.993102	0.993102	0.993102	0.993102	0.993042	0.993102	0.993102	0.993102	0.993102	0.993101	1.76814e-19	9.47242e-14	0.993102	4.63522e-17	3.52539e-30	3.31467e-22	6.29056e-13	3.97034e-05	0.993102	1.0916	1.10804	1.10804	
0.993101	0.993102	0.993102	0.993102	0.993102	0.993101	1.8523e-19	0.993102	0.993102	0.993102	0.993102	0.993102	0.99304	0.993102	0.993102	0.993102	0.993102	0.993101	1.80317e-19	9.14033e-14	0.993102	3.46837e-17	3.46187e-30	2.96589e-22	6.17879e-13	3.83828e-05	0.993102	1.09101	1.10721	1.10721	
0.993101	0.993102	0.993102	0.993102	0.993102	0.993101	1.4207e-19	0.993102	0.993102	0.993102	0.993102	0.993102	0.993039	0.993102	0.993102	0.993102	0.993102	0.993101	1.81929e-19	8.95088e-14	0.993102	2.59525e-17	3.42808e-30	2.71887e-22	6.11969e-13	3.76442e-05	0.993102	1.09229	1.10891	1.10891	
0.993101	0.993102	0.993102	0.993102	0.993102	0.993101	1.09775e-19	0.993102	0.993102	0.993102	0.993102	0.993102	0.993038	0.993102	0.993102	0.993102	0.993102	0.993101	1.85172e-19	8.68735e-14	0.993102	1.94193e-17	3.37484e-30	2.50522e-22	6.02554e-13	3.65769e-05	0.993102	1.09322	1.10967	1.10967	
0.993101	0.993102	0.993102	0.993102	0.993102	0.993101	8.56099e-20	0.993102	0.993102	0.993102	0.993102	0.993102	0.993036	0.993102	0.993102	0.993102	0.993102	0.993101	1.88178e-19	8.42358e-14	0.993102	1.45308e-17	3.32274e-30	2.32961e-22	5.93319e-13	3.54969e-05	0.993102	1.09178	1.10938	1.10938	
0.993101	0.993102	0.993102	0.993102	0.993102	0.993102	6.7528e-20	0.993102	0.993102	0.993102	0.993102	0.993102	0.993035	0.993102	0.993102	0.993102	0.993102	0.993101	1.91285e-19	8.29397e-14	0.993102	1.08729e-17	3.28842e-30	2.21423e-22	5.87241e-13	3.49751e-05	0.993102	1.09268	1.11065	1.11065	
0.993101	0.993102	0.993102	0.993102	0.993102	0.993102	5.39979e-20	0.993102	0.993102	0.993102	0.993102	0.993102	0.993033	0.993102	0.993102	0.993102	0.993102	0.993101	1.9528e-19	8.1128e-14	0.993102	8.13577e-18	3.24273e-30	2.10798e-22	5.7912e-13	3.42289e-05	0.993102	1.09439	1.1128	1.1128	
0.993101	0.993102	0.993102	0.993102	0.993102	0.993102	4.38738e-20	0.993102	0.993102	0.993102	0.993102	0.993102	0.993031	0.993102	0.993102	0.993102	0.993102	0.993101	2.01061e-19	7.83561e-14	0.993102	6.08771e-18	3.17555e-30	1.99497e-22	5.67148e-13	3.3072e-05	0.993102	1.09329	1.11198	1.11198	
0.993101	0.993102	0.993102	0.993102	0.993102	0.993102	3.62984e-20	0.993102	0.993102	0.993102	0.993102	0.993102	0.99303	0.993102	0.993102	0.993102	0.993102	0.993101	2.04773e-19	7.69718e-14	0.993102	4.55522e-18	3.13776e-30	1.92673e-22	5.6042e-13	3.24979e-05	0.993102	1.0873	1.10387	1.10387	
0.993101	0.993102	0.993102	0.993102	0.993102	0.993102	3.06299e-20	0.993102	0.993102	0.993102	0.993102	0.993102	0.993034	0.993102	0.993102	0.993102	0.993102	0.993101	1.97504e-19	8.19118e-14	0.993102	3.40851e-18	3.24357e-30	2.01706e-22	5.79338e-13	3.45937e-05	0.993102	1.09357	1.11179	1.11179	
0.993101	0.993102	0.993102	0.993102	0.993102	0.993102	2.63884e-20	0.993102	0.993102	0.993102	0.993102	0.993102	0.993032	0.993102	0.993102	0.993102	0.993102	0.993101	2.01412e-19	7.95999e-14	0.993102	2.55047e-18	3.19149e-30	1.94249e-22	5.70049e-13	3.36228e-05	0.993102	1.09074	1.1063	1.1063	
0.993101	0.993102	0.993102	0.993102	0.993102	0.993102	2.32147e-20	0.993102	0.993102	0.993102	0.993102	0.993102	0.993033	0.993102	0.993102	0.993102	0.993102	0.993101	1.96274e-19	8.1182e-14	0.993102	1.90843e-18	3.24119e-30	1.96505e-22	5.78935e-13	3.4296e-05	0.993102	1.09086	1.10639	1.10639	
0.993101	0.993102	0.993102	0.993102	0.993102	0.993102	2.08399e-20	0.993102	0.993102	0.993102	0.993102	0.993102	0.993034	0.993102	0.993102	0.993102	0.993102	0.993101	1.92481e-19	8.22805e-14	0.993102	1.42802e-18	3.27694e-30	1.97992e-22	5.85327e-13	3.47636e-05	0.993102	1.09207	1.10736	1.10736	
0.993101	0.993102	0.993102	0.993102	0.993102	0.993101	1.90629e-20	0.993102	0.993102	0.993102	0.993102	0.993102	0.993034	0.993102	0.993102	0.993102	0.993102	0.993101	1.90327e-19	8.21804e-14	0.993102	1.06854e-18	3.2872e-30	1.96923e-22	5.87165e-13	3.47239e-05	0.993102	1.09197	1.10809	1.10809	
0.993101	0.993102	0.993102	0.993102	0.993102	0.993101	1.77333e-20	0.993102	0.993102	0.993102	0.993102	0.993102	0.993034	0.993102	0.993102	0.993102	0.993102	0.993101	1.90171e-19	8.18493e-14	0.993102	7.99556e-19	3.28286e-30	1.95516e-22	5.86394e-13	3.45859e-05	0.993102	1.09223	1.10831	1.10831	
0.993101	0.993102	0.993102	0.993102	0.993102	0.993101	1.67383e-20	0.993102	0.993102	0.993102	0.993102	0.993102	0.993034	0.993102	0.993102	0.993102	0.993102	0.993101	1.90237e-19	8.14054e-14	0.993102	5.98285e-19	3.27591e-30	1.94e-22	5.85157e-13	3.43997e-05	0.993102	1.09251	1.10856	1.10856	
0.993101	0.993102	0.993102	0.993102	0.993102	0.993101	1.59939e-20	0.993102	0.993102	0.993102	0.993102	0.993102	0.993034	0.993102	0.993102	0.993102	0.993102	0.993101	1.90493e-19	8.08611e-14	0.993102	4.47682e-19	3.26667e-30	1.92363e-22	5.83507e-13	3.41707e-05	0.993102	1.09695	1.11387	1.11387	
0.993101	0.993102	0.993102	0.993102	0.993102	0.993101	1.54368e-20	0.993102	0.993102	0.993102	0.993102	0.993102	0.99303	0.993102	0.993102	0.993102	0.993102	0.993101	1.97018e-19	7.69167e-14	0.993102	3.34989e-19	3.17755e-30	1.82769e-22	5.6759e-13	3.25046e-05	0.993102	1.09594	1.11252	1.11252	
0.993101	0.993102	0.993102	0.993102	0.993102	0.993101	1.502e-20	0.993102	0.993102	0.993102	0.993102	0.993102	0.993028	0.993102	0.993102	0.993102	0.993102	0.993101	2.00084e-19	7.476e-14	0.993102	2.50665e-19	3.13098e-30	1.77471e-22	5.59272e-13	3.15937e-05	0.993102	1.09609	1.1128	1.1128	
0.993101	0.993102	0.993102	0.993102	0.993102	0.993101	1.47081e-20	0.993102	0.993102	0.993102	0.993102	0.993102	0.993026	0.993102	0.993102	0.993102	0.993102	0.993101	2.0281e-19	7.29998e-14	0.993102	1.87569e-19	3.09195e-30	1.7316e-22	5.52302e-13	3.08503e-05	0.993102	1.09402	1.11037	1.11037	
0.993101	0.993102	0.993102	0.993102	0.993102	0.993101	1.44747e-20	0.993102	0.993102	0.993102	0.993102	0.993102	0.993026	0.993102	0.993102	0.993102	0.993102	0.993101	2.01965e-19	7.32887e-14	0.993102	1.40357e-19	3.10006e-30	1.73734e-22	5.53751e-13	3.09727e-05	0.993102	1.0962	1.11269	1.11269	
0.993101	0.993102	0.993102	0.993102	0.993102	0.993101	1.43001e-20	0.993102	0.993102	0.993102	0.993102	0.993102	0.993025	0.993102	0.993102	0.993102	0.993102	0.993101	2.03875e-19	7.18969e-14	0.993102	1.05029e-19	3.0704e-30	1.70359e-22	5.48454e-13	3.03848e-05	0.993102	1.09403	1.11032	1.11032	
0.993101	0.993102	0.993102	0.993102	0.993102	0.993101	1.41694e-20	0.993102	0.993102	0.993102	0.993102	0.993102	0.993026	0.993102	0.993102	0.993102	0.993102	0.993101	2.0265e-19	7.24804e-14	0.993102	7.85952e-20	3.08476e-30	1.71679e-22	5.51019e-13	3.06316e-05	0.993102	1.09619	1.11278	1.11278	
0.993101	0.993102	0.993102	0.993102	0.993102	0.993101	1.40716e-20	0.993102	0.993102	0.993102	0.993102	0.993102	0.993024	0.993102	0.993102	0.993102	0.993102	0.993101	2.04579e-19	7.12674e-14	0.993102	5.8815e-20	3.05769e-30	1.68763e-22	5.46184e-13	3.01191e-05	0.993102	1.09747	1.11417	1.11417	
0.993101	0.993102	0.993102	0.993102	0.993102	0.993101	1.39985e-20	0.993102	0.993102	0.993102	0.993102	0.993102	0.993022	0.993102	0.993102	0.993102	0.993102	0.993101	2.07644e-19	6.94742e-14	0.993102	4.40139e-20	3.01684e-30	1.64486e-22	5.38887e-13	2.93614e-05	0.993102	1.09275	1.10812	1.10812	
0.993101	0.993102	0.993102	0.993102	0.993102	0.993101	1.39437e-20	0.993102	0.993102	0.993102	0.993102	0.993102	0.993025	0.993102	0.993102	0.993102	0.993102	0.993101	2.02441e-19	7.20122e-14	0.993102	3.29404e-20	3.08007e-30	1.70465e-22	5.50181e-13	3.0434e-05	0.993102	1.09297	1.10984	1.10984	
0.993101	0.993102	0.993102	0.993102	0.993102	0.993101	1.39028e-20	0.993102	0.993102	0.993102	0.993102	0.993102	0.993026	0.993102	0.993102	0.993102	0.993102	0.993101	2.01676e-19	7.31518e-14	0.993102	2.46543e-20	3.0996e-30	1.73143e-22	5.53671e-13	3.09157e-05	0.993102	1.09269	1.10932	1.10932	
0.993101	0.993102	0.993102	0.993102	0.993102	0.993101	1.38721e-20	0.993102	0.993102	0.993102	0.993102	0.993102	0.993027	0.993102	0.993102	0.993102	0.993102	0.993101	2.00359e-19	7.43119e-14	0.993102	1.84542e-20	3.12242e-30	1.75873e-22	5.57747e-13	3.1406e-05	0.993102	1.08704	1.10249	1.10249	
0.993101	0.993102	0.993102	0.993102	0.993102	0.993101	1.38492e-20	0.993102	0.993102	0.993102	0.993102	0.993102	0.993032	0.993102	0.993102	0.993102	0.993102	0.993101	1.92044e-19	8.07337e-14	0.993102	1.38177e-20	3.25715e-30	1.91057e-22	5.81814e-13	3.412e-05	0.993102	1.0847	1.09973	1.09973	
0.993101	0.993102	0.993102	0.993102	0.993102	0.993101	1.3832e-20	0.993102	0.993102	0.993102	0.993102	0.993102	0.993037	0.993102	0.993102	0.993102	0.993102	0.993101	1.83235e-19	8.82299e-14	0.993102	1.03498e-20	3.41008e-30	2.08786e-22	6.09131e-13	3.72879e-05	0.993102	1.0858	1.10133	1.10133	
0.993101	0.993102	0.993102	0.993102	0.993102	0.993101	1.38192e-20	0.993102	0.993102	0.993102	0.993102	0.993102	0.99304	0.993102	0.993102	0.993102	0.993102	0.993101	1.78339e-19	9.23818e-14	0.993102	7.75418e-21	3.49393e-30	2.18604e-22	6.24108e-13	3.90425e-05	0.993102	1.0811	1.09571	1.09571	
0.993101	0.993102	0.993102	0.993102	0.993102	0.993101	1.38096e-20	0.993102	0.993102	0.993102	0.993102	0.993102	0.993045	0.993102	0.993102	0.993102	0.993102	0.993101	1.69621e-19	1.01534e-13	0.993102	5.81536e-21	3.66878e-30	2.40255e-22	6.55341e-13	4.29103e-05	0.993102	1.07841	1.09308	1.09308	
0.993101	0.993102	0.993102	0.993102	0.993102	0.993101	1.38024e-20	0.993102	0.993102	0.993102	0.993102	0.993102	0.99305	0.993102	0.993102	0.993102	0.993102	0.993101	1.61278e-19	1.12024e-13	0.993102	4.36691e-21	3.85668e-30	2.65073e-22	6.88904e-13	4.73436e-05	0.993102	1.08036	1.09458	1.09458	
0.993101	0.993102	0.993102	0.993102	0.993102	0.993101	1.3797e-20	0.993102	0.993102	0.993102	0.993102	0.993102	0.993053	0.993102	0.993102	0.993102	0.993102	0.993101	1.55772e-19	1.17466e-13	0.993102	3.2815e-21	3.96429e-30	2.77945e-22	7.08127e-13	4.9643e-05	0.993102	1.08248	1.09762	1.09762	
0.993101	0.993102	0.993102	0.993102	0.993102	0.993101	1.3793e-20	0.993102	0.993102	0.993102	0.993102	0.993102	0.993054	0.993102	0.993102	0.993102	0.993102	0.993101	1.54532e-19	1.18236e-13	0.993102	2.46744e-21	3.98128e-30	2.79765e-22	7.11162e-13	4.99684e-05	0.993102	1.08033	1.09457	1.09457	
0.993101	0.993102	0.993102	0.993102	0.993102	0.993101	1.379e-20	0.993102	0.993102	0.993102	0.993102	0.993102	0.993055	0.993102	0.993102	0.993102	0.993102	0.993101	1.5073e-19	1.22132e-13	0.993102	1.86021e-21	4.05768e-30	2.88983e-22	7.24809e-13	5.16151e-05	0.993102	1.08477	1.10032	1.10032	
0.993101	0.993102	0.993102	0.993102	0.993102	0.993101	1.37877e-20	0.993102	0.993102	0.993102	0.993102	0.993102	0.993054	0.993102	0.993102	0.993102	0.993102	0.993101	1.53199e-19	1.18846e-13	0.993102	1.40231e-21	3.99778e-30	2.81206e-22	7.1411e-13	5.02263e-05	0.993102	1.08525	1.10054	1.10054	
0.993101	0.993102	0.993102	0.993102	0.993102	0.993101	1.3786e-20	0.993102	0.993102	0.993102	0.993102	0.993102	0.993054	0.993102	0.993102	0.993102	0.993102	0.993101	1.55017e-19	1.16004e-13	0.993102	1.05944e-21	3.94871e-30	2.74481e-22	7.05344e-13	4.90252e-05	0.993102	1.08699	1.10273	1.10273	
0.993101	0.993102	0.993102	0.993102	0.993102	0.993101	1.37848e-20	0.993102	0.993102	0.993102	0.993102	0.993102	0.993052	0.993102	0.993102	0.993102	0.993102	0.993101	1.58562e-19	1.11832e-13	0.993102	8.01801e-22	3.87102e-30	2.6461e-22	6.91467e-13	4.72624e-05	0.993102	1.08674	1.10218	1.10218	
0.993101	0.993102	0.993102	0.993102	0.993102	0.993101	1.37838e-20	0.993102	0.993102	0.993102	0.993102	0.993102	0.993051	0.993102	0.993102	0.993102	0.993102	0.993101	1.60498e-19	1.09118e-13	0.993102	6.09209e-22	3.82306e-30	2.58186e-22	6.82899e-13	4.61152e-05	0.993102	1.08489	1.09993	1.09993	
0.993101	0.993102	0.993102	0.993102	0.993102	0.993101	1.37831e-20	0.993102	0.993102	0.993102	0.993102	0.993102	0.993051	0.993102	0.993102	0.993102	0.993102	0.993101	1.59793e-19	1.09254e-13	0.993102	4.66266e-22	3.82969e-30	2.58509e-22	6.84084e-13	4.6173e-05	0.993102	1.0848	1.0995	1.0995	
0.993101	0.993102	0.993102	0.993102	0.993102	0.993101	1.37826e-20	0.993102	0.993102	0.993102	0.993102	0.993102	0.993051	0.993102	0.993102	0.993102	0.993102	0.993101	1.58652e-19	1.09649e-13	0.993102	3.59436e-22	3.84311e-30	2.59442e-22	6.86482e-13	4.63397e-05	0.993102	1.08338	1.09804	1.09804	
0.993101	0.993102	0.993102	0.993102	0.993102	0.993101	1.37822e-20	0.993102	0.993102	0.993102	0.993102	0.993102	0.993052	0.993102	0.993102	0.993102	0.993102	0.993101	1.56658e-19	1.11599e-13	0.993102	2.80448e-22	3.88201e-30	2.64056e-22	6.93429e-13	4.71637e-05	0.993102	1.08211	1.09636	1.09636	
0.993101	0.993102	0.993102	0.993102	0.993102	0.993101	1.37819e-20	0.993102	0.993102	0.993102	0.993102	0.993102	0.993054	0.993102	0.993102	0.993102	0.993102	0.993101	1.53605e-19	1.14855e-13	0.993102	2.22357e-22	3.94558e-30	2.7176e-22	7.04784e-13	4.85397e-05	0.993102	1.08658	1.10186	1.10186	
0.993101	0.993102	0.993102	0.993102	0.993102	0.993101	1.37817e-20	0.993102	0.993102	0.993102	0.993102	0.993102	0.993052	0.993102	0.993102	0.993102	0.993102	0.993101	1.56388e-19	1.11621e-13	0.993102	1.7575e-22	3.88476e-30	2.64109e-22	6.9392e-13	4.71733e-05	0.993102	1.0815	1.09606	1.09606	
0.993101	0.993102	0.993102	0.993102	0.993102	0.993101	1.37815e-20	0.993102	0.993102	0.993102	0.993102	0.993102	0.993054	0.993102	0.993102	0.993102	0.993102	0.993101	1.53417e-19	1.15443e-13	0.993102	1.44398e-22	3.95379e-30	2.73152e-22	7.06251e-13	4.87883e-05	0.993102	1.08211	1.09695	1.09695	
0.993101	0.993102	0.993102	0.993102	0.993102	0.993101	1.37814e-20	0.993102	0.993102	0.993102	0.993102	0.993102	0.993055	0.993102	0.993102	0.993102	0.993102	0.993101	1.52049e-19	1.17362e-13	0.993102	1.20408e-22	3.98705e-30	2.77692e-22	7.12193e-13	4.95993e-05	0.993102	1.07899	1.09326	1.09326	
0.993101	0.993102	0.993102	0.993102	0.993102	0.993101	1.37813e-20	0.993102	0.993102	0.993102	0.993102	0.993102	0.993057	0.993102	0.993102	0.993102	0.993102	0.993101	1.47976e-19	1.23318e-13	0.993102	1.05171e-22	4.09081e-30	2.91786e-22	7.30727e-13	5.21164e-05	0.993102	1.07821	1.09214	1.09214	
0.993101	0.993102	0.993102	0.993102	0.993102	0.993101	1.37812e-20	0.993102	0.993102	0.993102	0.993102	0.993102	0.993059	0.993102	0.993102	0.993102	0.993102	0.993101	1.43955e-19	1.29145e-13	0.993102	9.45983e-23	4.19335e-30	3.05573e-22	7.49044e-13	5.45788e-05	0.993102	1.07864	1.09323	1.09323	
0.993101	0.993102	0.993102	0.993102	0.993102	0.993101	1.37812e-20	0.993102	0.993102	0.993102	0.993102	0.993102	0.99306	0.993102	0.993102	0.993102	0.993102	0.993101	1.42119e-19	1.32404e-13	0.993102	8.60789e-23	4.24581e-30	3.13283e-22	7.58414e-13	5.59559e-05	0.993102	1.07672	1.09102	1.09102	
0.993101	0.993102	0.993102	0.993102	0.993102	0.993101	1.37811e-20	0.993102	0.993102	0.993102	0.993102	0.993102	0.993062	0.993102	0.993102	0.993102	0.993102	0.993101	1.39074e-19	1.37921e-13	0.993102	8.16716e-23	4.33505e-30	3.26337e-22	7.74354e-13	5.82874e-05	0.993102	1.07593	1.09013	1.09013	
0.993101	0.993102	0.993102	0.993102	0.993102	0.993101	1.37811e-20	0.993102	0.993102	0.993102	0.993102	0.993102	0.993063	0.993102	0.993102	0.993102	0.993102	0.993101	1.36153e-19	1.43381e-13	0.993102	7.92509e-23	4.42266e-30	3.39256e-22	7.90004e-13	6.05946e-05	0.993102	1.07665	1.09132	1.09132	
0.993101	0.993102	0.993102	0.993102	0.993102	0.993101	1.37811e-20	0.993102	0.993102	0.993102	0.993102	0.993102	0.993064	0.993102	0.993102	0.993102	0.993102	0.993101	1.35053e-19	1.45959e-13	0.993102	7.65101e-23	4.46046e-30	3.45357e-22	7.96756e-13	6.16843e-05	0.993102	1.08088	1.09524	1.09524	
0.993101	0.993102	0.993102	0.993102	0.993102	0.993101	1.37811e-20	0.993102	0.993102	0.993102	0.993102	0.993102	0.993063	0.993102	0.993102	0.993102	0.993102	0.993101	1.36714e-19	1.4207e-13	0.993102	7.0683e-23	4.40192e-30	3.36154e-22	7.86299e-13	6.00406e-05	0.993102	1.08374	1.09789	1.09789	
0.993101	0.993102	0.993102	0.993102	0.993102	0.993101	1.37811e-20	0.993102	0.993102	0.993102	0.993102	0.993102	0.993061	0.993102	0.993102	0.993102	0.993102	0.993101	1.39729e-19	1.35735e-13	0.993102	6.42535e-23	4.30331e-30	3.21165e-22	7.68685e-13	5.73636e-05	0.993102	1.08136	1.09572	1.09572	
0.993101	0.993102	0.993102	0.993102	0.993102	0.993101	1.3781e-20	0.993102	0.993102	0.993102	0.993102	0.993102	0.99306	0.993102	0.993102	0.993102	0.993102	0.993101	1.40551e-19	1.33798e-13	0.993102	6.11321e-23	4.27425e-30	3.16582e-22	7.63494e-13	5.6545e-05	0.993102	1.08375	1.09853	1.09853	
0.993101	0.993102	0.993102	0.993102	0.993102	0.993101	1.3781e-20	0.993102	0.993102	0.993102	0.993102	0.993102	0.993059	0.993102	0.993102	0.993102	0.993102	0.993101	1.43569e-19	1.29161e-13	0.993102	5.69559e-23	4.19484e-30	3.05611e-22	7.4931e-13	5.45856e-05	0.993102	1.08042	1.09462	1.09462	
0.993101	0.993102	0.993102	0.993102	0.993102	0.993101	1.3781e-20	0.993102	0.993102	0.993102	0.993102	0.993102	0.993059	0.993102	0.993102	0.993102	0.993102	0.993101	1.42528e-19	1.30222e-13	0.993102	5.64736e-23	4.21655e-30	3.0812e-22	7.53187e-13	5.50338e-05	0.993102	1.08481	1.09931	1.09931	
0.993101	0.993102	0.993102	0.993102	0.993102	0.993101	1.3781e-20	0.993102	0.993102	0.993102	0.993102	0.993102	0.993058	0.993102	0.993102	0.993102	0.993102	0.993101	1.45436e-19	1.25436e-13	0.993102	5.28386e-23	4.13624e-30	2.96797e-22	7.38841e-13	5.30114e-05	0.993102	1.08506	1.09982	1.09982	
0.993101	0.993102	0.993102	0.993102	0.993102	0.993101	1.3781e-20	0.993102	0.993102	0.993102	0.993102	0.993102	0.993056	0.993102	0.993102	0.993102	0.993102	0.993101	1.48204e-19	1.21435e-13	0.993102	4.99075e-23	4.06628e-30	2.8733e-22	7.26346e-13	5.13206e-05	0.993102	1.083	1.09727	1.09727	
0.993101	0.993102	0.993102	0.993102	0.993102	0.993101	1.3781e-20	0.993102	0.993102	0.993102	0.993102	0.993102	0.993056	0.993102	0.993102	0.993102	0.993102	0.993101	1.47962e-19	1.21107e-13	0.993102	4.91964e-23	4.06469e-30	2.86552e-22	7.26061e-13	5.11817e-05	0.993102	1.07972	1.09369	1.09369	
0.993101	0.993102	0.993102	0.993102	0.993102	0.993101	1.3781e-20	0.993102	0.993102	0.993102	0.993102	0.993102	0.993058	0.993102	0.993102	0.993102	0.993102	0.993101	1.45015e-19	1.25308e-13	0.993102	5.13297e-23	4.13936e-30	2.96494e-22	7.39399e-13	5.29574e-05	0.993102	1.08417	1.09874	1.09874	
0.993101	0.993102	0.993102	0.993102	0.993102	0.993101	1.3781e-20	0.993102	0.993102	0.993102	0.993102	0.993102	0.993057	0.993102	0.993102	0.993102	0.993102	0.993101	1.46912e-19	1.22449e-13	0.993102	4.9391e-23	4.08976e-30	2.8973e-22	7.30539e-13	5.17492e-05	0.993102	1.08323	1.09793	1.09793	
0.993101	0.993102	0.993102	0.993102	0.993102	0.993101	1.3781e-20	0.993102	0.993102	0.993102	0.993102	0.993102	0.993056	0.993102	0.993102	0.993102	0.993102	0.993101	1.47809e-19	1.21334e-13	0.993102	4.85487e-23	4.06891e-30	2.87091e-22	7.26815e-13	5.1278e-05	0.993102	1.08344	1.09797	1.09797	
0.993101	0.993102	0.993102	0.993102	0.993102	0.993101	1.3781e-20	0.993102	0.993102	0.993102	0.993102	0.993102	0.993056	0.993102	0.993102	0.993102	0.993102	0.993101	1.48389e-19	1.20343e-13	0.993102	4.7807e-23	4.05234e-30	2.84745e-22	7.23855e-13	5.08589e-05	0.993102	1.08598	1.10041	1.10041	
0.993101	0.993102	0.993102	0.993102	0.993102	0.993101	1.3781e-20	0.993102	0.993102	0.993102	0.993102	0.993102	0.993055	0.993102	0.993102	0.993102	0.993102	0.993101	1.50624e-19	1.16804e-13	0.993102	4.56511e-23	3.99207e-30	2.76371e-22	7.1309e-13	4.93633e-05	0.993102	1.08717	1.10235	1.10235	
0.993101	0.993102	0.993102	0.993102	0.993102	0.993101	1.3781e-20	0.993102	0.993102	0.993102	0.993102	0.993102	0.993053	0.993102	0.993102	0.993102	0.993102	0.993101	1.54493e-19	1.12531e-13	0.993102	4.32203e-23	3.91038e-30	2.66262e-22	6.98497e-13	4.75577e-05	0.993102	1.08586	1.10082	1.10082	
0.993101	0.993102	0.993102	0.993102	0.993102	0.993101	1.3781e-20	0.993102	0.993102	0.993102	0.993102	0.993102	0.993052	0.993102	0.993102	0.993102	0.993102	0.993101	1.55956e-19	1.10803e-13	0.993102	4.21864e-23	3.87791e-30	2.62174e-22	6.92697e-13	4.68277e-05	0.993102	1.08618	1.10121	1.10121	
0.993101	0.993102	0.993102	0.993102	0.993102	0.993101	1.3781e-20	0.993102	0.993102	0.993102	0.993102	0.993102	0.993051	0.993102	0.993102	0.993102	0.993102	0.993101	1.5742e-19	1.09133e-13	0.993102	4.12099e-23	3.84621e-30	2.58221e-22	6.87035e-13	4.61217e-05	0.993102	1.08005	1.0941	1.0941	
0.993101	0.993102	0.993102	0.993102	0.993102	0.993101	1.3781e-20	0.993102	0.993102	0.993102	0.993102	0.993102	0.993054	0.993102	0.993102	0.993102	0.993102	0.993101	1.5243e-19	1.15839e-13	0.993102	4.50458e-23	3.9669e-30	2.74088e-22	7.08593e-13	4.89554e-05	0.993102	1.08346	1.09842	1.09842	
0.993101	0.993102	0.993102	0.993102	0.993102	0.993101	1.3781e-20	0.993102	0.993102	0.993102	0.993102	0.993102	0.993054	0.993102	0.993102	0.993102	0.993102	0.993101	1.52515e-19	1.15956e-13	0.993102	4.50754e-23	3.96703e-30	2.74366e-22	7.08616e-13	4.90053e-05	0.993102	1.07961	1.09377	1.09377	
0.993101	0.993102	0.993102	0.993102	0.993102	0.993101	1.3781e-20	0.993102	0.993102	0.993102	0.993102	0.993102	0.993056	0.993102	0.993102	0.993102	0.993102	0.993101	1.48599e-19	1.21471e-13	0.993102	4.82823e-23	4.06456e-30	2.87414e-22	7.26039e-13	5.13357e-05	0.993102	1.08158	1.09598	1.09598	
0.993101	0.993102	0.993102	0.993102	0.993102	0.993101	1.3781e-20	0.993102	0.993102	0.993102	0.993102	0.993102	0.993057	0.993102	0.993102	0.993102	0.993102	0.993101	1.47407e-19	1.22818e-13	0.993102	4.90013e-23	4.09013e-30	2.90602e-22	7.30606e-13	5.1905e-05	0.993102	1.08387	1.09852	1.09852	
0.993101	0.993102	0.993102	0.993102	0.993102	0.993101	1.3781e-20	0.993102	0.993102	0.993102	0.993102	0.993102	0.993056	0.993102	0.993102	0.993102	0.993102	0.993101	1.48594e-19	1.20883e-13	0.993102	4.78287e-23	4.05727e-30	2.86024e-22	7.24736e-13	5.10874e-05	0.993102	1.08384	1.09871	1.09871	
0.993101	0.993102	0.993102	0.993102	0.993102	0.993101	1.3781e-20	0.993102	0.993102	0.993102	0.993102	0.993102	0.993056	0.993102	0.993102	0.993102	0.993102	0.993101	1.49797e-19	1.19341e-13	0.993102	4.69207e-23	4.02888e-30	2.82374e-22	7.19665e-13	5.04355e-05	0.993102	1.08036	1.09487	1.09487	
0.993101	0.993102	0.993102	0.993102	0.993102	0.993101	1.3781e-20	0.993102	0.993102	0.993102	0.993102	0.993102	0.993057	0.993102	0.993102	0.993102	0.993102	0.993101	1.47585e-19	1.22743e-13	0.993102	4.89266e-23	4.08694e-30	2.90424e-22	7.30036e-13	5.18732e-05	0.993102	1.08201	1.09653	1.09653	
0.993101	0.993102	0.993102	0.993102	0.993102	0.993101	1.3781e-20	0.993102	0.993102	0.993102	0.993102	0.993102	0.993057	0.993102	0.993102	0.993102	0.993102	0.993101	1.47142e-19	1.23148e-13	0.993102	4.91246e-23	4.09533e-30	2.91383e-22	7.31534e-13	5.20445e-05	0.993102	1.09323	1.10901	1.10901	
0.993101	0.993102	0.993102	0.993102	0.993102	0.993101	1.3781e-20	0.993102	0.993102	0.993102	0.993102	0.993102	0.99305	0.993102	0.993102	0.993102	0.993102	0.993101	1.58416e-19	1.11635e-13	0.993102	4.29827e-23	3.87253e-30	2.64141e-22	6.91736e-13	4.71789e-05	0.993102	1.09266	1.10788	1.10788	
0.993101	0.993102	0.993102	0.993102	0.993102	0.993101	1.3781e-20	0.993102	0.993102	0.993102	0.993102	0.993102	0.993046	0.993102	0.993102	0.993102	0.993102	0.993101	1.65232e-19	1.03692e-13	0.993102	3.86747e-23	3.72435e-30	2.45348e-22	6.65268e-13	4.38225e-05	0.993102	1.09406	1.10927	1.10927	
0.993101	0.993102	0.993102	0.993102	0.993102	0.993101	1.3781e-20	0.993102	0.993102	0.993102	0.993102	0.993102	0.993042	0.993102	0.993102	0.993102	0.993102	0.993101	1.71648e-19	9.66578e-14	0.993102	3.49294e-23	3.5908e-30	2.28704e-22	6.41411e-13	4.08496e-05	0.993102	1.09366	1.10896	1.10896	
0.993101	0.993102	0.993102	0.993102	0.993102	0.993101	1.3781e-20	0.993102	0.993102	0.993102	0.993102	0.993102	0.993039	0.993102	0.993102	0.993102	0.993102	0.993101	1.76245e-19	9.16648e-14	0.993102	3.22606e-23	3.49579e-30	2.1689e-22	6.24441e-13	3.87395e-05	0.993102	1.08941	1.104	1.104	
0.993101	0.993102	0.993102	0.993102	0.993102	0.993101	1.3781e-20	0.993102	0.993102	0.993102	0.993102	0.993102	0.99304	0.993102	0.993102	0.993102	0.993102	0.993101	1.74556e-19	9.18381e-14	0.993102	3.21541e-23	3.50907e-30	2.173e-22	6.26813e-13	3.88128e-05	0.993102	1.08889	1.10361	1.10361	
0.993101	0.993102	0.993102	0.993102	0.993102	0.993101	1.3781e-20	0.993102	0.993102	0.993102	0.993102	0.993102	0.993041	0.993102	0.993102	0.993102	0.993102	0.993101	1.73069e-19	9.23995e-14	0.993102	3.23096e-23	3.52607e-30	2.18628e-22	6.29849e-13	3.90501e-05	0.993102	1.09218	1.10745	1.10745	
0.993101	0.993102	0.993102	0.993102	0.993102	0.993101	1.3781e-20	0.993102	0.993102	0.993102	0.993102	0.993102	0.993039	0.993102	0.993102	0.993102	0.993102	0.993101	1.75867e-19	8.96697e-14	0.993102	3.08732e-23	3.47211e-30	2.12169e-22	6.2021e-13	3.78965e-05	0.993102	1.09176	1.10678	1.10678	
0.993101	0.993102	0.993102	0.993102	0.993102	0.993101	1.3781e-20	0.993102	0.993102	0.993102	0.993102	0.993102	0.993038	0.993102	0.993102	0.993102	0.993102	0.993101	1.77106e-19	8.8077e-14	0.993102	3.00018e-23	3.443e-30	2.084e-22	6.15011e-13	3.72234e-05	0.993102	1.08995	1.10478	1.10478	
0.993101	0.993102	0.993102	0.993102	0.993102	0.993101	1.3781e-20	0.993102	0.993102	0.993102	0.993102	0.993102	0.993039	0.993102	0.993102	0.993102	0.993102	0.993101	1.76084e-19	8.85485e-14	0.993102	3.0172e-23	3.45571e-30	2.09516e-22	6.17282e-13	3.74226e-05	0.993102	1.08649	1.10085	1.10085	
0.993101	0.993102	0.993102	0.993102	0.993102	0.993101	1.3781e-20	0.993102	0.993102	0.993102	0.993102	0.993102	0.993042	0.993102	0.993102	0.993102	0.993102	0.993101	1.71656e-19	9.25084e-14	0.993102	3.21715e-23	3.5371e-30	2.18886e-22	6.3182e-13	3.90961e-05	0.993102	1.08515	1.0997	1.0997	
0.993101	0.993102	0.993102	0.993102	0.993102	0.993101	1.3781e-20	0.993102	0.993102	0.993102	0.993102	0.993102	0.993044	0.993102	0.993102	0.993102	0.993102	0.993101	1.67585e-19	9.68126e-14	0.993102	3.44322e-23	3.62014e-30	2.2907e-22	6.46652e-13	4.09151e-05	0.993102	1.09079	1.10622	1.10622	
0.993101	0.993102	0.993102	0.993102	0.993102	0.993101	1.3781e-20	0.993102	0.993102	0.993102	0.993102	0.993102	0.993043	0.993102	0.993102	0.993102	0.993102	0.993101	1.70768e-19	9.40767e-14	0.993102	3.30202e-23	3.56335e-30	2.22596e-22	6.36508e-13	3.97589e-05	0.993102	1.08902	1.104	1.104	
0.993101	0.993102	0.993102	0.993102	0.993102	0.993101	1.3781e-20	0.993102	0.993102	0.993102	0.993102	0.993102	0.993043	0.993102	0.993102	0.993102	0.993102	0.993101	1.70791e-19	9.38241e-14	0.993102	3.28479e-23	3.55961e-30	2.21999e-22	6.35841e-13	3.96521e-05	0.993102	1.08972	1.10613	1.10613	
0.993101	0.993102	0.993102	0.993102	0.993102	0.993101	1.3781e-20	0.993102	0.993102	0.993102	0.993102	0.993102	0.993042	0.993102	0.993102	0.993102	0.993102	0.993101	1.73978e-19	9.23481e-14	0.993102	3.21654e-23	3.51962e-30	2.18507e-22	6.28697e-13	3.90284e-05	0.993102	1.09038	1.10676	1.10676	
0.993101	0.993102	0.993102	0.993102	0.993102	0.993101	1.3781e-20	0.993102	0.993102	0.993102	0.993102	0.993102	0.993041	0.993102	0.993102	0.993102	0.993102	0.993101	1.76926e-19	9.06817e-14	0.993102	3.13658e-23	3.47896e-30	2.14563e-22	6.21435e-13	3.83241e-05	0.993102	1.08785	1.1037	1.1037	
0.993101	0.993102	0.993102	0.993102	0.993102	0.993101	1.3781e-20	0.993102	0.993102	0.993102	0.993102	0.993102	0.993042	0.993102	0.993102	0.993102	0.993102	0.993101	1.75894e-19	9.19816e-14	0.993102	3.20509e-23	3.50182e-30	2.17639e-22	6.25517e-13	3.88735e-05	0.993102	1.08669	1.1023	1.1023	
0.993101	0.993102	0.993102	0.993102	0.993102	0.993101	1.3781e-20	0.993102	0.993102	0.993102	0.993102	0.993102	0.993043	0.993102	0.993102	0.993102	0.993102	0.993101	1.73719e-19	9.42239e-14	0.993102	3.32275e-23	3.54446e-30	2.22945e-22	6.33134e-13	3.98211e-05	0.993102	1.08622	1.10188	1.10188	
0.993101	0.993102	0.993102	0.993102	0.993102	0.993101	1.3781e-20	0.993102	0.993102	0.993102	0.993102	0.993102	0.993045	0.993102	0.993102	0.993102	0.993102	0.993101	1.71779e-19	9.63601e-14	0.993102	3.43642e-23	3.5842e-30	2.27999e-22	6.40232e-13	4.07239e-05	0.993102	1.08286	1.09806	1.09806	
0.993101	0.993102	0.993102	0.993102	0.993102	0.993101	1.3781e-20	0.993102	0.993102	0.993102	0.993102	0.993102	0.993047	0.993102	0.993102	0.993102	0.993102	0.993101	1.66899e-19	1.01952e-13	0.993102	3.74447e-23	3.68794e-30	2.4123e-22	6.58763e-13	4.3087e-05	0.993102	1.07757	1.0921	1.0921	
0.993101	0.993102	0.993102	0.993102	0.993102	0.993101	1.3781e-20	0.993102	0.993102	0.993102	0.993102	0.993102	0.993052	0.993102	0.993102	0.993102	0.993102	0.993101	1.58481e-19	1.13672e-13	0.993102	4.43521e-23	3.89299e-30	2.68961e-22	6.9539e-13	4.80398e-05	0.993102	1.07282	1.08724	1.08724	
0.993101	0.993102	0.993102	0.993102	0.993102	0.993101	1.3781e-20	0.993102	0.993102	0.993102	0.993102	0.993102	0.993057	0.993102	0.993102	0.993102	0.993102	0.993101	1.49e-19	1.30355e-13	0.993102	5.49466e-23	4.16208e-30	3.08435e-22	7.43458e-13	5.50898e-05	0.993102	1.07689	1.09175	1.09175	
0.993101	0.993102	0.993102	0.993102	0.993102	0.993101	1.3781e-20	0.993102	0.993102	0.993102	0.993102	0.993102	0.993059	0.993102	0.993102	0.993102	0.993102	0.993101	1.45078e-19	1.35702e-13	0.993102	5.80161e-23	4.25568e-30	3.21086e-22	7.60176e-13	5.73493e-05	0.993102	1.08441	1.10032	1.10032	
0.993101	0.993102	0.993102	0.993102	0.993102	0.993101	1.3781e-20	0.993102	0.993102	0.993102	0.993102	0.993102	0.993057	0.993102	0.993102	0.993102	0.993102	0.993101	1.49267e-19	1.29199e-13	0.993102	5.39499e-23	4.14592e-30	3.05701e-22	7.40571e-13	5.46016e-05	0.993102	1.0767	1.09184	1.09184	
0.993101	0.993102	0.993102	0.993102	0.993102	0.993101	1.3781e-20	0.993102	0.993102	0.993102	0.993102	0.993102	0.993059	0.993102	0.993102	0.993102	0.993102	0.993101	1.45528e-19	1.34905e-13	0.993102	5.73621e-23	4.24145e-30	3.192e-22	7.57634e-13	5.70126e-05	0.993102	1.07024	1.08466	1.08466	
0.993101	0.993102	0.993102	0.993102	0.993102	0.993101	1.3781e-20	0.993102	0.993102	0.993102	0.993102	0.993102	0.993063	0.993102	0.993102	0.993102	0.993102	0.993101	1.37782e-19	1.51164e-13	0.993102	6.83229e-23	4.48887e-30	3.57671e-22	8.01832e-13	6.38833e-05	0.993102	1.0807	1.09614	1.09614	
0.993101	0.993102	0.993102	0.993102	0.993102	0.993101	1.3781e-20	0.993102	0.993102	0.993102	0.993102	0.993102	0.993062	0.993102	0.993102	0.993102	0.993102	0.993101	1.40199e-19	1.45494e-13	0.993102	6.44124e-23	4.40416e-30	3.44255e-22	7.86699e-13	6.14873e-05	0.993102	1.08468	1.10065	1.10065	
0.993101	0.993102	0.993102	0.993102	0.993102	0.993101	1.3781e-20	0.993102	0.993102	0.993102	0.993102	0.993102	0.993059	0.993102	0.993102	0.993102	0.993102	0.993101	1.45934e-19	1.36193e-13	0.993102	5.85521e-23	4.25067e-30	3.22249e-22	7.59282e-13	5.75571e-05	0.993102	1.07863	1.09379	1.09379	
0.993101	0.993102	0.993102	0.993102	0.993102	0.993101	1.3781e-20	0.993102	0.993102	0.993102	0.993102	0.993102	0.99306	0.993102	0.993102	0.993102	0.993102	0.993101	1.44387e-19	1.3729e-13	0.993102	5.89457e-23	4.27638e-30	3.24845e-22	7.63875e-13	5.80208e-05	0.993102	1.0785	1.0934	1.0934	
0.993101	0.993102	0.993102	0.993102	0.993102	0.993101	1.3781e-20	0.993102	0.993102	0.993102	0.993102	0.993102	0.993061	0.993102	0.993102	0.993102	0.993102	0.993101	1.42779e-19	1.38479e-13	0.993102	5.94371e-23	4.30415e-30	3.27658e-22	7.68835e-13	5.85232e-05	0.993102	1.07214	1.08638	1.08638	
0.993101	0.993102	0.993102	0.993102	0.993102	0.993101	1.3781e-20	0.993102	0.993102	0.993102	0.993102	0.993102	0.993064	0.993102	0.993102	0.993102	0.993102	0.993101	1.36624e-19	1.5034e-13	0.993102	6.72271e-23	4.49147e-30	3.55723e-22	8.02295e-13	6.35355e-05	0.993102	1.06672	1.08021	1.08021	
0.993101	0.993102	0.993102	0.993102	0.993102	0.993101	1.3781e-20	0.993102	0.993102	0.993102	0.993102	0.993102	0.993068	0.993102	0.993102	0.993102	0.993102	0.993101	1.28174e-19	1.71394e-13	0.993102	8.2269e-23	4.79836e-30	4.05538e-22	8.57115e-13	7.24321e-05	0.993102	1.06723	1.08038	1.08038	
0.993101	0.993102	0.993102	0.993102	0.993102	0.993101	1.3781e-20	0.993102	0.993102	0.993102	0.993102	0.993102	0.99307	0.993102	0.993102	0.993102	0.993102	0.993101	1.21767e-19	1.86355e-13	0.993102	9.2777e-23	5.02309e-30	4.40938e-22	8.97256e-13	7.87543e-05	0.993102	1.05264	1.06474	1.06474	
0.993101	0.993102	0.993102	0.993102	0.993102	0.993101	1.3781e-20	0.993102	0.993102	0.993102	0.993102	0.993102	0.993075	0.993102	0.993102	0.993102	0.993102	0.993101	1.09631e-19	2.45812e-13	0.993102	1.4593e-22	5.71747e-30	5.81619e-22	1.02129e-12	0.000103877	0.993102	1.05306	1.0652	1.0652	
0.993101	0.993102	0.993102	0.993102	0.993102	0.993101	1.3781e-20	0.993102	0.993102	0.993102	0.993102	0.993102	0.993079	0.993102	0.993102	0.993102	0.993102	0.993101	1.00734e-19	2.88463e-13	0.993102	1.83757e-22	6.2193e-30	6.82537e-22	1.11093e-12	0.000121898	0.993102	1.0567	1.06911	1.06911	
0.993101	0.993102	0.993102	0.993102	0.993102	0.993101	1.3781e-20	0.993102	0.993102	0.993102	0.993102	0.993102	0.993081	0.993102	0.993102	0.993102	0.993102	0.993101	9.57113e-20	3.05703e-13	0.993102	1.97086e-22	6.44853e-30	7.23329e-22	1.15188e-12	0.000129183	0.993102	1.07031	1.08369	1.08369	
0.993101	0.993102	0.993102	0.993102	0.993102	0.993101	1.3781e-20	0.993102	0.993102	0.993102	0.993102	0.993102	0.993079	0.993102	0.993102	0.993102	0.993102	0.993101	9.93675e-20	2.79882e-13	0.993102	1.73302e-22	6.16616e-30	6.62234e-22	1.10144e-12	0.000118273	0.993102	1.07271	1.08571	1.08571	
0.993101	0.993102	0.993102	0.993102	0.993102	0.993101	1.3781e-20	0.993102	0.993102	0.993102	0.993102	0.993102	0.993077	0.993102	0.993102	0.993102	0.993102	0.993101	1.03031e-19	2.56239e-13	0.993102	1.52215e-22	5.90178e-30	6.06292e-22	1.05421e-12	0.000108283	0.993102	1.07222	1.08508	1.08508	
0.993101	0.993102	0.993102	0.993102	0.993102	0.993101	1.3781e-20	0.993102	0.993102	0.993102	0.993102	0.993102	0.993076	0.993102	0.993102	0.993102	0.993102	0.993101	1.05327e-19	2.39607e-13	0.993102	1.37172e-22	5.72038e-30	5.66939e-22	1.02181e-12	0.000101256	0.993102	1.07482	1.0878	1.0878	
0.993101	0.993102	0.993102	0.993102	0.993102	0.993101	1.3781e-20	0.993102	0.993102	0.993102	0.993102	0.993102	0.993075	0.993102	0.993102	0.993102	0.993102	0.993101	1.08705e-19	2.22324e-13	0.993102	1.22504e-22	5.5154e-30	5.26045e-22	9.85197e-13	9.39527e-05	0.993102	1.07475	1.08764	1.08764	
0.993101	0.993102	0.993102	0.993102	0.993102	0.993101	1.3781e-20	0.993102	0.993102	0.993102	0.993102	0.993102	0.993074	0.993102	0.993102	0.993102	0.993102	0.993101	1.11081e-19	2.09596e-13	0.993102	1.11651e-22	5.36606e-30	4.95928e-22	9.5852e-13	8.85744e-05	0.993102	1.07766	1.09071	1.09071	
0.993101	0.993102	0.993102	0.993102	0.993102	0.993101	1.3781e-20	0.993102	0.993102	0.993102	0.993102	0.993102	0.993072	0.993102	0.993102	0.993102	0.993102	0.993101	1.14845e-19	1.952e-13	0.993102	1.00277e-22	5.18053e-30	4.61866e-22	9.25379e-13	8.24914e-05	0.993102	1.07742	1.09061	1.09061	
0.993101	0.993102	0.993102	0.993102	0.993102	0.993101	1.3781e-20	0.993102	0.993102	0.993102	0.993102	0.993102	0.99307	0.993102	0.993102	0.993102	0.993102	0.993101	1.17685e-19	1.84682e-13	0.993102	9.19552e-23	5.04398e-30	4.36979e-22	9.00988e-13	7.80468e-05	0.993102	1.07478	1.08761	1.08761	
0.993101	0.993102	0.993102	0.993102	0.993102	0.993101	1.3781e-20	0.993102	0.993102	0.993102	0.993102	0.993102	0.99307	0.993102	0.993102	0.993102	0.993102	0.993101	1.1775e-19	1.81432e-13	0.993102	8.87833e-23	5.01404e-30	4.29289e-22	8.95641e-13	7.66736e-05	0.993102	1.06923	1.0813	1.0813	
0.993101	0.993102	0.993102	0.993102	0.993102	0.993101	1.3781e-20	0.993102	0.993102	0.993102	0.993102	0.993102	0.993072	0.993102	0.993102	0.993102	0.993102	0.993101	1.13884e-19	1.90571e-13	0.993102	9.47275e-23	5.15836e-30	4.50915e-22	9.21419e-13	8.0536e-05	0.993102	1.06949	1.08198	1.08198	
0.993101	0.993102	0.993102	0.993102	0.993102	0.993101	1.3781e-20	0.993102	0.993102	0.993102	0.993102	0.993102	0.993073	0.993102	0.993102	0.993102	0.993102	0.993101	1.11562e-19	1.96388e-13	0.993102	9.85015e-23	5.2474e-30	4.64677e-22	9.37323e-13	8.29938e-05	0.993102	1.07639	1.08943	1.08943	
0.993101	0.993102	0.993102	0.993102	0.993102	0.993101	1.3781e-20	0.993102	0.993102	0.993102	0.993102	0.993102	0.993072	0.993102	0.993102	0.993102	0.993102	0.993101	1.14397e-19	1.8732e-13	0.993102	9.1763e-23	5.1219e-30	4.43221e-22	9.14907e-13	7.91621e-05	0.993102	1.0706	1.08326	1.08326	
0.993101	0.993102	0.993102	0.993102	0.993102	0.993101	1.3781e-20	0.993102	0.993102	0.993102	0.993102	0.993102	0.993073	0.993102	0.993102	0.993102	0.993102	0.993101	1.12715e-19	1.91443e-13	0.993102	9.44134e-23	5.18512e-30	4.52977e-22	9.262e-13	8.09044e-05	0.993102	1.07541	1.08844	1.08844	
0.993101	0.993102	0.993102	0.993102	0.993102	0.993101	1.3781e-20	0.993102	0.993102	0.993102	0.993102	0.993102	0.993072	0.993102	0.993102	0.993102	0.993102	0.993101	1.14642e-19	1.85247e-13	0.993102	8.98041e-23	5.09935e-30	4.38318e-22	9.10878e-13	7.82864e-05	0.993102	1.0769	1.09006	1.09006	
0.993101	0.993102	0.993102	0.993102	0.993102	0.993101	1.3781e-20	0.993102	0.993102	0.993102	0.993102	0.993102	0.99307	0.993102	0.993102	0.993102	0.993102	0.993101	1.17161e-19	1.78079e-13	0.993102	8.46707e-23	4.99631e-30	4.21356e-22	8.92473e-13	7.52571e-05	0.993102	1.07238	1.08528	1.08528	
0.993101	0.993102	0.993102	0.993102	0.993102	0.993101	1.3781e-20	0.993102	0.993102	0.993102	0.993102	0.993102	0.993071	0.993102	0.993102	0.993102	0.993102	0.993101	1.16039e-19	1.80774e-13	0.993102	8.63868e-23	5.03756e-30	4.27734e-22	8.99841e-13	7.63963e-05	0.993102	1.07407	1.08711	1.08711	
0.993101	0.993102	0.993102	0.993102	0.993102	0.993101	1.3781e-20	0.993102	0.993102	0.993102	0.993102	0.993102	0.993071	0.993102	0.993102	0.993102	0.993102	0.993101	1.16338e-19	1.79562e-13	0.993102	8.53931e-23	5.02177e-30	4.24866e-22	8.97021e-13	7.58842e-05	0.993102	1.07074	1.08368	1.08368	
0.993101	0.993102	0.993102	0.993102	0.993102	0.993101	1.3781e-20	0.993102	0.993102	0.993102	0.993102	0.993102	0.993072	0.993102	0.993102	0.993102	0.993102	0.993101	1.14555e-19	1.85066e-13	0.993102	8.92895e-23	5.09878e-30	4.37887e-22	9.10777e-13	7.82097e-05	0.993102	1.06975	1.08223	1.08223	
0.993101	0.993102	0.993102	0.993102	0.993102	0.993101	1.3781e-20	0.993102	0.993102	0.993102	0.993102	0.993102	0.993073	0.993102	0.993102	0.993102	0.993102	0.993101	1.12185e-19	1.91729e-13	0.993102	9.40141e-23	5.19605e-30	4.53653e-22	9.28152e-13	8.10253e-05	0.993102	1.06834	1.08066	1.08066	
0.993101	0.993102	0.993102	0.993102	0.993102	0.993101	1.3781e-20	0.993102	0.993102	0.993102	0.993102	0.993102	0.993074	0.993102	0.993102	0.993102	0.993102	0.993101	1.09518e-19	1.99978e-13	0.993102	1.00043e-22	5.3127e-30	4.73172e-22	9.48988e-13	8.45112e-05	0.993102	1.07629	1.08969	1.08969	
0.993101	0.993102	0.993102	0.993102	0.993102	0.993101	1.3781e-20	0.993102	0.993102	0.993102	0.993102	0.993102	0.993073	0.993102	0.993102	0.993102	0.993102	0.993101	1.13253e-19	1.89883e-13	0.993102	9.28981e-23	5.16463e-30	4.49285e-22	9.22538e-13	8.02452e-05	0.993102	1.08027	1.0939	1.0939	
0.993101	0.993102	0.993102	0.993102	0.993102	0.993101	1.3781e-20	0.993102	0.993102	0.993102	0.993102	0.993102	0.99307	0.993102	0.993102	0.993102	0.993102	0.993101	1.18957e-19	1.7624e-13	0.993102	8.365e-23	4.95769e-30	4.17006e-22	8.85573e-13	7.44803e-05	0.993102	1.07012	1.08291	1.08291	
0.993101	0.993102	0.993102	0.993102	0.993102	0.993101	1.3781e-20	0.993102	0.993102	0.993102	0.993102	0.993102	0.993071	0.993102	0.993102	0.993102	0.993102	0.993101	1.16015e-19	1.84016e-13	0.993102	8.9033e-23	5.07168e-30	4.35404e-22	9.05935e-13	7.77661e-05	0.993102	1.07905	1.09281	1.09281	
0.993101	0.993102	0.993102	0.993102	0.993102	0.993101	1.3781e-20	0.993102	0.993102	0.993102	0.993102	0.993102	0.993069	0.993102	0.993102	0.993102	0.993102	0.993101	1.20367e-19	1.73471e-13	0.993102	8.17946e-23	4.91235e-30	4.10452e-22	8.77474e-13	7.33098e-05	0.993102	1.08214	1.09635	1.09635	
0.993101	0.993102	0.993102	0.993102	0.993102	0.993101	1.3781e-20	0.993102	0.993102	0.993102	0.993102	0.993102	0.993066	0.993102	0.993102	0.993102	0.993102	0.993101	1.26408e-19	1.61136e-13	0.993102	7.36968e-23	4.71678e-30	3.81268e-22	8.4254e-13	6.80976e-05	0.993102	1.07905	1.09286	1.09286	
0.993101	0.993102	0.993102	0.993102	0.993102	0.993101	1.3781e-20	0.993102	0.993102	0.993102	0.993102	0.993102	0.993066	0.993102	0.993102	0.993102	0.993102	0.993101	1.28211e-19	1.56318e-13	0.993102	7.03062e-23	4.6457e-30	3.69867e-22	8.29845e-13	6.60616e-05	0.993102	1.07565	1.08932	1.08932	
0.993101	0.993102	0.993102	0.993102	0.993102	0.993101	1.3781e-20	0.993102	0.993102	0.993102	0.993102	0.993102	0.993066	0.993102	0.993102	0.993102	0.993102	0.993101	1.27181e-19	1.58026e-13	0.993102	7.12469e-23	4.67426e-30	3.73909e-22	8.34946e-13	6.67834e-05	0.993102	1.07629	1.08997	1.08997	
0.993101	0.993102	0.993102	0.993102	0.993102	0.993101	1.3781e-20	0.993102	0.993102	0.993102	0.993102	0.993102	0.993067	0.993102	0.993102	0.993102	0.993102	0.993101	1.26816e-19	1.58263e-13	0.993102	7.12464e-23	4.68031e-30	3.74469e-22	8.36026e-13	6.68834e-05	0.993102	1.07772	1.0912	1.0912	
0.993101	0.993102	0.993102	0.993102	0.993102	0.993101	1.3781e-20	0.993102	0.993102	0.993102	0.993102	0.993102	0.993066	0.993102	0.993102	0.993102	0.993102	0.993101	1.2721e-19	1.56367e-13	0.993102	6.98394e-23	4.65599e-30	3.69984e-22	8.31683e-13	6.60824e-05	0.993102	1.08101	1.09484	1.09484	
0.993101	0.993102	0.993102	0.993102	0.993102	0.993101	1.3781e-20	0.993102	0.993102	0.993102	0.993102	0.993102	0.993065	0.993102	0.993102	0.993102	0.993102	0.993101	1.3018e-19	1.5004e-13	0.993102	6.5731e-23	4.5569e-30	3.55012e-22	8.13983e-13	6.34085e-05	0.993102	1.07473	1.08756	1.08756	
0.993101	0.993102	0.993102	0.993102	0.993102	0.993101	1.3781e-20	0.993102	0.993102	0.993102	0.993102	0.993102	0.993066	0.993102	0.993102	0.993102	0.993102	0.993101	1.27068e-19	1.55599e-13	0.993102	6.92216e-23	4.65086e-30	3.68165e-22	8.30767e-13	6.57576e-05	0.993102	1.07666	1.08991	1.08991	
0.993101	0.993102	0.993102	0.993102	0.993102	0.993101	1.3781e-20	0.993102	0.993102	0.993102	0.993102	0.993102	0.993066	0.993102	0.993102	0.993102	0.993102	0.993101	1.26425e-19	1.56201e-13	0.993102	6.94904e-23	4.6642e-30	3.69589e-22	8.3315e-13	6.6012e-05	0.993102	1.08249	1.09657	1.09657	
0.993101	0.993102	0.993102	0.993102	0.993102	0.993101	1.3781e-20	0.993102	0.993102	0.993102	0.993102	0.993102	0.993064	0.993102	0.993102	0.993102	0.993102	0.993101	1.31013e-19	1.47861e-13	0.993102	6.42646e-23	4.52649e-30	3.49857e-22	8.08551e-13	6.24878e-05	0.993102	1.08454	1.09918	1.09918	
0.993101	0.993102	0.993102	0.993102	0.993102	0.993101	1.3781e-20	0.993102	0.993102	0.993102	0.993102	0.993102	0.993061	0.993102	0.993102	0.993102	0.993102	0.993101	1.36828e-19	1.38861e-13	0.993102	5.88121e-23	4.37072e-30	3.28563e-22	7.80726e-13	5.86847e-05	0.993102	1.08159	1.09543	1.09543	
0.993101	0.993102	0.993102	0.993102	0.993102	0.993101	1.3781e-20	0.993102	0.993102	0.993102	0.993102	0.993102	0.993061	0.993102	0.993102	0.993102	0.993102	0.993101	1.37811e-19	1.36176e-13	0.993102	5.70172e-23	4.33073e-30	3.22208e-22	7.73582e-13	5.75498e-05	0.993102	1.0824	1.09634	1.09634	
0.993101	0.993102	0.993102	0.993102	0.993102	0.993101	1.3781e-20	0.993102	0.993102	0.993102	0.993102	0.993102	0.99306	0.993102	0.993102	0.993102	0.993102	0.993101	1.39265e-19	1.33075e-13	0.993102	5.50318e-23	4.28173e-30	3.14872e-22	7.6483e-13	5.62395e-05	0.993102	1.08224	1.09603	1.09603	
0.993101	0.993102	0.993102	0.993102	0.993102	0.993101	1.3781e-20	0.993102	0.993102	0.993102	0.993102	0.993102	0.993059	0.993102	0.993102	0.993102	0.993102	0.993101	1.40025e-19	1.31045e-13	0.993102	5.37002e-23	4.25146e-30	3.10068e-22	7.59422e-13	5.53815e-05	0.993102	1.08281	1.0969	1.0969	
0.993101	0.993102	0.993102	0.993102	0.993102	0.993101	1.3781e-20	0.993102	0.993102	0.993102	0.993102	0.993102	0.993059	0.993102	0.993102	0.993102	0.993102	0.993101	1.41439e-19	1.28636e-13	0.993102	5.22128e-23	4.21081e-30	3.04369e-22	7.52162e-13	5.43637e-05	0.993102	1.0861	1.10072	1.10072	
0.993101	0.993102	0.993102	0.993102	0.993102	0.993101	1.3781e-20	0.993102	0.993102	0.993102	0.993102	0.993102	0.993057	0.993102	0.993102	0.993102	0.993102	0.993101	1.4582e-19	1.22783e-13	0.993102	4.88412e-23	4.10476e-30	2.90519e-22	7.33218e-13	5.18901e-05	0.993102	1.08226	1.09596	1.09596	
0.993101	0.993102	0.993102	0.993102	0.993102	0.993101	1.3781e-20	0.993102	0.993102	0.993102	0.993102	0.993102	0.993057	0.993102	0.993102	0.993102	0.993102	0.993101	1.44815e-19	1.23376e-13	0.993102	4.90762e-23	4.12052e-30	2.91922e-22	7.36034e-13	5.21407e-05	0.993102	1.08375	1.09756	1.09756	
0.993101	0.993102	0.993102	0.993102	0.993102	0.993101	1.3781e-20	0.993102	0.993102	0.993102	0.993102	0.993102	0.993056	0.993102	0.993102	0.993102	0.993102	0.993101	1.45299e-19	1.21933e-13	0.993102	4.81555e-23	4.09935e-30	2.88509e-22	7.32251e-13	5.15311e-05	0.993102	1.08614	1.1006	1.1006	
0.993101	0.993102	0.993102	0.993102	0.993102	0.993101	1.3781e-20	0.993102	0.993102	0.993102	0.993102	0.993102	0.993055	0.993102	0.993102	0.993102	0.993102	0.993101	1.48487e-19	1.17804e-13	0.993102	4.58099e-23	4.02357e-30	2.78739e-22	7.18716e-13	4.97862e-05	0.993102	1.08773	1.1023	1.1023	
0.993101	0.993102	0.993102	0.993102	0.993102	0.993101	1.3781e-20	0.993102	0.993102	0.993102	0.993102	0.993102	0.993053	0.993102	0.993102	0.993102	0.993102	0.993101	1.52347e-19	1.13024e-13	0.993102	4.31468e-23	3.93485e-30	2.67428e-22	7.02869e-13	4.7766e-05	0.993102	1.08338	1.09728	1.09728	
