0.25	0.25	0.25	0.998264	0.25	0.998263	0.748264	0.998264	0.998263	0.000618156	0.25	0.25	0.25	0.25	0.25	0.25	0.000618156	0.000618156	1.27727e-12	0.000618156	0.000618156	1.27727e-12	1.11844e-38	0.000618156	0.000618156	0.25	0.25	0	0	0	
0.25	0.25	0.25	0.998264	0.25	0.998263	0.748264	0.998264	0.998263	0.000618156	0.25	0.25	0.25	0.25	0.25	0.25	0.000618156	0.000618156	1.27727e-12	0.000618156	0.000618156	1.27727e-12	1.11844e-38	0.000618156	0.000618156	0.25	0.25	0	0	0	
0.437066	0.437066	0.437066	0.996964	0.437066	0.814199	0.559898	0.996964	0.996964	0.000462543	0.437066	0.187684	0.437066	0.437066	0.432569	0.437066	0.0676977	0.0676979	9.55736e-13	0.250462	0.000462544	2.91291e-08	8.93777e-28	0.0010807	0.0010807	0.437066	0.437066	0.00465276	0.00465276	0.00465276	
0.577032	0.57704	0.57704	0.995992	0.57704	0.6118	0.418952	0.995992	0.995691	0.000346104	0.57704	0.341128	0.57704	0.57704	0.573676	0.57704	0.127047	0.122202	7.15143e-13	0.437412	0.000346114	0.0015446	1.43611e-24	0.189514	0.00137201	0.57704	0.57704	0.0125841	0.0125841	0.0125841	
0.681283	0.681778	0.681778	0.995265	0.681778	0.457801	0.313486	0.995265	0.80308	0.000258977	0.681778	0.505237	0.681778	0.681778	0.679261	0.681778	0.127838	0.117828	5.35115e-13	0.577299	0.000259167	0.247042	1.21453e-21	0.391771	0.0015104	0.681778	0.681778	0.0229461	0.0229463	0.0229463	
0.749566	0.76015	0.76015	0.99472	0.76015	0.342556	0.23457	0.99472	0.601114	0.000193783	0.76015	0.628049	0.76015	0.76015	0.758266	0.76015	0.11208	0.256868	4.0042e-13	0.681971	0.000195782	0.434847	3.8671e-16	0.543142	0.0181714	0.76015	0.76015	0.0356138	0.0356233	0.0356233	
0.736074	0.818792	0.818792	0.994313	0.818792	0.256322	0.17552	0.994313	0.449795	0.000145007	0.818792	0.719946	0.818792	0.818792	0.817383	0.818792	0.0943571	0.437847	2.99973e-13	0.760293	0.000158085	0.57538	4.65053e-11	0.656408	0.203914	0.818792	0.818792	0.0490193	0.0492274	0.0492274	
0.624406	0.862673	0.862673	0.994008	0.862673	0.191797	0.131336	0.994008	0.336565	0.000108922	0.862673	0.788709	0.862673	0.862653	0.861618	0.862673	0.07865	0.577252	2.28997e-13	0.818898	0.000167642	0.680536	2.73191e-07	0.741161	0.39765	0.862673	0.862673	0.0612994	0.0630269	0.0630269	
0.492976	0.895506	0.895506	0.99378	0.895506	0.143514	0.0982736	0.99378	0.251839	9.41685e-05	0.895506	0.840162	0.895506	0.894911	0.894717	0.895506	0.0657319	0.681878	2.05211e-13	0.862749	0.00027805	0.75922	0.00016803	0.804576	0.546856	0.895506	0.895506	0.0709853	0.0770366	0.0770366	
0.379351	0.920075	0.920075	0.993609	0.920075	0.107387	0.0735345	0.993609	0.188442	0.000272818	0.920075	0.878662	0.920075	0.912496	0.919484	0.920075	0.0553626	0.76021	3.28332e-13	0.895559	0.000566586	0.818097	0.0178257	0.852026	0.659023	0.920075	0.920075	0.0779391	0.0911495	0.0911495	
0.289052	0.938458	0.938459	0.993482	0.938459	0.0803535	0.0550232	0.993482	0.141004	0.00219184	0.938459	0.907471	0.938458	0.891685	0.938017	0.938459	0.0470911	0.818832	9.39848e-13	0.920107	0.00109888	0.862152	0.19072	0.887528	0.74306	0.938457	0.938459	0.0825669	0.105139	0.105139	
0.21934	0.952214	0.952214	0.993386	0.952214	0.0601256	0.0411719	0.993386	0.105508	0.014607	0.952214	0.929027	0.952214	0.80412	0.951884	0.952214	0.0404863	0.8627	2.96387e-12	0.938473	0.00189267	0.895117	0.384783	0.91409	0.805972	0.952211	0.952214	0.0858318	0.119593	0.119593	
0.16617	0.962507	0.962507	0.993315	0.962507	0.0449898	0.0308074	0.993315	0.0789481	0.0674994	0.962507	0.945157	0.962507	0.674654	0.96226	0.962507	0.0352337	0.895525	8.65756e-12	0.95221	0.00292096	0.919783	0.536587	0.933961	0.853058	0.962501	0.962507	0.0865724	0.131829	0.131829	
0.125854	0.970209	0.970209	0.993261	0.970209	0.0336642	0.0230521	0.993261	0.059074	0.182383	0.970209	0.957227	0.970207	0.542569	0.970024	0.970209	0.0309278	0.920088	2.19138e-11	0.962486	0.00406181	0.93824	0.651154	0.948826	0.888296	0.970197	0.970209	0.0879669	0.146964	0.146964	
0.0953809	0.975972	0.975972	0.993221	0.975972	0.0251897	0.017249	0.993221	0.0442029	0.339782	0.975972	0.966258	0.975967	0.427976	0.975834	0.975972	0.0275149	0.938468	5.34812e-11	0.970167	0.00528883	0.952051	0.737086	0.959941	0.914665	0.97595	0.975972	0.0883349	0.161053	0.161053	
0.0723914	0.980284	0.980284	0.993191	0.980284	0.0188486	0.0129068	0.993191	0.0330754	0.487835	0.980284	0.973015	0.980272	0.334433	0.980181	0.980284	0.0247676	0.952221	1.2091e-10	0.975906	0.00649945	0.962385	0.801453	0.968249	0.934396	0.980246	0.980283	0.0876848	0.174017	0.174017	
0.055068	0.983511	0.983511	0.993169	0.983511	0.0141037	0.0096577	0.993169	0.0247492	0.608921	0.983511	0.978072	0.983486	0.260212	0.983434	0.983511	0.0224996	0.962512	2.532e-10	0.98019	0.007598	0.970118	0.849643	0.974457	0.94916	0.983452	0.983508	0.0874221	0.188401	0.188401	
0.0420243	0.985926	0.985926	0.993152	0.985926	0.0105533	0.0072265	0.993152	0.0185189	0.703467	0.985925	0.981856	0.98588	0.202364	0.985867	0.985926	0.0206676	0.970212	5.19085e-10	0.983381	0.00858637	0.975904	0.885713	0.979087	0.960205	0.985837	0.985919	0.0858736	0.199762	0.199762	
0.0322083	0.987732	0.987732	0.993139	0.987732	0.00789663	0.00540733	0.993139	0.013857	0.775424	0.987732	0.984687	0.987659	0.157534	0.987689	0.987732	0.0191006	0.975974	9.76624e-10	0.985756	0.00937699	0.980233	0.912708	0.982539	0.968467	0.987607	0.987721	0.0840626	0.210843	0.210843	
0.0248239	0.989084	0.989084	0.99313	0.989084	0.00590876	0.00404611	0.99313	0.0103687	0.829779	0.989084	0.986805	0.988973	0.122972	0.989051	0.989084	0.0177431	0.980286	1.74989e-09	0.987519	0.00996906	0.983473	0.932909	0.985108	0.974648	0.988916	0.989067	0.082429	0.222422	0.222422	
0.0192703	0.990095	0.990096	0.993123	0.990096	0.00442131	0.00302755	0.993123	0.00775852	0.870689	0.990095	0.98839	0.989937	0.0964352	0.990071	0.990096	0.0165768	0.983512	3.07277e-09	0.988818	0.0103962	0.985897	0.948024	0.987011	0.979268	0.989876	0.990069	0.0809889	0.234423	0.234423	
0.0150944	0.990852	0.990852	0.993118	0.990852	0.00330831	0.00226541	0.993118	0.00580542	0.901411	0.990852	0.989576	0.990632	0.0761143	0.990834	0.990852	0.015582	0.985926	5.34993e-09	0.989766	0.0106915	0.987711	0.959331	0.988411	0.98272	0.990568	0.990814	0.0793832	0.245779	0.245779	
0.0119549	0.991419	0.991419	0.993114	0.991419	0.00247548	0.00169512	0.993114	0.00434398	0.924448	0.991418	0.990464	0.991122	0.0605557	0.991405	0.991419	0.0147172	0.987732	9.11258e-09	0.990447	0.0108643	0.989068	0.967787	0.98943	0.985297	0.991057	0.991364	0.0779455	0.257387	0.257387	
0.00959488	0.991843	0.991843	0.993111	0.991843	0.00185231	0.0012684	0.993111	0.00325044	0.941709	0.991842	0.991128	0.991451	0.0486543	0.991832	0.991843	0.0139691	0.989084	1.53703e-08	0.99092	0.0109449	0.990084	0.974106	0.990157	0.987217	0.991386	0.991767	0.0764565	0.268527	0.268527	
0.00782092	0.99216	0.99216	0.993109	0.99216	0.00138602	0.000949097	0.993109	0.00243219	0.954635	0.992159	0.991625	0.991653	0.0395412	0.992152	0.99216	0.0133124	0.990095	2.54857e-08	0.991233	0.0109466	0.990843	0.978826	0.99066	0.988644	0.991591	0.992058	0.0743198	0.277984	0.277984	
0.0064876	0.992397	0.992397	0.993107	0.992397	0.00103711	0.000710174	0.993107	0.00181992	0.964313	0.992396	0.991997	0.991765	0.0325154	0.992391	0.992397	0.0126947	0.990852	4.06402e-08	0.99143	0.0108506	0.991412	0.982348	0.990999	0.989701	0.991705	0.992265	0.0727922	0.288928	0.288928	
0.00548551	0.992574	0.992574	0.993106	0.992574	0.00077603	0.000531398	0.993106	0.00136178	0.971557	0.992574	0.992275	0.99179	0.0271163	0.99257	0.992574	0.0121454	0.991418	6.51818e-08	0.99152	0.0107117	0.991838	0.98497	0.991197	0.990477	0.991733	0.992404	0.0708357	0.298084	0.298084	
0.00473241	0.992707	0.992707	0.993105	0.992707	0.000580675	0.000397625	0.993105	0.00101897	0.976979	0.992706	0.992483	0.991755	0.0229318	0.992704	0.992707	0.0116297	0.991842	1.01288e-07	0.991537	0.0105182	0.992156	0.986916	0.991293	0.991043	0.991702	0.992492	0.0692431	0.307943	0.307943	
0.00416645	0.992807	0.992807	0.993104	0.992807	0.000434498	0.000297529	0.993104	0.000762459	0.981037	0.992806	0.992639	0.991659	0.0196909	0.992804	0.992807	0.0111619	0.992159	1.5663e-07	0.991481	0.0103021	0.992394	0.988354	0.991298	0.991446	0.99161	0.992537	0.0678958	0.318361	0.318361	
0.00374114	0.992881	0.992881	0.993104	0.992881	0.00032512	0.00022263	0.993104	0.000570521	0.984074	0.99288	0.992755	0.991496	0.0171791	0.992879	0.992881	0.0107449	0.992396	2.43666e-07	0.99135	0.010081	0.992572	0.989404	0.991211	0.991722	0.991451	0.992545	0.0663171	0.327306	0.327306	
0.00342154	0.992937	0.992937	0.993103	0.992937	0.000243275	0.000166586	0.993103	0.000426901	0.986346	0.992936	0.992843	0.991287	0.0152099	0.992935	0.992937	0.0103577	0.992574	3.69541e-07	0.991167	0.00984601	0.992706	0.990163	0.991062	0.991901	0.991246	0.992523	0.0647774	0.336153	0.336153	
0.00318137	0.992978	0.992978	0.993103	0.992978	0.000182034	0.00012465	0.993103	0.000319436	0.988047	0.992978	0.992908	0.991031	0.0136552	0.992977	0.992978	0.00999707	0.992706	5.52151e-07	0.990931	0.00960342	0.992806	0.9907	0.990852	0.992004	0.990994	0.992474	0.0633741	0.345176	0.345176	
0.00300091	0.99301	0.99301	0.993103	0.99301	0.00013621	9.32711e-05	0.993103	0.000239024	0.989319	0.993009	0.992957	0.99072	0.0124219	0.993009	0.99301	0.00966479	0.992806	8.20507e-07	0.990637	0.00936236	0.99288	0.991063	0.990577	0.992041	0.990687	0.992398	0.0618733	0.353483	0.353483	
0.00286531	0.993033	0.993033	0.993103	0.993033	0.000101922	6.97914e-05	0.993103	0.000178855	0.990271	0.993032	0.992993	0.990364	0.0114289	0.993032	0.993033	0.0093515	0.99288	1.19988e-06	0.990294	0.00911949	0.992936	0.991292	0.990248	0.992027	0.990334	0.992297	0.0606387	0.361948	0.361948	
0.00276342	0.99305	0.99305	0.993103	0.99305	7.62648e-05	5.22224e-05	0.993103	0.000133832	0.990984	0.993049	0.993021	0.989947	0.0106304	0.99305	0.99305	0.00906537	0.992936	1.74119e-06	0.989888	0.00888758	0.992978	0.991412	0.989854	0.991964	0.989921	0.99217	0.0593981	0.371247	0.371247	
0.00268686	0.993063	0.993063	0.993102	0.993063	5.70669e-05	3.90761e-05	0.993102	0.000100144	0.991517	0.993062	0.993041	0.989441	0.00997937	0.993063	0.993063	0.00880067	0.992977	2.55781e-06	0.989391	0.00866459	0.993009	0.991435	0.989365	0.99185	0.989417	0.992007	0.0580381	0.378725	0.378725	
0.00262934	0.993073	0.993073	0.993102	0.993073	4.2702e-05	2.92392e-05	0.993102	7.49372e-05	0.991916	0.993072	0.993056	0.988892	0.00943623	0.993073	0.993073	0.00854866	0.993009	3.65392e-06	0.98885	0.00844461	0.993033	0.991388	0.98883	0.9917	0.988871	0.991821	0.0568268	0.386826	0.386826	
0.00258612	0.99308	0.99308	0.993102	0.99308	3.19534e-05	2.18786e-05	0.993102	5.60762e-05	0.992215	0.99308	0.993068	0.988264	0.0089815	0.99308	0.99308	0.00831328	0.993032	5.2e-06	0.988229	0.00823381	0.99305	0.991272	0.988214	0.991507	0.988246	0.9916	0.0558181	0.395199	0.395199	
0.00255365	0.993086	0.993086	0.993102	0.993086	2.39109e-05	1.6371e-05	0.993102	4.19637e-05	0.992438	0.993085	0.993076	0.987528	0.00860203	0.993086	0.993086	0.00809904	0.993049	7.40907e-06	0.987498	0.00803838	0.993063	0.991086	0.987486	0.991263	0.987512	0.991335	0.0545656	0.40247	0.40247	
0.00252926	0.99309	0.99309	0.993102	0.99309	1.78932e-05	1.22498e-05	0.993102	3.14045e-05	0.992605	0.993089	0.993083	0.986728	0.00827107	0.99309	0.99309	0.00789251	0.993062	1.03699e-05	0.986702	0.00784625	0.993073	0.990846	0.986693	0.99098	0.986714	0.991036	0.053724	0.413361	0.413361	
0.00251093	0.993093	0.993093	0.993102	0.993093	1.33908e-05	9.16609e-06	0.993102	2.35046e-05	0.99273	0.993092	0.993088	0.985643	0.00799241	0.993093	0.993093	0.00770754	0.993072	1.5348e-05	0.985621	0.00767229	0.99308	0.990487	0.985614	0.990588	0.985631	0.990631	0.0483829	0.447234	0.447234	
0.00249716	0.993095	0.993095	0.993102	0.993095	1.00241e-05	6.85866e-06	0.993102	1.75989e-05	0.992824	0.993094	0.993091	0.9828	0.00760195	0.993095	0.993095	0.00738771	0.99308	4.42174e-05	0.982781	0.0073609	0.993086	0.989326	0.982775	0.989404	0.982789	0.989439	0.0441076	0.484022	0.484022	
0.00248681	0.993097	0.993097	0.993102	0.993097	7.51038e-06	5.13208e-06	0.993102	1.31921e-05	0.992894	0.993096	0.993094	0.976501	0.00717742	0.993097	0.993097	0.00701636	0.993085	0.000188335	0.976481	0.00699601	0.99309	0.986512	0.976477	0.986573	0.976489	0.986602	0.0397094	0.508723	0.508723	
0.00247904	0.993098	0.993098	0.993102	0.993098	5.63713e-06	3.84015e-06	0.993102	9.9096e-06	0.992946	0.993097	0.993096	0.967565	0.00673485	0.993098	0.993098	0.00661382	0.993089	0.000595743	0.967545	0.00659839	0.993093	0.982061	0.967541	0.982109	0.967553	0.982137	0.0361619	0.53649	0.53649	
0.0024732	0.993099	0.993099	0.993102	0.993099	4.25057e-06	2.87345e-06	0.993102	7.48201e-06	0.992986	0.993098	0.993097	0.953377	0.00631059	0.993099	0.993099	0.00621967	0.993092	0.00192234	0.953356	0.00620798	0.993095	0.974385	0.953353	0.974425	0.953365	0.974452	0.0328341	0.559618	0.559618	
0.00246881	0.9931	0.9931	0.993102	0.9931	3.23573e-06	2.1501e-06	0.993102	5.70494e-06	0.993015	0.993099	0.993098	0.933923	0.00591158	0.9931	0.9931	0.0058433	0.993094	0.00537954	0.933901	0.00583445	0.993097	0.962894	0.933898	0.962928	0.933909	0.962955	0.029978	0.582287	0.582287	
0.00246552	0.993101	0.993101	0.993102	0.993101	2.51313e-06	1.60884e-06	0.993102	4.43627e-06	0.993037	0.9931	0.993099	0.907413	0.0055472	0.993101	0.993101	0.00549593	0.993096	0.014101	0.90739	0.00548923	0.993098	0.945917	0.907387	0.945947	0.907398	0.945975	0.0275282	0.60562	0.60562	
0.00246304	0.993101	0.993101	0.993102	0.993101	2.03446e-06	1.20384e-06	0.993102	3.58655e-06	0.993053	0.9931	0.9931	0.871081	0.00522101	0.993101	0.993101	0.0051825	0.993097	0.0357622	0.871057	0.00517744	0.993099	0.920764	0.871055	0.920792	0.871066	0.920821	0.0253654	0.626931	0.626931	
0.00246119	0.993101	0.993101	0.993102	0.993101	1.76855e-06	9.0079e-07	0.993102	3.09265e-06	0.993066	0.9931	0.9931	0.825157	0.00493178	0.993101	0.993101	0.00490286	0.993098	0.080631	0.825133	0.00489903	0.9931	0.886403	0.825131	0.88643	0.825142	0.886461	0.0232047	0.641578	0.641578	
0.00245979	0.993102	0.993102	0.993102	0.993102	1.66796e-06	6.7403e-07	0.993102	2.86227e-06	0.993075	0.993101	0.993101	0.776924	0.00467216	0.993102	0.993102	0.00465044	0.993099	0.145345	0.7769	0.00464754	0.993101	0.847507	0.776898	0.847533	0.776908	0.847565	0.0213865	0.657329	0.657329	
0.00245875	0.993102	0.993102	0.993102	0.993102	1.7378e-06	5.04353e-07	0.993102	2.89286e-06	0.993082	0.993101	0.993101	0.72421	0.00444296	0.993102	0.993102	0.00442663	0.9931	0.233966	0.724186	0.00442443	0.993101	0.802051	0.724183	0.802076	0.724194	0.80211	0.0197462	0.673744	0.673744	
0.00245797	0.993102	0.993102	0.993102	0.993102	2.00304e-06	3.77391e-07	0.993102	3.20764e-06	0.993087	0.993101	0.993101	0.666422	0.00424102	0.993102	0.993102	0.00422872	0.9931	0.341711	0.666397	0.00422704	0.993101	0.749036	0.666394	0.749061	0.666405	0.749096	0.0188548	0.702429	0.702429	
0.00245739	0.993102	0.993102	0.993102	0.993102	2.76844e-06	2.82389e-07	0.993102	4.25136e-06	0.993091	0.993101	0.993101	0.589342	0.00407379	0.993102	0.993102	0.00406451	0.9931	0.471955	0.589317	0.00406322	0.993102	0.67384	0.589314	0.673866	0.589326	0.673904	0.0171152	0.702288	0.702288	
0.00245697	0.993102	0.993102	0.993102	0.993102	3.38244e-06	2.11303e-07	0.993102	5.02716e-06	0.993094	0.993101	0.993101	0.533854	0.00391801	0.993102	0.993102	0.00391097	0.993101	0.570252	0.533826	0.00390995	0.993102	0.617746	0.533822	0.617774	0.533835	0.617818	0.0159054	0.709885	0.709885	
0.00245666	0.993102	0.993102	0.993102	0.993102	4.09441e-06	1.58112e-07	0.993102	5.91065e-06	0.993096	0.993101	0.993101	0.48501	0.00378076	0.993102	0.993102	0.00377537	0.993101	0.652099	0.484977	0.00377456	0.993102	0.566436	0.484973	0.566467	0.484988	0.566519	0.0147428	0.716167	0.716167	
0.00245643	0.993102	0.993102	0.993102	0.993102	4.8782e-06	1.18311e-07	0.993102	6.85948e-06	0.993097	0.993101	0.993101	0.442798	0.00365863	0.993102	0.993102	0.00365448	0.993101	0.718794	0.442761	0.0036538	0.993102	0.520494	0.442755	0.520529	0.442774	0.520589	0.0136835	0.719754	0.719754	
0.00245627	0.993102	0.993102	0.993102	0.993102	5.64144e-06	8.85291e-08	0.993102	7.75078e-06	0.993099	0.993101	0.993101	0.408492	0.00354995	0.993102	0.993102	0.0035467	0.993101	0.771416	0.40845	0.00354611	0.993102	0.481897	0.408443	0.481937	0.408465	0.482006	0.0138143	0.767185	0.767185	
0.00245617	0.993102	0.993102	0.993102	0.993102	9.34962e-06	6.62446e-08	0.993102	1.25599e-05	0.993099	0.993101	0.993101	0.342432	0.00347078	0.993102	0.993102	0.00346818	0.993101	0.824605	0.342391	0.00346765	0.993102	0.406864	0.342383	0.406905	0.342405	0.406974	0.0121289	0.722263	0.722263	
0.00245613	0.993102	0.993102	0.993102	0.993102	9.15623e-06	4.95699e-08	0.993102	1.21514e-05	0.9931	0.993101	0.993101	0.332389	0.00338477	0.993102	0.993102	0.00338258	0.993101	0.852494	0.332332	0.00338204	0.993102	0.39395	0.33232	0.394006	0.332353	0.394101	0.0114951	0.761038	0.761038	
0.0024561	0.993102	0.993102	0.993102	0.993102	1.16023e-05	3.70928e-08	0.993102	1.50715e-05	0.993101	0.993101	0.993101	0.291127	0.00331052	0.993102	0.993102	0.00330864	0.993101	0.884702	0.291067	0.00330809	0.993102	0.345864	0.291053	0.345923	0.291089	0.346023	0.0106719	0.761667	0.761667	
0.00245611	0.993102	0.993102	0.993102	0.993102	1.35732e-05	2.77567e-08	0.993102	1.73329e-05	0.993101	0.993101	0.993101	0.260392	0.00324238	0.993102	0.993102	0.0032407	0.993101	0.908931	0.260326	0.00324011	0.993102	0.309366	0.26031	0.309432	0.260351	0.309544	0.0100631	0.79776	0.79776	
0.00245614	0.993102	0.993102	0.993102	0.993102	2.03484e-05	2.07708e-08	0.993102	2.54338e-05	0.993101	0.993101	0.993101	0.217753	0.00318223	0.993102	0.993102	0.00318065	0.993101	0.929399	0.217689	0.00318001	0.993102	0.258905	0.217673	0.258969	0.217713	0.259078	0.008843	0.780937	0.780937	
0.00245625	0.993102	0.993102	0.993102	0.993102	2.2688e-05	1.55435e-08	0.993102	2.79368e-05	0.993102	0.993101	0.993101	0.194554	0.00311929	0.993102	0.993102	0.00311766	0.993101	0.944061	0.194478	0.00311688	0.993102	0.230486	0.194458	0.230563	0.194508	0.230692	0.00814319	0.815138	0.815138	
0.00245636	0.993102	0.993102	0.993102	0.993102	3.19745e-05	1.16321e-08	0.993102	3.85546e-05	0.993102	0.993101	0.993101	0.162823	0.00306204	0.993102	0.993102	0.00306034	0.993101	0.95606	0.162748	0.00305942	0.993102	0.192465	0.162727	0.192541	0.162778	0.192669	0.0066447	0.748736	0.748736	
0.00245655	0.993102	0.993102	0.993102	0.993102	2.80224e-05	8.70532e-09	0.993102	3.35283e-05	0.993102	0.993101	0.993101	0.177768	0.00299806	0.993102	0.993102	0.00299615	0.993101	0.960677	0.177645	0.00299502	0.993102	0.205756	0.177608	0.205878	0.177695	0.206082	0.00421629	0.550298	0.550298	
0.00245665	0.993102	0.993102	0.993102	0.993102	2.10494e-05	6.51534e-09	0.993102	2.51765e-05	0.993102	0.993101	0.993101	0.368319	0.00291664	0.993102	0.993102	0.00291468	0.993101	0.72363	0.368208	0.00291346	0.993102	0.390343	0.368174	0.390451	0.368253	0.390629	0.00336702	0.497274	0.497274	
0.00245664	0.993102	0.993102	0.993102	0.993102	1.57791e-05	4.87666e-09	0.993102	1.88692e-05	0.993102	0.993101	0.993101	0.520391	0.00284418	0.993102	0.993102	0.00284233	0.993101	0.54206	0.520304	0.00284114	0.993102	0.537193	0.520276	0.537278	0.520339	0.537418	0.00255058	0.456325	0.456325	
0.00245656	0.993102	0.993102	0.993102	0.993102	1.18198e-05	3.65049e-09	0.993102	1.41326e-05	0.993102	0.993101	0.993101	0.637104	0.00277911	0.993102	0.993102	0.00277744	0.993101	0.405722	0.637036	0.00277634	0.993102	0.649784	0.637015	0.649849	0.637064	0.649957	0.0022763	0.50269	0.50269	
0.00245646	0.993102	0.993102	0.993102	0.993102	8.87688e-06	2.733e-09	0.993102	1.0609e-05	0.993102	0.993101	0.993101	0.721051	0.00272674	0.993102	0.993102	0.00272528	0.993101	0.304341	0.720998	0.00272431	0.993102	0.730779	0.720981	0.730831	0.721019	0.730915	0.00221275	0.576412	0.576412	
0.00245634	0.993102	0.993102	0.993102	0.993102	6.78473e-06	2.04647e-09	0.993102	8.0873e-06	0.993102	0.993101	0.993101	0.766547	0.00268665	0.993102	0.993102	0.0026854	0.993101	0.241395	0.766498	0.00268456	0.993102	0.774713	0.766483	0.774759	0.766518	0.774836	0.00202693	0.61633	0.61633	
0.00245623	0.993102	0.993102	0.993102	0.993102	5.39451e-06	1.53276e-09	0.993102	6.38232e-06	0.993102	0.993101	0.993101	0.777795	0.0026542	0.993102	0.993102	0.00265314	0.993101	0.236317	0.777746	0.00265242	0.993102	0.785373	0.77773	0.785419	0.777766	0.785494	0.00194713	0.66156	0.66156	
0.00245613	0.993102	0.993102	0.993102	0.993102	4.82286e-06	1.14838e-09	0.993102	5.59323e-06	0.993102	0.993101	0.993101	0.742961	0.00262884	0.993102	0.993102	0.00262796	0.993101	0.33601	0.74291	0.00262735	0.993102	0.750816	0.742893	0.750863	0.742931	0.750941	0.00181296	0.683941	0.683941	
0.00245605	0.993102	0.993102	0.993102	0.993102	4.84235e-06	8.60755e-10	0.993102	5.46433e-06	0.993102	0.993101	0.993101	0.690113	0.00260813	0.993102	0.993102	0.00260739	0.993101	0.454274	0.690061	0.00260687	0.993102	0.698208	0.690044	0.698257	0.690083	0.698336	0.00170119	0.708787	0.708787	
0.00245599	0.993102	0.993102	0.993102	0.993102	5.65545e-06	6.45537e-10	0.993102	6.19119e-06	0.993102	0.993101	0.993101	0.619884	0.0025912	0.993102	0.993102	0.00259057	0.993101	0.570152	0.619832	0.00259012	0.993102	0.627978	0.619814	0.628027	0.619854	0.628106	0.00167856	0.758042	0.758042	
0.00245595	0.993102	0.993102	0.993102	0.993102	9.67649e-06	4.84498e-10	0.993102	1.02632e-05	0.993102	0.993101	0.993101	0.516039	0.00257827	0.993102	0.993102	0.00257771	0.993101	0.673668	0.51599	0.0025773	0.993102	0.52347	0.515972	0.523516	0.516011	0.523591	0.00164249	0.802932	0.802932	
0.00245597	0.993102	0.993102	0.993102	0.993102	2.06143e-05	3.63998e-10	0.993102	2.14999e-05	0.993102	0.993101	0.993101	0.410427	0.00256823	0.993102	0.993102	0.00256767	0.993101	0.753586	0.410381	0.00256725	0.993102	0.416694	0.410363	0.416738	0.410401	0.416808	0.00160817	0.842936	0.842936	
0.00245613	0.993102	0.993102	0.993102	0.993102	4.5223e-05	2.73832e-10	0.993102	4.68595e-05	0.993102	0.993101	0.993101	0.318652	0.00256057	0.993102	0.993102	0.00255987	0.993101	0.813781	0.318608	0.00255929	0.993102	0.323677	0.31859	0.323719	0.318627	0.323786	0.00138908	0.817422	0.817422	
0.00245654	0.993102	0.993102	0.993102	0.993102	5.18243e-05	2.06364e-10	0.993102	5.35555e-05	0.993102	0.993101	0.993101	0.257185	0.0025527	0.993102	0.993102	0.00255156	0.993101	0.858646	0.25712	0.00255055	0.993102	0.26135	0.257092	0.261415	0.25715	0.261515	0.00119251	0.770473	0.770473	
0.00245694	0.993102	0.993102	0.993102	0.993102	4.5841e-05	1.55879e-10	0.993102	4.73068e-05	0.993102	0.993101	0.993101	0.235528	0.00254448	0.993102	0.993102	0.00254293	0.993101	0.890701	0.235402	0.00254152	0.993102	0.239309	0.235346	0.239433	0.235462	0.239624	0.000988913	0.698647	0.698647	
0.00245716	0.993102	0.993102	0.993102	0.993102	3.59868e-05	1.18103e-10	0.993102	3.71173e-05	0.993102	0.993101	0.993101	0.293199	0.00253561	0.993102	0.993102	0.00253383	0.993101	0.888273	0.292988	0.0025322	0.993102	0.296968	0.29289	0.297177	0.29309	0.297496	0.00076346	0.598156	0.598156	
0.0024572	0.993102	0.993102	0.993102	0.993102	2.71544e-05	8.98377e-11	0.993102	2.80039e-05	0.993102	0.993101	0.993101	0.43644	0.00252588	0.993102	0.993102	0.00252407	0.993101	0.695733	0.43624	0.0025224	0.993102	0.43959	0.436147	0.439788	0.436336	0.44009	0.000563744	0.496471	0.496471	
0.00245713	0.993102	0.993102	0.993102	0.993102	2.03485e-05	6.86877e-11	0.993102	2.09844e-05	0.993102	0.993101	0.993101	0.571721	0.00251587	0.993102	0.993102	0.00251415	0.993101	0.5212	0.571565	0.00251256	0.993102	0.574117	0.571493	0.574271	0.57164	0.574505	0.000434153	0.418743	0.418743	
0.00245698	0.993102	0.993102	0.993102	0.993102	1.52323e-05	5.28621e-11	0.993102	1.57082e-05	0.993102	0.993101	0.993101	0.676759	0.00250659	0.993102	0.993102	0.00250504	0.993101	0.390022	0.676642	0.00250359	0.993102	0.678559	0.676587	0.678675	0.676698	0.678851	0.00040678	0.460072	0.460072	
0.00245682	0.993102	0.993102	0.993102	0.993102	1.14122e-05	4.10206e-11	0.993102	1.17684e-05	0.993102	0.993101	0.993101	0.754034	0.00249917	0.993102	0.993102	0.00249781	0.993101	0.291982	0.753944	0.00249654	0.993102	0.755396	0.753903	0.755484	0.753987	0.755618	0.000397751	0.529162	0.529162	
0.00245664	0.993102	0.993102	0.993102	0.993102	8.59678e-06	3.21601e-11	0.993102	8.86378e-06	0.993102	0.993101	0.993101	0.805074	0.00249341	0.993102	0.993102	0.00249224	0.993101	0.220724	0.805003	0.00249115	0.993102	0.806153	0.80497	0.806223	0.805037	0.806329	0.000426526	0.637486	0.637486	
0.00245648	0.993102	0.993102	0.993102	0.993102	6.93359e-06	2.55302e-11	0.993102	7.13767e-06	0.993102	0.993101	0.993101	0.790166	0.00248939	0.993102	0.993102	0.0024884	0.993101	0.267207	0.790096	0.00248748	0.993102	0.79133	0.790064	0.791399	0.79013	0.791503	0.00043348	0.697366	0.697366	
0.00245633	0.993102	0.993102	0.993102	0.993102	6.84694e-06	2.05693e-11	0.993102	7.01409e-06	0.993102	0.993101	0.993101	0.710403	0.00248642	0.993102	0.993102	0.00248559	0.993101	0.420755	0.710333	0.00248481	0.993102	0.711771	0.710301	0.71184	0.710367	0.711945	0.000431299	0.735845	0.735845	
0.00245623	0.993102	0.993102	0.993102	0.993102	8.70456e-06	1.68573e-11	0.993102	8.86065e-06	0.993102	0.993101	0.993101	0.605736	0.00248417	0.993102	0.993102	0.00248346	0.993101	0.557942	0.60567	0.00248279	0.993102	0.607174	0.605638	0.60724	0.605702	0.607341	0.000488505	0.791074	0.791074	
0.00245617	0.993102	0.993102	0.993102	0.993102	1.73094e-05	1.40796e-11	0.993102	1.75322e-05	0.993102	0.993101	0.993101	0.483879	0.00248324	0.993102	0.993102	0.0024826	0.993101	0.666711	0.483819	0.00248199	0.993102	0.485194	0.483791	0.485253	0.483848	0.485343	0.000591393	0.81606	0.81606	
0.00245623	0.993102	0.993102	0.993102	0.993102	3.07159e-05	1.2001e-11	0.993102	3.1094e-05	0.993102	0.993101	0.993101	0.381561	0.00248405	0.993102	0.993102	0.00248335	0.993101	0.748588	0.381504	0.00248268	0.993102	0.382727	0.381476	0.382784	0.381531	0.38287	0.000623885	0.804681	0.804681	
0.00245644	0.993102	0.993102	0.993102	0.993102	3.71304e-05	1.04452e-11	0.993102	3.75909e-05	0.993102	0.993101	0.993101	0.309501	0.0024854	0.993102	0.993102	0.00248448	0.993101	0.809688	0.309431	0.00248359	0.993102	0.310578	0.309398	0.310647	0.309465	0.310752	0.00082911	0.843503	0.843503	
0.00245668	0.993102	0.993102	0.993102	0.993102	5.84144e-05	9.2809e-12	0.993102	5.92711e-05	0.993102	0.993101	0.993101	0.243186	0.00248914	0.993102	0.993102	0.00248798	0.993101	0.855764	0.243118	0.00248685	0.993102	0.244135	0.243085	0.244204	0.243151	0.244308	0.000587014	0.869538	0.869538	
0.00245712	0.993102	0.993102	0.993102	0.993102	9.55579e-05	8.40906e-12	0.993102	9.68111e-05	0.993102	0.993101	0.993101	0.189029	0.00248945	0.993102	0.993102	0.00248783	0.993101	0.890303	0.188962	0.00248626	0.993102	0.189779	0.188929	0.189847	0.188995	0.189949	0.00091204	0.925426	0.925426	
0.00245791	0.993102	0.993102	0.993102	0.993102	0.000229194	7.75561e-12	0.993102	0.000233032	0.993102	0.993101	0.993101	0.143786	0.00249471	0.993102	0.993102	0.00249226	0.993101	0.916178	0.143727	0.00248988	0.993102	0.144367	0.143698	0.144427	0.143756	0.144517	0.00160118	0.959785	0.959785	
0.00246015	0.993102	0.993102	0.993102	0.993102	0.00048218	7.26275e-12	0.993102	0.00049515	0.993102	0.993101	0.993101	0.108764	0.00251088	0.993102	0.993102	0.00250601	0.993101	0.935541	0.108709	0.00250131	0.993102	0.109209	0.108682	0.109265	0.108736	0.109349	0.0017806	0.97144	0.97144	
0.00246497	0.993102	0.993102	0.993102	0.993102	0.000755471	6.88659e-12	0.993102	0.000779461	0.993102	0.993101	0.993101	0.0823214	0.00253209	0.993102	0.993102	0.00252186	0.993101	0.950031	0.0822616	0.00251215	0.993102	0.0826418	0.082233	0.0827016	0.0822908	0.082793	0.00200069	0.980124	0.980124	
0.00247199	0.993102	0.993102	0.993102	0.993102	0.00103775	6.59721e-12	0.993102	0.00107496	0.993102	0.993101	0.993101	0.0623919	0.00255832	0.993102	0.993102	0.00254011	0.993101	0.960873	0.0623228	0.00252307	0.993102	0.0626025	0.0622903	0.062671	0.0623564	0.0627771	0.00262575	0.98717	0.98717	
0.00248079	0.993102	0.993102	0.993102	0.993102	0.00131967	6.37255e-12	0.993102	0.00137672	0.993102	0.993101	0.993101	0.0473748	0.00259424	0.993102	0.993102	0.0025657	0.993101	0.968986	0.0472942	0.00253932	0.993102	0.0474961	0.0472568	0.0475755	0.0473331	0.0477001	0.00478253	1.02142	1.02142	
0.00249093	0.993102	0.993102	0.993102	0.993102	0.00202905	6.19637e-12	0.993102	0.00217581	0.993102	0.993101	0.993101	0.0357861	0.0026596	0.993102	0.993101	0.00261799	0.993101	0.975057	0.0357078	0.00258012	0.993101	0.0358634	0.0356718	0.0359407	0.0357454	0.0360633	0.00658379	1.03541	1.03541	
0.00250756	0.993102	0.993102	0.993102	0.993102	0.00288387	6.04442e-12	0.993102	0.00318468	0.993102	0.993101	0.993101	0.0270315	0.00275889	0.993102	0.993101	0.00269296	0.993101	0.979599	0.0269517	0.00263552	0.993101	0.0270691	0.0269162	0.0271474	0.0269895	0.0272746	0.0135952	1.05496	1.05496	
0.00253108	0.993102	0.993102	0.993102	0.993102	0.00397055	5.90686e-12	0.993102	0.00475665	0.993102	0.993101	0.993101	0.0203822	0.00298479	0.993102	0.993101	0.00287369	0.993101	0.982999	0.0203039	0.00278274	0.9931	0.0204042	0.0202705	0.0204821	0.0203403	0.0206127	0.010214	1.04233	1.04233	
0.00256302	0.993102	0.993102	0.993102	0.993102	0.004546	5.77417e-12	0.993102	0.00548841	0.993102	0.993101	0.993101	0.0154794	0.00314948	0.993102	0.993101	0.00297054	0.993101	0.985542	0.0153813	0.00284005	0.993099	0.0154444	0.0153446	0.0155363	0.0154241	0.0157035	0.0132117	1.05454	1.05454	
0.00259465	0.993102	0.993102	0.993102	0.993102	0.00533637	5.65939e-12	0.993102	0.00662079	0.993102	0.993101	0.993101	0.011756	0.00335786	0.993102	0.9931	0.00310356	0.993101	0.987445	0.0116484	0.00292961	0.993098	0.0116894	0.0116113	0.0117877	0.0116937	0.011976	0.0110351	1.03014	1.03014	
0.00262907	0.993102	0.993102	0.993102	0.993102	0.0052768	5.5525e-12	0.993102	0.00655289	0.993102	0.993101	0.993101	0.00910494	0.00351554	0.993102	0.9931	0.00317908	0.993101	0.988869	0.0089528	0.00296246	0.993099	0.00895031	0.00890663	0.00907881	0.00901332	0.00934565	0.0118184	1.00724	1.00724	
0.00265401	0.993102	0.993102	0.993102	0.993102	0.00474747	5.4741e-12	0.993102	0.00591452	0.993102	0.993101	0.993101	0.00729125	0.00364655	0.993102	0.993101	0.00324805	0.993101	0.989935	0.00706727	0.00299917	0.993099	0.00702017	0.00700445	0.00720239	0.00715347	0.0075986	0.0147423	1.01167	1.01167	
0.00266546	0.993102	0.993102	0.993102	0.993102	0.00435866	5.42947e-12	0.993102	0.00550722	0.993102	0.993101	0.993101	0.00585837	0.00377847	0.993102	0.993101	0.00334214	0.993101	0.990732	0.00560606	0.0030736	0.993099	0.00555938	0.00553712	0.00576846	0.00570218	0.00622611	0.0104817	0.964363	0.964363	
0.00266877	0.993102	0.993102	0.993102	0.993102	0.00359766	5.40648e-12	0.993102	0.00453538	0.993102	0.993101	0.993101	0.00549149	0.00377622	0.993102	0.993101	0.00333185	0.993101	0.991327	0.00508443	0.00306175	0.9931	0.00496686	0.00497771	0.00529864	0.00523707	0.00602363	0.0130703	0.971692	0.971692	
0.0026611	0.993102	0.993102	0.993102	0.993102	0.00305055	5.4099e-12	0.993102	0.00385913	0.993102	0.993101	0.993101	0.00498382	0.00378681	0.993102	0.993101	0.00335499	0.993101	0.991773	0.00453453	0.00309324	0.9931	0.00445243	0.00441695	0.00483023	0.00470304	0.00564215	0.0112341	0.91378	0.91378	
0.00264814	0.993102	0.993102	0.993102	0.993102	0.00239701	5.42746e-12	0.993102	0.00303084	0.993102	0.993101	0.993101	0.00652011	0.00373556	0.993102	0.993101	0.00333232	0.993101	0.9921	0.00578853	0.00308796	0.9931	0.00574928	0.00559648	0.0063863	0.00606379	0.00770601	0.00258762	0.636897	0.636897	
0.00262994	0.993102	0.993102	0.993102	0.993102	0.00179412	5.45875e-12	0.993102	0.00226842	0.993102	0.993101	0.993101	0.196724	0.00352974	0.993102	0.993102	0.00317623	0.993101	0.834761	0.190592	0.00296151	0.993101	0.184828	0.188759	0.190617	0.193048	0.199889	0.00116302	0.488977	0.488977	
0.00260857	0.993102	0.993102	0.993102	0.993102	0.0013425	5.49912e-12	0.993102	0.0016974	0.993102	0.993101	0.993101	0.393321	0.00333376	0.993102	0.993102	0.00303238	0.993101	0.625037	0.388371	0.00284866	0.993101	0.383604	0.386888	0.388297	0.390355	0.395777	0.000199338	0.466233	0.466233	
0.00258683	0.993102	0.993102	0.993102	0.993102	0.00100456	5.54216e-12	0.993102	0.00127012	0.993102	0.993101	0.993101	0.541823	0.00315864	0.993102	0.993102	0.00290648	0.993101	0.467866	0.537946	0.00275217	0.993101	0.53413	0.536784	0.537811	0.539501	0.543671	3.06048e-05	0.424919	0.424919	
0.0025663	0.993102	0.993102	0.993102	0.993102	0.000751684	5.58405e-12	0.993102	0.000950393	0.993102	0.993101	0.993101	0.654318	0.00301418	0.993102	0.993102	0.00280587	0.993101	0.350121	0.651359	0.00267788	0.993102	0.64842	0.650473	0.651229	0.652546	0.655701	2.94944e-05	0.501115	0.501115	
0.00254777	0.993102	0.993102	0.993102	0.993102	0.000562492	5.62267e-12	0.993102	0.000711179	0.993102	0.993101	0.993101	0.73453	0.00289783	0.993102	0.993102	0.00272739	0.993101	0.262702	0.732124	0.00262228	0.993102	0.729647	0.731403	0.73193	0.733088	0.735568	2.96398e-05	0.51297	0.51297	
0.00253153	0.993102	0.993102	0.993102	0.993102	0.000420935	5.65705e-12	0.993102	0.000532192	0.993102	0.993101	0.993101	0.793167	0.00280466	0.993102	0.993102	0.00266631	0.993101	0.197733	0.791186	0.00258068	0.993102	0.789075	0.790593	0.790952	0.79198	0.793948	3.44454e-05	0.560151	0.560151	
0.00251762	0.993102	0.993102	0.993102	0.993102	0.00031508	5.68689e-12	0.993102	0.000398329	0.993102	0.993101	0.993101	0.827451	0.00273048	0.993102	0.993102	0.0026189	0.993101	0.155475	0.825646	0.00254961	0.993102	0.823617	0.825107	0.825318	0.826368	0.828046	3.79226e-05	0.589775	0.589775	
0.0025059	0.993102	0.993102	0.993102	0.993102	0.000235959	5.71229e-12	0.993102	0.000298252	0.993102	0.993101	0.993101	0.84143	0.00267165	0.993102	0.993102	0.00258215	0.993101	0.139442	0.839684	0.0025264	0.993102	0.837625	0.839165	0.839258	0.840381	0.841893	3.54132e-05	0.566394	0.566394	
0.00249615	0.993102	0.993102	0.993102	0.993102	0.000176683	5.73361e-12	0.993102	0.000223294	0.993102	0.993101	0.993101	0.861427	0.0026251	0.993102	0.993102	0.00255364	0.993101	0.113977	0.859919	0.00250901	0.993102	0.858105	0.859471	0.85951	0.860521	0.861786	4.07863e-05	0.609055	0.609055	
0.00248811	0.993102	0.993102	0.993102	0.993102	0.000132493	5.75129e-12	0.993102	0.000167371	0.993102	0.993101	0.993101	0.8556	0.00258846	0.993102	0.993102	0.00253164	0.993101	0.130604	0.854176	0.00249606	0.993102	0.852432	0.853755	0.85375	0.854743	0.855895	4.18924e-05	0.62042	0.62042	
0.00248156	0.993102	0.993102	0.993102	0.993102	9.95003e-05	5.76582e-12	0.993102	0.000125599	0.993102	0.993101	0.993101	0.843078	0.00255967	0.993102	0.993102	0.00251465	0.993101	0.162466	0.841756	0.00248638	0.993102	0.840124	0.841366	0.841341	0.842283	0.843331	4.13981e-05	0.61901	0.61901	
0.00247624	0.993102	0.993102	0.993102	0.993102	7.48026e-05	5.77765e-12	0.993102	9.43312e-05	0.993102	0.993101	0.993101	0.834715	0.00253708	0.993102	0.993102	0.00250151	0.993101	0.183701	0.833537	0.00247914	0.993102	0.832081	0.83319	0.833163	0.834006	0.834936	4.62215e-05	0.647259	0.647259	
0.00247196	0.993102	0.993102	0.993102	0.993102	5.65874e-05	5.78723e-12	0.993102	7.12005e-05	0.993102	0.993101	0.993101	0.803333	0.00251947	0.993102	0.993102	0.00249144	0.993101	0.263981	0.802259	0.00247377	0.993102	0.800948	0.801943	0.80193	0.802686	0.803545	6.33261e-05	0.712472	0.712472	
0.00246853	0.993102	0.993102	0.993102	0.993102	4.46074e-05	5.79493e-12	0.993102	5.55447e-05	0.993102	0.993101	0.993101	0.702286	0.00250592	0.993102	0.993102	0.00248389	0.993101	0.430771	0.701311	0.00246997	0.993102	0.700166	0.701023	0.701055	0.701698	0.702521	8.24852e-05	0.751631	0.751631	
0.00246582	0.993102	0.993102	0.993102	0.993102	3.83306e-05	5.80104e-12	0.993102	4.65228e-05	0.993102	0.993101	0.993101	0.584709	0.00249564	0.993102	0.993102	0.00247833	0.993101	0.568636	0.583879	0.00246736	0.993102	0.582956	0.583633	0.583712	0.584209	0.584959	9.31946e-05	0.777417	0.777417	
0.00246371	0.993102	0.993102	0.993102	0.993102	3.69722e-05	5.80579e-12	0.993102	4.31176e-05	0.993102	0.993101	0.993101	0.476582	0.00248785	0.993102	0.993102	0.00247422	0.993101	0.67416	0.4759	0.00246554	0.993102	0.475185	0.475696	0.475806	0.476172	0.476831	0.000132377	0.826789	0.826789	
0.00246212	0.993102	0.993102	0.993102	0.993102	4.99007e-05	5.80939e-12	0.993102	5.4558e-05	0.993102	0.993101	0.993101	0.37273	0.00248243	0.993102	0.993102	0.00247162	0.993101	0.754264	0.372194	0.00246467	0.993102	0.371661	0.372032	0.37215	0.372409	0.372956	0.00015286	0.841366	0.841366	
0.00246108	0.993102	0.993102	0.993102	0.993102	6.71035e-05	5.81171e-12	0.993102	7.06795e-05	0.993102	0.993101	0.993101	0.291145	0.0024789	0.993102	0.993102	0.00247008	0.993101	0.814284	0.290718	0.00246426	0.993102	0.290318	0.290587	0.290708	0.290891	0.29135	0.00015401	0.817204	0.817204	
0.00246052	0.993102	0.993102	0.993102	0.993102	6.85823e-05	5.81294e-12	0.993102	7.13148e-05	0.993102	0.993101	0.993101	0.237131	0.00247668	0.993102	0.993102	0.00246916	0.993101	0.859027	0.236761	0.00246398	0.993102	0.236442	0.23664	0.236783	0.236914	0.237339	0.000169763	0.843058	0.843058	
0.00246012	0.993102	0.993102	0.993102	0.993102	8.21192e-05	5.81381e-12	0.993102	8.42685e-05	0.993102	0.993101	0.993101	0.189296	0.00247523	0.993102	0.993102	0.00246869	0.993101	0.892681	0.188988	0.00246396	0.993102	0.18874	0.188882	0.189026	0.189117	0.189491	0.00023356	0.872571	0.872571	
0.00245999	0.993102	0.993102	0.993102	0.993102	0.00011698	5.81407e-12	0.993102	0.000118848	0.993102	0.993101	0.993101	0.148353	0.00247526	0.993102	0.993102	0.00246929	0.993101	0.917931	0.1481	0.00246473	0.993102	0.147913	0.148011	0.148149	0.148208	0.148529	0.000496635	0.933294	0.933294	
0.00246032	0.993102	0.993102	0.993102	0.993102	0.000273773	5.81324e-12	0.993102	0.000277029	0.993102	0.993101	0.993101	0.11303	0.00247943	0.993102	0.993102	0.00247345	0.993101	0.936852	0.112831	0.00246858	0.993102	0.112696	0.11276	0.112883	0.112917	0.113182	0.000573038	0.945761	0.945761	
0.00246251	0.993102	0.993102	0.993102	0.993102	0.000444924	5.80805e-12	0.993102	0.000450125	0.993102	0.993101	0.993101	0.0861627	0.00248748	0.993102	0.993102	0.00247948	0.993101	0.95101	0.0859966	0.00247241	0.993102	0.0858879	0.0859348	0.0860443	0.086069	0.0862944	0.000977501	0.971958	0.971958	
0.00246627	0.993102	0.993102	0.993102	0.993102	0.000737544	5.79917e-12	0.993102	0.000749411	0.993102	0.993101	0.993101	0.0654133	0.00250304	0.993102	0.993102	0.00249125	0.993101	0.961606	0.0652722	0.00248034	0.993102	0.0651841	0.0652179	0.0653177	0.0653347	0.0655303	0.00125778	0.985469	0.985469	
0.00247274	0.993102	0.993102	0.993102	0.993102	0.00108501	5.78405e-12	0.993102	0.00110744	0.993102	0.993101	0.993101	0.0496697	0.00252603	0.993102	0.993102	0.00250737	0.993101	0.969534	0.0495428	0.00248981	0.993102	0.0494633	0.0494921	0.049584	0.0495999	0.0497756	0.00223412	1.00462	1.00462	
0.00248194	0.993102	0.993102	0.993102	0.993102	0.00158869	5.76274e-12	0.993102	0.00164086	0.993102	0.993101	0.993101	0.037657	0.00256567	0.993102	0.993102	0.00253665	0.993101	0.975467	0.0375409	0.00250937	0.993102	0.0374715	0.0374931	0.0375824	0.0375939	0.0377587	0.00549141	1.04789	1.04789	
0.00249521	0.993102	0.993102	0.993102	0.993102	0.0029461	5.7324e-12	0.993102	0.00318754	0.993102	0.993101	0.993101	0.0283754	0.00265616	0.993102	0.993101	0.00261	0.993101	0.979906	0.0282759	0.00256739	0.993101	0.0282264	0.0282346	0.0283218	0.0283216	0.0284745	0.00802447	1.05815	1.05815	
0.00252265	0.993102	0.993102	0.993102	0.993102	0.00436654	5.67167e-12	0.993102	0.00491977	0.993102	0.993101	0.993101	0.0213954	0.00281129	0.993102	0.993101	0.00272232	0.993101	0.983228	0.0213015	0.00264654	0.9931	0.0212607	0.021263	0.0213504	0.0213444	0.0214979	0.00909693	1.05716	1.05716	
0.00256202	0.993102	0.993102	0.993102	0.993102	0.00546308	5.5875e-12	0.993102	0.00631058	0.993102	0.993101	0.993101	0.016184	0.00300533	0.993102	0.9931	0.00284556	0.993101	0.985714	0.0160825	0.00272144	0.993099	0.0160381	0.0160432	0.0161316	0.0161277	0.0162955	0.0147695	1.07603	1.07603	
0.0026064	0.993102	0.993102	0.993102	0.993102	0.00706545	5.49538e-12	0.993102	0.00870655	0.993102	0.993101	0.993101	0.0122229	0.00331594	0.993102	0.9931	0.00305457	0.993101	0.987574	0.0121217	0.00286624	0.993097	0.0120829	0.0120846	0.0121747	0.0121657	0.0123451	0.0167421	1.07292	1.07292	
0.00266198	0.993102	0.993102	0.993102	0.993102	0.00815592	5.38499e-12	0.993102	0.0105068	0.993102	0.993101	0.993101	0.00927314	0.00370219	0.993102	0.9931	0.00327927	0.993101	0.988965	0.00916007	0.00300786	0.993096	0.00911811	0.00912302	0.00921532	0.00920657	0.00941515	0.0229945	1.08331	1.08331	
0.00271922	0.993102	0.993102	0.993102	0.993102	0.00935361	5.27492e-12	0.993102	0.012972	0.993102	0.993101	0.993101	0.00703676	0.00425558	0.993102	0.993099	0.00360387	0.993101	0.990007	0.00691853	0.00322836	0.993093	0.00687966	0.00688375	0.00697813	0.00696473	0.00720021	0.0261654	1.0858	1.0858	
0.00277964	0.993102	0.993102	0.993102	0.993102	0.0103612	5.16309e-12	0.993102	0.0153287	0.993102	0.993102	0.993101	0.00536194	0.00492911	0.993102	0.993099	0.00395124	0.993101	0.990786	0.00523439	0.00345709	0.99309	0.0051957	0.00520213	0.00529634	0.00528078	0.00555063	0.0366176	1.09815	1.09815	
0.00283996	0.993102	0.993102	0.993102	0.993102	0.0113852	5.05514e-12	0.993102	0.0189082	0.993102	0.993102	0.993101	0.00407942	0.0060455	0.993102	0.993099	0.00453229	0.993101	0.991369	0.00395315	0.00386914	0.993083	0.00392113	0.00392529	0.00401884	0.00399625	0.00429322	0.0411994	1.09729	1.09729	
0.00290077	0.993102	0.993102	0.993102	0.993102	0.0119164	4.95021e-12	0.993102	0.0217603	0.993102	0.993102	0.993102	0.00312454	0.00749733	0.993102	0.993099	0.0051527	0.993101	0.991805	0.00299182	0.00429982	0.993075	0.00296286	0.00296846	0.00305998	0.00303273	0.00337666	0.0415405	1.0986	1.0986	
0.00295454	0.993102	0.993102	0.993102	0.993102	0.0124529	4.85936e-12	0.993102	0.0242528	0.993102	0.993102	0.993102	0.00241612	0.00896075	0.993102	0.993099	0.00564771	0.993101	0.992132	0.0022714	0.00463165	0.993069	0.00224179	0.00225259	0.00233828	0.00231081	0.00270591	0.0317115	1.09352	1.09352	
0.0030032	0.993102	0.993102	0.993102	0.993102	0.0132838	4.77905e-12	0.993102	0.0255216	0.993102	0.993102	0.993102	0.00192421	0.00975014	0.993102	0.993099	0.00571597	0.993101	0.992376	0.00174371	0.00462872	0.993069	0.00170202	0.00172906	0.00180085	0.00178567	0.00224396	0.031977	1.09155	1.09155	
0.00305285	0.993102	0.993102	0.993102	0.993102	0.013861	4.70011e-12	0.993102	0.0264269	0.993102	0.993102	0.993102	0.00156642	0.0105142	0.993102	0.993099	0.00579988	0.993101	0.992559	0.00135038	0.0046327	0.993069	0.00129746	0.00133848	0.00139942	0.00139566	0.00191897	0.0339771	1.09886	1.09886	
0.00309932	0.993102	0.993102	0.993102	0.993102	0.0148245	4.62815e-12	0.993102	0.02841	0.993102	0.993102	0.993102	0.00128108	0.0113372	0.993102	0.993099	0.0059427	0.993101	0.992696	0.00104832	0.00468316	0.993068	0.000990521	0.00103844	0.00109119	0.0010943	0.00165081	0.0381766	1.10628	1.10628	
0.0031499	0.993102	0.993102	0.993102	0.993102	0.0160184	4.55309e-12	0.993102	0.0315947	0.993102	0.993102	0.993102	0.00105211	0.0125586	0.993102	0.993098	0.00622269	0.993101	0.992798	0.000814447	0.00482695	0.993062	0.000756547	0.000806322	0.000853	0.000859212	0.00143585	0.0344543	1.10196	1.10196	
0.00320775	0.993102	0.993102	0.993102	0.993102	0.0170876	4.47121e-12	0.993102	0.0336015	0.993102	0.993102	0.993102	0.00091201	0.0136902	0.993102	0.993098	0.00634521	0.993101	0.992875	0.000644687	0.00484012	0.993061	0.000580506	0.000638297	0.00067561	0.000691498	0.00132277	0.0334706	1.10234	1.10234	
0.00326937	0.993102	0.993102	0.993102	0.993102	0.0182502	4.38742e-12	0.993102	0.035597	0.993102	0.993102	0.993102	0.00081923	0.0148003	0.993102	0.993098	0.00643976	0.993101	0.992932	0.000518087	0.00482616	0.99306	0.000447289	0.000512899	0.000541132	0.000567652	0.00125683	0.0355997	1.10675	1.10675	
0.00333585	0.993102	0.993102	0.993102	0.993102	0.0196343	4.30079e-12	0.993102	0.0385249	0.993102	0.993102	0.993102	0.000743023	0.0162121	0.993102	0.993098	0.00662481	0.993101	0.992975	0.000418985	0.00486785	0.993057	0.00034536	0.000414542	0.000436231	0.000469867	0.0012053	0.044146	1.11441	1.11441	
0.00341046	0.993102	0.993102	0.993102	0.993102	0.0208944	4.20817e-12	0.993102	0.043315	0.993102	0.993102	0.993102	0.000661684	0.0189367	0.993102	0.993098	0.0071566	0.993101	0.993007	0.000336157	0.00513188	0.993045	0.00026634	0.000332499	0.000351756	0.000385121	0.00115732	0.0411893	1.11398	1.11398	
0.00348955	0.993102	0.993102	0.993102	0.993102	0.0224772	4.11423e-12	0.993102	0.0474789	0.993102	0.993102	0.993102	0.000632116	0.0219096	0.993102	0.993098	0.00748176	0.993101	0.993031	0.00027577	0.0052444	0.993038	0.000205724	0.000273784	0.000286434	0.000324979	0.001178	0.0453161	1.12011	1.12011	
0.00357876	0.993102	0.993102	0.993102	0.993102	0.0243843	4.01385e-12	0.993102	0.0534525	0.993102	0.993102	0.993102	0.000604808	0.0262373	0.993102	0.993098	0.00797989	0.993101	0.993049	0.00022609	0.0054487	0.993025	0.000158602	0.000225626	0.000233234	0.000274115	0.00120748	0.0526989	1.12601	1.12601	
0.00368299	0.993102	0.993102	0.993102	0.993102	0.0261611	3.90374e-12	0.993102	0.0614369	0.993102	0.993102	0.993102	0.000580901	0.0338568	0.993102	0.993098	0.00883332	0.993101	0.993062	0.000184311	0.00584242	0.992999	0.00012182	0.00018545	0.00018943	0.000229759	0.00127139	0.0555643	1.13118	1.13118	
0.00379719	0.993102	0.993102	0.993102	0.993102	0.0284393	3.78992e-12	0.993102	0.0710866	0.993102	0.993102	0.993102	0.000585073	0.0455391	0.993102	0.993098	0.00974688	0.993101	0.993072	0.000150803	0.00624037	0.992966	9.3141e-05	0.000154232	0.000153205	0.00019367	0.00140775	0.0520505	1.13115	1.13115	
0.00393097	0.993102	0.993102	0.993102	0.993102	0.0316263	3.66604e-12	0.993102	0.0804279	0.993102	0.993102	0.993102	0.000675214	0.0609745	0.993102	0.993097	0.0103548	0.9931	0.99308	0.000126676	0.00641221	0.992947	7.09859e-05	0.00013379	0.000124093	0.000169351	0.0017246	0.0548337	1.13336	1.13336	
0.00410246	0.993102	0.993102	0.993102	0.993102	0.0352259	3.52209e-12	0.993102	0.0918745	0.993102	0.993102	0.993102	0.000817318	0.0846937	0.993102	0.993097	0.0111927	0.9931	0.993085	0.000107308	0.00663982	0.992919	5.39142e-05	0.000117761	0.000100358	0.000150286	0.00222256	0.0599756	1.13583	1.13583	
0.00431702	0.993102	0.993102	0.993102	0.993102	0.0389602	3.36027e-12	0.993102	0.10619	0.993102	0.993102	0.993102	0.001035	0.124621	0.993102	0.993097	0.0124669	0.9931	0.99309	9.10461e-05	0.00700799	0.992873	4.07892e-05	0.000104619	8.07755e-05	0.000134202	0.00306274	0.0564093	1.13301	1.13301	
0.00457376	0.993102	0.993102	0.993102	0.993102	0.0438719	3.18702e-12	0.993102	0.119958	0.993102	0.993102	0.993102	0.001626	0.180455	0.993102	0.993097	0.0134339	0.9931	0.993093	8.03434e-05	0.00714413	0.992849	3.07687e-05	9.97851e-05	6.49556e-05	0.000127047	0.00490444	0.0531481	1.13175	1.13175	
0.00490373	0.993102	0.993102	0.993102	0.993102	0.0511868	2.99445e-12	0.993102	0.136416	0.993102	0.993102	0.993102	0.00282841	0.251371	0.993102	0.993097	0.0142929	0.993099	0.993095	7.34902e-05	0.00712687	0.992836	2.31558e-05	0.000100133	5.21188e-05	0.000127218	0.00827938	0.0597831	1.13575	1.13575	
0.00538241	0.993102	0.993102	0.993102	0.993102	0.0611829	2.76738e-12	0.993102	0.164535	0.993102	0.993102	0.993102	0.00462395	0.352474	0.993102	0.993097	0.0162699	0.993099	0.993097	6.57999e-05	0.00736466	0.992777	1.73815e-05	9.62805e-05	4.13332e-05	0.000125281	0.0142971	0.0522923	1.13682	1.13682	
0.00611655	0.993102	0.993102	0.993102	0.993102	0.0836128	2.50202e-12	0.993102	0.207271	0.993102	0.993102	0.993102	0.0120262	0.472691	0.993102	0.993097	0.018029	0.993098	0.993098	6.15285e-05	0.00726186	0.992743	1.30202e-05	0.000100612	3.22306e-05	0.000135529	0.0336258	0.0603282	1.14164	1.14164	
0.00783314	0.993102	0.993102	0.993102	0.993102	0.135274	2.14756e-12	0.993102	0.299635	0.993102	0.993102	0.993102	0.0419106	0.596351	0.993102	0.993097	0.024051	0.993096	0.993099	5.55451e-05	0.00748776	0.992557	9.74401e-06	9.64577e-05	2.46201e-05	0.000152012	0.109232	0.0602348	1.14151	1.14151	
0.0148012	0.993102	0.993102	0.993102	0.993102	0.292209	1.70494e-12	0.993102	0.453012	0.993102	0.993102	0.993102	0.246275	0.696039	0.993102	0.993097	0.0455189	0.993091	0.993099	5.11097e-05	0.00765299	0.991923	7.2911e-06	8.92568e-05	1.85018e-05	0.000256511	0.32007	0.0608858	1.1423	1.1423	
0.126357	0.993102	0.993102	0.993102	0.993102	0.468505	1.27999e-12	0.993102	0.58893	0.993102	0.993102	0.993101	0.434188	0.77082	0.993102	0.993097	0.219824	0.993088	0.992854	4.75203e-05	0.00780326	0.974911	5.45567e-06	6.74575e-05	1.38479e-05	0.0033541	0.48947	0.05012	1.14085	1.14085	
0.336237	0.993102	0.993102	0.993102	0.993102	0.600565	9.57895e-13	0.993102	0.690675	0.993102	0.993102	0.993009	0.574887	0.826777	0.993102	0.993096	0.41137	0.993089	0.869743	4.74024e-05	0.0075161	0.825778	4.08228e-06	5.04872e-05	1.03621e-05	0.0918299	0.616252	0.0601014	1.14261	1.14261	
0.500983	0.993102	0.993102	0.993102	0.993102	0.699381	7.16767e-13	0.993102	0.766807	0.993102	0.993102	0.9911	0.680167	0.868647	0.993102	0.993096	0.55763	0.993091	0.651941	4.48345e-05	0.00766878	0.624925	3.05462e-06	3.77781e-05	7.75362e-06	0.283828	0.711119	0.0797833	1.14278	1.14278	
0.624782	0.993102	0.993102	0.993102	0.993102	0.773321	5.36332e-13	0.993102	0.823774	0.993102	0.993102	0.977522	0.758944	0.899977	0.993102	0.993097	0.667237	0.993093	0.487839	3.98448e-05	0.00875742	0.468062	2.28566e-06	2.8268e-05	5.80176e-06	0.454292	0.782105	0.100219	1.14264	1.14264	
0.717483	0.993102	0.993102	0.993102	0.993102	0.828648	4.01318e-13	0.993102	0.8664	0.993102	0.993102	0.932348	0.81789	0.92342	0.993102	0.993098	0.749266	0.993094	0.365032	3.401e-05	0.0110688	0.350279	1.71028e-06	2.11519e-05	4.34125e-06	0.587104	0.83522	0.133978	1.14495	1.14495	
0.78686	0.993102	0.993102	0.993102	0.993102	0.870047	3.00292e-13	0.993102	0.898295	0.993102	0.993102	0.865996	0.861997	0.940961	0.993102	0.993098	0.810648	0.993096	0.27314	2.7488e-05	0.0170015	0.262105	1.27974e-06	1.58272e-05	3.2484e-06	0.687379	0.874965	0.161759	1.14608	1.14608	
0.838776	0.993102	0.993102	0.993102	0.993102	0.901025	2.24697e-13	0.993102	0.922162	0.993102	0.993102	0.789229	0.895001	0.954087	0.993102	0.993099	0.856578	0.993097	0.204381	2.17123e-05	0.0275355	0.196124	9.57581e-07	1.18429e-05	2.43066e-06	0.762835	0.904704	0.190831	1.14817	1.14817	
0.877624	0.993102	0.993102	0.993102	0.993102	0.924204	1.68133e-13	0.993102	0.94002	0.993102	0.993102	0.720605	0.919697	0.963909	0.993102	0.9931	0.890946	0.993098	0.152931	1.68599e-05	0.0459171	0.146753	7.16523e-07	8.86163e-06	1.81877e-06	0.819291	0.926957	0.216603	1.14903	1.14903	
0.906693	0.993102	0.993102	0.993102	0.993102	0.941548	1.25808e-13	0.993102	0.953383	0.993102	0.993102	0.66585	0.938176	0.971258	0.993102	0.9931	0.916663	0.993099	0.114433	1.29757e-05	0.0740332	0.10981	5.36148e-07	6.63084e-06	1.36092e-06	0.861427	0.943608	0.237792	1.14997	1.14997	
0.928445	0.993102	0.993102	0.993102	0.993102	0.954526	9.41373e-14	0.993102	0.963382	0.993102	0.993102	0.624707	0.952003	0.976757	0.993102	0.993101	0.935905	0.993099	0.0856258	9.94057e-06	0.111325	0.0821666	4.0118e-07	4.96161e-06	1.01833e-06	0.892794	0.956068	0.263064	1.15074	1.15074	
0.944721	0.993102	0.993102	0.993102	0.993102	0.964237	7.04395e-14	0.993102	0.970863	0.993102	0.993102	0.605517	0.962349	0.980872	0.993102	0.993101	0.950304	0.9931	0.0640706	7.57556e-06	0.164121	0.0614823	3.00188e-07	3.71259e-06	7.61978e-07	0.915739	0.965391	0.28879	1.1523	1.1523	
0.9569	0.993102	0.993102	0.993102	0.993102	0.971504	5.27073e-14	0.993102	0.976462	0.993102	0.993102	0.607855	0.970091	0.98395	0.993102	0.993101	0.961078	0.9931	0.0479417	5.74813e-06	0.233851	0.0460049	2.2462e-07	2.778e-06	5.70161e-07	0.931949	0.972367	0.306283	1.15181	1.15181	
0.966013	0.993102	0.993102	0.993102	0.993102	0.976941	3.9439e-14	0.993102	0.980651	0.993102	0.993102	0.619471	0.975883	0.986254	0.993102	0.993102	0.969139	0.9931	0.0358731	4.35778e-06	0.307826	0.0344238	1.68075e-07	2.07868e-06	4.26631e-07	0.943387	0.977587	0.326828	1.1523	1.1523	
0.972832	0.993102	0.993102	0.993102	0.993102	0.981009	2.95108e-14	0.993102	0.983785	0.993102	0.993102	0.642999	0.980218	0.987978	0.993102	0.993102	0.975172	0.993101	0.0268425	3.29797e-06	0.388089	0.0257581	1.25764e-07	1.5554e-06	3.19232e-07	0.950528	0.981492	0.345459	1.15353	1.15353	
0.977934	0.993102	0.993102	0.993102	0.993102	0.984053	2.20818e-14	0.993102	0.986131	0.993102	0.993102	0.673556	0.983461	0.989268	0.993102	0.993102	0.979685	0.993101	0.0200853	2.49276e-06	0.468601	0.0192738	9.41049e-08	1.16385e-06	2.3887e-07	0.953935	0.984415	0.359531	1.15427	1.15427	
0.981752	0.993102	0.993102	0.993102	0.993102	0.986331	1.6523e-14	0.993102	0.987886	0.993102	0.993102	0.705062	0.985888	0.990233	0.993102	0.993102	0.983063	0.993101	0.0150291	1.88384e-06	0.54235	0.0144219	7.04153e-08	8.70864e-07	1.78738e-07	0.954615	0.986602	0.37774	1.15547	1.15547	
0.984609	0.993102	0.993102	0.993102	0.993102	0.988036	1.23636e-14	0.993102	0.989199	0.993102	0.993102	0.739647	0.987704	0.990955	0.993102	0.993102	0.98559	0.993101	0.0112457	1.42222e-06	0.612222	0.0107914	5.26892e-08	6.51636e-07	1.33743e-07	0.951564	0.988238	0.4086	1.15682	1.15682	
0.986747	0.993102	0.993102	0.993102	0.993102	0.989311	9.25123e-15	0.993102	0.990181	0.993102	0.993102	0.780599	0.989063	0.991496	0.993102	0.993102	0.987481	0.993101	0.00841475	1.07082e-06	0.682531	0.00807481	3.94254e-08	4.87595e-07	1.00075e-07	0.939533	0.989463	0.424794	1.15655	1.15655	
0.988347	0.993102	0.993102	0.993102	0.993102	0.990266	6.92236e-15	0.993102	0.990917	0.993102	0.993102	0.816633	0.99008	0.9919	0.993102	0.993102	0.988896	0.993101	0.00629645	8.06072e-07	0.741676	0.00604208	2.95006e-08	3.6485e-07	7.48826e-08	0.923774	0.990379	0.438983	1.15559	1.15559	
0.989543	0.993102	0.993102	0.993102	0.993102	0.99098	5.17975e-15	0.993102	0.991467	0.993102	0.993102	0.847379	0.990841	0.992203	0.993102	0.993102	0.989955	0.993101	0.00471141	6.06851e-07	0.790361	0.00452107	2.20742e-08	2.73004e-07	5.6032e-08	0.905025	0.991064	0.462576	1.15508	1.15508	
0.990439	0.993102	0.993102	0.993102	0.993102	0.991514	3.87583e-15	0.993102	0.991879	0.993102	0.993102	0.875202	0.99141	0.992429	0.993102	0.993102	0.990747	0.993101	0.00352537	4.56415e-07	0.83208	0.00338295	1.65173e-08	2.04279e-07	4.19267e-08	0.874844	0.991577	0.460418	1.15038	1.15038	
0.991109	0.993102	0.993102	0.993102	0.993102	0.991914	2.90014e-15	0.993102	0.992187	0.993102	0.993102	0.895527	0.991836	0.992599	0.993102	0.993102	0.99134	0.993101	0.00263791	3.44191e-07	0.862902	0.00253134	1.23593e-08	1.52854e-07	3.13723e-08	0.858119	0.991961	0.479437	1.14713	1.14713	
0.991611	0.993102	0.993102	0.993102	0.993102	0.992213	2.17007e-15	0.993102	0.992417	0.993102	0.993102	0.913556	0.992155	0.992725	0.993102	0.993102	0.991784	0.993101	0.00197385	2.59495e-07	0.888956	0.00189411	9.24803e-09	1.14375e-07	2.34748e-08	0.832835	0.992248	0.502177	1.1446	1.1446	
0.991986	0.993102	0.993102	0.993102	0.993102	0.992437	1.62379e-15	0.993102	0.99259	0.993102	0.993102	0.929364	0.992393	0.99282	0.993102	0.993102	0.992116	0.993101	0.00147696	1.95472e-07	0.910865	0.00141729	6.91996e-09	8.55829e-08	1.75654e-08	0.794099	0.992463	0.511107	1.13909	1.13909	
0.992267	0.993102	0.993102	0.993102	0.993102	0.992604	1.21503e-15	0.993102	0.992719	0.993102	0.993102	0.941853	0.992572	0.992891	0.993102	0.993102	0.992364	0.993101	0.00110516	1.4748e-07	0.927953	0.00106051	5.17796e-09	6.40386e-08	1.31437e-08	0.761624	0.992624	0.531888	1.13304	1.13304	
0.992477	0.993102	0.993102	0.993102	0.993102	0.99273	9.09164e-16	0.993102	0.992815	0.993102	0.993102	0.952387	0.992705	0.992944	0.993102	0.993102	0.99255	0.993101	0.000826948	1.11259e-07	0.941957	0.00079354	3.87448e-09	4.79178e-08	9.83501e-09	0.7205	0.992745	0.554575	1.12864	1.12864	
0.992634	0.993102	0.993102	0.993102	0.993102	0.992823	6.80298e-16	0.993102	0.992887	0.993102	0.993102	0.961122	0.992805	0.992984	0.993102	0.993102	0.992689	0.993101	0.000618775	8.38792e-08	0.953304	0.000593777	2.89913e-09	3.58551e-08	7.35927e-09	0.667394	0.992835	0.568149	1.11842	1.11842	
0.992752	0.993102	0.993102	0.993102	0.993102	0.992894	5.09046e-16	0.993102	0.992941	0.993102	0.993102	0.968014	0.99288	0.993014	0.993102	0.993102	0.992793	0.993101	0.000463007	6.3351e-08	0.962157	0.000444302	2.16931e-09	2.68291e-08	5.5068e-09	0.623588	0.992902	0.579312	1.11572	1.11572	
0.99284	0.993102	0.993102	0.993102	0.993102	0.992946	3.80904e-16	0.993102	0.992982	0.993102	0.993102	0.973401	0.992936	0.993036	0.993102	0.993102	0.992871	0.993101	0.000346451	4.78991e-08	0.969013	0.000332455	1.62322e-09	2.00752e-08	4.12066e-09	0.580346	0.992952	0.601881	1.11467	1.11467	
0.992905	0.993102	0.993102	0.993102	0.993102	0.992985	2.8502e-16	0.993102	0.993012	0.993102	0.993102	0.977767	0.992978	0.993053	0.993102	0.993102	0.992929	0.993101	0.000259237	3.61635e-08	0.974482	0.000248764	1.21459e-09	1.50216e-08	3.08347e-09	0.522259	0.99299	0.616609	1.10802	1.10802	
0.992955	0.993102	0.993102	0.993102	0.993102	0.993015	2.13273e-16	0.993102	0.993035	0.993102	0.993102	0.981185	0.993009	0.993065	0.993102	0.993102	0.992973	0.993101	0.000193977	2.73341e-08	0.978725	0.000186141	9.08837e-10	1.12401e-08	2.3074e-09	0.46986	0.993018	0.640607	1.10424	1.10424	
0.992992	0.993102	0.993102	0.993102	0.993102	0.993037	1.59588e-16	0.993102	0.993052	0.993102	0.993102	0.983911	0.993033	0.993074	0.993102	0.993102	0.993005	0.993101	0.000145146	2.06362e-08	0.98207	0.000139282	6.8005e-10	8.41054e-09	1.7267e-09	0.410581	0.993039	0.654987	1.1027	1.1027	
0.993019	0.993102	0.993102	0.993102	0.993102	0.993053	1.19418e-16	0.993102	0.993064	0.993102	0.993102	0.986019	0.99305	0.993081	0.993102	0.993102	0.99303	0.993101	0.000108608	1.55829e-08	0.984641	0.00010422	5.08856e-10	6.2933e-09	1.29219e-09	0.355463	0.993055	0.677275	1.10175	1.10175	
0.99304	0.993102	0.993102	0.993102	0.993102	0.993066	8.93593e-17	0.993102	0.993074	0.993102	0.993102	0.98767	0.993063	0.993087	0.993102	0.993102	0.993048	0.993101	8.12671e-05	1.17525e-08	0.986639	7.7984e-05	3.80759e-10	4.70905e-09	9.67066e-10	0.299731	0.993067	0.69891	1.10277	1.10277	
0.993055	0.993102	0.993102	0.993102	0.993102	0.993075	6.68678e-17	0.993102	0.993081	0.993102	0.993102	0.988952	0.993073	0.993091	0.993102	0.993102	0.993062	0.993101	6.08092e-05	8.85273e-09	0.98818	5.83526e-05	2.84908e-10	3.52361e-09	7.23784e-10	0.246847	0.993076	0.717986	1.10376	1.10376	
0.993067	0.993102	0.993102	0.993102	0.993102	0.993082	5.00382e-17	0.993102	0.993086	0.993102	0.993102	0.989938	0.99308	0.993093	0.993102	0.993102	0.993072	0.993101	4.55013e-05	6.6635e-09	0.989361	4.36631e-05	2.13186e-10	2.63659e-09	5.41742e-10	0.200284	0.993083	0.733349	1.10256	1.10256	
0.993076	0.993102	0.993102	0.993102	0.993102	0.993087	3.74452e-17	0.993102	0.99309	0.993102	0.993102	0.990692	0.993086	0.993096	0.993102	0.993102	0.993079	0.993101	3.4047e-05	5.01568e-09	0.99026	3.26715e-05	1.59519e-10	1.97286e-09	4.0553e-10	0.161785	0.993087	0.751382	1.10703	1.10703	
0.993082	0.993102	0.993102	0.993102	0.993102	0.993091	2.80224e-17	0.993102	0.993093	0.993102	0.993102	0.991269	0.99309	0.993097	0.993102	0.993102	0.993085	0.993101	2.54761e-05	3.77194e-09	0.990945	2.44469e-05	1.19363e-10	1.47622e-09	3.03593e-10	0.128791	0.993091	0.7639	1.107	1.107	
0.993087	0.993102	0.993102	0.993102	0.993102	0.993094	2.09716e-17	0.993102	0.993096	0.993102	0.993102	0.991707	0.993093	0.993099	0.993102	0.993102	0.993089	0.993101	1.90629e-05	2.83712e-09	0.991465	1.82927e-05	8.93147e-11	1.1046e-09	2.27318e-10	0.102436	0.993094	0.775299	1.10672	1.10672	
0.99309	0.993102	0.993102	0.993102	0.993102	0.993096	1.56957e-17	0.993102	0.993097	0.993102	0.993102	0.992039	0.993095	0.993099	0.993102	0.993102	0.993093	0.993101	1.4264e-05	2.13469e-09	0.991858	1.36878e-05	6.68309e-11	8.26534e-10	1.70245e-10	0.0815293	0.993096	0.784151	1.10623	1.10623	
0.993093	0.993102	0.993102	0.993102	0.993102	0.993097	1.1748e-17	0.993102	0.993098	0.993102	0.993102	0.992291	0.993097	0.9931	0.993102	0.993102	0.993095	0.993101	1.06733e-05	1.60728e-09	0.992156	1.02421e-05	5.00071e-11	6.18465e-10	1.27541e-10	0.0651469	0.993098	0.793415	1.10512	1.10512	
0.993095	0.993102	0.993102	0.993102	0.993102	0.993099	8.79409e-18	0.993102	0.993099	0.993102	0.993102	0.992483	0.993098	0.993101	0.993102	0.993102	0.993097	0.993101	7.98641e-06	1.21113e-09	0.992381	7.66377e-06	3.74185e-11	4.62775e-10	9.55902e-11	0.0522744	0.993099	0.798806	1.10299	1.10299	
0.993097	0.993102	0.993102	0.993102	0.993102	0.993099	6.58376e-18	0.993102	0.9931	0.993102	0.993102	0.992627	0.993099	0.993101	0.993102	0.993102	0.993098	0.993101	5.97594e-06	9.14178e-10	0.992551	5.73452e-06	2.79989e-11	3.46278e-10	7.16895e-11	0.0424229	0.9931	0.806933	1.10405	1.10405	
0.993098	0.993102	0.993102	0.993102	0.993102	0.9931	4.92986e-18	0.993102	0.993101	0.993102	0.993102	0.992737	0.9931	0.993101	0.993102	0.993102	0.993099	0.993101	4.47158e-06	6.90647e-10	0.99268	4.29093e-06	2.09506e-11	2.59107e-10	5.38021e-11	0.0345024	0.9931	0.814418	1.10476	1.10476	
0.993099	0.993102	0.993102	0.993102	0.993102	0.993101	3.6923e-18	0.993102	0.993101	0.993102	0.993102	0.99282	0.9931	0.993102	0.993102	0.993102	0.9931	0.993101	3.34592e-06	5.22388e-10	0.992778	3.21075e-06	1.56765e-11	1.9388e-10	4.04153e-11	0.0281623	0.993101	0.823431	1.10799	1.10799	
0.993099	0.993102	0.993102	0.993102	0.993102	0.993101	2.76629e-18	0.993102	0.993101	0.993102	0.993102	0.992884	0.993101	0.993102	0.993102	0.993102	0.993101	0.993101	2.50363e-06	3.95269e-10	0.992852	2.40249e-06	1.17302e-11	1.45074e-10	3.03886e-11	0.0229125	0.993101	0.832145	1.11157	1.11157	
0.9931	0.993102	0.993102	0.993102	0.993102	0.993101	2.07338e-18	0.993102	0.993102	0.993102	0.993102	0.992933	0.993101	0.993102	0.993102	0.993102	0.993101	0.993101	1.87337e-06	2.99196e-10	0.992909	1.79769e-06	8.77727e-12	1.08553e-10	2.28758e-11	0.0185859	0.993101	0.836634	1.11161	1.11161	
0.9931	0.993102	0.993102	0.993102	0.993102	0.993102	1.5549e-18	0.993102	0.993102	0.993102	0.993102	0.99297	0.993101	0.993102	0.993102	0.993102	0.993101	0.993101	1.40178e-06	2.2701e-10	0.992952	1.34515e-06	6.56771e-12	8.12265e-11	1.72542e-11	0.0152241	0.993102	0.838365	1.10958	1.10958	
0.9931	0.993102	0.993102	0.993102	0.993102	0.993102	1.16695e-18	0.993102	0.993102	0.993102	0.993102	0.992998	0.993101	0.993102	0.993102	0.993102	0.993101	0.993101	1.0489e-06	1.73014e-10	0.992985	1.00653e-06	4.91438e-12	6.07788e-11	1.30534e-11	0.0127164	0.993102	0.840854	1.10847	1.10847	
0.993101	0.993102	0.993102	0.993102	0.993102	0.993102	8.76653e-19	0.993102	0.993102	0.993102	0.993102	0.993019	0.993101	0.993102	0.993102	0.993102	0.993102	0.993101	7.84853e-07	1.32526e-10	0.993009	7.53146e-07	3.67725e-12	4.54786e-11	9.9133e-12	0.0108042	0.993102	0.844762	1.11011	1.11011	
0.993101	0.993102	0.993102	0.993102	0.993102	0.993102	6.59437e-19	0.993102	0.993102	0.993102	0.993102	0.993036	0.993101	0.993102	0.993102	0.993102	0.993102	0.993101	5.87277e-07	1.01908e-10	0.993028	5.63552e-07	2.75155e-12	3.403e-11	7.55896e-12	0.00923854	0.993102	0.84864	1.11333	1.11333	
0.993101	0.993102	0.993102	0.993102	0.993102	0.993102	4.96902e-19	0.993102	0.993102	0.993102	0.993102	0.993048	0.993102	0.993102	0.993102	0.993102	0.993102	0.993101	4.39438e-07	7.86346e-11	0.993042	4.21685e-07	2.05889e-12	2.54634e-11	5.78851e-12	0.00791503	0.993102	0.852876	1.11574	1.11574	
0.993101	0.993102	0.993102	0.993102	0.993102	0.993102	3.75283e-19	0.993102	0.993102	0.993102	0.993102	0.993058	0.993102	0.993102	0.993102	0.993102	0.993102	0.993101	3.28816e-07	6.09236e-11	0.993054	3.15532e-07	1.54059e-12	1.90533e-11	4.4575e-12	0.00680029	0.993102	0.856336	1.11694	1.11694	
0.993101	0.993102	0.993102	0.993102	0.993102	0.993102	2.84279e-19	0.993102	0.993102	0.993102	0.993102	0.993065	0.993102	0.993102	0.993102	0.993102	0.993102	0.993101	2.46041e-07	4.74858e-11	0.993062	2.36101e-07	1.15277e-12	1.42569e-11	3.45857e-12	0.00588838	0.993102	0.860757	1.12041	1.12041	
0.993101	0.993102	0.993102	0.993102	0.993102	0.993102	2.16185e-19	0.993102	0.993102	0.993102	0.993102	0.993071	0.993101	0.993102	0.993102	0.993102	0.993102	0.993101	1.84103e-07	3.71536e-11	0.993069	1.76666e-07	8.62574e-13	1.06679e-11	2.70285e-12	0.0050896	0.993102	0.864887	1.1231	1.1231	
0.993101	0.993102	0.993102	0.993102	0.993102	0.993102	1.65233e-19	0.993102	0.993102	0.993102	0.993102	0.993076	0.993101	0.993102	0.993102	0.993102	0.993102	0.993101	1.37758e-07	2.92156e-11	0.993074	1.32193e-07	6.45433e-13	7.98242e-12	2.13135e-12	0.00440493	0.993102	0.86869	1.12622	1.12622	
0.993101	0.993102	0.993102	0.993102	0.993102	0.993102	1.27107e-19	0.993102	0.993102	0.993102	0.993102	0.99308	0.993101	0.993102	0.993102	0.993102	0.993102	0.993101	1.03079e-07	2.30929e-11	0.993078	9.89149e-08	4.82954e-13	5.97295e-12	1.69714e-12	0.00381567	0.993102	0.87308	1.12835	1.12835	
0.993101	0.993102	0.993102	0.993102	0.993102	0.993102	9.85784e-20	0.993102	0.993102	0.993102	0.993102	0.993083	0.993101	0.993102	0.993102	0.993102	0.993102	0.993101	7.71304e-08	1.8361e-11	0.993082	7.40144e-08	3.61377e-13	4.46934e-12	1.36796e-12	0.00331132	0.993102	0.871776	1.12949	1.12949	
0.993101	0.993102	0.993102	0.993102	0.993102	0.993102	7.72318e-20	0.993102	0.993102	0.993102	0.993102	0.993085	0.993101	0.993102	0.993102	0.993102	0.993102	0.993101	5.77138e-08	1.48236e-11	0.993084	5.53823e-08	2.70405e-13	3.34425e-12	1.11943e-12	0.00293538	0.993102	0.863161	1.12673	1.12673	
0.993101	0.993102	0.993102	0.993102	0.993102	0.993102	6.12589e-20	0.993102	0.993102	0.993102	0.993102	0.993086	0.993101	0.993102	0.993102	0.993102	0.993102	0.993101	4.31852e-08	1.2454e-11	0.993085	4.14405e-08	2.02334e-13	2.50238e-12	9.38906e-13	0.00277075	0.993102	0.862167	1.12663	1.12663	
0.993101	0.993102	0.993102	0.993102	0.993102	0.993102	4.93069e-20	0.993102	0.993102	0.993102	0.993102	0.993087	0.993101	0.993102	0.993102	0.993102	0.993102	0.993101	3.23139e-08	1.07111e-11	0.993086	3.10084e-08	1.51399e-13	1.87244e-12	8.04041e-13	0.0026603	0.993102	0.858519	1.12338	1.12338	
0.993101	0.993102	0.993102	0.993102	0.993102	0.993102	4.03637e-20	0.993102	0.993102	0.993102	0.993102	0.993087	0.993101	0.993102	0.993102	0.993102	0.993102	0.993101	2.41793e-08	9.61281e-12	0.993087	2.32025e-08	1.13287e-13	1.40108e-12	7.09932e-13	0.00266421	0.993102	0.867135	1.12692	1.12692	
0.993101	0.993102	0.993102	0.993102	0.993102	0.993102	3.36718e-20	0.993102	0.993102	0.993102	0.993102	0.993088	0.993101	0.993102	0.993102	0.993102	0.993102	0.993101	1.80925e-08	8.4462e-12	0.993088	1.73616e-08	8.47682e-14	1.04837e-12	6.32121e-13	0.0025221	0.993102	0.869134	1.12761	1.12761	
0.993101	0.993102	0.993102	0.993102	0.993102	0.993102	2.86645e-20	0.993102	0.993102	0.993102	0.993102	0.993089	0.993101	0.993102	0.993102	0.993102	0.993102	0.993101	1.3538e-08	7.50757e-12	0.993089	1.2991e-08	6.3429e-14	7.84461e-13	5.72509e-13	0.00238812	0.993102	0.866588	1.1264	1.1264	
0.993101	0.993102	0.993102	0.993102	0.993102	0.993102	2.49178e-20	0.993102	0.993102	0.993102	0.993102	0.993089	0.993101	0.993102	0.993102	0.993102	0.993102	0.993101	1.013e-08	6.89793e-12	0.993089	9.72072e-09	4.74616e-14	5.86983e-13	5.30345e-13	0.00232688	0.993102	0.87324	1.12981	1.12981	
0.993101	0.993102	0.993102	0.993102	0.993102	0.993102	2.21142e-20	0.993102	0.993102	0.993102	0.993102	0.99309	0.993101	0.993102	0.993102	0.993102	0.993102	0.993101	7.57988e-09	6.20831e-12	0.99309	7.27366e-09	3.55138e-14	4.39218e-13	4.92067e-13	0.00218278	0.993102	0.87302	1.12888	1.12888	
0.993101	0.993102	0.993102	0.993102	0.993102	0.993102	2.00164e-20	0.993102	0.993102	0.993102	0.993102	0.99309	0.993101	0.993102	0.993102	0.993102	0.993102	0.993101	5.67175e-09	5.71666e-12	0.99309	5.44261e-09	2.65737e-14	3.28651e-13	4.65215e-13	0.00208522	0.993102	0.875097	1.12861	1.12861	
0.993101	0.993102	0.993102	0.993102	0.993102	0.993102	1.84467e-20	0.993102	0.993102	0.993102	0.993102	0.993091	0.993101	0.993102	0.993102	0.993102	0.993102	0.993101	4.24396e-09	5.31071e-12	0.993091	4.07251e-09	1.98841e-14	2.45918e-13	4.45643e-13	0.00199618	0.993102	0.875557	1.12901	1.12901	
0.993101	0.993102	0.993102	0.993102	0.993102	0.993102	1.72721e-20	0.993102	0.993102	0.993102	0.993102	0.993091	0.993101	0.993102	0.993102	0.993102	0.993102	0.993101	3.1756e-09	4.98934e-12	0.993091	3.04731e-09	1.48786e-14	1.84011e-13	4.30221e-13	0.00192214	0.993102	0.876513	1.12938	1.12938	
0.993101	0.993102	0.993102	0.993102	0.993102	0.993102	1.63932e-20	0.993102	0.993102	0.993102	0.993102	0.993091	0.993101	0.993102	0.993102	0.993102	0.993102	0.993101	2.37619e-09	4.72236e-12	0.993091	2.28019e-09	1.11331e-14	1.37689e-13	4.17975e-13	0.00185558	0.993102	0.878488	1.13087	1.13087	
0.993101	0.993102	0.993102	0.993102	0.993102	0.993102	1.57356e-20	0.993102	0.993102	0.993102	0.993102	0.993092	0.993101	0.993102	0.993102	0.993102	0.993102	0.993101	1.77801e-09	4.45631e-12	0.993092	1.70618e-09	8.33048e-15	1.03028e-13	4.05984e-13	0.00177785	0.993102	0.880734	1.13169	1.13169	
0.993101	0.993102	0.993102	0.993102	0.993102	0.993102	1.52435e-20	0.993102	0.993102	0.993102	0.993102	0.993092	0.993101	0.993102	0.993102	0.993102	0.993102	0.993101	1.33042e-09	4.20244e-12	0.993092	1.27668e-09	6.23339e-15	7.70918e-14	3.95504e-13	0.00169659	0.993102	0.878717	1.12908	1.12908	
0.993101	0.993102	0.993102	0.993102	0.993102	0.993102	1.48753e-20	0.993102	0.993102	0.993102	0.993102	0.993092	0.993101	0.993102	0.993102	0.993102	0.993102	0.993101	9.95507e-10	4.0965e-12	0.993092	9.5529e-10	4.66422e-15	5.7685e-14	3.92565e-13	0.0016712	0.993102	0.880879	1.13008	1.13008	
0.993101	0.993102	0.993102	0.993102	0.993102	0.993102	1.45998e-20	0.993102	0.993102	0.993102	0.993102	0.993093	0.993101	0.993102	0.993102	0.993102	0.993102	0.993101	7.44902e-10	3.95901e-12	0.993093	7.14809e-10	3.49007e-15	4.31636e-14	3.88465e-13	0.00162766	0.993102	0.881434	1.13106	1.13106	
0.993101	0.993102	0.993102	0.993102	0.993102	0.993102	1.43936e-20	0.993102	0.993102	0.993102	0.993102	0.993093	0.993101	0.993102	0.993102	0.993102	0.993102	0.993101	5.57383e-10	3.82912e-12	0.993093	5.34865e-10	2.61149e-15	3.22977e-14	3.8356e-13	0.00158371	0.993102	0.883337	1.13159	1.13159	
0.993101	0.993102	0.993102	0.993102	0.993102	0.993102	1.42394e-20	0.993102	0.993102	0.993102	0.993102	0.993093	0.993101	0.993102	0.993102	0.993102	0.993102	0.993101	4.17069e-10	3.69063e-12	0.993093	4.0022e-10	1.95408e-15	2.41672e-14	3.78897e-13	0.00153341	0.993102	0.882202	1.13007	1.13007	
0.993101	0.993102	0.993102	0.993102	0.993102	0.993102	1.41239e-20	0.993102	0.993102	0.993102	0.993102	0.993093	0.993101	0.993102	0.993102	0.993102	0.993102	0.993101	3.12078e-10	3.63201e-12	0.993093	2.9947e-10	1.46217e-15	1.80834e-14	3.78241e-13	0.00151474	0.993102	0.886002	1.13092	1.13092	
0.993101	0.993102	0.993102	0.993102	0.993102	0.993102	1.40376e-20	0.993102	0.993102	0.993102	0.993102	0.993093	0.993101	0.993102	0.993102	0.993102	0.993102	0.993101	2.33516e-10	3.51099e-12	0.993093	2.24083e-10	1.09409e-15	1.35312e-14	3.76171e-13	0.00146826	0.993102	0.886449	1.13031	1.13031	
0.993101	0.993102	0.993102	0.993102	0.993102	0.993102	1.39729e-20	0.993102	0.993102	0.993102	0.993102	0.993094	0.993101	0.993102	0.993102	0.993102	0.993102	0.993101	1.74732e-10	3.42288e-12	0.993094	1.67673e-10	8.18666e-16	1.01249e-14	3.7575e-13	0.00143451	0.993102	0.886961	1.13002	1.13002	
0.993101	0.993102	0.993102	0.993102	0.993102	0.993102	1.39246e-20	0.993102	0.993102	0.993102	0.993102	0.993094	0.993101	0.993102	0.993102	0.993102	0.993102	0.993101	1.30745e-10	3.35346e-12	0.993094	1.25463e-10	6.12578e-16	7.57609e-15	3.75987e-13	0.00140778	0.993102	0.886334	1.12806	1.12806	
0.993101	0.993102	0.993102	0.993102	0.993102	0.993102	1.38884e-20	0.993102	0.993102	0.993102	0.993102	0.993094	0.993101	0.993102	0.993102	0.993102	0.993102	0.993101	9.78321e-11	3.34356e-12	0.993094	9.38798e-11	4.5837e-16	5.66892e-15	3.79953e-13	0.0014055	0.993102	0.888391	1.1279	1.1279	
0.993101	0.993102	0.993102	0.993102	0.993102	0.993102	1.38613e-20	0.993102	0.993102	0.993102	0.993102	0.993094	0.9931	0.993102	0.993102	0.993102	0.993102	0.993101	7.32042e-11	3.30519e-12	0.993094	7.02468e-11	3.42981e-16	4.24185e-15	3.83247e-13	0.00139075	0.993102	0.895688	1.131	1.131	
0.993101	0.993102	0.993102	0.993102	0.993102	0.993102	1.3841e-20	0.993102	0.993102	0.993102	0.993102	0.993094	0.9931	0.993102	0.993102	0.993102	0.993102	0.993101	5.4776e-11	3.12562e-12	0.993094	5.25631e-11	2.5664e-16	3.17402e-15	3.79757e-13	0.0013161	0.993102	0.89391	1.13036	1.13036	
0.993101	0.993102	0.993102	0.993102	0.993102	0.993102	1.38259e-20	0.993102	0.993102	0.993102	0.993102	0.993095	0.9931	0.993102	0.993102	0.993102	0.993102	0.993101	4.09869e-11	3.02355e-12	0.993095	3.93311e-11	1.92035e-16	2.37501e-15	3.7834e-13	0.00127387	0.993102	0.894713	1.13123	1.13123	
0.993101	0.993102	0.993102	0.993102	0.993102	0.993102	1.38145e-20	0.993102	0.993102	0.993102	0.993102	0.993095	0.9931	0.993102	0.993102	0.993102	0.993102	0.993101	3.0669e-11	2.92461e-12	0.993095	2.943e-11	1.43693e-16	1.77713e-15	3.75652e-13	0.00123275	0.993102	0.892401	1.12919	1.12919	
0.993101	0.993102	0.993102	0.993102	0.993102	0.993102	1.38061e-20	0.993102	0.993102	0.993102	0.993102	0.993095	0.9931	0.993102	0.993102	0.993102	0.993102	0.993101	2.29485e-11	2.91081e-12	0.993095	2.20214e-11	1.0752e-16	1.32976e-15	3.77496e-13	0.00122738	0.993102	0.881806	1.12453	1.12453	
0.993101	0.993102	0.993102	0.993102	0.993102	0.993102	1.37997e-20	0.993102	0.993102	0.993102	0.993102	0.993095	0.9931	0.993102	0.993102	0.993102	0.993102	0.993101	1.71715e-11	3.15838e-12	0.993095	1.64778e-11	8.04532e-17	9.95017e-16	3.88309e-13	0.00133205	0.993102	0.885447	1.12425	1.12425	
0.993101	0.993102	0.993102	0.993102	0.993102	0.993102	1.3795e-20	0.993102	0.993102	0.993102	0.993102	0.993094	0.9931	0.993102	0.993102	0.993102	0.993102	0.993101	1.28488e-11	3.27986e-12	0.993094	1.23297e-11	6.02002e-17	7.44537e-16	3.9699e-13	0.0013835	0.993102	0.884559	1.12243	1.12243	
0.993101	0.993102	0.993102	0.993102	0.993102	0.993102	1.37914e-20	0.993102	0.993102	0.993102	0.993102	0.993094	0.993101	0.993102	0.993102	0.993102	0.993102	0.993101	9.61433e-12	3.42177e-12	0.993094	9.2259e-12	4.50456e-17	5.57112e-16	4.07432e-13	0.0014435	0.993102	0.885539	1.12024	1.12024	
0.993101	0.993102	0.993102	0.993102	0.993102	0.993102	1.37887e-20	0.993102	0.993102	0.993102	0.993102	0.993094	0.993101	0.993102	0.993102	0.993102	0.993102	0.993101	7.19406e-12	3.55163e-12	0.993094	6.90341e-12	3.3706e-17	4.16869e-16	4.20186e-13	0.00149836	0.993102	0.891094	1.1204	1.1204	
0.993101	0.993102	0.993102	0.993102	0.993102	0.993102	1.37867e-20	0.993102	0.993102	0.993102	0.993102	0.993094	0.993101	0.993102	0.993102	0.993102	0.993102	0.993101	5.38306e-12	3.54178e-12	0.993094	5.16557e-12	2.5221e-17	3.1193e-16	4.29365e-13	0.00149432	0.993102	0.888887	1.11953	1.11953	
0.993101	0.993102	0.993102	0.993102	0.993102	0.993102	1.37853e-20	0.993102	0.993102	0.993102	0.993102	0.993094	0.993101	0.993102	0.993102	0.993102	0.993102	0.993101	4.02795e-12	3.59047e-12	0.993094	3.86521e-12	1.88719e-17	2.33408e-16	4.38242e-13	0.00151492	0.993102	0.903228	1.12542	1.12542	
0.993101	0.993102	0.993102	0.993102	0.993102	0.993102	1.37841e-20	0.993102	0.993102	0.993102	0.993102	0.993095	0.9931	0.993102	0.993102	0.993102	0.993102	0.993101	3.01397e-12	3.31398e-12	0.993095	2.89219e-12	1.41212e-17	1.74652e-16	4.31884e-13	0.00139843	0.993102	0.900203	1.12406	1.12406	
0.993101	0.993102	0.993102	0.993102	0.993102	0.993102	1.37833e-20	0.993102	0.993102	0.993102	0.993102	0.993095	0.9931	0.993102	0.993102	0.993102	0.993102	0.993101	2.25525e-12	3.16465e-12	0.993095	2.16412e-12	1.05664e-17	1.30688e-16	4.30002e-13	0.00133554	0.993102	0.900621	1.12597	1.12597	
0.993101	0.993102	0.993102	0.993102	0.993102	0.993102	1.37827e-20	0.993102	0.993102	0.993102	0.993102	0.993095	0.9931	0.993102	0.993102	0.993102	0.993102	0.993101	1.68753e-12	3.02176e-12	0.993095	1.61933e-12	7.90643e-18	9.77903e-17	4.24592e-13	0.00127534	0.993102	0.898881	1.12364	1.12364	
0.993101	0.993102	0.993102	0.993102	0.993102	0.993102	1.37822e-20	0.993102	0.993102	0.993102	0.993102	0.993096	0.9931	0.993102	0.993102	0.993102	0.993102	0.993101	1.26272e-12	2.9703e-12	0.993096	1.21169e-12	5.91609e-18	7.31746e-17	4.2545e-13	0.00125369	0.993102	0.896583	1.12224	1.12224	
0.993101	0.993102	0.993102	0.993102	0.993102	0.993102	1.37819e-20	0.993102	0.993102	0.993102	0.993102	0.993096	0.9931	0.993102	0.993102	0.993102	0.993102	0.993101	9.4485e-13	2.98614e-12	0.993096	9.06662e-13	4.4268e-18	5.47557e-17	4.29136e-13	0.00126039	0.993102	0.894815	1.12236	1.12236	
0.993101	0.993102	0.993102	0.993102	0.993102	0.993102	1.37816e-20	0.993102	0.993102	0.993102	0.993102	0.993096	0.9931	0.993102	0.993102	0.993102	0.993102	0.993101	7.07001e-13	3.02356e-12	0.993096	6.78422e-13	3.31241e-18	4.09735e-17	4.31626e-13	0.00127618	0.993102	0.897318	1.12164	1.12164	
0.993101	0.993102	0.993102	0.993102	0.993102	0.993102	1.37814e-20	0.993102	0.993102	0.993102	0.993102	0.993096	0.9931	0.993102	0.993102	0.993102	0.993102	0.993101	5.29027e-13	3.0239e-12	0.993096	5.07639e-13	2.47856e-18	3.06608e-17	4.35092e-13	0.00127634	0.993102	0.894992	1.12014	1.12014	
0.993101	0.993102	0.993102	0.993102	0.993102	0.993102	1.37813e-20	0.993102	0.993102	0.993102	0.993102	0.993096	0.9931	0.993102	0.993102	0.993102	0.993102	0.993101	3.95856e-13	3.08472e-12	0.993096	3.79848e-13	1.85461e-18	2.29443e-17	4.41101e-13	0.001302	0.993102	0.887598	1.12198	1.12198	
0.993101	0.993102	0.993102	0.993102	0.993102	0.993102	1.37812e-20	0.993102	0.993102	0.993102	0.993102	0.993095	0.9931	0.993102	0.993102	0.993102	0.993102	0.993101	2.96209e-13	3.22684e-12	0.993095	2.84226e-13	1.38774e-18	1.71706e-17	4.41427e-13	0.0013619	0.993102	0.884459	1.12067	1.12067	
0.993101	0.993102	0.993102	0.993102	0.993102	0.993102	1.37811e-20	0.993102	0.993102	0.993102	0.993102	0.993095	0.993101	0.993102	0.993102	0.993102	0.993102	0.993101	2.21648e-13	3.41879e-12	0.993095	2.12676e-13	1.03839e-18	1.28505e-17	4.44639e-13	0.00144279	0.993102	0.886171	1.11975	1.11975	
0.993101	0.993102	0.993102	0.993102	0.993102	0.993102	1.3781e-20	0.993102	0.993102	0.993102	0.993102	0.993095	0.993101	0.993102	0.993102	0.993102	0.993102	0.993101	1.65856e-13	3.54649e-12	0.993095	1.59138e-13	7.76993e-19	9.61789e-18	4.49151e-13	0.0014966	0.993102	0.888699	1.12013	1.12013	
0.993101	0.993102	0.993102	0.993102	0.993102	0.993102	1.3781e-20	0.993102	0.993102	0.993102	0.993102	0.993095	0.993101	0.993102	0.993102	0.993102	0.993102	0.993101	1.24108e-13	3.58623e-12	0.993095	1.19077e-13	5.81396e-19	7.19892e-18	4.51647e-13	0.00151336	0.993102	0.889322	1.12081	1.12081	
0.993101	0.993102	0.993102	0.993102	0.993102	0.993102	1.37809e-20	0.993102	0.993102	0.993102	0.993102	0.993095	0.993101	0.993102	0.993102	0.993102	0.993102	0.993101	9.28702e-14	3.59212e-12	0.993095	8.9101e-14	4.35037e-19	5.38884e-18	4.51972e-13	0.00151585	0.993102	0.891036	1.12067	1.12067	
0.993101	0.993102	0.993102	0.993102	0.993102	0.993102	1.37809e-20	0.993102	0.993102	0.993102	0.993102	0.993095	0.993101	0.993102	0.993102	0.993102	0.993102	0.993101	6.94958e-14	3.56829e-12	0.993095	6.66711e-14	3.25522e-19	4.03436e-18	4.52526e-13	0.00150581	0.993102	0.884731	1.12444	1.12444	
0.993101	0.993102	0.993102	0.993102	0.993102	0.993102	1.37809e-20	0.993102	0.993102	0.993102	0.993102	0.993095	0.993101	0.993102	0.993102	0.993102	0.993102	0.993101	5.2007e-14	3.59629e-12	0.993095	4.98875e-14	2.43577e-19	3.02095e-18	4.44641e-13	0.00151762	0.993102	0.89803	1.12665	1.12665	
0.993101	0.993102	0.993102	0.993102	0.993102	0.993102	1.37809e-20	0.993102	0.993102	0.993102	0.993102	0.993095	0.993101	0.993102	0.993102	0.993102	0.993102	0.993101	3.89198e-14	3.3702e-12	0.993095	3.7329e-14	1.82259e-19	2.26208e-18	4.34153e-13	0.00142232	0.993102	0.891008	1.1226	1.1226	
0.993101	0.993102	0.993102	0.993102	0.993102	0.993102	1.37809e-20	0.993102	0.993102	0.993102	0.993102	0.993095	0.993101	0.993102	0.993102	0.993102	0.993102	0.993101	2.9127e-14	3.36927e-12	0.993095	2.7932e-14	1.36378e-19	1.69463e-18	4.34851e-13	0.00142194	0.993102	0.901528	1.12592	1.12592	
0.993101	0.993102	0.993102	0.993102	0.993102	0.993102	1.37808e-20	0.993102	0.993102	0.993102	0.993102	0.993095	0.9931	0.993102	0.993102	0.993102	0.993102	0.993101	2.17991e-14	3.16377e-12	0.993095	2.09005e-14	1.02047e-19	1.26955e-18	4.28322e-13	0.00133531	0.993102	0.892765	1.12451	1.12451	
0.993101	0.993102	0.993102	0.993102	0.993102	0.993102	1.37808e-20	0.993102	0.993102	0.993102	0.993102	0.993095	0.9931	0.993102	0.993102	0.993102	0.993102	0.993101	1.63164e-14	3.15497e-12	0.993095	1.56391e-14	7.63579e-20	9.51825e-19	4.26376e-13	0.00133161	0.993102	0.893809	1.12437	1.12437	
0.993101	0.993102	0.993102	0.993102	0.993102	0.993102	1.37808e-20	0.993102	0.993102	0.993102	0.993102	0.993095	0.9931	0.993102	0.993102	0.993102	0.993102	0.993101	1.22138e-14	3.13422e-12	0.993095	1.17022e-14	5.71358e-20	7.14046e-19	4.2521e-13	0.00132287	0.993102	0.889747	1.11642	1.11642	
0.993101	0.993102	0.993102	0.993102	0.993102	0.993102	1.37808e-20	0.993102	0.993102	0.993102	0.993102	0.993095	0.9931	0.993102	0.993102	0.993102	0.993102	0.993101	9.14293e-15	3.32874e-12	0.993095	8.75633e-15	4.27527e-20	5.36621e-19	4.42635e-13	0.00140485	0.993102	0.891332	1.11801	1.11801	
0.993101	0.993102	0.993102	0.993102	0.993102	0.993102	1.37808e-20	0.993102	0.993102	0.993102	0.993102	0.993095	0.993101	0.993102	0.993102	0.993102	0.993102	0.993101	6.84525e-15	3.41389e-12	0.993095	6.55206e-15	3.19903e-20	4.03718e-19	4.51793e-13	0.00144074	0.993102	0.893638	1.11768	1.11768	
0.993101	0.993102	0.993102	0.993102	0.993102	0.993102	1.37808e-20	0.993102	0.993102	0.993102	0.993102	0.993095	0.993101	0.993102	0.993102	0.993102	0.993102	0.993101	5.12575e-15	3.44172e-12	0.993095	4.90268e-15	2.39371e-20	3.04187e-19	4.59428e-13	0.00145247	0.993102	0.890067	1.11868	1.11868	
0.993101	0.993102	0.993102	0.993102	0.993102	0.993102	1.37808e-20	0.993102	0.993102	0.993102	0.993102	0.993095	0.993101	0.993102	0.993102	0.993102	0.993102	0.993101	3.83955e-15	3.5094e-12	0.993095	3.66852e-15	1.79113e-20	2.29822e-19	4.62742e-13	0.001481	0.993102	0.90666	1.12377	1.12377	
0.993101	0.993102	0.993102	0.993102	0.993102	0.993102	1.37808e-20	0.993102	0.993102	0.993102	0.993102	0.993095	0.9931	0.993102	0.993102	0.993102	0.993102	0.993101	2.87663e-15	3.23143e-12	0.993095	2.74503e-15	1.34024e-20	1.734e-19	4.5372e-13	0.00136382	0.993102	0.906291	1.12389	1.12389	
0.993101	0.993102	0.993102	0.993102	0.993102	0.993102	1.37808e-20	0.993102	0.993102	0.993102	0.993102	0.993096	0.9931	0.993102	0.993102	0.993102	0.993102	0.993101	2.15616e-15	3.02637e-12	0.993096	2.05401e-15	1.00285e-20	1.31189e-19	4.46693e-13	0.00127737	0.993102	0.89914	1.12241	1.12241	
0.993101	0.993102	0.993102	0.993102	0.993102	0.993102	1.37808e-20	0.993102	0.993102	0.993102	0.993102	0.993096	0.9931	0.993102	0.993102	0.993102	0.993102	0.993101	1.61739e-15	2.98757e-12	0.993096	1.53695e-15	7.50396e-21	9.98744e-20	4.44657e-13	0.00126103	0.993102	0.901769	1.12253	1.12253	
0.993101	0.993102	0.993102	0.993102	0.993102	0.993102	1.37808e-20	0.993102	0.993102	0.993102	0.993102	0.993096	0.9931	0.993102	0.993102	0.993102	0.993102	0.993101	1.21405e-15	2.9199e-12	0.993096	1.15006e-15	5.61494e-21	7.63517e-20	4.42875e-13	0.00123251	0.993102	0.897103	1.12352	1.12352	
0.993101	0.993102	0.993102	0.993102	0.993102	0.993102	1.37808e-20	0.993102	0.993102	0.993102	0.993102	0.993096	0.9931	0.993102	0.993102	0.993102	0.993102	0.993101	9.12791e-16	2.92148e-12	0.993096	8.60557e-16	4.20146e-21	5.88741e-20	4.39383e-13	0.00123319	0.993102	0.894502	1.12122	1.12122	
0.993101	0.993102	0.993102	0.993102	0.993102	0.993102	1.37808e-20	0.993102	0.993102	0.993102	0.993102	0.993096	0.9931	0.993102	0.993102	0.993102	0.993102	0.993101	6.87199e-16	2.99848e-12	0.993096	6.43937e-16	3.1438e-21	4.59756e-20	4.41849e-13	0.00126565	0.993102	0.892296	1.1219	1.1219	
0.993101	0.993102	0.993102	0.993102	0.993102	0.993102	1.37808e-20	0.993102	0.993102	0.993102	0.993102	0.993096	0.9931	0.993102	0.993102	0.993102	0.993102	0.993101	5.18706e-16	3.0813e-12	0.993096	4.81849e-16	2.35239e-21	3.63838e-20	4.4217e-13	0.00130057	0.993102	0.897142	1.12008	1.12008	
0.993101	0.993102	0.993102	0.993102	0.993102	0.993102	1.37808e-20	0.993102	0.993102	0.993102	0.993102	0.993096	0.9931	0.993102	0.993102	0.993102	0.993102	0.993101	3.91928e-16	3.09403e-12	0.993096	3.60563e-16	1.76021e-21	2.90901e-20	4.46536e-13	0.00130594	0.993102	0.890473	1.12132	1.12132	
0.993101	0.993102	0.993102	0.993102	0.993102	0.993102	1.37808e-20	0.993102	0.993102	0.993102	0.993102	0.993095	0.9931	0.993102	0.993102	0.993102	0.993102	0.993101	2.97826e-16	3.19402e-12	0.993095	2.69812e-16	1.3171e-21	2.38465e-20	4.46975e-13	0.00134809	0.993102	0.89072	1.12411	1.12411	
0.993101	0.993102	0.993102	0.993102	0.993102	0.993102	1.37808e-20	0.993102	0.993102	0.993102	0.993102	0.993095	0.9931	0.993102	0.993102	0.993102	0.993102	0.993101	2.27927e-16	3.21705e-12	0.993095	2.01906e-16	9.85537e-22	1.98004e-20	4.4118e-13	0.0013578	0.993102	0.896392	1.12441	1.12441	
0.993101	0.993102	0.993102	0.993102	0.993102	0.993102	1.37808e-20	0.993102	0.993102	0.993102	0.993102	0.993095	0.9931	0.993102	0.993102	0.993102	0.993102	0.993101	1.75135e-16	3.14112e-12	0.993095	1.51091e-16	7.37441e-22	1.65524e-20	4.36198e-13	0.00132579	0.993102	0.899878	1.12443	1.12443	
0.993101	0.993102	0.993102	0.993102	0.993102	0.993102	1.37808e-20	0.993102	0.993102	0.993102	0.993102	0.993096	0.9931	0.993102	0.993102	0.993102	0.993102	0.993101	1.35326e-16	3.03466e-12	0.993096	1.13066e-16	5.51801e-22	1.40046e-20	4.32438e-13	0.00128091	0.993102	0.906683	1.12514	1.12514	
0.993101	0.993102	0.993102	0.993102	0.993102	0.993102	1.37808e-20	0.993102	0.993102	0.993102	0.993102	0.993096	0.9931	0.993102	0.993102	0.993102	0.993102	0.993101	1.05102e-16	2.85949e-12	0.993096	8.46112e-17	4.12892e-22	1.18722e-20	4.28126e-13	0.00120705	0.993102	0.9095	1.12635	1.12635	
0.993101	0.993102	0.993102	0.993102	0.993102	0.993102	1.37808e-20	0.993102	0.993102	0.993102	0.993102	0.993096	0.9931	0.993102	0.993102	0.993102	0.993102	0.993101	8.24562e-17	2.68285e-12	0.993096	6.33183e-17	3.08952e-22	1.01687e-20	4.22397e-13	0.00113256	0.993102	0.907345	1.12607	1.12607	
0.993101	0.993102	0.993102	0.993102	0.993102	0.993102	1.37808e-20	0.993102	0.993102	0.993102	0.993102	0.993096	0.9931	0.993102	0.993102	0.993102	0.993102	0.993101	6.5634e-17	2.57784e-12	0.993096	4.73863e-17	2.31178e-22	8.9584e-21	4.18694e-13	0.00108828	0.993102	0.906223	1.12499	1.12499	
0.993101	0.993102	0.993102	0.993102	0.993102	0.993102	1.37808e-20	0.993102	0.993102	0.993102	0.993102	0.993096	0.9931	0.993102	0.993102	0.993102	0.993102	0.993101	5.29653e-17	2.52497e-12	0.993096	3.54655e-17	1.72982e-22	8.11358e-21	4.1817e-13	0.001066	0.993102	0.910219	1.12398	1.12398	
0.993101	0.993102	0.993102	0.993102	0.993102	0.993102	1.37808e-20	0.993102	0.993102	0.993102	0.993102	0.993097	0.9931	0.993102	0.993102	0.993102	0.993102	0.993101	4.30502e-17	2.45076e-12	0.993097	2.65445e-17	1.29436e-22	7.39943e-21	4.19897e-13	0.0010347	0.993102	0.89729	1.12126	1.12126	
0.993101	0.993102	0.993102	0.993102	0.993102	0.993102	1.37808e-20	0.993102	0.993102	0.993102	0.993102	0.993096	0.9931	0.993102	0.993102	0.993102	0.993102	0.993101	3.61821e-17	2.60168e-12	0.993096	1.98746e-17	9.68523e-23	7.35354e-21	4.27191e-13	0.00109834	0.993102	0.906725	1.12541	1.12541	
0.993101	0.993102	0.993102	0.993102	0.993102	0.993102	1.37808e-20	0.993102	0.993102	0.993102	0.993102	0.993097	0.9931	0.993102	0.993102	0.993102	0.993102	0.993101	3.09549e-17	2.53182e-12	0.993097	1.48792e-17	7.2471e-23	6.88671e-21	4.23632e-13	0.00106889	0.993102	0.911099	1.12569	1.12569	
0.993101	0.993102	0.993102	0.993102	0.993102	0.993102	1.37808e-20	0.993102	0.993102	0.993102	0.993102	0.993097	0.9931	0.993102	0.993102	0.993102	0.993102	0.993101	2.67581e-17	2.42759e-12	0.993097	1.11401e-17	5.42274e-23	6.41446e-21	4.20396e-13	0.00102493	0.993102	0.914882	1.12778	1.12778	
