0.25	1.27727e-12	1.27727e-12	0.998264	0.000618156	0.998263	0.748264	0.748264	0.998264	0.25	0.000618156	0.25	1.27727e-12	0.000618156	0.000618156	2.63265e-21	1.27727e-12	0.25	0.000618156	0.000618156	0.25	0.000618156	1.11844e-38	0.000618156	0.000618156	0.000618156	0.25	0	0	0	
0.25	1.27727e-12	1.27727e-12	0.998264	0.000618156	0.998263	0.748264	0.748264	0.998264	0.25	0.000618156	0.25	1.27727e-12	0.000618156	0.000618156	2.63265e-21	1.27727e-12	0.25	0.000618156	0.000618156	0.25	0.000618156	1.11844e-38	0.000618156	0.000618156	0.000618156	0.25	0	0	0	
0.437066	2.2946e-12	4.17537e-06	0.747582	0.000462573	0.996964	0.559903	0.559898	0.996964	0.437066	0.00107312	0.437034	2.26189e-12	0.000462543	0.0010807	1.96263e-10	2.2946e-12	0.437066	0.0010807	0.0010807	0.437066	0.0010807	2.85714e-21	0.250462	0.000462573	0.0676979	0.437066	0.00468333	0	0	
0.57704	2.22239e-10	3.20641e-06	0.559393	0.000390983	0.995992	0.418955	0.418952	0.995992	0.57704	0.00141545	0.575629	1.98815e-10	0.000346129	0.0014268	7.87796e-09	3.08682e-12	0.57704	0.000812875	0.0014874	0.57704	0.000812875	5.13812e-21	0.437412	0.000399226	0.300556	0.57704	0.0125188	0	0	
0.681778	1.12702e-08	2.40289e-06	0.418574	0.00898677	0.995264	0.313489	0.313486	0.995264	0.681778	0.00167248	0.659375	8.65912e-09	0.00029121	0.00168578	1.16669e-07	3.7045e-12	0.681778	0.000608345	0.00190648	0.681778	0.000608345	6.95943e-21	0.577299	0.0141202	0.474895	0.681778	0.0231992	0	0	
0.76015	2.81363e-07	1.79829e-06	0.313204	0.179073	0.99472	0.234572	0.23457	0.994719	0.76015	0.00176813	0.62401	1.26272e-07	0.00587512	0.00187956	8.2476e-07	4.4526e-12	0.76015	0.000455208	0.00240828	0.76015	0.000455208	9.01574e-21	0.681972	0.209738	0.605346	0.76015	0.0353979	0	0	
0.818792	8.61995e-05	1.34563e-06	0.234359	0.383985	0.994312	0.175522	0.17552	0.994295	0.818792	0.00134028	0.46879	1.27318e-07	0.126293	0.00202457	3.41765e-06	5.43301e-11	0.818792	0.000340617	0.00305365	0.818792	0.000340617	1.2357e-19	0.760148	0.404224	0.702959	0.818792	0.0503535	0	0	
0.862673	0.0298546	1.00689e-06	0.175362	0.537322	0.994007	0.131367	0.131336	0.992623	0.862673	0.00100317	0.350788	9.79064e-08	0.325496	0.00213306	9.32177e-06	3.13763e-09	0.862673	0.000254871	0.00396998	0.862673	0.000254871	7.24488e-18	0.665139	0.552205	0.775998	0.862673	0.0651645	0	0	
0.895506	0.254106	7.53424e-07	0.131217	0.652058	0.993779	0.101518	0.0982736	0.958196	0.895506	0.000750647	0.262482	7.36709e-08	0.490072	0.00221425	1.914e-05	6.92521e-08	0.895506	0.000190711	0.00523266	0.895506	0.000190711	1.6088e-16	0.498129	0.663149	0.830651	0.895506	0.0805764	0.000567512	0	
0.920075	0.439544	5.6376e-07	0.098185	0.737912	0.993609	0.183926	0.0735345	0.795719	0.920075	0.000561684	0.196406	5.53238e-08	0.615584	0.00228204	3.05584e-05	7.11135e-07	0.920075	0.000142702	0.00714871	0.920075	0.000142702	1.67695e-15	0.372733	0.746182	0.871546	0.920075	0.0963686	0.00539878	0	
0.938458	0.578858	4.21841e-07	0.0734684	0.802152	0.993481	0.387476	0.0550232	0.609558	0.938459	0.000420301	0.146963	4.317e-08	0.710054	0.00239601	2.51438e-05	3.87652e-06	0.938458	0.000106779	0.0358717	0.938459	0.000106779	9.98136e-15	0.278903	0.790358	0.902146	0.938458	0.112378	0.0136894	0	
0.952214	0.683135	3.15649e-07	0.0552531	0.850221	0.993385	0.539934	0.0411719	0.45908	0.952214	0.00031464	0.109967	6.55178e-08	0.780907	0.00260505	1.88424e-05	1.31664e-05	0.952214	7.9917e-05	0.25992	0.952214	7.99127e-05	3.9168e-14	0.208693	0.591419	0.925043	0.952214	0.128475	0.0245012	0	
0.962507	0.761164	2.36188e-07	0.117735	0.886175	0.993314	0.654013	0.0308074	0.344341	0.962507	0.000236551	0.0822845	4.19055e-07	0.833956	0.00295674	1.41e-05	3.15198e-05	0.962507	6.01133e-05	0.443904	0.962507	5.99883e-05	1.12529e-13	0.156157	0.442537	0.942176	0.962507	0.14458	0.037132	0	
0.970209	0.819551	1.76731e-07	0.336902	0.908008	0.99326	0.739374	0.0230521	0.257951	0.970207	0.000182396	0.0615705	8.25506e-07	0.865737	0.00350793	1.05506e-05	5.81785e-05	0.970209	5.89893e-05	0.582112	0.970209	5.15534e-05	2.55504e-13	0.116847	0.331134	0.954882	0.970208	0.160623	0.0510508	0	
0.975972	0.863224	1.32241e-07	0.502091	0.751677	0.99322	0.803247	0.017249	0.193152	0.975913	0.000156073	0.046071	6.40915e-07	0.648396	0.00433336	7.89465e-06	8.41015e-05	0.975972	0.00811837	0.685566	0.975972	0.00300851	4.56849e-13	0.0874321	0.247776	0.860029	0.975971	0.176534	0.0658581	0	
0.980282	0.890656	9.89515e-08	0.625697	0.562455	0.99319	0.85104	0.0129068	0.146783	0.979545	0.00173735	0.0344732	5.50593e-07	0.485171	0.00553447	5.90728e-06	6.42548e-05	0.980284	0.210317	0.762983	0.980284	0.138395	3.53516e-13	0.0654223	0.185402	0.644999	0.980284	0.192315	0.0812659	0	
0.983493	0.702115	7.40418e-08	0.718186	0.420864	0.993168	0.886802	0.0096577	0.166308	0.979045	0.106411	0.0257951	1.07852e-06	0.363036	0.00725013	4.4202e-06	4.81017e-05	0.983511	0.406006	0.820911	0.983511	0.346765	2.64788e-13	0.0489531	0.138729	0.482658	0.98351	0.207892	0.0969486	0	
0.985892	0.526085	5.54028e-08	0.787392	0.314918	0.993151	0.913562	0.0072265	0.320404	0.978076	0.30283	0.0193015	2.01071e-06	0.271647	0.00965986	3.30748e-06	3.59937e-05	0.985926	0.553566	0.864258	0.985925	0.50786	1.98147e-13	0.03663	0.103806	0.36117	0.985925	0.223292	0.108801	0	
0.987705	0.393688	4.14559e-08	0.839177	0.235641	0.993139	0.933567	0.00540733	0.478958	0.981568	0.416774	0.0144426	1.61963e-06	0.203263	0.0125716	2.47486e-06	2.69328e-05	0.987732	0.663212	0.896693	0.987732	0.621455	1.48268e-13	0.0387026	0.0776743	0.272713	0.987732	0.238455	0.117119	0	
0.989064	0.294587	3.10199e-08	0.877926	0.176322	0.993129	0.936466	0.00404611	0.605297	0.984457	0.410435	0.0108974	1.22028e-06	0.152094	0.0156932	1.85185e-06	2.01529e-05	0.989084	0.739254	0.920962	0.989084	0.657338	1.10944e-13	0.278774	0.0581208	0.388567	0.989084	0.253451	0.12278	0	
0.99008	0.220429	2.32111e-08	0.906919	0.131935	0.993122	0.720368	0.00302755	0.701639	0.986632	0.343506	0.0576396	9.14098e-07	0.113807	0.0187614	1.38567e-06	1.50797e-05	0.990096	0.770861	0.939122	0.990095	0.583477	8.30155e-14	0.458596	0.0434897	0.539867	0.990095	0.268226	0.126452	0	
0.990841	0.16494	1.7368e-08	0.928591	0.0987223	0.993117	0.539029	0.00226541	0.774299	0.988261	0.271242	0.118905	6.84186e-07	0.0851575	0.021576	1.03685e-06	1.12836e-05	0.990852	0.740193	0.952708	0.990852	0.469281	6.21175e-14	0.593151	0.0325418	0.653938	0.990852	0.28287	0.12866	0	
0.99141	0.123418	1.29958e-08	0.944629	0.0738708	0.993113	0.403336	0.00169512	0.828889	0.98948	0.209622	0.16647	5.1201e-07	0.0637202	0.0240116	7.75882e-07	8.44309e-06	0.991419	0.657753	0.962776	0.991419	0.36401	4.64803e-14	0.693833	0.0243512	0.739317	0.991419	0.297167	0.129758	0	
0.991834	0.0923496	9.72432e-09	0.955856	0.0552896	0.99311	0.301802	0.0012684	0.869829	0.990392	0.160572	0.202639	3.83142e-07	0.0476795	0.0260031	5.81074e-07	6.31765e-06	0.991843	0.555075	0.969265	0.991843	0.278495	3.47795e-14	0.76917	0.0191838	0.803204	0.991842	0.31123	0.130036	0	
0.992148	0.0691019	7.27635e-09	0.962232	0.0415288	0.993108	0.225827	0.000949097	0.900498	0.991074	0.122541	0.229159	2.86703e-07	0.0356768	0.0275367	4.37731e-07	4.72727e-06	0.99216	0.454658	0.968836	0.99216	0.211803	2.60243e-14	0.825542	0.0986724	0.851008	0.99216	0.325057	0.129707	0	
0.99238	0.0517065	5.44463e-09	0.963276	0.0318927	0.993106	0.168978	0.000710174	0.923446	0.991585	0.0934026	0.247375	2.14537e-07	0.0266957	0.0286329	3.37706e-07	3.53724e-06	0.992397	0.365796	0.954239	0.992397	0.160597	1.9473e-14	0.867723	0.311713	0.886778	0.992397	0.338651	0.128927	0	
0.992552	0.0386901	4.07402e-09	0.958501	0.0263809	0.993105	0.12644	0.000531398	0.940587	0.991967	0.0712018	0.258002	1.60536e-07	0.0199754	0.0293328	2.76846e-07	2.64679e-06	0.992574	0.290601	0.920604	0.992574	0.121535	1.4571e-14	0.899285	0.482418	0.913544	0.992574	0.352011	0.127815	0	
0.992682	0.0289505	3.04844e-09	0.947331	0.0251928	0.993104	0.0946106	0.000397625	0.953346	0.992252	0.0543185	0.260933	1.20128e-07	0.0149469	0.029688	2.50445e-07	1.9805e-06	0.992707	0.228374	0.871722	0.992707	0.0918241	1.09029e-14	0.922903	0.610868	0.933572	0.992707	0.365139	0.12646	0	
0.992782	0.0216627	2.28104e-09	0.92846	0.0283983	0.993103	0.0707937	0.000297529	0.962769	0.992466	0.0414711	0.255663	8.98925e-08	0.0111842	0.0297531	2.50326e-07	1.48193e-06	0.992807	0.177591	0.816972	0.992807	0.0692569	8.15827e-15	0.940574	0.707067	0.948558	0.992807	0.378052	0.124937	0	
0.992859	0.0162096	1.70682e-09	0.898434	0.0361409	0.993103	0.0529723	0.00022263	0.969598	0.992626	0.0316738	0.242041	6.72688e-08	0.00836873	0.0295823	2.65572e-07	1.10888e-06	0.992881	0.136625	0.765287	0.992881	0.052134	6.10454e-15	0.953798	0.779065	0.959771	0.992881	0.390765	0.1233	0	
0.992919	0.0121297	1.27715e-09	0.848041	0.0492709	0.993102	0.0396373	0.000166586	0.974303	0.992746	0.0241807	0.220666	5.03424e-08	0.00626201	0.0292254	2.85398e-07	8.29733e-07	0.992937	0.103977	0.722566	0.992937	0.0391592	4.56781e-15	0.963692	0.832943	0.968162	0.992936	0.403153	0.121521	0	
0.992965	0.00907877	9.55644e-10	0.754175	0.0710918	0.993102	0.0296591	0.00012465	0.977022	0.992836	0.01843	0.192786	3.76839e-08	0.00468564	0.0287173	3.0189e-07	6.20859e-07	0.992978	0.0783645	0.691664	0.992978	0.029351	3.41794e-15	0.971096	0.873259	0.97444	0.992978	0.415376	0.119751	0	
0.992999	0.00682545	7.15073e-10	0.598946	0.1134	0.993102	0.0221928	9.32711e-05	0.977123	0.992903	0.0139966	0.160268	2.82555e-08	0.00350609	0.0281052	3.10353e-07	4.64567e-07	0.99301	0.0587161	0.673348	0.99301	0.0219695	2.55753e-15	0.976635	0.903427	0.979138	0.993009	0.427461	0.11805	0	
0.993025	0.00714648	5.35063e-10	0.450434	0.223223	0.993102	0.0166061	6.97914e-05	0.969785	0.992953	0.0105614	0.125716	2.16967e-08	0.00262348	0.0274316	3.09233e-07	3.4762e-07	0.993033	0.0439385	0.666976	0.993033	0.0164393	1.91374e-15	0.980781	0.926001	0.982653	0.993032	0.439189	0.116696	0	
0.993045	0.165239	4.00368e-10	0.337242	0.412341	0.993102	0.0124257	5.22223e-05	0.887857	0.992991	0.00791407	0.0944849	1.7626e-08	0.00196306	0.0267607	2.99495e-07	2.60124e-07	0.99305	0.0328778	0.670525	0.99305	0.0123009	1.43228e-15	0.983882	0.942892	0.985284	0.99305	0.450797	0.115797	0	
0.993059	0.373373	2.99581e-10	0.253035	0.558443	0.993102	0.00929773	3.90761e-05	0.672419	0.993019	0.00592315	0.0706999	1.47576e-08	0.00146889	0.0261504	2.82805e-07	1.95193e-07	0.993063	0.0246014	0.681881	0.993063	0.00920435	1.08496e-15	0.965826	0.955528	0.987252	0.993061	0.462092	0.118192	0	
0.99307	0.52938	2.24166e-10	0.384429	0.665614	0.993101	0.0069572	2.92392e-05	0.503504	0.99304	0.00443741	0.0529022	4.48627e-08	0.00109921	0.0259865	2.6147e-07	1.55832e-07	0.993073	0.0184098	0.696052	0.993073	0.00688742	1.05777e-15	0.722694	0.964776	0.988725	0.992951	0.473243	0.124562	0	
0.993078	0.646113	1.67735e-10	0.53765	0.713591	0.993101	0.00527203	2.18786e-05	0.376787	0.993055	0.00333869	0.0395848	4.19677e-08	0.000822502	0.0267108	2.37451e-07	1.90008e-07	0.99308	0.014465	0.708964	0.99308	0.00521086	2.88891e-15	0.540766	0.966392	0.989827	0.989329	0.48419	0.13369	0	
0.993075	0.73345	1.2551e-10	0.652304	0.571911	0.993101	0.00744614	1.6371e-05	0.281947	0.993067	0.00258674	0.0296198	3.32964e-08	0.000615449	0.0286576	2.12411e-07	3.01823e-07	0.993086	0.129021	0.718756	0.993086	0.0184649	7.63701e-15	0.404635	0.920614	0.990567	0.949703	0.494935	0.144593	0	
0.992721	0.797419	9.39145e-11	0.738095	0.427943	0.993101	0.00562727	1.22498e-05	0.211112	0.993076	0.0115856	0.0221635	4.6581e-08	0.000460518	0.0321366	1.85765e-07	2.33392e-07	0.99309	0.343192	0.727945	0.99309	0.214645	6.03645e-15	0.302774	0.774108	0.964656	0.822418	0.505482	0.15654	0	
0.987308	0.781266	7.02728e-11	0.80229	0.320214	0.993101	0.00421114	9.16609e-06	0.159995	0.993083	0.195337	0.0165841	3.20858e-07	0.000344589	0.037471	1.6153e-07	1.74972e-07	0.993093	0.506681	0.731843	0.993093	0.40797	4.53494e-15	0.226555	0.608962	0.746575	0.655152	0.55584	0.212854	0	
0.981239	0.692965	5.25826e-11	0.850324	0.239604	0.993101	0.00315104	6.85865e-06	0.125996	0.993088	0.392675	0.0124093	2.13897e-06	0.000257843	0.0652737	1.29332e-07	1.30938e-07	0.993095	0.629127	0.727576	0.993095	0.555004	3.39543e-15	0.169523	0.467881	0.561303	0.505737	0.599196	0.257277	0	
0.977208	0.581664	3.93456e-11	0.886267	0.179287	0.993101	0.00235781	5.13208e-06	0.107145	0.993091	0.543467	0.00928541	8.79075e-06	0.000192935	0.123466	1.00407e-07	9.79771e-08	0.993097	0.720753	0.722222	0.993093	0.665237	2.54109e-15	0.126848	0.356708	0.420631	0.386366	0.639514	0.290786	0	
0.976909	0.479605	2.94409e-11	0.913161	0.134154	0.993101	0.00176426	3.84015e-06	0.0988933	0.993094	0.656583	0.00694794	2.36457e-05	0.000144366	0.2059	7.6779e-08	7.33129e-08	0.993097	0.789313	0.724234	0.993086	0.747756	1.90153e-15	0.0949154	0.271628	0.315066	0.294521	0.673784	0.307564	0	
0.978735	0.389923	2.20296e-11	0.933285	0.100383	0.993101	0.00132013	2.87344e-06	0.0968465	0.993096	0.741272	0.00519889	4.66835e-05	0.000108024	0.288504	5.82912e-08	5.48574e-08	0.993096	0.840614	0.740842	0.993075	0.80951	1.4229e-15	0.071022	0.207354	0.236022	0.224934	0.709443	0.327112	0	
0.981498	0.323537	1.64839e-11	0.948343	0.0751127	0.993101	0.000987808	2.15009e-06	0.0945434	0.993098	0.804655	0.00389014	7.46096e-05	8.08302e-05	0.373961	4.40327e-08	4.10478e-08	0.993094	0.879001	0.764838	0.993058	0.855721	1.06473e-15	0.0531451	0.159168	0.176945	0.172648	0.745479	0.335275	0	
0.98413	0.276073	1.23343e-11	0.959611	0.0562041	0.993101	0.000739141	1.60884e-06	0.0888534	0.993099	0.852087	0.00291085	0.000106788	6.04823e-05	0.447173	3.31515e-08	3.07146e-08	0.993092	0.907724	0.797891	0.993039	0.890301	7.96713e-16	0.0397763	0.122985	0.132871	0.133304	0.773958	0.336806	0	
0.986258	0.24046	9.22932e-12	0.968042	0.0420555	0.993101	0.000553072	1.20383e-06	0.0816318	0.9931	0.887581	0.00217808	0.000146433	4.52567e-05	0.50364	2.49217e-08	2.29826e-08	0.993089	0.929217	0.832121	0.993021	0.916177	5.96162e-16	0.0297921	0.0955323	0.0999502	0.103411	0.805936	0.34475	0	
0.987931	0.225311	6.90596e-12	0.97435	0.0314686	0.993101	0.000413844	9.00784e-07	0.0718816	0.9931	0.914142	0.00162978	0.00019574	3.3864e-05	0.554336	1.87093e-08	1.7197e-08	0.993083	0.945299	0.863176	0.992996	0.93554	4.46094e-16	0.0223646	0.0745471	0.0754217	0.0805443	0.830359	0.332717	0	
0.989207	0.210723	5.16748e-12	0.979071	0.0235468	0.993101	0.000309664	6.74024e-07	0.0620617	0.993101	0.934017	0.0012195	0.000260531	2.53392e-05	0.579286	1.40372e-08	1.28679e-08	0.993077	0.957333	0.891212	0.992978	0.950029	3.33803e-16	0.0168559	0.0583213	0.0570506	0.062872	0.855201	0.331975	0	
0.990175	0.208454	3.86664e-12	0.982603	0.0176192	0.993101	0.00023171	5.04348e-07	0.0523946	0.993101	0.94889	0.000912511	0.000342924	1.89604e-05	0.597119	1.05265e-08	9.62861e-09	0.993068	0.966337	0.914034	0.992957	0.960871	2.49778e-16	0.0127971	0.0457396	0.0433102	0.0491837	0.871723	0.313215	0	
0.990903	0.197942	2.89326e-12	0.985246	0.0131838	0.993101	0.000173381	3.77385e-07	0.0440458	0.993101	0.960019	0.000682799	0.000444919	1.41874e-05	0.588226	7.89311e-09	7.20474e-09	0.993062	0.973075	0.932532	0.992949	0.968984	1.86905e-16	0.00979623	0.0359639	0.0329549	0.0385652	0.889138	0.304806	0	
0.991451	0.19144	2.16492e-12	0.987224	0.00986496	0.993101	0.000129734	2.82384e-07	0.0367085	0.993102	0.968346	0.000510913	0.000563544	1.06159e-05	0.571152	5.91781e-09	5.39105e-09	0.993054	0.978117	0.946938	0.992944	0.975055	1.39858e-16	0.00759705	0.0283867	0.0251857	0.0303486	0.910718	0.309807	0	
0.991864	0.203981	1.61993e-12	0.988704	0.00738159	0.993101	9.70755e-05	2.11298e-07	0.0300828	0.993102	0.974578	0.000382298	0.000695973	7.94348e-06	0.564592	4.43568e-09	4.03393e-09	0.993039	0.981889	0.957953	0.992928	0.979597	1.04655e-16	0.00603408	0.0225188	0.0194267	0.0239967	0.91855	0.289097	0	
0.992173	0.199235	1.21214e-12	0.989811	0.00552337	0.993101	7.2638e-05	1.58107e-07	0.0248622	0.993102	0.97924	0.00028606	0.000840222	5.94382e-06	0.533889	3.32556e-09	3.01845e-09	0.993032	0.984712	0.966459	0.992929	0.982997	7.83137e-17	0.00486121	0.0179716	0.0150428	0.0190839	0.932785	0.282624	0	
0.992406	0.19943	9.06998e-13	0.990639	0.00413294	0.993101	5.43524e-05	1.18306e-07	0.0204437	0.993102	0.982729	0.000214048	0.000988624	4.44754e-06	0.502985	2.49329e-09	2.2586e-09	0.993024	0.986824	0.972939	0.992931	0.98554	5.86032e-17	0.0040394	0.0144593	0.0117903	0.015296	0.951503	0.302741	0	
0.99258	0.235242	6.78674e-13	0.991259	0.00309253	0.993101	4.06699e-05	8.85245e-08	0.0166014	0.993102	0.98534	0.000160164	0.0011373	3.32793e-06	0.504791	1.869e-09	1.69003e-09	0.992999	0.988404	0.977782	0.992907	0.987443	4.38544e-17	0.00353987	0.0117466	0.00946239	0.0123757	0.959523	0.294117	0	
0.992711	0.259501	5.07827e-13	0.991723	0.00231403	0.993101	3.04318e-05	6.62404e-08	0.0135572	0.993102	0.987294	0.000119845	0.00128388	2.49017e-06	0.495372	1.40137e-09	1.26459e-09	0.992981	0.989587	0.981471	0.992895	0.988868	3.28183e-17	0.00319151	0.00964889	0.00771687	0.0101217	0.978617	0.318108	0	
0.992809	0.328303	3.79988e-13	0.99207	0.0017315	0.993101	2.2771e-05	4.95663e-08	0.0109324	0.993102	0.988756	8.96757e-05	0.00142357	1.8633e-06	0.518059	1.05055e-09	9.46252e-10	0.992931	0.990472	0.984215	0.992841	0.989933	2.45604e-17	0.00311366	0.008029	0.00659163	0.00838428	0.982566	0.306679	0	
0.992883	0.369291	2.84331e-13	0.99233	0.00129562	0.993101	1.70387e-05	3.70898e-08	0.0089171	0.993102	0.98985	6.71011e-05	0.0015553	1.39424e-06	0.520981	7.87901e-10	7.08049e-10	0.992903	0.991134	0.986316	0.992819	0.990731	1.83812e-17	0.00305334	0.00677587	0.00572324	0.00704277	0.987825	0.301744	0	
0.992938	0.399494	2.12755e-13	0.992524	0.000969465	0.993101	1.27495e-05	2.77542e-08	0.00734159	0.993102	0.990668	5.02093e-05	0.00167578	1.04326e-06	0.517011	5.91186e-10	5.29811e-10	0.992883	0.991629	0.987914	0.992807	0.991327	1.37576e-17	0.00303906	0.00580812	0.00508887	0.00600858	0.996793	0.322201	0	
0.992979	0.457389	1.59197e-13	0.99267	0.000725415	0.993101	9.53995e-06	2.0769e-08	0.00605671	0.993102	0.991281	3.75698e-05	0.00178368	7.80634e-07	0.539164	4.43725e-10	3.96441e-10	0.992827	0.992	0.989081	0.992752	0.991774	1.02978e-17	0.00313214	0.00506128	0.00470983	0.00521183	1.00698	0.345649	0	
0.99301	0.534987	1.19121e-13	0.992779	0.000542802	0.993101	7.1384e-06	1.55426e-08	0.00499387	0.993102	0.991739	2.81121e-05	0.00187924	5.8412e-07	0.581839	3.33134e-10	2.96644e-10	0.992708	0.992278	0.989911	0.992627	0.992108	7.70901e-18	0.00335217	0.00448445	0.00457103	0.00459749	1.01434	0.359462	0	
0.993033	0.609403	8.9134e-14	0.99286	0.000406159	0.993101	5.3414e-06	1.16322e-08	0.0041369	0.993102	0.992082	2.10353e-05	0.00196324	4.37076e-07	0.627021	2.5023e-10	2.21969e-10	0.992548	0.992485	0.990508	0.992461	0.992358	5.77188e-18	0.00363581	0.00403826	0.00457972	0.00412314	1.02368	0.386323	0	
0.99305	0.684245	6.66957e-14	0.992921	0.000303914	0.993101	3.99678e-06	8.70663e-09	0.00342854	0.993102	0.992338	1.57399e-05	0.00203633	3.27048e-07	0.681416	1.88034e-10	1.66092e-10	0.99223	0.992641	0.990868	0.992125	0.992545	4.32238e-18	0.00403969	0.00369287	0.00477378	0.0037566	1.0257	0.399696	0	
0.993063	0.745583	4.9906e-14	0.992967	0.000227408	0.993101	2.99064e-06	6.51765e-09	0.00288596	0.993102	0.99253	1.17776e-05	0.00209957	2.44718e-07	0.729919	1.41463e-10	1.24281e-10	0.991835	0.992757	0.991063	0.991713	0.992685	3.23777e-18	0.00436329	0.00342505	0.00493365	0.00347289	1.02173	0.408485	0	
0.993073	0.792865	3.73428e-14	0.993001	0.000170161	0.993101	2.23779e-06	4.87951e-09	0.00250692	0.993102	0.992674	8.81275e-06	0.00215352	1.83114e-07	0.770545	1.06678e-10	9.29953e-11	0.991405	0.992844	0.991101	0.991269	0.99279	2.42619e-18	0.00448095	0.00321755	0.004922	0.00325347	1.03962	0.461498	0	
0.99308	0.839452	2.79423e-14	0.993026	0.000127325	0.993101	1.67446e-06	3.65486e-09	0.00211916	0.993102	0.992782	6.59426e-06	0.00219858	1.37017e-07	0.817058	8.04017e-11	6.95851e-11	0.98965	0.992909	0.990649	0.989437	0.992868	1.81891e-18	0.00506648	0.00305738	0.00541149	0.00308434	1.02213	0.436582	0	
0.993086	0.869376	2.09082e-14	0.993045	9.52728e-05	0.993101	1.25293e-06	2.73741e-09	0.00193112	0.993102	0.992862	4.93425e-06	0.00223706	1.02525e-07	0.846091	6.09822e-11	5.20682e-11	0.989168	0.992957	0.990442	0.988951	0.992927	1.3645e-18	0.00498454	0.00293253	0.00525052	0.00295277	1.02118	0.448282	0	
0.99309	0.893406	1.56448e-14	0.99306	7.12892e-05	0.993101	9.37526e-07	2.05087e-09	0.00179725	0.993102	0.992922	3.69212e-06	0.00226824	7.67157e-08	0.870849	4.6467e-11	3.8961e-11	0.988441	0.992994	0.990051	0.988211	0.992971	1.02448e-18	0.00489365	0.00283671	0.00509837	0.0028519	1.02277	0.472113	0	
0.993093	0.914171	1.17065e-14	0.99307	5.33431e-05	0.993101	7.01516e-07	1.53724e-09	0.0016862	0.993102	0.992967	2.76268e-06	0.00229327	5.74036e-08	0.893874	3.55795e-11	2.91532e-11	0.986845	0.993021	0.989167	0.986573	0.993004	7.70059e-19	0.00485792	0.0027633	0.00501547	0.00277471	1.00072	0.458105	0	
0.993095	0.925286	8.75951e-15	0.993078	3.99147e-05	0.993101	5.24919e-07	1.15197e-09	0.0017921	0.993102	0.993001	2.06721e-06	0.00231341	4.2953e-08	0.908699	2.78818e-11	2.18144e-11	0.986312	0.993042	0.988221	0.986037	0.993028	5.7968e-19	0.0044031	0.00270696	0.00452308	0.00271552	1.01866	0.504438	0	
0.993097	0.939873	6.55442e-15	0.993084	2.98667e-05	0.993101	3.92778e-07	8.6442e-10	0.00171179	0.993102	0.993026	1.54682e-06	0.00232728	3.21402e-08	0.925826	2.17423e-11	1.6323e-11	0.982787	0.993057	0.986051	0.982394	0.993047	4.37225e-19	0.004398	0.00266617	0.00449003	0.00267259	1.05262	0.582245	0	
0.993098	0.953004	4.90444e-15	0.993089	2.23482e-05	0.993101	2.93901e-07	6.51632e-10	0.00146908	0.993102	0.993045	1.15748e-06	0.00233866	2.40493e-08	0.941881	1.67149e-11	1.22139e-11	0.962303	0.993068	0.97981	0.961281	0.99306	3.30631e-19	0.00545145	0.00263461	0.00552358	0.00263944	1.06241	0.616025	0	
0.993099	0.962986	3.66981e-15	0.993092	1.67223e-05	0.993101	2.19916e-07	4.93454e-10	0.00125404	0.993102	0.993059	8.66284e-07	0.00235012	1.79952e-08	0.954326	1.28738e-11	9.13923e-12	0.928071	0.993077	0.970455	0.92627	0.993071	2.5087e-19	0.00667783	0.00260792	0.00673472	0.00261154	1.06663	0.63981	0	
0.9931	0.970503	2.74599e-15	0.993095	1.25127e-05	0.993101	1.64555e-07	3.75612e-10	0.00108064	0.993102	0.99307	6.48683e-07	0.0023613	1.34652e-08	0.963808	9.96994e-12	6.83856e-12	0.882752	0.993083	0.957819	0.880232	0.993078	1.91187e-19	0.00779835	0.00258522	0.00784326	0.00258794	1.08421	0.704398	0	
0.9931	0.97618	2.05472e-15	0.993097	9.3628e-06	0.993101	1.2313e-07	2.90123e-10	0.000908724	0.993102	0.993078	4.91631e-07	0.00237177	1.00755e-08	0.971106	7.6972e-12	5.11705e-12	0.774144	0.993088	0.924574	0.77092	0.993084	1.46529e-19	0.00977247	0.00256605	0.0098085	0.00256809	1.09396	0.74158	0	
0.993101	0.980435	1.53747e-15	0.993098	7.00584e-06	0.993101	9.2134e-08	2.28108e-10	0.000762364	0.993102	0.993084	3.95317e-07	0.0023817	7.53913e-09	0.976607	5.9546e-12	3.8289e-12	0.649832	0.993092	0.876902	0.646503	0.993088	1.13112e-19	0.0120495	0.00254954	0.0120787	0.00255107	1.09823	0.75424	0	
0.993101	0.98362	1.15044e-15	0.993099	5.24222e-06	0.993101	6.89405e-08	1.82687e-10	0.000646106	0.993102	0.993088	3.41082e-07	0.00239092	5.64125e-09	0.980731	4.6347e-12	2.86503e-12	0.544458	0.993094	0.832848	0.541289	0.993092	8.81073e-20	0.0141382	0.00253536	0.0141617	0.00253651	1.10478	0.787976	0	
0.993101	0.986006	8.60829e-16	0.9931	3.92256e-06	0.993101	5.15857e-08	1.50381e-10	0.00054983	0.993102	0.993091	4.28982e-07	0.00239924	4.22115e-09	0.983831	3.62508e-12	2.1438e-12	0.440736	0.993096	0.768999	0.437993	0.993094	6.93971e-20	0.0163753	0.00252329	0.0163943	0.00252415	1.10661	0.797288	0	
0.993102	0.987791	6.44127e-16	0.9931	2.93511e-06	0.993101	3.85997e-08	1.26719e-10	0.000475403	0.993102	0.993094	5.72221e-07	0.00240664	3.15853e-09	0.986153	2.86396e-12	1.60412e-12	0.358004	0.993098	0.712036	0.355678	0.993096	5.53969e-20	0.0182383	0.00251306	0.0182536	0.0025137	1.10999	0.810246	0	
0.993102	0.989127	4.81977e-16	0.993101	2.19623e-06	0.993101	2.88827e-08	1.10007e-10	0.000415532	0.993102	0.993096	8.48788e-07	0.0024131	2.36341e-09	0.987893	2.28454e-12	1.20031e-12	0.290173	0.993099	0.657474	0.28824	0.993097	4.49209e-20	0.0200219	0.00250448	0.0200342	0.00250496	1.11459	0.827167	0	
0.993102	0.990127	3.60646e-16	0.993101	1.64336e-06	0.993101	2.16119e-08	9.8963e-11	0.000365486	0.993102	0.993097	1.46077e-06	0.00241866	1.76846e-09	0.989198	1.83856e-12	8.98147e-13	0.233398	0.9931	0.601319	0.231826	0.993098	3.70821e-20	0.0219366	0.00249731	0.0219465	0.00249767	1.11667	0.835448	0	
0.993102	0.990876	2.69858e-16	0.993101	1.22967e-06	0.993101	1.61714e-08	9.14084e-11	0.000325811	0.993102	0.993098	2.24064e-06	0.00242344	1.32327e-09	0.990175	1.49958e-12	6.72051e-13	0.188544	0.9931	0.551745	0.187272	0.993099	3.12166e-20	0.0236431	0.00249132	0.0236509	0.0024916	1.11778	0.837767	0	
0.993102	0.991436	2.01925e-16	0.993102	9.20116e-07	0.993101	1.21005e-08	8.61452e-11	0.000294976	0.993102	0.993099	2.93373e-06	0.00242751	9.90155e-10	0.990907	1.24321e-12	5.02871e-13	0.154365	0.993101	0.513195	0.153331	0.9931	2.68276e-20	0.0250661	0.00248635	0.0250723	0.00248656	1.12377	0.862817	0	
0.993102	0.991855	1.51093e-16	0.993102	6.88489e-07	0.993101	9.05434e-09	8.44667e-11	0.000266123	0.993102	0.993099	5.61511e-06	0.00243093	7.40897e-10	0.991456	1.0377e-12	3.7628e-13	0.123717	0.993101	0.462537	0.122897	0.9931	2.35434e-20	0.027029	0.00248225	0.0270338	0.00248241	1.12749	0.879207	0	
0.993102	0.992169	1.13057e-16	0.993102	5.15171e-07	0.993101	6.77503e-09	8.47539e-11	0.000241284	0.993102	0.9931	1.07817e-05	0.00243384	5.54386e-10	0.991868	8.76233e-13	2.81557e-13	0.0985377	0.993101	0.411657	0.097893	0.9931	2.1086e-20	0.0291033	0.00247882	0.0291071	0.00247894	1.12898	0.883236	0	
0.993102	0.992404	8.45967e-17	0.993102	3.85484e-07	0.993101	5.06951e-09	8.56208e-11	0.00022146	0.993102	0.9931	1.57908e-05	0.00243633	4.14827e-10	0.992177	7.52482e-13	2.10679e-13	0.0792398	0.993102	0.37116	0.0787314	0.993101	1.92472e-20	0.0309055	0.00247595	0.0309084	0.00247604	1.13017	0.886647	0	
0.993102	0.992579	6.33007e-17	0.993102	2.88444e-07	0.993101	3.79333e-09	8.68048e-11	0.000205664	0.993102	0.993101	2.06607e-05	0.00243843	3.104e-10	0.992408	6.57604e-13	1.57643e-13	0.0644402	0.993102	0.338785	0.0640376	0.993101	1.78713e-20	0.0324588	0.00247356	0.032461	0.00247362	1.13069	0.887036	0	
0.993102	0.992711	4.73656e-17	0.993102	2.15832e-07	0.993101	2.83841e-09	8.79277e-11	0.000193432	0.993102	0.993101	2.44377e-05	0.0024402	2.32261e-10	0.99258	5.85635e-13	1.17959e-13	0.053324	0.993102	0.31468	0.0530022	0.993101	1.68417e-20	0.033709	0.00247157	0.0337106	0.00247162	1.13399	0.903846	0	
0.993102	0.992809	3.54419e-17	0.993102	1.61499e-07	0.993101	2.12388e-09	9.03358e-11	0.000181754	0.993102	0.993101	3.58643e-05	0.00244168	1.73792e-10	0.99271	5.25806e-13	8.82642e-14	0.0435679	0.993102	0.28503	0.0433132	0.993101	1.60713e-20	0.0352568	0.00246993	0.035258	0.00246997	1.13547	0.912174	0	
0.993102	0.992883	2.65199e-17	0.993102	1.20844e-07	0.993101	1.58922e-09	9.28773e-11	0.000171933	0.993102	0.993101	5.13508e-05	0.00244292	1.30043e-10	0.992808	4.78475e-13	6.60449e-14	0.0357107	0.993102	0.257628	0.035509	0.993101	1.54949e-20	0.0367003	0.00246856	0.0367011	0.00246859	1.13787	0.923612	0	
0.993102	0.992938	1.98439e-17	0.993102	9.04231e-08	0.993101	1.18916e-09	9.60237e-11	0.000162899	0.993102	0.993101	7.71442e-05	0.00244398	9.73061e-11	0.992881	4.3907e-13	4.9419e-14	0.0292008	0.993102	0.230911	0.0290414	0.993101	1.50635e-20	0.0382624	0.00246741	0.0382629	0.00246744	1.14257	0.947109	0	
0.993102	0.992979	1.48485e-17	0.993102	6.76603e-08	0.993101	8.89802e-10	1.0099e-10	0.000153069	0.993102	0.993101	0.000156777	0.00244488	7.28106e-11	0.992936	4.0232e-13	3.69785e-14	0.023405	0.993102	0.200281	0.0232807	0.993101	1.47408e-20	0.0404405	0.00246644	0.0404406	0.00246646	1.1444	0.955451	0	
0.993102	0.99301	1.11106e-17	0.993102	5.06277e-08	0.993101	6.65807e-10	1.0579e-10	0.000144596	0.993102	0.993101	0.00025552	0.00244567	5.44815e-11	0.992977	3.72174e-13	2.76696e-14	0.0188301	0.993102	0.174331	0.0187331	0.993101	1.44992e-20	0.0424836	0.0024656	0.0424835	0.00246561	1.14618	0.964262	0	
0.993102	0.993033	8.31362e-18	0.993102	3.78829e-08	0.993101	4.98199e-10	1.10481e-10	0.000137201	0.993102	0.993101	0.000387697	0.00244637	4.07665e-11	0.993008	3.47122e-13	2.07042e-14	0.0151946	0.993102	0.151983	0.0151188	0.993101	1.43185e-20	0.0444303	0.00246486	0.0444301	0.00246487	1.14609	0.963241	0	
0.993102	0.993051	6.22078e-18	0.993102	2.83464e-08	0.993101	3.72784e-10	1.13935e-10	0.00013172	0.993102	0.993101	0.000478679	0.00244698	3.05041e-11	0.993032	3.28498e-13	1.54922e-14	0.0124966	0.993102	0.13563	0.0124369	0.993101	1.41833e-20	0.045862	0.00246421	0.0458617	0.00246422	1.15014	0.983516	0	
0.993102	0.993064	4.65478e-18	0.993102	2.12106e-08	0.993101	2.78941e-10	1.19159e-10	0.000125357	0.993102	0.993101	0.000782029	0.00244751	2.28251e-11	0.993049	3.09211e-13	1.15923e-14	0.0101031	0.993102	0.117718	0.0100564	0.993101	1.40821e-20	0.0479373	0.00246366	0.0479368	0.00246367	1.15062	0.984379	0	
0.993102	0.993073	3.48301e-18	0.993102	1.58711e-08	0.993101	2.08721e-10	1.23389e-10	0.000120344	0.993102	0.993101	0.00102377	0.00244798	1.70792e-11	0.993062	2.94184e-13	8.67406e-15	0.00829909	0.993102	0.104196	0.00826231	0.993101	1.40064e-20	0.049609	0.00246317	0.0496084	0.00246318	1.15387	1.00185	0	
0.993102	0.993081	2.60621e-18	0.993102	1.18758e-08	0.993101	1.56178e-10	1.28857e-10	0.00011492	0.993102	0.993101	0.00164646	0.0024484	1.27797e-11	0.993072	2.7898e-13	6.49049e-15	0.00673156	0.993102	0.0902882	0.00670278	0.993101	1.39497e-20	0.0517273	0.00246274	0.0517266	0.00246275	1.15418	1.00375	0	
0.993102	0.993086	1.95013e-18	0.993102	8.8862e-09	0.993101	1.16863e-10	1.33176e-10	0.000110707	0.993102	0.993101	0.00218156	0.00244878	9.56262e-12	0.993079	2.67238e-13	4.8566e-15	0.00553908	0.993102	0.0795139	0.0055164	0.993101	1.39074e-20	0.0533954	0.00246236	0.0533946	0.00246236	1.15515	1.00773	0	
0.993102	0.99309	1.45921e-18	0.993102	6.64922e-09	0.993101	8.74441e-11	1.37128e-10	0.00010708	0.993102	0.993101	0.00274493	0.00244911	7.15536e-12	0.993085	2.5733e-13	3.63402e-15	0.00460836	0.993102	0.0707845	0.00459037	0.993101	1.38756e-20	0.0549114	0.00246201	0.0549105	0.00246202	1.15679	1.01492	0	
0.993102	0.993093	1.09187e-18	0.993102	4.97537e-09	0.993101	6.54312e-11	1.41333e-10	0.000103585	0.993102	0.993101	0.00353489	0.0024494	5.3541e-12	0.993089	2.48066e-13	2.71921e-15	0.00384987	0.993102	0.0631144	0.00383554	0.993101	1.38519e-20	0.0565112	0.00246171	0.0565103	0.00246171	1.15846	1.02149	0	
0.993102	0.993095	8.1701e-19	0.993102	3.72289e-09	0.993101	4.89598e-11	1.45794e-10	0.0001002	0.993102	0.993101	0.00456683	0.00244967	4.00627e-12	0.993092	2.39312e-13	2.03468e-15	0.00323294	0.993102	0.0564639	0.00322149	0.993101	1.38341e-20	0.0581963	0.00246145	0.0581953	0.00246145	1.15907	1.02306	0	
0.993102	0.993097	6.11339e-19	0.993102	2.7857e-09	0.993101	3.66348e-11	1.49623e-10	9.73918e-05	0.993102	0.993101	0.005463	0.00244991	2.99775e-12	0.993095	2.32112e-13	1.52248e-15	0.00276033	0.993102	0.0513165	0.00275108	0.993101	1.38208e-20	0.0596376	0.0024612	0.0596366	0.0024612	1.15963	1.02626	0	
0.993102	0.993098	4.57442e-19	0.993102	2.08444e-09	0.993101	2.74125e-11	1.52948e-10	9.50391e-05	0.993102	0.993101	0.00640985	0.00245012	2.24311e-12	0.993096	2.26128e-13	1.13922e-15	0.00238555	0.993102	0.0470159	0.00237801	0.993101	1.38109e-20	0.0608853	0.00246099	0.0608842	0.00246099	1.15862	1.02243	0	
0.993102	0.993099	3.42287e-19	0.993102	1.55971e-09	0.993101	2.05118e-11	1.5461e-10	9.37345e-05	0.993102	0.993101	0.00679075	0.00245031	1.67844e-12	0.993098	2.2273e-13	8.52439e-16	0.00213054	0.993102	0.0442787	0.00212424	0.993101	1.38035e-20	0.0615106	0.0024608	0.0615095	0.0024608	1.16084	1.032	0	
0.993102	0.9931	2.56121e-19	0.993102	1.16707e-09	0.993101	1.53482e-11	1.57677e-10	9.1776e-05	0.993102	0.993101	0.00799548	0.00245047	1.25591e-12	0.993099	2.17863e-13	6.3785e-16	0.00187957	0.993102	0.0410253	0.00187433	0.993101	1.37979e-20	0.0626538	0.00246064	0.0626527	0.00246064	1.16181	1.0393	0	
0.993102	0.993101	1.91646e-19	0.993102	8.73279e-10	0.993101	1.14845e-11	1.60803e-10	8.98909e-05	0.993102	0.993101	0.00986823	0.00245061	9.39753e-13	0.9931	2.13227e-13	4.77282e-16	0.00165307	0.993102	0.037681	0.0016487	0.993101	1.37937e-20	0.0638146	0.00246049	0.0638135	0.00246049	1.16238	1.04293	0	
0.993102	0.993101	1.43402e-19	0.993102	6.53443e-10	0.993101	8.59344e-12	1.63626e-10	8.82426e-05	0.993102	0.993101	0.0118667	0.00245074	7.03183e-13	0.9931	2.09196e-13	3.57134e-16	0.00146629	0.993102	0.0347731	0.0014626	0.993101	1.37906e-20	0.0648607	0.00246036	0.0648596	0.00246036	1.16194	1.04564	0	
0.993102	0.993101	1.07302e-19	0.993102	4.88947e-10	0.993101	6.43016e-12	1.65362e-10	8.71938e-05	0.993102	0.993101	0.0138642	0.00245085	5.26166e-13	0.993101	2.06617e-13	2.67231e-16	0.00131443	0.993102	0.0322062	0.00131129	0.993101	1.37883e-20	0.0655033	0.00246024	0.0655022	0.00246024	1.16054	1.04479	0	
0.993102	0.993102	8.02905e-20	0.993102	3.65862e-10	0.993101	4.81145e-12	1.65473e-10	8.70109e-05	0.993102	0.993101	0.0151961	0.00245095	3.93711e-13	0.993101	2.06111e-13	1.99961e-16	0.0012045	0.993102	0.0302187	0.00120176	0.993101	1.37865e-20	0.0655453	0.00246014	0.0655442	0.00246014	1.16065	1.04997	0	
0.993102	0.993102	6.00784e-20	0.993102	2.73761e-10	0.993101	3.60024e-12	1.65651e-10	8.68251e-05	0.993102	0.993101	0.0172761	0.00245103	2.946e-13	0.993101	2.05617e-13	1.49624e-16	0.00110052	0.993102	0.028155	0.00109812	0.993101	1.37852e-20	0.0656114	0.00246007	0.0656103	0.00246007	1.16162	1.05507	0	
0.993102	0.993102	4.49545e-20	0.993102	2.04845e-10	0.993101	2.69393e-12	1.66601e-10	8.62697e-05	0.993102	0.993101	0.0201287	0.00245109	2.20438e-13	0.993101	2.04262e-13	1.1196e-16	0.00100342	0.993102	0.0261806	0.00100132	0.993101	1.37843e-20	0.0659627	0.00246	0.0659615	0.00246001	1.15993	1.05719	0	
0.993102	0.993102	3.36378e-20	0.993102	1.53278e-10	0.993101	2.01577e-12	1.65894e-10	8.65869e-05	0.993102	0.993101	0.0228804	0.00245114	1.64946e-13	0.993101	2.04982e-13	8.37762e-17	0.000923305	0.993102	0.0243351	0.000921435	0.993101	1.37835e-20	0.0657009	0.00245995	0.0656997	0.00245995	1.1586	1.05423	0	
0.993102	0.993102	2.517e-20	0.993102	1.14693e-10	0.993101	1.50832e-12	1.64282e-10	8.74184e-05	0.993102	0.993101	0.0240924	0.00245118	1.23423e-13	0.993102	2.06926e-13	6.26877e-17	0.000873847	0.993102	0.0231078	0.000872131	0.993101	1.3783e-20	0.0651034	0.00245992	0.0651023	0.00245992	1.15797	1.05793	0	
0.993102	0.993102	1.88338e-20	0.993102	8.58202e-11	0.993101	1.12862e-12	1.62576e-10	8.83257e-05	0.993102	0.993101	0.0260766	0.00245119	9.23529e-14	0.993102	2.09057e-13	4.69079e-17	0.000823795	0.993102	0.0217905	0.000822214	0.993101	1.37826e-20	0.0644709	0.0024599	0.0644698	0.0024599	1.16161	1.07141	0	
0.993102	0.993102	1.40926e-20	0.993102	6.42162e-11	0.993101	8.44508e-13	1.64296e-10	8.7395e-05	0.993102	0.993101	0.0330023	0.0024512	6.91043e-14	0.993102	2.06841e-13	3.51002e-17	0.000746218	0.993102	0.0200132	0.000744806	0.993101	1.37823e-20	0.0651085	0.0024599	0.0651073	0.0024599	1.16165	1.07261	0	
0.993102	0.993102	1.0545e-20	0.993102	4.80506e-11	0.993101	6.31915e-13	1.65618e-10	8.66812e-05	0.993102	0.993101	0.0388107	0.00245121	5.17082e-14	0.993102	2.05143e-13	2.62649e-17	0.000685085	0.993102	0.0185994	0.000683807	0.993101	1.3782e-20	0.0655978	0.00245989	0.0655966	0.00245989	1.1613	1.07391	0	
0.993102	0.993102	7.89043e-21	0.993102	3.59545e-11	0.993101	4.72839e-13	1.66308e-10	8.6297e-05	0.993102	0.993101	0.0438639	0.00245123	3.86914e-14	0.993102	2.04226e-13	1.96537e-17	0.000636093	0.993102	0.0174257	0.000634923	0.993101	1.37819e-20	0.0658534	0.00245987	0.0658522	0.00245987	1.16027	1.07487	0	
0.993102	0.993102	5.90412e-21	0.993102	2.69035e-11	0.993101	3.53808e-13	1.65962e-10	8.64547e-05	0.993102	0.993101	0.0481882	0.00245124	2.89514e-14	0.993102	2.04594e-13	1.47069e-17	0.000597091	0.993102	0.0164126	0.000596007	0.993101	1.37817e-20	0.0657256	0.00245985	0.0657244	0.00245985	1.16052	1.07808	0	
0.993102	0.993102	4.41784e-21	0.993102	2.01309e-11	0.993101	2.64742e-13	1.65905e-10	8.64668e-05	0.993102	0.993101	0.0533818	0.00245125	2.16632e-14	0.993102	2.04619e-13	1.10052e-17	0.000560385	0.993102	0.0154628	0.000559378	0.993101	1.37816e-20	0.0657048	0.00245984	0.0657037	0.00245984	1.16106	1.08134	0	
0.993102	0.993102	3.30571e-21	0.993102	1.50632e-11	0.993101	1.98097e-13	1.66315e-10	8.62424e-05	0.993102	0.993101	0.0594967	0.00245126	1.62098e-14	0.993102	2.04085e-13	8.23541e-18	0.000525739	0.993102	0.0145853	0.000524802	0.993101	1.37816e-20	0.0658564	0.00245983	0.0658552	0.00245983	1.15911	1.08139	0	
0.993102	0.993102	2.47354e-21	0.993102	1.12712e-11	0.993101	1.48228e-13	1.65014e-10	8.69284e-05	0.993102	0.993101	0.0641099	0.00245127	1.21292e-14	0.993102	2.05706e-13	6.16285e-18	0.000499702	0.993102	0.0138121	0.000498818	0.993101	1.37815e-20	0.0653743	0.00245982	0.0653731	0.00245982	1.15908	1.08563	0	
0.993102	0.993102	1.85086e-21	0.993102	8.43386e-12	0.993101	1.10914e-13	1.64017e-10	8.74543e-05	0.993102	0.993101	0.070847	0.00245127	9.07585e-15	0.993102	2.06949e-13	4.61198e-18	0.000471594	0.993102	0.0129991	0.000470762	0.993101	1.37815e-20	0.0650054	0.00245982	0.0650042	0.00245982	1.15809	1.08783	0	
0.993102	0.993102	1.38493e-21	0.993102	6.31075e-12	0.993101	8.29929e-14	1.62475e-10	8.82967e-05	0.993102	0.993101	0.077784	0.00245126	6.79113e-15	0.993102	2.08941e-13	3.4515e-18	0.000446361	0.993102	0.0122278	0.000445575	0.993101	1.37814e-20	0.0644337	0.00245983	0.0644325	0.00245983	1.15713	1.08867	0	
0.993102	0.993102	1.03629e-21	0.993102	4.72211e-12	0.993101	6.21005e-14	1.60566e-10	8.93692e-05	0.993102	0.993101	0.0837325	0.00245125	5.08155e-15	0.993102	2.11478e-13	2.58315e-18	0.000425932	0.993102	0.0115633	0.000425182	0.993101	1.37814e-20	0.0637252	0.00245985	0.0637241	0.00245985	1.15637	1.09184	0	
0.993102	0.993102	7.75421e-22	0.993102	3.53338e-12	0.993101	4.64676e-14	1.58543e-10	9.05332e-05	0.993102	0.993101	0.0912446	0.00245122	3.80234e-15	0.993102	2.14232e-13	1.93336e-18	0.000404998	0.993102	0.0108846	0.000404283	0.993101	1.37814e-20	0.0629733	0.00245987	0.0629722	0.00245987	1.15009	1.08676	0	
0.993102	0.993102	5.80219e-22	0.993102	2.6439e-12	0.993101	3.477e-14	1.52501e-10	9.4567e-05	0.993102	0.993101	0.092115	0.00245119	2.84515e-15	0.993102	2.23778e-13	1.44719e-18	0.000398553	0.993102	0.0103244	0.000397845	0.993101	1.37814e-20	0.0607062	0.00245991	0.0607051	0.00245991	1.1501	1.09009	0	
0.993102	0.993102	4.34157e-22	0.993102	1.97833e-12	0.993101	2.60171e-14	1.47984e-10	9.75821e-05	0.993102	0.993101	0.0957945	0.00245111	2.12892e-15	0.993102	2.30913e-13	1.08338e-18	0.000387607	0.993102	0.00976648	0.000386908	0.993101	1.37814e-20	0.0590134	0.00245998	0.0590124	0.00245998	1.15202	1.09447	0	
0.993102	0.993102	3.24864e-22	0.993102	1.48032e-12	0.993101	1.94677e-14	1.45934e-10	9.88255e-05	0.993102	0.993101	0.10305	0.00245102	1.593e-15	0.993102	2.33855e-13	8.11111e-19	0.000371932	0.993102	0.00925196	0.00037125	0.993101	1.37814e-20	0.0582516	0.00246008	0.0582506	0.00246008	1.1481	1.09195	0	
0.993102	0.993102	2.43084e-22	0.993102	1.10767e-12	0.993101	1.45669e-14	1.41742e-10	0.000101862	0.993102	0.993101	0.105819	0.00245094	1.19198e-15	0.993102	2.41042e-13	6.07405e-19	0.000364438	0.993102	0.00881352	0.000363757	0.993101	1.37814e-20	0.0566742	0.00246016	0.0566732	0.00246016	1.14801	1.094	0	
0.993102	0.993102	1.81891e-22	0.993102	8.28826e-13	0.993101	1.08999e-14	1.38551e-10	0.000104183	0.993102	0.993101	0.110048	0.00245084	8.91916e-16	0.993102	2.46532e-13	4.5496e-19	0.000355376	0.993102	0.00840686	0.000354698	0.993101	1.37814e-20	0.0554742	0.00246026	0.0554732	0.00246026	1.14452	1.09291	0	
0.993102	0.993102	1.36102e-22	0.993102	6.2018e-13	0.993101	8.15601e-15	1.33973e-10	0.00010794	0.993102	0.993101	0.11205	0.00245073	6.67389e-16	0.993102	2.55424e-13	3.40902e-19	0.000350432	0.993102	0.00801841	0.00034975	0.993101	1.37814e-20	0.0537396	0.00246037	0.0537387	0.00246037	1.14506	1.09461	0	
0.993102	0.993102	1.0184e-22	0.993102	4.64058e-13	0.993101	6.10284e-15	1.30876e-10	0.000110429	0.993102	0.993101	0.115386	0.00245061	4.99383e-16	0.993102	2.61315e-13	2.5554e-19	0.00034391	0.993102	0.00768815	0.000343223	0.993101	1.37814e-20	0.0525697	0.00246049	0.0525687	0.00246049	1.14736	1.10054	0	
0.993102	0.993102	7.62034e-23	0.993102	3.47238e-13	0.993101	4.56653e-15	1.29999e-10	0.000110959	0.993102	0.993101	0.12502	0.00245048	3.7367e-16	0.993102	2.6257e-13	1.91616e-19	0.000329907	0.993102	0.00732357	0.000329232	0.993101	1.37814e-20	0.0522467	0.00246061	0.0522457	0.00246061	1.14773	1.10402	0	
0.993102	0.993102	5.70202e-23	0.993102	2.59825e-13	0.993101	3.41697e-15	1.29581e-10	0.000111148	0.993102	0.993101	0.137007	0.00245039	2.79603e-16	0.993102	2.63016e-13	1.43756e-19	0.000314547	0.993102	0.00695646	0.000313892	0.993101	1.37813e-20	0.052096	0.00246071	0.052095	0.00246071	1.14741	1.10552	0	
0.993102	0.993102	4.26662e-23	0.993102	1.94418e-13	0.993101	2.5568e-15	1.2906e-10	0.00011147	0.993102	0.993101	0.148175	0.00245031	2.09217e-16	0.993102	2.63779e-13	1.07934e-19	0.000301053	0.993102	0.00662922	0.000300418	0.993101	1.37813e-20	0.0519042	0.00246079	0.0519032	0.00246079	1.14479	1.10277	0	
0.993102	0.993102	3.19255e-23	0.993102	1.45476e-13	0.993101	1.91316e-15	1.27036e-10	0.000113231	0.993102	0.993101	0.152562	0.00245025	1.5655e-16	0.993102	2.67946e-13	8.115e-20	0.000294678	0.993102	0.00638835	0.000294048	0.993101	1.37813e-20	0.0511349	0.00246085	0.0511339	0.00246085	1.1447	1.104	0	
0.993102	0.993102	2.38887e-23	0.993102	1.08854e-13	0.993101	1.43155e-15	1.25463e-10	0.000114604	0.993102	0.993101	0.157583	0.00245018	1.1714e-16	0.993102	2.71197e-13	6.10991e-20	0.000288227	0.993102	0.00617102	0.000287602	0.993101	1.37813e-20	0.050538	0.00246092	0.0505371	0.00246092	1.14573	1.1063	0	
0.993102	0.993102	1.78751e-23	0.993102	8.14517e-14	0.993101	1.07117e-15	1.24922e-10	0.000115021	0.993102	0.993101	0.164748	0.00245011	8.76518e-17	0.993102	2.72182e-13	4.60788e-20	0.000280355	0.993102	0.00597372	0.000279739	0.993101	1.37813e-20	0.0503356	0.00246099	0.0503347	0.00246099	1.14059	1.09957	0	
0.993102	0.993102	1.33753e-23	0.993102	6.09473e-14	0.993101	8.0152e-16	1.2148e-10	0.000118506	0.993102	0.993101	0.160705	0.00245006	6.55867e-17	0.993102	2.8043e-13	3.48917e-20	0.000283791	0.993102	0.00586959	0.00028316	0.993101	1.37813e-20	0.0490152	0.00246104	0.0490143	0.00246104	1.142	1.10271	0	
0.993102	0.993102	1.00082e-23	0.993102	4.56047e-14	0.993101	5.99748e-16	1.19706e-10	0.000120212	0.993102	0.993101	0.161867	0.00244997	4.90761e-17	0.993102	2.84467e-13	2.64956e-20	0.000281861	0.993102	0.0057442	0.000281224	0.993101	1.37813e-20	0.0483381	0.00246113	0.0483373	0.00246113	1.14444	1.10627	0	
0.993102	0.993102	7.48878e-24	0.993102	3.41243e-14	0.993101	4.4877e-16	1.19823e-10	0.000119981	0.993102	0.993101	0.16791	0.00244989	3.67219e-17	0.993102	2.83922e-13	2.01865e-20	0.00027565	0.993102	0.00562089	0.000275019	0.993101	1.37813e-20	0.0483889	0.00246121	0.0483881	0.00246121	1.14001	1.10356	0	
0.993102	0.993102	5.60358e-24	0.993102	2.5534e-14	0.993101	3.35798e-16	1.17345e-10	0.000122592	0.993102	0.993101	0.168452	0.00244983	2.74776e-17	0.993102	2.90101e-13	1.54857e-20	0.000274604	0.993102	0.005484	0.000273967	0.993101	1.37813e-20	0.0474368	0.00246127	0.047436	0.00246127	1.14187	1.10638	0	
0.993102	0.993102	4.19296e-24	0.993102	1.91061e-14	0.993101	2.51265e-16	1.16541e-10	0.000123346	0.993102	0.993101	0.173018	0.00244975	2.05605e-17	0.993102	2.91885e-13	1.19474e-20	0.000270076	0.993102	0.00535736	0.000269442	0.993101	1.37813e-20	0.0471319	0.00246135	0.0471311	0.00246135	1.14324	1.10888	0	
0.993102	0.993102	3.13744e-24	0.993102	1.42964e-14	0.993101	1.88013e-16	1.16734e-10	0.00012306	0.993102	0.993101	0.180363	0.00244968	1.53847e-17	0.993102	2.91208e-13	9.28224e-21	0.000263546	0.993102	0.00523468	0.00026292	0.993101	1.37813e-20	0.0472105	0.00246142	0.0472096	0.00246142	1.13955	1.10533	0	
0.993102	0.993102	2.34763e-24	0.993102	1.06975e-14	0.993101	1.40683e-16	1.14778e-10	0.000125202	0.993102	0.993101	0.180348	0.00244964	1.15118e-17	0.993102	2.96278e-13	7.3132e-21	0.000263175	0.993102	0.00513936	0.000262545	0.993101	1.37813e-20	0.0464571	0.00246146	0.0464562	0.00246146	1.14214	1.11107	0	
0.993102	0.993102	1.75665e-24	0.993102	8.00455e-15	0.993101	1.05268e-16	1.14771e-10	0.000125134	0.993102	0.993101	0.189492	0.00244958	8.61386e-18	0.993102	2.96117e-13	5.79998e-21	0.000255754	0.993102	0.00499382	0.000255136	0.993101	1.37813e-20	0.0464582	0.00246153	0.0464573	0.00246153	1.13535	1.10452	0	
0.993102	0.993102	1.31443e-24	0.993102	5.98951e-15	0.993101	7.87683e-17	1.11099e-10	0.000129656	0.993102	0.993101	0.185994	0.00244953	6.44544e-18	0.993102	3.06819e-13	4.71354e-21	0.000258425	0.993102	0.00487934	0.000257795	0.993101	1.37813e-20	0.0450351	0.00246157	0.0450343	0.00246157	1.13599	1.1033	0	
0.993102	0.993102	9.83543e-25	0.993102	4.48173e-15	0.993101	5.89394e-17	1.08675e-10	0.000132582	0.993102	0.993101	0.181633	0.00244944	4.82289e-18	0.993102	3.13745e-13	3.90983e-21	0.000262094	0.993102	0.00483678	0.000261444	0.993101	1.37813e-20	0.0440986	0.00246166	0.0440978	0.00246166	1.13301	1.10203	0	
0.993102	0.993102	7.3595e-25	0.993102	3.35352e-15	0.993101	4.41023e-17	1.05386e-10	0.000136952	0.993102	0.993101	0.176602	0.00244934	3.60879e-18	0.993102	3.24086e-13	3.31835e-21	0.000266626	0.993102	0.00476555	0.000265953	0.993101	1.37813e-20	0.0428218	0.00246176	0.0428211	0.00246176	1.12688	1.09543	0	
0.993102	0.993102	5.50684e-25	0.993102	2.50932e-15	0.993101	3.30001e-17	1.00147e-10	0.000145145	0.993102	0.993101	0.164629	0.00244921	2.70033e-18	0.993102	3.43478e-13	2.93118e-21	0.000279976	0.993102	0.00472297	0.000279252	0.993101	1.37813e-20	0.0407738	0.0024619	0.040773	0.0024619	1.12575	1.09655	0	
0.993102	0.993102	4.12057e-25	0.993102	1.87763e-15	0.993101	2.46928e-17	9.57504e-11	0.000152254	0.993102	0.993101	0.156968	0.00244901	2.02056e-18	0.993102	3.60303e-13	2.63154e-21	0.000288207	0.993102	0.00464031	0.000287437	0.993101	1.37813e-20	0.0390549	0.0024621	0.0390542	0.0024621	1.13054	1.09988	0	
0.993102	0.993102	3.08327e-25	0.993102	1.40496e-15	0.993101	1.84767e-17	9.45558e-11	0.000153581	0.993102	0.993101	0.155337	0.00244877	1.51191e-18	0.993102	3.63444e-13	2.37904e-21	0.000289308	0.993102	0.00461111	0.000288508	0.993101	1.37813e-20	0.0385995	0.00246233	0.0385988	0.00246233	1.13216	1.10407	0	
0.993102	0.993102	2.3071e-25	0.993102	1.05128e-15	0.993101	1.38255e-17	9.44166e-11	0.00015331	0.993102	0.993101	0.159814	0.00244858	1.13131e-18	0.993102	3.62802e-13	2.15721e-21	0.000284227	0.993102	0.00453262	0.000283421	0.993101	1.37813e-20	0.0385561	0.00246253	0.0385554	0.00246253	1.13178	1.10308	0	
0.993102	0.993102	1.72632e-25	0.993102	7.86636e-16	0.993101	1.03451e-17	9.41305e-11	0.000153404	0.993102	0.993101	0.161761	0.00244844	8.46515e-19	0.993102	3.63025e-13	1.99875e-21	0.000281775	0.993102	0.00448693	0.00028096	0.993101	1.37813e-20	0.038452	0.00246267	0.0384513	0.00246267	1.1342	1.10735	0	
0.993102	0.993102	1.29174e-25	0.993102	5.88611e-16	0.993101	7.74089e-18	9.50827e-11	0.000151644	0.993102	0.993101	0.169545	0.00244833	6.33416e-19	0.993102	3.5886e-13	1.84871e-21	0.00027429	0.993102	0.00441326	0.000273486	0.993101	1.37813e-20	0.0388319	0.00246278	0.0388312	0.00246278	1.12765	1.09958	0	
0.993102	0.993102	9.66564e-26	0.993102	4.40436e-16	0.993101	5.79224e-18	9.27667e-11	0.00015549	0.993102	0.993101	0.164353	0.00244828	4.73962e-19	0.993102	3.67961e-13	1.79581e-21	0.000279347	0.993102	0.00438399	0.000278521	0.993101	1.37813e-20	0.0379234	0.00246283	0.0379227	0.00246283	1.12764	1.10074	0	
0.993102	0.993102	7.23245e-26	0.993102	3.29562e-16	0.993101	4.33414e-18	9.1032e-11	0.000158371	0.993102	0.993101	0.161977	0.00244819	3.54649e-19	0.993102	3.7478e-13	1.74677e-21	0.000281442	0.993102	0.00433729	0.0002806	0.993101	1.37813e-20	0.0372442	0.00246293	0.0372435	0.00246293	1.12188	1.09432	0	
0.993102	0.993102	5.41179e-26	0.993102	2.46599e-16	0.993101	3.2431e-18	8.73806e-11	0.000165659	0.993102	0.993101	0.152473	0.00244808	2.65371e-19	0.993102	3.9203e-13	1.76529e-21	0.00029294	0.993102	0.0043163	0.000292049	0.993101	1.37813e-20	0.0358022	0.00246303	0.0358015	0.00246303	1.12379	1.09744	0	
0.993102	0.993102	4.04945e-26	0.993102	1.84521e-16	0.993101	2.42671e-18	8.53986e-11	0.000169345	0.993102	0.993101	0.148957	0.00244792	1.98567e-19	0.993102	4.00755e-13	1.75137e-21	0.000296575	0.993102	0.00427494	0.000295652	0.993101	1.37813e-20	0.0350242	0.0024632	0.0350236	0.0024632	1.11529	1.09062	0	
0.993102	0.993102	3.03006e-26	0.993102	1.38071e-16	0.993101	1.81585e-18	8.07852e-11	0.000180516	0.993102	0.993101	0.138916	0.00244774	1.48581e-19	0.993102	4.27197e-13	1.8039e-21	0.000310617	0.993102	0.00420959	0.000309627	0.993101	1.37813e-20	0.0331912	0.00246337	0.0331906	0.00246337	1.11781	1.09447	0	
0.993102	0.993102	2.26729e-26	0.993102	1.03313e-16	0.993101	1.35875e-18	7.82063e-11	0.00018623	0.993102	0.993101	0.135407	0.00244748	1.11177e-19	0.993102	4.40723e-13	1.80666e-21	0.000314596	0.993102	0.00413434	0.000313559	0.993101	1.37813e-20	0.0321733	0.00246363	0.0321728	0.00246363	1.11396	1.09039	0	
0.993102	0.993102	1.69654e-26	0.993102	7.73055e-17	0.993101	1.01673e-18	7.49603e-11	0.000194601	0.993102	0.993101	0.128568	0.00244721	8.319e-20	0.993102	4.60536e-13	1.84756e-21	0.000324574	0.993102	0.00408251	0.000323467	0.993101	1.37813e-20	0.0308841	0.0024639	0.0308836	0.0024639	1.11835	1.09626	0	
0.993102	0.993102	1.26946e-26	0.993102	5.78449e-17	0.993101	7.60808e-19	7.40423e-11	0.000196215	0.993102	0.993101	0.129713	0.00244691	6.22481e-20	0.993102	4.64357e-13	1.8232e-21	0.000322182	0.993102	0.00401497	0.000321045	0.993101	1.37813e-20	0.0305291	0.00246421	0.0305285	0.00246421	1.11125	1.08983	0	
0.993102	0.993102	9.49899e-27	0.993102	4.32832e-17	0.993101	5.69316e-19	7.09782e-11	0.000205145	0.993102	0.993101	0.12378	0.00244666	4.6578e-20	0.993102	4.85494e-13	1.86549e-21	0.000331286	0.993102	0.00395174	0.000330082	0.993101	1.37813e-20	0.0293068	0.00246446	0.0293062	0.00246446	1.09761	1.0756	0	
0.993102	0.993102	7.10787e-27	0.993102	3.23873e-17	0.993101	4.26051e-19	6.49678e-11	0.000230107	0.993102	0.993101	0.108483	0.00244637	3.48526e-20	0.993102	5.44588e-13	2.06219e-21	0.00036783	0.993102	0.00391574	0.000366439	0.993101	1.37813e-20	0.0268817	0.00246476	0.0268813	0.00246476	1.09628	1.0741	0	
0.993102	0.993102	5.3187e-27	0.993102	2.42342e-17	0.993101	3.18854e-19	6.01576e-11	0.000250861	0.993102	0.993101	0.096185	0.00244584	2.60789e-20	0.993102	5.93718e-13	2.22961e-21	0.000398939	0.993102	0.00389185	0.00039733	0.993101	1.37813e-20	0.0249438	0.00246529	0.0249433	0.00246529	1.09488	1.07272	0	
0.993102	0.993102	3.97993e-27	0.993102	1.81336e-17	0.993101	2.38646e-19	5.62413e-11	0.000268611	0.993102	0.993101	0.0862302	0.00244519	1.95139e-20	0.993102	6.35739e-13	2.37419e-21	0.000425799	0.993102	0.00387386	0.000423959	0.993101	1.37813e-20	0.0233674	0.00246594	0.023367	0.00246594	1.0967	1.07572	0	
0.993102	0.993102	2.97816e-27	0.993102	1.35687e-17	0.993101	1.78625e-19	5.3725e-11	0.000279016	0.993102	0.993101	0.0804942	0.00244449	1.46015e-20	0.993102	6.6037e-13	2.44126e-21	0.000438572	0.993102	0.00383788	0.000436553	0.993101	1.37813e-20	0.0223613	0.00246665	0.0223609	0.00246665	1.10147	1.08112	0	
0.993102	0.993102	2.22856e-27	0.993102	1.0153e-17	0.993101	1.33704e-19	5.30078e-11	0.000279702	0.993102	0.993101	0.0797659	0.00244383	1.09258e-20	0.993102	6.61992e-13	2.42329e-21	0.000435881	0.993102	0.00379911	0.00043377	0.993101	1.37813e-20	0.0220885	0.00246731	0.0220881	0.00246731	1.1014	1.08205	0	
0.993102	0.993102	1.66766e-27	0.993102	7.59709e-18	0.993101	1.00091e-19	5.24534e-11	0.000280313	0.993102	0.993101	0.0799014	0.00244334	8.17538e-21	0.993102	6.63439e-13	2.39886e-21	0.000431887	0.993102	0.00375182	0.000429718	0.993101	1.37813e-20	0.0218772	0.00246781	0.0218768	0.00246781	1.10133	1.08226	0	
0.993102	0.993102	1.24796e-27	0.993102	5.68463e-18	0.993101	7.49398e-20	5.20204e-11	0.000280872	0.993102	0.993101	0.0801543	0.00244296	6.11734e-21	0.993102	6.64762e-13	2.37821e-21	0.000428474	0.993102	0.0037115	0.000426263	0.993101	1.37813e-20	0.0217118	0.0024682	0.0217114	0.0024682	1.08944	1.07193	0	
0.993102	0.993102	9.33974e-28	0.993102	4.2536e-18	0.993101	5.61479e-20	4.8994e-11	0.000300372	0.993102	0.993101	0.0738352	0.00244267	4.57738e-21	0.993102	7.1093e-13	2.49653e-21	0.000450064	0.993102	0.00365359	0.000447684	0.993101	1.37813e-20	0.020477	0.00246849	0.0204766	0.00246849	1.09509	1.07784	0	
0.993102	0.993102	6.98997e-28	0.993102	3.18281e-18	0.993101	4.20718e-20	4.79332e-11	0.000305334	0.993102	0.993101	0.0725562	0.00244221	3.42509e-21	0.993102	7.22675e-13	2.5052e-21	0.000451895	0.993102	0.00360577	0.000449426	0.993101	1.37813e-20	0.0200528	0.00246895	0.0200524	0.00246895	1.10134	1.08437	0	
0.993102	0.993102	5.23142e-28	0.993102	2.38158e-18	0.993101	3.15262e-20	4.86411e-11	0.000299577	0.993102	0.993101	0.0763171	0.00244181	2.56287e-21	0.993102	7.09045e-13	2.43364e-21	0.000439189	0.993102	0.00356512	0.000436726	0.993101	1.37813e-20	0.0203532	0.00246936	0.0203528	0.00246936	1.10384	1.08715	0	
0.993102	0.993102	3.91546e-28	0.993102	1.78205e-18	0.993101	2.3631e-20	4.9826e-11	0.000291802	0.993102	0.993101	0.0814631	0.00244157	1.9177e-21	0.993102	6.90637e-13	2.34987e-21	0.000424199	0.993102	0.00352991	0.000421785	0.993101	1.37813e-20	0.0208448	0.00246959	0.0208444	0.00246959	1.1053	1.08889	0	
0.993102	0.993102	2.93072e-28	0.993102	1.33344e-18	0.993101	1.7721e-20	5.11102e-11	0.000284039	0.993102	0.993101	0.0868816	0.0024415	1.43495e-21	0.993102	6.72258e-13	2.26909e-21	0.000409683	0.993102	0.00349872	0.00040734	0.993101	1.37813e-20	0.0213733	0.00246967	0.0213729	0.00246967	1.10513	1.0892	0	
0.993102	0.993102	2.19388e-28	0.993102	9.97768e-19	0.993101	1.3299e-20	5.20241e-11	0.000278455	0.993102	0.993101	0.0912199	0.00244153	1.07372e-21	0.993102	6.59037e-13	2.20546e-21	0.00039822	0.993102	0.00346719	0.000395948	0.993101	1.37813e-20	0.0217479	0.00246963	0.0217474	0.00246963	1.11309	1.09709	0	
0.993102	0.993102	1.64228e-28	0.993102	7.46593e-19	0.993101	9.97959e-21	5.50855e-11	0.000264579	0.993102	0.993101	0.102841	0.00244163	8.03424e-22	0.993102	6.26189e-13	2.08375e-21	0.000376246	0.993102	0.00344473	0.000374111	0.993101	1.37813e-20	0.0229929	0.00246954	0.0229924	0.00246954	1.11484	1.09866	0	
0.993102	0.993102	1.22949e-28	0.993102	5.58649e-19	0.993101	7.49386e-21	5.79524e-11	0.000252261	0.993102	0.993101	0.113429	0.00244187	6.01173e-22	0.993102	5.97027e-13	1.97931e-21	0.000357348	0.993102	0.00343107	0.000355351	0.993101	1.37813e-20	0.0241537	0.00246929	0.0241532	0.00246929	1.11108	1.09631	0	
0.993102	0.993102	9.20712e-29	0.993102	4.18016e-19	0.993101	5.63818e-21	5.8886e-11	0.000247279	0.993102	0.993101	0.118508	0.00244221	4.49836e-22	0.993102	5.85235e-13	1.92135e-21	0.000346811	0.993102	0.0033972	0.000344917	0.993101	1.37813e-20	0.0245291	0.00246896	0.0245286	0.00246896	1.10953	1.09482	0	
0.993102	0.993102	6.89715e-29	0.993102	3.12786e-19	0.993101	4.25162e-21	5.91109e-11	0.000245394	0.993102	0.993101	0.120608	0.00244252	3.36596e-22	0.993102	5.80771e-13	1.89128e-21	0.000341309	0.993102	0.00337082	0.000339488	0.993101	1.37813e-20	0.0246166	0.00246864	0.0246162	0.00246864	1.11115	1.09764	0	
0.993102	0.993102	5.16819e-29	0.993102	2.34047e-19	0.993101	3.21205e-21	5.97732e-11	0.000242065	0.993102	0.993101	0.125445	0.00244277	2.51862e-22	0.993102	5.7289e-13	1.84397e-21	0.000332712	0.993102	0.00333153	0.000330971	0.993101	1.37813e-20	0.024882	0.00246838	0.0248815	0.00246838	1.101	1.08768	0	
0.993102	0.993102	3.87813e-29	0.993102	1.75129e-19	0.993101	2.44957e-21	5.7414e-11	0.00025272	0.993102	0.993101	0.118643	0.002443	1.88459e-22	0.993102	5.98115e-13	1.90306e-21	0.000343301	0.993102	0.00329909	0.000341543	0.993101	1.37813e-20	0.023918	0.00246815	0.0239176	0.00246815	1.09615	1.0838	0	
0.993102	0.993102	2.91517e-29	0.993102	1.31042e-19	0.993101	1.88889e-21	5.44759e-11	0.000267983	0.993102	0.993101	0.110308	0.00244304	1.41017e-22	0.993102	6.34246e-13	1.98948e-21	0.000358872	0.993102	0.00325935	0.000357043	0.993101	1.37813e-20	0.0227183	0.00246811	0.0227179	0.00246811	1.09322	1.08151	0	
0.993102	0.993102	2.19628e-29	0.993102	9.80542e-20	0.993101	1.47629e-21	5.16222e-11	0.000284161	0.993102	0.993101	0.102348	0.00244289	1.05518e-22	0.993102	6.72548e-13	2.08063e-21	0.000375365	0.993102	0.00321957	0.000373425	0.993101	1.37813e-20	0.021554	0.00246826	0.0215536	0.00246826	1.08931	1.07823	0	
0.993102	0.993102	1.66089e-29	0.993102	7.33704e-20	0.993101	1.17818e-21	4.86699e-11	0.000303068	0.993102	0.993101	0.0941335	0.00244257	7.89554e-23	0.993102	7.17312e-13	2.18904e-21	0.000395032	0.993102	0.00318015	0.000392934	0.993101	1.37813e-20	0.0203486	0.00246858	0.0203482	0.00246858	1.09195	1.08146	0	
0.993102	0.993102	1.25853e-29	0.993102	5.49004e-20	0.993101	9.47733e-22	4.7005e-11	0.000312568	0.993102	0.993101	0.0902349	0.00244211	5.90794e-23	0.993102	7.39804e-13	2.23053e-21	0.000402677	0.993102	0.00314151	0.00040046	0.993101	1.37813e-20	0.0196746	0.00246906	0.0196742	0.00246906	1.09191	1.08205	0	
0.993102	0.993102	9.57482e-30	0.993102	4.108e-20	0.993101	7.75386e-22	4.57508e-11	0.000319744	0.993102	0.993101	0.0877568	0.00244164	4.4207e-23	0.993102	7.56794e-13	2.25467e-21	0.000407188	0.993102	0.00310314	0.00040487	0.993101	1.37813e-20	0.0191685	0.00246953	0.0191681	0.00246953	1.08232	1.07309	0	
0.993102	0.993102	7.39593e-30	0.993102	3.07386e-20	0.993101	6.77383e-22	4.29659e-11	0.000343263	0.993102	0.993101	0.0801615	0.0024412	3.30785e-23	0.993102	8.1248e-13	2.38774e-21	0.000431382	0.993102	0.00306509	0.00042884	0.993101	1.37813e-20	0.0180261	0.00246997	0.0180257	0.00246997	1.08716	1.07785	0	
0.993102	0.993102	5.72477e-30	0.993102	2.30006e-20	0.993101	5.86892e-22	4.17705e-11	0.000351259	0.993102	0.993101	0.0773286	0.00244059	2.47514e-23	0.993102	8.31413e-13	2.42357e-21	0.000438075	0.993102	0.00303775	0.000435384	0.993101	1.37813e-20	0.0175436	0.00247059	0.0175433	0.00247059	1.08853	1.07961	0	
0.993102	0.993102	4.46413e-30	0.993102	1.72105e-20	0.993101	5.14898e-22	4.11434e-11	0.00035469	0.993102	0.993101	0.0763841	0.00244003	1.85206e-23	0.993102	8.39535e-13	2.42839e-21	0.000439138	0.993102	0.00301158	0.000436346	0.993101	1.37813e-20	0.0172948	0.00247116	0.0172945	0.00247116	1.0895	1.081	0	
0.993102	0.993102	3.51398e-30	0.993102	1.2878e-20	0.993101	4.58146e-22	4.08675e-11	0.000355497	0.993102	0.993101	0.0766558	0.00243957	1.38583e-23	0.993102	8.41445e-13	2.41514e-21	0.000436898	0.993102	0.00298582	0.000434044	0.993101	1.37813e-20	0.0171893	0.00247162	0.017189	0.00247162	1.08971	1.08139	0	
0.993102	0.993102	2.80158e-30	0.993102	9.63614e-21	0.993101	4.15074e-22	4.07032e-11	0.000355726	0.993102	0.993101	0.0771447	0.00243922	1.03696e-23	0.993102	8.41985e-13	2.40054e-21	0.000434377	0.993102	0.00296384	0.00043148	0.993101	1.37813e-20	0.0171279	0.00247198	0.0171276	0.00247198	1.09022	1.08247	0	
0.993102	0.993102	2.26504e-30	0.993102	7.21037e-21	0.993101	3.81389e-22	4.06837e-11	0.000354989	0.993102	0.993101	0.0783055	0.00243895	7.75923e-24	0.993102	8.40241e-13	2.37703e-21	0.000430215	0.993102	0.00293926	0.000427301	0.993101	1.37813e-20	0.0171249	0.00247225	0.0171246	0.00247225	1.0857	1.07875	0	
0.993102	0.993102	1.89696e-30	0.993102	5.39526e-21	0.993101	3.70196e-22	3.97863e-11	0.000362826	0.993102	0.993101	0.0765344	0.00243876	5.80595e-24	0.993102	8.58797e-13	2.40427e-21	0.00043521	0.993102	0.00290948	0.000432229	0.993101	1.37813e-20	0.0167564	0.00247244	0.0167561	0.00247244	1.08378	1.07687	0	
0.993102	0.993102	1.63773e-30	0.993102	4.03708e-21	0.993101	3.68597e-22	3.87619e-11	0.000372504	0.993102	0.993101	0.0740022	0.00243852	4.34438e-24	0.993102	8.81714e-13	2.4486e-21	0.000443321	0.993102	0.00288654	0.00044024	0.993101	1.37813e-20	0.0163352	0.00247269	0.0163349	0.00247269	1.08246	1.07563	0	
0.993102	0.993102	1.45554e-30	0.993102	3.0208e-21	0.993101	3.72332e-22	3.77618e-11	0.000382439	0.993102	0.993101	0.0713549	0.00243822	3.25074e-24	0.993102	9.05237e-13	2.49809e-21	0.000452391	0.993102	0.00286831	0.00044919	0.993101	1.37813e-20	0.0159243	0.00247299	0.015924	0.00247299	1.0832	1.07673	0	
0.993102	0.993102	1.31256e-30	0.993102	2.26035e-21	0.993101	3.72311e-22	3.71431e-11	0.00038836	0.993102	0.993101	0.0700506	0.00243788	2.43241e-24	0.993102	9.19257e-13	2.52064e-21	0.000456602	0.993102	0.00284955	0.000453308	0.993101	1.37813e-20	0.0156723	0.00247334	0.015672	0.00247334	1.0775	1.0715	0	
0.993102	0.993102	1.26279e-30	0.993102	1.69134e-21	0.993101	3.96283e-22	3.57225e-11	0.000405126	0.993102	0.993101	0.0661056	0.00243755	1.82009e-24	0.993102	9.58963e-13	2.60934e-21	0.000472798	0.993102	0.00282892	0.000469319	0.993101	1.37813e-20	0.0150852	0.00247367	0.0150849	0.00247367	1.08349	1.07736	0	
0.993102	0.993102	1.16577e-30	0.993102	1.26557e-21	0.993101	3.89119e-22	3.56685e-11	0.00040475	0.993102	0.993101	0.0665332	0.0024371	1.3619e-24	0.993102	9.5807e-13	2.59573e-21	0.000470501	0.993102	0.00281529	0.000466956	0.993101	1.37813e-20	0.0150691	0.00247413	0.0150688	0.00247413	1.08759	1.08166	0	
0.993102	0.993102	1.05974e-30	0.993102	9.46978e-22	0.993101	3.69741e-22	3.63927e-11	0.000396465	0.993102	0.993101	0.0698	0.00243676	1.01906e-24	0.993102	9.3845e-13	2.53254e-21	0.000459165	0.993102	0.00280236	0.000455649	0.993101	1.37813e-20	0.0153752	0.00247447	0.0153749	0.00247447	1.0914	1.08568	0	
0.993102	0.993102	9.53889e-31	0.993102	7.08589e-22	0.993101	3.4414e-22	3.77033e-11	0.000383396	0.993102	0.993101	0.0754056	0.00243662	7.62528e-25	0.993102	9.07506e-13	2.43965e-21	0.000442378	0.993102	0.00278979	0.000438968	0.993101	1.37813e-20	0.0159218	0.00247462	0.0159215	0.00247462	1.09575	1.09035	0	
0.993102	0.993102	8.49008e-31	0.993102	5.30212e-22	0.993101	3.14232e-22	3.96349e-11	0.000366399	0.993102	0.993101	0.0838288	0.00243666	5.70572e-25	0.993102	8.6726e-13	2.32155e-21	0.000420957	0.993102	0.00277589	0.000417719	0.993101	1.37813e-20	0.0167218	0.00247457	0.0167215	0.00247457	1.09507	1.09022	0	
0.993102	0.993102	7.7424e-31	0.993102	3.96738e-22	0.993101	2.93428e-22	4.09267e-11	0.000354764	0.993102	0.993101	0.089984	0.00243691	4.26938e-25	0.993102	8.3971e-13	2.23451e-21	0.00040511	0.993102	0.00275807	0.000402029	0.993101	1.37813e-20	0.0172538	0.00247432	0.0172535	0.00247432	1.087	1.08231	0	
0.993102	0.993102	7.71258e-31	0.993102	2.96865e-22	0.993101	3.00102e-22	4.0213e-11	0.000360176	0.993102	0.993101	0.0877967	0.00243723	3.19463e-25	0.993102	8.52523e-13	2.25459e-21	0.000408633	0.993102	0.00274247	0.000405582	0.993101	1.37813e-20	0.0169545	0.00247399	0.0169542	0.00247399	1.07877	1.07389	0	
0.993102	0.993102	8.43799e-31	0.993102	2.22133e-22	0.993101	3.36461e-22	3.82245e-11	0.000381155	0.993102	0.993101	0.080658	0.00243741	2.39043e-25	0.993102	9.022e-13	2.37654e-21	0.000430653	0.993102	0.00273352	0.000427473	0.993101	1.37813e-20	0.0161263	0.00247381	0.016126	0.00247381	1.08379	1.07931	0	
0.993102	0.993102	8.49575e-31	0.993102	1.66214e-22	0.993101	3.43277e-22	3.75953e-11	0.000386195	0.993102	0.993101	0.0786899	0.00243729	1.78867e-25	0.993102	9.14134e-13	2.39691e-21	0.000434391	0.993102	0.00272134	0.000431161	0.993101	1.37813e-20	0.0158674	0.00247394	0.0158671	0.00247394	1.08871	1.08426	0	
0.993102	0.993102	8.14889e-31	0.993102	1.24372e-22	0.993101	3.32008e-22	3.80553e-11	0.000380498	0.993102	0.993101	0.0808823	0.00243713	1.3384e-25	0.993102	9.00643e-13	2.35386e-21	0.000426644	0.993102	0.00271189	0.000423446	0.993101	1.37813e-20	0.0160612	0.00247409	0.0160609	0.00247409	1.09453	1.09027	0	
0.993102	0.993102	7.51735e-31	0.993102	9.30629e-23	0.993101	3.07982e-22	3.96241e-11	0.000366186	0.993102	0.993101	0.0878393	0.00243709	1.00148e-25	0.993102	8.66755e-13	2.25822e-21	0.00040933	0.993102	0.00270227	0.000406254	0.993101	1.37813e-20	0.0167123	0.00247414	0.016712	0.00247414	1.09763	1.09354	0	
0.993102	0.993102	6.87931e-31	0.993102	6.96356e-23	0.993101	2.83079e-22	4.15105e-11	0.000350583	0.993102	0.993101	0.0963817	0.00243723	7.4937e-26	0.993102	8.29812e-13	2.15517e-21	0.00039062	0.993102	0.00269274	0.000387704	0.993101	1.37813e-20	0.0174907	0.002474	0.0174904	0.002474	1.08931	1.08535	0	
0.993102	0.993102	6.89713e-31	0.993102	5.21058e-23	0.993101	2.85245e-22	4.1104e-11	0.000352767	0.993102	0.993101	0.0949799	0.00243752	5.60728e-26	0.993102	8.3498e-13	2.16091e-21	0.000391564	0.993102	0.00268389	0.000388689	0.993101	1.37813e-20	0.0173194	0.0024737	0.0173191	0.0024737	1.09417	1.09048	0	
0.993102	0.993102	6.60164e-31	0.993102	3.89889e-23	0.993101	2.73903e-22	4.1824e-11	0.000346034	0.993102	0.993101	0.0985725	0.00243772	4.19574e-26	0.993102	8.19038e-13	2.11169e-21	0.000382592	0.993102	0.00267355	0.000379811	0.993101	1.37813e-20	0.0176151	0.0024735	0.0176147	0.0024735	1.09913	1.09561	0	
0.993102	0.993102	6.12103e-31	0.993102	2.91739e-23	0.993101	2.54531e-22	4.35181e-11	0.00033324	0.993102	0.993101	0.106693	0.00243795	3.13953e-26	0.993102	7.88747e-13	2.0266e-21	0.000367121	0.993102	0.00266361	0.000364482	0.993101	1.37813e-20	0.018311	0.00247327	0.0183107	0.00247327	1.09871	1.09521	0	
0.993102	0.993102	5.78125e-31	0.993102	2.18298e-23	0.993101	2.40883e-22	4.46843e-11	0.000324289	0.993102	0.993101	0.112292	0.00243828	2.34921e-26	0.993102	7.67553e-13	1.96659e-21	0.000356164	0.993102	0.00265604	0.000353648	0.993101	1.37813e-20	0.0187875	0.00247293	0.0187871	0.00247293	1.09865	1.09532	0	
0.993102	0.993102	5.52998e-31	0.993102	1.63344e-23	0.993101	2.30804e-22	4.55419e-11	0.000317684	0.993102	0.993101	0.116597	0.00243863	1.75784e-26	0.993102	7.51914e-13	1.92069e-21	0.000347755	0.993102	0.0026481	0.000345348	0.993101	1.37813e-20	0.0191361	0.00247257	0.0191357	0.00247257	1.0963	1.09295	0	
0.993102	0.993102	5.46076e-31	0.993102	1.22225e-23	0.993101	2.28258e-22	4.56273e-11	0.000316355	0.993102	0.993101	0.117225	0.00243898	1.31534e-26	0.993102	7.48766e-13	1.90808e-21	0.000345373	0.993102	0.00264231	0.000343033	0.993101	1.37813e-20	0.0191668	0.00247222	0.0191665	0.00247222	1.09683	1.09365	0	
0.993102	0.993102	5.38118e-31	0.993102	9.14563e-24	0.993101	2.25187e-22	4.58145e-11	0.00031453	0.993102	0.993101	0.118431	0.00243925	9.84233e-27	0.993102	7.44445e-13	1.89218e-21	0.000342416	0.993102	0.00263586	0.000340135	0.993101	1.37813e-20	0.0192403	0.00247194	0.0192399	0.00247194	1.09553	1.09242	0	
0.993102	0.993102	5.39085e-31	0.993102	6.84334e-24	0.993101	2.25798e-22	4.56546e-11	0.000315216	0.993102	0.993101	0.118037	0.00243948	7.3648e-27	0.993102	7.46069e-13	1.8918e-21	0.000342279	0.993102	0.00263002	0.000340033	0.993101	1.37813e-20	0.0191715	0.00247171	0.0191711	0.00247171	1.08097	1.07788	0	
0.993102	0.993102	6.47589e-31	0.993102	5.12062e-24	0.993101	2.71521e-22	4.26624e-11	0.000342705	0.993102	0.993101	0.105667	0.00243964	5.51105e-27	0.993102	8.11159e-13	2.05216e-21	0.000371216	0.993102	0.00262547	0.000368812	0.993101	1.37813e-20	0.0179314	0.00247155	0.0179311	0.00247155	1.07752	1.07449	0	
0.993102	0.993102	7.64972e-31	0.993102	3.83158e-24	0.993101	3.20869e-22	3.98559e-11	0.000370914	0.993102	0.993101	0.0943634	0.00243943	4.124e-27	0.993102	8.77957e-13	2.21679e-21	0.000401068	0.993102	0.00262118	0.000398428	0.993101	1.37813e-20	0.016771	0.00247177	0.0167707	0.00247177	1.08499	1.08232	0	
0.993102	0.993102	7.80347e-31	0.993102	2.86703e-24	0.993101	3.27331e-22	3.90349e-11	0.000376134	0.993102	0.993101	0.0910891	0.00243892	3.08605e-27	0.993102	8.90314e-13	2.24127e-21	0.000405668	0.993102	0.00261338	0.000402912	0.993101	1.37813e-20	0.0164393	0.00247228	0.0164389	0.00247228	1.07876	1.07622	0	
0.993102	0.993102	8.50753e-31	0.993102	2.14529e-24	0.993101	3.56865e-22	3.73406e-11	0.000393127	0.993102	0.993101	0.0845	0.00243848	2.30944e-27	0.993102	9.30553e-13	2.33512e-21	0.000422816	0.993102	0.00260574	0.000419861	0.993101	1.37813e-20	0.0157419	0.00247273	0.0157417	0.00247273	1.08347	1.08107	0	
0.993102	0.993102	8.57588e-31	0.993102	1.60525e-24	0.993101	3.597e-22	3.68767e-11	0.000395801	0.993102	0.993101	0.0828064	0.00243794	1.72829e-27	0.993102	9.36883e-13	2.34452e-21	0.000424701	0.993102	0.00259825	0.000421642	0.993101	1.37813e-20	0.0155577	0.00247328	0.0155574	0.00247328	1.08632	1.08388	0	
0.993102	0.993102	8.38924e-31	0.993102	1.20115e-24	0.993101	3.51847e-22	3.70528e-11	0.000392181	0.993102	0.993101	0.0836695	0.0024375	1.29342e-27	0.993102	9.28309e-13	2.3189e-21	0.000420202	0.993102	0.00259309	0.000417105	0.993101	1.37813e-20	0.015638	0.00247372	0.0156377	0.00247372	1.08926	1.08684	0	
0.993102	0.993102	8.03081e-31	0.993102	8.98775e-25	0.993101	3.36802e-22	3.77574e-11	0.000383992	0.993102	0.993101	0.0867734	0.00243722	9.67991e-28	0.993102	9.08917e-13	2.26731e-21	0.000410944	0.993102	0.00258901	0.000407873	0.993101	1.37813e-20	0.0159354	0.002474	0.0159351	0.002474	1.08806	1.08566	0	
0.993102	0.993102	7.84853e-31	0.993102	6.7252e-25	0.993101	3.29161e-22	3.80476e-11	0.000380055	0.993102	0.993101	0.0880828	0.00243711	7.24497e-28	0.993102	8.99594e-13	2.24136e-21	0.000406277	0.993102	0.00258568	0.000403224	0.993101	1.37813e-20	0.0160582	0.00247412	0.0160579	0.00247412	1.09188	1.08953	0	
0.993102	0.993102	7.45167e-31	0.993102	5.03223e-25	0.993101	3.12524e-22	3.90417e-11	0.000370296	0.993102	0.993101	0.0925213	0.00243708	5.42272e-28	0.993102	8.76485e-13	2.18138e-21	0.000395419	0.993102	0.00258253	0.000392442	0.993101	1.37813e-20	0.0164715	0.00247415	0.0164712	0.00247415	1.08984	1.08759	0	
0.993102	0.993102	7.28863e-31	0.993102	3.76543e-25	0.993101	3.05706e-22	3.9364e-11	0.000366561	0.993102	0.993101	0.0940381	0.00243717	4.05934e-28	0.993102	8.67642e-13	2.15651e-21	0.000390885	0.993102	0.00257902	0.000387957	0.993101	1.37813e-20	0.0166045	0.00247406	0.0166042	0.00247406	1.08363	1.08139	0	
0.993102	0.993102	7.65002e-31	0.993102	2.81754e-25	0.993101	3.2089e-22	3.84187e-11	0.000375605	0.993102	0.993101	0.0901542	0.00243729	3.03965e-28	0.993102	8.89057e-13	2.2071e-21	0.000400009	0.993102	0.00257619	0.000397033	0.993101	1.37813e-20	0.0162108	0.00247394	0.0162105	0.00247394	1.08784	1.08576	0	
0.993102	0.993102	7.57983e-31	0.993102	2.10826e-25	0.993101	3.17948e-22	3.84994e-11	0.000374188	0.993102	0.993101	0.0906859	0.00243726	2.27632e-28	0.993102	8.857e-13	2.19527e-21	0.000397874	0.993102	0.00257202	0.00039491	0.993101	1.37813e-20	0.0162451	0.00247396	0.0162448	0.00247396	1.08537	1.0833	0	
0.993102	0.993102	7.7203e-31	0.993102	1.57754e-25	0.993101	3.23844e-22	3.80891e-11	0.000377849	0.993102	0.993101	0.0890884	0.00243726	1.70533e-28	0.993102	8.94368e-13	2.21387e-21	0.000401245	0.993102	0.00256877	0.000398255	0.993101	1.37813e-20	0.016075	0.00247397	0.0160747	0.00247397	1.08939	1.08745	0	
0.993102	0.993102	7.52101e-31	0.993102	1.18042e-25	0.993101	3.15482e-22	3.85594e-11	0.000373029	0.993102	0.993101	0.0913579	0.00243721	1.27778e-28	0.993102	8.82954e-13	2.18222e-21	0.000395525	0.993102	0.0025646	0.000392571	0.993101	1.37813e-20	0.016271	0.00247401	0.0162707	0.00247401	1.08973	1.08787	0	
0.993102	0.993102	7.3479e-31	0.993102	8.83265e-26	0.993101	3.08226e-22	3.89812e-11	0.000368799	0.993102	0.993101	0.0934263	0.00243724	9.57838e-29	0.993102	8.72939e-13	2.15416e-21	0.000390434	0.993102	0.00256056	0.000387522	0.993101	1.37813e-20	0.0164459	0.00247399	0.0164456	0.00247399	1.09708	1.0953	0	
0.993102	0.993102	6.78066e-31	0.993102	6.60916e-26	0.993101	2.84439e-22	4.08986e-11	0.000353393	0.993102	0.993101	0.102513	0.00243731	7.17998e-29	0.993102	8.36461e-13	2.06118e-21	0.000373569	0.993102	0.0025564	0.000370791	0.993101	1.37813e-20	0.017238	0.00247391	0.0172376	0.00247391	1.08394	1.08207	0	
0.993102	0.993102	7.24219e-31	0.993102	4.94542e-26	0.993101	3.03837e-22	3.96242e-11	0.00036511	0.993102	0.993101	0.0969862	0.00243755	5.3942e-29	0.993102	8.64206e-13	2.12776e-21	0.000385547	0.993102	0.00255462	0.000382722	0.993101	1.37813e-20	0.0167066	0.00247367	0.0167063	0.00247367	1.08019	1.07834	0	
0.993102	0.993102	7.93876e-31	0.993102	3.7005e-26	0.993101	3.33067e-22	3.80182e-11	0.000381722	0.993102	0.993101	0.0902467	0.00243759	4.06148e-29	0.993102	9.03542e-13	2.22292e-21	0.00040277	0.993102	0.00255298	0.000399825	0.993101	1.37813e-20	0.0160392	0.00247363	0.0160389	0.00247363	1.0779	1.07605	0	
0.993102	0.993102	8.70155e-31	0.993102	2.76898e-26	0.993101	3.65036e-22	3.6442e-11	0.000399233	0.993102	0.993101	0.083771	0.00243741	3.06667e-29	0.993102	9.45008e-13	2.3236e-21	0.000421075	0.993102	0.0025517	0.000417962	0.993101	1.37813e-20	0.0153858	0.00247381	0.0153855	0.00247381	1.08103	1.07944	0	
0.993102	0.993102	8.94756e-31	0.993102	2.07195e-26	0.993101	3.753e-22	3.57788e-11	0.000405449	0.993102	0.993101	0.0811215	0.00243707	2.31904e-29	0.993102	9.59728e-13	2.35567e-21	0.00042701	0.993102	0.00254741	0.000423791	0.993101	1.37813e-20	0.0151147	0.00247416	0.0151145	0.00247416	1.08495	1.08341	0	
0.993102	0.993102	8.77791e-31	0.993102	1.55039e-26	0.993101	3.68138e-22	3.59768e-11	0.000402053	0.993102	0.993101	0.082045	0.00243673	1.75608e-29	0.993102	9.51685e-13	2.33259e-21	0.00042294	0.993102	0.00254361	0.000419696	0.993101	1.37813e-20	0.0152022	0.0024745	0.0152019	0.0024745	1.0758	1.07424	0	
0.993102	0.993102	9.57192e-31	0.993102	1.16013e-26	0.993101	4.01397e-22	3.45851e-11	0.000419327	0.993102	0.993101	0.0765764	0.00243652	1.34405e-29	0.993102	9.92591e-13	2.4301e-21	0.000440694	0.993102	0.00254101	0.000437273	0.993101	1.37813e-20	0.0146245	0.00247471	0.0146242	0.00247471	1.06399	1.06235	0	
0.993102	0.993102	1.19791e-30	0.993102	8.6813e-27	0.993101	5.02227e-22	3.19316e-11	0.00046379	0.993102	0.993101	0.0669655	0.00243616	1.05387e-29	0.993102	1.0979e-12	2.68687e-21	0.000487416	0.993102	0.00254013	0.00048354	0.993101	1.37813e-20	0.0135176	0.00247509	0.0135174	0.00247509	1.07449	1.073	0	
0.993102	0.993102	1.21293e-30	0.993102	6.49622e-27	0.993101	5.08357e-22	3.13596e-11	0.000468673	0.993102	0.993101	0.0646344	0.00243534	8.20227e-30	0.993102	1.10946e-12	2.71238e-21	0.000492372	0.993102	0.00253748	0.000488294	0.993101	1.37813e-20	0.0132885	0.00247592	0.0132883	0.00247592	1.07629	1.07479	0	
0.993102	0.993102	1.20218e-30	0.993102	4.86119e-27	0.993101	5.03727e-22	3.12051e-11	0.00046803	0.993102	0.993101	0.0639078	0.00243467	6.43204e-30	0.993102	1.10794e-12	2.7067e-21	0.000491602	0.993102	0.00253554	0.000487402	0.993101	1.37813e-20	0.0132325	0.0024766	0.0132323	0.0024766	1.08313	1.08165	0	
0.993102	0.993102	1.12354e-30	0.993102	3.63768e-27	0.993101	4.7071e-22	3.22256e-11	0.000452535	0.993102	0.993101	0.0678788	0.00243417	5.03685e-30	0.993102	1.07124e-12	2.61563e-21	0.000475235	0.993102	0.00253392	0.000471092	0.993101	1.37813e-20	0.0136661	0.00247711	0.0136658	0.00247711	1.08495	1.08349	0	
0.993102	0.993102	1.04898e-30	0.993102	2.72215e-27	0.993101	4.39447e-22	3.33182e-11	0.000437286	0.993102	0.993101	0.0722318	0.00243399	3.97716e-30	0.993102	1.03512e-12	2.52625e-21	0.000459064	0.993102	0.00253256	0.000455032	0.993101	1.37813e-20	0.0141254	0.00247729	0.0141252	0.00247729	1.08594	1.08451	0	
0.993102	0.993102	9.85094e-31	0.993102	2.03709e-27	0.993101	4.12688e-22	3.43201e-11	0.000423939	0.993102	0.993101	0.0762894	0.00243404	3.17613e-30	0.993102	1.00352e-12	2.44789e-21	0.000444815	0.993102	0.00253118	0.000440916	0.993101	1.37813e-20	0.0145436	0.00247724	0.0145434	0.00247724	1.0902	1.08871	0	
0.993102	0.993102	9.0596e-31	0.993102	1.52445e-27	0.993101	3.79559e-22	3.59037e-11	0.000406063	0.993102	0.993101	0.082961	0.00243424	2.54543e-30	0.993102	9.61186e-13	2.34432e-21	0.000425942	0.993102	0.00253085	0.000422239	0.993101	1.37813e-20	0.0152012	0.00247703	0.0152009	0.00247703	1.08873	1.08713	0	
0.993102	0.993102	8.56954e-31	0.993102	1.14088e-27	0.993101	3.59074e-22	3.67931e-11	0.000395333	0.993102	0.993101	0.086511	0.00243461	2.0837e-30	0.993102	9.35774e-13	2.28325e-21	0.000414732	0.993102	0.00253198	0.000411185	0.993101	1.37813e-20	0.0155675	0.00247666	0.0155672	0.00247666	1.08903	1.08742	0	
0.993102	0.993102	8.18169e-31	0.993102	8.53855e-28	0.993101	3.42876e-22	3.75177e-11	0.000386761	0.993102	0.993101	0.0894167	0.00243502	1.73609e-30	0.993102	9.15477e-13	2.23446e-21	0.000405744	0.993102	0.00253289	0.000402339	0.993101	1.37813e-20	0.0158643	0.00247624	0.015864	0.00247624	1.07999	1.07813	0	
0.993102	0.993102	8.66233e-31	0.993102	6.39167e-28	0.993101	3.63095e-22	3.6408e-11	0.000398365	0.993102	0.993101	0.0844632	0.00243543	1.55307e-30	0.993102	9.42953e-13	2.30534e-21	0.000418449	0.993102	0.00253674	0.000415017	0.993101	1.37813e-20	0.0153978	0.00247583	0.0153975	0.00247583	1.07866	1.07674	0	
0.993102	0.993102	9.16036e-31	0.993102	4.78537e-28	0.993101	3.84002e-22	3.53595e-11	0.000409975	0.993102	0.993101	0.0798786	0.00243559	1.42996e-30	0.993102	9.70445e-13	2.37621e-21	0.000431244	0.993102	0.00254042	0.000427738	0.993101	1.37813e-20	0.0149592	0.00247566	0.0149589	0.00247566	1.07744	1.07553	0	
0.993102	0.993102	9.66753e-31	0.993102	3.58358e-28	0.993101	4.05259e-22	3.43786e-11	0.000421436	0.993102	0.993101	0.0757126	0.00243557	1.3513e-30	0.993102	9.97585e-13	2.4453e-21	0.000443785	0.993102	0.00254308	0.000440173	0.993101	1.37813e-20	0.0145505	0.00247568	0.0145502	0.00247568	1.07591	1.07398	0	
0.993102	0.993102	1.02247e-30	0.993102	2.6845e-28	0.993101	4.28585e-22	3.34057e-11	0.000433576	0.993102	0.993101	0.0717038	0.00243542	1.3102e-30	0.993102	1.02633e-12	2.51794e-21	0.000457025	0.993102	0.00254525	0.000453275	0.993101	1.37813e-20	0.0141462	0.00247583	0.014146	0.00247583	1.07829	1.07646	0	
0.993102	0.993102	1.03699e-30	0.993102	2.01148e-28	0.993101	4.34624e-22	3.30523e-11	0.000437164	0.993102	0.993101	0.0701787	0.00243516	1.25228e-30	0.993102	1.03483e-12	2.53897e-21	0.000460942	0.993102	0.00254558	0.000457109	0.993101	1.37813e-20	0.0140021	0.0024761	0.0140019	0.0024761	1.07626	1.07442	0	
0.993102	0.993102	1.07087e-30	0.993102	1.50812e-28	0.993101	4.48774e-22	3.24673e-11	0.00044452	0.993102	0.993101	0.0678227	0.00243491	1.23195e-30	0.993102	1.05225e-12	2.58201e-21	0.000468848	0.993102	0.00254598	0.000464901	0.993101	1.37813e-20	0.0137605	0.00247635	0.0137603	0.00247635	1.0748	1.07299	0	
0.993102	0.993102	1.11387e-30	0.993102	1.13165e-28	0.993101	4.66738e-22	3.1808e-11	0.000453484	0.993102	0.993101	0.0652608	0.00243464	1.23439e-30	0.993102	1.07348e-12	2.63403e-21	0.000478401	0.993102	0.00254601	0.000474319	0.993101	1.37813e-20	0.0134879	0.00247662	0.0134876	0.00247662	1.07619	1.0744	0	
0.993102	0.993102	1.12914e-30	0.993102	8.49786e-29	0.993101	4.73076e-22	3.15264e-11	0.00045688	0.993102	0.993101	0.0641388	0.00243433	1.2193e-30	0.993102	1.08152e-12	2.65345e-21	0.00048205	0.993102	0.00254579	0.000477876	0.993101	1.37813e-20	0.0133738	0.00247694	0.0133735	0.00247694	1.07901	1.07732	0	
0.993102	0.993102	1.1091e-30	0.993102	6.38555e-29	0.993101	4.64635e-22	3.17628e-11	0.000452994	0.993102	0.993101	0.0650714	0.00243406	1.17656e-30	0.993102	1.07232e-12	2.62921e-21	0.00047775	0.993102	0.00254419	0.000473563	0.993101	1.37813e-20	0.0134761	0.00247722	0.0134758	0.00247722	1.07294	1.07127	0	
0.993102	0.993102	1.16668e-30	0.993102	4.81237e-29	0.993101	4.88722e-22	3.10057e-11	0.000464415	0.993102	0.993101	0.0622952	0.0024339	1.21715e-30	0.993102	1.09937e-12	2.69389e-21	0.000489564	0.993102	0.0025428	0.00048524	0.993101	1.37813e-20	0.0131606	0.00247738	0.0131604	0.00247738	1.07387	1.07229	0	
0.993102	0.993102	1.19751e-30	0.993102	3.63398e-29	0.993101	5.01582e-22	3.05747e-11	0.000470659	0.993102	0.993101	0.0607561	0.00243364	1.23526e-30	0.993102	1.11415e-12	2.72768e-21	0.000495808	0.993102	0.00254062	0.000491376	0.993101	1.37813e-20	0.0129829	0.00247764	0.0129826	0.00247764	1.0755	1.07401	0	
0.993102	0.993102	1.20008e-30	0.993102	2.75016e-29	0.993101	5.02605e-22	3.04966e-11	0.000471381	0.993102	0.993101	0.060557	0.00243337	1.22832e-30	0.993102	1.11586e-12	2.72883e-21	0.000496125	0.993102	0.00253781	0.000491637	0.993101	1.37813e-20	0.0129532	0.00247792	0.012953	0.00247792	1.07413	1.07263	0	
0.993102	0.993102	1.21908e-30	0.993102	2.09056e-29	0.993101	5.10519e-22	3.02329e-11	0.00047522	0.993102	0.993101	0.0596426	0.00243316	1.2402e-30	0.993102	1.12496e-12	2.74898e-21	0.000499873	0.993102	0.00253592	0.000495308	0.993101	1.37813e-20	0.012845	0.00247813	0.0128448	0.00247813	1.07025	1.06877	0	
0.993102	0.993102	1.28726e-30	0.993102	1.60252e-29	0.993101	5.39018e-22	2.94816e-11	0.000487981	0.993102	0.993101	0.0570105	0.00243296	1.30304e-30	0.993102	1.15518e-12	2.82084e-21	0.000513023	0.993102	0.00253423	0.000508294	0.993101	1.37813e-20	0.0125316	0.00247834	0.0125314	0.00247834	1.07086	1.06943	0	
0.993102	0.993102	1.32917e-30	0.993102	1.23642e-29	0.993101	5.56493e-22	2.90043e-11	0.000495914	0.993102	0.993101	0.0553618	0.00243265	1.34096e-30	0.993102	1.17397e-12	2.86458e-21	0.00052111	0.993102	0.00253239	0.000516239	0.993101	1.37813e-20	0.0123343	0.00247866	0.0123341	0.00247866	1.07545	1.07407	0	
0.993102	0.993102	1.2991e-30	0.993102	9.56234e-30	0.993101	5.43842e-22	2.93152e-11	0.000490377	0.993102	0.993101	0.0565714	0.00243232	1.30792e-30	0.993102	1.16085e-12	2.83039e-21	0.000515024	0.993102	0.00253031	0.000510145	0.993101	1.37813e-20	0.0124685	0.00247899	0.0124683	0.00247899	1.07041	1.06889	0	
0.993102	0.993102	1.34472e-30	0.993102	7.53519e-30	0.993101	5.62897e-22	2.88171e-11	0.000498897	0.993102	0.993101	0.0547775	0.00243214	1.35131e-30	0.993102	1.18103e-12	2.87988e-21	0.000524104	0.993102	0.00253052	0.0005191	0.993101	1.37813e-20	0.012261	0.00247917	0.0122608	0.00247917	1.07141	1.06982	0	
0.993102	0.993102	1.36422e-30	0.993102	6.00353e-30	0.993101	5.71001e-22	2.85837e-11	0.000502655	0.993102	0.993101	0.0538853	0.00243191	1.36913e-30	0.993102	1.18993e-12	2.90292e-21	0.000528397	0.993102	0.00253164	0.000523301	0.993101	1.37813e-20	0.0121653	0.00247941	0.0121651	0.00247941	1.06915	1.06745	0	
0.993102	0.993102	1.41272e-30	0.993102	4.89211e-30	0.993101	5.91246e-22	2.80984e-11	0.000511452	0.993102	0.993101	0.0521119	0.00243168	1.41638e-30	0.993102	1.21077e-12	2.95633e-21	0.000538216	0.993102	0.00253373	0.000532974	0.993101	1.37813e-20	0.0119634	0.00247964	0.0119631	0.00247964	1.08526	1.08376	0	
0.993102	0.993102	1.26281e-30	0.993102	3.87056e-30	0.993101	5.28468e-22	3.02869e-11	0.000480764	0.993102	0.993101	0.0606927	0.00243141	1.26554e-30	0.993102	1.13809e-12	2.77813e-21	0.000505877	0.993102	0.00253292	0.000500906	0.993101	1.37813e-20	0.0128842	0.00247992	0.012884	0.00247992	1.08435	1.08277	0	
0.993102	0.993102	1.15829e-30	0.993102	3.11372e-30	0.993101	4.84752e-22	3.17568e-11	0.00045961	0.993102	0.993101	0.0663238	0.00243158	1.16033e-30	0.993102	1.08799e-12	2.65602e-21	0.000483596	0.993102	0.00253318	0.000478871	0.993101	1.37813e-20	0.0134985	0.00247975	0.0134983	0.00247975	1.09221	1.0907	0	
0.993102	0.993102	1.02253e-30	0.993102	2.4886e-30	0.993101	4.27976e-22	3.44045e-11	0.00042926	0.993102	0.993101	0.0774517	0.00243196	1.02405e-30	0.993102	1.01612e-12	2.47999e-21	0.000451445	0.993102	0.00253247	0.00044709	0.993101	1.37813e-20	0.0145992	0.00247935	0.0145989	0.00247935	1.09072	1.08916	0	
0.993102	0.993102	9.30466e-31	0.993102	2.03033e-30	0.993101	3.89522e-22	3.60747e-11	0.000409117	0.993102	0.993101	0.0842645	0.00243262	9.31595e-31	0.993102	9.68423e-13	2.36366e-21	0.000430073	0.993102	0.00253265	0.000426026	0.993101	1.37813e-20	0.0152884	0.00247868	0.0152881	0.00247868	1.09341	1.0919	0	
0.993102	0.993102	8.44741e-31	0.993102	1.67018e-30	0.993101	3.53718e-22	3.78944e-11	0.000389451	0.993102	0.993101	0.0920263	0.00243336	8.4558e-31	0.993102	9.21852e-13	2.24962e-21	0.000409108	0.993102	0.0025322	0.000405369	0.993101	1.37813e-20	0.0160368	0.00247793	0.0160365	0.00247793	1.09323	1.09173	0	
0.993102	0.993102	7.81637e-31	0.993102	1.40163e-30	0.993101	3.27389e-22	3.9218e-11	0.000375027	0.993102	0.993101	0.0976421	0.00243416	7.82259e-31	0.993102	8.87695e-13	2.1659e-21	0.000393646	0.993102	0.00253178	0.000390169	0.993101	1.37813e-20	0.0165776	0.00247712	0.0165773	0.00247712	1.09553	1.09407	0	
0.993102	0.993102	7.2128e-31	0.993102	1.18726e-30	0.993101	3.02194e-22	4.07196e-11	0.000360477	0.993102	0.993101	0.104302	0.00243493	7.2174e-31	0.993102	8.53243e-13	2.08118e-21	0.000378024	0.993102	0.00253091	0.000374799	0.993101	1.37813e-20	0.0171908	0.00247634	0.0171904	0.00247634	1.10202	1.1007	0	
0.993102	0.993102	6.44933e-31	0.993102	9.95138e-31	0.993101	2.70273e-22	4.34193e-11	0.000339874	0.993102	0.993101	0.11726	0.00243568	6.45273e-31	0.993102	8.0446e-13	1.96062e-21	0.000355934	0.993102	0.00252852	0.000352996	0.993101	1.37813e-20	0.0182953	0.00247557	0.018295	0.00247557	1.10044	1.09911	0	
0.993102	0.993102	5.94692e-31	0.993102	8.58272e-31	0.993101	2.49297e-22	4.50353e-11	0.000326715	0.993102	0.993101	0.124879	0.0024365	5.94942e-31	0.993102	7.73303e-13	1.8834e-21	0.000341696	0.993102	0.00252673	0.000338987	0.993101	1.37813e-20	0.0189517	0.00247474	0.0189514	0.00247474	1.10165	1.10038	0	
0.993102	0.993102	5.51795e-31	0.993102	7.50428e-31	0.993101	2.31388e-22	4.65522e-11	0.000315136	0.993102	0.993101	0.132194	0.00243727	5.51978e-31	0.993102	7.45887e-13	1.8152e-21	0.000329117	0.993102	0.00252469	0.000326612	0.993101	1.37813e-20	0.0195663	0.00247396	0.019566	0.00247396	1.09414	1.09283	0	
0.993102	0.993102	5.57131e-31	0.993102	7.07591e-31	0.993101	2.33718e-22	4.58943e-11	0.000317924	0.993102	0.993101	0.12876	0.00243799	5.57263e-31	0.993102	7.52485e-13	1.83035e-21	0.000331634	0.993102	0.00252365	0.000329223	0.993101	1.37813e-20	0.0192869	0.00247323	0.0192865	0.00247323	1.09679	1.09556	0	
0.993102	0.993102	5.46615e-31	0.993102	6.60858e-31	0.993101	2.29366e-22	4.60041e-11	0.000315771	0.993102	0.993101	0.129191	0.0024385	5.46708e-31	0.993102	7.47387e-13	1.81654e-21	0.000328981	0.993102	0.0025218	0.000326665	0.993101	1.37813e-20	0.0193263	0.00247271	0.0193259	0.00247271	1.09519	1.09397	0	
0.993102	0.993102	5.47297e-31	0.993102	6.34539e-31	0.993101	2.29702e-22	4.57199e-11	0.000316686	0.993102	0.993101	0.127735	0.0024389	5.47362e-31	0.993102	7.49551e-13	1.82069e-21	0.000329608	0.993102	0.0025204	0.00032735	0.993101	1.37813e-20	0.0192045	0.0024723	0.0192041	0.0024723	1.09489	1.09371	0	
0.993102	0.993102	5.49471e-31	0.993102	6.16536e-31	0.993101	2.30652e-22	4.54399e-11	0.000317852	0.993102	0.993101	0.126366	0.00243919	5.49515e-31	0.993102	7.52312e-13	1.82618e-21	0.000330512	0.993102	0.00251883	0.000328293	0.993101	1.37813e-20	0.0190858	0.00247201	0.0190855	0.00247201	1.09375	1.09257	0	
0.993102	0.993102	5.57621e-31	0.993102	6.09677e-31	0.993101	2.34101e-22	4.49776e-11	0.000320588	0.993102	0.993101	0.124136	0.00243939	5.57648e-31	0.993102	7.58788e-13	1.84096e-21	0.00033312	0.993102	0.00251763	0.000330916	0.993101	1.37813e-20	0.018893	0.0024718	0.0188926	0.0024718	1.09442	1.09328	0	
0.993102	0.993102	5.59881e-31	0.993102	6.00673e-31	0.993101	2.35066e-22	4.47783e-11	0.000321544	0.993102	0.993101	0.123221	0.00243951	5.59896e-31	0.993102	7.61051e-13	1.84532e-21	0.000333869	0.993102	0.00251614	0.00033168	0.993101	1.37813e-20	0.0188097	0.00247168	0.0188093	0.00247168	1.09293	1.09178	0	
0.993102	0.993102	5.70344e-31	0.993102	6.02827e-31	0.993101	2.39471e-22	4.43021e-11	0.000324732	0.993102	0.993101	0.12097	0.00243959	5.70349e-31	0.993102	7.68599e-13	1.86286e-21	0.000337016	0.993102	0.00251517	0.000334819	0.993101	1.37813e-20	0.0186126	0.0024716	0.0186123	0.0024716	1.09162	1.0905	0	
0.993102	0.993102	5.86281e-31	0.993102	6.12673e-31	0.993101	2.46167e-22	4.36679e-11	0.00032934	0.993102	0.993101	0.118012	0.00243961	5.86279e-31	0.993102	7.79509e-13	1.88847e-21	0.000341639	0.993102	0.00251412	0.000339416	0.993101	1.37813e-20	0.018351	0.00247158	0.0183506	0.00247158	1.09088	1.08978	0	
0.993102	0.993102	6.02987e-31	0.993102	6.24914e-31	0.993101	2.53179e-22	4.30391e-11	0.000334072	0.993102	0.993101	0.115105	0.00243957	6.02979e-31	0.993102	7.90713e-13	1.91482e-21	0.000346416	0.993102	0.00251312	0.000344156	0.993101	1.37813e-20	0.0180922	0.00247163	0.0180919	0.00247163	1.09035	1.08923	0	
0.993102	0.993102	6.19038e-31	0.993102	6.37703e-31	0.993101	2.59909e-22	4.24584e-11	0.000338554	0.993102	0.993101	0.112413	0.00243948	6.19026e-31	0.993102	8.01326e-13	1.94008e-21	0.000351008	0.993102	0.00251256	0.000348706	0.993101	1.37813e-20	0.0178539	0.00247172	0.0178536	0.00247172	1.08867	1.08756	0	
0.993102	0.993102	6.42725e-31	0.993102	6.59139e-31	0.993101	2.69841e-22	4.16849e-11	0.000344937	0.993102	0.993101	0.108873	0.00243935	6.42709e-31	0.993102	8.16437e-13	1.97621e-21	0.000357579	0.993102	0.00251199	0.000355216	0.993101	1.37813e-20	0.0175359	0.00247184	0.0175356	0.00247184	1.08993	1.08885	0	
0.993102	0.993102	6.51619e-31	0.993102	6.66272e-31	0.993101	2.73557e-22	4.13592e-11	0.000347432	0.993102	0.993101	0.107399	0.00243918	6.51601e-31	0.993102	8.22345e-13	1.98995e-21	0.000360114	0.993102	0.00251128	0.00035771	0.993101	1.37813e-20	0.0174039	0.00247201	0.0174036	0.00247201	1.08465	1.08351	0	
0.993102	0.993102	6.98399e-31	0.993102	7.12314e-31	0.993101	2.93174e-22	4.00969e-11	0.00035924	0.993102	0.993101	0.101744	0.00243903	6.98377e-31	0.993102	8.50306e-13	2.05775e-21	0.000372429	0.993102	0.00251142	0.000369917	0.993101	1.37813e-20	0.0168831	0.00247217	0.0168828	0.00247217	1.08487	1.08374	0	
0.993102	0.993102	7.31516e-31	0.993102	7.44952e-31	0.993101	3.07041e-22	3.91936e-11	0.000367631	0.993102	0.993101	0.097701	0.00243876	7.31492e-31	0.993102	8.70175e-13	2.10588e-21	0.000381222	0.993102	0.00251146	0.000378609	0.993101	1.37813e-20	0.0165124	0.00247244	0.0165121	0.00247244	1.08531	1.08413	0	
0.993102	0.993102	7.52685e-31	0.993102	7.6578e-31	0.993101	3.15887e-22	3.85982e-11	0.000373053	0.993102	0.993101	0.0949865	0.00243847	7.52659e-31	0.993102	8.83011e-13	2.13758e-21	0.000387054	0.993102	0.00251217	0.000384353	0.993101	1.37813e-20	0.0162697	0.00247274	0.0162694	0.00247274	1.08344	1.0822	0	
0.993102	0.993102	7.84453e-31	0.993102	7.97578e-31	0.993101	3.29178e-22	3.78126e-11	0.000380837	0.993102	0.993101	0.0914685	0.00243818	7.84425e-31	0.993102	9.01443e-13	2.18338e-21	0.00039544	0.993102	0.00251345	0.000392633	0.993101	1.37813e-20	0.0159475	0.00247304	0.0159472	0.00247304	1.09344	1.09201	0	
0.993102	0.993102	7.35307e-31	0.993102	7.47404e-31	0.993101	3.08526e-22	3.92014e-11	0.00036824	0.993102	0.993101	0.0975077	0.00243786	7.3528e-31	0.993102	8.71616e-13	2.11359e-21	0.000382891	0.993102	0.00251672	0.00038013	0.993101	1.37813e-20	0.0165276	0.00247335	0.0165273	0.00247335	1.09325	1.09174	0	
0.993102	0.993102	6.99631e-31	0.993102	7.109e-31	0.993101	2.93549e-22	4.02003e-11	0.000359121	0.993102	0.993101	0.101731	0.00243778	6.99605e-31	0.993102	8.50025e-13	2.06403e-21	0.000373938	0.993102	0.00252034	0.000371232	0.993101	1.37813e-20	0.0169428	0.00247343	0.0169425	0.00247343	1.09455	1.09303	0	
0.993102	0.993102	6.65399e-31	0.993102	6.75884e-31	0.993101	2.79191e-22	4.12327e-11	0.000350164	0.993102	0.993101	0.106222	0.00243784	6.65374e-31	0.993102	8.28816e-13	2.01466e-21	0.000364982	0.993102	0.00252309	0.000362347	0.993101	1.37813e-20	0.0173695	0.00247338	0.0173692	0.00247338	1.09452	1.09295	0	
0.993102	0.993102	6.3995e-31	0.993102	6.498e-31	0.993101	2.68528e-22	4.19987e-11	0.000343509	0.993102	0.993101	0.109492	0.00243798	6.39927e-31	0.993102	8.13059e-13	1.97843e-21	0.00035838	0.993102	0.00252575	0.000355814	0.993101	1.37813e-20	0.0176845	0.00247323	0.0176841	0.00247323	1.09283	1.09106	0	
0.993102	0.993102	6.30835e-31	0.993102	6.40308e-31	0.993101	2.64724e-22	4.22017e-11	0.000341328	0.993102	0.993101	0.109997	0.00243818	6.30811e-31	0.993102	8.07894e-13	1.96943e-21	0.000356693	0.993102	0.00253026	0.000354167	0.993101	1.37813e-20	0.0177661	0.00247303	0.0177658	0.00247303	1.09135	1.08971	0	
