0.25	0.000618156	0.000618156	1.27727e-12	1.27727e-12	0.998263	0.748882	0.748264	0.998263	0.25	0.000618156	0.25	0.000618156	0.25	0.000618156	1.27727e-12	1.27727e-12	0.25	1.27727e-12	0.000618156	0.25	1.27727e-12	2.63265e-21	0.25	1.27727e-12	0.25	0.25	0	0	0	
0.25	0.000618156	0.000618156	1.27727e-12	1.27727e-12	0.998263	0.748882	0.748264	0.998263	0.25	0.000618156	0.25	0.000618156	0.25	0.000618156	1.27727e-12	1.27727e-12	0.25	1.27727e-12	0.000618156	0.25	1.27727e-12	2.63265e-21	0.25	1.27727e-12	0.25	0.25	0	0	0	
0.437066	0.0010807	0.000466719	2.27815e-12	2.87709e-08	0.996964	0.560365	0.559898	0.996964	0.437066	0.0010807	0.437034	0.0010807	0.437066	0.0010807	1.94807e-10	2.27815e-12	0.437066	2.27815e-12	0.00108837	0.437066	2.27815e-12	4.79195e-21	0.437066	2.84174e-08	0.437066	0.437066	0.00473629	0	0	
0.57704	0.00148806	0.000349311	3.19674e-12	4.3558e-05	0.995992	0.419301	0.418952	0.995992	0.57704	0.0014268	0.575655	0.0014268	0.57704	0.0014268	7.79758e-09	3.06189e-12	0.57704	3.06189e-12	0.00150015	0.57704	3.06189e-12	6.55825e-21	0.57704	5.21481e-05	0.57704	0.57704	0.0128695	0	0	
0.681778	0.00191319	0.00026138	4.18213e-12	0.00843906	0.995264	0.313748	0.313486	0.995264	0.681778	0.00168524	0.659664	0.00168524	0.681778	0.00168578	1.15076e-07	3.6762e-12	0.681778	3.67499e-12	0.00192713	0.681778	3.67499e-12	8.00049e-21	0.681778	0.0136809	0.681778	0.681778	0.0231746	0	0	
0.76015	0.00259233	0.000195581	5.36144e-12	0.177259	0.99472	0.234766	0.23457	0.994719	0.76015	0.00178336	0.625232	0.00178336	0.760149	0.00187956	8.20119e-07	4.41311e-12	0.76015	4.15403e-12	0.00242832	0.76015	4.15403e-12	9.75323e-21	0.760149	0.208989	0.76015	0.76015	0.0355444	0	0	
0.818792	0.039143	0.000146347	6.90171e-12	0.382627	0.994312	0.175667	0.17552	0.994296	0.818792	0.00135231	0.46978	0.00135231	0.818791	0.00202457	3.39519e-06	5.24831e-11	0.818792	4.52787e-12	0.00307715	0.818792	4.52787e-12	1.19959e-19	0.818656	0.403642	0.818792	0.818792	0.0494826	0	0	
0.862673	0.262671	0.000109506	9.01704e-12	0.536306	0.994007	0.131475	0.131336	0.992683	0.862673	0.00101218	0.351529	0.00101218	0.86267	0.00213306	9.40388e-06	3.05325e-09	0.862673	4.81966e-12	0.00396344	0.862673	4.81966e-12	7.05048e-18	0.711288	0.551768	0.862673	0.862673	0.0638701	0.000721569	0	
0.895506	0.44594	8.19392e-05	1.21936e-11	0.651298	0.993779	0.101637	0.0982736	0.959594	0.895506	0.00075739	0.263037	0.00075739	0.895501	0.00222321	1.94935e-05	6.69033e-08	0.895506	5.10644e-12	0.00514382	0.895506	5.08494e-12	1.57606e-16	0.532669	0.662822	0.895506	0.895506	0.0788324	0.0056139	0	
0.920075	0.58364	6.13121e-05	3.65967e-11	0.737342	0.993609	0.18486	0.0735345	0.799492	0.920075	0.00056673	0.196821	0.00056673	0.920065	0.00235495	3.1359e-05	6.37085e-07	0.920075	7.02727e-12	0.00668297	0.920075	6.67066e-12	1.651e-15	0.398579	0.745938	0.920075	0.920075	0.0941324	0.0138393	0	
0.938459	0.686712	4.58776e-05	2.24962e-08	0.801727	0.993481	0.388177	0.0550232	0.613149	0.938459	0.000424075	0.147274	0.000424075	0.938441	0.00257676	2.5803e-05	3.26966e-06	0.938458	9.81729e-11	0.0306746	0.938459	7.54408e-11	9.86318e-15	0.298242	0.7908	0.938458	0.938458	0.1095	0.0244962	0	
0.952214	0.763841	3.43285e-05	5.26141e-05	0.849903	0.993385	0.540459	0.0411719	0.461967	0.952214	0.000317456	0.1102	0.000317456	0.952182	0.00293547	1.93369e-05	1.06469e-05	0.952214	4.85095e-09	0.251446	0.952214	2.98349e-09	3.88107e-14	0.223164	0.591751	0.952214	0.952214	0.125017	0.0368922	0	
0.962507	0.821554	2.56868e-05	0.0270814	0.88594	0.993314	0.654405	0.0308074	0.346567	0.962507	0.000238602	0.0824584	0.000238601	0.962448	0.00348585	1.44701e-05	2.47713e-05	0.962507	1.2966e-07	0.437353	0.962507	6.24931e-08	1.11733e-13	0.166985	0.442785	0.962507	0.962507	0.140332	0.0504292	0	
0.970209	0.864739	1.92205e-05	0.261806	0.908906	0.99326	0.739668	0.0230521	0.259643	0.970207	0.00018372	0.0617006	0.000181552	0.969973	0.00429587	1.08275e-05	4.4927e-05	0.970209	2.94921e-06	0.577192	0.970209	1.08706e-06	2.54104e-13	0.124949	0.33132	0.97019	0.970209	0.155765	0.0648132	0	
0.975972	0.89705	1.4382e-05	0.445898	0.768217	0.99322	0.803466	0.017249	0.19443	0.975909	0.000156075	0.0461683	0.000135947	0.739626	0.00545944	8.10186e-06	6.49838e-05	0.975972	0.00234549	0.681882	0.975972	0.000646219	4.60615e-13	0.0934947	0.247915	0.940613	0.975971	0.170855	0.0797038	0	
0.980283	0.920168	1.07615e-05	0.583649	0.574835	0.99319	0.851205	0.0129068	0.147302	0.979475	0.00125376	0.0345461	0.000101877	0.55344	0.00709952	6.06233e-06	5.0023e-05	0.980284	0.164505	0.760225	0.980284	0.0691715	3.6091e-13	0.0699587	0.185506	0.70803	0.980284	0.18674	0.0952867	0	
0.983502	0.780822	8.05246e-06	0.686723	0.430128	0.993168	0.886925	0.0096577	0.160969	0.978569	0.090733	0.0258496	7.74252e-05	0.414119	0.00941099	4.53622e-06	3.74518e-05	0.983511	0.370684	0.818848	0.983511	0.286408	2.70396e-13	0.0523475	0.138807	0.529855	0.98351	0.201642	0.110696	0	
0.985903	0.586136	6.02536e-06	0.76385	0.321849	0.993151	0.913654	0.0072265	0.313813	0.976558	0.289162	0.0193423	6.00224e-05	0.30987	0.0125872	3.39429e-06	2.80247e-05	0.985926	0.527071	0.862713	0.985925	0.461603	2.02346e-13	0.0391698	0.103864	0.396491	0.985925	0.218818	0.124599	0	
0.987714	0.438671	4.50856e-06	0.821561	0.240828	0.993139	0.933644	0.00540733	0.473507	0.980359	0.406237	0.0144731	4.50956e-05	0.231865	0.0166897	2.53982e-06	2.097e-05	0.987732	0.643363	0.895537	0.987732	0.583552	1.51411e-13	0.0354625	0.0777179	0.299446	0.987732	0.233344	0.133143	0	
0.98907	0.32825	3.37359e-06	0.864744	0.180203	0.993129	0.941299	0.00404611	0.601213	0.983549	0.402867	0.0109544	3.37554e-05	0.173496	0.021068	1.90046e-06	1.56911e-05	0.989084	0.724909	0.920097	0.989084	0.617486	1.13295e-13	0.276221	0.0581535	0.410108	0.989084	0.247615	0.138819	0	
0.990085	0.245619	2.52433e-06	0.897055	0.134839	0.993122	0.737015	0.00302755	0.698632	0.985953	0.337969	0.0803584	2.52592e-05	0.129821	0.025336	1.42204e-06	1.17411e-05	0.990096	0.763834	0.938475	0.990095	0.543375	8.47749e-14	0.456686	0.0435141	0.555971	0.990095	0.261431	0.142282	0	
0.990845	0.183788	1.88887e-06	0.921205	0.100895	0.993117	0.55149	0.00226541	0.772103	0.987752	0.267127	0.182328	1.89008e-05	0.0971401	0.0291879	1.06406e-06	8.7854e-06	0.990852	0.744795	0.952223	0.990852	0.435571	6.34341e-14	0.591721	0.03256	0.665987	0.990852	0.27519	0.144244	0	
0.991413	0.137522	1.41337e-06	0.939054	0.0754968	0.993113	0.41266	0.00169512	0.827296	0.989099	0.206546	0.257748	1.41428e-05	0.0726864	0.0324622	7.96242e-07	6.5738e-06	0.991419	0.673998	0.962389	0.991419	0.337577	4.74654e-14	0.692763	0.0243643	0.748332	0.991419	0.288561	0.144889	0	
0.991836	0.102903	1.05757e-06	0.951446	0.0565088	0.99311	0.308778	0.0012684	0.86869	0.990107	0.158268	0.312002	1.05826e-05	0.0543886	0.0350442	5.96301e-07	4.91893e-06	0.991843	0.578295	0.968595	0.991843	0.258258	3.55167e-14	0.76837	0.0188739	0.809949	0.991842	0.301766	0.144681	0	
0.992149	0.0769986	7.91344e-07	0.958161	0.0424843	0.993108	0.231048	0.000949097	0.8997	0.990861	0.120813	0.349463	7.91859e-06	0.040697	0.0369334	4.49274e-07	3.68066e-06	0.99216	0.480169	0.965802	0.99216	0.196447	2.65758e-14	0.824943	0.0824776	0.856056	0.99216	0.314704	0.143859	0	
0.992378	0.0576153	5.92134e-07	0.95833	0.0329103	0.993106	0.172884	0.000710174	0.922911	0.991425	0.0921042	0.373372	5.9252e-06	0.0304521	0.0381799	3.47443e-07	2.7541e-06	0.992397	0.390333	0.943365	0.992397	0.148973	1.98857e-14	0.867275	0.296723	0.890555	0.992397	0.327435	0.142576	0	
0.992548	0.0431115	4.43072e-07	0.950755	0.0283244	0.993105	0.129363	0.000531398	0.940259	0.991847	0.0702177	0.385447	4.43362e-06	0.0227862	0.0388563	2.87934e-07	2.0608e-06	0.992574	0.312114	0.895337	0.992574	0.112723	1.48798e-14	0.89895	0.471052	0.91637	0.992574	0.340454	0.141182	0	
0.992676	0.0322589	3.31535e-07	0.933549	0.0297933	0.993104	0.0967977	0.000397625	0.953182	0.992163	0.0535492	0.386008	3.31752e-06	0.0170501	0.0390911	2.66901e-07	1.54202e-06	0.992707	0.245784	0.82918	0.992707	0.085109	1.1134e-14	0.922652	0.60235	0.935686	0.992707	0.352774	0.139408	0	
0.992776	0.0241383	2.48075e-07	0.901473	0.0396111	0.993103	0.0724302	0.000297529	0.96273	0.9924	0.0408255	0.372873	2.48239e-06	0.0127579	0.038931	2.76847e-07	1.15384e-06	0.992807	0.190532	0.757614	0.992807	0.0641017	8.33117e-15	0.940387	0.700691	0.95014	0.992807	0.364395	0.137148	0	
0.992855	0.0180623	1.85626e-07	0.839928	0.0651396	0.993103	0.0541969	0.00022263	0.969608	0.992576	0.0310623	0.342733	1.85749e-06	0.00954631	0.0383993	3.06685e-07	8.63374e-07	0.992881	0.145364	0.69112	0.992881	0.0481468	6.23392e-15	0.953657	0.774294	0.960955	0.992881	0.376221	0.13503	0	
0.992916	0.0135185	1.38897e-07	0.717115	0.136791	0.993102	0.0405536	0.000166586	0.973906	0.992709	0.0235119	0.293232	1.3899e-06	0.00714315	0.0376307	3.4262e-07	6.46032e-07	0.992937	0.109458	0.636101	0.992937	0.0360728	4.66463e-15	0.963587	0.829372	0.969048	0.992936	0.387826	0.132839	0	
0.992963	0.0103032	1.03932e-07	0.5485	0.328267	0.993102	0.0303447	0.00012465	0.970424	0.992808	0.0176521	0.227654	1.04005e-06	0.00534496	0.0366871	3.74216e-07	4.83404e-07	0.992978	0.0819554	0.595193	0.992978	0.0269956	3.49043e-15	0.971017	0.870587	0.975103	0.992978	0.399756	0.130906	0	
0.992998	0.145698	7.77682e-08	0.411047	0.495611	0.993102	0.0227059	9.32711e-05	0.809175	0.992882	0.0132098	0.170466	7.78254e-07	0.00399944	0.0356683	3.93872e-07	3.61789e-07	0.99301	0.0613261	0.569199	0.99301	0.0202	2.61422e-15	0.976522	0.901428	0.979634	0.993009	0.410397	0.128929	0	
0.993024	0.358637	5.81911e-08	0.335433	0.620828	0.993102	0.01699	6.97914e-05	0.608964	0.992937	0.00988563	0.127554	5.82666e-07	0.00299264	0.0345975	4.01942e-07	2.72958e-07	0.993033	0.0458909	0.556009	0.993033	0.0151151	2.02612e-15	0.733042	0.924482	0.983025	0.993027	0.421668	0.129853	0	
0.993044	0.518349	4.35423e-08	0.498614	0.713996	0.993102	0.0127259	5.22223e-05	0.455896	0.992979	0.0074025	0.0954438	4.42637e-07	0.0022393	0.0339389	3.96707e-07	2.31207e-07	0.99305	0.0343735	0.551933	0.99305	0.0113127	2.37246e-15	0.548508	0.940738	0.985561	0.992677	0.431791	0.134704	0	
0.993053	0.637846	3.25811e-08	0.623094	0.776233	0.993102	0.0163338	3.90761e-05	0.34116	0.99301	0.00555708	0.0714171	3.32052e-07	0.00167559	0.0342374	3.82181e-07	3.30716e-07	0.993063	0.0455515	0.550153	0.993063	0.00991263	7.29496e-15	0.410429	0.936778	0.987455	0.984492	0.4426	0.141772	0	
0.992648	0.727237	2.43793e-08	0.716239	0.753439	0.993101	0.187301	2.92392e-05	0.255284	0.993033	0.00420974	0.0534388	2.48662e-07	0.00125378	0.0357489	3.49934e-07	7.22867e-07	0.993073	0.264662	0.557857	0.993073	0.110078	2.46235e-14	0.307109	0.836546	0.984535	0.926531	0.453135	0.151051	0	
0.99244	0.793894	1.82421e-08	0.785935	0.563926	0.993101	0.387789	2.18786e-05	0.191028	0.993051	0.00360258	0.0399863	1.86337e-07	0.000938158	0.0388457	2.63539e-07	7.91209e-07	0.99308	0.44755	0.661884	0.99308	0.322754	3.05734e-14	0.229798	0.626014	0.801435	0.929641	0.463931	0.161617	0	
0.992552	0.81605	1.36499e-08	0.838087	0.421965	0.993101	0.508619	1.6371e-05	0.143248	0.993064	0.0589325	0.0299203	1.50247e-07	0.000701989	0.0438411	1.97222e-07	5.9661e-07	0.993086	0.584858	0.745162	0.993086	0.490821	2.31514e-14	0.17195	0.468424	0.601727	0.944674	0.472927	0.173394	0	
0.992665	0.660233	1.02137e-08	0.87711	0.315741	0.993101	0.461823	1.22498e-05	0.111529	0.993073	0.27612	0.0223883	2.81947e-07	0.000525273	0.0512139	1.47576e-07	4.46633e-07	0.99309	0.687625	0.807568	0.993089	0.61717	1.73394e-14	0.128664	0.350504	0.450379	0.956646	0.483052	0.184711	0	
0.992597	0.499126	7.64256e-09	0.906309	0.236258	0.993101	0.34641	9.16609e-06	0.110393	0.99308	0.455389	0.0167523	1.43683e-06	0.000393043	0.0609829	1.10429e-07	3.34219e-07	0.993093	0.764524	0.854248	0.993092	0.711784	1.29764e-14	0.0962745	0.26227	0.337022	0.964772	0.524578	0.221341	0	
0.992102	0.376272	5.71865e-09	0.928158	0.176783	0.993101	0.259207	6.85865e-06	0.133879	0.993086	0.590507	0.0125352	4.50333e-06	0.0002941	0.0885724	8.2647e-08	2.50086e-07	0.993095	0.822066	0.888973	0.993092	0.782589	9.71013e-15	0.072039	0.196247	0.252206	0.961492	0.580549	0.250295	0	
0.991986	0.284551	4.27906e-09	0.944507	0.13228	0.993101	0.193955	5.13208e-06	0.154368	0.99309	0.691736	0.0093796	7.9183e-06	0.000220064	0.133801	6.18733e-08	1.87131e-07	0.993097	0.865122	0.914424	0.993092	0.83557	7.26585e-15	0.0539094	0.146845	0.188842	0.935824	0.62369	0.263658	0	
0.992045	0.215672	3.20186e-09	0.95674	0.0989805	0.993101	0.145129	3.84015e-06	0.170864	0.993093	0.767527	0.00701842	1.12272e-05	0.000164666	0.181591	4.63465e-08	1.40023e-07	0.993098	0.897339	0.932684	0.993093	0.875213	5.43682e-15	0.0403833	0.109884	0.141789	0.881346	0.6632	0.273046	0	
0.992199	0.164323	2.39584e-09	0.965894	0.0740635	0.993101	0.108595	2.87344e-06	0.17804	0.993095	0.82426	0.00525162	1.42105e-05	0.000123213	0.227979	3.47384e-08	1.04774e-07	0.993099	0.921446	0.945653	0.993093	0.904875	4.0682e-15	0.0304899	0.0822793	0.10771	0.804303	0.698725	0.280824	0	
0.992368	0.126488	1.79272e-09	0.972743	0.055419	0.993101	0.0812578	2.15009e-06	0.175435	0.993097	0.866727	0.0039296	1.75314e-05	9.21961e-05	0.271907	2.60537e-08	7.83988e-08	0.9931	0.939484	0.954931	0.993094	0.927071	3.0441e-15	0.0237762	0.0618495	0.0842102	0.710223	0.672226	0.245921	0	
0.992202	0.0952745	1.34143e-09	0.977868	0.0414681	0.993101	0.0608022	1.60884e-06	0.214732	0.993098	0.898516	0.00294038	2.23186e-05	6.8987e-05	0.26676	1.96719e-08	5.8663e-08	0.9931	0.952982	0.960664	0.993095	0.943681	2.2778e-15	0.0184141	0.0470796	0.0646963	0.605448	0.442542	0.116499	0	
0.764296	0.0712908	1.00374e-09	0.981703	0.031029	0.993101	0.0454961	1.20383e-06	0.406916	0.993099	0.922287	0.00220018	2.17023e-05	5.16205e-05	0.205817	4.10334e-08	4.38957e-08	0.993101	0.963079	0.931403	0.993097	0.956098	1.7044e-15	0.013814	0.0391561	0.0484845	0.548049	0.441289	0.104143	0	
0.757844	0.0533445	7.51062e-10	0.984573	0.0232179	0.993101	0.0340431	9.00784e-07	0.551495	0.9931	0.938603	0.00164631	1.63613e-05	3.86257e-05	0.158883	6.73484e-08	3.28459e-08	0.993101	0.970509	0.906753	0.993098	0.964392	1.27535e-15	0.0731999	0.174037	0.128811	0.648761	0.454776	0.0974882	0	
0.813411	0.0399159	5.61992e-10	0.98672	0.0173731	0.993101	0.0254732	6.74024e-07	0.659324	0.993101	0.930907	0.00123188	1.225e-05	2.89022e-05	0.123166	8.55782e-08	2.45777e-08	0.993101	0.973737	0.893829	0.993099	0.955299	9.54303e-16	0.303173	0.374004	0.34533	0.73462	0.466046	0.0919986	0	
0.858307	0.0298678	4.20518e-10	0.988327	0.0129997	0.993101	0.0190607	5.04348e-07	0.739631	0.993101	0.841887	0.000921814	9.1672e-06	2.16265e-05	0.0960028	9.7369e-08	1.83909e-08	0.993102	0.957587	0.888766	0.9931	0.873229	7.14075e-16	0.476837	0.52933	0.508386	0.799576	0.474962	0.0838897	0	
0.892184	0.0223491	3.14658e-10	0.989528	0.00972724	0.993101	0.0142624	3.77385e-07	0.799375	0.993101	0.688242	0.000690552	6.85968e-06	1.61823e-05	0.0751096	1.04564e-07	1.37616e-08	0.993102	0.880876	0.890153	0.9931	0.719366	5.34321e-16	0.6068	0.645997	0.630406	0.848267	0.477488	0.0765901	0	
0.917572	0.0167232	2.35447e-10	0.990425	0.00727918	0.993101	0.010672	2.82383e-07	0.844138	0.993102	0.537356	0.000522977	5.13291e-06	1.21086e-05	0.0590362	1.11422e-07	1.02977e-08	0.993102	0.744025	0.893355	0.993101	0.563282	3.99817e-16	0.704046	0.733356	0.72171	0.884719	0.567847	0.0833417	0	
0.936585	0.0125141	1.76177e-10	0.991096	0.00544684	0.993101	0.00798549	2.11297e-07	0.860059	0.993102	0.412197	0.000439363	3.84079e-06	9.06044e-06	0.0474136	8.9224e-08	7.70572e-09	0.993102	0.605887	0.913522	0.993101	0.432529	2.99173e-16	0.776812	0.798736	0.790029	0.911999	0.635416	0.0887684	0	
0.950813	0.0093672	1.31827e-10	0.991599	0.00407569	0.993101	0.00597525	1.58106e-07	0.828493	0.993102	0.316139	0.000439655	2.87395e-06	6.7796e-06	0.0390828	6.83614e-08	5.76619e-09	0.993102	0.495222	0.932029	0.993101	0.331883	2.23864e-16	0.83126	0.847661	0.84115	0.932413	0.644185	0.0832806	0	
0.961458	0.00701255	9.86411e-11	0.991977	0.00304969	0.993101	0.00447106	1.18305e-07	0.797505	0.993102	0.251031	0.000353857	2.15051e-06	5.07293e-06	0.0324793	5.25485e-08	4.31493e-09	0.993102	0.4343	0.946207	0.993102	0.26353	1.67513e-16	0.872002	0.884265	0.879402	0.947685	0.62875	0.0726666	0	
0.969424	0.0052492	7.38095e-11	0.99226	0.00228197	0.993101	0.00334553	8.85233e-08	0.790024	0.993102	0.213942	0.000269445	1.60922e-06	3.79589e-06	0.0269259	4.12794e-08	3.22907e-09	0.993102	0.410312	0.956656	0.993102	0.224208	1.25347e-16	0.902487	0.911649	0.908024	0.959107	0.648221	0.0702577	0	
0.975385	0.0039305	5.5229e-11	0.992472	0.00170752	0.993101	0.00250334	6.62388e-08	0.766391	0.993102	0.190305	0.000204735	1.2042e-06	2.84032e-06	0.0226484	3.22454e-08	2.41657e-09	0.993102	0.39848	0.964933	0.993102	0.198762	9.37966e-17	0.925298	0.932138	0.929442	0.967652	0.660748	0.0680851	0	
0.979845	0.00294434	4.13258e-11	0.992631	0.00127767	0.993101	0.00187316	4.95641e-08	0.735614	0.993102	0.188007	0.000154301	9.01193e-07	2.12531e-06	0.0193423	2.52026e-08	1.80862e-09	0.993102	0.415883	0.971344	0.993102	0.195144	7.01882e-17	0.942367	0.94746	0.945467	0.974038	0.682386	0.067794	0	
0.983182	0.00220813	3.09226e-11	0.992749	0.000956037	0.993101	0.00140162	3.7087e-08	0.687196	0.993102	0.21419	0.000115776	6.74579e-07	1.59029e-06	0.0168547	1.95642e-08	1.35371e-09	0.993102	0.466582	0.976376	0.993102	0.220371	5.25228e-17	0.955139	0.958906	0.957459	0.978797	0.714272	0.0717769	0	
0.985679	0.00166238	2.31383e-11	0.992838	0.000715367	0.993101	0.00104878	2.77508e-08	0.611987	0.993102	0.291452	8.66843e-05	5.0542e-07	1.18996e-06	0.0151888	1.50158e-08	1.01329e-09	0.993102	0.555232	0.980329	0.993102	0.29683	3.93044e-17	0.964696	0.9674	0.966431	0.982293	0.713889	0.0687896	0	
0.987548	0.00125329	1.73135e-11	0.992905	0.000535283	0.993101	0.000784763	2.07649e-08	0.556456	0.993102	0.426365	6.48651e-05	3.81157e-07	8.90402e-07	0.0137943	1.1618e-08	7.58584e-10	0.993102	0.653522	0.983299	0.993102	0.430703	2.94136e-17	0.971846	0.973363	0.973145	0.984537	0.780781	0.0809163	0	
0.988946	0.000983197	1.29551e-11	0.992954	0.000400533	0.993101	0.000587209	1.55377e-08	0.452939	0.993102	0.553615	4.85366e-05	2.9424e-07	6.66256e-07	0.0134092	8.79413e-09	5.67914e-10	0.993102	0.735813	0.985684	0.993102	0.556958	2.20126e-17	0.977195	0.976813	0.978167	0.985245	0.79627	0.0835256	0	
0.989992	0.000800651	9.69381e-12	0.992992	0.000299704	0.993101	0.000439387	1.16263e-08	0.366895	0.993102	0.662199	3.63182e-05	2.91915e-07	4.98535e-07	0.0132844	6.65459e-09	4.25228e-10	0.993102	0.800195	0.987487	0.993102	0.664712	1.64747e-17	0.981129	0.96945	0.981857	0.976138	0.811565	0.0893254	0	
0.990775	0.000697868	7.25353e-12	0.993019	0.000224258	0.993101	0.000328778	8.69958e-09	0.295804	0.993102	0.745131	2.71756e-05	6.19954e-07	3.73035e-07	0.013585	5.03424e-09	3.18429e-10	0.993102	0.848696	0.988847	0.993102	0.747012	1.23309e-17	0.982538	0.922713	0.983092	0.928805	0.855677	0.110294	0	
0.991361	0.000884056	5.42755e-12	0.99304	0.000167804	0.993101	0.000246012	6.50967e-09	0.230617	0.993102	0.807466	2.03345e-05	2.12966e-06	2.79129e-07	0.015667	3.78969e-09	2.38431e-10	0.993102	0.885038	0.989885	0.993102	0.808873	9.23028e-18	0.974226	0.80937	0.974682	0.815159	0.860262	0.115275	0	
0.991799	0.00109887	4.06124e-12	0.993056	0.000125562	0.993101	0.000184082	4.87105e-09	0.181064	0.993102	0.854173	1.52156e-05	7.73287e-06	2.08862e-07	0.0177873	2.85648e-09	1.78556e-10	0.993102	0.912239	0.990661	0.993102	0.855226	6.91016e-18	0.888444	0.655175	0.888959	0.660096	0.856126	0.1191	0	
0.992125	0.0012564	3.03888e-12	0.993068	9.39531e-05	0.993101	0.000137742	3.64493e-09	0.144699	0.993102	0.889138	1.13852e-05	2.23342e-05	1.56284e-07	0.0198433	2.16001e-09	1.33743e-10	0.993102	0.932595	0.991236	0.993102	0.889926	5.1741e-18	0.710461	0.511304	0.71093	0.5152	0.846304	0.108182	0	
0.992366	0.00122679	2.27388e-12	0.993076	7.03017e-05	0.993101	0.000103067	2.72744e-09	0.119407	0.993102	0.915305	8.51916e-06	5.09687e-05	1.16941e-07	0.0201272	1.6438e-09	1.00244e-10	0.993102	0.947826	0.991666	0.993102	0.915895	3.87507e-18	0.541895	0.393249	0.542263	0.396249	0.870394	0.137047	0	
0.992549	0.00174232	1.70146e-12	0.993083	5.26042e-05	0.993101	7.71215e-05	2.04097e-09	0.096347	0.993102	0.934887	6.37458e-06	9.49613e-05	8.7503e-08	0.0243111	1.24703e-09	7.51035e-11	0.993102	0.959224	0.991985	0.993102	0.935328	2.90305e-18	0.411639	0.3008	0.411922	0.303085	0.872736	0.141307	0	
0.992684	0.00224355	1.27314e-12	0.993088	3.93618e-05	0.993101	5.77072e-05	1.52732e-09	0.0787829	0.993102	0.94954	4.76987e-06	0.000161184	6.54753e-08	0.0282315	9.4936e-10	5.62841e-11	0.993102	0.967752	0.992222	0.993101	0.94987	2.17572e-18	0.310618	0.22925	0.310832	0.230979	0.843767	0.132881	0	
0.99277	0.00212437	9.52646e-13	0.993091	2.9453e-05	0.993101	4.31802e-05	1.14291e-09	0.0706486	0.993102	0.960505	3.56912e-06	0.000248672	4.89928e-08	0.029661	7.39398e-10	4.22183e-11	0.993102	0.974133	0.992376	0.993101	0.960752	1.63148e-18	0.233153	0.174493	0.233313	0.175796	0.770146	0.0968619	0	
0.992421	0.00163938	7.1283e-13	0.993094	2.20386e-05	0.993101	3.23102e-05	8.55214e-10	0.0969435	0.993102	0.96871	2.67064e-06	0.000336767	3.66595e-08	0.0264219	6.79853e-10	3.18018e-11	0.993102	0.978908	0.992416	0.993101	0.968895	1.22425e-18	0.174581	0.133082	0.174701	0.134064	0.764958	0.0959995	0	
0.992278	0.0012708	5.33385e-13	0.993096	1.64907e-05	0.993101	2.41765e-05	6.39941e-10	0.12052	0.993102	0.974849	1.99834e-06	0.000341084	2.7431e-08	0.0239271	6.4917e-10	2.40112e-11	0.993102	0.982481	0.992433	0.993101	0.974987	9.19532e-19	0.130944	0.10381	0.131034	0.104552	0.803325	0.135719	0	
0.992443	0.00116101	3.99112e-13	0.993098	1.23394e-05	0.993101	1.80904e-05	4.78878e-10	0.115011	0.993102	0.979441	1.49529e-06	0.000310831	2.05256e-08	0.0269208	5.50969e-10	1.80639e-11	0.993102	0.985155	0.992441	0.993101	0.979545	6.91523e-19	0.0996961	0.0843877	0.099764	0.0849528	0.761946	0.130443	0	
0.992361	0.000951422	2.98641e-13	0.993099	9.23311e-06	0.993101	1.35364e-05	3.58341e-10	0.136426	0.993102	0.982878	1.11887e-06	0.000294673	1.53586e-08	0.0282873	5.61494e-10	1.36245e-11	0.993102	0.987155	0.992278	0.993101	0.982955	5.20911e-19	0.0752032	0.069173	0.0752542	0.0696023	0.720057	0.146965	0	
0.991688	0.000761697	2.23462e-13	0.9931	6.9088e-06	0.993101	1.01288e-05	2.6814e-10	0.19417	0.993102	0.985448	8.37209e-07	0.000260957	1.14923e-08	0.0323559	7.65069e-10	1.02723e-11	0.993102	0.988652	0.991429	0.993101	0.985506	3.93249e-19	0.0568876	0.0608954	0.0569257	0.0612238	0.587294	0.105389	0	
0.946935	0.000571474	1.67209e-13	0.9931	5.1696e-06	0.993101	7.579e-06	2.0064e-10	0.368403	0.993102	0.987363	6.26453e-07	0.000208016	8.59924e-09	0.0292088	5.48054e-09	7.86457e-12	0.993102	0.989771	0.985444	0.993101	0.987407	2.97724e-19	0.0430031	0.0724297	0.0430317	0.07269	0.565309	0.0966202	0	
0.954555	0.000428437	1.25116e-13	0.993101	3.86823e-06	0.993101	5.67109e-06	1.50132e-10	0.507652	0.993102	0.98843	4.68752e-07	0.000156042	6.4345e-09	0.0260635	1.17199e-08	6.0971e-12	0.993102	0.990555	0.979092	0.993101	0.988463	2.26245e-19	0.16841	0.253451	0.168436	0.253664	0.477266	0.0338099	0	
0.956041	0.000320624	9.36199e-14	0.993101	2.89446e-06	0.993101	4.24347e-06	1.12338e-10	0.626565	0.993102	0.983627	3.50759e-07	0.000116785	4.8147e-09	0.020715	5.30937e-08	5.30795e-12	0.993102	0.988119	0.969195	0.993102	0.983652	1.72761e-19	0.371471	0.435779	0.371491	0.435939	0.49377	0.0247767	0	
0.964964	0.000239958	7.00524e-14	0.993101	2.16611e-06	0.993101	3.17523e-06	8.40586e-11	0.71428	0.993102	0.93375	2.63177e-07	8.7388e-05	3.60266e-09	0.0165133	7.15924e-08	4.8651e-12	0.993102	0.954702	0.966981	0.993102	0.933771	1.3274e-19	0.52793	0.575713	0.527944	0.575834	0.50764	0.0229792	0	
0.972007	0.000179611	5.24176e-14	0.993102	1.62653e-06	0.993101	2.37591e-06	6.2898e-11	0.778491	0.993102	0.797604	2.19197e-07	6.53896e-05	2.69574e-09	0.0133337	7.77156e-08	4.56641e-12	0.993102	0.84162	0.967486	0.993102	0.797623	1.02794e-19	0.64503	0.680722	0.645041	0.680812	0.589971	0.0276766	0	
0.977317	0.000134736	3.92222e-14	0.993102	1.21983e-06	0.993101	1.77781e-06	4.70648e-11	0.80432	0.993102	0.635179	5.1462e-07	4.89288e-05	2.01713e-09	0.0110504	6.28046e-08	4.25987e-12	0.993102	0.689681	0.972624	0.993102	0.635194	8.03863e-20	0.732652	0.759342	0.732661	0.75941	0.677485	0.038323	0	
0.981291	0.000103237	2.93486e-14	0.993102	9.12989e-07	0.993101	1.33027e-06	3.52195e-11	0.746204	0.993102	0.499677	1.8932e-06	3.66117e-05	1.50934e-09	0.00959515	4.78028e-08	3.86882e-12	0.993102	0.563261	0.977496	0.993102	0.499689	6.36195e-20	0.798217	0.818178	0.798223	0.818228	0.718709	0.0464513	0	
0.984264	8.37395e-05	2.19605e-14	0.993102	6.83161e-07	0.993101	9.95392e-07	2.63595e-11	0.652028	0.993102	0.438118	1.62082e-06	2.73954e-05	1.12939e-09	0.00873899	3.61235e-08	3.47398e-12	0.993102	0.538166	0.981279	0.993102	0.438128	5.10735e-20	0.847277	0.862179	0.847281	0.862217	0.77672	0.0621255	0	
0.986489	9.09915e-05	1.64322e-14	0.993102	5.11185e-07	0.993101	7.44816e-07	1.97432e-11	0.527415	0.993102	0.501464	1.22164e-06	2.05003e-05	8.45078e-10	0.00866758	2.7141e-08	3.0227e-12	0.993102	0.624528	0.984193	0.993102	0.501473	4.16857e-20	0.883986	0.894919	0.88399	0.894947	0.755723	0.0645439	0	
0.988154	8.76253e-05	1.22956e-14	0.993102	3.82501e-07	0.993101	5.57318e-07	1.47859e-11	0.450215	0.993102	0.616451	9.14177e-07	1.53559e-05	6.32341e-10	0.00871868	2.04777e-08	2.66504e-12	0.993102	0.714835	0.986335	0.993102	0.616458	3.46612e-20	0.911447	0.917016	0.911449	0.917038	0.772069	0.078089	0	
0.989399	0.000101091	9.20037e-15	0.993102	2.86211e-07	0.993101	4.17021e-07	1.10814e-11	0.379601	0.993102	0.709341	6.84051e-07	1.15664e-05	4.73158e-10	0.0094436	1.54446e-08	2.30172e-12	0.993102	0.784478	0.987944	0.993102	0.709346	2.9405e-20	0.931876	0.924362	0.931878	0.924378	0.840319	0.103362	0	
0.990331	0.000306061	6.8843e-15	0.993102	2.14162e-07	0.993101	3.12042e-07	8.36083e-12	0.296542	0.993102	0.780302	5.11851e-07	8.96733e-06	3.54047e-10	0.0118696	1.15878e-08	1.90782e-12	0.993102	0.836937	0.989203	0.993102	0.780306	2.5472e-20	0.946745	0.89939	0.946746	0.899403	0.879604	0.133548	0	
0.991029	0.00115099	5.15127e-15	0.993102	1.60249e-07	0.993101	2.33489e-07	6.40759e-12	0.227749	0.993102	0.833782	3.83e-07	8.35592e-06	2.6492e-10	0.0175287	8.6849e-09	1.529e-12	0.993102	0.876243	0.990151	0.993102	0.833784	2.2529e-20	0.951712	0.79366	0.951713	0.793671	0.900324	0.153147	0	
0.991551	0.0029169	3.85451e-15	0.993102	1.19909e-07	0.993101	1.74712e-07	5.02384e-12	0.174317	0.993102	0.873866	2.86585e-07	1.2768e-05	1.9823e-10	0.025704	6.50797e-09	1.21264e-12	0.993102	0.90566	0.990861	0.993102	0.873868	2.03269e-20	0.906647	0.641559	0.906647	0.641567	0.925571	0.170217	0	
0.991941	0.0069226	2.88419e-15	0.993102	8.97233e-08	0.993101	1.3073e-07	4.13903e-12	0.132805	0.993102	0.903874	2.14441e-07	2.85221e-05	1.48328e-10	0.036588	4.87534e-09	9.56095e-13	0.993102	0.927672	0.991398	0.993102	0.903876	1.86792e-20	0.780069	0.498781	0.780068	0.498788	0.940131	0.186035	0	
0.992233	0.0137464	2.15813e-15	0.993102	6.71367e-08	0.993101	9.78208e-08	3.60537e-12	0.101148	0.993102	0.926333	1.60458e-07	6.48495e-05	1.10989e-10	0.0505902	3.65227e-09	7.5092e-13	0.993102	0.944143	0.991798	0.993101	0.926334	1.74462e-20	0.620796	0.381744	0.620795	0.381749	0.952014	0.198527	0	
0.992452	0.0239403	1.61485e-15	0.993102	5.02359e-08	0.993101	7.31957e-08	3.34242e-12	0.0770867	0.993102	0.943139	1.20065e-07	0.000130459	8.30488e-11	0.0668908	2.73619e-09	5.89544e-13	0.993102	0.956468	0.992098	0.9931	0.94314	1.65236e-20	0.47918	0.290244	0.479179	0.290248	0.973532	0.228682	0	
0.992615	0.0528393	1.20833e-15	0.993102	3.75897e-08	0.993101	5.47697e-08	3.49236e-12	0.0585944	0.993102	0.955716	8.98403e-08	0.000230164	6.21424e-11	0.0984685	2.04956e-09	4.56267e-13	0.993101	0.96569	0.992316	0.993095	0.955716	1.58333e-20	0.367378	0.220041	0.367377	0.220044	0.973386	0.225156	0	
0.992738	0.0723149	9.04153e-16	0.993102	2.8127e-08	0.993101	4.09822e-08	3.60168e-12	0.0447599	0.993102	0.965126	6.72242e-08	0.00036404	4.64989e-11	0.119403	1.53579e-09	3.57645e-13	0.993099	0.972591	0.992482	0.99309	0.965127	1.53168e-20	0.279175	0.166634	0.279174	0.166636	0.980594	0.231287	0	
0.992829	0.0952601	6.76545e-16	0.993102	2.10464e-08	0.993101	3.06655e-08	3.83676e-12	0.0342855	0.993102	0.972168	5.03015e-08	0.000525296	3.47934e-11	0.139829	1.15106e-09	2.81977e-13	0.993096	0.977754	0.992607	0.993083	0.972169	1.49302e-20	0.211754	0.126194	0.211754	0.126195	0.987907	0.244313	0	
0.992898	0.128367	5.06234e-16	0.993102	1.57483e-08	0.993101	2.29458e-08	4.19247e-12	0.0263402	0.993102	0.977438	3.76387e-08	0.000704822	2.60347e-11	0.166422	8.62921e-10	2.22063e-13	0.993089	0.981618	0.992697	0.993072	0.977438	1.4641e-20	0.16063	0.0956502	0.16063	0.0956514	0.996271	0.256906	0	
0.992949	0.173639	3.78796e-16	0.993102	1.17839e-08	0.993101	1.71695e-08	4.69929e-12	0.0202897	0.993102	0.981381	2.81637e-08	0.00089277	1.94808e-11	0.198764	6.47068e-10	1.74766e-13	0.993078	0.984509	0.992761	0.993056	0.981381	1.44246e-20	0.122073	0.0726166	0.122073	0.0726175	1.02034	0.320102	0	
0.992988	0.310046	2.83439e-16	0.993102	8.81743e-09	0.993101	1.28473e-08	6.04448e-12	0.0155409	0.993102	0.984331	2.10739e-08	0.00108033	1.45768e-11	0.298522	4.85028e-10	1.33203e-13	0.993021	0.986672	0.992763	0.992972	0.984331	1.42627e-20	0.0937256	0.0552628	0.0937252	0.0552634	1.0261	0.321958	0	
0.993016	0.419516	2.12087e-16	0.993102	6.59776e-09	0.993101	9.6132e-09	7.35944e-12	0.0119486	0.993102	0.986539	1.57688e-08	0.00126167	1.09073e-11	0.375388	3.63687e-10	1.02013e-13	0.992961	0.988291	0.992771	0.992895	0.986539	1.41415e-20	0.0723439	0.0421938	0.0723436	0.0421944	1.03799	0.35673	0	
0.993038	0.534948	1.58697e-16	0.993102	4.93687e-09	0.993101	7.1932e-09	9.10527e-12	0.00919295	0.993102	0.988191	1.17992e-08	0.00143107	8.16151e-12	0.470061	2.72731e-10	7.75015e-14	0.992811	0.989502	0.992733	0.992712	0.988191	1.40508e-20	0.0565612	0.0323566	0.0565609	0.032357	1.04615	0.379375	0	
0.993054	0.633762	1.18747e-16	0.993102	3.69408e-09	0.993101	5.38241e-09	1.10497e-11	0.00709304	0.993102	0.989427	8.82896e-09	0.00158536	6.10696e-12	0.559296	2.04582e-10	5.87346e-14	0.992559	0.990408	0.992663	0.992419	0.989427	1.3983e-20	0.0448825	0.0249538	0.0448823	0.0249541	1.04609	0.382497	0	
0.993066	0.708619	8.88544e-17	0.993102	2.76414e-09	0.993101	4.02746e-09	1.24991e-11	0.00552203	0.993102	0.990352	6.60641e-09	0.00172283	4.56961e-12	0.628221	1.53589e-10	4.4647e-14	0.992319	0.991086	0.9926	0.992157	0.990352	1.39322e-20	0.0359364	0.0193841	0.0359362	0.0193844	1.04596	0.391948	0	
0.993075	0.767148	6.64865e-17	0.993102	2.06831e-09	0.993101	3.0136e-09	1.35731e-11	0.00434704	0.993102	0.991044	4.94336e-09	0.00184279	3.41928e-12	0.685781	1.15435e-10	3.39855e-14	0.992031	0.991594	0.992516	0.991854	0.991044	1.38943e-20	0.0290949	0.0151946	0.0290947	0.0151948	1.04873	0.406856	0	
0.993082	0.814695	4.97494e-17	0.993102	1.54764e-09	0.993101	2.25497e-09	1.46169e-11	0.00345625	0.993102	0.991562	3.69899e-09	0.00194568	2.55852e-12	0.73676	8.68576e-11	2.5859e-14	0.991617	0.991974	0.992396	0.991422	0.991562	1.38658e-20	0.023994	0.0120437	0.0239938	0.0120438	1.05468	0.444719	0	
0.993087	0.855634	3.72257e-17	0.993102	1.15804e-09	0.993101	1.68731e-09	1.59616e-11	0.0027669	0.993102	0.991949	2.76803e-09	0.00203283	1.91445e-12	0.788182	6.54203e-11	1.95504e-14	0.990485	0.992258	0.992067	0.990232	0.991949	1.38446e-20	0.0203686	0.00967415	0.0203684	0.00967424	1.06055	0.477141	0	
0.993091	0.888376	2.78546e-17	0.993102	8.66521e-10	0.993101	1.26255e-09	1.75935e-11	0.00223109	0.993102	0.992239	2.07197e-09	0.00210604	1.43251e-12	0.832739	4.93321e-11	1.4734e-14	0.9882	0.99247	0.991467	0.987845	0.992239	1.38286e-20	0.0178802	0.00789205	0.01788	0.00789212	1.03963	0.417445	0	
0.993094	0.905668	2.08426e-17	0.993102	6.48386e-10	0.993101	9.44723e-10	1.68825e-11	0.00191358	0.993102	0.992456	1.55045e-09	0.0021671	1.0719e-12	0.85132	3.74917e-11	1.13719e-14	0.988515	0.992629	0.991482	0.988208	0.992456	1.38167e-20	0.0150855	0.00655162	0.0150853	0.00655167	1.03321	0.420384	0	
0.993096	0.91798	1.55958e-17	0.993102	4.85163e-10	0.993101	7.06902e-10	1.59031e-11	0.00170938	0.993102	0.992619	1.16022e-09	0.00221655	8.02061e-13	0.866364	2.8711e-11	8.83639e-15	0.988683	0.992748	0.991411	0.988415	0.992619	1.38078e-20	0.0127712	0.00554455	0.0127711	0.00554459	1.02646	0.415916	0	
0.993097	0.924869	1.16697e-17	0.993102	3.6303e-10	0.993101	5.28949e-10	1.47569e-11	0.00159667	0.993102	0.99274	8.68211e-10	0.00225598	6.00153e-13	0.875865	2.22358e-11	6.96972e-15	0.988885	0.992837	0.991336	0.988653	0.99274	1.38012e-20	0.0108426	0.00478839	0.0108425	0.00478841	1.03495	0.443608	0	
0.993098	0.936068	8.73204e-18	0.993102	2.71642e-10	0.993101	3.95793e-10	1.44283e-11	0.00146276	0.993102	0.992831	6.49839e-10	0.00228683	4.49072e-13	0.891991	1.72731e-11	5.42081e-15	0.988361	0.992904	0.991046	0.988136	0.992831	1.37962e-20	0.00962942	0.00422114	0.00962928	0.00422116	1.03819	0.471889	0	
0.993099	0.947207	6.53386e-18	0.993102	2.0326e-10	0.993101	2.96158e-10	1.44091e-11	0.00134577	0.993102	0.992899	4.8683e-10	0.00231152	3.36024e-13	0.90966	1.35199e-11	4.17299e-15	0.98676	0.992954	0.990354	0.98651	0.992899	1.37924e-20	0.0088139	0.00379498	0.00881377	0.003795	1.03494	0.472002	0	
0.9931	0.955336	4.88905e-18	0.993102	1.52092e-10	0.993101	2.21604e-10	1.41669e-11	0.00127512	0.993102	0.99295	3.64857e-10	0.00233139	2.51435e-13	0.922899	1.07515e-11	3.23903e-15	0.985544	0.992991	0.989752	0.985281	0.99295	1.37896e-20	0.00809586	0.00347462	0.00809573	0.00347464	1.0465	0.505116	0	
0.993101	0.96343	3.6583e-18	0.993102	1.13805e-10	0.993101	1.65818e-10	1.48669e-11	0.00116691	0.993102	0.992988	2.75183e-10	0.00234711	1.8814e-13	0.936505	8.5489e-12	2.48374e-15	0.982033	0.993019	0.98861	0.981699	0.992988	1.37876e-20	0.00794101	0.00323402	0.00794088	0.00323403	1.05049	0.528844	0	
0.993101	0.970086	2.73737e-18	0.993102	8.51561e-11	0.993101	1.24076e-10	1.57447e-11	0.00106966	0.993102	0.993016	2.115e-10	0.00236018	1.40778e-13	0.948207	6.86214e-12	1.89588e-15	0.976196	0.99304	0.986806	0.97575	0.993017	1.3786e-20	0.00797139	0.00305261	0.00797125	0.00305262	1.0613	0.566948	0	
0.993101	0.975574	2.04828e-18	0.993102	6.37192e-11	0.993101	9.28413e-11	1.75165e-11	0.00095871	0.993102	0.993038	1.83827e-10	0.00237113	1.05339e-13	0.958314	5.50953e-12	1.43607e-15	0.962609	0.993056	0.983367	0.961918	0.993038	1.37848e-20	0.00846929	0.00291565	0.00846914	0.00291565	1.06345	0.584849	0	
0.993101	0.979781	1.53265e-18	0.993102	4.76788e-11	0.993101	6.94698e-11	1.90942e-11	0.000869036	0.993102	0.993054	1.89643e-10	0.00238066	7.88214e-14	0.966236	4.48166e-12	1.08675e-15	0.945424	0.993067	0.978985	0.944474	0.993054	1.37839e-20	0.00893922	0.00281177	0.00893906	0.00281177	1.0704	0.623171	0	
0.993102	0.983051	1.14683e-18	0.993102	3.56763e-11	0.993101	5.19817e-11	2.11676e-11	0.000782261	0.993102	0.993066	3.823e-10	0.00238888	5.89792e-14	0.97261	3.66594e-12	8.18846e-16	0.909282	0.993076	0.97004	0.907892	0.993066	1.37833e-20	0.00966373	0.00273291	0.00966355	0.00273291	1.05899	0.615219	0	
0.993102	0.985459	8.58129e-19	0.993102	2.66953e-11	0.993101	3.8896e-11	2.13157e-11	0.000751133	0.993102	0.993075	4.60353e-10	0.00239608	4.4132e-14	0.977312	3.13563e-12	6.19358e-16	0.887999	0.993083	0.9625	0.886406	0.993075	1.37828e-20	0.00959664	0.00267281	0.00959647	0.00267282	1.0455	0.591343	0	
0.993102	0.987125	6.42106e-19	0.993102	1.99751e-11	0.993101	2.91045e-11	2.0131e-11	0.000779159	0.993102	0.993081	4.11449e-10	0.00240185	3.30223e-14	0.980552	2.86044e-12	4.74155e-16	0.886326	0.993088	0.959251	0.884756	0.993081	1.37824e-20	0.00898873	0.00262746	0.00898857	0.00262746	1.03124	0.589104	0	
0.993102	0.988271	4.80465e-19	0.993102	1.49466e-11	0.993101	2.17778e-11	1.82072e-11	0.000871692	0.993102	0.993086	3.69187e-10	0.00240583	2.47094e-14	0.982943	2.82419e-12	3.65995e-16	0.8862	0.993091	0.954008	0.884648	0.993086	1.37822e-20	0.00808925	0.00259387	0.0080891	0.00259387	1.01915	0.588419	0	
0.993102	0.989024	3.59514e-19	0.993102	1.1184e-11	0.993101	1.62955e-11	1.60926e-11	0.00101976	0.993102	0.99309	3.36128e-10	0.00240768	1.84891e-14	0.984722	2.98406e-12	2.85218e-16	0.886522	0.993094	0.946799	0.884943	0.99309	1.3782e-20	0.00712866	0.0025699	0.00712852	0.0025699	0.988371	0.57015	0	
0.993102	0.988819	2.69011e-19	0.993102	8.36859e-12	0.993101	1.21934e-11	1.33754e-11	0.00144237	0.993102	0.993093	2.80518e-10	0.00240727	1.38348e-14	0.985711	3.84458e-12	2.29784e-16	0.894384	0.993096	0.936974	0.892842	0.993093	1.37818e-20	0.00591996	0.00255382	0.00591985	0.00255382	1.01684	0.628658	0	
0.993102	0.98968	2.01291e-19	0.993102	6.26191e-12	0.993101	9.12385e-12	1.23654e-11	0.00146415	0.993102	0.993095	5.16242e-10	0.00240189	1.0352e-14	0.987223	3.78883e-12	1.77018e-16	0.867627	0.993098	0.914518	0.865281	0.993095	1.37817e-20	0.00548063	0.00254713	0.00548053	0.00254713	0.966352	0.603623	0	
0.993101	0.989561	1.50619e-19	0.993102	4.68556e-12	0.993101	6.82705e-12	1.01113e-11	0.00214919	0.993102	0.993097	4.98922e-10	0.00239759	7.74606e-15	0.988128	5.33855e-12	1.40835e-16	0.86519	0.993099	0.878823	0.862565	0.993097	1.37816e-20	0.00448519	0.00254241	0.00448511	0.00254241	0.950143	0.575338	0	
0.9931	0.988079	1.12703e-19	0.993102	3.50604e-12	0.993101	5.10843e-12	8.18693e-12	0.00306284	0.993102	0.993098	4.10669e-10	0.00238623	5.79609e-15	0.988369	7.4567e-12	1.20135e-16	0.87737	0.9931	0.86184	0.8746	0.993098	1.37815e-20	0.00364179	0.00254763	0.00364172	0.00254763	0.944539	0.57407	0	
0.993099	0.986624	8.43314e-20	0.993102	2.62344e-12	0.993101	3.82245e-12	6.68112e-12	0.0039179	0.993102	0.993099	3.44107e-10	0.00236703	4.33701e-15	0.988524	9.45225e-12	1.05024e-16	0.887594	0.9931	0.8458	0.884422	0.993099	1.37815e-20	0.00298994	0.0025634	0.00298988	0.0025634	0.91471	0.525927	0	
0.993095	0.975829	6.31021e-20	0.993102	1.96302e-12	0.993101	2.8602e-12	5.30495e-12	0.00586884	0.993102	0.993099	2.63037e-10	0.00234282	3.24522e-15	0.98698	1.41051e-11	1.18219e-16	0.906828	0.993101	0.846671	0.903876	0.993099	1.37815e-20	0.0023883	0.0025865	0.00238825	0.0025865	0.891384	0.498694	0	
0.993084	0.948752	4.7217e-20	0.993102	1.46886e-12	0.993101	2.14018e-12	4.16123e-12	0.0090422	0.993102	0.9931	1.98841e-10	0.00230289	2.42828e-15	0.983908	2.17671e-11	1.56788e-16	0.924561	0.993101	0.849676	0.921865	0.9931	1.37814e-20	0.00188951	0.00263032	0.00188947	0.00263032	0.867028	0.503695	0	
0.993058	0.916232	3.53308e-20	0.993102	1.09909e-12	0.993101	1.60142e-12	3.2315e-12	0.0142482	0.993102	0.9931	1.51587e-10	0.00223926	1.817e-15	0.982041	3.45376e-11	1.79144e-16	0.937935	0.993101	0.830824	0.935163	0.9931	1.37814e-20	0.00148531	0.0027085	0.00148528	0.0027085	0.898982	0.548677	0	
0.993061	0.924715	2.64367e-20	0.993102	8.22412e-13	0.993101	1.19829e-12	2.64122e-12	0.014667	0.993102	0.9931	1.34284e-10	0.00214071	1.35959e-15	0.983107	3.54751e-11	1.59192e-16	0.944193	0.993102	0.80474	0.939704	0.9931	1.37814e-20	0.00127809	0.00284797	0.00127806	0.00284797	0.880668	0.542931	0	
0.993056	0.924805	1.97816e-20	0.993102	6.15381e-13	0.993101	8.96634e-13	2.13107e-12	0.0167116	0.993102	0.9931	1.17334e-10	0.0020631	1.01733e-15	0.983698	4.04374e-11	1.47325e-16	0.949791	0.993102	0.772211	0.944225	0.9931	1.37814e-20	0.00107389	0.00295922	0.00107387	0.00295922	0.863555	0.537837	0	
0.993037	0.916282	1.48019e-20	0.993102	4.60467e-13	0.993101	6.70919e-13	1.7045e-12	0.020508	0.993102	0.993101	1.02716e-10	0.00198657	7.61233e-16	0.983935	4.98206e-11	1.41471e-16	0.955082	0.993102	0.734274	0.948759	0.993101	1.37814e-20	0.000894144	0.00307691	0.000894127	0.00307691	0.875893	0.587757	0	
0.993036	0.927632	1.10757e-20	0.993102	3.44551e-13	0.993101	5.02025e-13	1.41607e-12	0.0216426	0.993102	0.993101	2.04761e-10	0.00189699	5.69603e-16	0.985454	5.25639e-11	1.17366e-16	0.951947	0.993102	0.659669	0.941254	0.993101	1.37814e-20	0.000803995	0.00323277	0.000803979	0.00323277	0.868911	0.568558	0	
0.993031	0.930917	8.28755e-21	0.993102	2.57815e-13	0.993101	3.75647e-13	1.18191e-12	0.0234082	0.993102	0.993101	2.15313e-10	0.00182076	4.26213e-16	0.986222	5.69073e-11	1.04716e-16	0.953887	0.993102	0.619047	0.941557	0.993101	1.37814e-20	0.000724408	0.00337067	0.000724394	0.00337067	0.751029	0.399007	0	
0.990674	0.710096	6.2014e-21	0.993102	1.92913e-13	0.993101	2.81118e-13	8.95959e-13	0.0772483	0.993102	0.993101	1.61187e-10	0.00174982	3.1892e-16	0.957629	2.28286e-10	5.80086e-16	0.963486	0.993102	0.647943	0.954097	0.993101	1.37814e-20	0.000554527	0.00350792	0.000554517	0.00350792	0.69606	0.332731	0	
0.984135	0.532598	4.64147e-21	0.993102	1.4435e-13	0.993101	2.10457e-13	6.74269e-13	0.179105	0.993102	0.9931	1.20656e-10	0.00144144	2.38636e-16	0.881072	7.28358e-10	2.32265e-15	0.970933	0.993102	0.679871	0.963877	0.9931	1.37814e-20	0.00045074	0.00549647	0.000450732	0.00549647	0.638575	0.272139	0	
0.977178	0.398643	3.48487e-21	0.993102	1.08012e-13	0.993101	1.57617e-13	5.05753e-13	0.321138	0.993102	0.993092	9.0522e-11	0.00109582	1.78563e-16	0.750322	2.30527e-09	8.08302e-15	0.976514	0.993102	0.70638	0.971232	0.993092	1.37814e-20	0.00100257	0.0245673	0.00100255	0.0245673	0.545564	0.106822	0	
0.960072	0.298291	3.09602e-21	0.993102	8.10065e-14	0.993101	1.18274e-13	3.78626e-13	0.47787	0.993102	0.992948	6.78287e-11	0.000820966	1.33612e-16	0.566579	1.3035e-08	1.79174e-13	0.980689	0.993085	0.763884	0.976738	0.992948	1.37814e-20	0.0278975	0.169419	0.027897	0.169419	0.546157	0.104877	0	
0.967411	0.223201	2.7936e-21	0.993102	1.56102e-13	0.993101	8.85144e-14	2.83505e-13	0.595007	0.993102	0.989655	9.68436e-11	0.000614342	9.99778e-17	0.428898	2.09303e-08	3.14061e-13	0.983814	0.992675	0.807597	0.980857	0.989655	1.37813e-20	0.267093	0.369839	0.267092	0.369839	0.571102	0.103569	0	
0.973844	0.167014	2.2662e-21	0.993102	3.93164e-12	0.993101	6.62326e-14	2.12453e-13	0.675178	0.993102	0.959707	4.81209e-09	0.000459694	7.48099e-17	0.325752	2.24479e-08	4.19764e-13	0.986152	0.988431	0.845827	0.98394	0.959708	1.37813e-20	0.449834	0.526054	0.449834	0.526054	0.602555	0.108688	0	
0.97869	0.124973	1.74569e-21	0.993102	2.9721e-11	0.993101	4.95595e-14	1.59565e-13	0.72008	0.993102	0.86528	1.4728e-07	0.000343973	5.59776e-17	0.24908	2.04147e-08	4.80877e-13	0.987902	0.9712	0.87783	0.986246	0.865282	1.37813e-20	0.586594	0.64349	0.586594	0.64349	0.657671	0.102698	0	
0.982318	0.0935184	1.31175e-21	0.993102	4.00366e-11	0.993101	3.70835e-14	1.21186e-13	0.706333	0.993102	0.73953	7.91507e-07	0.000257383	4.1886e-17	0.191119	1.64771e-08	5.47835e-13	0.989211	0.931641	0.905333	0.987972	0.739532	1.37813e-20	0.688927	0.731444	0.688927	0.731444	0.752631	0.0963733	0	
0.985033	0.0700111	9.81658e-22	0.993102	3.0188e-11	0.993101	2.77483e-14	1.02633e-13	0.586811	0.993102	0.66192	8.97515e-07	0.000192591	3.13418e-17	0.147194	1.2509e-08	6.23287e-13	0.990191	0.907269	0.927226	0.989264	0.661923	1.37813e-20	0.765499	0.797239	0.765499	0.797239	0.78214	0.101272	0	
0.987064	0.0524558	7.34577e-22	0.993102	2.25892e-11	0.993101	2.0763e-14	9.83651e-14	0.475141	0.993102	0.718637	6.74693e-07	0.000144114	2.34519e-17	0.11475	9.45973e-09	6.59834e-13	0.990924	0.925001	0.943687	0.99023	0.718639	1.37813e-20	0.822794	0.845741	0.822794	0.845741	0.786286	0.0958783	0	
0.988584	0.0393182	5.49689e-22	0.993102	1.69027e-11	0.993101	1.55362e-14	9.7036e-14	0.389099	0.993102	0.784573	5.04877e-07	0.000107881	1.75482e-17	0.0900101	7.17012e-09	7.09215e-13	0.991472	0.941675	0.956025	0.990953	0.784575	1.37813e-20	0.865632	0.875529	0.865632	0.875529	0.824594	0.115933	0	
0.989721	0.0296367	4.11319e-22	0.993102	1.26477e-11	0.993101	1.16252e-14	1.23025e-13	0.307959	0.993102	0.836497	3.77783e-07	8.09821e-05	1.31307e-17	0.0734939	5.40778e-09	6.74965e-13	0.991882	0.954565	0.965288	0.991494	0.836498	1.37813e-20	0.897211	0.869112	0.897211	0.869112	0.825968	0.116503	0	
0.990572	0.022401	3.07782e-22	0.993102	9.46378e-12	0.993101	8.69871e-15	1.43876e-13	0.246819	0.993102	0.875807	2.82681e-07	6.19059e-05	9.82521e-18	0.061204	4.08793e-09	6.47703e-13	0.992189	0.964255	0.972221	0.991899	0.875808	1.37813e-20	0.909217	0.785253	0.909216	0.785253	0.806496	0.108676	0	
0.991206	0.0168922	2.30316e-22	0.993102	7.0814e-12	0.993101	6.50897e-15	1.42762e-13	0.20814	0.993102	0.905301	2.1152e-07	5.07715e-05	7.35184e-18	0.0511272	3.12009e-09	6.51475e-13	0.992419	0.971513	0.97739	0.992202	0.905302	1.37813e-20	0.814111	0.651731	0.814109	0.651731	0.8727	0.141803	0	
0.991683	0.0135869	1.72338e-22	0.993102	5.29876e-12	0.993101	4.87043e-15	2.38776e-13	0.162445	0.993102	0.927389	1.58273e-07	4.76346e-05	5.50112e-18	0.048393	2.35094e-09	5.73479e-13	0.992591	0.976947	0.9813	0.992428	0.927389	1.37813e-20	0.729022	0.522012	0.729019	0.522012	0.889492	0.133022	0	
0.99204	0.0112776	1.28955e-22	0.993102	3.96487e-12	0.993101	3.64437e-15	3.63282e-13	0.126378	0.993102	0.943925	1.1843e-07	5.96948e-05	4.11629e-18	0.0447703	1.77077e-09	5.3163e-13	0.99272	0.981014	0.984244	0.992598	0.943925	1.37813e-20	0.588398	0.405609	0.588396	0.405609	0.909158	0.157669	0	
0.992306	0.0111169	9.64926e-23	0.993102	2.96677e-12	0.993101	2.72696e-15	5.4541e-13	0.097842	0.993102	0.956302	8.86167e-08	9.41407e-05	3.08007e-18	0.0472141	1.33286e-09	4.60419e-13	0.992816	0.984057	0.986444	0.992724	0.956302	1.37813e-20	0.457184	0.311029	0.457182	0.311029	0.935242	0.188563	0	
0.992506	0.0165028	7.2202e-23	0.993102	2.21992e-12	0.993101	2.04049e-15	8.69052e-13	0.0751674	0.993102	0.965564	6.63087e-08	0.000157974	2.3047e-18	0.0596284	1.002e-09	3.78272e-13	0.992888	0.986334	0.988087	0.992818	0.965564	1.37813e-20	0.351484	0.237042	0.351483	0.237042	0.976375	0.257211	0	
0.992656	0.0706484	5.40261e-23	0.993102	1.66109e-12	0.993101	1.52683e-15	1.69963e-12	0.0571079	0.993102	0.972495	4.96164e-08	0.000255937	1.72452e-18	0.119173	7.51806e-10	2.916e-13	0.99294	0.988038	0.989292	0.99288	0.972496	1.37813e-20	0.27166	0.180125	0.271659	0.180125	0.966292	0.262586	0	
0.992768	0.10706	4.04258e-23	0.993102	1.24293e-12	0.993101	1.14247e-15	2.12949e-12	0.0437866	0.993102	0.977682	3.71261e-08	0.000389109	1.2904e-18	0.169471	5.65055e-10	2.25874e-13	0.992976	0.989312	0.990174	0.992922	0.977682	1.37813e-20	0.206783	0.136708	0.206782	0.136708	0.923444	0.239171	0	
0.992851	0.0972375	3.02493e-23	0.993102	9.3004e-13	0.993101	8.54893e-16	1.95747e-12	0.0352351	0.993102	0.981563	2.77801e-08	0.00054902	9.65558e-19	0.183944	4.28716e-10	1.81282e-13	0.993003	0.990266	0.990796	0.992955	0.981563	1.37813e-20	0.155612	0.103773	0.155611	0.103773	0.877585	0.231801	0	
0.992902	0.078944	2.26353e-23	0.993102	6.95915e-13	0.993101	6.3986e-16	1.6102e-12	0.0324579	0.993102	0.984468	2.07868e-08	0.000716716	7.22492e-19	0.188537	3.35569e-10	1.49864e-13	0.993022	0.99098	0.991129	0.99298	0.984468	1.37813e-20	0.11669	0.0788968	0.116689	0.0788968	0.86259	0.23781	0	
0.992929	0.0642594	1.69387e-23	0.993102	5.20728e-13	0.993101	4.79119e-16	1.31265e-12	0.0324413	0.993102	0.986641	1.5554e-08	0.000859645	5.40615e-19	0.197019	2.71038e-10	1.24745e-13	0.993034	0.991514	0.991249	0.992996	0.986641	1.37813e-20	0.0874816	0.060216	0.0874811	0.060216	0.863947	0.224809	0	
0.992951	0.0522113	1.2676e-23	0.993102	3.89642e-13	0.993101	3.58825e-16	1.09297e-12	0.0322174	0.993102	0.988267	1.16385e-08	0.000966702	4.04522e-19	0.192886	2.22218e-10	1.09693e-13	0.993046	0.991914	0.991432	0.993012	0.988267	1.37813e-20	0.0656305	0.0462375	0.0656302	0.0462375	0.708607	0.118037	0	
0.982483	0.03909	1.02035e-23	0.993102	2.91555e-13	0.993101	4.27927e-16	8.22783e-13	0.129879	0.993102	0.989484	8.70868e-09	0.00104826	3.0269e-19	0.15073	6.0008e-10	2.20419e-13	0.993059	0.992213	0.991107	0.993033	0.989484	1.37813e-20	0.0491165	0.0357726	0.0491163	0.0357726	0.594124	0.0696714	0	
0.890801	0.0292505	7.76524e-23	0.993102	2.1816e-13	0.993101	2.52344e-15	6.16161e-13	0.316842	0.993102	0.990391	6.51639e-09	0.000830502	2.26562e-19	0.115257	4.73128e-09	5.28886e-13	0.99307	0.992436	0.988832	0.993051	0.990391	1.37813e-20	0.0367904	0.0348223	0.0367902	0.0348223	0.56493	0.051614	0	
0.905485	0.0218874	2.832e-22	0.993102	1.63313e-13	0.993101	2.05657e-15	4.61331e-13	0.469199	0.993102	0.990939	4.87599e-09	0.000622531	1.69753e-19	0.0879705	1.12183e-08	9.18012e-13	0.993078	0.992556	0.986447	0.993064	0.990939	1.37813e-20	0.0603468	0.171911	0.0603461	0.171911	0.485684	0.02921	0	
0.915099	0.0163776	5.57003e-21	0.993102	8.80475e-13	0.993101	1.72922e-15	3.45254e-13	0.597198	0.993102	0.988677	3.6501e-09	0.000465869	1.32378e-19	0.0669317	4.58551e-08	1.50442e-12	0.993084	0.991121	0.977646	0.993073	0.988677	1.37813e-20	0.278183	0.370435	0.278182	0.370435	0.562308	0.036029	0	
0.934688	0.012255	4.41784e-21	0.993102	6.57862e-12	0.993101	1.2946e-15	2.58607e-13	0.67983	0.993102	0.957771	3.07839e-09	0.000348597	9.93036e-20	0.0513499	4.24032e-08	1.83899e-12	0.993089	0.974947	0.978859	0.993081	0.957772	1.37813e-20	0.458131	0.526529	0.45813	0.526529	0.485219	0.022487	0	
0.949195	0.00917	8.76434e-21	0.993102	3.5282e-09	0.993101	9.71571e-16	1.93563e-13	0.754841	0.993102	0.858157	7.80823e-09	0.000260843	7.97637e-20	0.0393911	6.95392e-08	2.31121e-12	0.993092	0.897403	0.973154	0.993086	0.858159	1.37813e-20	0.592799	0.643857	0.592798	0.643857	0.487575	0.0202938	0	
0.960208	0.00686162	1.15259e-20	0.993102	6.70727e-08	0.993101	7.27575e-16	1.44896e-13	0.810787	0.993102	0.698463	1.07167e-07	0.00019518	6.46519e-20	0.0304014	8.81043e-08	2.70648e-12	0.993095	0.747463	0.969666	0.99309	0.698465	1.37813e-20	0.693569	0.731747	0.693569	0.731747	0.637626	0.0321791	0	
0.968489	0.00513526	8.63668e-21	0.993102	5.16819e-08	0.993101	5.44418e-16	1.09619e-13	0.794691	0.993102	0.544327	1.60793e-06	0.000146046	4.8389e-20	0.0239222	6.77192e-08	2.79554e-12	0.993097	0.597586	0.975011	0.993093	0.544329	1.37814e-20	0.768973	0.79753	0.768972	0.79753	0.656656	0.0343291	0	
0.974685	0.003844	6.46825e-21	0.993102	3.90382e-08	0.993101	4.07368e-16	8.3777e-14	0.763279	0.993102	0.436277	2.07772e-06	0.000109281	3.62134e-20	0.0191253	5.1898e-08	2.82975e-12	0.993098	0.498816	0.97917	0.993095	0.436278	1.37814e-20	0.825394	0.84675	0.825394	0.84675	0.631551	0.0319475	0	
0.979321	0.00287718	4.85563e-21	0.993102	2.94957e-08	0.993101	3.04821e-16	6.37485e-14	0.764633	0.993102	0.375763	1.78101e-06	8.17711e-05	2.71129e-20	0.0154793	4.08591e-08	2.89135e-12	0.993099	0.452658	0.982054	0.993097	0.375764	1.37814e-20	0.867612	0.883569	0.867612	0.883569	0.664511	0.0337125	0	
0.98279	0.00215459	3.63748e-21	0.993102	2.2151e-08	0.993101	2.28086e-16	4.97524e-14	0.731941	0.993102	0.32942	1.58906e-06	6.11865e-05	2.02918e-20	0.0127929	3.16212e-08	2.9106e-12	0.9931	0.418566	0.984501	0.993098	0.329421	1.37814e-20	0.899203	0.911119	0.899203	0.911119	0.699713	0.0382038	0	
0.985386	0.00161596	2.72282e-21	0.993102	1.65801e-08	0.993101	1.70669e-16	4.13761e-14	0.664432	0.993102	0.325245	1.27203e-06	4.57839e-05	1.51846e-20	0.0108959	2.41793e-08	2.86082e-12	0.9931	0.437403	0.986485	0.993099	0.325247	1.37814e-20	0.922841	0.931713	0.922841	0.931713	0.690915	0.0361447	0	
0.987328	0.0012122	2.03884e-21	0.993102	1.24068e-08	0.993101	1.27706e-16	3.44393e-14	0.624902	0.993102	0.403254	9.56946e-07	3.42594e-05	1.13635e-20	0.0094233	1.87104e-08	2.85228e-12	0.993101	0.523595	0.987944	0.9931	0.403257	1.37814e-20	0.940528	0.946996	0.940528	0.946996	0.73083	0.0408018	0	
0.988782	0.000914429	1.52589e-21	0.993102	9.28358e-09	0.993101	9.55585e-17	3.3499e-14	0.547548	0.993102	0.500842	7.1732e-07	2.56374e-05	8.50322e-21	0.00844473	1.42785e-08	2.7826e-12	0.993101	0.616398	0.98914	0.993101	0.500844	1.37814e-20	0.953763	0.958227	0.953762	0.958227	0.833944	0.0723568	0	
0.989869	0.000793388	1.14177e-21	0.993102	6.94656e-09	0.993101	7.1503e-17	8.58496e-14	0.423815	0.993102	0.611859	5.36949e-07	1.91944e-05	6.36266e-21	0.00892567	1.07194e-08	2.42704e-12	0.993101	0.708068	0.990113	0.993101	0.611861	1.37814e-20	0.963665	0.965249	0.963665	0.965249	0.840442	0.0721013	0	
0.990683	0.000717325	8.5435e-22	0.993102	5.19786e-09	0.993101	5.35034e-17	1.33457e-13	0.329597	0.993102	0.706692	4.0178e-07	1.44916e-05	4.76095e-21	0.00927238	8.05202e-09	2.16276e-12	0.993102	0.779551	0.990844	0.993101	0.706693	1.37814e-20	0.970983	0.952877	0.970983	0.952877	0.882887	0.095793	0	
0.991292	0.0010003	6.39279e-22	0.993102	3.88937e-09	0.993101	4.00351e-17	2.61631e-13	0.252119	0.993102	0.778618	3.00638e-07	1.16933e-05	3.56244e-21	0.0110779	6.03832e-09	1.83417e-12	0.993102	0.833284	0.991398	0.993102	0.778619	1.37813e-20	0.974844	0.873956	0.974843	0.873956	0.921238	0.127677	0	
0.991748	0.00262642	4.7835e-22	0.993102	2.91027e-09	0.993101	2.99572e-17	5.44112e-13	0.191233	0.993102	0.832575	2.24956e-07	1.27517e-05	2.66565e-21	0.0160078	4.52443e-09	1.48652e-12	0.993102	0.873513	0.991814	0.993102	0.832575	1.37813e-20	0.962904	0.723288	0.962904	0.723288	0.942092	0.16802	0	
0.992089	0.00823824	3.57932e-22	0.993102	2.17765e-09	0.993101	2.24164e-17	9.35762e-13	0.1448	0.993102	0.872974	1.68327e-07	2.30659e-05	1.99461e-21	0.0286364	3.38953e-09	1.16322e-12	0.993102	0.903618	0.992119	0.993102	0.872975	1.37813e-20	0.883579	0.566707	0.883578	0.566707	0.946827	0.184611	0	
0.992344	0.0156474	2.67827e-22	0.993102	1.62946e-09	0.993101	1.67746e-17	1.28132e-12	0.109902	0.993102	0.90321	1.25953e-07	5.14882e-05	1.49249e-21	0.0440478	2.53996e-09	9.06928e-13	0.993102	0.926144	0.992342	0.993101	0.903211	1.37813e-20	0.722029	0.434782	0.722027	0.434782	0.957669	0.197736	0	
0.992535	0.0266745	2.00405e-22	0.993102	1.21926e-09	0.993101	1.25534e-17	1.68061e-12	0.0834882	0.993102	0.925837	9.42458e-08	0.000107304	1.11678e-21	0.0615921	1.90354e-09	7.0672e-13	0.993102	0.943	0.992508	0.9931	0.925838	1.37813e-20	0.56279	0.330791	0.562788	0.330791	0.982983	0.24368	0	
0.992677	0.0723003	1.49956e-22	0.993102	9.1233e-10	0.993101	9.39425e-18	2.45517e-12	0.0632276	0.993102	0.942769	7.05207e-08	0.000196917	8.35644e-22	0.107294	1.42614e-09	5.40023e-13	0.993101	0.955612	0.99262	0.993095	0.942769	1.37813e-20	0.43462	0.250767	0.434619	0.250767	0.980395	0.25828	0	
0.992784	0.117073	1.12207e-22	0.993102	6.82664e-10	0.993101	7.03101e-18	2.97432e-12	0.0481073	0.993102	0.955439	5.27681e-08	0.000322199	6.25282e-22	0.155963	1.06902e-09	4.12452e-13	0.993098	0.96505	0.992687	0.993085	0.955439	1.37813e-20	0.331097	0.189816	0.331096	0.189816	0.948705	0.237493	0	
0.992864	0.113964	8.39602e-23	0.993102	5.10812e-10	0.993101	5.26887e-18	2.82895e-12	0.0374938	0.993102	0.96492	3.94844e-08	0.000477627	4.67876e-22	0.172371	8.03474e-10	3.2131e-13	0.993095	0.972112	0.992725	0.993079	0.96492	1.37813e-20	0.249482	0.143644	0.249482	0.143644	0.918591	0.223975	0	
0.992922	0.0970111	6.28246e-23	0.993102	3.82222e-10	0.993101	3.97479e-18	2.44718e-12	0.0307755	0.993102	0.972014	2.95448e-08	0.000649799	3.50094e-22	0.173826	6.07717e-10	2.5705e-13	0.993092	0.977396	0.992726	0.993075	0.972014	1.37813e-20	0.187303	0.108788	0.187302	0.108788	0.878434	0.220359	0	
0.992954	0.0776176	4.70101e-23	0.993102	2.86003e-10	0.993101	3.15822e-18	1.97912e-12	0.0290209	0.993102	0.977322	2.21073e-08	0.000820624	2.61964e-22	0.172314	4.6926e-10	2.10214e-13	0.993089	0.98135	0.992627	0.993071	0.977322	1.37813e-20	0.140366	0.0825437	0.140365	0.0825437	0.825306	0.186299	0	
0.992882	0.0589724	3.51827e-23	0.993102	2.14006e-10	0.993101	3.95933e-18	1.53204e-12	0.0383038	0.993102	0.981294	1.65421e-08	0.000960373	1.96025e-22	0.152261	3.9317e-10	1.92616e-13	0.993089	0.984308	0.992463	0.993073	0.981294	1.37813e-20	0.1051	0.0628668	0.105099	0.0628668	0.840877	0.209704	0	
0.992888	0.046068	2.63296e-23	0.993102	1.60133e-10	0.993101	3.67373e-18	1.2162e-12	0.0410304	0.993102	0.984266	1.23778e-08	0.00100633	1.46682e-22	0.149214	3.24984e-10	1.66246e-13	0.993089	0.986522	0.992292	0.993073	0.984266	1.37813e-20	0.0787787	0.048367	0.0787784	0.048367	0.816049	0.203691	0	
0.992817	0.0355223	1.97112e-23	0.993102	1.19821e-10	0.993101	4.56679e-18	9.52531e-13	0.0503981	0.993102	0.98649	9.26187e-09	0.00102546	1.09766e-22	0.143445	2.93764e-10	1.4934e-13	0.99309	0.988178	0.992013	0.993074	0.98649	1.37813e-20	0.0590399	0.0375913	0.0590397	0.0375913	0.627989	0.124705	0	
0.884385	0.0265851	3.28175e-23	0.993102	8.9658e-11	0.993101	2.79039e-15	7.13733e-13	0.234264	0.993102	0.988154	6.93032e-09	0.000993268	1.00202e-22	0.114621	2.39516e-09	2.32815e-13	0.993092	0.989418	0.988072	0.99308	0.988154	1.37813e-20	0.0441805	0.0298147	0.0441804	0.0298147	0.557312	0.101956	0	
0.850052	0.0198934	3.29836e-22	0.993102	6.70878e-11	0.993101	3.27884e-15	5.34301e-13	0.409779	0.993102	0.989374	5.18571e-09	0.000748946	3.80246e-22	0.0904392	1.07339e-08	3.65029e-13	0.993095	0.990342	0.978635	0.993086	0.989374	1.37813e-20	0.0342458	0.0752338	0.0342456	0.0752338	0.517472	0.0601136	0	
0.874567	0.0148857	1.74923e-21	0.993102	5.02191e-11	0.993101	2.62861e-15	3.99906e-13	0.549384	0.993102	0.98945	3.88078e-09	0.00056058	1.78689e-21	0.0697176	2.78684e-08	7.1376e-13	0.993097	0.990777	0.971976	0.99309	0.98945	1.37813e-20	0.202257	0.281258	0.202256	0.281258	0.496906	0.0239881	0	
0.902737	0.0111385	4.72923e-21	0.993102	4.95402e-11	0.993101	1.99134e-15	2.99307e-13	0.656239	0.993102	0.97701	2.93552e-09	0.000419472	4.75728e-21	0.0531644	5.07828e-08	1.44158e-12	0.993098	0.982922	0.969664	0.993093	0.977011	1.37813e-20	0.400754	0.458761	0.400753	0.458761	0.508104	0.0177309	0	
0.925358	0.00833456	5.72413e-21	0.993102	5.86064e-10	0.993101	1.49189e-15	2.2405e-13	0.735007	0.993102	0.90016	3.96782e-09	0.000313877	5.74504e-21	0.0406613	6.19232e-08	2.10717e-12	0.993099	0.922669	0.970134	0.993095	0.900161	1.37813e-20	0.549863	0.593073	0.549863	0.593073	0.447997	0.00749552	0	
0.942122	0.00623646	2.84767e-20	0.993102	1.42372e-07	0.993101	1.12055e-15	1.67676e-13	0.798135	0.993102	0.74904	3.04374e-08	0.000234863	2.84915e-20	0.0311432	1.25936e-07	2.83883e-12	0.9931	0.774009	0.96172	0.993097	0.749041	1.37813e-20	0.661442	0.693733	0.661441	0.693733	0.497943	0.00606234	0	
0.954944	0.00466655	2.45894e-20	0.9931	3.47008e-07	0.993101	8.38626e-16	1.25539e-13	0.842271	0.993102	0.587737	3.468e-07	0.000175739	2.46003e-20	0.0240009	1.23549e-07	3.42302e-12	0.9931	0.609508	0.964347	0.993098	0.587738	1.37814e-20	0.744933	0.769084	0.744932	0.769084	0.556827	0.00639703	0	
0.96455	0.00349192	1.87106e-20	0.993097	3.9297e-07	0.993101	6.2752e-16	9.41743e-14	0.864869	0.993102	0.451827	2.17861e-06	0.000131499	1.87188e-20	0.0186613	1.01476e-07	3.85148e-12	0.993101	0.469672	0.969927	0.993099	0.451828	1.37814e-20	0.807406	0.825472	0.807406	0.825472	0.639587	0.00904195	0	
0.971737	0.00261351	1.40118e-20	0.993097	3.06061e-07	0.993101	4.6955e-16	7.17135e-14	0.833312	0.993102	0.345888	6.89776e-06	9.83962e-05	1.4018e-20	0.0147039	7.76557e-08	4.10561e-12	0.993101	0.360729	0.975425	0.9931	0.345888	1.37814e-20	0.854152	0.867668	0.854152	0.867668	0.682312	0.0095464	0	
0.977116	0.00195709	1.04866e-20	0.993098	2.2963e-07	0.993101	3.51347e-16	5.65896e-14	0.761972	0.993102	0.273089	6.68254e-06	7.36264e-05	1.04912e-20	0.0117502	5.88409e-08	4.28349e-12	0.993101	0.286991	0.97973	0.993101	0.273088	1.37814e-20	0.889131	0.899238	0.889131	0.899238	0.715554	0.0101466	0	
0.98114	0.00146737	7.84728e-21	0.993099	1.71833e-07	0.993101	2.629e-16	4.80385e-14	0.667552	0.993102	0.254699	5.09011e-06	5.50921e-05	7.85072e-21	0.00954907	4.4406e-08	4.40212e-12	0.993102	0.273753	0.983021	0.993101	0.254696	1.37814e-20	0.915304	0.922843	0.915304	0.922843	0.74475	0.0122154	0	
0.984151	0.00110349	5.872e-21	0.9931	1.28577e-07	0.993101	1.96719e-16	4.6156e-14	0.565131	0.993102	0.346842	3.81098e-06	4.12244e-05	5.87458e-21	0.0079339	3.3438e-08	4.44238e-12	0.993102	0.37492	0.985515	0.993101	0.346837	1.37814e-20	0.934889	0.940369	0.934889	0.940369	0.754784	0.0122274	0	
0.986405	0.000832436	4.39392e-21	0.9931	9.62091e-08	0.993101	1.47198e-16	4.70166e-14	0.479253	0.993102	0.491579	2.85165e-06	3.08543e-05	4.39585e-21	0.00672552	2.51927e-08	4.47223e-12	0.993102	0.516261	0.987389	0.993102	0.491575	1.37814e-20	0.949542	0.952406	0.949541	0.952406	0.763236	0.014379	0	
0.98809	0.000631209	3.28789e-21	0.993101	7.19898e-08	0.993101	1.10145e-16	4.9959e-14	0.407955	0.993102	0.614407	2.13379e-06	2.31298e-05	3.28933e-21	0.00585591	1.89962e-08	4.4462e-12	0.993102	0.633722	0.988796	0.993102	0.614404	1.37814e-20	0.96046	0.955904	0.96046	0.955904	0.791925	0.0165929	0	
0.989352	0.000487759	2.46023e-21	0.993101	5.38673e-08	0.993101	8.24209e-17	6.36135e-14	0.335681	0.993102	0.708907	1.59664e-06	1.74845e-05	2.46131e-21	0.00524236	1.42962e-08	4.37909e-12	0.993102	0.723594	0.989861	0.993102	0.708905	1.37814e-20	0.968217	0.939397	0.968217	0.939397	0.809005	0.0188704	0	
0.990295	0.000387723	1.84092e-21	0.993101	4.0307e-08	0.993101	6.16792e-17	8.45117e-14	0.273587	0.993102	0.780253	1.19471e-06	1.38355e-05	1.84172e-21	0.00482323	1.07555e-08	4.28202e-12	0.993102	0.791305	0.990663	0.993102	0.780251	1.37814e-20	0.968711	0.870717	0.968711	0.870717	0.777814	0.0187713	0	
0.990997	0.000302288	1.37754e-21	0.993102	3.01602e-08	0.993101	4.62324e-17	8.30179e-14	0.243519	0.993102	0.833778	8.93954e-07	1.29576e-05	1.37814e-21	0.00450783	8.15666e-09	4.21138e-12	0.993102	0.842065	0.991252	0.993102	0.833777	1.37814e-20	0.888411	0.744256	0.888411	0.744256	0.797598	0.0220694	0	
0.991522	0.000245498	1.03078e-21	0.993102	2.25678e-08	0.993101	3.46603e-17	9.15013e-14	0.209736	0.993102	0.873855	6.68913e-07	1.44489e-05	1.03123e-21	0.00433287	6.1765e-09	4.09423e-12	0.993102	0.880067	0.991699	0.993102	0.873854	1.37814e-20	0.77921	0.617958	0.779209	0.617958	0.824478	0.0262986	0	
0.991917	0.000219662	7.71302e-22	0.993102	1.68867e-08	0.993101	2.59795e-17	1.18766e-13	0.173785	0.993102	0.903858	5.00524e-07	2.01528e-05	7.7164e-22	0.00428633	4.66439e-09	3.93008e-12	0.993102	0.908513	0.99204	0.993102	0.903857	1.37814e-20	0.651128	0.497698	0.651127	0.497698	0.871067	0.0378218	0	
0.992214	0.000279315	5.77138e-22	0.993102	1.26357e-08	0.993101	1.94537e-17	2.16579e-13	0.136955	0.993102	0.926316	3.74524e-07	3.42511e-05	5.77392e-22	0.00452072	3.50703e-09	3.6289e-12	0.993102	0.929803	0.992302	0.993102	0.926316	1.37814e-20	0.533222	0.390952	0.533221	0.390952	0.871358	0.0428455	0	
0.992436	0.000336836	4.31853e-22	0.993102	9.45482e-09	0.993101	1.45857e-17	2.90515e-13	0.109357	0.993102	0.943125	2.80242e-07	6.56716e-05	4.32042e-22	0.00483412	2.64092e-09	3.33775e-12	0.993102	0.945736	0.992497	0.993102	0.943125	1.37814e-20	0.411346	0.30177	0.411345	0.30177	0.843418	0.0353473	0	
0.992593	0.000314986	3.23143e-22	0.993102	7.07469e-09	0.993101	1.1069e-17	2.90847e-13	0.0936128	0.993102	0.955704	2.09695e-07	0.000118671	3.23285e-22	0.00486751	2.00537e-09	3.22059e-12	0.993102	0.957659	0.99264	0.993102	0.955704	1.37814e-20	0.310236	0.231205	0.310235	0.231205	0.756203	0.0279328	0	
0.992243	0.000245179	2.41903e-22	0.993102	5.29374e-09	0.993101	1.52404e-17	2.30469e-13	0.125203	0.993102	0.965117	1.56907e-07	0.000184053	2.42009e-22	0.00472092	1.66799e-09	3.24851e-12	0.993102	0.96658	0.992708	0.993102	0.965117	1.37814e-20	0.232368	0.176968	0.232367	0.176968	0.686215	0.0195335	0	
0.988346	0.000185436	1.82767e-22	0.993102	3.96111e-09	0.993101	7.22041e-17	1.75618e-13	0.22728	0.993102	0.972159	1.17408e-07	0.00018837	1.82846e-22	0.00444503	1.92697e-09	3.4228e-12	0.993102	0.973255	0.992644	0.993102	0.972159	1.37814e-20	0.174072	0.139776	0.174072	0.139776	0.479967	0.00892057	0	
0.766389	0.000138781	6.87144e-21	0.993102	2.96395e-09	0.993101	3.02646e-14	1.3146e-13	0.416593	0.993102	0.977409	8.78521e-08	0.000147527	6.87127e-21	0.00406459	4.34399e-08	3.78781e-12	0.993102	0.978232	0.984848	0.993102	0.977408	1.37814e-20	0.130444	0.15192	0.130444	0.15192	0.413722	0.00501304	0	
0.641619	0.000103851	1.00448e-19	0.993102	2.21946e-09	0.993101	3.23423e-14	9.83803e-14	0.560789	0.993102	0.980372	6.57366e-08	0.000110539	1.00444e-19	0.00372455	1.90495e-07	4.16065e-12	0.993102	0.981082	0.961402	0.993102	0.980372	1.37813e-20	0.168649	0.341547	0.168648	0.341547	0.39969	0.00366441	0	
0.678277	7.77127e-05	2.42227e-19	0.993102	2.58286e-09	0.993101	2.5151e-14	7.36247e-14	0.668913	0.993102	0.967021	4.92105e-08	8.27203e-05	2.42218e-19	0.00345198	3.51717e-07	4.47589e-12	0.993102	0.968651	0.937431	0.993102	0.967022	1.37813e-20	0.373614	0.504217	0.373613	0.504217	0.376602	0.00311218	0	
0.739925	5.81525e-05	6.01941e-19	0.993102	1.77389e-07	0.993101	1.90949e-14	5.50971e-14	0.750078	0.993102	0.878246	3.84611e-08	6.18975e-05	6.01919e-19	0.00324074	5.95111e-07	4.7269e-12	0.993102	0.88311	0.904702	0.993102	0.878247	1.37813e-20	0.529507	0.627131	0.529506	0.627131	0.390913	0.00288495	0	
0.801569	4.35173e-05	6.87743e-19	0.9931	2.67694e-06	0.993101	1.43186e-14	4.12358e-14	0.810665	0.993102	0.717761	7.05187e-08	4.63159e-05	6.87719e-19	0.0030797	6.94615e-07	4.92101e-12	0.993102	0.724089	0.890275	0.993102	0.717762	1.37814e-20	0.646209	0.719228	0.646209	0.719228	0.459065	0.00317635	0	
0.849744	3.25776e-05	5.30153e-19	0.993093	3.88308e-06	0.993101	1.07147e-14	3.08889e-14	0.854294	0.993102	0.558814	5.29283e-07	3.46565e-05	5.30136e-19	0.00296302	5.8355e-07	5.05828e-12	0.993102	0.564844	0.905565	0.993102	0.558816	1.37815e-20	0.733535	0.788163	0.733534	0.788163	0.524483	0.00323306	0	
0.885831	2.44328e-05	3.97829e-19	0.993085	3.69201e-06	0.993101	8.01744e-15	2.32378e-14	0.880944	0.993102	0.427709	3.13111e-06	2.59322e-05	3.97817e-19	0.00287646	4.53891e-07	5.15946e-12	0.993102	0.432834	0.924643	0.993102	0.42771	1.37818e-20	0.798877	0.83975	0.798877	0.83975	0.57033	0.0035605	0	
0.912835	1.84238e-05	2.97862e-19	0.993076	3.12751e-06	0.993101	5.99916e-15	1.76999e-14	0.889416	0.993102	0.325745	1.03893e-05	1.94042e-05	2.97853e-19	0.00281601	3.46522e-07	5.2262e-12	0.993102	0.329989	0.940678	0.993102	0.325744	1.37819e-20	0.847771	0.878352	0.847771	0.878352	0.620176	0.00376206	0	
0.933041	1.41713e-05	2.22904e-19	0.993076	2.40993e-06	0.993101	4.48895e-15	1.40894e-14	0.868341	0.993102	0.248577	1.91577e-05	1.45194e-05	2.22897e-19	0.00277345	2.61833e-07	5.27063e-12	0.993102	0.25212	0.95343	0.993102	0.248574	1.3782e-20	0.884356	0.907237	0.884356	0.907237	0.663028	0.00425276	0	
0.948161	1.15209e-05	1.66795e-19	0.993082	1.80867e-06	0.993101	3.35892e-15	1.25342e-14	0.811243	0.993102	0.193294	1.93321e-05	1.08644e-05	1.6679e-19	0.00274816	1.97e-07	5.29057e-12	0.993102	0.196569	0.963226	0.993102	0.193289	1.3782e-20	0.911731	0.928849	0.911731	0.928849	0.703072	0.00517976	0	
0.959474	1.07012e-05	1.24808e-19	0.993087	1.35347e-06	0.993101	2.51336e-15	1.38153e-14	0.719599	0.993102	0.166147	1.49939e-05	8.12948e-06	1.24804e-19	0.00274179	1.47892e-07	5.28074e-12	0.993102	0.170716	0.970659	0.993102	0.166136	1.3782e-20	0.932215	0.945015	0.932215	0.945015	0.732534	0.00601222	0	
0.96794	1.18204e-05	9.33895e-20	0.993091	1.01276e-06	0.993101	1.88065e-15	1.83347e-14	0.616562	0.993102	0.216953	1.12333e-05	6.08334e-06	9.33866e-20	0.0027485	1.10931e-07	5.25154e-12	0.993102	0.227469	0.97626	0.993102	0.216929	1.37819e-20	0.947543	0.957064	0.947543	0.957064	0.77414	0.00759591	0	
0.974274	1.78887e-05	6.988e-20	0.993094	7.57808e-07	0.993101	1.40723e-15	3.20981e-14	0.502625	0.993102	0.367867	8.40574e-06	4.55468e-06	6.98779e-20	0.00277588	8.31227e-08	5.18915e-12	0.993102	0.381015	0.980477	0.993102	0.367843	1.37818e-20	0.959012	0.965692	0.959012	0.965692	0.783534	0.00850607	0	
0.979014	2.44984e-05	5.22887e-20	0.993096	5.6704e-07	0.993101	1.05298e-15	4.61956e-14	0.411296	0.993102	0.519842	6.28971e-06	3.4348e-06	5.22871e-20	0.00280955	6.22946e-08	5.11974e-12	0.993102	0.530512	0.983637	0.993102	0.519823	1.37818e-20	0.967581	0.968321	0.967581	0.968321	0.793651	0.00942003	0	
0.98256	3.21867e-05	3.91257e-20	0.993097	4.24295e-07	0.993101	7.87906e-16	6.17183e-14	0.337271	0.993102	0.63809	4.70636e-06	2.736e-06	3.91246e-20	0.00284821	4.6692e-08	5.04539e-12	0.993102	0.646226	0.986004	0.993102	0.638076	1.37817e-20	0.973616	0.950198	0.973616	0.950198	0.820055	0.011829	0	
0.985214	4.87362e-05	2.92764e-20	0.993099	3.17485e-07	0.993101	5.89566e-16	9.22221e-14	0.270658	0.993102	0.727257	3.5216e-06	2.77621e-06	2.92755e-20	0.00291384	3.49846e-08	4.93263e-12	0.993102	0.733388	0.987781	0.993102	0.727246	1.37816e-20	0.974155	0.880543	0.974155	0.880543	0.852712	0.0168588	0	
0.987199	8.88435e-05	2.19064e-20	0.993099	2.37562e-07	0.993101	4.41155e-16	1.57476e-13	0.212389	0.993102	0.794126	2.63508e-06	4.8397e-06	2.19058e-20	0.00304549	2.6202e-08	4.73749e-12	0.993102	0.798729	0.989115	0.993102	0.794118	1.37816e-20	0.949607	0.748219	0.949609	0.748219	0.868669	0.022043	0	
0.988685	0.000146408	1.63918e-20	0.9931	1.77759e-07	0.993101	3.30107e-16	2.39563e-13	0.16617	0.993102	0.844199	1.97174e-06	1.24804e-05	1.63913e-20	0.00323816	1.96237e-08	4.4884e-12	0.993102	0.847649	0.990114	0.993102	0.844193	1.37815e-20	0.835987	0.596806	0.835991	0.596806	0.869214	0.0258667	0	
0.989795	0.000196776	1.22654e-20	0.993101	1.33011e-07	0.993101	2.47025e-16	3.02321e-13	0.131511	0.993102	0.881677	1.47538e-06	3.16643e-05	1.2265e-20	0.00345825	1.47011e-08	4.23254e-12	0.993102	0.884261	0.990862	0.993102	0.881672	1.37815e-20	0.66007	0.462661	0.660074	0.462661	0.884635	0.0391285	0	
0.990627	0.000301996	9.17774e-21	0.993101	9.95271e-08	0.993101	1.84859e-16	3.93739e-13	0.103713	0.993102	0.909723	1.10397e-06	6.83423e-05	9.17746e-21	0.00393568	1.10132e-08	3.83747e-12	0.993102	0.911659	0.991421	0.993102	0.90972	1.37815e-20	0.506835	0.354505	0.506838	0.354505	0.896413	0.0423719	0	
0.991248	0.000434915	6.86737e-21	0.993101	7.44725e-08	0.993101	1.38344e-16	5.06642e-13	0.081818	0.993102	0.930711	8.26063e-07	0.000128977	6.86716e-21	0.00438275	8.25089e-09	3.49974e-12	0.993102	0.93216	0.99184	0.993102	0.930708	1.37814e-20	0.384796	0.2701	0.384799	0.2701	0.931112	0.0582276	0	
0.991714	0.000898893	5.1386e-21	0.993102	5.57251e-08	0.993101	1.03526e-16	8.03502e-13	0.0633442	0.993102	0.946416	6.18113e-07	0.000217096	5.13845e-21	0.00524959	6.1789e-09	3.07629e-12	0.993102	0.947501	0.992155	0.993102	0.946414	1.37814e-20	0.292573	0.205249	0.292575	0.205249	0.886172	0.0536703	0	
0.992059	0.000886011	3.84503e-21	0.993102	4.1697e-08	0.993101	7.75351e-17	7.73985e-13	0.0525493	0.993102	0.958168	4.62511e-07	0.000336893	3.84491e-21	0.00572782	4.63589e-09	2.8031e-12	0.993102	0.95898	0.992388	0.993102	0.958166	1.37814e-20	0.219839	0.155761	0.21984	0.155761	0.887757	0.0522358	0	
0.992316	0.000877014	2.8771e-21	0.993102	3.12004e-08	0.993101	5.80987e-17	7.57464e-13	0.0443144	0.993102	0.966961	3.4608e-07	0.000468533	2.87701e-21	0.00603511	3.48093e-09	2.61327e-12	0.993102	0.96757	0.992562	0.993102	0.96696	1.37814e-20	0.165112	0.11831	0.165113	0.11831	0.923546	0.045404	0	
0.992512	0.00103794	2.15283e-21	0.993102	2.33461e-08	0.993101	4.34962e-17	9.3158e-13	0.035625	0.993102	0.973541	2.58959e-07	0.000605747	2.15276e-21	0.00604302	2.61054e-09	2.54675e-12	0.993102	0.973997	0.992696	0.993102	0.973541	1.37814e-20	0.124452	0.0900217	0.124452	0.0900217	0.836969	0.0327685	0	
0.9926	0.000829201	1.61089e-21	0.993102	1.7469e-08	0.993101	3.34238e-17	7.61642e-13	0.0399779	0.993102	0.978465	1.9377e-07	0.00075679	1.61084e-21	0.00570953	1.98667e-09	2.66698e-12	0.993102	0.978806	0.992788	0.993101	0.978464	1.37814e-20	0.0932361	0.0686172	0.0932367	0.0686172	0.713761	0.0189816	0	
0.985312	0.000623855	1.20595e-21	0.993102	1.30714e-08	0.993101	1.3609e-16	5.75403e-13	0.129451	0.993102	0.982149	1.44991e-07	0.000844531	1.20592e-21	0.00517479	1.87787e-09	2.99868e-12	0.993102	0.982405	0.992774	0.993102	0.982149	1.37814e-20	0.0697767	0.0527147	0.0697771	0.0527147	0.686232	0.0191471	0	
0.983493	0.000468771	9.04128e-22	0.993102	9.78089e-09	0.993101	1.5764e-16	4.33721e-13	0.230436	0.993102	0.984903	1.08491e-07	0.000678457	9.04101e-22	0.00477765	2.08377e-09	3.24356e-12	0.993102	0.985095	0.992695	0.993102	0.984903	1.37814e-20	0.0524485	0.047433	0.0524489	0.047433	0.672694	0.0145996	0	
0.985039	0.000352132	6.79548e-22	0.993102	7.31868e-09	0.993101	1.30684e-16	3.26954e-13	0.322588	0.993102	0.986943	8.11801e-08	0.000513839	6.79528e-22	0.00440201	2.44888e-09	3.52199e-12	0.993102	0.987093	0.992603	0.993102	0.986943	1.37814e-20	0.0491246	0.0852935	0.0491247	0.0852935	0.561732	0.00631453	0	
0.975861	0.000263614	7.64296e-22	0.993102	5.4763e-09	0.993101	2.68365e-16	2.4491e-13	0.474532	0.993102	0.988343	6.07441e-08	0.000385465	7.64271e-22	0.003995	1.00177e-08	3.92766e-12	0.993102	0.988473	0.991227	0.993102	0.988342	1.37814e-20	0.0746018	0.216587	0.0746013	0.216587	0.459874	0.00245545	0	
0.951013	0.000197268	1.56165e-20	0.993102	4.10035e-09	0.993101	6.81223e-16	1.83292e-13	0.602741	0.993102	0.986422	4.54533e-08	0.000288476	1.56159e-20	0.0036385	7.0267e-08	4.3349e-12	0.993102	0.986667	0.98141	0.993102	0.986422	1.37814e-20	0.283385	0.404669	0.283384	0.404669	0.495833	0.00329039	0	
0.961006	0.00014764	1.52555e-20	0.993102	3.17368e-09	0.993101	5.18511e-16	1.37221e-13	0.696265	0.993102	0.952859	3.4128e-08	0.00021586	1.52549e-20	0.00338265	8.31569e-08	4.61651e-12	0.993102	0.954989	0.979148	0.993102	0.95286	1.37814e-20	0.461976	0.552214	0.461975	0.552214	0.465314	0.0018939	0	
0.968771	0.00011049	2.35174e-20	0.993102	1.74487e-08	0.993101	3.92566e-16	1.02716e-13	0.76839	0.993102	0.834037	3.0198e-08	0.000161521	2.35166e-20	0.00317307	1.18523e-07	4.86611e-12	0.993102	0.837997	0.973493	0.993102	0.834038	1.37814e-20	0.595676	0.663111	0.595676	0.663111	0.533188	0.00176663	0	
0.974891	8.27409e-05	1.83985e-20	0.993102	3.09248e-08	0.993101	2.93814e-16	7.70067e-14	0.815151	0.993102	0.669471	1.05626e-07	0.00012086	1.83978e-20	0.00301462	1.03173e-07	5.05647e-12	0.993102	0.673762	0.976011	0.993102	0.669472	1.37814e-20	0.695723	0.746161	0.695723	0.746161	0.668671	0.00280541	0	
0.979476	6.29087e-05	1.37705e-20	0.993102	2.36537e-08	0.993101	2.19851e-16	5.9851e-14	0.764892	0.993102	0.520965	6.40845e-07	9.04353e-05	1.377e-20	0.00290947	7.81646e-08	5.16981e-12	0.993102	0.525235	0.980147	0.993102	0.520967	1.37814e-20	0.770584	0.808316	0.770584	0.808316	0.747567	0.00428795	0	
0.982906	5.20464e-05	1.03041e-20	0.993102	1.77022e-08	0.993101	1.64506e-16	5.55867e-14	0.635278	0.993102	0.437868	5.5937e-07	6.76696e-05	1.03037e-20	0.00285041	5.86867e-08	5.21412e-12	0.993102	0.44448	0.983373	0.993102	0.437869	1.37814e-20	0.8266	0.854811	0.8266	0.854811	0.800894	0.00590044	0	
0.985473	5.38689e-05	7.7102e-21	0.993102	1.32459e-08	0.993101	1.23094e-16	7.29778e-14	0.501302	0.993102	0.517812	4.19034e-07	5.06365e-05	7.70992e-21	0.00282823	4.39817e-08	5.20457e-12	0.993102	0.527965	0.98581	0.993102	0.517814	1.37814e-20	0.868515	0.889318	0.868514	0.889318	0.826078	0.0064542	0	
0.987393	6.52792e-05	5.76927e-21	0.993102	9.91141e-09	0.993101	9.21069e-17	1.06541e-13	0.391457	0.993102	0.632179	3.1355e-07	3.79169e-05	5.76906e-21	0.00281935	3.29513e-08	5.18307e-12	0.993102	0.640404	0.987638	0.993102	0.632181	1.37814e-20	0.899872	0.911061	0.899872	0.911061	0.837716	0.00728639	0	
0.98883	8.08895e-05	4.31694e-21	0.993102	7.41635e-09	0.993101	6.89209e-17	1.45267e-13	0.306047	0.993102	0.722438	2.34618e-07	2.86184e-05	4.31678e-21	0.00282447	2.4689e-08	5.14571e-12	0.993102	0.728674	0.989007	0.993102	0.722439	1.37814e-20	0.922985	0.897129	0.922985	0.897129	0.874784	0.0128727	0	
0.989906	0.000135716	3.23021e-21	0.993102	5.54938e-09	0.993101	5.15719e-17	2.46266e-13	0.235439	0.993102	0.790466	1.75556e-07	2.27752e-05	3.23009e-21	0.00291253	1.84895e-08	4.98378e-12	0.993102	0.795156	0.990035	0.993102	0.790467	1.37813e-20	0.935556	0.803838	0.935555	0.803838	0.893561	0.0178773	0	
0.99071	0.000222511	2.41705e-21	0.993102	4.1524e-09	0.993101	3.8591e-17	3.84539e-13	0.180626	0.993102	0.84145	1.31362e-07	2.26286e-05	2.41696e-21	0.00306225	1.38458e-08	4.75465e-12	0.993102	0.844968	0.990805	0.993102	0.841451	1.37813e-20	0.90164	0.655394	0.90164	0.655394	0.891797	0.022764	0	
0.991312	0.000295248	1.80859e-21	0.993102	3.10709e-09	0.993101	2.88817e-17	4.81061e-13	0.139769	0.993102	0.879618	9.82936e-08	3.36522e-05	1.80852e-21	0.00326458	1.03714e-08	4.48773e-12	0.993102	0.882253	0.99138	0.993102	0.879618	1.37813e-20	0.752116	0.511441	0.752114	0.511441	0.890973	0.0199407	0	
0.991762	0.00034062	1.3533e-21	0.993102	2.32492e-09	0.993101	2.16237e-17	5.50125e-13	0.109273	0.993102	0.908182	7.35495e-08	6.30318e-05	1.35325e-21	0.00336274	7.77185e-09	4.34202e-12	0.993102	0.910155	0.991811	0.993102	0.908182	1.37813e-20	0.582608	0.392441	0.582606	0.392441	0.887337	0.0164688	0	
0.992097	0.000358716	1.01263e-21	0.993102	1.73966e-09	0.993101	1.6207e-17	5.88466e-13	0.0867997	0.993102	0.929557	5.50344e-08	0.000116813	1.01259e-21	0.00337469	5.82755e-09	4.30375e-12	0.993102	0.931034	0.992133	0.993102	0.929558	1.37813e-20	0.44172	0.299042	0.441719	0.299042	0.910007	0.0210364	0	
0.992349	0.000447405	7.57712e-22	0.993102	1.30172e-09	0.993101	1.21441e-17	7.18595e-13	0.0681722	0.993102	0.945553	4.11802e-08	0.000196562	7.57685e-22	0.00346543	4.36827e-09	4.18303e-12	0.993102	0.946658	0.992375	0.993102	0.945553	1.37813e-20	0.334253	0.22723	0.334253	0.22723	0.944335	0.0364701	0	
0.992538	0.000818416	5.66968e-22	0.993102	9.7403e-10	0.993101	9.09324e-18	1.09057e-12	0.0526435	0.993102	0.957522	3.08137e-08	0.00030548	5.66948e-22	0.00387162	3.27251e-09	3.83702e-12	0.993102	0.958349	0.992557	0.993102	0.957522	1.37813e-20	0.253631	0.172427	0.25363	0.172427	0.992851	0.0568998	0	
0.99268	0.00252175	4.24242e-22	0.993102	7.28831e-10	0.993101	6.80536e-18	2.27496e-12	0.0400124	0.993102	0.966478	2.30568e-08	0.000444619	4.24226e-22	0.00481589	2.45017e-09	3.34098e-12	0.993102	0.967098	0.992693	0.993102	0.966478	1.37813e-20	0.194746	0.130785	0.194746	0.130785	0.96097	0.0767657	0	
0.992786	0.00339088	3.17445e-22	0.993102	5.45358e-10	0.993101	5.09784e-18	2.47337e-12	0.0311126	0.993102	0.97318	1.72525e-08	0.000610752	3.17433e-22	0.0064479	1.83616e-09	2.81574e-12	0.993102	0.973644	0.992794	0.993101	0.97318	1.37813e-20	0.147326	0.0992333	0.147326	0.0992333	0.863997	0.0740557	0	
0.992843	0.00274317	2.37534e-22	0.993102	4.08071e-10	0.993101	4.14019e-18	1.96161e-12	0.0312155	0.993102	0.978194	1.29094e-08	0.000789163	2.37525e-22	0.00752063	1.39332e-09	2.44032e-12	0.993102	0.978542	0.992858	0.993101	0.978194	1.37813e-20	0.110401	0.0754019	0.110401	0.0754019	0.836978	0.0645512	0	
0.992843	0.00215184	1.77742e-22	0.993102	3.05345e-10	0.993101	4.05568e-18	1.53239e-12	0.0366763	0.993102	0.981947	9.65966e-09	0.000921979	1.77736e-22	0.00786078	1.07586e-09	2.2292e-12	0.993102	0.982207	0.9929	0.993101	0.981947	1.37813e-20	0.0827045	0.0575721	0.0827042	0.0575721	0.729244	0.0471365	0	
0.98859	0.00161827	1.33313e-22	0.993102	2.28479e-10	0.993101	6.69101e-17	1.15412e-12	0.109134	0.993102	0.984755	7.22797e-09	0.000987107	1.33308e-22	0.00746261	1.09213e-09	2.23922e-12	0.993102	0.98495	0.992831	0.993101	0.984755	1.37813e-20	0.0618985	0.0443629	0.0618983	0.0443629	0.659936	0.0270673	0	
0.974247	0.00121225	1.04787e-22	0.993102	1.70962e-10	0.993101	2.89945e-16	8.65455e-13	0.246662	0.993102	0.986854	5.40843e-09	0.000808458	1.04784e-22	0.0066443	1.96547e-09	2.52883e-12	0.993102	0.987001	0.992578	0.993101	0.986854	1.37813e-20	0.0463786	0.0385736	0.0463785	0.0385736	0.510211	0.0103545	0	
0.822186	0.00090713	2.08717e-21	0.993102	1.27925e-10	0.993101	6.33222e-15	6.47682e-13	0.428283	0.993102	0.988394	4.04693e-09	0.000609403	2.08709e-21	0.00573164	2.44076e-08	3.08421e-12	0.993102	0.98851	0.988201	0.993101	0.988394	1.37813e-20	0.0354646	0.0928683	0.0354645	0.0928683	0.452464	0.0053916	0	
0.787822	0.000678786	2.17968e-20	0.993102	9.62788e-11	0.993101	6.36766e-15	4.84667e-13	0.568454	0.993102	0.988333	3.02829e-09	0.000456112	2.1796e-20	0.00497713	9.10618e-08	3.62416e-12	0.993102	0.988547	0.976899	0.993102	0.988333	1.37813e-20	0.171281	0.301645	0.17128	0.301645	0.398668	0.00257156	0	
0.792142	0.000507916	1.90344e-19	0.993102	1.37727e-09	0.993101	5.61402e-15	3.62669e-13	0.674662	0.993102	0.970445	2.2948e-09	0.000341299	1.90336e-19	0.0043749	2.81633e-07	4.10456e-12	0.993102	0.971492	0.949066	0.993102	0.970445	1.37813e-20	0.376221	0.47455	0.37622	0.47455	0.430387	0.00241128	0	
0.840783	0.000380063	1.91363e-19	0.993102	2.67173e-08	0.993101	4.22931e-15	2.71391e-13	0.753526	0.993102	0.873939	3.72256e-09	0.000255383	1.91355e-19	0.00392219	3.23945e-07	4.4685e-12	0.993102	0.877625	0.942204	0.993102	0.873941	1.37813e-20	0.531497	0.60495	0.531497	0.60495	0.427787	0.00175861	0	
0.878678	0.000284395	1.97488e-19	0.993101	6.8814e-07	0.993101	3.17118e-15	2.0309e-13	0.812602	0.993102	0.711429	4.85861e-08	0.000191094	1.97481e-19	0.00357506	3.61648e-07	4.75919e-12	0.993102	0.715759	0.93641	0.993102	0.711431	1.37813e-20	0.647699	0.702633	0.647699	0.702633	0.48724	0.00146968	0	
0.90747	0.000212828	1.52808e-19	0.993097	1.17307e-06	0.993101	2.37307e-15	1.52024e-13	0.854033	0.993102	0.55332	5.1731e-07	0.000142989	1.52803e-19	0.00331164	3.06921e-07	4.98492e-12	0.993102	0.557133	0.94474	0.993102	0.553322	1.37814e-20	0.73465	0.775746	0.734649	0.775746	0.594648	0.00186244	0	
0.929026	0.000159474	1.14409e-19	0.993096	9.24781e-07	0.993101	1.77568e-15	1.14261e-13	0.858419	0.993102	0.423647	2.94953e-06	0.000106993	1.14405e-19	0.00311953	2.33895e-07	5.14269e-12	0.993102	0.426849	0.9562	0.993102	0.423647	1.37815e-20	0.799712	0.830459	0.799711	0.830459	0.639111	0.00202559	0	
0.945157	0.000119872	8.56199e-20	0.993096	7.01442e-07	0.993101	1.32868e-15	8.6732e-14	0.828937	0.993102	0.325838	5.28086e-06	8.00591e-05	8.56169e-20	0.00297788	1.76757e-07	5.25614e-12	0.993102	0.328585	0.965195	0.993102	0.325837	1.37815e-20	0.848395	0.871398	0.848395	0.871398	0.662014	0.0021763	0	
0.957226	9.05577e-05	6.40709e-20	0.993097	5.26027e-07	0.993101	9.942e-16	6.68501e-14	0.782916	0.993102	0.259311	4.90239e-06	5.99053e-05	6.40686e-20	0.00287382	1.33362e-07	5.33679e-12	0.993102	0.26201	0.972033	0.993102	0.259309	1.37815e-20	0.884823	0.902029	0.884823	0.902029	0.70307	0.00248168	0	
0.966258	6.97315e-05	4.79428e-20	0.993098	3.93643e-07	0.993101	7.43924e-16	5.44578e-14	0.698407	0.993102	0.229608	3.82103e-06	4.48251e-05	4.79411e-20	0.00279991	1.00275e-07	5.38858e-12	0.993102	0.233168	0.977254	0.993102	0.229605	1.37815e-20	0.912081	0.92494	0.912081	0.92494	0.750486	0.00321294	0	
0.973015	5.7339e-05	3.5874e-20	0.993099	2.94549e-07	0.993101	5.56651e-16	5.22006e-14	0.58282	0.993102	0.290181	2.86449e-06	3.35415e-05	3.58727e-20	0.00275414	7.52196e-08	5.40708e-12	0.993102	0.296851	0.981211	0.993102	0.290175	1.37815e-20	0.932477	0.942012	0.932477	0.942012	0.762098	0.00324487	0	
0.978072	4.94194e-05	2.68433e-20	0.9931	2.204e-07	0.993101	4.16522e-16	5.35054e-14	0.486357	0.993102	0.44232	2.14345e-06	2.51033e-05	2.68423e-20	0.00272032	5.64329e-08	5.42004e-12	0.993102	0.448724	0.984179	0.993102	0.442315	1.37815e-20	0.947738	0.954003	0.947738	0.954003	0.756855	0.00309022	0	
0.981855	4.28268e-05	2.0086e-20	0.993101	1.64917e-07	0.993101	3.11671e-16	5.30437e-14	0.41852	0.993102	0.577034	1.60387e-06	1.88208e-05	2.00852e-20	0.00269298	4.2392e-08	5.43399e-12	0.993102	0.582058	0.986396	0.993102	0.57703	1.37815e-20	0.959117	0.957971	0.959117	0.957971	0.791139	0.00341345	0	
0.984686	4.37295e-05	1.50296e-20	0.993101	1.23402e-07	0.993101	2.33215e-16	6.55121e-14	0.34401	0.993102	0.680747	1.20011e-06	1.42265e-05	1.50291e-20	0.00267677	3.18036e-08	5.43554e-12	0.993102	0.684574	0.98807	0.993102	0.680745	1.37814e-20	0.967366	0.945451	0.967366	0.945451	0.884496	0.00655175	0	
0.986805	0.000113186	1.12461e-20	0.993101	9.2337e-08	0.993101	1.74506e-16	2.16078e-13	0.262733	0.993102	0.759146	8.98002e-07	1.12821e-05	1.12457e-20	0.00270739	2.38104e-08	5.35339e-12	0.993102	0.762038	0.989334	0.993102	0.759144	1.37814e-20	0.972913	0.884162	0.972913	0.884162	0.941089	0.0112025	0	
0.98839	0.000358363	8.41506e-21	0.993102	6.90924e-08	0.993101	1.30577e-16	6.79803e-13	0.198335	0.993102	0.817996	6.71942e-07	1.16787e-05	8.41476e-21	0.00279876	1.78206e-08	5.17768e-12	0.993102	0.820169	0.990282	0.993102	0.817994	1.37814e-20	0.970444	0.742046	0.970444	0.742046	0.948366	0.01242	0	
0.989576	0.000592431	6.29668e-21	0.993102	5.16993e-08	0.993101	9.77063e-17	1.10797e-12	0.149914	0.993102	0.862064	5.0279e-07	2.04723e-05	6.29646e-21	0.00288611	1.33381e-08	5.01801e-12	0.993102	0.863693	0.990991	0.993102	0.862063	1.37814e-20	0.910798	0.584184	0.910797	0.584184	0.975824	0.017057	0	
0.990464	0.00105873	4.71158e-21	0.993102	3.86847e-08	0.993101	7.31104e-17	1.8669e-12	0.113048	0.993102	0.895046	3.76219e-07	4.62202e-05	4.71141e-21	0.00302817	9.98247e-09	4.79723e-12	0.993102	0.896266	0.991522	0.993102	0.895045	1.37814e-20	0.784923	0.448961	0.784923	0.448961	0.986584	0.0208004	0	
0.991128	0.00161407	3.5255e-21	0.993102	2.89464e-08	0.993101	5.47063e-17	2.68398e-12	0.0852934	0.993102	0.919728	2.81511e-07	9.91706e-05	3.52538e-21	0.00320174	7.47119e-09	4.55684e-12	0.993102	0.920642	0.991919	0.993102	0.919728	1.37814e-20	0.62903	0.341747	0.62903	0.341747	0.997529	0.0230818	0	
0.991625	0.00227742	2.638e-21	0.993102	2.16595e-08	0.993101	4.09353e-17	3.61032e-12	0.0643878	0.993102	0.938198	2.10644e-07	0.000186698	2.63791e-21	0.00337513	5.59176e-09	4.33382e-12	0.993102	0.938882	0.992217	0.993102	0.938197	1.37814e-20	0.48965	0.259083	0.489649	0.259083	1.00678	0.0270272	0	
0.991997	0.00309519	1.97392e-21	0.993102	1.6207e-08	0.993101	3.06309e-17	4.62926e-12	0.0486495	0.993102	0.952018	1.57618e-07	0.000310545	1.97385e-21	0.00358494	4.18523e-09	4.09682e-12	0.993102	0.952531	0.992439	0.993102	0.952018	1.37814e-20	0.376652	0.196088	0.376651	0.196088	1.01752	0.0312456	0	
0.992275	0.00418847	1.47701e-21	0.993102	1.21271e-08	0.993101	2.29205e-17	5.85348e-12	0.0367823	0.993102	0.96236	1.1794e-07	0.000466359	1.47696e-21	0.00383478	3.13255e-09	3.85039e-12	0.993102	0.962744	0.992606	0.993102	0.96236	1.37814e-20	0.288711	0.148355	0.28871	0.148355	1.02653	0.0375166	0	
0.992483	0.00566905	1.1052e-21	0.993102	9.07429e-09	0.993101	1.7151e-17	7.2413e-12	0.02784	0.993102	0.970098	8.82498e-08	0.000645554	1.10516e-21	0.00417489	2.34473e-09	3.57348e-12	0.993102	0.970386	0.992731	0.993102	0.970098	1.37814e-20	0.221189	0.112295	0.221189	0.112295	1.04513	0.0531377	0	
0.992639	0.00921851	8.26978e-22	0.993102	6.78996e-09	0.993101	1.28337e-17	9.56941e-12	0.0210504	0.993102	0.975889	6.60341e-08	0.00083764	8.26949e-22	0.00490472	1.75499e-09	3.1805e-12	0.993102	0.976104	0.992824	0.993101	0.975889	1.37814e-20	0.170739	0.085103	0.170738	0.085103	1.05153	0.0602957	0	
0.992756	0.0133841	6.18797e-22	0.993102	5.08068e-09	0.993101	9.60323e-18	1.18781e-11	0.0159437	0.993102	0.980222	4.94109e-08	0.00103286	6.18776e-22	0.00572267	1.31365e-09	2.81887e-12	0.993102	0.980383	0.992894	0.993101	0.980222	1.37814e-20	0.132301	0.06462	0.132301	0.06462	1.06311	0.0898188	0	
0.992843	0.0242992	4.63024e-22	0.993102	3.80169e-09	0.993101	7.1859e-18	1.48349e-11	0.0120828	0.993102	0.983464	3.69724e-08	0.00122253	4.63007e-22	0.00796241	9.83319e-10	2.35251e-12	0.993101	0.983585	0.992946	0.9931	0.983464	1.37814e-20	0.103663	0.0492023	0.103663	0.0492023	1.07685	0.143495	0	
0.992908	0.0654875	3.46464e-22	0.993102	2.84466e-09	0.993101	5.37704e-18	1.89288e-11	0.0091571	0.993102	0.98589	2.76651e-08	0.00140048	3.46451e-22	0.0164286	7.36056e-10	1.84344e-12	0.993099	0.985981	0.992984	0.993097	0.98589	1.37814e-20	0.0828194	0.0376029	0.082819	0.0376029	1.08017	0.156352	0	
0.992957	0.109969	2.59246e-22	0.993102	2.12856e-09	0.993101	4.02353e-18	2.25291e-11	0.00696049	0.993102	0.987705	2.07008e-08	0.00156284	2.59237e-22	0.0256694	5.51021e-10	1.44367e-12	0.993096	0.987773	0.993013	0.993094	0.987705	1.37814e-20	0.0669683	0.0288789	0.0669679	0.0288789	1.08527	0.186412	0	
0.992994	0.180914	1.93984e-22	0.993102	1.59272e-09	0.993101	3.01074e-18	2.61214e-11	0.00530633	0.993102	0.989064	1.54896e-08	0.0017074	1.93978e-22	0.0425797	4.12541e-10	1.11549e-12	0.99309	0.989115	0.993034	0.993088	0.989064	1.37813e-20	0.0551772	0.0223193	0.0551769	0.0223193	1.08488	0.236622	0	
0.993021	0.294949	1.45151e-22	0.993102	1.19178e-09	0.993101	2.25291e-18	2.87376e-11	0.00406934	0.993102	0.99008	1.15903e-08	0.00183363	1.45146e-22	0.0867793	3.08923e-10	8.47588e-13	0.993071	0.990119	0.993047	0.993067	0.99008	1.37813e-20	0.046	0.0173879	0.0459996	0.0173879	1.08143	0.22812	0	
0.993041	0.366079	1.08612e-22	0.993102	8.91763e-10	0.993101	1.68586e-18	3.00825e-11	0.0031508	0.993102	0.990841	8.67263e-09	0.00194198	1.08608e-22	0.112913	2.31407e-10	6.49522e-13	0.993059	0.99087	0.993057	0.993055	0.99084	1.37813e-20	0.0386154	0.0136811	0.038615	0.0136811	1.08337	0.270765	0	
0.993057	0.466965	8.12701e-23	0.993102	6.67274e-10	0.993101	1.26156e-18	3.1427e-11	0.00245948	0.993102	0.99141	6.48941e-09	0.00203359	8.12672e-23	0.173951	1.73394e-10	4.92536e-13	0.993023	0.991432	0.993059	0.993016	0.99141	1.37813e-20	0.0330976	0.0108954	0.0330973	0.0108954	1.08634	0.333129	0	
0.993068	0.580921	6.08114e-23	0.993102	4.99297e-10	0.993101	9.44056e-19	3.29791e-11	0.00193632	0.993102	0.991835	4.85579e-09	0.0021102	6.08093e-23	0.295122	1.29972e-10	3.7042e-13	0.992874	0.991852	0.993041	0.99286	0.991835	1.37813e-20	0.0291023	0.00880184	0.0291019	0.00880184	1.07296	0.370833	0	
0.993077	0.672981	4.5503e-23	0.993102	3.73605e-10	0.993101	7.06539e-19	3.19188e-11	0.00157428	0.993102	0.992154	3.63342e-09	0.00217371	4.55014e-23	0.422032	9.75501e-11	2.78053e-13	0.992564	0.992167	0.992976	0.99254	0.992154	1.37813e-20	0.0250401	0.0072286	0.0250398	0.0072286	1.06999	0.400071	0	
0.993083	0.746512	3.40482e-23	0.993102	2.79555e-10	0.993101	5.28833e-19	3.07078e-11	0.00131105	0.993102	0.992392	2.71879e-09	0.00222554	3.4047e-23	0.536028	7.33082e-11	2.08548e-13	0.992033	0.992402	0.992855	0.991993	0.992392	1.37813e-20	0.0217709	0.00604677	0.0217706	0.00604677	1.07294	0.438299	0	
0.993088	0.805442	2.5477e-23	0.993102	2.09181e-10	0.993101	3.95845e-19	3.02169e-11	0.00110646	0.993102	0.992571	2.03452e-09	0.00226747	2.54762e-23	0.636293	5.51508e-11	1.56278e-13	0.990858	0.992579	0.992608	0.99079	0.992571	1.37813e-20	0.0194737	0.00515912	0.0194734	0.00515912	1.07112	0.455922	0	
0.993091	0.850382	1.90635e-23	0.993102	1.56523e-10	0.993101	2.96346e-19	2.95908e-11	0.000958019	0.993102	0.992704	1.52266e-09	0.00230132	1.90629e-23	0.715526	4.15753e-11	1.17098e-13	0.989358	0.99271	0.992276	0.989261	0.992704	1.37813e-20	0.0176176	0.00449233	0.0176174	0.00449233	1.06346	0.476253	0	
