0.25	1.27727e-12	1.27727e-12	0.998264	0.000618156	0.998263	0.748264	0.748264	0.998264	0.25	0.000618156	0.25	1.27727e-12	0.000618156	0.000618156	2.63265e-21	1.27727e-12	0.25	0.000618156	0.000618156	0.25	0.000618156	1.11844e-38	0.000618156	0.000618156	0.000618156	0.25	0	0	0	
0.25	1.27727e-12	1.27727e-12	0.998264	0.000618156	0.998263	0.748264	0.748264	0.998264	0.25	0.000618156	0.25	1.27727e-12	0.000618156	0.000618156	2.63265e-21	1.27727e-12	0.25	0.000618156	0.000618156	0.25	0.000618156	1.11844e-38	0.000618156	0.000618156	0.000618156	0.25	0	0	0	
0.437066	2.2946e-12	4.17537e-06	0.747582	0.000462573	0.996964	0.559903	0.559898	0.996964	0.437066	0.00107312	0.437034	2.26189e-12	0.000462543	0.0010807	1.96263e-10	2.2946e-12	0.437066	0.0010807	0.0010807	0.437066	0.0010807	2.85714e-21	0.250462	0.000462573	0.0676979	0.437066	0.00472521	0	0	
0.57704	2.22424e-10	3.20627e-06	0.559393	0.000390908	0.995992	0.418955	0.418952	0.995992	0.57704	0.00141545	0.575629	1.98815e-10	0.000346129	0.0014268	7.87149e-09	3.08682e-12	0.57704	0.000812875	0.00148796	0.57704	0.000812875	5.13812e-21	0.437412	0.000399226	0.300556	0.57704	0.0125692	0	0	
0.681778	1.12816e-08	2.40278e-06	0.418574	0.00896979	0.995264	0.313489	0.313486	0.995264	0.681778	0.00167248	0.659375	8.65913e-09	0.000291146	0.00168578	1.16553e-07	3.7045e-12	0.681778	0.000608345	0.00190771	0.681778	0.000608345	6.95942e-21	0.577299	0.0141202	0.474895	0.681778	0.0223907	0	0	
0.76015	2.76902e-07	1.79822e-06	0.313204	0.180745	0.99472	0.234572	0.23457	0.994719	0.76015	0.00176831	0.624031	1.26312e-07	0.00605667	0.00187956	8.36694e-07	4.45203e-12	0.76015	0.000455208	0.00239351	0.76015	0.000455208	9.01444e-21	0.681972	0.209738	0.605347	0.76015	0.0349418	0	0	
0.818792	8.83118e-05	1.34558e-06	0.234359	0.385237	0.994312	0.175522	0.17552	0.994295	0.818792	0.00133984	0.468745	1.26269e-07	0.127568	0.00202457	3.45225e-06	5.60638e-11	0.818792	0.000340617	0.00303128	0.818792	0.000340617	1.27542e-19	0.760136	0.404224	0.702959	0.818792	0.0482238	0	0	
0.862673	0.0293984	1.00686e-06	0.175362	0.538259	0.994007	0.131371	0.131336	0.992646	0.862673	0.00100283	0.350754	9.70561e-08	0.327894	0.00213306	9.642e-06	3.21744e-09	0.862673	0.000254871	0.00388344	0.862673	0.000254871	7.42917e-18	0.659703	0.552205	0.775998	0.862673	0.0639388	0	0	
0.895506	0.253667	7.53395e-07	0.131217	0.652759	0.993779	0.101807	0.0982736	0.958386	0.895506	0.000750397	0.262457	7.30268e-08	0.492031	0.00221425	1.96804e-05	7.05769e-08	0.895506	0.000190711	0.0051138	0.895506	0.000190711	1.63958e-16	0.494036	0.663149	0.830651	0.895506	0.0790103	0.00063494	0	
0.920075	0.439206	5.63738e-07	0.098185	0.738436	0.993609	0.189858	0.0735345	0.796797	0.920075	0.000561498	0.196387	5.48383e-08	0.617117	0.00228288	3.13828e-05	7.20531e-07	0.920075	0.000142702	0.00697505	0.920075	0.000142702	1.70122e-15	0.369671	0.746182	0.871546	0.920075	0.0941028	0.00539415	0	
0.938458	0.578604	4.21825e-07	0.0734684	0.802545	0.993481	0.391943	0.0550232	0.610837	0.938459	0.00042016	0.146949	4.27508e-08	0.71125	0.00239658	2.55996e-05	3.91912e-06	0.938458	0.000106779	0.0377644	0.938459	0.000106779	1.00915e-14	0.276611	0.786408	0.902146	0.938458	0.109053	0.0135594	0	
0.952214	0.682944	3.15636e-07	0.0552221	0.850515	0.993385	0.543277	0.0411719	0.460214	0.952214	0.00031453	0.109957	6.41123e-08	0.781852	0.00260337	1.91828e-05	1.33061e-05	0.952214	7.99165e-05	0.261734	0.952214	7.99123e-05	3.95002e-14	0.206978	0.58846	0.925043	0.952214	0.124	0.0240361	0	
0.962507	0.761022	2.36179e-07	0.110719	0.886397	0.993314	0.656514	0.0308074	0.345262	0.962507	0.000236437	0.0822766	4.0781e-07	0.834724	0.00294619	1.43548e-05	3.19555e-05	0.962507	6.01029e-05	0.445253	0.962507	5.99836e-05	1.13268e-13	0.154874	0.440323	0.942175	0.962507	0.139032	0.0362638	0	
0.970209	0.819444	1.76724e-07	0.331256	0.909152	0.99326	0.741246	0.0230521	0.258673	0.970207	0.000182189	0.0615646	8.80903e-07	0.869516	0.00347785	1.07413e-05	5.9267e-05	0.970209	5.67197e-05	0.583119	0.970209	5.05714e-05	2.56819e-13	0.115887	0.329478	0.954889	0.970209	0.15377	0.0495984	0	
0.975972	0.863144	1.32236e-07	0.497867	0.769504	0.99322	0.804647	0.017249	0.193709	0.975903	0.0001552	0.0460665	6.8419e-07	0.651609	0.00426227	8.0373e-06	8.70781e-05	0.975972	0.00698007	0.686319	0.975972	0.00265635	4.63982e-13	0.0867138	0.246536	0.860322	0.975971	0.168425	0.0637544	0	
0.980282	0.891687	9.89476e-08	0.622535	0.575799	0.99319	0.852088	0.0129068	0.146804	0.979402	0.00124036	0.0344699	5.6546e-07	0.487576	0.00538767	6.01402e-06	6.71308e-05	0.980284	0.204091	0.763546	0.980284	0.132182	3.63853e-13	0.0648848	0.184474	0.645139	0.980284	0.182796	0.0782992	0	
0.983487	0.705416	7.40389e-08	0.715821	0.430849	0.993168	0.887586	0.0096577	0.16305	0.978036	0.0901875	0.0257926	9.66605e-07	0.364835	0.00696329	4.50007e-06	5.02622e-05	0.983511	0.40117	0.821333	0.983511	0.341682	2.72605e-13	0.0485509	0.138035	0.48276	0.98351	0.196953	0.0931627	0	
0.985876	0.528522	5.54006e-08	0.785622	0.322389	0.993151	0.914149	0.0072265	0.31877	0.975785	0.287297	0.0192996	1.82644e-06	0.272993	0.00914127	3.36724e-06	3.76106e-05	0.985926	0.549934	0.864573	0.985925	0.504085	2.03999e-13	0.036329	0.103287	0.361242	0.985925	0.210927	0.104043	0	
0.987693	0.395506	4.14543e-08	0.837853	0.241232	0.993139	0.934016	0.00540733	0.478702	0.979755	0.399679	0.0144412	1.47275e-06	0.204271	0.011708	2.51958e-06	2.81428e-05	0.987732	0.660391	0.896929	0.987732	0.618608	1.52647e-13	0.033512	0.0772856	0.272175	0.987732	0.224336	0.111282	0	
0.989054	0.295946	3.10187e-08	0.876935	0.180505	0.993129	0.943323	0.00404611	0.605585	0.983096	0.391351	0.0108698	1.10973e-06	0.152848	0.0143699	1.88531e-06	2.10582e-05	0.989084	0.73614	0.921139	0.989084	0.654254	1.14221e-13	0.274767	0.05783	0.374517	0.989084	0.237941	0.116226	0	
0.990073	0.221446	2.32102e-08	0.906177	0.135065	0.993122	0.749891	0.00302755	0.702113	0.985613	0.326533	0.050256	8.31311e-07	0.114371	0.0169303	1.41071e-06	1.57571e-05	0.990096	0.763863	0.939255	0.990095	0.579691	8.54675e-14	0.455598	0.0432721	0.529071	0.990095	0.251272	0.119254	0	
0.990836	0.1657	1.73673e-08	0.928026	0.101064	0.993117	0.561132	0.00226541	0.774826	0.987498	0.257606	0.127702	6.22229e-07	0.0855796	0.0192217	1.05558e-06	1.17905e-05	0.990852	0.725202	0.952808	0.990852	0.465762	6.39523e-14	0.590907	0.0323789	0.645851	0.990852	0.264259	0.12083	0	
0.991406	0.123988	1.29953e-08	0.944105	0.0756236	0.993113	0.419874	0.00169512	0.829419	0.988909	0.199057	0.178667	4.65647e-07	0.0640361	0.0211404	7.89898e-07	8.82239e-06	0.991419	0.63589	0.962871	0.991419	0.361114	4.78532e-14	0.692154	0.0242286	0.733265	0.991419	0.276942	0.121247	0	
0.991829	0.0927755	9.72394e-09	0.954934	0.0566124	0.99311	0.314177	0.0012684	0.870349	0.989965	0.152503	0.210511	3.4845e-07	0.0479159	0.0226312	5.91601e-07	6.60147e-06	0.991843	0.530144	0.969441	0.991843	0.276203	3.58068e-14	0.767914	0.0186324	0.798675	0.991842	0.288724	0.12076	0	
0.99214	0.0694206	7.27607e-09	0.959685	0.0426868	0.993108	0.235087	0.000949097	0.901012	0.990754	0.116417	0.228311	2.60744e-07	0.0358537	0.0236824	4.46266e-07	4.93964e-06	0.99216	0.42941	0.96886	0.99216	0.209992	2.67929e-14	0.824602	0.0736045	0.847619	0.99216	0.301601	0.120175	0	
0.992366	0.0519449	5.44442e-09	0.956765	0.0337908	0.993106	0.175907	0.000710174	0.923961	0.991345	0.0887646	0.236665	1.95113e-07	0.026828	0.0243926	3.47432e-07	3.69615e-06	0.992397	0.34167	0.952414	0.992397	0.159117	2.00482e-14	0.86702	0.288059	0.884243	0.992397	0.313542	0.118908	0	
0.992531	0.0388685	4.07386e-09	0.943334	0.0317672	0.993105	0.131625	0.000531398	0.941119	0.991788	0.0676698	0.236431	1.46002e-07	0.0200744	0.0247615	2.94714e-07	2.7657e-06	0.992574	0.267909	0.913068	0.992574	0.12025	1.50013e-14	0.898759	0.464467	0.911647	0.992574	0.325275	0.117402	0	
0.992659	0.0290839	3.04832e-09	0.9135	0.0410421	0.993104	0.0984901	0.000397625	0.953904	0.992119	0.0515599	0.226916	1.09254e-07	0.015021	0.0248492	2.87142e-07	2.06947e-06	0.992707	0.207066	0.8546	0.992707	0.0906249	1.1225e-14	0.922509	0.597413	0.932152	0.992707	0.336778	0.1157	0	
0.992761	0.0217626	2.28095e-09	0.85122	0.0758301	0.993103	0.0736965	0.000297529	0.963316	0.992366	0.0391763	0.20553	8.17577e-08	0.0112396	0.0247085	3.17537e-07	1.54851e-06	0.992807	0.157703	0.788139	0.992807	0.0680872	8.39924e-15	0.94028	0.696996	0.947495	0.992807	0.348053	0.113864	0	
0.992845	0.0162853	1.70675e-09	0.720717	0.200459	0.993103	0.0551444	0.00022263	0.969673	0.992551	0.0295607	0.169837	6.11863e-08	0.00841021	0.0243879	3.72157e-07	1.15869e-06	0.992881	0.118644	0.724203	0.992881	0.051013	6.28486e-15	0.953577	0.771528	0.958976	0.992881	0.358849	0.111854	0	
0.99291	0.0124155	1.2771e-09	0.547896	0.39896	0.993102	0.0412626	0.000166586	0.959468	0.99269	0.0221371	0.128242	4.57933e-08	0.00629305	0.0239208	4.35606e-07	8.67017e-07	0.992937	0.0888167	0.669291	0.992937	0.0381754	4.70292e-15	0.963526	0.827303	0.967567	0.992936	0.369943	0.10997	0	
0.992958	0.171818	9.55606e-10	0.410498	0.548527	0.993102	0.0308753	0.00012465	0.762947	0.992794	0.0165648	0.0959689	3.42727e-08	0.00470886	0.0233662	4.92094e-07	6.49232e-07	0.992978	0.0664598	0.627142	0.992978	0.0285654	3.52915e-15	0.968888	0.869038	0.973995	0.992978	0.380514	0.108112	0	
0.992994	0.378202	7.15045e-10	0.382775	0.660437	0.993102	0.0231031	9.32711e-05	0.573097	0.992871	0.0123959	0.0718101	2.59343e-08	0.00352348	0.0227559	5.33753e-07	4.95605e-07	0.99301	0.0497341	0.598207	0.99301	0.021375	2.84242e-15	0.725013	0.900188	0.978805	0.992996	0.390984	0.109332	0	
0.993021	0.532977	5.35042e-10	0.536008	0.744025	0.993102	0.0177826	6.97914e-05	0.429021	0.99293	0.00928047	0.0537329	2.17993e-08	0.0026365	0.0224267	5.56229e-07	4.60594e-07	0.993033	0.0373368	0.578439	0.993033	0.0160079	4.01797e-15	0.542501	0.920932	0.982404	0.992356	0.401187	0.114195	0	
0.992977	0.648755	4.00353e-10	0.651075	0.804371	0.993102	0.107032	5.22223e-05	0.32105	0.992973	0.00696119	0.0402063	1.66862e-08	0.0019728	0.0227188	5.58455e-07	7.77991e-07	0.99305	0.0707655	0.563701	0.99305	0.0171352	1.30699e-14	0.405933	0.905689	0.985044	0.979944	0.41121	0.121378	0	
0.992385	0.735329	2.99569e-10	0.737176	0.761269	0.993102	0.329015	3.90761e-05	0.240237	0.993006	0.00525274	0.0300849	1.25829e-08	0.00147617	0.0238296	4.37405e-07	1.83702e-06	0.993063	0.291408	0.640282	0.993063	0.174264	4.3424e-14	0.303745	0.682851	0.958399	0.965345	0.421027	0.13028	0	
0.992425	0.79921	2.24157e-10	0.801602	0.569654	0.993101	0.496169	2.92392e-05	0.179775	0.99303	0.00445314	0.0225115	9.62237e-09	0.00110456	0.0259486	3.27484e-07	1.81809e-06	0.993073	0.467691	0.728682	0.993073	0.37562	4.67005e-14	0.227281	0.510952	0.732669	0.971191	0.43051	0.140574	0	
0.992554	0.769586	1.67728e-10	0.849809	0.426252	0.993101	0.620578	2.18786e-05	0.135056	0.993048	0.0645314	0.0168445	1.60321e-08	0.000826506	0.0293163	2.4505e-07	1.36823e-06	0.99308	0.599932	0.795231	0.99308	0.530663	3.5252e-14	0.170066	0.382327	0.548721	0.976571	0.43995	0.151472	0	
0.992677	0.592463	1.25505e-10	0.885881	0.318949	0.993101	0.704205	1.6371e-05	0.108661	0.993061	0.28157	0.0126041	1.56986e-07	0.000618444	0.0341297	1.83362e-07	1.02415e-06	0.993086	0.698904	0.845041	0.993085	0.647014	2.63953e-14	0.127255	0.286081	0.410625	0.980705	0.44916	0.161496	0	
0.992777	0.444796	9.39109e-11	0.912873	0.238658	0.993101	0.694113	1.22498e-05	0.126908	0.993067	0.459459	0.00943121	1.13913e-06	0.000462759	0.0402787	1.37203e-07	7.66369e-07	0.99309	0.772964	0.882313	0.993089	0.734119	1.97527e-14	0.0952233	0.214064	0.307264	0.983817	0.458398	0.168021	0	
0.992852	0.333062	7.02701e-11	0.933069	0.178579	0.993101	0.527105	9.16609e-06	0.21502	0.993074	0.59344	0.00705703	2.91188e-06	0.000346266	0.0467976	1.02664e-07	5.73452e-07	0.993093	0.82838	0.910203	0.993092	0.799299	1.47806e-14	0.071424	0.160177	0.229925	0.986147	0.495511	0.187271	0	
0.992904	0.249366	5.25805e-11	0.948182	0.133624	0.993101	0.394414	6.85865e-06	0.309373	0.993081	0.693425	0.00528052	2.96382e-06	0.000259098	0.0587555	7.68208e-08	4.29094e-07	0.993095	0.869845	0.931066	0.993094	0.848028	1.10599e-14	0.0581563	0.119854	0.172577	0.987862	0.543262	0.202943	0	
0.992949	0.186749	3.93441e-11	0.95949	0.099986	0.993101	0.295126	5.13208e-06	0.376586	0.993086	0.767195	0.00395122	2.43375e-06	0.000193874	0.0753452	5.74866e-08	3.21076e-07	0.993097	0.900869	0.946641	0.993096	0.884264	8.27579e-15	0.163603	0.0896826	0.166985	0.989103	0.515945	0.185462	0	
0.992953	0.139764	2.94398e-11	0.967951	0.0748159	0.993101	0.220832	3.84015e-06	0.487776	0.99309	0.820817	0.00295656	1.90912e-06	0.000145069	0.0793508	4.3071e-08	2.4025e-07	0.993098	0.924066	0.957966	0.993098	0.910793	6.1925e-15	0.323881	0.0671149	0.261939	0.989962	0.419475	0.127916	0	
0.992062	0.104581	2.20287e-11	0.974283	0.055982	0.993101	0.16524	2.87344e-06	0.610382	0.993093	0.847066	0.00221229	1.44183e-06	0.00010855	0.0671299	3.39288e-08	1.79771e-07	0.993099	0.940919	0.963287	0.993099	0.924887	4.63364e-15	0.484748	0.0517684	0.427748	0.990682	0.408973	0.112316	0	
0.991903	0.0782543	1.64833e-11	0.97902	0.0418893	0.993101	0.123643	2.15009e-06	0.704146	0.993096	0.791476	0.00165548	1.08034e-06	8.12237e-05	0.0559545	3.17647e-08	1.34516e-07	0.9931	0.946898	0.961352	0.9931	0.887587	3.46719e-15	0.612617	0.138946	0.569864	0.991273	0.437014	0.112336	0	
0.992152	0.0585551	1.23338e-11	0.982565	0.0313442	0.993101	0.0925179	1.60884e-06	0.773486	0.993097	0.656624	0.00124146	8.08651e-07	6.07767e-05	0.0475947	3.21314e-08	1.00654e-07	0.993101	0.921335	0.957103	0.9931	0.758387	2.59438e-15	0.708397	0.343568	0.676406	0.991727	0.481873	0.1172	0	
0.992387	0.0438152	9.22896e-12	0.985216	0.0234539	0.993101	0.0692277	1.20383e-06	0.822107	0.993098	0.515499	0.000963957	6.05162e-07	4.5477e-05	0.0419096	3.03972e-08	7.5316e-08	0.993101	0.846514	0.955831	0.993101	0.602379	1.94129e-15	0.780068	0.506301	0.75613	0.99207	0.549115	0.12914	0	
0.992567	0.0327875	6.90569e-12	0.987199	0.0175497	0.993101	0.0518006	9.00784e-07	0.844562	0.993099	0.397042	0.00101115	4.52854e-07	3.40288e-05	0.0393	2.53834e-08	5.63564e-08	0.993101	0.748746	0.959657	0.993101	0.465933	1.4526e-15	0.833696	0.62873	0.815784	0.992328	0.57704	0.124796	0	
0.992701	0.0245366	5.16728e-12	0.988682	0.0131319	0.993101	0.0387605	6.74024e-07	0.851364	0.9931	0.305322	0.00123127	3.38877e-07	2.54625e-05	0.0367058	2.11321e-08	4.21696e-08	0.993102	0.645932	0.963923	0.993101	0.35894	1.08693e-15	0.873825	0.720419	0.860422	0.992521	0.60792	0.121919	0	
0.992802	0.0183644	3.86649e-12	0.989793	0.00982611	0.993101	0.0290031	5.04348e-07	0.839196	0.993101	0.23632	0.00138871	2.5359e-07	1.90527e-05	0.0343679	1.73092e-08	3.15542e-08	0.993102	0.56002	0.968509	0.993102	0.277881	8.13317e-16	0.903851	0.789044	0.893822	0.992666	0.598856	0.103354	0	
0.992878	0.0137438	2.89315e-12	0.990625	0.00735254	0.993101	0.0217019	3.77385e-07	0.838943	0.993101	0.187418	0.00115946	1.8978e-07	1.42564e-05	0.0305188	1.51329e-08	2.36111e-08	0.993102	0.490232	0.971926	0.993102	0.21992	6.08579e-16	0.926319	0.840397	0.918815	0.992773	0.628368	0.102078	0	
0.992934	0.0102879	2.16484e-12	0.991248	0.00550164	0.993101	0.0162388	2.82383e-07	0.817519	0.993101	0.151394	0.000970355	1.42035e-07	1.06676e-05	0.0275199	1.27221e-08	1.76675e-08	0.993102	0.437818	0.975516	0.993102	0.176801	4.55382e-16	0.943131	0.878826	0.937515	0.992852	0.637192	0.0943386	0	
0.992976	0.00770192	1.61987e-12	0.991714	0.00411668	0.993101	0.0121509	2.11297e-07	0.794884	0.993102	0.130593	0.000755869	1.06325e-07	7.98214e-06	0.024615	1.08273e-08	1.32202e-08	0.993102	0.413991	0.978546	0.993102	0.150817	3.4075e-16	0.95571	0.907578	0.951509	0.992909	0.660497	0.0943199	0	
0.993008	0.00576896	1.21209e-12	0.992064	0.00308036	0.993101	0.00909206	1.58106e-07	0.754459	0.993102	0.124558	0.000576993	7.96322e-08	5.97275e-06	0.02244	8.99216e-09	9.89244e-09	0.993102	0.423741	0.981258	0.993102	0.141027	2.54974e-16	0.965123	0.929087	0.961979	0.992948	0.662979	0.0847775	0	
0.993032	0.00432168	9.06963e-13	0.992325	0.00230492	0.993101	0.00680326	1.18305e-07	0.722536	0.993102	0.147218	0.000433227	5.97523e-08	4.46919e-06	0.0201231	7.62932e-09	7.40244e-09	0.993102	0.469589	0.983443	0.993102	0.161291	1.90792e-16	0.972167	0.945161	0.969814	0.992963	0.669786	0.079698	0	
0.993049	0.0032388	6.78647e-13	0.992521	0.00172469	0.993101	0.00509063	8.85233e-08	0.69153	0.993102	0.196764	0.000324496	4.50289e-08	3.34413e-06	0.0180714	6.53173e-09	5.53929e-09	0.993102	0.533636	0.985217	0.993102	0.209033	1.42766e-16	0.977437	0.95716	0.975676	0.992952	0.668236	0.0745657	0	
0.993063	0.00242782	5.07807e-13	0.992667	0.00129052	0.993101	0.00380913	6.62388e-08	0.670867	0.993102	0.272039	0.000242884	3.42901e-08	2.50229e-06	0.0162454	5.76593e-09	4.14519e-09	0.993102	0.604107	0.986568	0.993102	0.28265	1.0683e-16	0.98138	0.966086	0.980063	0.9929	0.699652	0.0759049	0	
0.993073	0.00182492	3.79973e-13	0.992777	0.000965651	0.993101	0.00285024	4.95641e-08	0.617203	0.993102	0.354361	0.000181775	2.65652e-08	1.87237e-06	0.0149522	4.79526e-09	3.10202e-09	0.993102	0.671005	0.987857	0.993102	0.363323	7.99407e-17	0.984331	0.972712	0.983345	0.992812	0.712683	0.0746577	0	
0.99308	0.0013759	2.8432e-13	0.992859	0.000722562	0.993101	0.00213273	3.7087e-08	0.561502	0.993102	0.469499	0.00013602	2.25424e-08	1.40103e-06	0.0139164	3.9658e-09	2.32147e-09	0.993102	0.740284	0.988904	0.993102	0.476681	5.98203e-17	0.986539	0.977354	0.985801	0.992471	0.70726	0.0703038	0	
0.993085	0.00103802	2.12746e-13	0.99292	0.000540666	0.993101	0.00159584	2.77508e-08	0.526686	0.993102	0.584304	0.000101779	2.50121e-08	1.04834e-06	0.0129161	3.3945e-09	1.73743e-09	0.993102	0.799575	0.989677	0.993102	0.58983	4.47648e-17	0.988186	0.979869	0.987634	0.991354	0.671115	0.0588954	0	
0.993087	0.00077997	1.5919e-13	0.992966	0.000404561	0.993101	0.00119411	2.07649e-08	0.545503	0.993102	0.67847	7.61575e-05	3.50958e-08	7.84434e-07	0.0116611	3.42935e-09	1.30051e-09	0.993102	0.845553	0.99007	0.993102	0.682665	3.34994e-17	0.989379	0.980371	0.988966	0.98922	0.698925	0.0613528	0	
0.99309	0.000589574	1.19116e-13	0.993	0.000302718	0.993101	0.00089351	1.55377e-08	0.525405	0.993102	0.745167	5.6986e-05	3.7524e-08	5.86963e-07	0.0108217	3.08012e-09	9.73561e-10	0.993102	0.878916	0.990549	0.993102	0.74837	2.50699e-17	0.990304	0.981657	0.989995	0.98841	0.774281	0.0726865	0	
0.993093	0.000474755	8.91305e-14	0.993026	0.000226513	0.993101	0.000668581	1.16263e-08	0.434111	0.993102	0.79909	4.26406e-05	4.49359e-08	4.39203e-07	0.0107213	2.41932e-09	7.28825e-10	0.993102	0.905632	0.991112	0.993102	0.80152	1.87624e-17	0.991003	0.981716	0.990771	0.986914	0.786387	0.0737194	0	
0.993095	0.000398847	6.66931e-14	0.993045	0.000169491	0.993101	0.000500275	8.69955e-09	0.358208	0.993102	0.846524	3.19064e-05	1.38389e-07	3.2864e-07	0.0107004	1.90063e-09	5.4569e-10	0.993102	0.927329	0.991548	0.993102	0.848347	1.40427e-17	0.991351	0.968169	0.991177	0.972664	0.813578	0.0850047	0	
0.993097	0.000392413	4.9904e-14	0.993059	0.000126824	0.993101	0.000374337	6.50959e-09	0.288583	0.993102	0.883114	2.38744e-05	5.81994e-07	2.45909e-07	0.0113537	1.4748e-09	4.08589e-10	0.993102	0.94383	0.991893	0.993102	0.884479	1.05111e-17	0.989628	0.914056	0.989494	0.918784	0.845937	0.105903	0	
0.993098	0.000565753	3.73413e-14	0.99307	9.4898e-05	0.993101	0.000280103	4.87097e-09	0.227141	0.993102	0.910725	1.78644e-05	2.36228e-06	1.84005e-07	0.0135442	1.13116e-09	3.05909e-10	0.993102	0.956224	0.99216	0.993102	0.911746	7.86856e-18	0.973257	0.793822	0.973131	0.798744	0.858638	0.100826	0	
0.993098	0.000739961	2.79412e-14	0.993078	7.10087e-05	0.993101	0.000209591	3.64487e-09	0.178746	0.993102	0.93144	1.33672e-05	8.3546e-06	1.37684e-07	0.0147048	8.67868e-10	2.29096e-10	0.993102	0.965505	0.992371	0.993102	0.932204	5.89123e-18	0.877815	0.640785	0.87765	0.645111	0.906189	0.140298	0	
0.993099	0.00234664	2.09074e-14	0.993084	5.31332e-05	0.993101	0.000156829	2.72758e-09	0.13722	0.993102	0.946954	1.00022e-05	2.35957e-05	1.03024e-07	0.0208507	6.57698e-10	1.71513e-10	0.993102	0.972452	0.992533	0.993102	0.947526	4.41167e-18	0.746166	0.49964	0.745991	0.503111	0.902803	0.148105	0	
0.993099	0.00371238	1.56442e-14	0.993089	3.97577e-05	0.993101	0.00011735	2.04119e-09	0.106388	0.993102	0.958568	7.4843e-06	5.74586e-05	7.70891e-08	0.0270376	5.01027e-10	1.28413e-10	0.993102	0.97765	0.992648	0.993102	0.958995	3.30456e-18	0.580777	0.383088	0.580632	0.38577	0.885286	0.129425	0	
0.993098	0.00372991	1.1706e-14	0.993092	2.97492e-05	0.993101	8.78084e-05	1.52752e-09	0.0848436	0.993102	0.967259	5.60023e-06	0.000116739	5.7683e-08	0.0282158	3.87538e-10	9.61969e-11	0.993102	0.98154	0.992735	0.993102	0.967579	2.47616e-18	0.439534	0.291724	0.439424	0.293766	0.912558	0.159259	0	
0.993098	0.00574933	8.75917e-15	0.993095	2.22602e-05	0.993101	6.57038e-05	1.14328e-09	0.0665484	0.993102	0.973764	4.19045e-06	0.000200815	4.31621e-08	0.035245	2.97309e-10	7.20413e-11	0.993102	0.98445	0.992799	0.993101	0.974003	1.85629e-18	0.332521	0.221612	0.332437	0.223156	0.940752	0.184013	0	
0.993098	0.0126447	6.55417e-15	0.993097	1.66565e-05	0.993101	4.91638e-05	8.55988e-10	0.0515481	0.993102	0.978631	3.13556e-06	0.000313839	3.22966e-08	0.048748	2.26637e-10	5.39429e-11	0.993101	0.986628	0.992848	0.993099	0.97881	1.39246e-18	0.251892	0.168141	0.251828	0.169306	0.866316	0.134916	0	
0.993086	0.0101889	4.90425e-15	0.993098	1.24635e-05	0.993101	3.67875e-05	6.40621e-10	0.0461555	0.993102	0.982273	2.34622e-06	0.000455606	2.41664e-08	0.0453548	1.88078e-10	4.04622e-11	0.993101	0.988258	0.992867	0.993098	0.982407	1.0454e-18	0.188867	0.127536	0.188819	0.128413	0.819773	0.121223	0	
0.992993	0.00784241	3.66967e-15	0.993099	9.32597e-06	0.993101	2.75267e-05	4.79399e-10	0.0529189	0.993102	0.984999	1.75559e-06	0.000586817	1.80828e-08	0.0407467	1.87656e-10	3.04062e-11	0.993101	0.989477	0.99284	0.993098	0.985099	7.85705e-19	0.141445	0.0969786	0.141409	0.097638	0.74317	0.109389	0	
0.991216	0.00590547	2.74588e-15	0.9931	6.97828e-06	0.993101	2.05972e-05	3.58727e-10	0.106756	0.993102	0.987038	1.31365e-06	0.000653921	1.35307e-08	0.0358946	3.57608e-10	2.29164e-11	0.993101	0.99039	0.992591	0.993098	0.987113	5.91385e-19	0.105873	0.0743367	0.105846	0.074833	0.698517	0.100928	0	
0.988048	0.00443173	2.05464e-15	0.9931	5.22159e-06	0.993101	1.54122e-05	2.68426e-10	0.19811	0.993102	0.988562	9.82955e-07	0.000562542	1.01245e-08	0.0314378	7.98172e-10	1.73423e-11	0.993101	0.991072	0.992072	0.993099	0.988619	4.45981e-19	0.0793431	0.060753	0.079323	0.0611307	0.679705	0.0875432	0	
0.988065	0.00332287	1.53741e-15	0.993101	3.90713e-06	0.993101	1.15324e-05	2.00856e-10	0.289879	0.993102	0.989693	7.35509e-07	0.000432715	7.57582e-09	0.0270427	1.37028e-09	1.32312e-11	0.993102	0.991581	0.991609	0.9931	0.989735	3.37181e-19	0.0625759	0.0742665	0.0625606	0.0745727	0.669011	0.0818846	0	
0.989024	0.00249126	1.15039e-15	0.993101	2.92356e-06	0.993101	8.62925e-06	1.50296e-10	0.371445	0.993102	0.990472	5.50355e-07	0.000325665	5.66871e-09	0.0233822	1.98278e-09	1.01855e-11	0.993102	0.991949	0.991186	0.9931	0.990504	2.5577e-19	0.119777	0.167934	0.119762	0.168206	0.552997	0.0278912	0	
0.983942	0.00186429	8.60795e-16	0.993101	2.18759e-06	0.993101	6.45695e-06	1.12461e-10	0.513635	0.993102	0.990733	4.1181e-07	0.000244051	4.24169e-09	0.0185739	1.12296e-08	8.46087e-12	0.993102	0.992009	0.988928	0.993101	0.990757	1.94853e-19	0.218109	0.327327	0.218094	0.327551	0.448034	0.0284724	0	
0.964124	0.001395	6.44126e-16	0.993102	1.63692e-06	0.993101	4.8315e-06	8.41505e-11	0.632489	0.993102	0.984611	3.08152e-07	0.000182636	3.1739e-09	0.0149885	8.79351e-08	7.16065e-12	0.993102	0.988438	0.96902	0.993101	0.984629	1.49271e-19	0.406833	0.491488	0.406822	0.491657	0.441353	0.0319572	0	
0.96851	0.00104384	4.82008e-16	0.993102	1.22791e-06	0.993101	3.61524e-06	6.29668e-11	0.721652	0.993102	0.929421	2.31789e-07	0.000136662	2.37492e-09	0.0123841	1.56704e-07	6.13188e-12	0.993102	0.955685	0.949874	0.993101	0.929436	1.15163e-19	0.554354	0.61744	0.554346	0.617566	0.488235	0.0359466	0	
0.974625	0.000781123	3.60674e-16	0.993102	9.35438e-07	0.993101	2.70515e-06	4.71158e-11	0.7859	0.993102	0.785701	2.23685e-07	0.00010226	1.77706e-09	0.0105319	1.52851e-07	5.30274e-12	0.993102	0.849333	0.949407	0.993102	0.785714	8.96418e-20	0.664802	0.711953	0.664796	0.712048	0.588526	0.0560876	0	
0.979276	0.000585068	2.69879e-16	0.993102	7.03889e-07	0.993101	2.02416e-06	3.52555e-11	0.810578	0.993102	0.621704	1.63652e-06	7.65172e-05	1.32971e-09	0.00976884	1.19162e-07	4.44542e-12	0.993102	0.716593	0.958036	0.993102	0.621715	7.0545e-20	0.747447	0.782714	0.747443	0.782784	0.644728	0.070233	0	
0.982756	0.000440164	2.01941e-16	0.993102	5.2781e-07	0.993101	1.51461e-06	2.63818e-11	0.787678	0.993102	0.486974	8.16667e-06	5.72551e-05	9.94975e-10	0.00980912	9.07209e-08	3.68624e-12	0.993102	0.60618	0.965836	0.993102	0.486983	5.62556e-20	0.809288	0.835667	0.809284	0.83572	0.679407	0.0754163	0	
0.985361	0.000334637	1.51105e-16	0.993102	3.95052e-07	0.993101	1.13333e-06	1.97433e-11	0.731402	0.993102	0.397152	9.52852e-06	4.2842e-05	7.44503e-10	0.0101093	6.8661e-08	3.08273e-12	0.993102	0.554921	0.972129	0.993102	0.397159	4.55633e-20	0.85556	0.875285	0.855558	0.875324	0.705296	0.0794479	0	
0.98731	0.000259999	1.13066e-16	0.993102	2.95607e-07	0.993101	8.48027e-07	1.47778e-11	0.657112	0.993102	0.37651	7.55265e-06	3.20574e-05	5.57085e-10	0.0105636	5.184e-08	2.60602e-12	0.993102	0.588943	0.97704	0.993102	0.376516	3.75627e-20	0.890185	0.904899	0.890183	0.904928	0.717215	0.0794803	0	
0.988768	0.000206743	8.46033e-17	0.993102	2.21192e-07	0.993101	6.34548e-07	1.10636e-11	0.587121	0.993102	0.449868	5.67306e-06	2.39886e-05	4.16846e-10	0.0109055	3.91552e-08	2.24911e-12	0.993102	0.668098	0.980792	0.993102	0.449874	3.15761e-20	0.916093	0.926905	0.916091	0.926927	0.752334	0.0912433	0	
0.989859	0.000185842	6.33056e-17	0.993102	1.6551e-07	0.993101	4.74809e-07	8.29036e-12	0.497875	0.993102	0.559818	4.24705e-06	1.79547e-05	3.11911e-10	0.0119453	2.94793e-08	1.91934e-12	0.993102	0.745165	0.983709	0.993102	0.559823	2.70965e-20	0.935478	0.94277	0.935477	0.942787	0.769016	0.094661	0	
0.990675	0.000185609	4.73693e-17	0.993102	1.23845e-07	0.993101	3.55282e-07	6.21997e-12	0.41747	0.993102	0.663953	3.17798e-06	1.34642e-05	2.33391e-10	0.0129867	2.21879e-08	1.65697e-12	0.993102	0.806823	0.985933	0.993102	0.663957	2.37446e-20	0.949964	0.950752	0.949963	0.950765	0.793472	0.0994567	0	
0.991286	0.000222431	3.54447e-17	0.993102	9.26689e-08	0.993101	2.65845e-07	4.68123e-12	0.341984	0.993102	0.745807	2.37797e-06	1.02214e-05	1.74638e-10	0.0141663	1.66819e-08	1.44045e-12	0.993102	0.853579	0.987643	0.993102	0.74581	2.12365e-20	0.960518	0.939635	0.960517	0.939645	0.849692	0.152345	0	
0.991743	0.000905185	2.6522e-17	0.993102	6.93407e-08	0.993101	1.98922e-07	3.58608e-12	0.266348	0.993102	0.807838	1.77935e-06	8.31159e-06	1.30676e-10	0.0229977	1.25082e-08	1.14749e-12	0.993102	0.888691	0.988929	0.993102	0.80784	1.93598e-20	0.966703	0.877694	0.966702	0.877702	0.91249	0.194201	0	
0.992085	0.00654515	1.98454e-17	0.993102	5.18851e-08	0.993101	1.48846e-07	2.97576e-12	0.202367	0.993102	0.854426	1.33142e-06	9.23012e-06	9.77797e-11	0.0440967	9.36681e-09	8.88786e-13	0.993102	0.914974	0.989922	0.993102	0.854428	1.79555e-20	0.961954	0.7412	0.961953	0.741207	0.935445	0.222521	0	
0.992341	0.0206007	1.48496e-17	0.993102	3.88238e-08	0.993101	1.11376e-07	2.68947e-12	0.153372	0.993102	0.889322	9.96257e-07	1.7731e-05	7.3165e-11	0.0767824	7.01349e-09	6.82163e-13	0.993102	0.934642	0.990657	0.993102	0.889324	1.69047e-20	0.89965	0.585679	0.899648	0.585684	0.96086	0.24685	0	
0.992533	0.0537756	1.11114e-17	0.993102	2.90504e-08	0.993101	8.33386e-08	2.78184e-12	0.115938	0.993102	0.915442	7.45463e-07	4.21039e-05	5.47467e-11	0.121638	5.25073e-09	5.20959e-13	0.993102	0.949358	0.99121	0.9931	0.915443	1.61184e-20	0.766976	0.450884	0.766974	0.450888	0.978155	0.288777	0	
0.992676	0.133253	8.31427e-18	0.993102	2.17374e-08	0.993101	6.23593e-08	3.16895e-12	0.0875851	0.993102	0.93499	5.57803e-07	9.24632e-05	4.0965e-11	0.202047	3.93091e-09	3.94364e-13	0.993101	0.96037	0.991582	0.993093	0.93499	1.55301e-20	0.613794	0.343523	0.613792	0.343526	0.992734	0.307343	0	
0.992783	0.233412	6.22127e-18	0.993102	1.62653e-08	0.993101	4.66612e-08	3.82671e-12	0.0661594	0.993102	0.949617	4.17383e-07	0.000176641	3.06526e-11	0.285346	2.94283e-09	2.98226e-13	0.993098	0.96861	0.991853	0.993076	0.949618	1.50899e-20	0.478175	0.260568	0.478173	0.26057	0.984392	0.329317	0	
0.992863	0.325053	4.65515e-18	0.993102	1.21707e-08	0.993101	3.49149e-08	4.09524e-12	0.0502401	0.993102	0.960563	3.12313e-07	0.000297076	2.29362e-11	0.374145	2.20376e-09	2.25174e-13	0.993087	0.974776	0.991961	0.993037	0.960564	1.47605e-20	0.364934	0.197279	0.364932	0.197281	0.990224	0.355748	0	
0.992923	0.428774	3.48328e-18	0.993102	9.1069e-09	0.993101	2.61255e-08	4.44857e-12	0.0382475	0.993102	0.968754	2.33692e-07	0.000448959	1.71623e-11	0.468222	1.65055e-09	1.69681e-13	0.993051	0.979389	0.991938	0.992946	0.968754	1.4514e-20	0.277357	0.149298	0.277355	0.149299	0.996669	0.38407	0	
0.992968	0.53391	2.60641e-18	0.993102	6.81436e-09	0.993101	1.95488e-08	4.9034e-12	0.0291949	0.993102	0.974883	1.74864e-07	0.000623978	1.2842e-11	0.561126	1.23641e-09	1.27643e-13	0.992952	0.982841	0.99175	0.992745	0.974883	1.43296e-20	0.210572	0.113039	0.210571	0.11304	0.998019	0.412197	0	
0.993002	0.627585	1.95028e-18	0.993102	5.09894e-09	0.993101	1.46276e-08	5.28681e-12	0.0224059	0.993102	0.979469	1.30844e-07	0.000812029	9.60916e-12	0.645902	9.26489e-10	9.58958e-14	0.992708	0.985424	0.99127	0.992329	0.979469	1.41916e-20	0.159742	0.085689	0.159741	0.0856897	0.972458	0.405875	0	
0.993027	0.681133	1.45932e-18	0.993102	3.81535e-09	0.993101	1.09453e-08	4.92621e-12	0.0176984	0.993102	0.9829	9.7906e-08	0.00100285	7.19019e-12	0.706453	6.95473e-10	7.21927e-14	0.992481	0.987357	0.990528	0.992014	0.982901	1.40883e-20	0.12053	0.0650842	0.120529	0.0650848	0.954139	0.420875	0	
0.993045	0.718992	1.09196e-18	0.993102	2.85489e-09	0.993101	8.18999e-09	4.35875e-12	0.0145866	0.993102	0.985468	7.32596e-08	0.00118459	5.38016e-12	0.758151	5.23594e-10	5.43431e-14	0.992106	0.988803	0.988844	0.991532	0.985468	1.4011e-20	0.0907639	0.0495799	0.0907635	0.0495803	0.907822	0.391741	0	
0.993054	0.67106	8.17073e-19	0.993102	2.13621e-09	0.993101	6.12827e-09	3.52786e-12	0.0142798	0.993102	0.98739	5.48176e-08	0.00134841	4.02577e-12	0.78288	3.99857e-10	4.12432e-14	0.992021	0.989885	0.98664	0.991478	0.98739	1.39532e-20	0.0681169	0.0379257	0.0681166	0.037926	0.85928	0.356689	0	
0.993028	0.546166	6.11386e-19	0.993102	1.59845e-09	0.993101	4.58556e-09	2.74066e-12	0.019378	0.993102	0.988827	4.1018e-08	0.00147383	3.01234e-12	0.774935	3.20508e-10	3.20304e-14	0.992124	0.990695	0.983993	0.991662	0.988827	1.39099e-20	0.0510449	0.0292002	0.0510446	0.0292005	0.812385	0.321708	0	
0.992824	0.418656	4.57478e-19	0.993102	1.19606e-09	0.993101	3.43121e-09	2.09023e-12	0.0355677	0.993102	0.989903	3.06923e-08	0.00152269	2.25402e-12	0.731572	2.9426e-10	2.63216e-14	0.992302	0.991301	0.980888	0.991924	0.989903	1.38776e-20	0.0382313	0.0227592	0.0382311	0.0227594	0.809487	0.346521	0	
0.992713	0.328402	3.42314e-19	0.993102	8.94968e-10	0.993101	2.56745e-09	1.60131e-12	0.0488274	0.993102	0.990708	2.29659e-08	0.00144325	1.6866e-12	0.726699	2.77869e-10	2.11289e-14	0.992445	0.991755	0.974714	0.992101	0.990708	1.38533e-20	0.0286724	0.0182857	0.0286722	0.0182858	0.809548	0.361629	0	
0.992672	0.265802	2.56141e-19	0.993102	6.69672e-10	0.993101	1.92113e-09	1.23552e-12	0.0587246	0.993102	0.99131	1.71846e-08	0.00131309	1.26202e-12	0.73733	2.65534e-10	1.68696e-14	0.992563	0.992094	0.967008	0.992228	0.99131	1.38352e-20	0.0215656	0.0153172	0.0215655	0.0153173	0.808567	0.357723	0	
0.992662	0.217229	1.91661e-19	0.993102	5.01091e-10	0.993101	1.43751e-09	9.61083e-13	0.06653	0.993102	0.99176	1.28587e-08	0.00117385	9.44327e-13	0.741799	2.57444e-10	1.37685e-14	0.99267	0.992348	0.961909	0.992354	0.99176	1.38217e-20	0.0162987	0.013451	0.0162986	0.013451	0.802983	0.337601	0	
0.992646	0.173845	1.43413e-19	0.993102	3.74948e-10	0.993101	1.07564e-09	7.51867e-13	0.0747728	0.993102	0.992097	9.62172e-09	0.00104204	7.06606e-13	0.724966	2.58334e-10	1.20158e-14	0.992764	0.992538	0.960934	0.992488	0.992097	1.38115e-20	0.0123935	0.0123876	0.0123934	0.0123876	0.833744	0.341797	0	
0.99273	0.151824	1.07311e-19	0.993102	2.8056e-10	0.993101	8.04859e-10	6.23135e-13	0.0701082	0.993102	0.992349	7.19964e-09	0.00091854	5.28727e-13	0.716868	2.28814e-10	1.05664e-14	0.992838	0.99268	0.963766	0.992593	0.992349	1.38039e-20	0.00978184	0.0120036	0.00978177	0.0120036	0.826424	0.317407	0	
0.992777	0.125626	8.02968e-20	0.993102	2.09933e-10	0.993101	6.02247e-10	5.18565e-13	0.0687048	0.993102	0.992538	5.38725e-09	0.000839697	3.95627e-13	0.682947	2.12322e-10	1.04724e-14	0.992896	0.992786	0.967385	0.992688	0.992538	1.37982e-20	0.0076839	0.0114751	0.00768385	0.0114752	0.789099	0.269324	0	
0.992648	0.0962694	6.00832e-20	0.993102	1.57085e-10	0.993101	4.50639e-10	4.12813e-13	0.0833759	0.993102	0.992679	4.03108e-09	0.000785037	2.96033e-13	0.598838	2.45598e-10	1.45487e-14	0.992945	0.992866	0.970814	0.992779	0.992679	1.3794e-20	0.00591307	0.0110114	0.00591302	0.0110114	0.779047	0.276691	0	
0.992527	0.0741851	4.49581e-20	0.993102	1.17541e-10	0.993101	3.37197e-10	3.29167e-13	0.10039	0.993102	0.992784	3.01632e-09	0.000704302	2.21511e-13	0.544469	2.89809e-10	1.66792e-14	0.992982	0.992925	0.972131	0.992849	0.992784	1.37908e-20	0.00466491	0.0114806	0.00466487	0.0114806	0.739786	0.242932	0	
0.991868	0.0560124	3.36407e-20	0.993102	8.79517e-11	0.993101	2.52312e-10	2.5555e-13	0.145662	0.993102	0.992862	2.257e-09	0.000610189	1.65749e-13	0.467924	4.49379e-10	2.386e-14	0.993012	0.99297	0.972628	0.992909	0.992862	1.37884e-20	0.00370709	0.0131216	0.00370706	0.0131216	0.652338	0.170555	0	
0.981854	0.0419327	2.51789e-20	0.993102	6.58111e-11	0.993101	1.88796e-10	1.92827e-13	0.2823	0.993102	0.992918	1.68884e-09	0.000490226	1.24024e-13	0.367595	1.67295e-09	6.62471e-14	0.993035	0.993003	0.97136	0.992957	0.992918	1.37866e-20	0.00300421	0.0207325	0.00300418	0.0207325	0.572708	0.145843	0	
0.968828	0.0313792	1.90054e-20	0.993102	4.9244e-11	0.993101	1.4127e-10	1.44612e-13	0.440591	0.993102	0.992897	1.26379e-09	0.000369006	9.28024e-14	0.28601	7.82376e-09	1.28899e-13	0.993052	0.993024	0.958512	0.992993	0.992897	1.37853e-20	0.0128625	0.118617	0.0128623	0.118617	0.484117	0.0631189	0	
0.952456	0.02348	1.99256e-20	0.993102	3.71046e-11	0.993101	1.05707e-10	1.08264e-13	0.57591	0.993102	0.991357	9.476e-10	0.000276206	6.94407e-14	0.216181	4.45072e-08	5.11368e-13	0.993064	0.992591	0.946804	0.993021	0.991357	1.37843e-20	0.211892	0.324585	0.211891	0.324585	0.485235	0.0488329	0	
0.961121	0.0175693	2.03647e-20	0.993102	8.2894e-11	0.993101	7.90969e-11	8.10668e-14	0.677081	0.993102	0.969907	9.56306e-10	0.000206681	5.19599e-14	0.163396	7.11013e-08	9.34776e-13	0.993074	0.984001	0.943124	0.993041	0.969907	1.37836e-20	0.408294	0.491876	0.408293	0.491876	0.499753	0.04507	0	
0.969055	0.0131466	1.82903e-20	0.993102	1.82683e-09	0.993101	5.91853e-11	6.07354e-14	0.751511	0.993102	0.870602	1.28852e-08	0.000154653	3.88797e-14	0.12378	8.14756e-08	1.29475e-12	0.993081	0.929389	0.944863	0.993057	0.870604	1.3783e-20	0.555508	0.61792	0.555508	0.61792	0.463134	0.0218313	0	
0.974995	0.00983711	2.68913e-20	0.993102	1.5128e-07	0.993101	4.42862e-11	4.54826e-14	0.809839	0.993102	0.710735	1.03956e-07	0.000115721	2.90923e-14	0.0935753	1.19774e-07	1.91632e-12	0.993086	0.776641	0.943024	0.993068	0.710737	1.37826e-20	0.665666	0.712337	0.665666	0.712337	0.518659	0.0190415	0	
0.979549	0.00736082	2.15545e-20	0.9931	2.80891e-07	0.993101	3.31378e-11	3.4144e-14	0.848565	0.993102	0.553888	9.47478e-07	8.65901e-05	2.17687e-14	0.0709227	1.08994e-07	2.43579e-12	0.99309	0.612164	0.9511	0.993077	0.55389	1.37823e-20	0.748094	0.783007	0.748093	0.783007	0.617905	0.023557	0	
0.982961	0.00550838	1.61555e-20	0.993099	2.25081e-07	0.993101	2.47958e-11	2.63565e-14	0.83949	0.993102	0.425136	5.61285e-06	6.47923e-05	1.62887e-14	0.0540575	8.42176e-08	2.73798e-12	0.993093	0.47474	0.960981	0.993083	0.425137	1.37821e-20	0.809771	0.835891	0.809771	0.835891	0.65904	0.0233195	0	
0.985514	0.00412296	1.20938e-20	0.993099	1.70419e-07	0.993101	1.85538e-11	2.15606e-14	0.794162	0.993102	0.330813	7.57869e-06	4.84817e-05	1.21883e-14	0.0414333	6.4186e-08	2.96845e-12	0.993096	0.374883	0.968764	0.993088	0.330813	1.37819e-20	0.855922	0.875462	0.855922	0.875462	0.656116	0.0221334	0	
0.987424	0.0030862	9.05522e-21	0.9931	1.27885e-07	0.993101	1.38831e-11	1.78675e-14	0.763476	0.993102	0.276783	6.19657e-06	3.62772e-05	9.12003e-15	0.0319641	4.92675e-08	3.16299e-12	0.993097	0.32326	0.974577	0.993091	0.276783	1.37818e-20	0.890456	0.905063	0.890455	0.905063	0.685842	0.0236075	0	
0.988853	0.00231142	6.77748e-21	0.993101	9.57246e-08	0.993101	1.03882e-11	1.65129e-14	0.70534	0.993102	0.256264	4.80007e-06	2.7145e-05	6.82419e-15	0.0249073	3.7549e-08	3.28119e-12	0.993098	0.312343	0.979062	0.993094	0.256263	1.37817e-20	0.916295	0.927202	0.916295	0.927202	0.722139	0.0268171	0	
0.989923	0.00173425	5.07176e-21	0.993101	7.1628e-08	0.993101	7.77314e-12	1.88522e-14	0.61747	0.993102	0.301531	3.60988e-06	2.03121e-05	5.10629e-15	0.0196922	2.84275e-08	3.31277e-12	0.993099	0.376809	0.982505	0.993096	0.301529	1.37816e-20	0.93563	0.943716	0.93563	0.943716	0.790696	0.0356542	0	
0.990723	0.00131974	3.79504e-21	0.993101	5.35966e-08	0.993101	5.81636e-12	3.97002e-14	0.493117	0.993102	0.430487	2.70191e-06	1.52015e-05	3.82085e-15	0.015993	2.13553e-08	3.19748e-12	0.9931	0.507586	0.985145	0.993098	0.430486	1.37815e-20	0.950098	0.955712	0.950098	0.955712	0.821839	0.0448693	0	
0.991322	0.00103697	2.8397e-21	0.993101	4.01044e-08	0.993101	4.35217e-12	7.74191e-14	0.386677	0.993102	0.56762	2.02175e-06	1.1407e-05	2.859e-15	0.013478	1.60244e-08	2.99025e-12	0.993101	0.627955	0.98713	0.993099	0.567619	1.37815e-20	0.960915	0.959978	0.960915	0.959978	0.83862	0.0511012	0	
0.99177	0.00085429	2.12485e-21	0.993102	3.00087e-08	0.993101	3.25657e-12	1.24672e-13	0.302247	0.993102	0.674186	1.5128e-06	8.80681e-06	2.13929e-15	0.0117953	1.20227e-08	2.76514e-12	0.993101	0.71968	0.988619	0.9931	0.674185	1.37815e-20	0.968594	0.930783	0.968594	0.930783	0.821541	0.059101	0	
0.992105	0.000704583	1.58995e-21	0.993102	2.24544e-08	0.993101	2.43677e-12	1.40717e-13	0.243954	0.993102	0.754368	1.13197e-06	8.05835e-06	1.60075e-15	0.0108306	9.04148e-09	2.51869e-12	0.993101	0.788479	0.989723	0.9931	0.754367	1.37814e-20	0.958399	0.824279	0.958399	0.824279	0.854599	0.0692964	0	
0.992356	0.000682374	1.18971e-21	0.993102	1.68018e-08	0.993101	1.82335e-12	1.97166e-13	0.192055	0.993102	0.814435	8.47015e-07	1.07418e-05	1.19778e-15	0.0105576	6.78881e-09	2.25134e-12	0.993102	0.839983	0.990559	0.993101	0.814434	1.37814e-20	0.899313	0.678238	0.899312	0.678238	0.84594	0.0686284	0	
0.992542	0.000639365	8.90217e-22	0.993102	1.25722e-08	0.993101	1.36434e-12	2.24796e-13	0.15494	0.993102	0.859401	6.33791e-07	2.13414e-05	8.96258e-16	0.0103212	5.10765e-09	2.05622e-12	0.993102	0.878526	0.991181	0.993101	0.8594	1.37814e-20	0.728123	0.533376	0.728122	0.533376	0.884555	0.074781	0	
0.992682	0.000793431	6.66117e-22	0.993102	9.4073e-09	0.993101	1.02089e-12	3.35462e-13	0.121253	0.993102	0.893053	4.74242e-07	4.39157e-05	6.70637e-16	0.0104578	3.83472e-09	1.8672e-12	0.993102	0.907367	0.991655	0.993101	0.893053	1.37814e-20	0.575335	0.412129	0.575334	0.412129	0.896644	0.0821422	0	
0.992787	0.00105823	4.98432e-22	0.993102	7.03914e-09	0.993101	7.63894e-13	4.64016e-13	0.094923	0.993102	0.918236	3.54858e-07	8.76737e-05	5.01814e-16	0.0109884	2.87947e-09	1.68077e-12	0.993102	0.928949	0.992011	0.993101	0.918236	1.37814e-20	0.441497	0.315195	0.441496	0.315195	0.922607	0.0931934	0	
0.992866	0.00176377	3.72958e-22	0.993102	5.26713e-09	0.993101	5.71594e-13	7.05221e-13	0.0735399	0.993102	0.937081	2.65528e-07	0.000158396	3.75489e-16	0.0121555	2.16061e-09	1.48503e-12	0.993102	0.945099	0.992279	0.993101	0.937081	1.37814e-20	0.336922	0.239918	0.336921	0.239918	0.945969	0.101103	0	
0.992925	0.00313024	2.79071e-22	0.993102	3.9412e-09	0.993101	4.27703e-13	1.09893e-12	0.0566077	0.993102	0.951183	1.98685e-07	0.000260807	2.80965e-16	0.0136905	1.62047e-09	1.3053e-12	0.993102	0.957183	0.992482	0.993101	0.951183	1.37814e-20	0.256598	0.182191	0.256598	0.182191	0.971575	0.111103	0	
0.992969	0.00600504	2.08819e-22	0.993102	2.94906e-09	0.993101	3.20035e-13	1.7756e-12	0.043307	0.993102	0.961735	1.48668e-07	0.000394738	2.10236e-16	0.0158337	1.21479e-09	1.13563e-12	0.993102	0.966225	0.992635	0.993101	0.961734	1.37814e-20	0.195822	0.138234	0.195821	0.138234	0.957076	0.101735	0	
0.993002	0.00677858	1.56252e-22	0.993102	2.20667e-09	0.993101	2.3947e-13	2.04196e-12	0.0336723	0.993102	0.96963	1.11243e-07	0.000555715	1.57312e-16	0.0165002	9.12e-10	1.04141e-12	0.993102	0.972991	0.992749	0.9931	0.96963	1.37814e-20	0.148219	0.104901	0.148219	0.104901	0.977882	0.125672	0	
0.993027	0.010591	1.16917e-22	0.993102	1.65117e-09	0.993101	1.79187e-13	2.60939e-12	0.0260331	0.993102	0.975539	8.32392e-08	0.000731426	1.17711e-16	0.0197707	6.84404e-10	8.98002e-13	0.993101	0.978054	0.992834	0.993099	0.975539	1.37814e-20	0.112652	0.0797026	0.112652	0.0797026	1.00155	0.153848	0	
0.993046	0.0228882	8.7485e-23	0.993102	1.23551e-09	0.993101	1.34079e-13	3.68858e-12	0.0200019	0.993102	0.97996	6.22849e-08	0.000914924	8.80785e-17	0.0275502	5.13353e-10	7.39535e-13	0.993099	0.981842	0.992897	0.993097	0.97996	1.37814e-20	0.0863551	0.0606772	0.0863548	0.0606772	1.01096	0.171504	0	
0.99306	0.0417779	6.54619e-23	0.993102	9.24489e-10	0.993101	1.00326e-13	4.85563e-12	0.0153995	0.993102	0.983268	4.66055e-08	0.00109928	6.59059e-17	0.0383896	3.85149e-10	6.00851e-13	0.993097	0.984676	0.992943	0.993093	0.983268	1.37814e-20	0.0665723	0.0463237	0.066572	0.0463237	1.02613	0.201417	0	
0.993071	0.0843382	4.89827e-23	0.993102	6.91762e-10	0.993101	7.50706e-14	6.47192e-12	0.0118426	0.993102	0.985743	3.48732e-08	0.00127714	4.9315e-17	0.0592782	2.8895e-10	4.75699e-13	0.993091	0.986798	0.992976	0.993086	0.985743	1.37813e-20	0.0520153	0.0355027	0.052015	0.0355027	1.05457	0.275559	0	
0.993079	0.232383	3.6652e-23	0.993102	5.1762e-10	0.993101	5.61726e-14	9.85569e-12	0.0090425	0.993102	0.987595	2.60943e-08	0.00144367	3.69006e-17	0.139398	2.1664e-10	3.61874e-13	0.993057	0.988385	0.992991	0.993043	0.987595	1.37813e-20	0.0422779	0.0273482	0.0422776	0.0273482	1.06666	0.33733	0	
0.993084	0.39934	2.74254e-23	0.993102	3.87316e-10	0.993101	4.20319e-14	1.37586e-11	0.00690842	0.993102	0.988981	1.95254e-08	0.00159634	2.76114e-17	0.273916	1.62441e-10	2.725e-13	0.992927	0.989572	0.992972	0.992889	0.988981	1.37813e-20	0.0354497	0.021204	0.0354495	0.021204	1.06799	0.362614	0	
0.993089	0.533791	2.05214e-23	0.993102	2.89815e-10	0.993101	3.1451e-14	1.68521e-11	0.00530782	0.993102	0.990018	1.46102e-08	0.00173303	2.06606e-17	0.399385	1.21876e-10	2.04941e-13	0.992716	0.990461	0.99293	0.992649	0.990018	1.37813e-20	0.0301264	0.0165757	0.0301262	0.0165757	1.06415	0.35123	0	
0.993092	0.629474	1.53554e-23	0.993102	2.16858e-10	0.993101	2.35336e-14	1.86813e-11	0.00412121	0.993102	0.990794	1.09323e-08	0.00185279	1.54596e-17	0.482812	9.15496e-11	1.54654e-13	0.992596	0.991126	0.992908	0.992522	0.990794	1.37813e-20	0.0256757	0.0130902	0.0256755	0.0130902	1.04994	0.406226	0	
0.993095	0.711782	1.14899e-23	0.993102	1.62267e-10	0.993101	1.76093e-14	1.85484e-11	0.00328242	0.993102	0.991375	8.18027e-09	0.00195572	1.15678e-17	0.584587	6.89737e-11	1.16156e-13	0.992042	0.991623	0.992699	0.991929	0.991375	1.37813e-20	0.0214692	0.010466	0.021469	0.010466	1.03391	0.43739	0	
0.993097	0.775714	8.59747e-24	0.993102	1.21418e-10	0.993101	1.31764e-14	1.71957e-11	0.00272977	0.993102	0.99181	6.12116e-09	0.00204235	8.65579e-18	0.672372	5.22587e-11	8.71484e-14	0.990998	0.991996	0.992138	0.990825	0.99181	1.37813e-20	0.0176528	0.00849132	0.0176526	0.00849132	1.03973	0.449543	0	
0.993098	0.825591	6.43318e-24	0.993102	9.08529e-11	0.993101	9.85944e-15	1.65929e-11	0.00228621	0.993102	0.992135	4.58049e-09	0.0021136	6.47681e-18	0.741152	3.96803e-11	6.53926e-14	0.989822	0.992274	0.991629	0.989597	0.992135	1.37813e-20	0.0149532	0.0070065	0.014953	0.0070065	1.03708	0.447708	0	
0.993099	0.862467	4.81371e-24	0.993102	6.79819e-11	0.993101	7.37746e-15	1.59491e-11	0.00196758	0.993102	0.992378	3.42764e-09	0.00217211	4.84636e-18	0.792192	3.02998e-11	4.91203e-14	0.988973	0.992483	0.991236	0.988727	0.992378	1.37813e-20	0.0128146	0.00588971	0.0128144	0.00588971	1.02789	0.457398	0	
0.9931	0.890111	3.60193e-24	0.993102	5.08684e-11	0.993101	5.52029e-15	1.48741e-11	0.00178095	0.993102	0.99256	2.56511e-09	0.00221966	3.62636e-18	0.832475	2.34035e-11	3.6911e-14	0.987957	0.992639	0.990592	0.987691	0.99256	1.37813e-20	0.0109257	0.00504996	0.0109256	0.00504996	1.04552	0.50726	0	
0.9931	0.914657	2.69519e-24	0.993102	3.8063e-11	0.993101	4.13063e-15	1.53133e-11	0.00154962	0.993102	0.992696	1.92179e-09	0.00225745	2.71347e-18	0.869013	1.80259e-11	2.76767e-14	0.983718	0.992755	0.989112	0.983323	0.992696	1.37813e-20	0.0100597	0.00441921	0.0100595	0.00441921	1.04981	0.527856	0	
0.993101	0.933564	2.01672e-24	0.993102	2.84811e-11	0.993101	3.0908e-15	1.6016e-11	0.00135872	0.993102	0.992798	1.44347e-09	0.0022885	2.03039e-18	0.897655	1.39598e-11	2.07476e-14	0.977744	0.992843	0.987199	0.977195	0.992798	1.37813e-20	0.00956002	0.0039443	0.00955988	0.0039443	1.04944	0.54717	0	
0.993101	0.947975	1.50904e-24	0.993102	2.13114e-11	0.993101	2.31273e-15	1.65087e-11	0.00121734	0.993102	0.992875	1.09182e-09	0.00231401	1.51927e-18	0.919912	1.09208e-11	1.55506e-14	0.969444	0.992908	0.984385	0.968715	0.992875	1.37813e-20	0.00915626	0.00358652	0.00915611	0.00358652	1.05718	0.573995	0	
0.993101	0.959046	1.12916e-24	0.993102	1.59465e-11	0.993101	1.73053e-15	1.76346e-11	0.0010828	0.993102	0.992932	8.51064e-10	0.0023348	1.13681e-18	0.937299	8.57865e-12	1.16511e-14	0.955187	0.992957	0.98033	0.954184	0.992932	1.37813e-20	0.00917318	0.00331701	0.00917302	0.00331701	1.05208	0.543032	0	
0.993102	0.967026	8.44908e-25	0.993102	1.19322e-11	0.993101	1.2949e-15	1.79654e-11	0.00100056	0.993102	0.992974	6.46649e-10	0.00235198	8.50636e-19	0.949425	6.86979e-12	8.74625e-15	0.95337	0.992993	0.979782	0.952382	0.992974	1.37813e-20	0.00895164	0.00311365	0.00895148	0.00311365	1.04288	0.515915	0	
0.993102	0.972365	6.32215e-25	0.993102	8.92844e-12	0.993101	9.68924e-16	1.74112e-11	0.000977436	0.993102	0.993006	4.87175e-10	0.00236583	6.365e-19	0.957133	5.68216e-12	6.59292e-15	0.956617	0.993021	0.980493	0.955745	0.993006	1.37813e-20	0.00843175	0.00296045	0.0084316	0.00296045	1.0356	0.554287	0	
0.993102	0.976926	4.73065e-25	0.993102	6.68082e-12	0.993101	7.25011e-16	1.64584e-11	0.000995981	0.993102	0.99303	3.79887e-10	0.00237647	4.7627e-19	0.964651	4.87849e-12	4.95572e-15	0.951677	0.993041	0.977186	0.950762	0.99303	1.37813e-20	0.00780769	0.00284553	0.00780755	0.00284553	1.04842	0.570221	0	
0.993102	0.980627	3.53978e-25	0.993102	4.99902e-12	0.993101	5.425e-16	1.67487e-11	0.000950035	0.993102	0.993048	3.13316e-10	0.00238421	3.56375e-19	0.970694	4.13532e-12	3.72453e-15	0.943096	0.993057	0.974307	0.942058	0.993048	1.37813e-20	0.007777	0.00275977	0.00777686	0.00275977	1.03488	0.603788	0	
0.993102	0.983519	2.6487e-25	0.993102	3.74058e-12	0.993101	4.05934e-16	1.59135e-11	0.000979324	0.993102	0.993061	3.45515e-10	0.00239055	2.66663e-19	0.975762	3.73016e-12	2.79528e-15	0.920954	0.993068	0.9621	0.919605	0.993061	1.37813e-20	0.00729479	0.00269502	0.00729466	0.00269502	1.02695	0.588339	0	
0.993102	0.985534	1.98195e-25	0.993102	2.79894e-12	0.993101	3.03746e-16	1.4793e-11	0.00104729	0.993102	0.993071	3.1848e-10	0.00239495	1.99534e-19	0.979347	3.53621e-12	2.10298e-15	0.912667	0.993077	0.955194	0.911191	0.993071	1.37813e-20	0.00672026	0.00264693	0.00672014	0.00264693	1.01142	0.589128	0	
0.993102	0.986907	1.48306e-25	0.993102	2.09435e-12	0.993101	2.27284e-16	1.31841e-11	0.0012125	0.993102	0.993079	3.00342e-10	0.00239741	1.49304e-19	0.982042	3.66245e-12	1.58478e-15	0.906156	0.993083	0.944801	0.904547	0.993079	1.37813e-20	0.00595722	0.00261181	0.00595711	0.00261181	0.996313	0.608037	0	
0.993102	0.987972	1.10979e-25	0.993102	1.56712e-12	0.993101	1.70071e-16	1.14287e-11	0.00148705	0.993102	0.993085	3.57774e-10	0.00239727	1.11719e-19	0.9843	4.11549e-12	1.19351e-15	0.891025	0.993088	0.920436	0.88905	0.993085	1.37813e-20	0.0051493	0.00258761	0.0051492	0.00258761	0.949321	0.600793	0	
0.993101	0.987808	8.3089e-26	0.993102	1.17262e-12	0.993101	1.27277e-16	9.16255e-12	0.00259136	0.993102	0.993089	3.68381e-10	0.00239386	8.3595e-20	0.985907	6.59894e-12	9.01924e-16	0.884354	0.993091	0.870037	0.882029	0.993089	1.37813e-20	0.00412672	0.00257299	0.00412665	0.00257299	0.976682	0.606015	0	
0.9931	0.98838	6.21883e-26	0.993102	8.7743e-13	0.993101	9.52434e-17	7.91183e-12	0.00279664	0.993102	0.993092	4.05309e-10	0.00237824	6.25511e-20	0.98717	6.97394e-12	6.82865e-16	0.877626	0.993094	0.85209	0.874331	0.993092	1.37813e-20	0.00358186	0.00257622	0.0035818	0.00257622	0.94601	0.568233	0	
0.993099	0.986604	4.65872e-26	0.993102	6.56549e-13	0.993101	7.12888e-17	6.49184e-12	0.00367187	0.993102	0.993094	3.32121e-10	0.00236415	4.68047e-20	0.987499	8.97875e-12	5.27968e-16	0.889559	0.993096	0.844016	0.886178	0.993094	1.37813e-20	0.00295011	0.00258132	0.00295006	0.00258132	0.965732	0.583182	0	
0.993099	0.986749	3.48841e-26	0.993102	4.91271e-13	0.993101	5.33524e-17	5.70578e-12	0.00381422	0.993102	0.993096	3.02832e-10	0.00234348	3.50223e-20	0.988045	9.25319e-12	4.0767e-16	0.893763	0.993098	0.841303	0.889724	0.993096	1.37813e-20	0.00262195	0.00259664	0.0026219	0.00259664	0.974781	0.588627	0	
0.9931	0.987231	2.61196e-26	0.993102	3.676e-13	0.993101	3.99284e-17	5.28585e-12	0.00374479	0.993102	0.993097	2.94517e-10	0.00232639	2.62059e-20	0.988543	9.03894e-12	3.16355e-16	0.894761	0.993099	0.841648	0.890031	0.993097	1.37813e-20	0.0024613	0.00261	0.00246125	0.00261	0.980972	0.595955	0	
0.9931	0.987856	1.95576e-26	0.993102	2.75062e-13	0.993101	2.98822e-17	5.10561e-12	0.00358942	0.993102	0.993098	3.11177e-10	0.00231439	1.96089e-20	0.98902	8.63231e-12	2.46485e-16	0.892066	0.9931	0.841169	0.886642	0.993098	1.37813e-20	0.00240519	0.00261907	0.00240515	0.00261907	0.973833	0.609063	0	
0.9931	0.988419	1.4652e-26	0.993102	2.05819e-13	0.993101	2.23667e-17	4.81767e-12	0.00359357	0.993102	0.993099	3.8528e-10	0.0023072	1.46726e-20	0.989532	8.61485e-12	1.91951e-16	0.882772	0.9931	0.825681	0.876511	0.993099	1.37813e-20	0.00228536	0.0026238	0.00228532	0.0026238	0.965965	0.613856	0	
0.9931	0.988792	1.09879e-26	0.993102	1.54007e-13	0.993101	1.67458e-17	4.45702e-12	0.00375069	0.993102	0.9931	4.72981e-10	0.00230177	1.0979e-20	0.989962	8.96912e-12	1.50458e-16	0.872856	0.993101	0.802644	0.865812	0.9931	1.37813e-20	0.00212518	0.00262739	0.00212514	0.00262739	0.968494	0.642616	0	
0.9931	0.989446	8.24379e-27	0.993102	1.15238e-13	0.993101	1.25389e-17	4.23136e-12	0.00381611	0.993102	0.9931	9.41103e-10	0.0022959	8.21518e-21	0.990488	9.10976e-12	1.16424e-16	0.843447	0.993101	0.757234	0.834702	0.9931	1.37813e-20	0.00202956	0.00263216	0.00202953	0.00263216	0.954636	0.640388	0	
0.993099	0.989771	6.20676e-27	0.993102	8.62281e-14	0.993101	9.39734e-18	3.84554e-12	0.00418578	0.993102	0.9931	1.24273e-09	0.00229077	6.14712e-21	0.99087	9.98103e-12	9.11325e-17	0.823558	0.993101	0.709301	0.813563	0.9931	1.37813e-20	0.00185268	0.0026366	0.00185264	0.0026366	0.952979	0.65192	0	
0.993099	0.990121	4.68515e-27	0.993102	6.45214e-14	0.993101	7.04757e-18	3.5347e-12	0.00450698	0.993102	0.9931	1.79679e-09	0.00228271	4.59967e-21	0.991213	1.07396e-11	7.13805e-17	0.798562	0.993102	0.657067	0.786873	0.9931	1.37813e-20	0.00171425	0.00264486	0.00171422	0.00264486	1.00158	0.69731	0	
0.9931	0.990797	3.51158e-27	0.993102	4.8279e-14	0.993101	5.2757e-18	4.38218e-12	0.00389432	0.993102	0.993101	6.74025e-09	0.00227305	3.44176e-21	0.9916	9.27352e-12	5.4698e-17	0.728536	0.993102	0.621997	0.714161	0.993101	1.37813e-20	0.00215893	0.00265536	0.00215889	0.00265536	1.00612	0.69312	0	
0.9931	0.991303	2.63246e-27	0.993102	3.61254e-14	0.993101	3.94952e-18	5.1812e-12	0.00339073	0.993102	0.993101	9.49604e-09	0.00227277	2.57535e-21	0.991882	8.06925e-12	4.23276e-17	0.679831	0.993102	0.606572	0.664223	0.993101	1.37813e-20	0.00255137	0.002655	0.00255132	0.002655	1.01822	0.690613	0	
0.993101	0.991695	1.97278e-27	0.993102	2.70313e-14	0.993101	2.95647e-18	6.30025e-12	0.00291154	0.993102	0.993101	1.1053e-08	0.00227834	1.92704e-21	0.992088	6.92507e-12	3.31432e-17	0.645246	0.993102	0.612538	0.629354	0.993101	1.37813e-20	0.00307659	0.00264806	0.00307653	0.00264806	1.01611	0.703357	0	
0.993101	0.992	1.47943e-27	0.993102	2.02266e-14	0.993101	2.21352e-18	7.03734e-12	0.00256911	0.993102	0.993101	1.4718e-08	0.00228806	1.44193e-21	0.992265	6.10721e-12	2.59399e-17	0.602277	0.993102	0.599196	0.586758	0.993101	1.37813e-20	0.00340035	0.00263657	0.00340029	0.00263657	0.995167	0.699644	0	
0.993101	0.992196	1.11456e-27	0.993102	1.51348e-14	0.993101	1.65933e-18	6.79388e-12	0.00251557	0.993102	0.993101	1.64948e-08	0.00229933	1.07895e-21	0.992391	5.9767e-12	2.06378e-17	0.573906	0.993102	0.567764	0.559085	0.993101	1.37813e-20	0.00325804	0.00262351	0.00325798	0.00262351	0.982157	0.693564	0	
0.993101	0.992306	8.46702e-28	0.993102	1.13248e-14	0.993101	1.24673e-18	6.26162e-12	0.00265125	0.993102	0.993101	1.66318e-08	0.00230839	8.07335e-22	0.992475	6.29714e-12	1.68292e-17	0.560139	0.993102	0.53564	0.545908	0.993101	1.37813e-20	0.00298724	0.00261305	0.00298718	0.00261305	0.960391	0.688992	0	
0.9931	0.992305	6.6393e-28	0.993102	8.47395e-15	0.993101	9.45055e-19	5.44758e-12	0.00317021	0.993102	0.993101	1.60367e-08	0.00231358	6.041e-22	0.992528	7.53238e-12	1.41122e-17	0.555862	0.993102	0.490993	0.541921	0.993101	1.37813e-20	0.00259292	0.00260698	0.00259287	0.00260698	0.955076	0.708509	0	
0.9931	0.992355	5.34364e-28	0.993102	6.34075e-15	0.993101	7.22053e-19	4.76159e-12	0.00369089	0.993102	0.993101	2.0005e-08	0.00231142	4.52026e-22	0.992602	8.77302e-12	1.15881e-17	0.529628	0.993102	0.431307	0.515279	0.993101	1.37813e-20	0.00226858	0.00260922	0.00226854	0.00260922	0.970513	0.705743	0	
0.9931	0.992425	4.20107e-28	0.993102	4.74455e-15	0.993101	5.4824e-19	4.49619e-12	0.00373156	0.993102	0.993101	2.22866e-08	0.00230381	3.38234e-22	0.992653	8.86812e-12	9.75784e-18	0.514732	0.993102	0.405429	0.499405	0.993101	1.37813e-20	0.00215384	0.00261777	0.0021538	0.00261777	0.98169	0.689844	0	
0.9931	0.992467	3.27308e-28	0.993102	3.55017e-15	0.993101	4.1531e-19	4.53138e-12	0.00356834	0.993102	0.993101	2.05567e-08	0.00229765	2.53089e-22	0.992664	8.47784e-12	8.79525e-18	0.523504	0.993102	0.418197	0.507408	0.993101	1.37813e-20	0.00218297	0.00262471	0.00218293	0.00262471	0.950109	0.66921	0	
0.993099	0.99226	2.90739e-28	0.993102	2.65647e-15	0.993101	3.28796e-19	4.01122e-12	0.00412572	0.993102	0.993101	1.70707e-08	0.00229491	1.89377e-22	0.992619	9.80806e-12	8.83811e-18	0.554305	0.993102	0.414332	0.538162	0.993101	1.37813e-20	0.00193558	0.00262774	0.00193554	0.00262774	0.948094	0.670301	0	
0.993099	0.992099	2.67223e-28	0.993102	1.98774e-15	0.993101	2.65357e-19	3.59749e-12	0.0046023	0.993102	0.993101	1.45774e-08	0.0022865	1.41704e-22	0.992589	1.09459e-11	8.82145e-18	0.577379	0.993102	0.407717	0.560554	0.993101	1.37813e-20	0.00174508	0.00263742	0.00174505	0.00263742	0.97789	0.680648	0	
0.993099	0.992184	2.15038e-28	0.993102	1.48735e-15	0.993101	2.04371e-19	3.77351e-12	0.00428095	0.993102	0.993101	1.36891e-08	0.00227481	1.06032e-22	0.992595	1.0178e-11	8.39622e-18	0.583689	0.993102	0.426634	0.565557	0.993101	1.37813e-20	0.00185411	0.00265108	0.00185408	0.00265108	0.974311	0.671972	0	
0.9931	0.992202	1.7831e-28	0.993102	1.11293e-15	0.993101	1.59676e-19	3.8305e-12	0.0041024	0.993102	0.993101	1.21837e-08	0.0022697	7.93398e-23	0.992575	9.75094e-12	8.41826e-18	0.597814	0.993102	0.447158	0.579283	0.993101	1.37813e-20	0.00189139	0.00265697	0.00189136	0.00265697	0.960825	0.70353	0	
0.993099	0.992279	1.63274e-28	0.993102	8.32765e-16	0.993101	1.31102e-19	3.6351e-12	0.00424585	0.993102	0.993101	1.59254e-08	0.00226789	5.93671e-23	0.99263	1.00924e-11	7.43519e-18	0.569543	0.993102	0.409236	0.550559	0.993101	1.37813e-20	0.00179758	0.00265899	0.00179755	0.00265899	0.969443	0.715545	0	
0.9931	0.992388	1.43319e-28	0.993102	6.23128e-16	0.993101	1.06309e-19	3.63353e-12	0.00416771	0.993102	0.993101	2.29898e-08	0.00226492	4.44223e-23	0.992687	9.90516e-12	6.45692e-18	0.533841	0.993102	0.377352	0.514464	0.993101	1.37813e-20	0.00180178	0.00266242	0.00180175	0.00266242	0.966289	0.726138	0	
0.9931	0.992483	1.31231e-28	0.993102	4.66264e-16	0.993101	8.88757e-20	3.5765e-12	0.00417348	0.993102	0.993101	3.40659e-08	0.00226357	3.32396e-23	0.992742	9.91831e-12	5.55433e-18	0.49419	0.993102	0.340362	0.474838	0.993101	1.37813e-20	0.00177571	0.00266393	0.00177568	0.00266393	0.949756	0.706843	0	
0.993099	0.992465	1.44674e-28	0.993102	3.48888e-16	0.993101	8.45729e-20	3.29236e-12	0.00458878	0.993102	0.993101	3.32862e-08	0.00226251	2.4872e-23	0.99276	1.09105e-11	5.21937e-18	0.488047	0.993102	0.315181	0.46838	0.993101	1.37813e-20	0.00163606	0.00266515	0.00163603	0.00266515	0.933226	0.686401	0	
0.993097	0.992261	1.9829e-28	0.993102	2.6106e-16	0.993101	9.79983e-20	2.90628e-12	0.00546922	0.993102	0.993101	2.84059e-08	0.00225701	1.86109e-23	0.992736	1.30199e-11	5.50577e-18	0.50987	0.993102	0.299999	0.489523	0.993101	1.37813e-20	0.00144882	0.00267164	0.00144879	0.00267164	0.923441	0.684087	0	
0.993095	0.992009	2.81539e-28	0.993102	1.95342e-16	0.993101	1.23778e-19	2.5387e-12	0.00656369	0.993102	0.993101	2.45592e-08	0.00224308	1.3926e-23	0.992713	1.56479e-11	5.79588e-18	0.531133	0.993102	0.281774	0.509272	0.993101	1.37813e-20	0.00127543	0.00268851	0.0012754	0.00268851	0.986779	0.822624	0	
0.993097	0.992276	2.21236e-28	0.993102	1.46167e-16	0.993101	9.65365e-20	3.19169e-12	0.00561262	0.993102	0.993101	8.98818e-07	0.00222068	1.04203e-23	0.992804	1.33727e-11	4.4418e-18	0.419637	0.993102	0.226337	0.400762	0.993101	1.37813e-20	0.00166238	0.00271634	0.00166235	0.00271634	0.997075	0.836338	0	
0.993098	0.992479	1.72545e-28	0.993102	1.09372e-16	0.993101	7.48799e-20	3.97574e-12	0.00477076	0.993102	0.993101	2.13951e-06	0.00221431	7.79717e-24	0.992873	1.13605e-11	3.40341e-18	0.330647	0.993102	0.183891	0.314862	0.993101	1.37813e-20	0.00208091	0.00272392	0.00208087	0.00272392	0.995675	0.839116	0	
0.993099	0.992631	1.36515e-28	0.993102	8.18388e-17	0.993101	5.8875e-20	4.51859e-12	0.004157	0.993102	0.993101	3.18596e-06	0.0022189	5.83434e-24	0.992926	9.89334e-12	2.62211e-18	0.262726	0.993102	0.151028	0.249599	0.993101	1.37813e-20	0.00234417	0.00271809	0.00234413	0.00271809	0.993996	0.841202	0	
0.993099	0.992745	1.10069e-28	0.993102	6.1237e-17	0.993101	4.71342e-20	4.87382e-12	0.00371775	0.993102	0.993101	4.06518e-06	0.00222926	4.36563e-24	0.992965	8.84305e-12	2.03441e-18	0.210977	0.993102	0.125513	0.200067	0.993101	1.37813e-20	0.00249686	0.00270545	0.00249681	0.00270545	0.995406	0.847823	0	
0.9931	0.992831	8.98464e-29	0.993102	4.58214e-17	0.993101	3.82059e-20	5.18231e-12	0.00337223	0.993102	0.993101	5.19463e-06	0.00224203	3.26665e-24	0.992995	8.01713e-12	1.58568e-18	0.170351	0.993102	0.105239	0.161335	0.993101	1.37813e-20	0.00261901	0.00269013	0.00261896	0.00269013	1.00468	0.853973	0	
0.9931	0.992896	7.23945e-29	0.993102	3.42865e-17	0.993101	3.06289e-20	5.72604e-12	0.00301394	0.993102	0.993101	6.60238e-06	0.00225555	2.44432e-24	0.993018	7.16207e-12	1.24257e-18	0.138426	0.993102	0.0907638	0.130994	0.993101	1.37813e-20	0.0028505	0.0026741	0.00285044	0.0026741	1.00348	0.855891	0	
0.993101	0.992945	5.95901e-29	0.993102	2.56553e-17	0.993101	2.50751e-20	6.08904e-12	0.00275775	0.993102	0.993101	7.83058e-06	0.00226981	1.829e-24	0.993036	6.55054e-12	9.83726e-19	0.113998	0.993102	0.0792386	0.107852	0.993101	1.37813e-20	0.00299031	0.00265739	0.00299026	0.00265739	1.00111	0.860329	0	
0.993101	0.992982	5.05472e-29	0.993102	1.9197e-17	0.993101	2.11458e-20	6.27722e-12	0.00259036	0.993102	0.993101	9.2759e-06	0.00228347	1.36858e-24	0.993049	6.15071e-12	7.85458e-19	0.094775	0.993102	0.0692311	0.0896857	0.993101	1.37813e-20	0.00304711	0.00264155	0.00304705	0.00264155	1.00032	0.859471	0	
0.993101	0.993009	4.39736e-29	0.993102	1.43644e-17	0.993101	1.8291e-20	6.39084e-12	0.00247355	0.993102	0.993101	1.022e-05	0.00229565	1.02407e-24	0.993059	5.87159e-12	6.37957e-19	0.0804868	0.993102	0.0617547	0.0762131	0.993101	1.37813e-20	0.00307155	0.00262751	0.00307149	0.00262751	0.998093	0.859542	0	
0.993101	0.993029	3.96268e-29	0.993102	1.07483e-17	0.993101	1.63907e-20	6.40221e-12	0.00241043	0.993102	0.993101	1.09205e-05	0.00230613	7.66278e-25	0.993066	5.72043e-12	5.27515e-19	0.0697396	0.993102	0.0557312	0.0660991	0.993101	1.37813e-20	0.00305201	0.0026155	0.00305195	0.0026155	0.99845	0.850246	0	
0.993101	0.993044	3.62788e-29	0.993102	8.0426e-18	0.993101	1.49338e-20	6.42233e-12	0.00235921	0.993102	0.993101	1.04225e-05	0.00231471	5.73385e-25	0.993071	5.59788e-12	4.55123e-19	0.0635259	0.993102	0.0531589	0.0602913	0.993101	1.37813e-20	0.00304087	0.00260569	0.00304081	0.00260569	0.996885	0.862295	0	
0.993101	0.993056	3.42019e-29	0.993102	6.01798e-18	0.993101	1.4019e-20	6.38709e-12	0.00233852	0.993102	0.993101	1.14364e-05	0.00232174	4.2905e-25	0.993076	5.54807e-12	3.88021e-19	0.0565173	0.993102	0.0485995	0.0536971	0.993101	1.37813e-20	0.00300777	0.00259769	0.00300771	0.00259769	0.995783	0.869377	0	
0.993101	0.993065	3.29658e-29	0.993102	4.50304e-18	0.993101	1.3464e-20	6.32624e-12	0.00233579	0.993102	0.993101	1.33823e-05	0.00232724	3.2105e-25	0.99308	5.54111e-12	3.31541e-19	0.0501176	0.993102	0.0438959	0.0476604	0.993101	1.37813e-20	0.00296648	0.00259143	0.00296643	0.00259143	0.997137	0.868819	0	
0.993101	0.993071	3.16522e-29	0.993102	3.36946e-18	0.993101	1.2892e-20	6.32318e-12	0.00231812	0.993102	0.993101	1.47313e-05	0.00233138	2.40237e-25	0.993082	5.49876e-12	2.89742e-19	0.0454131	0.993102	0.0406607	0.0432243	0.993101	1.37813e-20	0.00295511	0.00258672	0.00295505	0.00258672	0.99403	0.86816	0	
0.993101	0.993076	3.15936e-29	0.993102	2.52124e-18	0.993101	1.2838e-20	6.22512e-12	0.00234138	0.993102	0.993101	1.56147e-05	0.00233469	1.79768e-25	0.993084	5.55379e-12	2.59018e-19	0.0419891	0.993102	0.0378777	0.0399996	0.993101	1.37813e-20	0.00290192	0.00258296	0.00290187	0.00258296	0.99166	0.874163	0	
0.993101	0.99308	3.23359e-29	0.993102	1.88655e-18	0.993101	1.31131e-20	6.08263e-12	0.00238815	0.993102	0.993101	1.75273e-05	0.0023369	1.34523e-25	0.993086	5.66481e-12	2.31253e-19	0.0385533	0.993102	0.0346754	0.0367471	0.993101	1.37813e-20	0.00283086	0.00258045	0.00283081	0.00258045	0.991878	0.873102	0	
0.993101	0.993083	3.2816e-29	0.993102	1.41164e-18	0.993101	1.32854e-20	5.98222e-12	0.00242039	0.993102	0.993101	1.87262e-05	0.002338	1.00667e-25	0.993088	5.74132e-12	2.11279e-19	0.0361442	0.993102	0.0324389	0.0344619	0.993101	1.37813e-20	0.00278179	0.00257917	0.00278174	0.00257917	0.993346	0.880123	0	
0.993101	0.993086	3.26836e-29	0.993102	1.05628e-18	0.993101	1.32141e-20	5.94972e-12	0.00242623	0.993102	0.993101	2.14521e-05	0.00233844	7.53337e-26	0.993089	5.75509e-12	1.91325e-19	0.0334181	0.993102	0.030099	0.0318655	0.993101	1.37813e-20	0.00276567	0.00257864	0.00276562	0.00257864	0.993727	0.873441	0	
0.993101	0.993087	3.24617e-29	0.993102	7.90375e-19	0.993101	1.31109e-20	5.93666e-12	0.00242595	0.993102	0.993101	2.17483e-05	0.0023387	5.63775e-26	0.99309	5.75434e-12	1.81144e-19	0.0322645	0.993102	0.0292083	0.0307685	0.993101	1.37813e-20	0.00275898	0.00257831	0.00275893	0.00257831	0.998352	0.874282	0	
0.993101	0.993089	3.09435e-29	0.993102	5.91409e-19	0.993101	1.24893e-20	6.07077e-12	0.00237192	0.993102	0.993101	2.21647e-05	0.0023389	4.21919e-26	0.99309	5.62584e-12	1.72894e-19	0.0312837	0.993102	0.0290524	0.0298353	0.993101	1.37813e-20	0.0028206	0.00257806	0.00282054	0.00257806	0.996041	0.879882	0	
0.993101	0.99309	3.04518e-29	0.993102	4.4253e-19	0.993101	1.22867e-20	6.09757e-12	0.00235776	0.993102	0.993101	2.39393e-05	0.00233969	3.15779e-26	0.993091	5.59213e-12	1.62763e-19	0.0297991	0.993102	0.0279086	0.0284264	0.993101	1.37813e-20	0.00283109	0.00257718	0.00283104	0.00257718	0.995307	0.877549	0	
0.993101	0.993091	3.03013e-29	0.993102	3.31129e-19	0.993101	1.22237e-20	6.09498e-12	0.00235576	0.993102	0.993101	2.46081e-05	0.00234044	2.36361e-26	0.993091	5.58734e-12	1.56777e-19	0.0289817	0.993102	0.0272482	0.0276545	0.993101	1.37813e-20	0.00282808	0.00257634	0.00282802	0.00257634	0.988275	0.873022	0	
0.993101	0.993091	3.26299e-29	0.993102	2.47772e-19	0.993101	1.31609e-20	5.89198e-12	0.00244336	0.993102	0.993101	2.39992e-05	0.00234103	1.7696e-26	0.993091	5.79562e-12	1.55614e-19	0.0289843	0.993102	0.0264505	0.0276647	0.993101	1.37813e-20	0.00273289	0.00257568	0.00273284	0.00257568	0.984411	0.873539	0	
0.993101	0.99309	3.60367e-29	0.993102	1.85398e-19	0.993101	1.4525e-20	5.64106e-12	0.00256343	0.993102	0.993101	2.36803e-05	0.00234044	1.32529e-26	0.993092	6.08124e-12	1.54349e-19	0.028938	0.993102	0.0253563	0.0276144	0.993101	1.37813e-20	0.0026179	0.00257632	0.00261785	0.00257632	0.957444	0.859326	0	
0.9931	0.993086	6.11391e-29	0.993102	1.38727e-19	0.993101	2.459e-20	4.93961e-12	0.00317617	0.993102	0.993101	2.09759e-05	0.00233859	9.95083e-27	0.993091	7.54207e-12	1.65867e-19	0.0312402	0.993102	0.0233066	0.0297882	0.993101	1.37813e-20	0.00229493	0.00257836	0.00229489	0.00257836	0.96454	0.877322	0	
0.9931	0.993086	7.14776e-29	0.993102	1.03804e-19	0.993101	2.86047e-20	4.52431e-12	0.00346893	0.993102	0.993101	2.2551e-05	0.00233007	7.47157e-27	0.993091	8.23935e-12	1.59259e-19	0.0303068	0.993102	0.0209359	0.0288048	0.993101	1.37813e-20	0.00211402	0.00258788	0.00211398	0.00258788	0.946429	0.863958	0	
0.993099	0.993082	1.06578e-28	0.993102	7.7673e-20	0.993101	4.23394e-20	3.9619e-12	0.00416183	0.993102	0.993101	2.09382e-05	0.00232031	5.6438e-27	0.993091	9.89422e-12	1.65084e-19	0.0317577	0.993102	0.0188494	0.0300459	0.993101	1.37813e-20	0.00186146	0.00259886	0.00186142	0.00259886	0.936313	0.835724	0	
0.993098	0.99307	1.59324e-28	0.993102	5.81198e-20	0.993101	6.26266e-20	3.43547e-12	0.00502879	0.993102	0.993101	1.7018e-05	0.00230509	4.30262e-27	0.993088	1.19687e-11	2.04287e-19	0.0397145	0.993102	0.0186532	0.0372348	0.993101	1.37813e-20	0.00162772	0.0026163	0.00162769	0.0026163	0.907995	0.814792	0	
0.993092	0.993032	3.66231e-28	0.993102	4.3489e-20	0.993101	1.41269e-19	2.83792e-12	0.00711663	0.993102	0.993101	1.33392e-05	0.00228395	3.4665e-27	0.993083	1.6999e-11	2.75608e-19	0.0539309	0.993102	0.0178915	0.0499634	0.993101	1.37813e-20	0.00135602	0.00264107	0.001356	0.00264107	0.927837	0.836125	0	
0.993092	0.993029	3.85731e-28	0.993102	3.25412e-20	0.993101	1.4665e-19	2.52101e-12	0.00759028	0.993102	0.993101	1.1526e-05	0.00224531	2.70555e-27	0.993082	1.81283e-11	2.86343e-19	0.0580324	0.993102	0.0172078	0.0528636	0.993101	1.37813e-20	0.00123778	0.00268865	0.00123776	0.00268865	0.916021	0.831257	0	
0.99309	0.993019	4.6781e-28	0.993102	2.43494e-20	0.993101	1.74796e-19	2.20021e-12	0.00854162	0.993102	0.993101	9.92016e-06	0.00221135	2.20364e-27	0.993081	2.04152e-11	3.02568e-19	0.0631101	0.993102	0.0162071	0.0566594	0.993101	1.37813e-20	0.00110575	0.00273102	0.00110572	0.00273102	0.909748	0.825874	0	
0.993088	0.993004	5.80326e-28	0.993102	1.82198e-20	0.993101	2.12835e-19	1.92316e-12	0.00963107	0.993102	0.993101	8.50814e-06	0.00217595	1.87917e-27	0.99308	2.3042e-11	3.24745e-19	0.0697196	0.993102	0.0154004	0.0616318	0.993101	1.37813e-20	0.000991931	0.0027765	0.000991912	0.0027765	0.918534	0.832809	0	
0.993087	0.993003	5.96278e-28	0.993102	1.36332e-20	0.993101	2.15742e-19	1.76904e-12	0.00992987	0.993102	0.993101	7.86229e-06	0.00213824	1.56815e-27	0.99308	2.3756e-11	3.28604e-19	0.0727925	0.993102	0.0149185	0.0633768	0.993101	1.37813e-20	0.000947081	0.00282663	0.000947063	0.00282663	0.884891	0.797332	0	
0.993076	0.992924	1.06858e-27	0.993102	1.02012e-20	0.993101	3.77102e-19	1.4921e-12	0.0127122	0.993102	0.993101	6.24935e-06	0.002107	1.79577e-27	0.993073	3.05433e-11	4.19928e-19	0.0934966	0.993102	0.014683	0.0803471	0.993101	1.37813e-20	0.000814491	0.00286861	0.000814476	0.00286861	0.85199	0.75458	0	
0.99303	0.992496	3.1203e-27	0.993102	7.63321e-21	0.993101	1.0428e-18	1.20368e-12	0.0195147	0.993102	0.993101	4.7502e-06	0.00205623	3.66435e-27	0.993052	4.75081e-11	7.23481e-19	0.151748	0.993102	0.0152601	0.128575	0.993101	1.37813e-20	0.000670721	0.00294301	0.000670708	0.00294301	0.858616	0.776545	0	
0.993013	0.992382	4.11518e-27	0.993102	5.71165e-21	0.993101	1.28959e-18	1.00023e-12	0.023407	0.993102	0.993101	3.7884e-06	0.00195733	4.5222e-27	0.993047	5.71422e-11	8.05121e-19	0.186413	0.993102	0.0145773	0.150656	0.993101	1.37813e-20	0.000593688	0.00311434	0.000593676	0.00311434	0.796693	0.724768	0	
0.992651	0.989993	2.42737e-26	0.993102	4.27388e-21	0.993101	6.57389e-18	7.77293e-13	0.0454806	0.993102	0.993101	2.86919e-06	0.00185202	2.45775e-26	0.99301	1.17262e-10	1.34538e-18	0.283277	0.993102	0.0134923	0.227429	0.993101	1.37813e-20	0.000475335	0.0033161	0.000475326	0.0033161	0.816512	0.748499	0	
0.992652	0.989694	2.77558e-26	0.993102	3.19805e-21	0.993101	6.55155e-18	6.24512e-13	0.0535606	0.993102	0.993101	2.36223e-06	0.00163508	2.79827e-26	0.993001	1.37866e-10	1.46889e-18	0.379635	0.993102	0.0124877	0.28282	0.993101	1.37813e-20	0.00046742	0.00401081	0.000467411	0.00401081	0.847763	0.780223	0	
0.992738	0.990244	2.35168e-26	0.993102	2.393e-21	0.993101	5.3002e-18	5.47433e-13	0.0509241	0.993102	0.9931	2.82569e-06	0.00143559	2.36865e-26	0.99301	1.29988e-10	1.34418e-18	0.433739	0.993102	0.0117138	0.29618	0.9931	1.37813e-20	0.000637975	0.00479697	0.000637963	0.00479697	0.857507	0.79142	0	
0.99281	0.99076	1.94579e-26	0.993102	1.79061e-21	0.993101	4.25002e-18	5.07e-13	0.0470999	0.993102	0.9931	3.60458e-06	0.00129779	1.95848e-26	0.99302	1.19344e-10	1.20169e-18	0.453961	0.993102	0.0110674	0.291448	0.9931	1.37813e-20	0.000792522	0.00529361	0.000792507	0.00529361	0.851099	0.786924	0	
0.992856	0.991098	1.69646e-26	0.993102	1.33987e-21	0.993101	3.57638e-18	4.65032e-13	0.0454184	0.993102	0.9931	3.76555e-06	0.00121244	1.70595e-26	0.993026	1.14398e-10	1.1135e-18	0.465153	0.993102	0.0104981	0.288585	0.9931	1.37813e-20	0.000831	0.00554053	0.000830985	0.00554053	0.836373	0.782309	0	
0.992867	0.991231	1.70282e-26	0.993102	1.0026e-21	0.993101	3.41463e-18	4.11776e-13	0.0474571	0.993102	0.9931	3.6481e-06	0.00115681	1.70991e-26	0.993029	1.19292e-10	1.06824e-18	0.475094	0.993102	0.00966921	0.289451	0.9931	1.37813e-20	0.000787599	0.00567338	0.000787584	0.00567338	0.850362	0.78648	0	
0.992899	0.991444	1.52185e-26	0.993102	7.50225e-22	0.993101	2.96025e-18	3.92525e-13	0.0458305	0.993102	0.9931	3.7944e-06	0.00110523	1.52714e-26	0.993032	1.14731e-10	1.01556e-18	0.482414	0.993102	0.00943904	0.287905	0.9931	1.37813e-20	0.000827209	0.00583596	0.000827193	0.00583596	0.824825	0.766364	0	
0.99287	0.991219	1.82665e-26	0.993102	5.61409e-22	0.993101	3.37761e-18	3.44362e-13	0.0510314	0.993102	0.9931	3.28538e-06	0.00107455	1.83058e-26	0.993028	1.28295e-10	1.08324e-18	0.508715	0.993102	0.00904217	0.306973	0.9931	1.37813e-20	0.000752774	0.005907	0.00075276	0.005907	0.826204	0.769465	0	
0.99286	0.991106	2.0178e-26	0.993102	4.20132e-22	0.993101	3.51883e-18	3.09739e-13	0.0544974	0.993102	0.9931	3.08022e-06	0.00102716	2.02072e-26	0.993026	1.3729e-10	1.11444e-18	0.537088	0.993102	0.00867872	0.323692	0.9931	1.37813e-20	0.000732604	0.00612784	0.00073259	0.00612784	0.825051	0.766315	0	
0.992855	0.990969	2.19156e-26	0.993102	3.1443e-22	0.993101	3.60176e-18	2.82646e-13	0.0574461	0.993102	0.9931	2.93462e-06	0.000976769	2.19372e-26	0.993023	1.44983e-10	1.15755e-18	0.569794	0.993102	0.00848408	0.344081	0.9931	1.37813e-20	0.000738242	0.00641478	0.000738228	0.00641478	0.824359	0.775921	0	
0.992852	0.99097	2.34071e-26	0.993102	2.35346e-22	0.993101	3.63396e-18	2.61674e-13	0.0598689	0.993102	0.9931	3.23654e-06	0.00092715	2.34229e-26	0.993024	1.51329e-10	1.13323e-18	0.590126	0.993102	0.00797041	0.351409	0.9931	1.37813e-20	0.000763298	0.00673976	0.000763284	0.00673976	0.82586	0.775663	0	
0.992857	0.990984	2.41147e-26	0.993102	1.76173e-22	0.993101	3.56152e-18	2.4751e-13	0.0612154	0.993102	0.993099	3.55657e-06	0.000880746	2.41263e-26	0.993025	1.5481e-10	1.11642e-18	0.611011	0.993102	0.00764374	0.360058	0.993099	1.37813e-20	0.000810562	0.00707846	0.000810547	0.00707846	0.82306	0.773511	0	
0.992856	0.990941	2.54264e-26	0.993102	1.31909e-22	0.993101	3.58212e-18	2.34096e-13	0.0631032	0.993102	0.993099	3.76006e-06	0.000841058	2.54348e-26	0.993025	1.59809e-10	1.11564e-18	0.631835	0.993102	0.00737781	0.370715	0.993099	1.37813e-20	0.000845415	0.00738699	0.000845399	0.00738699	0.798755	0.749291	0	
0.992757	0.989968	3.85424e-26	0.993102	9.89466e-23	0.993101	5.01527e-18	2.05235e-13	0.0741758	0.993102	0.993099	3.26326e-06	0.000804621	3.8548e-26	0.993013	1.91074e-10	1.28973e-18	0.673339	0.993102	0.00717605	0.411021	0.993099	1.37813e-20	0.000791098	0.00769759	0.000791083	0.00769759	0.801087	0.747084	0	
0.992727	0.989244	4.66185e-26	0.993102	7.43837e-23	0.993101	5.45719e-18	1.85076e-13	0.0813598	0.993102	0.993099	3.08295e-06	0.000742556	4.6622e-26	0.993003	2.11211e-10	1.44052e-18	0.720949	0.993102	0.00718126	0.457456	0.993099	1.37813e-20	0.000850459	0.00846214	0.000850443	0.00846214	0.79698	0.742994	0	
0.992702	0.988435	5.58356e-26	0.993102	5.62014e-23	0.993101	5.82332e-18	1.67507e-13	0.0887023	0.993102	0.993099	3.0325e-06	0.000677322	5.58374e-26	0.992993	2.3212e-10	1.59388e-18	0.765763	0.993102	0.00718456	0.505383	0.993099	1.37813e-20	0.00095369	0.00944657	0.000953672	0.00944657	0.795163	0.738594	0	
0.992692	0.987596	6.43119e-26	0.993102	4.28363e-23	0.993101	5.97289e-18	1.53325e-13	0.0951077	0.993102	0.993098	3.08541e-06	0.000611897	6.43124e-26	0.992981	2.50506e-10	1.7561e-18	0.806313	0.993102	0.00728229	0.554043	0.993098	1.37813e-20	0.00112392	0.0106688	0.0011239	0.0106688	0.797028	0.746455	0	
0.992704	0.987321	6.90352e-26	0.993102	3.29917e-23	0.993101	5.78843e-18	1.43777e-13	0.098966	0.993102	0.993097	3.75309e-06	0.00055031	6.90348e-26	0.992979	2.61453e-10	1.7955e-18	0.838132	0.993102	0.00714141	0.588927	0.993097	1.37813e-20	0.00139095	0.0120673	0.00139093	0.0120673	0.810708	0.761192	0	
0.992756	0.987833	6.3756e-26	0.993102	2.53204e-23	0.993101	5.0378e-18	1.45774e-13	0.0957767	0.993102	0.993097	5.84716e-06	0.000497364	6.37552e-26	0.992985	2.51928e-10	1.70208e-18	0.859808	0.993102	0.00700085	0.603085	0.993097	1.37813e-20	0.0018835	0.0134357	0.00188346	0.0134357	0.752048	0.711633	0	
0.992303	0.981176	1.7412e-25	0.993102	2.47755e-23	0.993101	1.16374e-17	1.20892e-13	0.130477	0.993102	0.993097	4.74367e-06	0.000463382	1.74115e-25	0.992948	3.70465e-10	2.23974e-18	0.885748	0.993102	0.00662142	0.65731	0.993097	1.37813e-20	0.0016394	0.0141918	0.00163937	0.0141918	0.730179	0.689862	0	
0.991857	0.965882	4.33468e-25	0.993102	7.45559e-23	0.993101	1.81346e-17	9.80888e-14	0.178298	0.993102	0.993095	4.16751e-06	0.000392312	4.33453e-25	0.992884	5.58993e-10	3.1692e-18	0.911511	0.993102	0.00633481	0.725715	0.993095	1.37813e-20	0.00182106	0.018768	0.00182102	0.018768	0.771931	0.730069	0	
0.992124	0.96896	3.81417e-25	0.993102	1.27195e-22	0.993101	1.42513e-17	9.09812e-14	0.176233	0.993102	0.993088	2.40183e-05	0.00031107	3.81404e-25	0.992893	5.4053e-10	3.0396e-18	0.931633	0.993102	0.00616342	0.77905	0.993088	1.37813e-20	0.0103285	0.0341966	0.0103284	0.0341966	0.753302	0.711062	0	
0.992267	0.967158	4.05629e-25	0.993102	2.3369e-22	0.993101	1.21608e-17	8.01933e-14	0.189559	0.993102	0.993084	2.69697e-05	0.000251017	4.05614e-25	0.992879	5.81908e-10	3.25165e-18	0.946796	0.993102	0.00604591	0.822813	0.993084	1.37813e-20	0.0134917	0.0449896	0.0134914	0.0449896	0.762876	0.724706	0	
0.992424	0.968678	3.85493e-25	0.993102	3.35804e-22	0.993101	9.88136e-18	7.4678e-14	0.191473	0.993102	0.993078	4.66417e-05	0.000201812	3.85479e-25	0.992884	5.81946e-10	3.17694e-18	0.958214	0.993102	0.00584649	0.855498	0.993078	1.37813e-20	0.0217045	0.0584045	0.0217041	0.0584045	0.797898	0.756643	0	
0.992582	0.973494	3.08648e-25	0.993102	2.94078e-22	0.993101	7.57928e-18	8.54379e-14	0.170645	0.993102	0.993073	0.000137351	0.000164468	3.08637e-25	0.992912	5.0818e-10	2.76992e-18	0.966577	0.993102	0.00578096	0.872175	0.993073	1.37813e-20	0.0401829	0.0693088	0.0401822	0.0693088	0.791186	0.75081	0	
0.992687	0.97672	2.57367e-25	0.993102	2.44387e-22	0.993101	6.03913e-18	8.97763e-14	0.158508	0.993102	0.993073	0.000138053	0.000143479	2.57358e-25	0.992929	4.63432e-10	2.51394e-18	0.972397	0.993102	0.00570756	0.878967	0.993073	1.37813e-20	0.0397421	0.0693548	0.0397414	0.0693548	0.768661	0.730231	0	
0.992712	0.976831	2.57621e-25	0.993102	2.19744e-22	0.993101	5.67331e-18	8.36482e-14	0.163796	0.993102	0.993075	0.000112832	0.000133382	2.57611e-25	0.992927	4.77286e-10	2.54713e-18	0.976686	0.993102	0.00560016	0.887426	0.993075	1.37813e-20	0.0336234	0.065829	0.0336228	0.065829	0.743437	0.709643	0	
0.992615	0.971131	3.71166e-25	0.993102	2.89402e-22	0.993101	7.09378e-18	7.25368e-14	0.189469	0.993102	0.993075	8.95977e-05	0.000123215	3.71152e-25	0.992902	5.73291e-10	2.91129e-18	0.980323	0.993102	0.00540263	0.901536	0.993075	1.37813e-20	0.0280696	0.0646494	0.0280691	0.0646494	0.738537	0.702082	0	
0.992595	0.964232	4.94752e-25	0.993102	6.41089e-22	0.993101	7.38181e-18	6.32942e-14	0.213589	0.993102	0.993072	7.77099e-05	0.000106207	4.94733e-25	0.992872	6.67381e-10	3.3479e-18	0.983387	0.993102	0.00532077	0.918	0.993072	1.37813e-20	0.028243	0.073075	0.0282425	0.073075	0.746334	0.709176	0	
0.992658	0.962151	5.2908e-25	0.993102	1.29529e-21	0.993101	6.4607e-18	5.79001e-14	0.223926	0.993102	0.993062	9.53214e-05	8.81194e-05	5.2906e-25	0.99286	7.03362e-10	3.51991e-18	0.985765	0.993102	0.00527751	0.932185	0.993062	1.37813e-20	0.0420832	0.0923829	0.0420825	0.0923829	0.799859	0.759108	0	
0.992764	0.968722	4.14565e-25	0.993102	1.11417e-21	0.993101	4.92389e-18	7.40658e-14	0.193987	0.993102	0.993051	0.000484902	7.29698e-05	4.14549e-25	0.992895	5.96234e-10	3.00766e-18	0.987492	0.993102	0.00534119	0.937329	0.993051	1.37813e-20	0.103351	0.113937	0.103349	0.113937	0.727801	0.687124	0	
0.992649	0.954751	6.43635e-25	0.993102	1.61516e-21	0.993101	6.59523e-18	6.26958e-14	0.22844	0.993102	0.993052	0.00036986	6.74001e-05	6.43611e-25	0.992839	7.41651e-10	3.82784e-18	0.98881	0.993102	0.00538678	0.94687	0.993052	1.37813e-20	0.0843378	0.112041	0.0843366	0.112041	0.756483	0.719103	0	
0.992731	0.95807	5.87473e-25	0.993102	2.19293e-21	0.993101	5.39897e-18	5.98241e-14	0.225849	0.993102	0.993042	0.000376882	5.68592e-05	5.87451e-25	0.992848	7.21463e-10	3.6963e-18	0.989845	0.993102	0.00533266	0.954222	0.993042	1.37813e-20	0.105285	0.132064	0.105284	0.132064	0.729861	0.694425	0	
0.992727	0.949981	7.46645e-25	0.993102	4.21495e-21	0.993101	5.45726e-18	5.23453e-14	0.250008	0.993102	0.993035	0.000315655	4.93136e-05	7.46617e-25	0.992818	8.23429e-10	4.12885e-18	0.990634	0.993102	0.00524276	0.961237	0.993035	1.37813e-20	0.103034	0.145061	0.103033	0.145061	0.7011	0.665439	0	
0.992632	0.914052	1.52888e-24	0.993102	2.4531e-20	0.993101	6.84582e-18	4.3433e-14	0.302096	0.993102	0.993017	0.000263935	4.10741e-05	1.52882e-24	0.992722	1.12022e-09	5.52324e-18	0.991249	0.993102	0.00518111	0.968294	0.993017	1.37813e-20	0.111369	0.175788	0.111367	0.175788	0.70528	0.66999	0	
0.992693	0.89345	1.9648e-24	0.993102	1.63625e-19	0.993101	5.94706e-18	3.71362e-14	0.335898	0.993102	0.992938	0.000464565	3.22073e-05	1.96473e-24	0.992665	1.30187e-09	6.35485e-18	0.991715	0.993102	0.00512572	0.974165	0.992938	1.37813e-20	0.228615	0.259155	0.228612	0.259155	0.74395	0.696937	0	
0.99279	0.906169	1.64496e-24	0.993102	2.42003e-19	0.993101	4.53927e-18	3.78363e-14	0.317744	0.993102	0.992782	0.00334808	2.48487e-05	1.6449e-24	0.992686	1.18809e-09	6.05134e-18	0.992064	0.993102	0.00541219	0.978606	0.992782	1.37813e-20	0.401258	0.361956	0.401256	0.361956	0.758731	0.710011	0	
0.992864	0.920816	1.32762e-24	0.993102	2.13106e-19	0.993101	3.46766e-18	4.18164e-14	0.29077	0.993102	0.992725	0.00495932	1.96705e-05	1.32757e-24	0.992722	1.04819e-09	5.526e-18	0.992324	0.993102	0.00568095	0.981648	0.992725	1.37813e-20	0.521028	0.417789	0.521026	0.417789	0.770351	0.715984	0	
0.992919	0.933878	1.0542e-24	0.993102	1.66299e-19	0.993101	2.67132e-18	4.83279e-14	0.261525	0.993102	0.99274	0.0047762	1.65662e-05	1.05416e-24	0.992757	9.10504e-10	5.02053e-18	0.992516	0.993102	0.00607568	0.983359	0.99274	1.37813e-20	0.580914	0.426111	0.580911	0.426111	0.832216	0.773565	0	
0.992964	0.948307	7.9394e-25	0.993102	1.24614e-19	0.993101	2.01042e-18	9.48809e-14	0.210261	0.993102	0.992787	0.00685376	1.57116e-05	7.9391e-25	0.992825	7.17909e-10	4.03664e-18	0.992628	0.993102	0.00653296	0.979298	0.992787	1.37813e-20	0.628711	0.39799	0.628708	0.39799	0.871275	0.813115	0	
0.992998	0.959484	5.95149e-25	0.993102	9.32493e-20	0.993101	1.51109e-18	1.99239e-13	0.164221	0.993102	0.99285	0.00719143	2.1e-05	5.95127e-25	0.992886	5.5395e-10	3.14741e-18	0.992135	0.993102	0.00685588	0.947461	0.99285	1.37813e-20	0.593812	0.333424	0.593809	0.333424	0.864485	0.799794	0	
0.993023	0.967798	4.46736e-25	0.993102	6.9776e-20	0.993101	1.15299e-18	2.61042e-13	0.130741	0.993102	0.992907	0.00557453	3.8926e-05	4.46719e-25	0.992929	4.33702e-10	2.52078e-18	0.98945	0.993102	0.00736957	0.898854	0.992907	1.37813e-20	0.474037	0.265004	0.474034	0.265004	0.877437	0.807726	0	
0.993041	0.974069	3.35115e-25	0.993102	5.2211e-20	0.993101	8.88675e-19	3.40392e-13	0.103939	0.993102	0.992953	0.00424087	7.44673e-05	3.35102e-25	0.992963	3.39344e-10	2.02759e-18	0.977782	0.993102	0.00798814	0.817552	0.992953	1.37813e-20	0.365651	0.206483	0.365649	0.206483	0.889671	0.828288	0	
0.993055	0.97881	2.51269e-25	0.993102	3.90676e-20	0.993101	6.9214e-19	4.3998e-13	0.0825836	0.993102	0.992989	0.00322756	0.000133208	2.51259e-25	0.992991	2.65522e-10	1.61088e-18	0.934285	0.993102	0.00807461	0.698908	0.992989	1.37813e-20	0.27851	0.159362	0.278508	0.159362	0.896678	0.820013	0	
0.993064	0.982355	1.88404e-25	0.993102	2.92329e-20	0.993101	5.49379e-19	5.42369e-13	0.0659856	0.993102	0.993016	0.00243166	0.000218428	1.88396e-25	0.993012	2.08767e-10	1.31594e-18	0.869707	0.993102	0.0088806	0.595922	0.993016	1.37813e-20	0.210826	0.122435	0.210824	0.122435	0.897915	0.824886	0	
0.993071	0.985014	1.41345e-25	0.993102	2.18739e-20	0.993101	4.5283e-19	6.24322e-13	0.0534653	0.993102	0.993037	0.0018299	0.000328917	1.4134e-25	0.993028	1.66052e-10	1.08498e-18	0.776003	0.993102	0.00928671	0.498779	0.993037	1.37813e-20	0.15904	0.0939118	0.159039	0.0939118	0.912003	0.846139	0	
0.993077	0.987028	1.05974e-25	0.993102	1.63675e-20	0.993101	3.69362e-19	7.56752e-13	0.0431047	0.993102	0.993053	0.00138397	0.000458638	1.0597e-25	0.993042	1.31675e-10	8.77424e-19	0.651786	0.993102	0.00924114	0.403244	0.993053	1.37813e-20	0.120038	0.0720632	0.120037	0.0720632	0.917819	0.855022	0	
0.993081	0.98854	7.94631e-26	0.993102	1.22472e-20	0.993101	3.06139e-19	8.91573e-13	0.0350158	0.993102	0.993064	0.00104945	0.000604583	7.94601e-26	0.993053	1.05136e-10	7.11445e-19	0.532786	0.993102	0.00907187	0.322982	0.993064	1.37813e-20	0.090589	0.0553812	0.0905883	0.0553812	0.912986	0.8446	0	
0.993084	0.989665	5.96617e-26	0.993102	9.16411e-21	0.993101	2.71519e-19	9.62479e-13	0.0292401	0.993102	0.993074	0.000791884	0.000759634	5.96594e-26	0.993061	8.59483e-11	5.99973e-19	0.439645	0.993102	0.00919784	0.26385	0.993074	1.37813e-20	0.0682899	0.0426818	0.0682894	0.0426818	0.914458	0.829336	0	
0.993085	0.9905	4.48334e-26	0.993102	6.85717e-21	0.993101	2.48087e-19	1.02436e-12	0.0248311	0.993102	0.99308	0.00059539	0.000913224	4.48317e-26	0.993065	7.13799e-11	5.40705e-19	0.372558	0.993102	0.0102372	0.223749	0.99308	1.37813e-20	0.0515122	0.0330444	0.0515118	0.0330444	0.921516	0.83617	0	
0.993087	0.991132	3.3691e-26	0.993102	5.13097e-21	0.993101	2.22628e-19	1.11678e-12	0.0211475	0.993102	0.993085	0.000448652	0.00105989	3.36897e-26	0.993069	5.95484e-11	4.84634e-19	0.312211	0.993102	0.0110298	0.188899	0.993085	1.37813e-20	0.0389438	0.0257401	0.0389435	0.0257401	0.930083	0.849556	0	
0.993089	0.991613	2.53119e-26	0.993102	3.83932e-21	0.993101	1.94852e-19	1.2514e-12	0.0179904	0.993102	0.993089	0.000340343	0.00119837	2.53109e-26	0.993073	4.97289e-11	4.23877e-19	0.256748	0.993102	0.0113171	0.156999	0.993089	1.37813e-20	0.029549	0.0202027	0.0295488	0.0202027	0.93488	0.850488	0	
0.99309	0.991975	1.90242e-26	0.993102	2.87282e-21	0.993101	1.70654e-19	1.39399e-12	0.0154315	0.993102	0.993092	0.000258905	0.00132837	1.90235e-26	0.993076	4.19083e-11	3.77284e-19	0.212378	0.993102	0.011775	0.131972	0.993092	1.37813e-20	0.022507	0.0160019	0.0225068	0.0160019	0.936298	0.857005	0	
0.993092	0.992247	1.43148e-26	0.993102	2.14963e-21	0.993101	1.5241e-19	1.51385e-12	0.013462	0.993102	0.993094	0.000198695	0.00144827	1.43142e-26	0.993079	3.5925e-11	3.35073e-19	0.175246	0.993102	0.0118008	0.110956	0.993094	1.37813e-20	0.0172095	0.0128145	0.0172093	0.0128145	0.945071	0.851529	0	
0.993093	0.992452	1.07673e-26	0.993102	1.60849e-21	0.993101	1.32143e-19	1.69383e-12	0.0116822	0.993102	0.993096	0.000152364	0.0015562	1.07669e-26	0.993081	3.07131e-11	3.09596e-19	0.147937	0.993102	0.0127904	0.096071	0.993096	1.37813e-20	0.0132829	0.0103972	0.0132827	0.0103972	0.952334	0.850705	0	
0.993094	0.992606	8.09868e-27	0.993102	1.20357e-21	0.993101	1.12905e-19	1.91622e-12	0.010134	0.993102	0.993097	0.00011733	0.00165405	8.09837e-27	0.993082	2.62952e-11	2.91512e-19	0.126665	0.993102	0.0142133	0.084699	0.993097	1.37813e-20	0.0103758	0.00856016	0.0103758	0.00856016	0.952178	0.866629	0	
0.993095	0.992724	6.10213e-27	0.993102	9.00591e-22	0.993101	9.90413e-20	2.08061e-12	0.0089799	0.993102	0.993098	9.36982e-05	0.00174263	6.1019e-27	0.993084	2.29997e-11	2.61654e-19	0.105921	0.993102	0.0140185	0.0725496	0.993098	1.37813e-20	0.00817318	0.00716188	0.0081731	0.00716188	0.951549	0.859911	0	
0.993096	0.992812	4.60927e-27	0.993102	6.73879e-22	0.993101	8.93875e-20	2.19553e-12	0.00813391	0.993102	0.993099	7.44204e-05	0.00182068	4.60909e-27	0.993085	2.05759e-11	2.45573e-19	0.0913753	0.993102	0.0143041	0.0644941	0.993099	1.37813e-20	0.00650168	0.00609838	0.00650162	0.00609838	0.957024	0.869016	0	
0.993097	0.992879	3.4837e-27	0.993102	5.04239e-22	0.993101	7.93682e-20	2.35543e-12	0.00735492	0.993102	0.993099	6.16822e-05	0.00188788	3.48357e-27	0.993087	1.84132e-11	2.25252e-19	0.078231	0.993102	0.0142546	0.0566866	0.993099	1.37813e-20	0.00528126	0.00529024	0.0052812	0.00529024	0.957666	0.866988	0	
0.993097	0.992929	2.6406e-27	0.993102	3.77304e-22	0.993101	7.17456e-20	2.48429e-12	0.00675591	0.993102	0.9931	5.1514e-05	0.0019464	2.6405e-27	0.993088	1.67563e-11	2.11764e-19	0.0684849	0.993102	0.0144094	0.0510503	0.9931	1.37813e-20	0.00436051	0.00467433	0.00436046	0.00467433	0.956982	0.864481	0	
0.993098	0.992966	2.01067e-27	0.993102	2.82323e-22	0.993101	6.65378e-20	2.5709e-12	0.00632487	0.993102	0.9931	4.32794e-05	0.00199661	2.0106e-27	0.993088	1.55576e-11	2.03893e-19	0.0614453	0.993102	0.014662	0.0471566	0.9931	1.37813e-20	0.00365647	0.00420496	0.00365643	0.00420496	0.966898	0.880426	0	
0.993098	0.992997	1.52793e-27	0.993102	2.11252e-22	0.993101	5.85074e-20	2.79189e-12	0.00577488	0.993102	0.9931	4.1188e-05	0.00203884	1.52787e-27	0.993089	1.41175e-11	1.85597e-19	0.0533517	0.993102	0.0144164	0.0418066	0.9931	1.37813e-20	0.00320767	0.0038477	0.00320763	0.0038477	0.965267	0.876471	0	
0.993099	0.993019	1.16828e-27	0.993102	1.58072e-22	0.993101	5.31894e-20	2.92938e-12	0.00539776	0.993102	0.993101	3.81715e-05	0.00207646	1.16824e-27	0.99309	1.3122e-11	1.74625e-19	0.0477154	0.993102	0.0143942	0.0382501	0.993101	1.37813e-20	0.00284681	0.00357272	0.00284677	0.00357272	0.964987	0.879486	0	
0.993099	0.993036	8.99458e-28	0.993102	1.1828e-22	0.993101	4.9388e-20	3.02757e-12	0.00512159	0.993102	0.993101	3.67323e-05	0.00210877	8.99424e-28	0.993091	1.23915e-11	1.64324e-19	0.0429484	0.993102	0.0141506	0.0351439	0.993101	1.37813e-20	0.00256767	0.00336177	0.00256764	0.00336177	0.972632	0.885674	0	
0.993099	0.993049	6.91646e-28	0.993102	8.85044e-23	0.993101	4.40565e-20	3.23909e-12	0.004762	0.993102	0.993101	3.7835e-05	0.00213601	6.9162e-28	0.993092	1.14801e-11	1.52697e-19	0.038491	0.993102	0.014067	0.0320467	0.993101	1.37813e-20	0.00242535	0.00320014	0.00242531	0.00320014	0.975548	0.89338	0	
0.993099	0.99306	5.34099e-28	0.993102	6.62246e-23	0.993101	3.93311e-20	3.45583e-12	0.00444047	0.993102	0.993101	4.21954e-05	0.00216041	5.34079e-28	0.993093	1.06731e-11	1.3975e-19	0.0341915	0.993102	0.0136905	0.0288895	0.993101	1.37813e-20	0.00234144	0.0030743	0.0023414	0.0030743	0.974596	0.899585	0	
0.9931	0.993069	4.16856e-28	0.993102	4.95535e-23	0.993101	3.60849e-20	3.59855e-12	0.00421667	0.993102	0.993101	4.91419e-05	0.00218229	4.1684e-28	0.993093	1.01092e-11	1.27087e-19	0.0302975	0.993102	0.0129915	0.0259366	0.993101	1.37813e-20	0.00226215	0.0029758	0.00226211	0.0029758	0.971066	0.899989	0	
0.9931	0.993075	3.31736e-28	0.993102	3.70791e-23	0.993101	3.46996e-20	3.6363e-12	0.00411437	0.993102	0.993101	5.44671e-05	0.00220119	3.31724e-28	0.993094	9.84264e-12	1.1743e-19	0.0273056	0.993102	0.0122626	0.023674	0.993101	1.37813e-20	0.00216389	0.00289908	0.00216385	0.00289908	0.97878	0.906049	0	
0.9931	0.99308	2.62783e-28	0.993102	2.7745e-23	0.993101	3.16306e-20	3.82197e-12	0.00390113	0.993102	0.993101	6.32132e-05	0.0022165	2.62773e-28	0.993095	9.31743e-12	1.07655e-19	0.02453	0.993102	0.0118018	0.0214937	0.993101	1.37813e-20	0.00216655	0.00284031	0.00216651	0.00284031	0.972087	0.904628	0	
0.9931	0.993083	2.15656e-28	0.993102	2.07606e-23	0.993101	3.11053e-20	3.82295e-12	0.00385894	0.993102	0.993101	6.83366e-05	0.00223038	2.15648e-28	0.993095	9.2041e-12	1.00911e-19	0.022534	0.993102	0.0111966	0.0199533	0.993101	1.37813e-20	0.00209604	0.00279348	0.002096	0.00279348	0.986367	0.913417	0	
0.9931	0.993087	1.72113e-28	0.993102	1.55344e-23	0.993101	2.74793e-20	4.14207e-12	0.00359453	0.993102	0.993101	8.0981e-05	0.00224125	1.72107e-28	0.993096	8.56472e-12	9.25829e-20	0.0203705	0.993102	0.0110156	0.0181822	0.993101	1.37813e-20	0.0021988	0.00275788	0.00219876	0.00275788	0.988162	0.916701	0	
