0.25	1.27727e-12	0.000618156	0.748882	1.27727e-12	0.998263	0.748882	0.748264	0.998263	0.25	0.000618156	0.25	1.27727e-12	1.27727e-12	0.000618156	1.27727e-12	1.27727e-12	0.25	0.000618156	0.000618156	0.25	0.000618156	2.63265e-21	0.25	1.27727e-12	0.000618156	0.25	0	0	0	
0.25	1.27727e-12	0.000618156	0.748882	1.27727e-12	0.998263	0.748882	0.748264	0.998263	0.25	0.000618156	0.25	1.27727e-12	1.27727e-12	0.000618156	1.27727e-12	1.27727e-12	0.25	0.000618156	0.000618156	0.25	0.000618156	2.63265e-21	0.25	1.27727e-12	0.000618156	0.25	0	0	0	
0.437066	1.94807e-10	0.000466719	0.560365	2.87709e-08	0.996964	0.560365	0.559898	0.996964	0.437066	0.0010807	0.437034	1.94807e-10	2.84174e-08	0.0010807	1.94807e-10	2.27815e-12	0.437066	0.000466771	0.00108837	0.437066	0.000466771	4.79195e-21	0.437066	2.84174e-08	0.245911	0.437066	0.00467066	0	0	
0.57704	9.38152e-09	0.000349311	0.419301	4.36724e-05	0.995992	0.419301	0.418952	0.995992	0.57704	0.0014268	0.575655	8.55784e-09	4.32666e-05	0.0014268	7.80763e-09	3.06189e-12	0.57704	0.000349368	0.00149925	0.57704	0.000349368	6.55825e-21	0.57704	5.21481e-05	0.434004	0.57704	0.0129018	0	0	
0.681778	1.90089e-07	0.00026138	0.313748	0.00842869	0.995264	0.313748	0.313486	0.995264	0.681778	0.00168524	0.659664	1.4759e-07	0.0083578	0.00168578	1.15013e-07	3.6762e-12	0.681778	0.000261425	0.00192697	0.681778	0.000261425	8.00049e-21	0.681778	0.0136809	0.574749	0.681778	0.0231117	0	0	
0.76015	2.33478e-06	0.000195582	0.234766	0.177364	0.99472	0.234766	0.23457	0.994719	0.76015	0.00178347	0.625244	1.09623e-06	0.157776	0.00187956	8.20996e-07	4.41277e-12	0.76015	0.000195616	0.00242697	0.76015	0.000195616	9.75246e-21	0.760149	0.208989	0.680064	0.76015	0.0350744	0	0	
0.818792	0.000397618	0.000146347	0.175667	0.382706	0.994312	0.175667	0.17552	0.994296	0.818792	0.00135235	0.469786	9.83367e-07	0.35729	0.00202457	3.42212e-06	5.25872e-11	0.818792	0.000146372	0.0030644	0.818792	0.000146372	1.20197e-19	0.818655	0.403642	0.758867	0.818792	0.0473053	0	0	
0.862673	0.0718886	0.000109506	0.131445	0.536365	0.994007	0.131477	0.131336	0.992736	0.862673	0.00101221	0.351533	7.44574e-07	0.515618	0.00213306	9.72949e-06	3.05812e-09	0.862673	0.000109525	0.00388358	0.862673	0.000109525	7.06173e-18	0.70851	0.551768	0.817833	0.862673	0.0603628	6.99143e-06	0	
0.895506	0.294948	8.19392e-05	0.0983555	0.651342	0.993779	0.102128	0.0982736	0.96157	0.895506	0.000757413	0.26304	5.58144e-07	0.635316	0.00221434	2.06415e-05	6.79151e-08	0.895506	8.19536e-05	0.00496683	0.895506	8.19536e-05	1.57796e-16	0.530561	0.662822	0.861954	0.895506	0.0749662	0.00137436	0	
0.920075	0.470355	6.13121e-05	0.0735959	0.737376	0.993609	0.193069	0.0735345	0.805222	0.920075	0.000566747	0.196823	4.18002e-07	0.725143	0.00229225	3.33894e-05	6.90356e-07	0.920075	6.13229e-05	0.00659936	0.920075	6.13229e-05	1.65251e-15	0.397001	0.745939	0.894969	0.920075	0.0888045	0.00674054	0	
0.938458	0.601924	4.58776e-05	0.0550692	0.801751	0.993481	0.394353	0.0550232	0.618993	0.938459	0.000424087	0.147276	3.15199e-07	0.792441	0.00242232	2.71913e-05	3.73771e-06	0.938458	4.5886e-05	0.0355882	0.938459	4.5886e-05	9.87005e-15	0.297061	0.787014	0.919673	0.938458	0.102504	0.0151856	0	
0.952214	0.700395	3.43286e-05	0.0413151	0.849921	0.993385	0.54508	0.0411719	0.466808	0.952214	0.000317449	0.110201	2.75909e-07	0.842826	0.00264933	2.03762e-05	1.26804e-05	0.952214	3.43454e-05	0.258235	0.952214	3.43426e-05	3.88316e-14	0.22228	0.588914	0.938158	0.952214	0.116602	0.0257075	0	
0.962507	0.774079	2.56868e-05	0.0713183	0.885958	0.993314	0.657864	0.0308074	0.350351	0.962507	0.000238499	0.0824593	6.2794e-07	0.880525	0.00301437	1.52479e-05	3.05131e-05	0.962507	2.59082e-05	0.442542	0.962507	2.58222e-05	1.11779e-13	0.166324	0.440663	0.951989	0.962507	0.131135	0.0378058	0	
0.970209	0.829215	1.92205e-05	0.298411	0.91036	0.99326	0.742255	0.0230521	0.26254	0.970207	0.000183263	0.0617013	1.62353e-06	0.908085	0.00356854	1.14095e-05	5.68142e-05	0.970209	2.43623e-05	0.581082	0.970209	2.16581e-05	2.542e-13	0.124454	0.329732	0.962292	0.970209	0.144731	0.0507824	0	
0.975972	0.870462	1.4382e-05	0.473289	0.803401	0.99322	0.805403	0.017249	0.196629	0.975894	0.000154183	0.0461688	1.25847e-06	0.684643	0.00436963	8.53736e-06	8.52629e-05	0.975972	0.00347596	0.684794	0.975972	0.00127963	4.68667e-13	0.0931246	0.246727	0.901176	0.975972	0.157237	0.0638935	0	
0.980282	0.899702	1.07615e-05	0.604145	0.601201	0.99319	0.852654	0.0129068	0.148313	0.979232	0.000654991	0.0345465	9.83553e-07	0.512296	0.00547408	6.3882e-06	6.76757e-05	0.980284	0.175686	0.762404	0.980284	0.0973013	3.83528e-13	0.0696818	0.184617	0.676356	0.980284	0.169369	0.0773406	0	
0.983485	0.734501	8.05246e-06	0.70206	0.449857	0.993168	0.88801	0.0096577	0.154836	0.976577	0.0616924	0.0258499	1.19428e-06	0.383333	0.00697291	4.78005e-06	5.06912e-05	0.983511	0.379123	0.820478	0.983511	0.3122	2.87556e-13	0.0521403	0.138142	0.506123	0.98351	0.182509	0.0914057	0	
0.985855	0.550553	6.02536e-06	0.775326	0.336612	0.993151	0.914465	0.0072265	0.308699	0.971282	0.259761	0.0193425	2.06425e-06	0.286834	0.00901479	3.57674e-06	3.79323e-05	0.985926	0.533398	0.863934	0.985925	0.48184	2.15196e-13	0.0390147	0.103367	0.378721	0.985925	0.194717	0.101702	0	
0.987675	0.411995	4.50856e-06	0.830148	0.251874	0.993139	0.934259	0.00540733	0.471534	0.976113	0.37499	0.0144733	1.66457e-06	0.214627	0.0113948	2.67635e-06	2.83835e-05	0.987732	0.64796	0.89645	0.987732	0.601925	1.61026e-13	0.0309685	0.0773454	0.284497	0.987732	0.207371	0.108584	0	
0.989041	0.308284	3.37359e-06	0.871169	0.188468	0.993129	0.947455	0.00404611	0.600529	0.980358	0.368869	0.0108649	1.25394e-06	0.160598	0.0138471	2.00261e-06	2.12384e-05	0.989084	0.726321	0.920781	0.989084	0.641288	1.20491e-13	0.272295	0.0578747	0.356348	0.989084	0.220364	0.11319	0	
0.990064	0.230678	2.52434e-06	0.901862	0.141024	0.993122	0.813062	0.00302755	0.698508	0.983563	0.30805	0.0380182	9.39276e-07	0.12017	0.0161836	1.49848e-06	1.58919e-05	0.990096	0.754094	0.938987	0.990095	0.569173	9.01589e-14	0.453748	0.0433056	0.514838	0.990095	0.231854	0.115293	0	
0.990828	0.172608	1.88887e-06	0.924784	0.105523	0.993117	0.608547	0.00226541	0.772256	0.985965	0.243197	0.170093	7.03022e-07	0.0899185	0.0181759	1.12126e-06	1.18913e-05	0.990852	0.712303	0.952609	0.990852	0.457498	6.74626e-14	0.589523	0.032404	0.635182	0.990852	0.243077	0.115984	0	
0.9914	0.129157	1.41337e-06	0.941537	0.0789599	0.993113	0.455353	0.00169512	0.827597	0.987761	0.188047	0.243873	5.26103e-07	0.0672827	0.0197491	8.39023e-07	8.89785e-06	0.991419	0.619883	0.962759	0.991419	0.35477	5.04799e-14	0.691119	0.0242468	0.725281	0.991419	0.255035	0.116215	0	
0.991825	0.0966432	1.05757e-06	0.952242	0.0591155	0.99311	0.340724	0.0012684	0.869071	0.989106	0.14416	0.280167	3.93687e-07	0.0503452	0.0209539	6.28229e-07	6.65794e-06	0.991843	0.513413	0.969679	0.991843	0.27137	3.77723e-14	0.767139	0.0182605	0.792701	0.991842	0.265206	0.114993	0	
0.992133	0.0723146	7.91344e-07	0.954824	0.044749	0.993108	0.254952	0.000949097	0.900137	0.990112	0.11012	0.290954	2.94594e-07	0.0376715	0.02171	4.73462e-07	4.98189e-06	0.99216	0.413019	0.97007	0.99216	0.206284	2.82636e-14	0.824022	0.0375536	0.843149	0.99216	0.275635	0.113482	0	
0.992348	0.0541104	5.92134e-07	0.944888	0.0371409	0.993106	0.190771	0.000710174	0.923395	0.990865	0.0840136	0.286157	2.20442e-07	0.0281882	0.0221003	3.69535e-07	3.72777e-06	0.992397	0.325751	0.953562	0.992397	0.156191	2.11486e-14	0.866586	0.242779	0.880898	0.992397	0.287007	0.112209	0	
0.992504	0.0404889	4.43072e-07	0.913764	0.0428045	0.993105	0.142747	0.000531398	0.940787	0.991428	0.0640474	0.270777	1.64956e-07	0.0210922	0.0222487	3.20387e-07	2.78936e-06	0.992574	0.25242	0.909855	0.992574	0.117821	1.58248e-14	0.898434	0.429696	0.909144	0.992574	0.296442	0.109923	0	
0.992631	0.0302964	3.31535e-07	0.835487	0.0880657	0.993104	0.106812	0.000397625	0.953746	0.991849	0.0486716	0.241329	1.23439e-07	0.0157825	0.0221099	3.34669e-07	2.08717e-06	0.992707	0.192088	0.840773	0.992707	0.0885218	1.18411e-14	0.922266	0.571321	0.930279	0.992707	0.307069	0.108115	0	
0.992744	0.0226705	2.48076e-07	0.673181	0.265782	0.993103	0.0799238	0.000297529	0.96301	0.992165	0.0366529	0.193931	9.23782e-08	0.0118095	0.0218162	4.07908e-07	1.56176e-06	0.992807	0.144237	0.760824	0.992807	0.0662958	8.86029e-15	0.940098	0.677461	0.946094	0.992807	0.317378	0.106187	0	
0.992834	0.0178168	1.85626e-07	0.505664	0.448844	0.993103	0.0598041	0.00022263	0.945622	0.992401	0.0274316	0.145427	6.91311e-08	0.00883661	0.0214011	5.24631e-07	1.16864e-06	0.992881	0.107943	0.682851	0.992881	0.0496086	6.63054e-15	0.953429	0.756909	0.957928	0.992881	0.328624	0.104538	0	
0.992902	0.218718	1.38897e-07	0.378543	0.585853	0.993102	0.0447492	0.000166586	0.746607	0.992577	0.0205263	0.10882	5.17365e-08	0.00661212	0.0209291	6.54576e-07	8.75887e-07	0.992937	0.0807707	0.615716	0.992937	0.0371204	4.98886e-15	0.92713	0.816361	0.966782	0.992936	0.334602	0.101219	0	
0.992952	0.413397	1.03932e-07	0.320598	0.688372	0.993102	0.0334957	0.00012465	0.561281	0.992709	0.0153598	0.0814263	3.90728e-08	0.00494771	0.020266	8.03971e-07	6.79144e-07	0.992978	0.0604408	0.558612	0.992978	0.0277762	4.15845e-15	0.69374	0.860655	0.973408	0.992965	0.345188	0.103143	0	
0.992989	0.559322	7.77682e-08	0.487697	0.765068	0.993102	0.0390165	9.32711e-05	0.420262	0.992808	0.0114968	0.0609283	3.52501e-08	0.0037029	0.019947	9.19976e-07	6.85777e-07	0.99301	0.0452652	0.512864	0.99301	0.020789	6.41796e-15	0.5191	0.888967	0.978366	0.992313	0.354258	0.107942	0	
0.992894	0.668482	5.81911e-08	0.614926	0.822132	0.993102	0.264964	6.97914e-05	0.314516	0.992882	0.00861591	0.0455904	2.71462e-08	0.00277075	0.02018	9.26196e-07	1.26117e-06	0.993033	0.0529678	0.490439	0.993033	0.0179204	2.01315e-14	0.388424	0.840039	0.982003	0.982584	0.362949	0.114833	0	
0.992845	0.750088	4.35423e-08	0.710127	0.726801	0.993102	0.44826	5.22223e-05	0.235354	0.992938	0.00648207	0.0341137	2.04726e-08	0.00207325	0.0211121	6.95217e-07	2.98409e-06	0.99305	0.266954	0.613497	0.99305	0.138922	6.30567e-14	0.290643	0.628579	0.940652	0.984301	0.373609	0.123752	0	
0.992854	0.807852	3.25811e-08	0.781362	0.543842	0.993102	0.585416	3.90761e-05	0.176179	0.992979	0.00599574	0.025526	1.61003e-08	0.00155134	0.0229501	5.20251e-07	2.48653e-06	0.993063	0.449115	0.70897	0.993063	0.346589	5.4314e-14	0.217478	0.470343	0.712602	0.9864	0.379322	0.132443	0	
0.992878	0.697986	2.43793e-08	0.834665	0.406937	0.993101	0.688006	2.92392e-05	0.134314	0.99301	0.0966265	0.0191002	3.58866e-08	0.00116081	0.0256371	3.89287e-07	1.86607e-06	0.993073	0.586017	0.780491	0.993073	0.508783	4.08248e-14	0.162731	0.35194	0.533443	0.988063	0.387134	0.142561	0	
0.99291	0.526951	1.82421e-08	0.874549	0.304496	0.993101	0.764103	2.18786e-05	0.129797	0.993026	0.310857	0.014292	3.20005e-07	0.000868591	0.0294681	2.9129e-07	1.3966e-06	0.99308	0.68849	0.834012	0.99308	0.63062	3.05596e-14	0.121766	0.263344	0.399173	0.989324	0.404692	0.151992	0	
0.992952	0.394772	1.36499e-08	0.904393	0.227843	0.993101	0.805684	1.6371e-05	0.202185	0.993022	0.481198	0.0106942	1.36064e-06	0.000649935	0.0343646	2.17962e-07	1.04506e-06	0.993086	0.765171	0.874061	0.993085	0.721836	2.28682e-14	0.0911319	0.197051	0.298696	0.990273	0.413347	0.156983	0	
0.992989	0.295467	1.02137e-08	0.926725	0.170487	0.993101	0.654324	1.22498e-05	0.335914	0.993031	0.608773	0.00800205	1.69032e-06	0.000486323	0.0392511	1.63093e-07	7.81984e-07	0.99309	0.822546	0.904028	0.993089	0.790043	1.71117e-14	0.0870145	0.147446	0.223613	0.990985	0.418974	0.15978	0	
0.993016	0.221105	7.64256e-09	0.943434	0.127569	0.993101	0.489624	9.16609e-06	0.47341	0.993049	0.699688	0.00598767	1.35816e-06	0.000363898	0.043642	1.22037e-07	5.85132e-07	0.993093	0.865451	0.92645	0.993093	0.840418	1.28042e-14	0.290635	0.110328	0.182791	0.991518	0.446566	0.165319	0	
0.993037	0.165455	5.71865e-09	0.955937	0.0954554	0.993101	0.366368	6.85865e-06	0.583045	0.993063	0.73936	0.00448096	1.02635e-06	0.000272291	0.0484935	9.13202e-08	4.37833e-07	0.993095	0.89728	0.943208	0.993095	0.870784	9.58096e-15	0.467162	0.0825547	0.374907	0.991916	0.466221	0.165364	0	
0.993052	0.123811	4.27906e-09	0.965293	0.0714258	0.993101	0.27414	5.13208e-06	0.66944	0.993072	0.696358	0.00336078	7.69644e-07	0.000203746	0.052137	6.83679e-08	3.27615e-07	0.993097	0.919289	0.955607	0.993097	0.854377	7.16911e-15	0.599552	0.0618037	0.530394	0.992214	0.486558	0.164962	0	
0.993064	0.0926479	3.20186e-09	0.972294	0.0534453	0.993101	0.205129	3.84015e-06	0.735209	0.99308	0.590516	0.00257726	5.76293e-07	0.000152456	0.0547443	5.13103e-08	2.45143e-07	0.993098	0.928232	0.964373	0.993098	0.759119	5.3644e-15	0.698623	0.0530465	0.646871	0.992437	0.522033	0.168279	0	
0.993074	0.0693314	2.39584e-09	0.977532	0.0399912	0.993101	0.153491	2.87344e-06	0.778412	0.993086	0.474077	0.00228517	4.31352e-07	0.000114077	0.0577019	3.86929e-08	1.83432e-07	0.993099	0.917464	0.970203	0.993099	0.623338	4.01399e-15	0.772754	0.19525	0.73403	0.992604	0.54902	0.163063	0	
0.993081	0.051885	1.79272e-09	0.981451	0.0299239	0.993101	0.114851	2.15009e-06	0.804738	0.99309	0.373593	0.00246823	3.22831e-07	8.53596e-05	0.0583576	2.94425e-08	1.37255e-07	0.9931	0.880554	0.973904	0.9931	0.495763	3.00353e-15	0.828224	0.388245	0.799248	0.992729	0.594203	0.169521	0	
0.993086	0.0388381	1.34143e-09	0.984384	0.022391	0.993101	0.0859391	1.60884e-06	0.801883	0.993093	0.293461	0.00343089	2.41606e-07	6.38715e-05	0.0607979	2.24607e-08	1.02703e-07	0.993101	0.837885	0.976677	0.993101	0.390535	2.24744e-15	0.86973	0.539493	0.848048	0.992822	0.61335	0.16174	0	
0.99309	0.0290759	1.00374e-09	0.986578	0.0167544	0.993101	0.0643051	1.20383e-06	0.78977	0.993095	0.236497	0.00324467	1.80836e-07	4.77927e-05	0.0603014	1.73292e-08	7.68491e-08	0.993101	0.803913	0.97867	0.993101	0.31399	1.68168e-15	0.900787	0.653343	0.884564	0.99289	0.634142	0.153864	0	
0.993093	0.0217728	7.51062e-10	0.98822	0.0125367	0.993101	0.0481172	9.00784e-07	0.765789	0.993097	0.200404	0.00264942	1.35383e-07	3.57615e-05	0.0578818	1.34984e-08	5.75035e-08	0.993101	0.784962	0.980439	0.993101	0.263112	1.25835e-15	0.924026	0.738691	0.911887	0.99294	0.64994	0.146047	0	
0.993095	0.0163088	5.61992e-10	0.989449	0.00938074	0.993101	0.0360043	6.74024e-07	0.735139	0.993098	0.188425	0.00203138	1.01421e-07	2.67591e-05	0.0543057	1.0636e-08	4.30279e-08	0.993102	0.786686	0.982019	0.993101	0.240599	9.4158e-16	0.941415	0.802581	0.932332	0.992972	0.676839	0.14096	0	
0.993097	0.0122274	4.20518e-10	0.990369	0.00701927	0.993101	0.0269407	5.04348e-07	0.683666	0.993099	0.206842	0.0015298	7.6117e-08	2.00228e-05	0.0506086	8.35712e-09	3.21963e-08	0.993102	0.806274	0.983727	0.993102	0.251588	7.04554e-16	0.954427	0.850367	0.94763	0.992985	0.671164	0.125004	0	
0.993098	0.009164	3.14659e-10	0.991057	0.00525226	0.993101	0.0201588	3.77385e-07	0.655072	0.9931	0.282792	0.00114527	5.76113e-08	1.49824e-05	0.0451972	6.78852e-09	2.40915e-08	0.993102	0.836562	0.98503	0.993102	0.32162	5.27196e-16	0.964163	0.885958	0.959077	0.992946	0.683371	0.118225	0	
0.993099	0.00687265	2.35448e-10	0.991572	0.00393008	0.993101	0.0150841	2.82383e-07	0.620761	0.993101	0.376167	0.00085709	4.42954e-08	1.12107e-05	0.0402427	5.55977e-09	1.80269e-08	0.993102	0.865028	0.986233	0.993102	0.408792	3.94485e-16	0.971448	0.912469	0.967642	0.992848	0.703767	0.114369	0	
0.9931	0.00516344	1.76177e-10	0.991957	0.00294073	0.993101	0.0112869	2.11297e-07	0.571376	0.993101	0.480745	0.000641355	3.55405e-08	8.38859e-06	0.03607	4.51361e-09	1.3489e-08	0.993102	0.891258	0.987397	0.993102	0.50707	2.95183e-16	0.976898	0.932022	0.974051	0.99261	0.713253	0.107742	0	
0.9931	0.00388513	1.31827e-10	0.992245	0.00220044	0.993101	0.00844554	1.58106e-07	0.524176	0.993101	0.588463	0.000479905	3.31049e-08	6.27688e-06	0.0322237	3.6928e-09	1.00935e-08	0.993102	0.914324	0.988391	0.993102	0.60885	2.20878e-16	0.980975	0.945684	0.978844	0.99186	0.725427	0.102807	0	
0.993101	0.00293146	9.86411e-11	0.992461	0.00164651	0.993101	0.00631949	1.18305e-07	0.475701	0.993101	0.681723	0.000359096	4.16583e-08	4.69676e-06	0.0288631	3.0249e-09	7.55282e-09	0.993102	0.933051	0.989245	0.993102	0.697199	1.65279e-16	0.984012	0.953725	0.982417	0.989811	0.750865	0.103901	0	
0.993101	0.00223428	7.38096e-11	0.992622	0.00123202	0.993101	0.00472865	8.85233e-08	0.414345	0.993102	0.756812	0.000268698	7.59992e-08	3.51441e-06	0.0264516	2.42762e-09	5.65169e-09	0.993102	0.947759	0.990002	0.993102	0.768456	1.23676e-16	0.986235	0.954406	0.985038	0.984247	0.766236	0.0998923	0	
0.993101	0.00172242	5.5229e-11	0.992743	0.000921879	0.993101	0.00353827	6.62388e-08	0.35612	0.993102	0.815327	0.000201057	2.10568e-07	2.62971e-06	0.0242798	1.94114e-09	4.22916e-09	0.993102	0.959044	0.990633	0.993102	0.824054	9.25455e-17	0.987394	0.936819	0.986477	0.965327	0.781576	0.0979563	0	
0.9931	0.0013544	4.13259e-11	0.992834	0.000689809	0.993101	0.00264756	4.95641e-08	0.302303	0.993102	0.859778	0.000150444	6.51938e-07	1.96771e-06	0.0224873	1.5464e-09	3.16474e-09	0.993102	0.967575	0.991146	0.993102	0.866312	6.9252e-17	0.984542	0.882807	0.983742	0.914145	0.808413	0.105735	0	
0.9931	0.00114361	3.09226e-11	0.992901	0.000516159	0.993101	0.00198107	3.7087e-08	0.248572	0.993102	0.893239	0.000112572	1.94238e-06	1.47237e-06	0.0218584	1.21301e-09	2.36824e-09	0.993102	0.973989	0.991563	0.993102	0.898129	5.18223e-17	0.966352	0.781833	0.965376	0.815205	0.806608	0.0978772	0	
0.993098	0.000962504	2.31383e-11	0.992952	0.000386223	0.993101	0.00148236	2.77509e-08	0.209186	0.993102	0.918343	8.42333e-05	5.72268e-06	1.10172e-06	0.0206687	9.66384e-10	1.77227e-09	0.993102	0.978796	0.991883	0.993102	0.922002	3.87802e-17	0.86252	0.647087	0.860866	0.677768	0.853615	0.110257	0	
0.993098	0.00106882	1.73135e-11	0.99299	0.000288996	0.993101	0.0011092	2.07651e-08	0.166149	0.993102	0.937147	6.30287e-05	1.36823e-05	8.24377e-07	0.0209635	7.46278e-10	1.32629e-09	0.993102	0.982395	0.992156	0.993102	0.939885	2.90213e-17	0.745235	0.517416	0.743326	0.543021	0.859348	0.112023	0	
0.993097	0.00120359	1.29551e-11	0.993018	0.000216245	0.993101	0.000829974	1.55379e-08	0.132957	0.993102	0.951226	4.71621e-05	3.24935e-05	6.16851e-07	0.0213773	5.79226e-10	9.92572e-10	0.993102	0.98509	0.992362	0.993102	0.953275	2.17191e-17	0.586951	0.402595	0.585306	0.422746	0.853511	0.112883	0	
0.993094	0.00126549	9.69382e-12	0.993039	0.000161809	0.993101	0.000621039	1.16265e-08	0.109161	0.993102	0.961765	3.52897e-05	6.75746e-05	4.61567e-07	0.0217833	4.56935e-10	7.4286e-10	0.993102	0.987107	0.992512	0.993102	0.963298	1.62551e-17	0.446771	0.309526	0.445494	0.325012	0.899844	0.130514	0	
0.993095	0.00225146	7.25353e-12	0.993055	0.000121075	0.993101	0.000464701	8.69992e-09	0.0856069	0.993102	0.969651	2.6406e-05	0.00012023	3.45374e-07	0.0244542	3.51258e-10	5.55963e-10	0.993102	0.988616	0.99264	0.993102	0.970798	1.21666e-17	0.341682	0.236859	0.340693	0.248642	0.617794	0.0427971	0	
0.902909	0.00168549	5.42755e-12	0.993067	9.05964e-05	0.993101	0.000347719	6.50983e-09	0.268588	0.993102	0.975553	1.97586e-05	0.000201588	2.58431e-07	0.0197483	2.9055e-09	4.16631e-10	0.993102	0.989745	0.991748	0.993102	0.976412	9.10728e-18	0.255679	0.180558	0.254939	0.189468	0.550859	0.0348676	0	
0.881905	0.00126137	4.06124e-12	0.993076	6.779e-05	0.993101	0.000260185	4.87107e-09	0.437214	0.993102	0.97992	1.47847e-05	0.000153717	1.93374e-07	0.0160153	1.22771e-08	3.12481e-10	0.993102	0.990564	0.988829	0.993102	0.980562	6.81812e-18	0.195399	0.221296	0.194835	0.229145	0.509224	0.0309195	0	
0.900628	0.000943908	3.03888e-12	0.993082	5.07248e-05	0.993101	0.000194687	3.64484e-09	0.570978	0.993102	0.981748	1.10628e-05	0.000115119	1.44695e-07	0.0131285	3.24595e-08	2.3461e-10	0.993102	0.990399	0.983067	0.993102	0.98223	5.10522e-18	0.361157	0.400337	0.360674	0.406432	0.517805	0.0300237	0	
0.923437	0.000706376	2.27388e-12	0.993087	3.79555e-05	0.993101	0.000145677	2.7273e-09	0.669949	0.993102	0.964589	8.278e-06	8.61463e-05	1.0827e-07	0.0109482	4.39168e-08	1.76355e-10	0.993102	0.979694	0.979902	0.993102	0.964962	3.82353e-18	0.520077	0.548447	0.519716	0.55302	0.544863	0.0305376	0	
0.940952	0.000528702	1.70146e-12	0.993091	2.84009e-05	0.993101	0.000109005	2.04074e-09	0.739029	0.993102	0.875156	6.19925e-06	6.44611e-05	8.10145e-08	0.0093283	4.42976e-08	1.32757e-10	0.993102	0.919386	0.979843	0.993102	0.875464	2.86448e-18	0.639153	0.660229	0.638883	0.663652	0.676894	0.0439636	0	
0.95408	0.000398286	1.27314e-12	0.993094	2.12514e-05	0.993101	8.15645e-05	1.52702e-09	0.698037	0.993102	0.726132	4.77764e-06	4.82341e-05	6.06202e-08	0.00846409	3.39625e-08	9.99459e-11	0.993102	0.810476	0.982862	0.993102	0.726381	2.14685e-18	0.728255	0.743987	0.728053	0.746548	0.732335	0.0525786	0	
0.963903	0.000307664	9.52646e-13	0.993096	1.59017e-05	0.993101	6.10317e-05	1.14262e-09	0.600621	0.993102	0.662147	3.61298e-06	3.60924e-05	4.53599e-08	0.00809451	2.56823e-08	7.52984e-11	0.993102	0.786865	0.985314	0.993102	0.662351	1.60988e-18	0.794927	0.806611	0.794775	0.808528	0.784088	0.066951	0	
0.971254	0.000266385	7.12831e-13	0.993098	1.18986e-05	0.993101	4.56678e-05	8.55002e-10	0.48428	0.993102	0.711471	2.70483e-06	2.70104e-05	3.39412e-08	0.00839898	1.93129e-08	5.67275e-11	0.993102	0.828882	0.987215	0.993102	0.71163	1.20809e-18	0.844814	0.852945	0.844701	0.854382	0.777313	0.0628667	0	
0.976754	0.000228433	5.33385e-13	0.993099	8.90331e-06	0.993101	3.41716e-05	6.39787e-10	0.401495	0.993102	0.778587	2.02394e-06	2.02494e-05	2.53969e-08	0.00844467	1.45608e-08	4.28642e-11	0.993102	0.869135	0.988634	0.993102	0.778706	9.07438e-19	0.882115	0.8821	0.88203	0.883191	0.789469	0.0678337	0	
0.980869	0.000211917	3.99113e-13	0.9931	6.66202e-06	0.993101	2.55693e-05	4.78754e-10	0.33218	0.993102	0.831857	1.51444e-06	1.53536e-05	1.90036e-08	0.0087023	1.09814e-08	3.24514e-11	0.993102	0.900154	0.989705	0.993102	0.831946	6.82473e-19	0.909428	0.880983	0.909365	0.881853	0.755284	0.0584015	0	
0.983944	0.000175703	2.98641e-13	0.9931	4.98495e-06	0.993101	1.91326e-05	3.58247e-10	0.304503	0.993102	0.872265	1.1332e-06	1.22955e-05	1.42197e-08	0.00848856	8.38742e-09	2.47382e-11	0.993102	0.923495	0.990471	0.993102	0.872332	5.14139e-19	0.912066	0.823042	0.912014	0.823779	0.743885	0.0523238	0	
0.986238	0.000143551	2.23463e-13	0.993101	3.73006e-06	0.993101	1.43162e-05	2.68073e-10	0.294311	0.993102	0.902579	8.47933e-07	1.06039e-05	1.06401e-08	0.00810393	6.49014e-09	1.90257e-11	0.993102	0.940981	0.991034	0.993102	0.902629	3.88181e-19	0.874417	0.746429	0.874372	0.747052	0.775766	0.0603122	0	
0.987962	0.000134222	1.67209e-13	0.993101	2.79106e-06	0.993101	1.07123e-05	2.00608e-10	0.260386	0.993102	0.925281	6.34477e-07	9.65557e-06	7.96159e-09	0.0081172	4.96953e-09	1.46751e-11	0.993102	0.954076	0.991493	0.993102	0.925319	2.93931e-19	0.855858	0.676386	0.855819	0.676906	0.775294	0.061677	0	
0.989248	0.000127725	1.25116e-13	0.993101	2.08845e-06	0.993101	8.01563e-06	1.50127e-10	0.23532	0.993102	0.942311	4.74756e-07	1.0617e-05	5.95736e-09	0.00818346	3.8328e-09	1.14079e-11	0.993102	0.963888	0.991834	0.993102	0.942339	2.23408e-19	0.769119	0.584012	0.769083	0.584435	0.821509	0.0813769	0	
0.990216	0.000197528	9.362e-14	0.993102	1.56271e-06	0.993101	5.99781e-06	1.12382e-10	0.193885	0.993102	0.95507	3.55243e-07	1.35441e-05	4.45768e-09	0.0092391	2.91329e-09	8.82414e-12	0.993102	0.971237	0.992116	0.993102	0.955091	1.70637e-19	0.699319	0.490793	0.699287	0.49113	0.888596	0.122586	0	
0.990942	0.00103431	7.00524e-14	0.993102	1.16932e-06	0.993101	4.48794e-06	8.42725e-11	0.149989	0.993102	0.964633	2.65815e-07	2.29599e-05	3.33552e-09	0.0139056	2.19176e-09	6.7291e-12	0.993102	0.97674	0.992342	0.993102	0.964648	1.31151e-19	0.627552	0.393974	0.627525	0.394234	0.874991	0.117676	0	
0.991485	0.00138677	5.24177e-14	0.993102	8.7496e-07	0.993101	3.35816e-06	6.31961e-11	0.11864	0.993102	0.971795	1.989e-07	4.80343e-05	2.49585e-09	0.01676	1.65558e-09	5.17449e-12	0.993102	0.980859	0.992507	0.993102	0.971806	1.01605e-19	0.491092	0.306648	0.49107	0.306846	0.818329	0.0972175	0	
0.991868	0.00116899	3.92222e-14	0.993102	6.54701e-07	0.993101	2.51279e-06	4.73319e-11	0.107659	0.993102	0.977156	1.48829e-07	9.36939e-05	1.86755e-09	0.0167982	1.28714e-09	4.08167e-12	0.993102	0.98394	0.992602	0.993102	0.977165	7.94966e-20	0.369611	0.235928	0.369595	0.236078	0.716639	0.0538213	0	
0.990432	0.000881927	2.93486e-14	0.993102	4.89889e-07	0.993101	1.88023e-06	3.54225e-11	0.176666	0.993102	0.981168	1.11364e-07	0.00014204	1.39742e-09	0.0143746	1.33253e-09	3.55389e-12	0.993102	0.986246	0.992551	0.993102	0.981175	6.29537e-20	0.276749	0.181761	0.276737	0.181874	0.679103	0.04169	0	
0.989134	0.000662587	2.19605e-14	0.993102	3.66566e-07	0.993101	1.40691e-06	2.65081e-11	0.274577	0.993102	0.984164	8.33294e-08	0.000124381	1.04564e-09	0.0121745	1.77969e-09	3.29618e-12	0.993102	0.987968	0.992397	0.993102	0.984169	5.05752e-20	0.208435	0.155561	0.208425	0.155647	0.65424	0.0401176	0	
0.989378	0.000497365	1.64322e-14	0.993102	2.74288e-07	0.993101	1.05274e-06	1.98367e-11	0.376726	0.993102	0.986356	6.23523e-08	9.56239e-05	7.82414e-10	0.0104845	2.61847e-09	3.12369e-12	0.993102	0.989235	0.992108	0.993102	0.98636	4.13129e-20	0.191605	0.210286	0.191597	0.210355	0.584496	0.0294611	0	
0.988727	0.000372475	1.22956e-14	0.993102	2.0524e-07	0.993101	7.87725e-07	1.48435e-11	0.506319	0.993102	0.987609	4.6656e-08	7.1883e-05	5.85452e-10	0.00895723	7.15082e-09	3.15076e-12	0.993102	0.989961	0.990845	0.993102	0.987611	3.43822e-20	0.320952	0.363014	0.320945	0.363069	0.509836	0.0206011	0	
0.987479	0.000278769	9.20037e-15	0.993102	1.53575e-07	0.993101	5.89426e-07	1.1107e-11	0.622621	0.993102	0.983166	3.49159e-08	5.38122e-05	4.38072e-10	0.00763453	2.84598e-08	3.32871e-12	0.993102	0.986863	0.98586	0.993102	0.983168	2.91963e-20	0.487638	0.517659	0.487632	0.5177	0.492166	0.0188455	0	
0.988425	0.000208633	6.88431e-15	0.993102	1.15185e-07	0.993101	4.41046e-07	8.311e-12	0.71147	0.993102	0.936593	2.6609e-08	4.02681e-05	3.27793e-10	0.00661275	5.4201e-08	3.49656e-12	0.993102	0.952559	0.980113	0.993102	0.936596	2.53158e-20	0.614847	0.636952	0.614843	0.636982	0.524804	0.0223332	0	
0.989581	0.000156195	5.15128e-15	0.993102	8.87527e-08	0.993101	3.30019e-07	6.21894e-12	0.774023	0.993102	0.803113	3.93061e-08	3.01316e-05	2.45276e-10	0.00591297	5.76874e-08	3.5544e-12	0.993102	0.84272	0.979099	0.993102	0.803116	2.24121e-20	0.710067	0.726541	0.710064	0.726564	0.575133	0.0274914	0	
0.990467	0.000117127	3.85451e-15	0.993102	7.05913e-08	0.993101	2.46941e-07	4.65375e-12	0.807592	0.993102	0.642295	3.20459e-07	2.25465e-05	1.83531e-10	0.00549376	4.94261e-08	3.50572e-12	0.993102	0.694494	0.980871	0.993102	0.642298	2.02395e-20	0.781317	0.793625	0.781315	0.793642	0.616362	0.0325686	0	
0.99113	8.82767e-05	2.88419e-15	0.993102	5.58984e-08	0.993101	1.84777e-07	3.48302e-12	0.809968	0.993102	0.503599	1.60536e-06	1.68708e-05	1.3733e-10	0.00529382	3.97286e-08	3.3876e-12	0.993102	0.560335	0.983096	0.993102	0.503601	1.86137e-20	0.834631	0.843831	0.83463	0.843844	0.641002	0.0354696	0	
0.991627	6.71556e-05	2.15814e-15	0.993102	4.30898e-08	0.993101	1.38262e-07	2.6075e-12	0.790877	0.993102	0.398844	2.88773e-06	1.26238e-05	1.02759e-10	0.00521453	3.14043e-08	3.25612e-12	0.993102	0.460307	0.985061	0.993102	0.398846	1.73972e-20	0.874524	0.881399	0.874523	0.881408	0.668758	0.0392621	0	
0.991998	5.23202e-05	1.61485e-15	0.993102	3.24365e-08	0.993101	1.03456e-07	1.95333e-12	0.746626	0.993102	0.329429	3.07538e-06	9.44605e-06	7.68906e-11	0.00525344	2.44612e-08	3.10506e-12	0.993102	0.403633	0.986742	0.993102	0.329431	1.6487e-20	0.904375	0.909505	0.904374	0.909512	0.684115	0.0439946	0	
0.992276	4.2243e-05	1.20834e-15	0.993102	2.42889e-08	0.993101	7.74126e-08	1.46464e-12	0.694876	0.993102	0.310326	2.48944e-06	7.06834e-06	5.75344e-11	0.00541592	1.90114e-08	2.93164e-12	0.993102	0.415147	0.988066	0.993102	0.310328	1.58059e-20	0.926711	0.930516	0.92671	0.930522	0.711356	0.0535133	0	
0.992484	3.80619e-05	9.04154e-16	0.993102	1.81753e-08	0.993101	5.7925e-08	1.10117e-12	0.622381	0.993102	0.354988	1.89752e-06	5.28955e-06	4.30509e-11	0.00584668	1.46362e-08	2.69644e-12	0.993102	0.4951	0.989139	0.993102	0.354991	1.52962e-20	0.943424	0.946179	0.943423	0.946183	0.734269	0.0604866	0	
0.99264	4.02116e-05	6.76546e-16	0.993102	1.35999e-08	0.993101	4.33432e-08	8.32248e-13	0.541968	0.993102	0.46674	1.42237e-06	3.96041e-06	3.22134e-11	0.00643529	1.12114e-08	2.45499e-12	0.993102	0.603565	0.989995	0.993102	0.466742	1.49149e-20	0.955929	0.957596	0.955929	0.957599	0.754504	0.0673059	0	
0.992756	5.02407e-05	5.06235e-16	0.993102	1.01763e-08	0.993101	3.24321e-08	6.35151e-13	0.462165	0.993102	0.587641	1.06444e-06	2.97558e-06	2.41041e-11	0.00717397	8.56228e-09	2.21857e-12	0.993102	0.698499	0.990669	0.993102	0.587643	1.46295e-20	0.965282	0.964571	0.965282	0.964574	0.738401	0.0657399	0	
0.992842	5.17463e-05	3.78797e-16	0.993102	7.61456e-09	0.993101	2.42678e-08	4.84253e-13	0.417777	0.993102	0.687268	7.9649e-07	2.28648e-06	1.80362e-11	0.00765463	6.6459e-09	2.0538e-12	0.993102	0.772001	0.991137	0.993102	0.68727	1.4416e-20	0.972132	0.962361	0.972132	0.962363	0.770964	0.0811074	0	
0.992907	7.56292e-05	2.8344e-16	0.993102	5.6977e-09	0.993101	1.81587e-08	3.79597e-13	0.356117	0.993102	0.763247	5.95986e-07	1.85657e-06	1.34959e-11	0.00882685	5.09753e-09	1.82633e-12	0.993102	0.82746	0.991529	0.993102	0.763248	1.42562e-20	0.976938	0.948443	0.976938	0.948445	0.757202	0.077693	0	
0.992954	8.277e-05	2.12088e-16	0.993102	4.26338e-09	0.993101	1.35875e-08	2.97137e-13	0.320771	0.993102	0.820814	4.45955e-07	1.88921e-06	1.00985e-11	0.00950178	3.97843e-09	1.67658e-12	0.993102	0.869096	0.991799	0.993102	0.820815	1.41367e-20	0.973867	0.898291	0.973866	0.898292	0.789955	0.0892422	0	
0.99299	0.000125423	1.58698e-16	0.993102	3.19013e-09	0.993101	1.0167e-08	2.47555e-13	0.271513	0.993102	0.86404	3.33692e-07	2.4275e-06	7.55631e-12	0.0107486	3.06217e-09	1.5006e-12	0.993102	0.900288	0.992044	0.993102	0.86404	1.40472e-20	0.963938	0.822755	0.963938	0.822756	0.798275	0.0943982	0	
0.993016	0.000176971	1.18748e-16	0.993102	2.38706e-09	0.993101	7.60761e-09	2.15019e-13	0.230354	0.993102	0.896475	2.49689e-07	4.53176e-06	5.65411e-12	0.0120704	2.36349e-09	1.3448e-12	0.993102	0.923645	0.992233	0.993102	0.896475	1.39803e-20	0.90226	0.705962	0.902259	0.705963	0.826464	0.107174	0	
0.993036	0.000320937	8.88545e-17	0.993102	1.78615e-09	0.993101	5.6925e-09	2.13229e-13	0.188598	0.993102	0.920776	1.86833e-07	9.5758e-06	4.23077e-12	0.0142078	1.80959e-09	1.17818e-12	0.993102	0.941127	0.992395	0.993102	0.920776	1.39302e-20	0.792725	0.577981	0.792723	0.577981	0.786983	0.104069	0	
0.993031	0.000320615	6.64866e-17	0.993102	1.33651e-09	0.993101	4.25949e-09	1.83313e-13	0.174287	0.993102	0.938973	1.39801e-07	2.14211e-05	3.16573e-12	0.0155015	1.44453e-09	1.06451e-12	0.993102	0.95421	0.992455	0.993102	0.938973	1.38927e-20	0.610802	0.456797	0.6108	0.456798	0.849446	0.121498	0	
0.993047	0.000637115	4.97495e-17	0.993102	1.00006e-09	0.993101	3.18722e-09	2.20044e-13	0.140915	0.993102	0.952591	1.04608e-07	3.50087e-05	2.3688e-12	0.0184451	1.10683e-09	9.25625e-13	0.993102	0.964	0.99257	0.993102	0.952591	1.38647e-20	0.489522	0.360521	0.48952	0.360521	0.878123	0.142555	0	
0.993059	0.00154782	3.72257e-17	0.993102	7.4831e-10	0.993101	2.38488e-09	3.11719e-13	0.111471	0.993102	0.962785	7.82742e-08	6.31895e-05	1.77249e-12	0.0240854	8.42816e-10	7.77333e-13	0.993102	0.971326	0.992663	0.993102	0.962785	1.38437e-20	0.38259	0.27973	0.382588	0.27973	0.87801	0.148457	0	
0.993068	0.00236011	2.78547e-17	0.993102	5.59933e-10	0.993101	1.78452e-09	3.79983e-13	0.0894521	0.993102	0.970415	5.85697e-08	0.000113936	1.32629e-12	0.0295349	6.453e-10	6.56938e-13	0.993102	0.976807	0.992727	0.993101	0.970415	1.3828e-20	0.291523	0.214941	0.291522	0.214942	0.864577	0.141936	0	
0.99307	0.00257369	2.08426e-17	0.993102	4.18978e-10	0.993101	1.33529e-09	3.96493e-13	0.0747801	0.993102	0.976125	4.38256e-08	0.000188772	9.92412e-13	0.0322623	5.02021e-10	5.77338e-13	0.993102	0.980909	0.992768	0.993101	0.976125	1.38163e-20	0.219822	0.164487	0.219821	0.164487	0.887926	0.160968	0	
0.993074	0.00380296	1.55958e-17	0.993102	3.13506e-10	0.993101	9.9915e-10	4.75603e-13	0.0609324	0.993102	0.980397	3.27931e-08	0.000280052	7.42586e-13	0.0387355	3.8766e-10	4.90622e-13	0.993102	0.983979	0.992803	0.9931	0.980398	1.38075e-20	0.165981	0.125814	0.165981	0.125814	0.870376	0.149375	0	
0.993072	0.00389711	1.16698e-17	0.993102	2.34585e-10	0.993101	7.47627e-10	4.81834e-13	0.0526048	0.993102	0.983595	2.45379e-08	0.000392613	5.5565e-13	0.0407004	3.0714e-10	4.41033e-13	0.993101	0.986275	0.992823	0.993099	0.983595	1.38009e-20	0.124805	0.0962209	0.124805	0.096221	0.917128	0.203057	0	
0.993078	0.0105463	8.73205e-18	0.993102	1.75531e-10	0.993101	5.59422e-10	6.81396e-13	0.0421624	0.993102	0.985988	1.83608e-08	0.000509985	4.15773e-13	0.0618977	2.36522e-10	3.55272e-13	0.9931	0.987994	0.99283	0.993095	0.985988	1.3796e-20	0.0944945	0.0737607	0.094494	0.0737607	0.954494	0.244196	0	
0.993083	0.0407524	6.53387e-18	0.993102	1.31344e-10	0.993101	4.18595e-10	1.1873e-12	0.0328827	0.993102	0.987778	1.37387e-08	0.000647973	3.11108e-13	0.108	1.80154e-10	2.76932e-13	0.993095	0.98928	0.992831	0.993083	0.987778	1.37923e-20	0.0722435	0.0566243	0.0722431	0.0566243	0.935843	0.219163	0	
0.993087	0.0453476	4.88906e-18	0.993102	9.82797e-11	0.993101	3.1322e-10	1.35492e-12	0.0265375	0.993102	0.989118	1.02802e-08	0.000805476	2.3279e-13	0.122226	1.39411e-10	2.25524e-13	0.993091	0.990242	0.992839	0.993078	0.989118	1.37895e-20	0.0547896	0.0435603	0.0547893	0.0435604	0.951411	0.235917	0	
0.99309	0.0608321	3.65831e-18	0.993102	7.35391e-11	0.993101	2.34371e-10	1.65076e-12	0.0212755	0.993102	0.99012	7.69228e-09	0.000966649	1.74189e-13	0.145774	1.07692e-10	1.81845e-13	0.993085	0.990962	0.992844	0.993068	0.99012	1.37875e-20	0.0417728	0.0336438	0.0417726	0.0336438	0.96923	0.255609	0	
0.993093	0.0963645	2.73738e-18	0.993102	5.50266e-11	0.993101	1.75371e-10	2.14482e-12	0.0169146	0.993102	0.990871	5.75586e-09	0.00112757	1.30339e-13	0.181967	8.29453e-11	1.44899e-13	0.993072	0.991501	0.992845	0.993051	0.990871	1.37859e-20	0.0321542	0.0261192	0.032154	0.0261192	0.98819	0.290942	0	
0.993095	0.179757	2.04828e-18	0.993102	4.11744e-11	0.993101	1.31224e-10	2.93396e-12	0.0133384	0.993102	0.991432	4.3069e-09	0.00128476	9.75279e-14	0.249868	6.36825e-11	1.12779e-13	0.993039	0.991904	0.992821	0.993007	0.991432	1.37848e-20	0.0251599	0.0204102	0.0251598	0.0204102	0.979817	0.259236	0	
0.993096	0.197835	1.53265e-18	0.993102	3.08093e-11	0.993101	9.819e-11	3.31952e-12	0.0107863	0.993102	0.991852	3.22269e-09	0.00143502	7.29766e-14	0.263659	4.95638e-11	9.26016e-14	0.99303	0.992206	0.992836	0.992998	0.991852	1.37839e-20	0.0196337	0.0160787	0.0196335	0.0160787	0.985827	0.268749	0	
0.993098	0.227124	1.14683e-18	0.993102	2.30535e-11	0.993101	7.3472e-11	3.75159e-12	0.00878567	0.993102	0.992167	2.41143e-09	0.00157221	5.46057e-14	0.284447	3.87826e-11	7.60805e-14	0.993015	0.992431	0.992844	0.992983	0.992167	1.37833e-20	0.0155133	0.0127977	0.0155132	0.0127977	1.01689	0.350983	0	
0.993099	0.374168	8.5813e-19	0.993102	1.72501e-11	0.993101	5.49764e-11	5.16653e-12	0.00695851	0.993102	0.992402	1.80439e-09	0.00169517	4.08595e-14	0.396568	2.99308e-11	5.82393e-14	0.992849	0.9926	0.992743	0.992789	0.992402	1.37828e-20	0.0130171	0.0103126	0.013017	0.0103126	1.04235	0.401237	0	
0.9931	0.518228	6.42107e-19	0.993102	1.29076e-11	0.993101	4.11369e-11	7.79183e-12	0.00543803	0.993102	0.992578	1.3502e-09	0.00180644	3.05737e-14	0.51758	2.29438e-11	4.40582e-14	0.992362	0.992727	0.992561	0.992235	0.992578	1.37824e-20	0.0119129	0.00842672	0.0119128	0.00842672	1.04666	0.410675	0	
0.9931	0.628747	4.80465e-19	0.993102	9.6583e-12	0.993101	3.07812e-11	1.01104e-11	0.00428119	0.993102	0.99271	1.01036e-09	0.00190628	2.28772e-14	0.61265	1.76703e-11	3.33644e-14	0.991842	0.992821	0.992396	0.991666	0.99271	1.37822e-20	0.0111424	0.00699439	0.0111423	0.00699439	1.05422	0.430857	0	
0.993101	0.715205	3.59515e-19	0.993102	7.22695e-12	0.993101	2.30325e-11	1.25432e-11	0.00338585	0.993102	0.992808	7.56145e-10	0.00199393	1.71181e-14	0.691413	1.36539e-11	2.52308e-14	0.991053	0.992892	0.992186	0.990823	0.992808	1.37819e-20	0.0108096	0.00590691	0.0108094	0.00590692	1.05554	0.440694	0	
0.993101	0.780933	2.69012e-19	0.993102	5.40767e-12	0.993101	1.72344e-11	1.44967e-11	0.00271116	0.993102	0.992882	5.65975e-10	0.00206975	1.28089e-14	0.753214	1.06373e-11	1.90972e-14	0.990175	0.992945	0.991957	0.989905	0.992882	1.37818e-20	0.0105376	0.00508128	0.0105375	0.00508128	1.05967	0.46406	0	
0.993101	0.831887	2.01292e-19	0.993102	4.04636e-12	0.993101	1.28958e-11	1.63988e-11	0.00219222	0.993102	0.992937	4.23944e-10	0.00213431	9.58442e-15	0.804547	8.3468e-12	1.44263e-14	0.988634	0.992984	0.991571	0.988307	0.992937	1.37817e-20	0.0104728	0.00445465	0.0104727	0.00445465	1.07781	0.535452	0	
0.993102	0.872057	1.50619e-19	0.993102	3.02774e-12	0.993101	9.64949e-12	2.02505e-11	0.00175417	0.993102	0.992978	3.24809e-10	0.00218872	7.17167e-15	0.84978	6.51502e-12	1.08275e-14	0.980343	0.993014	0.990009	0.979693	0.992978	1.37816e-20	0.0114647	0.00397904	0.0114645	0.00397904	1.08602	0.569605	0	
0.993102	0.902351	1.12703e-19	0.993102	2.26555e-12	0.993101	7.22036e-12	2.45563e-11	0.00140917	0.993102	0.993009	2.72268e-10	0.00223462	5.3663e-15	0.884727	5.10357e-12	8.11834e-15	0.965281	0.993036	0.987533	0.964192	0.993009	1.37815e-20	0.0127703	0.00361754	0.0127701	0.00361754	1.08916	0.581452	0	
0.993102	0.925065	8.43315e-20	0.993102	1.69523e-12	0.993101	5.40273e-12	2.83871e-11	0.00114515	0.993102	0.993032	2.50028e-10	0.00227309	4.01541e-15	0.911114	4.03353e-12	6.08772e-15	0.949282	0.993053	0.985071	0.947872	0.993032	1.37815e-20	0.0139539	0.00334265	0.0139536	0.00334266	1.09445	0.606278	0	
0.993102	0.942121	6.31022e-20	0.993102	1.26848e-12	0.993101	4.04267e-12	3.23703e-11	0.000938485	0.993102	0.99305	3.10756e-10	0.00230506	3.00458e-15	0.931208	3.21132e-12	4.56316e-15	0.924308	0.993065	0.981423	0.92254	0.99305	1.37815e-20	0.0152702	0.00313363	0.0152699	0.00313363	1.09805	0.620584	0	
0.993102	0.954904	4.72171e-20	0.993102	9.49156e-13	0.993101	3.02498e-12	3.61826e-11	0.000778175	0.993102	0.993063	4.49896e-10	0.00233147	2.24822e-15	0.946379	2.58265e-12	3.42042e-15	0.895566	0.993075	0.977377	0.893534	0.993063	1.37814e-20	0.0165668	0.00297462	0.0165665	0.00297462	1.10811	0.673389	0	
0.993102	0.964506	3.53308e-20	0.993102	7.10219e-13	0.993101	2.26348e-12	4.17004e-11	0.000644387	0.993102	0.993072	2.12196e-09	0.00235317	1.68226e-15	0.957998	2.07949e-12	2.56145e-15	0.821311	0.993082	0.965509	0.81886	0.993072	1.37814e-20	0.0186147	0.00285363	0.0186144	0.00285363	1.1126	0.694206	0	
0.993102	0.971696	2.64368e-20	0.993102	5.31431e-13	0.993101	1.69368e-12	4.72046e-11	0.00053894	0.993102	0.99308	5.67127e-09	0.00237104	1.25877e-15	0.966741	1.69036e-12	1.91801e-15	0.739787	0.993087	0.951042	0.737147	0.99308	1.37814e-20	0.0206808	0.00276142	0.0206804	0.00276142	1.11245	0.684874	0	
0.993102	0.977074	1.97817e-20	0.993102	3.9765e-13	0.993101	1.26732e-12	5.12749e-11	0.000460211	0.993102	0.993085	7.04313e-09	0.0023857	9.41895e-16	0.973264	1.39959e-12	1.43683e-15	0.690153	0.993091	0.943549	0.68751	0.993085	1.37814e-20	0.0221794	0.00269111	0.022179	0.00269111	1.11444	0.688783	0	
0.993102	0.9811	1.48019e-20	0.993102	2.97547e-13	0.993101	9.4829e-13	5.49699e-11	0.000399073	0.993102	0.993089	8.53317e-09	0.00239762	7.04786e-16	0.978153	1.17675e-12	1.07665e-15	0.647958	0.993094	0.937289	0.645406	0.993089	1.37814e-20	0.0235447	0.00263751	0.0235442	0.00263751	1.11503	0.690725	0	
0.993102	0.984112	1.10757e-20	0.993102	2.22644e-13	0.993101	7.0957e-13	5.79311e-11	0.000352687	0.993102	0.993092	9.90302e-09	0.0024073	5.27366e-16	0.981815	1.0085e-12	8.07086e-16	0.61381	0.993096	0.932131	0.611402	0.993092	1.37814e-20	0.0246294	0.00259665	0.024629	0.00259665	1.11999	0.72093	0	
0.993102	0.986371	8.28756e-21	0.993102	1.66596e-13	0.993101	5.30946e-13	6.18987e-11	0.000312873	0.993102	0.993094	1.91643e-08	0.0024151	3.94608e-16	0.984601	8.7051e-13	6.04715e-16	0.551196	0.993097	0.917183	0.548985	0.993094	1.37814e-20	0.0261359	0.0025655	0.0261354	0.0025655	1.13135	0.799857	0	
0.993102	0.988065	6.20128e-21	0.993102	1.24658e-13	0.993101	3.97287e-13	6.95965e-11	0.000273135	0.993102	0.993096	2.90153e-07	0.00242143	2.95271e-16	0.98673	7.43719e-13	4.52652e-16	0.43917	0.993099	0.849404	0.437366	0.993096	1.37814e-20	0.0291376	0.0025417	0.0291371	0.0025417	1.13439	0.818013	0	
0.993102	0.989332	4.64019e-21	0.993102	9.32769e-14	0.993101	2.97276e-13	7.68202e-11	0.000241093	0.993102	0.993097	7.86377e-07	0.00242665	2.20941e-16	0.988326	6.43384e-13	3.38818e-16	0.347803	0.993099	0.780874	0.346357	0.993097	1.37814e-20	0.0319461	0.00252339	0.0319455	0.00252339	1.13597	0.822848	0	
0.993102	0.990281	3.47209e-21	0.993102	6.97957e-14	0.993101	2.22441e-13	8.30164e-11	0.000215979	0.993102	0.993098	1.27827e-06	0.00243095	1.65322e-16	0.989521	5.65614e-13	2.5363e-16	0.277771	0.9931	0.725606	0.27661	0.993098	1.37814e-20	0.0343455	0.0025093	0.0343449	0.0025093	1.13658	0.825551	0	
0.993102	0.990991	2.59804e-21	0.993102	5.22256e-14	0.993101	1.66444e-13	8.79689e-11	0.000196753	0.993102	0.993099	1.72434e-06	0.00243448	1.23704e-16	0.990416	5.06393e-13	1.89881e-16	0.224492	0.993101	0.681679	0.223557	0.993099	1.37814e-20	0.0362545	0.00249844	0.0362538	0.00249844	1.13862	0.839636	0	
0.993102	0.991522	1.94401e-21	0.993102	3.90785e-14	0.993101	1.24544e-13	9.275e-11	0.000180963	0.993102	0.9931	2.63805e-06	0.00243736	9.25634e-17	0.991087	4.58759e-13	1.42156e-16	0.180739	0.993101	0.633807	0.179991	0.9931	1.37813e-20	0.0380946	0.00249008	0.038094	0.00249008	1.14041	0.852136	0	
0.993102	0.99192	1.45464e-21	0.993102	2.9241e-14	0.993101	9.31918e-14	9.73075e-11	0.000167964	0.993102	0.9931	4.19464e-06	0.0024397	6.92618e-17	0.99159	4.20312e-13	1.06428e-16	0.145284	0.993101	0.584663	0.14469	0.9931	1.37813e-20	0.0398457	0.00248363	0.039845	0.00248363	1.1433	0.871549	0	
0.993102	0.992217	1.08845e-21	0.993102	2.188e-14	0.993101	6.9732e-14	1.02376e-10	0.00015641	0.993102	0.9931	7.96374e-06	0.00244162	5.18261e-17	0.991968	3.87221e-13	7.96756e-17	0.115609	0.993102	0.528075	0.115142	0.9931	1.37813e-20	0.0417918	0.00247864	0.0417911	0.00247864	1.14482	0.883958	0	
0.993102	0.99244	8.14448e-22	0.993102	1.6372e-14	0.993101	5.21779e-14	1.07082e-10	0.000146845	0.993102	0.993101	1.38816e-05	0.00244319	3.87796e-17	0.992252	3.60283e-13	5.96491e-17	0.0919185	0.993102	0.473565	0.0915525	0.993101	1.37813e-20	0.0435941	0.00247476	0.0435933	0.00247476	1.14349	0.876899	0	
0.993102	0.992606	6.09422e-22	0.993102	1.22506e-14	0.993101	3.90429e-14	1.09808e-10	0.000140486	0.993102	0.993101	1.63584e-05	0.00244449	2.90174e-17	0.992463	3.42014e-13	4.46687e-17	0.0749897	0.993102	0.439083	0.074698	0.993101	1.37813e-20	0.0446326	0.00247174	0.0446318	0.00247174	1.1458	0.896021	0	
0.993102	0.992731	4.56008e-22	0.993102	9.16666e-15	0.993101	2.92143e-14	1.13252e-10	0.000134346	0.993102	0.993101	2.50675e-05	0.00244553	2.17126e-17	0.992622	3.25076e-13	3.34482e-17	0.0603814	0.993102	0.395573	0.0601514	0.993101	1.37813e-20	0.0459458	0.00246941	0.045945	0.00246941	1.14576	0.89813	0	
0.993102	0.992824	3.41214e-22	0.993102	6.85908e-15	0.993101	2.186e-14	1.158e-10	0.000129778	0.993102	0.993101	3.271e-05	0.00244639	1.62468e-17	0.992742	3.12464e-13	2.50512e-17	0.0492761	0.993102	0.360922	0.0490932	0.993101	1.37813e-20	0.0469147	0.00246758	0.0469139	0.00246758	1.14617	0.910328	0	
0.993102	0.992894	2.55318e-22	0.993102	5.1324e-15	0.993101	1.63571e-14	1.17965e-10	0.000126119	0.993102	0.993101	4.71988e-05	0.00244709	1.21569e-17	0.992831	3.02455e-13	1.87631e-17	0.0400908	0.993102	0.324321	0.0399457	0.993101	1.37813e-20	0.0477367	0.00246616	0.0477359	0.00246616	1.14717	0.914752	0	
0.993102	0.992947	1.91045e-22	0.993102	3.84039e-15	0.993101	1.22394e-14	1.20214e-10	0.00012281	0.993102	0.993101	6.24349e-05	0.00244766	9.09654e-18	0.992898	2.93614e-13	1.40564e-17	0.032948	0.993102	0.294076	0.032832	0.993101	1.37813e-20	0.0485906	0.00246505	0.0485897	0.00246505	1.14894	0.937361	0	
0.993102	0.992986	1.42952e-22	0.993102	2.87362e-15	0.993101	9.15829e-15	1.23048e-10	0.000119344	0.993102	0.993101	0.000113687	0.00244813	6.80661e-18	0.992949	2.84658e-13	1.05284e-17	0.0265382	0.993102	0.25648	0.0264468	0.993101	1.37813e-20	0.049667	0.00246418	0.0496661	0.00246418	1.15346	0.972933	0	
0.993102	0.993015	1.06966e-22	0.993102	2.15023e-15	0.993101	6.85282e-15	1.28303e-10	0.000114378	0.993102	0.993101	0.000362654	0.00244852	5.09314e-18	0.992987	2.72339e-13	7.88324e-18	0.0207861	0.993102	0.21291	0.0207156	0.993101	1.37813e-20	0.0516574	0.00246349	0.0516565	0.00246349	1.15466	0.984325	0	
0.993102	0.993037	8.00387e-23	0.993102	1.60894e-15	0.993101	5.12771e-15	1.33117e-10	0.000110065	0.993102	0.993101	0.000708831	0.00244887	3.81101e-18	0.993016	2.61709e-13	5.90287e-18	0.0162933	0.993102	0.176707	0.0162388	0.993101	1.37813e-20	0.0534763	0.0024629	0.0534753	0.0024629	1.15485	0.985933	0	
0.993102	0.993053	5.98901e-23	0.993102	1.20391e-15	0.993101	3.83688e-15	1.3686e-10	0.000106745	0.993102	0.993101	0.00099679	0.00244919	2.85164e-18	0.993037	2.53537e-13	4.42091e-18	0.012908	0.993102	0.149163	0.0128656	0.993101	1.37813e-20	0.0548875	0.00246242	0.0548865	0.00246242	1.15456	0.98874	0	
0.993102	0.993066	4.48136e-23	0.993102	9.0084e-16	0.993101	2.871e-15	1.39441e-10	0.000104406	0.993102	0.993101	0.00126748	0.00244947	2.13378e-18	0.993053	2.47764e-13	3.31179e-18	0.0103358	0.993102	0.1276	0.0103027	0.993101	1.37813e-20	0.0558592	0.00246201	0.0558582	0.00246201	1.15457	0.994795	0	
0.993102	0.993075	3.35324e-23	0.993102	6.74066e-16	0.993101	2.14826e-15	1.4138e-10	0.00010265	0.993102	0.993101	0.00161255	0.00244971	1.59663e-18	0.993065	2.43432e-13	2.48145e-18	0.008334	0.993102	0.109748	0.00830797	0.993101	1.37813e-20	0.0565882	0.00246168	0.0565872	0.00246168	1.15315	0.990301	0	
0.993102	0.993082	2.5091e-23	0.993102	5.04379e-16	0.993101	1.60747e-15	1.41794e-10	0.000102043	0.993102	0.993101	0.00176168	0.00244991	1.1947e-18	0.993074	2.41862e-13	1.86044e-18	0.00689238	0.993102	0.0972405	0.00687156	0.993101	1.37813e-20	0.0567422	0.00246141	0.0567412	0.00246141	1.15372	0.997021	0	
0.993102	0.993087	1.87747e-23	0.993102	3.77408e-16	0.993101	1.20281e-15	1.42516e-10	0.000101303	0.993102	0.993101	0.00204393	0.00245006	8.9395e-19	0.993081	2.40012e-13	1.39531e-18	0.0057313	0.993102	0.0862256	0.00571456	0.993101	1.37813e-20	0.0570123	0.0024612	0.0570113	0.0024612	1.15496	1.00604	0	
0.993102	0.993091	1.40484e-23	0.993102	2.82401e-16	0.993101	9.00018e-16	1.43975e-10	0.000100135	0.993102	0.993101	0.00256906	0.00245019	6.6891e-19	0.993086	2.37175e-13	1.04674e-18	0.00476794	0.993102	0.0761352	0.00475445	0.993101	1.37813e-20	0.0575595	0.00246103	0.0575585	0.00246103	1.15394	1.00856	0	
0.993102	0.993094	1.05119e-23	0.993102	2.1131e-16	0.993101	6.73451e-16	1.44307e-10	9.9767e-05	0.993102	0.993101	0.00307148	0.0024503	5.00521e-19	0.99309	2.36247e-13	7.85783e-19	0.0040236	0.993102	0.0678247	0.00401259	0.993101	1.37813e-20	0.0576829	0.00246089	0.0576819	0.00246089	1.15434	1.01797	0	
0.993102	0.993096	7.86569e-24	0.993102	1.58116e-16	0.993101	5.03919e-16	1.44854e-10	9.92903e-05	0.993102	0.993101	0.00396923	0.00245038	3.74522e-19	0.993093	2.35077e-13	5.90083e-19	0.00338851	0.993102	0.0598824	0.00337952	0.993101	1.37813e-20	0.0578872	0.00246078	0.0578862	0.00246078	1.15437	1.03275	0	
0.993102	0.993097	5.88561e-24	0.993102	1.18312e-16	0.993101	3.77064e-16	1.45283e-10	9.89208e-05	0.993102	0.993101	0.00597267	0.00245045	2.80241e-19	0.993095	2.34172e-13	4.43107e-19	0.00281668	0.993102	0.0516691	0.0028094	0.993101	1.37813e-20	0.058047	0.0024607	0.058046	0.0024607	1.15302	1.03059	0	
0.993102	0.993099	4.40399e-24	0.993102	8.85288e-17	0.993101	2.82143e-16	1.4462e-10	9.93187e-05	0.993102	0.993101	0.00722509	0.00245051	2.09694e-19	0.993097	2.3509e-13	3.332e-19	0.00240124	0.993102	0.0456333	0.00239521	0.993101	1.37813e-20	0.0577963	0.00246063	0.0577952	0.00246063	1.15487	1.03378	0	
0.993102	0.993099	3.29534e-24	0.993102	6.62429e-17	0.993101	2.11118e-16	1.45479e-10	9.86967e-05	0.993102	0.993101	0.00853328	0.00245055	1.56906e-19	0.993098	2.33601e-13	2.50859e-19	0.00207223	0.993102	0.0409371	0.00206717	0.993101	1.37813e-20	0.0581185	0.00246058	0.0581174	0.00246058	1.15582	1.03943	0	
0.993102	0.9931	2.46579e-24	0.993102	4.95671e-17	0.993101	1.57972e-16	1.46839e-10	9.77708e-05	0.993102	0.993101	0.0102923	0.00245058	1.17407e-19	0.993099	2.31397e-13	1.89082e-19	0.00179664	0.993102	0.0368295	0.00179237	0.993101	1.37813e-20	0.0586281	0.00246054	0.0586271	0.00246054	1.15746	1.04857	0	
0.993102	0.993101	1.84506e-24	0.993102	3.70893e-17	0.993101	1.18204e-16	1.49119e-10	9.63086e-05	0.993102	0.993101	0.0132943	0.00245062	8.78516e-20	0.9931	2.27927e-13	1.42627e-19	0.00154934	0.993102	0.0329107	0.00154575	0.993101	1.37813e-20	0.0594808	0.00246049	0.0594797	0.00246049	1.1557	1.0513	0	
0.993102	0.993101	1.38059e-24	0.993102	2.77526e-17	0.993101	8.8448e-17	1.4947e-10	9.60422e-05	0.993102	0.993101	0.0161688	0.00245067	6.57362e-20	0.9931	2.27289e-13	1.07806e-19	0.00135342	0.993102	0.0295282	0.00135035	0.993101	1.37813e-20	0.0596116	0.00246044	0.0596106	0.00246044	1.15278	1.04807	0	
0.993102	0.993101	1.03304e-24	0.993102	2.07662e-17	0.993101	6.61825e-17	1.47581e-10	9.72867e-05	0.993102	0.993101	0.0175836	0.00245071	4.9188e-20	0.993101	2.30229e-13	8.1823e-20	0.00121972	0.993102	0.0270261	0.00121703	0.993101	1.37813e-20	0.0589004	0.0024604	0.0588994	0.0024604	1.15155	1.05072	0	
0.993102	0.993102	7.7299e-25	0.993102	1.55386e-17	0.993101	4.95219e-17	1.45299e-10	9.88511e-05	0.993102	0.993101	0.0192401	0.00245072	3.68056e-20	0.993101	2.33927e-13	6.2321e-20	0.00110903	0.993102	0.0247928	0.00110664	0.993101	1.37813e-20	0.058041	0.00246038	0.0580399	0.00246038	1.15309	1.05857	0	
0.993102	0.993102	5.784e-25	0.993102	1.1627e-17	0.993101	3.70555e-17	1.44687e-10	9.92277e-05	0.993102	0.993101	0.0226508	0.00245071	2.75403e-20	0.993101	2.34815e-13	4.75692e-20	0.000997697	0.993102	0.0225889	0.000995575	0.993101	1.37813e-20	0.0578125	0.00246039	0.0578115	0.00246039	1.15245	1.05836	0	
0.993102	0.993102	4.32796e-25	0.993102	8.70004e-18	0.993101	2.77273e-17	1.43769e-10	9.98366e-05	0.993102	0.993101	0.0251354	0.0024507	2.06074e-20	0.993101	2.36254e-13	3.65349e-20	0.000915106	0.993102	0.0209057	0.000913184	0.993101	1.37813e-20	0.0574683	0.0024604	0.0574673	0.0024604	1.15025	1.06189	0	
0.993102	0.993102	3.23845e-25	0.993102	6.50993e-18	0.993101	2.07473e-17	1.41558e-10	0.000101441	0.993102	0.993101	0.0281879	0.00245068	1.54198e-20	0.993102	2.40048e-13	2.82143e-20	0.000841843	0.993102	0.0192197	0.000840091	0.993101	1.37813e-20	0.0566339	0.00246042	0.0566329	0.00246042	1.15101	1.0668	0	
0.993102	0.993102	2.42322e-25	0.993102	4.87114e-18	0.993101	1.55245e-17	1.40417e-10	0.000102242	0.993102	0.993101	0.0324169	0.00245065	1.1538e-20	0.993102	2.41944e-13	2.19063e-20	0.00077234	0.993102	0.0176763	0.000770742	0.993101	1.37813e-20	0.0562055	0.00246045	0.0562045	0.00246045	1.15103	1.07034	0	
0.993102	0.993102	1.81321e-25	0.993102	3.6449e-18	0.993101	1.16164e-17	1.3958e-10	0.000102829	0.993102	0.993101	0.0372188	0.00245062	8.63349e-21	0.993102	2.43332e-13	1.71318e-20	0.000710589	0.993102	0.0163	0.000709122	0.993101	1.37813e-20	0.0558915	0.00246048	0.0558905	0.00246048	1.1533	1.07731	0	
0.993102	0.993102	1.35676e-25	0.993102	2.72734e-18	0.993101	8.69213e-18	1.40554e-10	0.000102102	0.993102	0.993101	0.0446976	0.00245059	6.46013e-21	0.993102	2.41611e-13	1.3463e-20	0.000647136	0.993102	0.0149974	0.000645801	0.993101	1.37813e-20	0.0562614	0.00246051	0.0562604	0.00246051	1.15562	1.08594	0	
0.993102	0.993102	1.01521e-25	0.993102	2.04077e-18	0.993101	6.50401e-18	1.43001e-10	0.000100416	0.993102	0.993101	0.0565928	0.00245057	4.83388e-21	0.993102	2.3762e-13	1.06157e-20	0.00058137	0.993102	0.0136943	0.000580173	0.993101	1.37813e-20	0.057183	0.00246053	0.057182	0.00246053	1.15217	1.08443	0	
0.993102	0.993102	7.59645e-26	0.993102	1.52704e-18	0.993101	4.86672e-18	1.42309e-10	0.00010087	0.993102	0.993101	0.0642583	0.00245058	3.61702e-21	0.993102	2.38693e-13	8.50171e-21	0.00053512	0.993102	0.0126259	0.000534024	0.993101	1.37813e-20	0.056923	0.00246052	0.056922	0.00246052	1.1506	1.08574	0	
0.993102	0.993102	5.68415e-26	0.993102	1.14262e-18	0.993101	3.64159e-18	1.40702e-10	0.000102029	0.993102	0.993101	0.0710583	0.00245058	2.70648e-21	0.993102	2.41435e-13	6.90555e-21	0.000497943	0.993102	0.0116949	0.000496926	0.993101	1.37813e-20	0.0563163	0.00246052	0.0563153	0.00246052	1.14589	1.08456	0	
0.993102	0.993102	4.25325e-26	0.993102	8.54985e-19	0.993101	2.72488e-18	1.3642e-10	0.000105521	0.993102	0.993101	0.0751829	0.00245057	2.02516e-21	0.993102	2.497e-13	5.72418e-21	0.000472453	0.993102	0.010846	0.000471488	0.993101	1.37813e-20	0.05469	0.00246053	0.054689	0.00246053	1.14225	1.08228	0	
0.993102	0.993102	3.18255e-26	0.993102	6.39754e-19	0.993101	2.03894e-18	1.31031e-10	0.000110336	0.993102	0.993101	0.076508	0.00245051	1.51535e-21	0.993102	2.61096e-13	4.8662e-21	0.000458053	0.993102	0.0101552	0.000457111	0.993101	1.37813e-20	0.052635	0.00246058	0.0526341	0.00246058	1.14227	1.08568	0	
0.993102	0.993102	2.38139e-26	0.993102	4.78704e-19	0.993101	1.52567e-18	1.27011e-10	0.000113925	0.993102	0.993101	0.0801858	0.00245042	1.13388e-21	0.993102	2.6959e-13	4.18584e-21	0.000440422	0.993102	0.00950601	0.000439502	0.993101	1.37813e-20	0.0511046	0.00246068	0.0511037	0.00246068	1.13729	1.08039	0	
0.993102	0.993102	1.78191e-26	0.993102	3.58197e-19	0.993101	1.14162e-18	1.21258e-10	0.000119895	0.993102	0.993101	0.0788935	0.0024503	8.48444e-22	0.993102	2.83717e-13	3.73759e-21	0.000438149	0.993102	0.00903216	0.000437214	0.993101	1.37813e-20	0.0488973	0.0024608	0.0488964	0.0024608	1.13744	1.08414	0	
0.993102	0.993102	1.33334e-26	0.993102	2.68026e-19	0.993101	8.5424e-19	1.17029e-10	0.000124261	0.993102	0.993101	0.0807258	0.00245014	6.3486e-22	0.993102	2.9405e-13	3.35839e-21	0.000428624	0.993102	0.00854498	0.000427683	0.993101	1.37813e-20	0.0472779	0.00246097	0.047277	0.00246097	1.13296	1.0833	0	
0.993102	0.993102	9.97693e-27	0.993102	2.00554e-19	0.993101	6.39209e-19	1.11612e-10	0.000130765	0.993102	0.993101	0.0814474	0.00244996	4.75043e-22	0.993102	3.09443e-13	3.08412e-21	0.000423211	0.993102	0.0080557	0.000422252	0.993101	1.37813e-20	0.0451877	0.00246114	0.0451869	0.00246114	1.13598	1.08953	0	
0.993102	0.993102	7.4654e-27	0.993102	1.50067e-19	0.993101	4.78309e-19	1.09056e-10	0.000133417	0.993102	0.993101	0.087318	0.00244975	3.55457e-22	0.993102	3.1572e-13	2.812e-21	0.000407187	0.993102	0.007587	0.000406233	0.993101	1.37813e-20	0.0442119	0.00246135	0.0442111	0.00246135	1.13783	1.09275	0	
0.993102	0.993102	5.58611e-27	0.993102	1.1229e-19	0.993101	3.57911e-19	1.08104e-10	0.000134111	0.993102	0.993101	0.0949065	0.00244956	2.65976e-22	0.993102	3.17363e-13	2.57697e-21	0.000389568	0.993102	0.00719444	0.000388629	0.993101	1.37813e-20	0.0438574	0.00246154	0.0438566	0.00246154	1.13383	1.08779	0	
0.993102	0.993102	4.17991e-27	0.993102	8.40224e-20	0.993101	2.67825e-19	1.05357e-10	0.000137483	0.993102	0.993101	0.0957974	0.00244941	1.9902e-22	0.993102	3.25342e-13	2.45035e-21	0.000385224	0.993102	0.00692983	0.00038427	0.993101	1.37813e-20	0.0427978	0.0024617	0.042797	0.0024617	1.13055	1.0906	0	
0.993102	0.993102	3.12771e-27	0.993102	6.28709e-20	0.993101	2.00417e-19	1.01746e-10	0.000142524	0.993102	0.993101	0.099092	0.00244925	1.48919e-22	0.993102	3.37274e-13	2.32707e-21	0.000376865	0.993102	0.00655542	0.000375908	0.993101	1.37813e-20	0.0413958	0.00246185	0.041395	0.00246185	1.13004	1.09245	0	
0.993102	0.993102	2.34039e-27	0.993102	4.7044e-20	0.993101	1.4998e-19	9.88125e-11	0.000146702	0.993102	0.993101	0.103414	0.00244908	1.11431e-22	0.993102	3.47163e-13	2.21697e-21	0.000367423	0.993102	0.00621263	0.000366463	0.993101	1.37813e-20	0.040257	0.00246203	0.0402563	0.00246203	1.12209	1.08596	0	
0.993102	0.993102	1.75127e-27	0.993102	3.52013e-20	0.993101	1.12244e-19	9.32821e-11	0.000156734	0.993102	0.993101	0.100587	0.00244889	8.33797e-23	0.993102	3.70906e-13	2.20044e-21	0.000372195	0.993102	0.00591843	0.000371193	0.993101	1.37813e-20	0.0380847	0.00246221	0.038084	0.00246221	1.12206	1.08775	0	
0.993102	0.993102	1.31046e-27	0.993102	2.63399e-20	0.993101	8.40081e-20	8.91341e-11	0.000164264	0.993102	0.993101	0.100025	0.00244863	6.239e-23	0.993102	3.88729e-13	2.1691e-21	0.000372399	0.993102	0.00565343	0.000371354	0.993101	1.37813e-20	0.0364584	0.00246248	0.0364577	0.00246248	1.1204	1.08802	0	
0.993102	0.993102	9.80621e-28	0.993102	1.97092e-20	0.993101	6.28814e-20	8.53997e-11	0.000171482	0.993102	0.993101	0.099857	0.00244834	4.66841e-23	0.993102	4.05814e-13	2.1428e-21	0.000372067	0.993102	0.00540894	0.00037098	0.993101	1.37813e-20	0.0349921	0.00246277	0.0349915	0.00246277	1.12165	1.09092	0	
0.993102	0.993102	7.33811e-28	0.993102	1.47476e-20	0.993101	4.70721e-20	8.30766e-11	0.00017569	0.993102	0.993101	0.102472	0.00244804	3.4932e-23	0.993102	4.15773e-13	2.09385e-21	0.000366585	0.993102	0.00518781	0.00036547	0.993101	1.37813e-20	0.0340853	0.00246307	0.0340847	0.00246307	1.11936	1.09015	0	
0.993102	0.993102	5.49136e-28	0.993102	1.10351e-20	0.993101	3.52445e-20	8.04807e-11	0.000181056	0.993102	0.993101	0.103682	0.00244776	2.61384e-23	0.993102	4.28474e-13	2.06483e-21	0.000363865	0.993102	0.00498839	0.000362716	0.993101	1.37813e-20	0.0330653	0.00246335	0.0330647	0.00246335	1.1102	1.08351	0	
0.993102	0.993102	4.10975e-28	0.993102	8.25718e-21	0.993101	2.64041e-20	7.54737e-11	0.000195033	0.993102	0.993101	0.0988284	0.00244748	1.95584e-23	0.993102	4.6156e-13	2.11384e-21	0.000374564	0.993102	0.0047851	0.000373335	0.993101	1.37813e-20	0.0310705	0.00246363	0.0310699	0.00246363	1.10366	1.07824	0	
0.993102	0.993102	3.07616e-28	0.993102	6.17855e-21	0.993101	1.97987e-20	6.98545e-11	0.000213824	0.993102	0.993101	0.091449	0.00244711	1.46348e-23	0.993102	5.06042e-13	2.21375e-21	0.000394003	0.993102	0.00460654	0.00039264	0.993101	1.37813e-20	0.0288212	0.00246401	0.0288206	0.00246401	1.10689	1.08426	0	
0.993102	0.993102	2.30264e-28	0.993102	4.62318e-21	0.993101	1.48511e-20	6.65433e-11	0.000223637	0.993102	0.993101	0.0902895	0.00244659	1.09507e-23	0.993102	5.29269e-13	2.21684e-21	0.00039573	0.993102	0.00441753	0.000394281	0.993101	1.37813e-20	0.0275057	0.00246453	0.0275052	0.00246453	1.11161	1.08855	0	
0.993102	0.993102	1.7237e-28	0.993102	3.45936e-21	0.993101	1.11427e-20	6.54811e-11	0.000225239	0.993102	0.993101	0.0931109	0.00244609	8.19402e-24	0.993102	5.33062e-13	2.17301e-21	0.000388754	0.993102	0.00428447	0.000387256	0.993101	1.37813e-20	0.0270975	0.00246504	0.027097	0.00246504	1.11417	1.09146	0	
0.993102	0.993102	1.29043e-28	0.993102	2.58851e-21	0.993101	8.36492e-21	6.55101e-11	0.000223551	0.993102	0.993101	0.0980177	0.00244569	6.13129e-24	0.993102	5.29063e-13	2.11116e-21	0.000378308	0.993102	0.00417813	0.000376794	0.993101	1.37813e-20	0.0271253	0.00246544	0.0271248	0.00246544	1.10913	1.08805	0	
0.993102	0.993102	9.66374e-29	0.993102	1.93689e-21	0.993101	6.29249e-21	6.39461e-11	0.000228129	0.993102	0.993101	0.0984394	0.00244542	4.58782e-24	0.993102	5.39901e-13	2.09909e-21	0.000376646	0.993102	0.00406729	0.000375096	0.993101	1.37813e-20	0.0265043	0.00246572	0.0265038	0.00246572	1.10794	1.08791	0	
0.993102	0.993102	7.23933e-29	0.993102	1.4493e-21	0.993101	4.74338e-21	6.24261e-11	0.000233014	0.993102	0.993101	0.0986309	0.00244515	3.4329e-24	0.993102	5.51465e-13	2.09154e-21	0.000375686	0.993102	0.00396499	0.000374099	0.993101	1.37813e-20	0.0258989	0.00246598	0.0258984	0.00246598	1.10299	1.08423	0	
0.993102	0.993102	5.42705e-29	0.993102	1.08446e-21	0.993101	3.59188e-21	5.99144e-11	0.000243155	0.993102	0.993101	0.0956609	0.0024449	2.56871e-24	0.993102	5.75471e-13	2.12563e-21	0.000382147	0.993102	0.00386534	0.00038049	0.993101	1.37813e-20	0.0248875	0.00246624	0.024887	0.00246624	1.10284	1.08553	0	
0.993102	0.993102	4.07104e-29	0.993102	8.11463e-22	0.993101	2.7305e-21	5.79968e-11	0.000250942	0.993102	0.993101	0.0945041	0.00244458	1.92207e-24	0.993102	5.93904e-13	2.1368e-21	0.000384436	0.993102	0.00376533	0.000382719	0.993101	1.37813e-20	0.0241173	0.00246656	0.0241169	0.00246656	1.11524	1.09918	0	
0.993102	0.993102	3.05242e-29	0.993102	6.07188e-22	0.993101	2.06922e-21	6.02646e-11	0.000241626	0.993102	0.993101	0.107831	0.00244425	1.43822e-24	0.993102	5.71851e-13	2.01462e-21	0.000362646	0.993102	0.00366884	0.000360986	0.993101	1.37813e-20	0.0250454	0.00246689	0.0250449	0.00246689	1.11824	1.10249	0	
0.993102	0.993102	2.28951e-29	0.993102	4.54337e-22	0.993101	1.57146e-21	6.30046e-11	0.000231519	0.993102	0.993101	0.122164	0.00244411	1.07617e-24	0.993102	5.47927e-13	1.89662e-21	0.000341521	0.993102	0.00359149	0.000339941	0.993101	1.37813e-20	0.0261571	0.00246703	0.0261566	0.00246703	1.11596	1.1006	0	
0.993102	0.993102	1.71919e-29	0.993102	3.39964e-22	0.993101	1.20121e-21	6.4257e-11	0.000226321	0.993102	0.993101	0.130335	0.00244414	8.05256e-25	0.993102	5.35622e-13	1.82326e-21	0.000328378	0.993102	0.00352698	0.000326859	0.993101	1.37813e-20	0.0266651	0.00246701	0.0266647	0.00246701	1.1132	1.09859	0	
0.993102	0.993102	1.29313e-29	0.993102	2.54382e-22	0.993101	9.27139e-22	6.42746e-11	0.000225445	0.993102	0.993101	0.133866	0.00244422	6.02544e-25	0.993102	5.33548e-13	1.78499e-21	0.000321521	0.993102	0.00346631	0.000320042	0.993101	1.37813e-20	0.0266731	0.00246692	0.0266726	0.00246692	1.11177	1.09799	0	
0.993102	0.993102	9.74729e-30	0.993102	1.90345e-22	0.993101	7.2372e-22	6.38328e-11	0.000226411	0.993102	0.993101	0.135768	0.00244429	4.50862e-25	0.993102	5.35833e-13	1.76143e-21	0.000317303	0.993102	0.00340742	0.000315851	0.993101	1.37813e-20	0.0264949	0.00246685	0.0264944	0.00246685	1.11367	1.10112	0	
0.993102	0.993102	7.35958e-30	0.993102	1.42428e-22	0.993101	5.69317e-22	6.4111e-11	0.000224985	0.993102	0.993101	0.141189	0.00244433	3.37363e-25	0.993102	5.32457e-13	1.71796e-21	0.000309495	0.993102	0.00334361	0.000308083	0.993101	1.37813e-20	0.0266078	0.00246681	0.0266073	0.00246681	1.11748	1.10547	0	
0.993102	0.993102	5.56362e-30	0.993102	1.06574e-22	0.993101	4.49859e-22	6.56125e-11	0.000219844	0.993102	0.993101	0.151396	0.00244438	2.52437e-25	0.993102	5.20289e-13	1.65209e-21	0.000297642	0.993102	0.00328727	0.000296289	0.993101	1.37813e-20	0.0272129	0.00246676	0.0272124	0.00246676	1.11203	1.10059	0	
0.993102	0.993102	4.23355e-30	0.993102	7.97454e-23	0.993101	3.66279e-22	6.49167e-11	0.000221918	0.993102	0.993101	0.152177	0.00244448	1.88889e-25	0.993102	5.25197e-13	1.64039e-21	0.000295528	0.993102	0.00323635	0.000294196	0.993101	1.37813e-20	0.0269309	0.00246666	0.0269304	0.00246666	1.1109	1.10049	0	
0.993102	0.993102	3.24158e-30	0.993102	5.96706e-23	0.993101	3.05111e-22	6.40422e-11	0.000224783	0.993102	0.993101	0.15263	0.00244453	1.41339e-25	0.993102	5.3198e-13	1.63245e-21	0.000294101	0.993102	0.00318248	0.000292781	0.993101	1.37813e-20	0.0265772	0.00246661	0.0265768	0.00246661	1.10737	1.09782	0	
0.993102	0.993102	2.5105e-30	0.993102	4.46493e-23	0.993101	2.64044e-22	6.23339e-11	0.00023122	0.993102	0.993101	0.149596	0.00244453	1.05759e-25	0.993102	5.47218e-13	1.64878e-21	0.000297051	0.993102	0.00312933	0.000295718	0.993101	1.37813e-20	0.025886	0.00246661	0.0258855	0.00246661	1.11135	1.10222	0	
0.993102	0.993102	1.95097e-30	0.993102	3.34094e-23	0.993101	2.28055e-22	6.22488e-11	0.00023122	0.993102	0.993101	0.153025	0.00244445	7.91357e-26	0.993102	5.47216e-13	1.625e-21	0.000292793	0.993102	0.00308328	0.00029147	0.993101	1.37813e-20	0.0258541	0.00246669	0.0258536	0.00246669	1.11637	1.10745	0	
0.993102	0.993102	1.51911e-30	0.993102	2.49991e-23	0.993101	1.9558e-22	6.38336e-11	0.00022566	0.993102	0.993101	0.163299	0.00244439	5.92144e-26	0.993102	5.34055e-13	1.56829e-21	0.000282595	0.993102	0.00304561	0.000281312	0.993101	1.37813e-20	0.0264956	0.00246675	0.0264951	0.00246675	1.11251	1.10361	0	
0.993102	0.993102	1.20588e-30	0.993102	1.87059e-23	0.993101	1.75452e-22	6.37359e-11	0.00022573	0.993102	0.993101	0.165222	0.00244442	4.4308e-26	0.993102	5.3422e-13	1.55401e-21	0.000280022	0.993102	0.0030171	0.000278753	0.993101	1.37813e-20	0.0264564	0.00246672	0.0264559	0.00246672	1.11253	1.1037	0	
0.993102	0.993102	9.71431e-31	0.993102	1.39969e-23	0.993101	1.60364e-22	6.36702e-11	0.000225756	0.993102	0.993101	0.166788	0.00244444	3.31542e-26	0.993102	5.34281e-13	1.54265e-21	0.000277974	0.993102	0.0029948	0.000276717	0.993101	1.37813e-20	0.0264301	0.0024667	0.0264296	0.0024667	1.10911	1.10097	0	
0.993102	0.993102	8.06131e-31	0.993102	1.04734e-23	0.993101	1.53336e-22	6.25651e-11	0.000229797	0.993102	0.993101	0.164205	0.00244445	2.48081e-26	0.993102	5.43847e-13	1.55543e-21	0.000280276	0.993102	0.002968	0.00027901	0.993101	1.37813e-20	0.0259829	0.00246669	0.0259824	0.00246669	1.10826	1.10073	0	
0.993102	0.993102	6.85183e-31	0.993102	7.83686e-24	0.993101	1.49226e-22	6.14867e-11	0.000233863	0.993102	0.993101	0.16195	0.00244441	1.85631e-26	0.993102	5.53474e-13	1.56698e-21	0.000282368	0.993102	0.00293926	0.000281087	0.993101	1.37813e-20	0.0255472	0.00246673	0.0255467	0.00246673	1.10534	1.09835	0	
0.993102	0.993102	6.04838e-31	0.993102	5.86404e-24	0.993101	1.50421e-22	5.98475e-11	0.000240629	0.993102	0.993101	0.157238	0.00244433	1.38902e-26	0.993102	5.69489e-13	1.59522e-21	0.000287478	0.993102	0.00290999	0.000286164	0.993101	1.37813e-20	0.0248838	0.00246681	0.0248833	0.00246681	1.1087	1.10226	0	
0.993102	0.993102	5.33145e-31	0.993102	4.38785e-24	0.993101	1.46442e-22	5.95817e-11	0.000241431	0.993102	0.993101	0.158812	0.00244419	1.03936e-26	0.993102	5.71389e-13	1.58461e-21	0.000285599	0.993102	0.00288036	0.000284278	0.993101	1.37813e-20	0.0247796	0.00246696	0.0247791	0.00246696	1.10316	1.09701	0	
0.993102	0.993102	4.9946e-31	0.993102	3.28327e-24	0.993101	1.51859e-22	5.78323e-11	0.000249213	0.993102	0.993101	0.153279	0.00244407	7.77725e-27	0.993102	5.8981e-13	1.61988e-21	0.000291984	0.993102	0.0028541	0.000290619	0.993101	1.37813e-20	0.0240707	0.00246707	0.0240702	0.00246707	1.09907	1.09307	0	
0.993102	0.993102	4.92156e-31	0.993102	2.45675e-24	0.993101	1.63434e-22	5.54809e-11	0.000260888	0.993102	0.993101	0.144721	0.00244389	5.81955e-27	0.993102	6.17449e-13	1.68192e-21	0.000303215	0.993102	0.00283236	0.000301772	0.993101	1.37813e-20	0.0231157	0.00246726	0.0231152	0.00246726	1.09862	1.09299	0	
0.993102	0.993102	4.88806e-31	0.993102	1.8383e-24	0.993101	1.72972e-22	5.36139e-11	0.000270285	0.993102	0.993101	0.138244	0.00244361	4.35468e-27	0.993102	6.39696e-13	1.72912e-21	0.000311796	0.993102	0.00281109	0.000310275	0.993101	1.37813e-20	0.0223593	0.00246754	0.0223589	0.00246754	1.09394	1.08884	0	
0.993102	0.993102	5.11116e-31	0.993102	1.37553e-24	0.993101	1.90533e-22	5.11357e-11	0.000284681	0.993102	0.993101	0.129297	0.00244328	3.25859e-27	0.993102	6.73778e-13	1.80516e-21	0.000325599	0.993102	0.00278791	0.000323963	0.993101	1.37813e-20	0.0213511	0.00246787	0.0213507	0.00246787	1.08767	1.0826	0	
0.993102	0.993102	5.69278e-31	0.993102	1.02926e-24	0.993101	2.21081e-22	4.79819e-11	0.00030647	0.993102	0.993101	0.117378	0.00244286	2.43847e-27	0.993102	7.25366e-13	1.92997e-21	0.000348239	0.993102	0.00277002	0.000346421	0.993101	1.37813e-20	0.0200629	0.00246829	0.0200626	0.00246829	1.08726	1.08239	0	
0.993102	0.993102	6.15914e-31	0.993102	7.70157e-25	0.993101	2.45213e-22	4.5542e-11	0.00032355	0.993102	0.993101	0.108319	0.00244228	1.82481e-27	0.993102	7.65805e-13	2.02576e-21	0.000365704	0.993102	0.00275382	0.000363702	0.993101	1.37813e-20	0.0190694	0.00246888	0.0190691	0.00246888	1.10032	1.0954	0	
0.993102	0.993102	5.73503e-31	0.993102	5.76281e-25	0.993101	2.30782e-22	4.65944e-11	0.00031467	0.993102	0.993101	0.11372	0.00244164	1.36555e-27	0.993102	7.4478e-13	1.9642e-21	0.000354754	0.993102	0.00274246	0.000352733	0.993101	1.37813e-20	0.0195155	0.00246953	0.0195152	0.00246953	1.09503	1.09024	0	
0.993102	0.993102	5.68295e-31	0.993102	4.3121e-25	0.993101	2.31133e-22	4.61259e-11	0.000316117	0.993102	0.993101	0.112323	0.00244126	1.02193e-27	0.993102	7.48204e-13	1.96689e-21	0.000355344	0.993102	0.00273224	0.000353268	0.993101	1.37813e-20	0.0193312	0.00246991	0.0193309	0.00246991	1.09555	1.09102	0	
0.993102	0.993102	5.61551e-31	0.993102	3.22659e-25	0.993101	2.30197e-22	4.58924e-11	0.00031637	0.993102	0.993101	0.112041	0.00244097	7.64811e-28	0.993102	7.48803e-13	1.96124e-21	0.000354406	0.993102	0.00272109	0.000352295	0.993101	1.37813e-20	0.0192418	0.00247021	0.0192414	0.00247021	1.08307	1.07858	0	
0.993102	0.993102	6.44744e-31	0.993102	2.41434e-25	0.993101	2.66555e-22	4.32046e-11	0.000339181	0.993102	0.993101	0.101639	0.00244074	5.72505e-28	0.993102	8.02814e-13	2.09528e-21	0.000378696	0.993102	0.00271221	0.000376401	0.993101	1.37813e-20	0.0181356	0.00247044	0.0181352	0.00247044	1.07817	1.07393	0	
0.993102	0.993102	7.55613e-31	0.993102	1.80657e-25	0.993101	3.14127e-22	4.03659e-11	0.000366792	0.993102	0.993101	0.091026	0.00244029	4.28658e-28	0.993102	8.68196e-13	2.2568e-21	0.00040805	0.993102	0.00270224	0.00040549	0.993101	1.37813e-20	0.0169667	0.00247089	0.0169664	0.00247089	1.08665	1.08272	0	
0.993102	0.993102	7.60021e-31	0.993102	1.35179e-25	0.993101	3.16704e-22	3.97266e-11	0.00036984	0.993102	0.993101	0.0888956	0.00243962	3.20943e-28	0.993102	8.7541e-13	2.2665e-21	0.000410023	0.993102	0.0026905	0.000407342	0.993101	1.37813e-20	0.0167139	0.00247157	0.0167136	0.00247157	1.08261	1.07888	0	
0.993102	0.993102	7.97402e-31	0.993102	1.0115e-25	0.993101	3.32925e-22	3.85102e-11	0.000380132	0.993102	0.993101	0.0845588	0.00243908	2.40379e-28	0.993102	8.9978e-13	2.31987e-21	0.000419863	0.993102	0.0026791	0.000417024	0.993101	1.37813e-20	0.0162183	0.00247212	0.016218	0.00247212	1.06992	1.06618	0	
0.993102	0.993102	9.76704e-31	0.993102	7.5687e-26	0.993101	4.08517e-22	3.56302e-11	0.000417705	0.993102	0.993101	0.0744512	0.00243855	1.80247e-28	0.993102	9.88761e-13	2.54031e-21	0.000459974	0.993102	0.0026707	0.000456747	0.993101	1.37813e-20	0.0150259	0.00247266	0.0150256	0.00247266	1.07309	1.06961	0	
0.993102	0.993102	1.06561e-30	0.993102	5.66342e-26	0.993101	4.4599e-22	3.39212e-11	0.000437637	0.993102	0.993101	0.0684677	0.00243769	1.35207e-28	0.993102	1.03596e-12	2.65189e-21	0.000480525	0.993102	0.00266094	0.000476976	0.993101	1.37813e-20	0.0143251	0.00247353	0.0143249	0.00247353	1.07619	1.07286	0	
0.993102	0.993102	1.09312e-30	0.993102	4.23776e-26	0.993101	4.57631e-22	3.31064e-11	0.000445041	0.993102	0.993101	0.0656682	0.00243681	1.01466e-28	0.993102	1.05349e-12	2.68816e-21	0.000487438	0.993102	0.00265166	0.000483668	0.993101	1.37813e-20	0.0139977	0.00247443	0.0139974	0.00247443	1.08385	1.08079	0	
0.993102	0.993102	1.03561e-30	0.993102	3.17098e-26	0.993101	4.33605e-22	3.37766e-11	0.000433876	0.993102	0.993101	0.0685496	0.00243605	7.61411e-29	0.993102	1.02705e-12	2.61207e-21	0.000473895	0.993102	0.00264125	0.000470107	0.993101	1.37813e-20	0.0142887	0.00247519	0.0142885	0.00247519	1.08515	1.08228	0	
0.993102	0.993102	9.81566e-31	0.993102	2.37275e-26	0.993101	4.11039e-22	3.45147e-11	0.00042294	0.993102	0.993101	0.0717898	0.00243563	5.71803e-29	0.993102	1.00115e-12	2.53753e-21	0.000460515	0.993102	0.00263095	0.000456766	0.993101	1.37813e-20	0.0146035	0.00247563	0.0146032	0.00247563	1.09265	1.08997	0	
0.993102	0.993102	8.8753e-31	0.993102	1.77546e-26	0.993101	3.71709e-22	3.65637e-11	0.000401061	0.993102	0.993101	0.0807931	0.00243544	4.2939e-29	0.993102	9.49342e-13	2.39857e-21	0.000435357	0.993102	0.00262076	0.000431788	0.993101	1.37813e-20	0.0154591	0.00247582	0.0154589	0.00247582	1.08578	1.08329	0	
0.993102	0.993102	8.65643e-31	0.993102	1.32853e-26	0.993101	3.62633e-22	3.67169e-11	0.000397161	0.993102	0.993101	0.0817013	0.00243557	3.23312e-29	0.993102	9.40104e-13	2.36607e-21	0.000429418	0.993102	0.00261061	0.00042592	0.993101	1.37813e-20	0.0155227	0.00247568	0.0155225	0.00247568	1.07839	1.07591	0	
0.993102	0.993102	9.18508e-31	0.993102	9.9412e-27	0.993101	3.84881e-22	3.55469e-11	0.000409681	0.993102	0.993101	0.0773019	0.00243571	2.4463e-29	0.993102	9.6975e-13	2.43256e-21	0.000441422	0.993102	0.0026029	0.000437854	0.993101	1.37813e-20	0.0150343	0.00247554	0.015034	0.00247554	1.0859	1.08365	0	
0.993102	0.993102	8.87858e-31	0.993102	7.43884e-27	0.993101	3.72069e-22	3.59785e-11	0.000403378	0.993102	0.993101	0.0793799	0.00243567	1.85053e-29	0.993102	9.54823e-13	2.38737e-21	0.000433242	0.993102	0.0025941	0.000429733	0.993101	1.37813e-20	0.0152155	0.00247558	0.0152152	0.00247558	1.08856	1.08634	0	
0.993102	0.993102	8.44678e-31	0.993102	5.5664e-27	0.993101	3.54006e-22	3.6814e-11	0.000393647	0.993102	0.993101	0.0831385	0.00243571	1.40272e-29	0.993102	9.31779e-13	2.32392e-21	0.000421719	0.993102	0.00258721	0.00041831	0.993101	1.37813e-20	0.0155632	0.00247554	0.0155629	0.00247554	1.08603	1.08385	0	
0.993102	0.993102	8.31564e-31	0.993102	4.16534e-27	0.993101	3.48554e-22	3.69513e-11	0.000391127	0.993102	0.993101	0.0838914	0.00243586	1.06956e-29	0.993102	9.25811e-13	2.30384e-21	0.000418025	0.993102	0.00258149	0.000414671	0.993101	1.37813e-20	0.0156191	0.00247539	0.0156188	0.00247539	1.07663	1.07437	0	
0.993102	0.993102	9.12766e-31	0.993102	3.11706e-27	0.993101	3.82645e-22	3.54429e-11	0.000409196	0.993102	0.993101	0.0780263	0.00243601	8.29362e-30	0.993102	9.686e-13	2.40679e-21	0.000436639	0.993102	0.00257835	0.000433165	0.993101	1.37813e-20	0.0149888	0.00247524	0.0149885	0.00247524	1.07271	1.07047	0	
0.993102	0.993102	1.02284e-30	0.993102	2.33273e-27	0.993101	4.28783e-22	3.37267e-11	0.000432213	0.993102	0.993101	0.0715619	0.00243589	6.54565e-30	0.993102	1.02311e-12	2.53916e-21	0.000460693	0.993102	0.00257569	0.000457002	0.993101	1.37813e-20	0.0142735	0.00247535	0.0142732	0.00247535	1.08115	1.07913	0	
0.993102	0.993102	1.00788e-30	0.993102	1.74574e-27	0.993101	4.2246e-22	3.37667e-11	0.00042988	0.993102	0.993101	0.0717992	0.00243553	5.14039e-30	0.993102	1.01758e-12	2.52077e-21	0.000457493	0.993102	0.00257077	0.000453761	0.993101	1.37813e-20	0.0142954	0.00247573	0.0142951	0.00247573	1.0802	1.07824	0	
0.993102	0.993102	1.00602e-30	0.993102	1.30653e-27	0.993101	4.21647e-22	3.3637e-11	0.000430164	0.993102	0.993101	0.0713806	0.00243528	4.09822e-30	0.993102	1.01825e-12	2.51819e-21	0.000457118	0.993102	0.00256642	0.000453343	0.993101	1.37813e-20	0.0142447	0.00247598	0.0142445	0.00247598	1.07984	1.07821	0	
0.993102	0.993102	1.00827e-30	0.993102	9.77891e-28	0.993101	4.22564e-22	3.34801e-11	0.000431158	0.993102	0.993101	0.0710493	0.00243509	3.32204e-30	0.993102	1.02061e-12	2.51661e-21	0.000456903	0.993102	0.00255893	0.000453094	0.993101	1.37813e-20	0.0141819	0.00247617	0.0141816	0.00247617	1.07389	1.0723	0	
0.993102	0.993102	1.07867e-30	0.993102	7.3205e-28	0.993101	4.52039e-22	3.24297e-11	0.000445715	0.993102	0.993101	0.0672965	0.00243494	2.80997e-30	0.993102	1.05508e-12	2.59482e-21	0.000471159	0.993102	0.00255281	0.0004672	0.993101	1.37813e-20	0.0137444	0.00247632	0.0137441	0.00247632	1.08189	1.08045	0	
0.993102	0.993102	1.04255e-30	0.993102	5.48006e-28	0.993101	4.36857e-22	3.29241e-11	0.000438412	0.993102	0.993101	0.0695271	0.00243465	2.338e-30	0.993102	1.03779e-12	2.54631e-21	0.000462459	0.993102	0.00254637	0.000458522	0.993101	1.37813e-20	0.0139548	0.00247662	0.0139545	0.00247662	1.0812	1.07979	0	
0.993102	0.993102	1.02208e-30	0.993102	4.10299e-28	0.993101	4.2826e-22	3.31758e-11	0.000434399	0.993102	0.993101	0.0707292	0.00243452	1.99141e-30	0.993102	1.02828e-12	2.51805e-21	0.000457376	0.993102	0.00254119	0.000453458	0.993101	1.37813e-20	0.0140618	0.00247675	0.0140615	0.00247675	1.08369	1.0823	0	
0.993102	0.993102	9.83868e-31	0.993102	3.07235e-28	0.993101	4.12244e-22	3.37992e-11	0.000426242	0.993102	0.993101	0.0734394	0.00243447	1.70918e-30	0.993102	1.00896e-12	2.46689e-21	0.000448105	0.993102	0.002537	0.000444258	0.993101	1.37813e-20	0.0143229	0.0024768	0.0143226	0.0024768	1.08801	1.08652	0	
0.993102	0.993102	9.20513e-31	0.993102	2.3008e-28	0.993101	3.85706e-22	3.50756e-11	0.000411766	0.993102	0.993101	0.0788736	0.00243454	1.46323e-30	0.993102	9.74685e-13	2.38142e-21	0.000432567	0.993102	0.00253509	0.000428863	0.993101	1.37813e-20	0.0148543	0.00247673	0.014854	0.00247673	1.08118	1.07956	0	
0.993102	0.993102	9.30997e-31	0.993102	1.72407e-28	0.993101	3.90138e-22	3.47816e-11	0.000414511	0.993102	0.993101	0.0775459	0.00243476	1.33708e-30	0.993102	9.81186e-13	2.39749e-21	0.000435403	0.993102	0.00253537	0.000431715	0.993101	1.37813e-20	0.0147293	0.0024765	0.014729	0.0024765	1.08778	1.08622	0	
0.993102	0.993102	8.82614e-31	0.993102	1.29195e-28	0.993101	3.6988e-22	3.57668e-11	0.000403406	0.993102	0.993101	0.0816758	0.0024349	1.18647e-30	0.993102	9.54888e-13	2.33274e-21	0.000423606	0.993102	0.00253487	0.00042004	0.993101	1.37813e-20	0.0151382	0.00247637	0.0151379	0.00247637	1.0912	1.08971	0	
0.993102	0.993102	8.2265e-31	0.993102	9.68367e-29	0.993101	3.44778e-22	3.7193e-11	0.000388939	0.993102	0.993101	0.0879147	0.00243513	1.05e-30	0.993102	9.2063e-13	2.24801e-21	0.000408155	0.993102	0.00253362	0.000404754	0.993101	1.37813e-20	0.0157284	0.00247613	0.0157281	0.00247613	1.08547	1.08398	0	
0.993102	0.993102	8.19613e-31	0.993102	7.26666e-29	0.993101	3.43557e-22	3.71299e-11	0.000388694	0.993102	0.993101	0.0875645	0.00243549	9.89726e-31	0.993102	9.2005e-13	2.24557e-21	0.000407591	0.993102	0.00253255	0.000404255	0.993101	1.37813e-20	0.0156982	0.00247577	0.0156979	0.00247577	1.09026	1.08883	0	
0.993102	0.993102	7.817e-31	0.993102	5.45448e-29	0.993101	3.27698e-22	3.80194e-11	0.000379576	0.993102	0.993101	0.0914762	0.00243576	9.08983e-31	0.993102	8.98459e-13	2.19171e-21	0.000397736	0.993102	0.00253117	0.000394521	0.993101	1.37813e-20	0.0160646	0.00247549	0.0160643	0.00247549	1.09036	1.08895	0	
0.993102	0.993102	7.52686e-31	0.993102	4.09842e-29	0.993101	3.15573e-22	3.87047e-11	0.000372583	0.993102	0.993101	0.094509	0.00243607	8.47921e-31	0.993102	8.81901e-13	2.15016e-21	0.000390101	0.993102	0.0025298	0.000386996	0.993101	1.37813e-20	0.0163454	0.00247518	0.0163451	0.00247518	1.09839	1.09709	0	
0.993102	0.993102	6.84888e-31	0.993102	3.07905e-29	0.993101	2.87177e-22	4.10042e-11	0.000354216	0.993102	0.993101	0.105412	0.00243639	7.56144e-31	0.993102	8.38412e-13	2.04238e-21	0.000370468	0.993102	0.00252733	0.000367562	0.993101	1.37813e-20	0.0172923	0.00247485	0.0172919	0.00247485	1.09839	1.09707	0	
0.993102	0.993102	6.34143e-31	0.993102	2.31628e-29	0.993101	2.65942e-22	4.27255e-11	0.000340468	0.993102	0.993101	0.113522	0.00243685	6.87457e-31	0.993102	8.0586e-13	1.96193e-21	0.000355756	0.993102	0.0025258	0.000353027	0.993101	1.37813e-20	0.0179974	0.00247438	0.0179971	0.00247438	1.10009	1.09878	0	
0.993102	0.993102	5.88193e-31	0.993102	1.74471e-29	0.993101	2.46717e-22	4.4429e-11	0.000327666	0.993102	0.993101	0.121663	0.00243737	6.28082e-31	0.993102	7.7555e-13	1.88717e-21	0.000342068	0.993102	0.0025245	0.000339512	0.993101	1.37813e-20	0.0186931	0.00247386	0.0186927	0.00247386	1.09497	1.09353	0	
0.993102	0.993102	5.79634e-31	0.993102	1.31964e-29	0.993101	2.43187e-22	4.44916e-11	0.000325942	0.993102	0.993101	0.121644	0.00243791	6.09476e-31	0.993102	7.71466e-13	1.87757e-21	0.000340169	0.993102	0.00252513	0.000337706	0.993101	1.37813e-20	0.0187124	0.00247331	0.0187121	0.00247331	1.09599	1.0945	0	
0.993102	0.993102	5.67647e-31	0.993102	1.00101e-29	0.993101	2.38203e-22	4.47705e-11	0.000323019	0.993102	0.993101	0.122677	0.00243834	5.89971e-31	0.993102	7.64546e-13	1.86151e-21	0.000337137	0.993102	0.00252635	0.000334758	0.993101	1.37813e-20	0.0188222	0.00247287	0.0188218	0.00247287	1.09689	1.09537	0	
0.993102	0.993102	5.53932e-31	0.993102	7.62104e-30	0.993101	2.32484e-22	4.51881e-11	0.000319419	0.993102	0.993101	0.124425	0.00243869	5.70632e-31	0.993102	7.5602e-13	1.8416e-21	0.00033343	0.993102	0.00252762	0.000331127	0.993101	1.37813e-20	0.0189898	0.00247251	0.0189894	0.00247251	1.10114	1.09964	0	
0.993102	0.993102	5.23472e-31	0.993102	5.81293e-30	0.993101	2.19727e-22	4.65376e-11	0.000310393	0.993102	0.993101	0.130885	0.002439	5.35964e-31	0.993102	7.34651e-13	1.78998e-21	0.000324007	0.993102	0.00252835	0.000321809	0.993101	1.37813e-20	0.0195404	0.0024722	0.01954	0.0024722	1.09755	1.09601	0	
0.993102	0.993102	5.1755e-31	0.993102	4.47703e-30	0.993101	2.17276e-22	4.66638e-11	0.000308963	0.993102	0.993101	0.13129	0.00243934	5.26892e-31	0.993102	7.31266e-13	1.78233e-21	0.000322526	0.993102	0.00252923	0.000320387	0.993101	1.37813e-20	0.0195879	0.00247185	0.0195875	0.00247185	1.09562	1.09417	0	
0.993102	0.993102	5.23225e-31	0.993102	3.48765e-30	0.993101	2.19688e-22	4.63097e-11	0.000310914	0.993102	0.993101	0.129521	0.00243962	5.30211e-31	0.993102	7.35883e-13	1.79321e-21	0.000324415	0.993102	0.00252873	0.000322302	0.993101	1.37813e-20	0.0194386	0.00247158	0.0194382	0.00247158	1.09404	1.09263	0	
0.993102	0.993102	5.36324e-31	0.993102	2.75631e-30	0.993101	2.25209e-22	4.5691e-11	0.000314926	0.993102	0.993101	0.126545	0.0024398	5.41546e-31	0.993102	7.45383e-13	1.81578e-21	0.000328443	0.993102	0.00252797	0.000326331	0.993101	1.37813e-20	0.0191815	0.00247139	0.0191811	0.00247139	1.09113	1.08975	0	
0.993102	0.993102	5.64024e-31	0.993102	2.22722e-30	0.993101	2.36852e-22	4.46032e-11	0.000322864	0.993102	0.993101	0.121442	0.00243988	5.67925e-31	0.993102	7.64177e-13	1.86079e-21	0.000336553	0.993102	0.00252699	0.000334403	0.993101	1.37813e-20	0.018732	0.0024713	0.0187317	0.0024713	1.0935	1.09221	0	
0.993102	0.993102	5.70003e-31	0.993102	1.81644e-30	0.993101	2.3936e-22	4.42959e-11	0.000324758	0.993102	0.993101	0.120076	0.00243985	5.72916e-31	0.993102	7.68662e-13	1.87036e-21	0.000338291	0.993102	0.00252518	0.000336126	0.993101	1.37813e-20	0.0186062	0.00247134	0.0186059	0.00247134	1.09259	1.09136	0	
0.993102	0.993102	5.79951e-31	0.993102	1.51462e-30	0.993101	2.43534e-22	4.38694e-11	0.0003277	0.993102	0.993101	0.118191	0.0024398	5.82125e-31	0.993102	7.75626e-13	1.8857e-21	0.000341077	0.993102	0.00252307	0.000338888	0.993101	1.37813e-20	0.0184314	0.00247139	0.018431	0.00247139	1.0948	1.09365	0	
0.993102	0.993102	5.74411e-31	0.993102	1.27564e-30	0.993101	2.41201e-22	4.4035e-11	0.00032624	0.993102	0.993101	0.119172	0.00243973	5.76032e-31	0.993102	7.72168e-13	1.87538e-21	0.000339231	0.993102	0.00252045	0.000337044	0.993101	1.37813e-20	0.018501	0.00247146	0.0185007	0.00247146	1.09293	1.09184	0	
0.993102	0.993102	5.81196e-31	0.993102	1.10789e-30	0.993101	2.44047e-22	4.37467e-11	0.00032824	0.993102	0.993101	0.118009	0.0024397	5.82404e-31	0.993102	7.76904e-13	1.88476e-21	0.000340936	0.993102	0.00251765	0.000338733	0.993101	1.37813e-20	0.0183828	0.00247149	0.0183824	0.00247149	1.08403	1.08298	0	
0.993102	0.993102	6.51009e-31	0.993102	1.04797e-30	0.993101	2.73355e-22	4.17704e-11	0.000346121	0.993102	0.993101	0.109252	0.00243965	6.51905e-31	0.993102	8.19243e-13	1.98517e-21	0.000359109	0.993102	0.00251511	0.00035678	0.993101	1.37813e-20	0.0175657	0.00247155	0.0175654	0.00247155	1.08778	1.08682	0	
0.993102	0.993102	6.73158e-31	0.993102	9.72783e-31	0.993101	2.82623e-22	4.0995e-11	0.000352244	0.993102	0.993101	0.105859	0.00243939	6.7382e-31	0.993102	8.3374e-13	2.0178e-21	0.000365091	0.993102	0.00251205	0.000362684	0.993101	1.37813e-20	0.017249	0.00247181	0.0172487	0.00247181	1.09468	1.09378	0	
0.993102	0.993102	6.44848e-31	0.993102	8.7105e-31	0.993101	2.70712e-22	4.18566e-11	0.000344805	0.993102	0.993101	0.110111	0.00243912	6.45338e-31	0.993102	8.16126e-13	1.97303e-21	0.000357064	0.993102	0.00250901	0.000354674	0.993101	1.37813e-20	0.0176095	0.00247208	0.0176091	0.00247208	1.09153	1.09063	0	
0.993102	0.993102	6.42606e-31	0.993102	8.14087e-31	0.993101	2.69759e-22	4.18191e-11	0.000344515	0.993102	0.993101	0.110034	0.00243901	6.42967e-31	0.993102	8.15441e-13	1.96963e-21	0.000356481	0.993102	0.00250675	0.000354079	0.993101	1.37813e-20	0.017596	0.00247219	0.0175957	0.00247219	1.10139	1.10055	0	
0.993102	0.993102	5.88774e-31	0.993102	7.18585e-31	0.993101	2.47155e-22	4.40784e-11	0.000328827	0.993102	0.993101	0.121332	0.00243893	5.8904e-31	0.993102	7.78297e-13	1.87835e-21	0.000339984	0.993102	0.0025043	0.000337685	0.993101	1.37813e-20	0.0185281	0.00247227	0.0185277	0.00247227	1.09923	1.09838	0	
0.993102	0.993102	5.58233e-31	0.993102	6.56924e-31	0.993101	2.34345e-22	4.52284e-11	0.000320223	0.993102	0.993101	0.127001	0.00243907	5.58427e-31	0.993102	7.57926e-13	1.82795e-21	0.000330832	0.993102	0.00250252	0.00032861	0.993101	1.37813e-20	0.0190003	0.00247213	0.019	0.00247213	1.09746	1.09664	0	
0.993102	0.993102	5.43995e-31	0.993102	6.1947e-31	0.993101	2.28386e-22	4.56638e-11	0.000316452	0.993102	0.993101	0.129127	0.00243927	5.44136e-31	0.993102	7.48996e-13	1.80521e-21	0.000326666	0.993102	0.0025009	0.000324499	0.993101	1.37813e-20	0.0191773	0.00247192	0.0191769	0.00247192	1.10063	1.09986	0	
0.993102	0.993102	5.18289e-31	0.993102	5.76181e-31	0.993101	2.17609e-22	4.67641e-11	0.000308906	0.993102	0.993101	0.134689	0.00243947	5.1839e-31	0.993102	7.31131e-13	1.76091e-21	0.000318602	0.993102	0.00249907	0.000316513	0.993101	1.37813e-20	0.019627	0.00247172	0.0196266	0.00247172	1.09911	1.09836	0	
0.993102	0.993102	5.06036e-31	0.993102	5.50825e-31	0.993101	2.12485e-22	4.72097e-11	0.000305489	0.993102	0.993101	0.136947	0.00243971	5.06108e-31	0.993102	7.2304e-13	1.74023e-21	0.0003148	0.993102	0.00249739	0.000312766	0.993101	1.37813e-20	0.019807	0.00247148	0.0198066	0.00247148	1.09915	1.09844	0	
0.993102	0.993102	4.96679e-31	0.993102	5.31643e-31	0.993101	2.08575e-22	4.7553e-11	0.000302872	0.993102	0.993101	0.13873	0.00243994	4.96727e-31	0.993102	7.16843e-13	1.72409e-21	0.000311825	0.993102	0.00249567	0.000309839	0.993101	1.37813e-20	0.019945	0.00247125	0.0199447	0.00247125	1.10105	1.1004	0	
0.993102	0.993102	4.81033e-31	0.993102	5.08529e-31	0.993101	2.02021e-22	4.82838e-11	0.000298143	0.993102	0.993101	0.142552	0.00244014	4.81066e-31	0.993102	7.05647e-13	1.69585e-21	0.000306669	0.993102	0.00249371	0.00030474	0.993101	1.37813e-20	0.0202422	0.00247105	0.0202418	0.00247105	1.09025	1.08959	0	
0.993102	0.993102	5.28421e-31	0.993102	5.51017e-31	0.993101	2.21948e-22	4.63634e-11	0.000311838	0.993102	0.993101	0.13326	0.00244034	5.28439e-31	0.993102	7.38072e-13	1.77256e-21	0.000320474	0.993102	0.0024923	0.000318489	0.993101	1.37813e-20	0.0194485	0.00247084	0.0194481	0.00247084	1.08484	1.08421	0	
0.993102	0.993102	6.04617e-31	0.993102	6.2415e-31	0.993101	2.53949e-22	4.38762e-11	0.00033223	0.993102	0.993101	0.121616	0.00244033	6.04622e-31	0.993102	7.86356e-13	1.88723e-21	0.000341202	0.993102	0.00249087	0.000339087	0.993101	1.37813e-20	0.0184221	0.00247085	0.0184217	0.00247085	1.08269	1.0821	0	
0.993102	0.993102	6.80448e-31	0.993102	6.98115e-31	0.993101	2.85759e-22	4.16281e-11	0.000351838	0.993102	0.993101	0.111288	0.00244007	6.80444e-31	0.993102	8.32785e-13	1.99723e-21	0.000361171	0.993102	0.00248928	0.000358888	0.993101	1.37813e-20	0.0174963	0.00247112	0.017496	0.00247112	1.09117	1.09065	0	
0.993102	0.993102	6.71548e-31	0.993102	6.87069e-31	0.993101	2.81975e-22	4.15733e-11	0.000350398	0.993102	0.993101	0.110935	0.00243964	6.71538e-31	0.993102	8.29373e-13	1.9876e-21	0.000359555	0.993102	0.00248735	0.00035722	0.993101	1.37813e-20	0.0174817	0.00247156	0.0174813	0.00247156	1.0897	1.0892	0	
0.993102	0.993102	6.74786e-31	0.993102	6.88831e-31	0.993101	2.833e-22	4.12285e-11	0.000351936	0.993102	0.993101	0.109274	0.00243933	6.74772e-31	0.993102	8.33013e-13	1.99491e-21	0.000360968	0.993102	0.00248554	0.000358579	0.993101	1.37813e-20	0.0173446	0.00247187	0.0173443	0.00247187	1.08469	1.08421	0	
0.993102	0.993102	7.15385e-31	0.993102	7.28879e-31	0.993101	3.0031e-22	4.00066e-11	0.000362529	0.993102	0.993101	0.1037	0.00243908	7.15367e-31	0.993102	8.58094e-13	2.05361e-21	0.000371666	0.993102	0.00248397	0.000369166	0.993101	1.37813e-20	0.0168426	0.00247212	0.0168423	0.00247212	1.086	1.08553	0	
0.993102	0.993102	7.35012e-31	0.993102	7.48026e-31	0.993101	3.08509e-22	3.93357e-11	0.000367889	0.993102	0.993101	0.100622	0.00243876	7.34991e-31	0.993102	8.70786e-13	2.08287e-21	0.000377058	0.993102	0.00248261	0.000374473	0.993101	1.37813e-20	0.0165696	0.00247244	0.0165693	0.00247244	1.08691	1.08644	0	
0.993102	0.993102	7.42616e-31	0.993102	7.55209e-31	0.993101	3.11663e-22	3.90048e-11	0.000370172	0.993102	0.993101	0.0990952	0.00243846	7.42592e-31	0.993102	8.76191e-13	2.09491e-21	0.00037933	0.993102	0.00248151	0.000376684	0.993101	1.37813e-20	0.0164373	0.00247275	0.016437	0.00247275	1.08979	1.08935	0	
0.993102	0.993102	7.27327e-31	0.993102	7.39311e-31	0.993101	3.05218e-22	3.93253e-11	0.000366566	0.993102	0.993101	0.100583	0.00243821	7.27303e-31	0.993102	8.67652e-13	2.0736e-21	0.000375546	0.993102	0.00248036	0.00037289	0.993101	1.37813e-20	0.0165743	0.002473	0.016574	0.002473	1.08359	1.08312	0	
0.993102	0.993102	7.64168e-31	0.993102	7.76384e-31	0.993101	3.20658e-22	3.83833e-11	0.000375682	0.993102	0.993101	0.0963543	0.00243806	7.64142e-31	0.993102	8.89237e-13	2.1248e-21	0.000384864	0.993102	0.0024799	0.000382118	0.993101	1.37813e-20	0.0161855	0.00247315	0.0161852	0.00247315	1.08709	1.08664	0	
0.993102	0.993102	7.63021e-31	0.993102	7.75056e-31	0.993101	3.20149e-22	3.83275e-11	0.000375655	0.993102	0.993101	0.0960741	0.00243784	7.62994e-31	0.993102	8.89172e-13	2.12424e-21	0.00038483	0.993102	0.0024794	0.000382051	0.993101	1.37813e-20	0.0161658	0.00247338	0.0161655	0.00247338	1.0912	1.09077	0	
0.993102	0.993102	7.33184e-31	0.993102	7.44647e-31	0.993101	3.07613e-22	3.91084e-11	0.000368179	0.993102	0.993101	0.0996925	0.00243768	7.33158e-31	0.993102	8.71472e-13	2.08146e-21	0.000377129	0.993102	0.00247874	0.000374382	0.993101	1.37813e-20	0.0164922	0.00247354	0.0164918	0.00247354	1.09132	1.0909	0	
0.993102	0.993102	7.10074e-31	0.993102	7.21046e-31	0.993101	2.97913e-22	3.9718e-11	0.000362375	0.993102	0.993101	0.102522	0.00243764	7.10048e-31	0.993102	8.57727e-13	2.04816e-21	0.000371108	0.993102	0.00247814	0.0003684	0.993101	1.37813e-20	0.0167456	0.00247357	0.0167452	0.00247357	1.08996	1.08954	0	
0.993102	0.993102	7.01816e-31	0.993102	7.12515e-31	0.993101	2.94454e-22	3.98934e-11	0.000360428	0.993102	0.993101	0.103319	0.00243769	7.0179e-31	0.993102	8.53118e-13	2.0367e-21	0.000369017	0.993102	0.00247757	0.000366332	0.993101	1.37813e-20	0.0168179	0.00247353	0.0168176	0.00247353	1.09114	1.09075	0	
0.993102	0.993102	6.87759e-31	0.993102	6.98126e-31	0.993101	2.88563e-22	4.02682e-11	0.000356886	0.993102	0.993101	0.105082	0.00243775	6.87734e-31	0.993102	8.4473e-13	2.01612e-21	0.000365273	0.993102	0.00247688	0.000362624	0.993101	1.37813e-20	0.0169725	0.00247347	0.0169722	0.00247347	1.08982	1.08945	0	
0.993102	0.993102	6.8604e-31	0.993102	6.96262e-31	0.993101	2.87852e-22	4.02777e-11	0.000356562	0.993102	0.993101	0.105138	0.00243784	6.86015e-31	0.993102	8.43963e-13	2.0137e-21	0.000364808	0.993102	0.00247616	0.000362175	0.993101	1.37813e-20	0.0169755	0.00247338	0.0169752	0.00247338	1.08952	1.08917	0	
