0.25	0.000618156	1.27727e-12	0.25	0.000618156	0.998263	0.748264	0.748264	0.998264	0.25	0.000618156	0.25	0.000618156	0.25	0.000618156	2.63265e-21	1.27727e-12	0.25	1.27727e-12	0.000618156	0.25	1.27727e-12	1.11844e-38	0.000618156	0.000618156	0.25	0.25	0	0	0	
0.25	0.000618156	1.27727e-12	0.25	0.000618156	0.998263	0.748264	0.748264	0.998264	0.25	0.000618156	0.25	0.000618156	0.25	0.000618156	2.63265e-21	1.27727e-12	0.25	1.27727e-12	0.000618156	0.25	1.27727e-12	1.11844e-38	0.000618156	0.000618156	0.25	0.25	0	0	0	
0.437066	0.000466771	4.17537e-06	0.187066	0.000462573	0.996964	0.559903	0.559898	0.996964	0.437066	0.00107312	0.437034	0.000466668	0.432413	0.0010807	1.96263e-10	2.2946e-12	0.437066	1.97218e-10	0.0010807	0.437066	1.97218e-10	2.85714e-21	0.250462	0.000462573	0.437066	0.437066	0.00463451	0	0	
0.57704	0.000365545	3.20657e-06	0.139974	0.000391071	0.995992	0.418955	0.418952	0.995992	0.57704	0.00141545	0.575629	0.000363755	0.573088	0.0014268	7.88551e-09	3.08682e-12	0.57704	2.04783e-10	0.00148674	0.57704	2.04783e-10	5.13812e-21	0.437412	0.000399226	0.57704	0.57704	0.013024	0	0	
0.681778	0.000322819	2.40294e-06	0.104738	0.00881889	0.995264	0.313489	0.313486	0.995264	0.681778	0.00167248	0.659375	0.000309588	0.678718	0.00168578	1.15562e-07	3.70451e-12	0.681778	1.75977e-10	0.00191402	0.681778	1.75977e-10	6.95943e-21	0.577299	0.0141202	0.681778	0.681778	0.023819	0	0	
0.76015	0.000387996	1.79832e-06	0.0783715	0.177251	0.99472	0.234572	0.23457	0.994719	0.76015	0.00176987	0.624219	0.000295586	0.757821	0.00187956	8.14846e-07	4.44697e-12	0.76015	1.43084e-10	0.00242612	0.76015	1.43084e-10	9.00297e-21	0.681972	0.209738	0.76015	0.76015	0.0364394	0	0	
0.818792	0.00923793	1.34565e-06	0.0586425	0.38262	0.994312	0.175522	0.17552	0.994296	0.818792	0.00134221	0.469016	0.000224907	0.817027	0.00202457	3.35251e-06	5.25007e-11	0.818792	1.1387e-10	0.0030932	0.818792	1.1387e-10	1.1938e-19	0.760161	0.404224	0.818792	0.818792	0.0503536	0	0	
0.862673	0.210805	1.00691e-06	0.0438801	0.536301	0.994007	0.131365	0.131336	0.99266	0.862673	0.00100462	0.350957	0.000168381	0.861333	0.00213306	9.27301e-06	3.05289e-09	0.862673	8.9831e-11	0.00399958	0.862673	8.9831e-11	7.04919e-18	0.668401	0.552205	0.862673	0.862673	0.0651647	1.80755e-05	0	
0.895506	0.406299	7.53435e-07	0.0328339	0.651294	0.993779	0.101387	0.0982736	0.958827	0.895506	0.000751737	0.262609	0.000125999	0.894486	0.00221447	1.91038e-05	6.78126e-08	0.895506	7.07763e-11	0.00525394	0.895506	7.0775e-11	1.57591e-16	0.500588	0.663149	0.895506	0.895506	0.0805772	0.00372223	0	
0.920075	0.55394	5.63768e-07	0.0245684	0.73734	0.993609	0.181026	0.0735345	0.797017	0.920075	0.000562501	0.1965	9.4282e-05	0.919289	0.00232281	3.05736e-05	6.60357e-07	0.920075	5.90048e-11	0.00696154	0.920075	5.85701e-11	1.65088e-15	0.374574	0.746183	0.920075	0.920075	0.0963708	0.0112962	0	
0.938459	0.664485	4.21848e-07	0.0183837	0.801725	0.993481	0.385289	0.0550232	0.610682	0.938459	0.000420911	0.147034	7.05554e-05	0.937841	0.00251244	2.52911e-05	3.43265e-06	0.938458	1.95817e-10	0.0313226	0.938459	1.64822e-10	9.86264e-15	0.28028	0.792588	0.938458	0.938458	0.112382	0.0216481	0	
0.952214	0.747209	3.15653e-07	0.0138446	0.849901	0.993385	0.538298	0.0411719	0.459946	0.952214	0.000315095	0.11002	5.28926e-05	0.951708	0.00283177	1.89539e-05	1.12491e-05	0.952214	6.99457e-09	0.253022	0.952214	4.56487e-09	3.88091e-14	0.209723	0.59309	0.952214	0.952214	0.128489	0.0334301	0	
0.962507	0.809109	2.36192e-07	0.0495188	0.885936	0.993314	0.652789	0.0308074	0.344995	0.962507	0.000236879	0.0823242	4.04155e-05	0.962058	0.00332242	1.41835e-05	2.64261e-05	0.962507	1.66579e-07	0.438605	0.962507	8.60928e-08	1.11729e-13	0.156928	0.443788	0.962507	0.962507	0.144603	0.0472953	0	
0.970209	0.855427	1.76734e-07	0.282325	0.908026	0.99326	0.738458	0.0230521	0.258441	0.970207	0.000182597	0.0616002	3.22282e-05	0.969314	0.00407171	1.06131e-05	4.78703e-05	0.970209	4.45475e-06	0.578135	0.970209	1.74594e-06	2.54089e-13	0.117424	0.33207	0.970181	0.970208	0.160656	0.0619069	0	
0.975972	0.89008	1.32243e-07	0.461253	0.753621	0.99322	0.802561	0.017249	0.193519	0.975915	0.000156025	0.0460932	2.41836e-05	0.730491	0.00516601	7.94138e-06	6.8483e-05	0.975972	0.00340274	0.682589	0.975972	0.000996482	4.55884e-13	0.0878639	0.248476	0.928189	0.975971	0.176602	0.076283	0	
0.980283	0.914176	9.89529e-08	0.595139	0.56391	0.99319	0.850527	0.0129068	0.146969	0.979562	0.00166459	0.0344898	1.82492e-05	0.546602	0.00668287	5.94225e-06	5.23614e-05	0.980284	0.179269	0.760754	0.980284	0.0867567	3.53256e-13	0.0657453	0.185926	0.697886	0.980284	0.192404	0.0916842	0	
0.983502	0.754128	7.40429e-08	0.695321	0.421953	0.993168	0.886419	0.0096577	0.165109	0.979117	0.104363	0.0258075	1.48437e-05	0.409002	0.00881865	4.44637e-06	3.91986e-05	0.983511	0.382094	0.819244	0.983511	0.30264	2.64602e-13	0.0491948	0.139121	0.522257	0.98351	0.208037	0.107636	0	
0.985905	0.565722	5.54036e-08	0.770283	0.315732	0.993151	0.913275	0.0072265	0.318454	0.978071	0.30135	0.0193108	1.30128e-05	0.306042	0.0118217	3.32706e-06	2.93317e-05	0.985926	0.535617	0.86301	0.985925	0.473977	1.98008e-13	0.0368108	0.104099	0.390808	0.985925	0.223483	0.120282	0	
0.987716	0.423377	4.14565e-08	0.826375	0.236251	0.993139	0.933353	0.00540733	0.477289	0.981555	0.416695	0.0144496	9.90279e-06	0.229	0.0155316	2.48951e-06	2.19479e-05	0.987732	0.649705	0.895759	0.987732	0.59321	1.48164e-13	0.0376847	0.0778938	0.295637	0.987732	0.23873	0.128924	0	
0.989072	0.316805	3.10204e-08	0.868346	0.176778	0.993129	0.936785	0.00404611	0.603993	0.984447	0.411644	0.0109456	7.42094e-06	0.171352	0.0195291	1.86281e-06	1.64228e-05	0.989084	0.729239	0.920264	0.989084	0.625739	1.10866e-13	0.277994	0.0582851	0.414692	0.989084	0.253769	0.134944	0	
0.990086	0.237055	2.32114e-08	0.89975	0.132276	0.993122	0.721306	0.00302755	0.700643	0.986625	0.34494	0.0770326	5.55406e-06	0.128217	0.0234961	1.39388e-06	1.22886e-05	0.990096	0.76549	0.9386	0.990095	0.550455	8.29573e-14	0.458013	0.0436126	0.559534	0.990095	0.268595	0.138548	0	
0.990845	0.17738	1.73683e-08	0.923225	0.0989777	0.993117	0.539731	0.00226541	0.773544	0.988256	0.272492	0.159375	4.15614e-06	0.0959398	0.0271031	1.04299e-06	9.19512e-06	0.990852	0.742752	0.952316	0.990852	0.441221	6.2074e-14	0.592714	0.0326337	0.668657	0.990852	0.283204	0.14074	0	
0.991413	0.132727	1.2996e-08	0.940599	0.0740619	0.993113	0.403861	0.00169512	0.828318	0.989476	0.210623	0.223315	3.10995e-06	0.0717882	0.030212	7.80474e-07	6.88037e-06	0.991419	0.668837	0.962458	0.991419	0.341934	4.64477e-14	0.693507	0.02442	0.75033	0.991419	0.297596	0.141921	0	
0.991836	0.0993151	9.72446e-09	0.952792	0.0554319	0.99311	0.302194	0.0012684	0.869397	0.990389	0.161348	0.27233	2.32709e-06	0.0537165	0.0327658	5.845e-07	5.14833e-06	0.991843	0.571912	0.96874	0.991843	0.261576	3.47552e-14	0.768926	0.0192047	0.811445	0.991842	0.31177	0.142022	0	
0.99215	0.0743139	7.27646e-09	0.959839	0.041629	0.993108	0.226121	0.000949097	0.90017	0.991072	0.123136	0.30819	1.74129e-06	0.0401941	0.0346965	4.4024e-07	3.85231e-06	0.99216	0.473858	0.966904	0.99216	0.19897	2.6006e-14	0.825359	0.0973328	0.857175	0.99216	0.325727	0.141555	0	
0.992382	0.0556065	5.44471e-09	0.961344	0.0319342	0.993106	0.169198	0.000710174	0.923195	0.991583	0.0938553	0.333015	1.30295e-06	0.0300758	0.0360503	3.3939e-07	2.88254e-06	0.992397	0.38502	0.948266	0.992397	0.15091	1.94594e-14	0.867586	0.310497	0.891392	0.992397	0.339468	0.140718	0	
0.992555	0.0416084	4.07408e-09	0.956912	0.0263011	0.993105	0.126605	0.000531398	0.940392	0.991965	0.071546	0.348164	9.74956e-07	0.0225046	0.0369025	2.7761e-07	2.1569e-06	0.992574	0.308462	0.907871	0.992574	0.114242	1.45608e-14	0.899183	0.481497	0.916997	0.992574	0.352996	0.13932	0	
0.992684	0.0311341	3.04848e-09	0.946063	0.0248541	0.993104	0.0947338	0.000397625	0.953192	0.992251	0.0545818	0.353168	7.2953e-07	0.0168394	0.037277	2.50033e-07	1.61393e-06	0.992707	0.244058	0.851552	0.992707	0.0863426	1.08953e-14	0.922826	0.610178	0.936155	0.992707	0.366311	0.137898	0	
0.992784	0.0232967	2.28107e-09	0.927625	0.0275305	0.993103	0.0708858	0.000297529	0.962644	0.992466	0.0416762	0.348163	5.45885e-07	0.0126003	0.0372966	2.48408e-07	1.20765e-06	0.992807	0.190815	0.790141	0.992807	0.0651432	8.15255e-15	0.940517	0.706551	0.950491	0.992807	0.379418	0.136239	0	
0.992861	0.0174323	1.70684e-09	0.898396	0.0342001	0.993103	0.0530413	0.00022263	0.969497	0.992626	0.0318402	0.332692	4.08472e-07	0.00942835	0.0370154	2.61888e-07	9.03638e-07	0.992881	0.147385	0.733335	0.992881	0.0490515	6.10026e-15	0.953755	0.778679	0.961218	0.992881	0.392318	0.134334	0	
0.99292	0.0130447	1.27717e-09	0.849792	0.0450486	0.993102	0.0396889	0.000166586	0.974236	0.992746	0.0243252	0.307074	3.05653e-07	0.00705489	0.0364764	2.79875e-07	6.7616e-07	0.992937	0.112459	0.687179	0.992937	0.0368529	4.56461e-15	0.96366	0.832654	0.969244	0.992936	0.405015	0.132543	0	
0.992966	0.00976384	9.55657e-10	0.760164	0.0612667	0.993102	0.0296977	0.00012465	0.977064	0.992836	0.0185682	0.27318	2.28724e-07	0.00527892	0.0357749	2.94441e-07	5.05946e-07	0.992978	0.0848754	0.654111	0.992978	0.0276271	3.41554e-15	0.971072	0.873043	0.97525	0.992978	0.417511	0.130627	0	
0.993	0.00733631	7.15084e-10	0.608508	0.0869493	0.993102	0.0222217	9.32711e-05	0.97771	0.992903	0.0141445	0.232978	1.71208e-07	0.00395002	0.0349414	3.01187e-07	3.78581e-07	0.99301	0.0636195	0.634835	0.99301	0.0206804	2.55574e-15	0.976617	0.903265	0.979744	0.993009	0.429809	0.128664	0	
0.993026	0.00677939	5.35071e-10	0.458126	0.136589	0.993102	0.0166277	6.97914e-05	0.974445	0.992953	0.0107318	0.189159	1.28877e-07	0.00295566	0.0340131	2.98799e-07	2.83279e-07	0.993033	0.0476092	0.628602	0.993033	0.0154748	1.91238e-15	0.980767	0.925879	0.983107	0.993032	0.441913	0.12666	0	
0.993045	0.0694341	4.00374e-10	0.343002	0.261832	0.993102	0.0124419	5.22223e-05	0.956195	0.99299	0.0080888	0.145701	1.0258e-07	0.00221161	0.0330186	2.88048e-07	2.11969e-07	0.99305	0.0356245	0.633835	0.99305	0.0115793	1.43102e-15	0.983872	0.942801	0.985623	0.99305	0.453825	0.124471	0	
0.993059	0.297197	2.99585e-10	0.25671	0.443051	0.993102	0.00930983	3.90761e-05	0.812761	0.993019	0.00605945	0.109163	8.3988e-08	0.00165487	0.0319598	2.70773e-07	1.58632e-07	0.993063	0.0266565	0.648621	0.993063	0.00866433	1.07143e-15	0.986193	0.955463	0.987506	0.993062	0.465548	0.12391	0	
0.99307	0.472364	2.24169e-10	0.195768	0.580562	0.993101	0.0069662	2.92392e-05	0.611473	0.99304	0.00453731	0.0816827	8.19239e-08	0.00123835	0.0310889	2.49127e-07	1.19566e-07	0.993073	0.0199462	0.668994	0.993073	0.00648321	8.26178e-16	0.780728	0.964925	0.988915	0.993065	0.477085	0.127402	0	
0.993078	0.603452	1.67737e-10	0.382946	0.667066	0.993101	0.00521278	2.18786e-05	0.457714	0.993055	0.00340669	0.0611202	2.9242e-07	0.000927152	0.0309403	2.25117e-07	1.02123e-07	0.99308	0.014927	0.689653	0.99308	0.00485131	1.00096e-15	0.58419	0.971369	0.989969	0.992647	0.488438	0.134318	0	
0.993084	0.70154	1.25512e-10	0.536544	0.592758	0.993101	0.00399273	1.6371e-05	0.342515	0.993067	0.0025936	0.045734	2.39807e-07	0.000693754	0.0319281	2.0039e-07	1.38586e-07	0.993086	0.0131919	0.707558	0.993086	0.00376889	2.90818e-15	0.437128	0.964356	0.990757	0.983506	0.499612	0.143639	0	
0.993079	0.774852	9.39159e-11	0.651476	0.443589	0.993101	0.00301712	1.22498e-05	0.256376	0.993076	0.0038953	0.0342211	2.22501e-07	0.000519111	0.0343903	1.76121e-07	1.15372e-07	0.99309	0.17985	0.721526	0.99309	0.0296263	2.66459e-15	0.327087	0.888116	0.991111	0.915198	0.510608	0.154492	0	
0.99274	0.819464	7.02738e-11	0.737476	0.331922	0.993101	0.00225786	9.16609e-06	0.193179	0.993083	0.119348	0.0256064	6.44749e-07	0.000388432	0.0386465	1.53208e-07	8.68043e-08	0.993093	0.382888	0.731237	0.993093	0.239698	2.01855e-15	0.244747	0.732117	0.943627	0.761668	0.563023	0.21372	0	
0.991981	0.814657	5.25834e-11	0.801826	0.248365	0.993101	0.00168948	6.85865e-06	0.148885	0.993088	0.330911	0.0191603	3.31079e-06	0.000290649	0.0667053	1.22264e-07	6.49681e-08	0.993095	0.536475	0.731438	0.993095	0.427483	1.51305e-15	0.183136	0.57216	0.742714	0.597416	0.611373	0.272717	0	
0.991172	0.771711	3.93462e-11	0.849978	0.185843	0.993101	0.00126418	5.13208e-06	0.120022	0.993091	0.496937	0.014337	1.25484e-05	0.000217482	0.141632	9.44181e-08	4.86142e-08	0.993097	0.651424	0.720163	0.993094	0.569655	1.13266e-15	0.137034	0.439009	0.560935	0.459011	0.655934	0.326631	0	
0.990794	0.725223	2.94413e-11	0.886007	0.139059	0.993101	0.000945937	3.84015e-06	0.101967	0.993094	0.621732	0.0107278	3.32998e-05	0.000162734	0.263501	7.18625e-08	3.63763e-08	0.993097	0.737437	0.700928	0.993081	0.676206	8.47672e-16	0.102537	0.334826	0.421273	0.350279	0.696993	0.373528	0	
0.990878	0.69659	2.20299e-11	0.912967	0.104053	0.993101	0.00070781	2.87344e-06	0.0898526	0.993096	0.71519	0.00802725	6.74551e-05	0.000121768	0.400454	5.43091e-08	2.72191e-08	0.993091	0.801797	0.679396	0.993032	0.755965	6.34338e-16	0.0767254	0.255042	0.316055	0.266862	0.734852	0.411348	0	
0.991197	0.690793	1.64842e-11	0.93314	0.077859	0.993101	0.000529628	2.15009e-06	0.0800747	0.993098	0.785139	0.0060065	0.000114133	9.11145e-05	0.525306	4.08906e-08	2.0367e-08	0.993069	0.849955	0.663051	0.992902	0.815654	4.7468e-16	0.0574128	0.19442	0.237131	0.203418	0.76981	0.444246	0	
0.991568	0.707929	1.23345e-11	0.948235	0.0582591	0.993101	0.000396302	1.60884e-06	0.0707834	0.993099	0.837485	0.00449445	0.000172708	6.81777e-05	0.629841	3.07231e-08	1.52399e-08	0.993008	0.885991	0.653031	0.992605	0.86032	3.55202e-16	0.0429678	0.148451	0.178016	0.155279	0.802105	0.474966	0	
0.991906	0.74245	9.22945e-12	0.959529	0.0435931	0.993101	0.000296538	1.20383e-06	0.0614774	0.9931	0.876657	0.00336303	0.000244266	5.10149e-05	0.713954	2.30553e-08	1.14035e-08	0.992844	0.912955	0.647212	0.991959	0.893744	2.65796e-16	0.0321738	0.113568	0.133768	0.118736	0.831942	0.504024	0	
0.992185	0.784766	6.90606e-12	0.967981	0.0326192	0.993101	0.000221889	9.00784e-07	0.0523427	0.9931	0.905968	0.00251643	0.000330988	3.81726e-05	0.780071	1.72881e-08	8.5328e-09	0.992423	0.933131	0.643645	0.990592	0.918754	1.98894e-16	0.0241253	0.0870555	0.100657	0.0909597	0.859506	0.533399	0	
0.992405	0.826948	5.16755e-12	0.974305	0.0244077	0.993101	0.000166031	6.74024e-07	0.0437496	0.993101	0.927902	0.00188295	0.000434766	2.85631e-05	0.831373	1.29571e-08	6.38479e-09	0.991337	0.948228	0.638787	0.987676	0.937469	1.48832e-16	0.0181467	0.066878	0.0758911	0.0698225	0.884974	0.564027	0	
0.992575	0.864198	3.86669e-12	0.979037	0.0182634	0.993101	0.000124235	5.04348e-07	0.0359995	0.993101	0.944314	0.00140895	0.000556009	2.13728e-05	0.87082	9.70806e-09	4.7775e-09	0.988537	0.959524	0.628985	0.981398	0.951473	1.11371e-16	0.0137335	0.0515104	0.0573825	0.0537282	0.908491	0.595483	0	
0.992705	0.894733	2.89331e-12	0.982578	0.0136658	0.993101	9.29606e-05	3.77385e-07	0.0292514	0.993101	0.956595	0.00105426	0.000693075	1.59925e-05	0.900927	7.27213e-09	3.57483e-09	0.981552	0.967977	0.611968	0.968188	0.961952	8.33398e-17	0.0105086	0.0398038	0.0435736	0.0414727	0.930233	0.630424	0	
0.992804	0.918767	2.16495e-12	0.985227	0.0102257	0.993101	6.9559e-05	2.82384e-07	0.0235347	0.993102	0.965785	0.000788868	0.000842378	1.19666e-05	0.923794	5.44662e-09	2.67492e-09	0.964111	0.974302	0.58279	0.940155	0.969793	6.23647e-17	0.00819208	0.030887	0.0333034	0.032142	0.950283	0.66421	0	
0.992878	0.937199	1.61996e-12	0.987209	0.00765148	0.993101	5.20485e-05	2.11298e-07	0.0187937	0.993102	0.972661	0.000590284	0.000999033	8.95415e-06	0.94107	4.07895e-09	2.00154e-09	0.926515	0.979035	0.543868	0.888606	0.97566	4.66695e-17	0.00657784	0.0240972	0.025707	0.0250403	0.968786	0.696214	0	
0.992934	0.95116	1.21215e-12	0.988693	0.00572533	0.993101	3.8946e-05	1.58107e-07	0.0149245	0.993102	0.977806	0.000441696	0.00115768	6.70007e-06	0.954078	3.05451e-09	1.49768e-09	0.85974	0.982576	0.498566	0.809354	0.980051	3.49251e-17	0.00551618	0.0189284	0.0201415	0.0196369	0.98588	0.728513	0	
0.992976	0.961674	9.07011e-13	0.989803	0.00428405	0.993101	2.91419e-05	1.18307e-07	0.0118043	0.993102	0.981657	0.00033053	0.00131327	5.01342e-06	0.963854	2.28727e-09	1.12066e-09	0.761365	0.985226	0.447819	0.705353	0.983336	2.61371e-17	0.00490069	0.0149946	0.0161308	0.0155266	1.00161	0.759391	0	
0.993008	0.969567	6.78683e-13	0.990633	0.0032056	0.993101	2.18058e-05	8.85266e-08	0.00931157	0.993102	0.984538	0.000247403	0.00146157	3.75136e-06	0.971191	1.71272e-09	8.38549e-10	0.64437	0.987209	0.394984	0.590708	0.985794	1.95612e-17	0.00465623	0.0120012	0.0133222	0.0124007	1.01612	0.787422	0	
0.993032	0.975483	5.07834e-13	0.991255	0.00239863	0.993101	1.63165e-05	6.62434e-08	0.00733375	0.993102	0.986693	0.000185348	0.00159947	2.807e-06	0.976693	1.28249e-09	6.27456e-10	0.527247	0.988692	0.343996	0.480616	0.987634	1.46406e-17	0.00473199	0.00972374	0.0114568	0.0100236	1.02957	0.816607	0	
0.993049	0.979915	3.79994e-13	0.99172	0.00179481	0.993101	1.2209e-05	4.95704e-08	0.00577208	0.993102	0.988306	0.00013937	0.00172498	2.10038e-06	0.980815	9.60348e-10	4.69502e-10	0.419984	0.989802	0.294715	0.381927	0.98901	1.09587e-17	0.00509712	0.00799099	0.0103481	0.0082161	1.04201	0.844629	0	
0.993063	0.983233	2.84335e-13	0.992068	0.00134299	0.993101	9.13557e-06	3.70955e-08	0.00454361	0.993102	0.989513	0.00010627	0.00183712	1.57164e-06	0.983904	7.19145e-10	3.51312e-10	0.328594	0.990633	0.248985	0.298635	0.99004	8.20359e-18	0.00573203	0.00667262	0.00985942	0.00684156	1.05344	0.867688	0	
0.993073	0.985717	2.12758e-13	0.992328	0.00100491	0.993101	6.83581e-06	2.7762e-08	0.00358016	0.993102	0.990417	8.4314e-05	0.00193575	1.176e-06	0.986216	5.38548e-10	2.62874e-10	0.254682	0.991255	0.209404	0.231525	0.99081	6.14201e-18	0.00662185	0.00566943	0.00988811	0.00579622	1.06398	0.890482	0	
0.99308	0.987575	1.59199e-13	0.992523	0.000751939	0.993101	5.11499e-06	2.07792e-08	0.00282598	0.993102	0.991092	7.46501e-05	0.00202134	8.79957e-07	0.987948	4.03331e-10	1.96699e-10	0.196016	0.99172	0.175136	0.17832	0.991387	4.59938e-18	0.00775847	0.00490597	0.0103606	0.00500111	1.07371	0.911442	0	
0.993086	0.988966	1.19123e-13	0.992669	0.000562648	0.993101	3.82736e-06	1.55556e-08	0.00223627	0.993102	0.991598	8.19294e-05	0.00209474	6.5844e-07	0.989244	3.02091e-10	1.47183e-10	0.150175	0.992068	0.146007	0.136743	0.991819	3.44507e-18	0.00913661	0.00432483	0.0112231	0.00439622	1.08261	0.930168	0	
0.99309	0.990007	8.91352e-14	0.992778	0.000421009	0.993101	2.86388e-06	1.16483e-08	0.00177557	0.993102	0.991976	0.000115356	0.00215706	4.92686e-07	0.990215	2.26288e-10	1.10131e-10	0.114734	0.992328	0.121672	0.104581	0.992141	2.58133e-18	0.0107438	0.00388237	0.0124264	0.00393594	1.09087	0.948097	0	
0.993093	0.990786	6.66967e-14	0.99286	0.000315026	0.993101	2.14293e-06	8.72631e-09	0.00141552	0.993102	0.99226	0.000195308	0.00220953	3.68659e-07	0.990941	1.69531e-10	8.24073e-11	0.0874768	0.992523	0.101371	0.0798235	0.992383	1.93501e-18	0.0125787	0.00354541	0.0139425	0.0035856	1.09852	0.965083	0	
0.993095	0.991369	4.99067e-14	0.992921	0.000235722	0.993101	1.60348e-06	6.54158e-09	0.00113394	0.993102	0.992471	0.000358441	0.00225337	2.75854e-07	0.991485	1.27032e-10	6.16623e-11	0.066599	0.992669	0.0844806	0.0608404	0.992564	1.45139e-18	0.0146336	0.00328871	0.0157437	0.00331886	1.10564	0.98166	0	
0.993097	0.991806	3.73433e-14	0.992966	0.000176382	0.993101	1.19982e-06	4.90868e-09	0.000913426	0.993102	0.99263	0.000675935	0.00228978	2.06412e-07	0.991891	9.52076e-11	4.61397e-11	0.0506461	0.992778	0.0703983	0.0463191	0.992699	1.08951e-18	0.0169039	0.00309308	0.0178106	0.0031157	1.11213	0.995632	0	
0.993098	0.992132	2.79427e-14	0.993001	0.000131981	0.993101	8.97785e-07	3.68878e-09	0.00074059	0.993102	0.992749	0.0012125	0.00231985	1.5445e-07	0.992196	7.1376e-11	3.45246e-11	0.0385062	0.99286	0.0588871	0.0352574	0.9928	8.18722e-19	0.0193631	0.00294393	0.0201055	0.00296091	1.1181	1.00863	0	
0.993099	0.992376	2.09085e-14	0.993026	9.87563e-05	0.993101	6.7178e-07	2.778e-09	0.000604878	0.993102	0.992837	0.00208666	0.00234457	1.1557e-07	0.992424	5.35284e-11	2.58335e-11	0.0292798	0.992921	0.049477	0.026842	0.992876	6.16098e-19	0.0219923	0.00283017	0.0226009	0.00284291	1.12357	1.02004	0	
0.9931	0.992559	1.56451e-14	0.993045	7.38957e-05	0.993101	5.02669e-07	2.09856e-09	0.00049811	0.993102	0.992904	0.00340866	0.00236481	8.64765e-08	0.992595	4.01612e-11	1.93303e-11	0.0222789	0.992966	0.041841	0.0204503	0.992933	4.6448e-19	0.0247642	0.00274336	0.0252634	0.00275291	1.12859	1.03042	0	
0.993101	0.992696	1.17066e-14	0.99306	5.52935e-05	0.993101	3.76129e-07	1.59228e-09	0.000413888	0.993102	0.992953	0.00532737	0.00238132	6.47072e-08	0.992722	3.01488e-11	1.44642e-11	0.0169698	0.993001	0.0356467	0.0155986	0.992975	3.51028e-19	0.027656	0.00267707	0.0280653	0.00268424	1.13337	1.0419	0	
0.993101	0.992798	8.75964e-15	0.99307	4.13741e-05	0.993101	2.81443e-07	1.21566e-09	0.00034713	0.993102	0.992991	0.00834167	0.00239476	4.8418e-08	0.992818	2.26479e-11	1.0823e-11	0.0129351	0.993026	0.030475	0.0119071	0.993007	2.66134e-19	0.0306729	0.00262643	0.0310083	0.0026318	1.13762	1.05059	0	
0.993101	0.992875	6.55452e-15	0.993078	3.09587e-05	0.993101	2.10594e-07	9.36005e-10	0.000294137	0.993102	0.993019	0.0123476	0.00240568	3.62295e-08	0.992889	1.70281e-11	8.09846e-12	0.00987771	0.993045	0.0262872	0.00910714	0.993031	2.02611e-19	0.0337556	0.0025877	0.0340301	0.00259174	1.14163	1.05967	0	
0.993101	0.992932	4.90451e-15	0.993084	2.31653e-05	0.993101	1.5758e-07	7.28957e-10	0.000251842	0.993102	0.993039	0.0179099	0.00241452	2.71092e-08	0.992943	1.28166e-11	6.05978e-12	0.00755663	0.99306	0.0228218	0.00697907	0.993048	1.55078e-19	0.0369032	0.00255807	0.0371274	0.0025611	1.14529	1.0674	0	
0.993102	0.992975	3.66986e-15	0.993089	1.73337e-05	0.993101	1.17911e-07	5.76208e-10	0.000217956	0.993102	0.993055	0.0250534	0.00242168	2.02848e-08	0.992983	9.6601e-12	4.53431e-12	0.0057959	0.99307	0.0199849	0.00536303	0.993062	1.1951e-19	0.0400828	0.00253538	0.0402655	0.00253765	1.14867	1.07491	0	
0.993102	0.993007	2.74603e-15	0.993092	1.29702e-05	0.993101	8.82286e-08	4.64066e-10	0.000190675	0.993102	0.993067	0.0342093	0.00242747	1.51784e-08	0.993013	7.2936e-12	3.39286e-12	0.00445852	0.993078	0.0176342	0.00413409	0.993072	9.28954e-20	0.0432736	0.00251798	0.0434221	0.00251968	1.15176	1.08165	0	
0.993102	0.993031	2.05475e-15	0.993095	9.70513e-06	0.993101	6.60182e-08	3.82254e-10	0.000168612	0.993102	0.993075	0.0454433	0.00243215	1.13574e-08	0.993035	5.51893e-12	2.53875e-12	0.00344237	0.993084	0.0156886	0.0031992	0.993079	7.29804e-20	0.0464474	0.00250462	0.0465678	0.0025059	1.15458	1.08767	0	
0.993102	0.993049	1.5375e-15	0.993097	7.262e-06	0.993101	4.9399e-08	3.23071e-10	0.000150682	0.993102	0.993082	0.058704	0.00243593	8.49836e-09	0.993052	4.18764e-12	1.89966e-12	0.00266988	0.993089	0.0140794	0.00248761	0.993085	5.80785e-20	0.0495795	0.00249435	0.0496768	0.00249531	1.15737	1.09505	0	
0.993102	0.993062	1.15045e-15	0.993098	5.43389e-06	0.993101	3.69635e-08	2.80911e-10	0.000135938	0.993102	0.993087	0.0759952	0.00243898	6.35901e-09	0.993065	3.18833e-12	1.42144e-12	0.0020789	0.993092	0.0126719	0.00194227	0.993089	4.69278e-20	0.0527107	0.00248645	0.0527891	0.00248717	1.1597	1.09947	0	
0.993102	0.993072	8.60841e-16	0.993099	4.06598e-06	0.993101	2.76584e-08	2.51236e-10	0.00012385	0.993102	0.99309	0.0941947	0.00244146	4.75822e-09	0.993074	2.43809e-12	1.06361e-12	0.00162978	0.993095	0.0115319	0.00152734	0.993092	3.8584e-20	0.0557423	0.00248035	0.0558053	0.00248089	1.16197	1.10472	0	
0.993102	0.99308	6.44136e-16	0.9931	3.04242e-06	0.993101	2.06958e-08	2.30937e-10	0.000113824	0.993102	0.993093	0.11496	0.00244346	3.5604e-09	0.993081	1.87439e-12	7.95864e-13	0.0012863	0.993097	0.0105613	0.00120949	0.993094	3.23406e-20	0.0587092	0.00247564	0.0587595	0.00247605	1.16412	1.11025	0	
0.993102	0.993085	4.81984e-16	0.9931	2.27654e-06	0.993101	1.54859e-08	2.17642e-10	0.00010543	0.993102	0.993095	0.13916	0.00244509	2.66412e-09	0.993086	1.45048e-12	5.95516e-13	0.00102227	0.993098	0.00970967	0.000964652	0.993096	2.76687e-20	0.0616193	0.00247199	0.0616595	0.0024723	1.166	1.11433	0	
0.993102	0.99309	3.60651e-16	0.993101	1.70345e-06	0.993101	1.15875e-08	2.09412e-10	9.84014e-05	0.993102	0.993097	0.164404	0.00244641	1.99346e-09	0.99309	1.13152e-12	4.45603e-13	0.000819995	0.993099	0.00899515	0.000776769	0.993097	2.41729e-20	0.0644198	0.00246916	0.0644517	0.00246939	1.16777	1.11848	0	
0.993102	0.993093	2.69862e-16	0.993101	1.27463e-06	0.993101	8.67054e-09	2.04925e-10	9.24667e-05	0.993102	0.993098	0.191188	0.00244748	1.49163e-09	0.993093	8.91245e-13	3.33429e-13	0.000664247	0.9931	0.0083805	0.000631803	0.993098	2.15571e-20	0.0671182	0.00246695	0.0671433	0.00246712	1.16938	1.12213	0	
0.993102	0.993095	2.01928e-16	0.993101	9.53758e-07	0.993101	6.48785e-09	2.03154e-10	8.74267e-05	0.993102	0.993099	0.218698	0.00244836	1.11614e-09	0.993096	7.10042e-13	2.49492e-13	0.000544126	0.9931	0.00785516	0.000519762	0.993099	1.95998e-20	0.0697065	0.00246523	0.0697263	0.00246536	1.17094	1.12623	0	
0.993102	0.993097	1.51095e-16	0.993102	7.13662e-07	0.993101	4.85462e-09	2.03403e-10	8.3097e-05	0.993102	0.993099	0.248189	0.00244909	8.35164e-10	0.993097	5.73132e-13	1.86686e-13	0.000450529	0.993101	0.00738399	0.000432223	0.9931	1.81351e-20	0.0722062	0.00246387	0.0722216	0.00246397	1.17241	1.13022	0	
0.993102	0.993098	1.13059e-16	0.993102	5.34008e-07	0.993101	3.63254e-09	2.05118e-10	7.93465e-05	0.993102	0.9931	0.27939	0.00244968	6.24923e-10	0.993098	4.69478e-13	1.3969e-13	0.000377161	0.993101	0.00695773	0.000363397	0.9931	1.70392e-20	0.0746208	0.00246281	0.0746327	0.00246288	1.17363	1.13283	0	
0.993102	0.993099	8.4598e-17	0.993102	3.99578e-07	0.993101	2.71809e-09	2.07713e-10	7.61252e-05	0.993102	0.9931	0.30893	0.00245017	4.67607e-10	0.993099	3.90936e-13	1.04525e-13	0.000320217	0.993101	0.0065997	0.000309857	0.9931	1.62191e-20	0.0768921	0.00246197	0.0769012	0.00246202	1.17489	1.13645	0	
0.993102	0.9931	6.33016e-17	0.993102	2.9899e-07	0.993101	2.03385e-09	2.11045e-10	7.32964e-05	0.993102	0.9931	0.339825	0.00245058	3.49893e-10	0.9931	3.31175e-13	7.82124e-14	0.000274949	0.993102	0.006268	0.000267144	0.993101	1.56054e-20	0.0790821	0.00246129	0.0790889	0.00246133	1.17601	1.1394	0	
0.993102	0.993101	4.73663e-17	0.993102	2.23723e-07	0.993101	1.52186e-09	2.14792e-10	7.08195e-05	0.993102	0.993101	0.370229	0.00245092	2.61812e-10	0.993101	2.85606e-13	5.85235e-14	0.000239049	0.993102	0.00597216	0.00023316	0.993101	1.51463e-20	0.0811617	0.00246076	0.0811668	0.00246079	1.17693	1.14125	0	
0.993102	0.993101	3.54424e-17	0.993102	1.67404e-07	0.993101	1.13875e-09	2.1865e-10	6.86753e-05	0.993102	0.993101	0.397588	0.0024512	1.95905e-10	0.993101	2.5082e-13	4.3791e-14	0.000210973	0.993102	0.00572723	0.00020652	0.993101	1.48027e-20	0.0830871	0.00246032	0.0830908	0.00246035	1.17784	1.14352	0	
0.993102	0.993101	2.65203e-17	0.993102	1.25262e-07	0.993101	8.52085e-10	2.22602e-10	6.6788e-05	0.993102	0.993101	0.42373	0.00245144	1.46588e-10	0.993101	2.24122e-13	3.27672e-14	0.000188536	0.993102	0.00551033	0.000185162	0.993101	1.45456e-20	0.0848996	0.00245997	0.0849021	0.00245999	1.1787	1.14583	0	
0.993102	0.993101	1.98442e-17	0.993102	9.37292e-08	0.993101	6.37584e-10	2.26589e-10	6.51115e-05	0.993102	0.993101	0.449038	0.00245165	1.09687e-10	0.993101	2.03519e-13	2.45185e-14	0.000170364	0.993102	0.00531347	0.000167801	0.993101	1.43532e-20	0.0866145	0.00245969	0.0866162	0.0024597	1.17957	1.1485	0	
0.993102	0.993102	1.48487e-17	0.993102	7.01342e-08	0.993101	4.77081e-10	2.30618e-10	6.35978e-05	0.993102	0.993101	0.474594	0.00245182	8.20745e-11	0.993102	1.87489e-13	1.83463e-14	0.000155244	0.993102	0.00512418	0.000153289	0.993101	1.42093e-20	0.0882608	0.00245946	0.0882618	0.00245946	1.18015	1.14943	0	
0.993102	0.993102	1.11107e-17	0.993102	5.24788e-08	0.993101	3.56982e-10	2.34346e-10	6.22936e-05	0.993102	0.993101	0.496003	0.00245197	6.14134e-11	0.993102	1.75088e-13	1.37279e-14	0.000143416	0.993102	0.00497459	0.000141919	0.993101	1.41015e-20	0.0897392	0.00245926	0.0897396	0.00245927	1.18085	1.15148	0	
0.993102	0.993102	8.31374e-18	0.993102	3.9268e-08	0.993101	2.67117e-10	2.38006e-10	6.11134e-05	0.993102	0.993101	0.517047	0.00245209	4.59534e-11	0.993102	1.65326e-13	1.02721e-14	0.000133468	0.993102	0.00483228	0.000132315	0.993101	1.40209e-20	0.0911461	0.0024591	0.091146	0.00245911	1.18149	1.15347	0	
0.993102	0.993102	6.22087e-18	0.993102	2.93828e-08	0.993101	1.99874e-10	2.41561e-10	6.00438e-05	0.993102	0.993101	0.537599	0.0024522	3.43853e-11	0.993102	1.5758e-13	7.68622e-15	0.000125	0.993102	0.00469644	0.000124107	0.993101	1.39606e-20	0.09248	0.00245896	0.0924796	0.00245897	1.18218	1.15581	0	
0.993102	0.993102	4.65485e-18	0.993102	2.19861e-08	0.993101	1.49558e-10	2.45095e-10	5.9049e-05	0.993102	0.993101	0.558515	0.0024523	2.57292e-11	0.993102	1.51323e-13	5.75132e-15	0.000117515	0.993102	0.0045598	0.000116818	0.993101	1.39155e-20	0.0937789	0.00245885	0.0937782	0.00245885	1.18266	1.157	0	
0.993102	0.993102	3.48306e-18	0.993102	1.64514e-08	0.993101	1.11909e-10	2.48359e-10	5.81699e-05	0.993102	0.993101	0.576939	0.00245238	1.92523e-11	0.993102	1.46323e-13	4.3035e-15	0.000111349	0.993102	0.00444281	0.0001108	0.993101	1.38817e-20	0.0949631	0.00245875	0.0949622	0.00245876	1.1831	1.15817	0	
0.993102	0.993102	2.60624e-18	0.993102	1.231e-08	0.993101	8.37374e-11	2.51385e-10	5.73876e-05	0.993102	0.993101	0.593416	0.00245246	1.44058e-11	0.993102	1.42287e-13	3.22015e-15	0.000106192	0.993102	0.00434052	0.000105755	0.993101	1.38565e-20	0.0960488	0.00245867	0.0960477	0.00245867	1.18358	1.15974	0	
0.993102	0.993102	1.95016e-18	0.993102	9.21111e-09	0.993101	6.26577e-11	2.54278e-10	5.66706e-05	0.993102	0.993101	0.609294	0.00245252	1.07793e-11	0.993102	1.38955e-13	2.40952e-15	0.000101626	0.993102	0.00424211	0.000101273	0.993101	1.38376e-20	0.0970759	0.0024586	0.0970747	0.0024586	1.18403	1.1613	0	
0.993102	0.993102	1.45923e-18	0.993102	6.89234e-09	0.993101	4.68845e-11	2.57043e-10	5.60106e-05	0.993102	0.993101	0.624629	0.00245258	8.06576e-12	0.993102	1.3617e-13	1.80296e-15	9.75292e-05	0.993102	0.00414681	9.72408e-05	0.993101	1.38234e-20	0.0980495	0.00245853	0.0980481	0.00245853	1.18439	1.16238	0	
0.993102	0.993102	1.09189e-18	0.993102	5.15728e-09	0.993101	3.50819e-11	2.59596e-10	5.54189e-05	0.993102	0.993101	0.63845	0.00245263	6.03531e-12	0.993102	1.33855e-13	1.34909e-15	9.40044e-05	0.993102	0.00406169	9.37651e-05	0.993101	1.38128e-20	0.0989425	0.00245848	0.0989411	0.00245848	1.18476	1.16364	0	
0.993102	0.993102	8.17021e-19	0.993102	3.85901e-09	0.993101	2.62505e-11	2.62005e-10	5.48768e-05	0.993102	0.993101	0.651496	0.00245267	4.51601e-12	0.993102	1.31887e-13	1.00947e-15	9.08416e-05	0.993102	0.00398106	9.06398e-05	0.993101	1.38049e-20	0.0997804	0.00245843	0.0997789	0.00245843	1.18515	1.16507	0	
0.993102	0.993102	6.11347e-19	0.993102	2.88755e-09	0.993101	1.96423e-11	2.64337e-10	5.43672e-05	0.993102	0.993101	0.664247	0.00245271	3.37916e-12	0.993102	1.30168e-13	7.55353e-16	8.78976e-05	0.993102	0.00390144	8.77248e-05	0.993101	1.3799e-20	0.100587	0.00245839	0.100585	0.00245839	1.18544	1.16608	0	
0.993102	0.993102	4.57449e-19	0.993102	2.16065e-09	0.993101	1.46976e-11	2.66477e-10	5.39092e-05	0.993102	0.993101	0.675852	0.00245275	2.5285e-12	0.993102	1.28701e-13	5.65203e-16	8.5298e-05	0.993102	0.0038288	8.51475e-05	0.993101	1.37945e-20	0.101325	0.00245835	0.101323	0.00245835	1.18575	1.16726	0	
0.993102	0.993102	3.42292e-19	0.993102	1.61674e-09	0.993101	1.09977e-11	2.68502e-10	5.34856e-05	0.993102	0.993101	0.686914	0.00245278	1.89199e-12	0.993102	1.27412e-13	4.22921e-16	8.28967e-05	0.993102	0.00375874	8.27635e-05	0.993101	1.37912e-20	0.10202	0.00245831	0.102018	0.00245831	1.18598	1.16805	0	
0.993102	0.993102	2.56125e-19	0.993102	1.20975e-09	0.993101	8.22918e-12	2.70336e-10	5.31082e-05	0.993102	0.993101	0.696758	0.00245281	1.41571e-12	0.993102	1.26304e-13	3.16456e-16	8.08003e-05	0.993102	0.00369639	8.06805e-05	0.993101	1.37887e-20	0.102648	0.00245828	0.102646	0.00245828	1.18623	1.16922	0	
0.993102	0.993102	1.91649e-19	0.993102	9.05209e-10	0.993101	6.15759e-12	2.72062e-10	5.27595e-05	0.993102	0.993101	0.706397	0.00245284	1.05932e-12	0.993102	1.25318e-13	2.36793e-16	7.87973e-05	0.993102	0.00363375	7.86883e-05	0.993101	1.37869e-20	0.103237	0.00245825	0.103236	0.00245825	1.18658	1.17077	0	
0.993102	0.993102	1.43404e-19	0.993102	6.77335e-10	0.993101	4.6075e-12	2.73841e-10	5.24081e-05	0.993102	0.993101	0.716556	0.00245286	7.92651e-13	0.993102	1.24366e-13	1.77184e-16	7.67366e-05	0.993102	0.00356625	7.66362e-05	0.993101	1.37855e-20	0.103843	0.00245823	0.103841	0.00245823	1.18675	1.1713	0	
0.993102	0.993102	1.07304e-19	0.993102	5.06825e-10	0.993101	3.44763e-12	2.75409e-10	5.21019e-05	0.993102	0.993101	0.725128	0.00245289	5.93112e-13	0.993102	1.23552e-13	1.3258e-16	7.50093e-05	0.993102	0.00350975	7.49158e-05	0.993101	1.37844e-20	0.104376	0.00245821	0.104374	0.00245821	1.18687	1.17195	0	
0.993102	0.993102	8.02916e-20	0.993102	3.79239e-10	0.993101	2.57973e-12	2.76749e-10	5.18423e-05	0.993102	0.993101	0.732747	0.00245291	4.43804e-13	0.993102	1.2287e-13	9.9205e-17	7.34869e-05	0.993102	0.00345849	7.33988e-05	0.993101	1.37837e-20	0.104831	0.00245818	0.104829	0.00245818	1.18697	1.17243	0	
0.993102	0.993102	6.00793e-20	0.993102	2.8377e-10	0.993101	1.93032e-12	2.77894e-10	5.16222e-05	0.993102	0.993101	0.739312	0.00245293	3.32082e-13	0.993102	1.22299e-13	7.42316e-17	7.21826e-05	0.993102	0.0034139	7.20989e-05	0.993101	1.37831e-20	0.105219	0.00245817	0.105217	0.00245817	1.18708	1.17304	0	
0.993102	0.993102	4.49552e-20	0.993102	2.12335e-10	0.993101	1.44439e-12	2.78909e-10	5.1429e-05	0.993102	0.993101	0.745318	0.00245294	2.48485e-13	0.993102	1.21804e-13	5.55449e-17	7.09978e-05	0.993102	0.00337236	7.09176e-05	0.993101	1.37826e-20	0.105563	0.00245815	0.105561	0.00245815	1.18724	1.17383	0	
0.993102	0.993102	3.36383e-20	0.993102	1.58883e-10	0.993101	1.08078e-12	2.799e-10	5.12428e-05	0.993102	0.993101	0.751199	0.00245296	1.85932e-13	0.993102	1.21335e-13	4.15623e-17	6.9846e-05	0.993102	0.00333117	6.97688e-05	0.993101	1.37823e-20	0.105898	0.00245813	0.105896	0.00245813	1.18736	1.17453	0	
0.993102	0.993102	2.51703e-20	0.993102	1.18886e-10	0.993101	8.08711e-13	2.80807e-10	5.10738e-05	0.993102	0.993101	0.756825	0.00245297	1.39126e-13	0.993102	1.20914e-13	3.10996e-17	6.87495e-05	0.993102	0.00329091	6.86749e-05	0.993101	1.37821e-20	0.106204	0.00245812	0.106202	0.00245812	1.18744	1.17505	0	
0.993102	0.993102	1.8834e-20	0.993102	8.89581e-11	0.993101	6.05129e-13	2.81609e-10	5.09255e-05	0.993102	0.993101	0.761914	0.00245298	1.04103e-13	0.993102	1.20548e-13	2.32708e-17	6.77604e-05	0.993102	0.00325399	6.76879e-05	0.993101	1.37819e-20	0.106475	0.00245811	0.106473	0.00245811	1.18753	1.17564	0	
0.993102	0.993102	1.40928e-20	0.993102	6.65641e-11	0.993101	4.52796e-13	2.82324e-10	5.07939e-05	0.993102	0.993101	0.766715	0.002453	7.78967e-14	0.993102	1.20225e-13	1.74128e-17	6.68296e-05	0.993102	0.00321842	6.6759e-05	0.993101	1.37818e-20	0.106716	0.0024581	0.106714	0.0024581	1.18757	1.17609	0	
0.993102	0.993102	1.05451e-20	0.993102	4.98075e-11	0.993101	3.38811e-13	2.82924e-10	5.06842e-05	0.993102	0.993101	0.771062	0.002453	5.82872e-14	0.993102	1.19956e-13	1.30295e-17	6.59883e-05	0.993102	0.00318548	6.59192e-05	0.993101	1.37816e-20	0.106918	0.00245809	0.106916	0.00245809	1.18759	1.17654	0	
0.993102	0.993102	7.89055e-21	0.993102	3.72691e-11	0.993101	2.5352e-13	2.83403e-10	5.05966e-05	0.993102	0.993101	0.775064	0.00245301	4.36142e-14	0.993102	1.19742e-13	9.74955e-18	6.52142e-05	0.993102	0.00315416	6.51465e-05	0.993101	1.37816e-20	0.107079	0.00245808	0.107077	0.00245808	1.18761	1.177	0	
0.993102	0.993102	5.90421e-21	0.993102	2.78871e-11	0.993101	1.897e-13	2.83787e-10	5.05267e-05	0.993102	0.993101	0.778815	0.00245302	3.26349e-14	0.993102	1.19572e-13	7.29532e-18	6.44891e-05	0.993102	0.00312392	6.44225e-05	0.993101	1.37815e-20	0.107208	0.00245807	0.107207	0.00245807	1.18767	1.17751	0	
0.993102	0.993102	4.4179e-21	0.993102	2.08669e-11	0.993101	1.41945e-13	2.84155e-10	5.046e-05	0.993102	0.993101	0.782435	0.00245303	2.44195e-14	0.993102	1.1941e-13	5.45891e-18	6.37896e-05	0.993102	0.00309453	6.37241e-05	0.993101	1.37815e-20	0.107332	0.00245806	0.107331	0.00245806	1.18779	1.17823	0	
0.993102	0.993102	3.30576e-21	0.993102	1.5614e-11	0.993101	1.06212e-13	2.8461e-10	5.03786e-05	0.993102	0.993101	0.786294	0.00245303	1.82722e-14	0.993102	1.19215e-13	4.08479e-18	6.30435e-05	0.993102	0.00306357	6.2979e-05	0.993101	1.37814e-20	0.107485	0.00245806	0.107483	0.00245806	1.18757	1.17803	0	
0.993102	0.993102	2.47358e-21	0.993102	1.16834e-11	0.993101	7.94749e-14	2.84634e-10	5.03735e-05	0.993102	0.993101	0.788861	0.00245304	1.36725e-14	0.993102	1.19201e-13	3.05659e-18	6.25472e-05	0.993102	0.00304014	6.24835e-05	0.993101	1.37814e-20	0.107493	0.00245805	0.107491	0.00245805	1.18753	1.17827	0	
0.993102	0.993102	1.85089e-21	0.993102	8.74223e-12	0.993101	5.94682e-14	2.84593e-10	5.038e-05	0.993102	0.993101	0.79117	0.00245304	1.02306e-14	0.993102	1.19215e-13	2.28722e-18	6.21006e-05	0.993102	0.00301835	6.20376e-05	0.993101	1.37814e-20	0.107479	0.00245805	0.107477	0.00245805	1.18756	1.17864	0	
0.993102	0.993102	1.38495e-21	0.993102	6.54149e-12	0.993101	4.44979e-14	2.84608e-10	5.03768e-05	0.993102	0.993101	0.79348	0.00245305	7.65519e-15	0.993102	1.19206e-13	1.71153e-18	6.16536e-05	0.993102	0.00299705	6.15911e-05	0.993101	1.37814e-20	0.107484	0.00245805	0.107482	0.00245805	1.18748	1.17892	0	
0.993102	0.993102	1.03631e-21	0.993102	4.89476e-12	0.993101	3.32961e-14	2.84496e-10	5.03962e-05	0.993102	0.993101	0.79565	0.00245305	5.7281e-15	0.993102	1.19251e-13	1.28076e-18	6.12332e-05	0.993102	0.00297568	6.11713e-05	0.993101	1.37814e-20	0.107446	0.00245804	0.107444	0.00245804	1.18747	1.17927	0	
0.993102	0.993102	7.75432e-22	0.993102	3.66257e-12	0.993101	2.49143e-14	2.84407e-10	5.04117e-05	0.993102	0.993101	0.797812	0.00245305	4.28613e-15	0.993102	1.19287e-13	9.58427e-19	6.08141e-05	0.993102	0.00295458	6.07526e-05	0.993101	1.37814e-20	0.107416	0.00245804	0.107415	0.00245804	1.18739	1.17937	0	
0.993102	0.993102	5.80228e-22	0.993102	2.74057e-12	0.993101	1.86425e-14	2.8423e-10	5.0443e-05	0.993102	0.993101	0.799574	0.00245305	3.20715e-15	0.993102	1.1936e-13	7.1724e-19	6.04722e-05	0.993102	0.0029363	6.04111e-05	0.993101	1.37814e-20	0.107357	0.00245804	0.107355	0.00245804	1.18717	1.17944	0	
0.993102	0.993102	4.34163e-22	0.993102	2.05067e-12	0.993101	1.39495e-14	2.83781e-10	5.05229e-05	0.993102	0.993101	0.801009	0.00245305	2.39979e-15	0.993102	1.19549e-13	5.36768e-19	6.01939e-05	0.993102	0.00291834	6.01331e-05	0.993101	1.37814e-20	0.107205	0.00245804	0.107204	0.00245804	1.18712	1.17983	0	
0.993102	0.993102	3.24869e-22	0.993102	1.53444e-12	0.993101	1.04379e-14	2.83371e-10	5.05962e-05	0.993102	0.993101	0.802672	0.00245305	1.79568e-15	0.993102	1.19722e-13	4.01727e-19	5.98708e-05	0.993102	0.00289861	5.98103e-05	0.993101	1.37814e-20	0.107067	0.00245804	0.107065	0.00245804	1.18687	1.17977	0	
0.993102	0.993102	2.43087e-22	0.993102	1.14817e-12	0.993101	7.81029e-15	2.82707e-10	5.07155e-05	0.993102	0.993101	0.803826	0.00245305	1.34364e-15	0.993102	1.20004e-13	3.00681e-19	5.96466e-05	0.993102	0.00288112	5.95863e-05	0.993101	1.37814e-20	0.106843	0.00245804	0.106842	0.00245804	1.18677	1.17999	0	
0.993102	0.993102	1.81893e-22	0.993102	8.5913e-13	0.993101	5.84415e-15	2.82071e-10	5.08302e-05	0.993102	0.993101	0.805027	0.00245305	1.0054e-15	0.993102	1.20276e-13	2.25071e-19	5.9413e-05	0.993102	0.00286348	5.93529e-05	0.993101	1.37814e-20	0.106629	0.00245805	0.106627	0.00245805	1.18616	1.17933	0	
0.993102	0.993102	1.36104e-22	0.993102	6.42856e-13	0.993101	4.37297e-15	2.80743e-10	5.10737e-05	0.993102	0.993101	0.804911	0.00245304	7.52303e-16	0.993102	1.20852e-13	1.68496e-19	5.94364e-05	0.993102	0.0028511	5.93762e-05	0.993101	1.37813e-20	0.10618	0.00245805	0.106178	0.00245805	1.18587	1.17931	0	
0.993102	0.993102	1.01842e-22	0.993102	4.81026e-13	0.993101	3.27213e-15	2.79342e-10	5.13323e-05	0.993102	0.993101	0.804806	0.00245304	5.62921e-16	0.993102	1.21464e-13	1.26163e-19	5.94575e-05	0.993102	0.00283787	5.93971e-05	0.993101	1.37813e-20	0.105707	0.00245805	0.105705	0.00245805	1.18566	1.17937	0	
0.993102	0.993102	7.62045e-23	0.993102	3.59934e-13	0.993101	2.44842e-15	2.78005e-10	5.1581e-05	0.993102	0.993101	0.804808	0.00245303	4.21213e-16	0.993102	1.22052e-13	9.44869e-20	5.94579e-05	0.993102	0.00282431	5.93974e-05	0.993101	1.37813e-20	0.105254	0.00245806	0.105253	0.00245806	1.18528	1.17922	0	
0.993102	0.993102	5.70211e-23	0.993102	2.69325e-13	0.993101	1.83206e-15	2.76488e-10	5.18661e-05	0.993102	0.993101	0.804593	0.00245302	3.15178e-16	0.993102	1.22727e-13	7.0785e-20	5.95006e-05	0.993102	0.0028109	5.94399e-05	0.993101	1.37813e-20	0.104741	0.00245807	0.104739	0.00245807	1.18507	1.17924	0	
0.993102	0.993102	4.26668e-23	0.993102	2.01526e-13	0.993101	1.37086e-15	2.75056e-10	5.21376e-05	0.993102	0.993101	0.804455	0.00245301	2.35836e-16	0.993102	1.23369e-13	5.30497e-20	5.95283e-05	0.993102	0.00279764	5.94673e-05	0.993101	1.37813e-20	0.104256	0.00245808	0.104254	0.00245808	1.18484	1.17926	0	
0.993102	0.993102	3.1926e-23	0.993102	1.50795e-13	0.993101	1.02577e-15	2.73681e-10	5.24e-05	0.993102	0.993101	0.804387	0.002453	1.76468e-16	0.993102	1.2399e-13	3.97789e-20	5.95425e-05	0.993102	0.00278433	5.94812e-05	0.993101	1.37813e-20	0.10379	0.00245809	0.103788	0.00245809	1.18434	1.17892	0	
0.993102	0.993102	2.38891e-23	0.993102	1.12834e-13	0.993101	7.67545e-16	2.71977e-10	5.27311e-05	0.993102	0.993101	0.803807	0.00245299	1.32044e-16	0.993102	1.24773e-13	2.98495e-20	5.96564e-05	0.993102	0.0027722	5.95947e-05	0.993101	1.37813e-20	0.103211	0.0024581	0.103209	0.0024581	1.18429	1.17918	0	
0.993102	0.993102	1.78753e-23	0.993102	8.44298e-14	0.993101	5.74326e-16	2.70627e-10	5.29938e-05	0.993102	0.993101	0.80378	0.00245298	9.8804e-17	0.993102	1.25395e-13	2.24192e-20	5.96625e-05	0.993102	0.00275876	5.96006e-05	0.993101	1.37813e-20	0.102753	0.00245811	0.102751	0.00245811	1.1836	1.17861	0	
0.993102	0.993102	1.33754e-23	0.993102	6.31758e-14	0.993101	4.29747e-16	2.68703e-10	5.33772e-05	0.993102	0.993101	0.802868	0.00245296	7.39315e-17	0.993102	1.26302e-13	1.68604e-20	5.98408e-05	0.993102	0.00274719	5.97783e-05	0.993101	1.37813e-20	0.102098	0.00245813	0.102096	0.00245813	1.1835	1.17877	0	
0.993102	0.993102	1.00084e-23	0.993102	4.72721e-14	0.993101	3.21564e-16	2.67129e-10	5.36922e-05	0.993102	0.993101	0.802445	0.00245295	5.53202e-17	0.993102	1.27048e-13	1.27007e-20	5.99242e-05	0.993102	0.00273489	5.98613e-05	0.993101	1.37813e-20	0.101562	0.00245814	0.10156	0.00245814	1.18322	1.17868	0	
0.993102	0.993102	7.48889e-24	0.993102	3.5372e-14	0.993101	2.40615e-16	2.65585e-10	5.40044e-05	0.993102	0.993101	0.801989	0.00245294	4.13941e-17	0.993102	1.27786e-13	9.58821e-21	6.00139e-05	0.993102	0.00272315	5.99506e-05	0.993101	1.37813e-20	0.101036	0.00245816	0.101034	0.00245816	1.18288	1.17851	0	
0.993102	0.993102	5.60366e-24	0.993102	2.64676e-14	0.993101	1.80043e-16	2.63977e-10	5.43339e-05	0.993102	0.993101	0.801374	0.00245292	3.09737e-17	0.993102	1.28566e-13	7.25959e-21	6.01346e-05	0.993102	0.00271207	6.00708e-05	0.993101	1.37813e-20	0.100487	0.00245817	0.100485	0.00245817	1.1825	1.1783	0	
0.993102	0.993102	4.19302e-24	0.993102	1.98047e-14	0.993101	1.3472e-16	2.6228e-10	5.46868e-05	0.993102	0.993101	0.800583	0.00245291	2.31765e-17	0.993102	1.29401e-13	5.51752e-21	6.02893e-05	0.993102	0.0027015	6.02249e-05	0.993101	1.37813e-20	0.0999065	0.00245819	0.0999048	0.00245819	1.18255	1.17858	0	
0.993102	0.993102	3.13748e-24	0.993102	1.48192e-14	0.993101	1.00806e-16	2.61077e-10	5.49361e-05	0.993102	0.993101	0.800431	0.00245289	1.73421e-17	0.993102	1.29991e-13	4.21352e-21	6.03201e-05	0.993102	0.00269055	6.02553e-05	0.993101	1.37813e-20	0.099496	0.0024582	0.0994943	0.0024582	1.18183	1.17794	0	
0.993102	0.993102	2.34766e-24	0.993102	1.10886e-14	0.993101	7.54294e-17	2.59254e-10	5.53253e-05	0.993102	0.993101	0.799305	0.00245288	1.29765e-17	0.993102	1.30912e-13	3.23888e-21	6.05396e-05	0.993102	0.00268135	6.04742e-05	0.993101	1.37813e-20	0.0988709	0.00245822	0.0988693	0.00245822	1.18142	1.17769	0	
0.993102	0.993102	1.75667e-24	0.993102	8.29722e-15	0.993101	5.64411e-17	2.57367e-10	5.57339e-05	0.993102	0.993101	0.798075	0.00245286	9.70983e-18	0.993102	1.31879e-13	2.51001e-21	6.07793e-05	0.993102	0.00267222	6.07132e-05	0.993101	1.37813e-20	0.098223	0.00245823	0.0982213	0.00245823	1.18101	1.17742	0	
0.993102	0.993102	1.31445e-24	0.993102	6.20851e-15	0.993101	4.22328e-17	2.55441e-10	5.61567e-05	0.993102	0.993101	0.79671	0.00245284	7.26551e-18	0.993102	1.3288e-13	1.9651e-21	6.10448e-05	0.993102	0.00266367	6.0978e-05	0.993101	1.37813e-20	0.097561	0.00245825	0.0975593	0.00245825	1.18088	1.17745	0	
0.993102	0.993102	9.83557e-25	0.993102	4.6456e-15	0.993101	3.16013e-17	2.53834e-10	5.65114e-05	0.993102	0.993101	0.79574	0.00245282	5.43652e-18	0.993102	1.33719e-13	1.55732e-21	6.12341e-05	0.993102	0.00265512	6.11667e-05	0.993101	1.37813e-20	0.0970085	0.00245827	0.0970069	0.00245827	1.18066	1.17737	0	
0.993102	0.993102	7.3596e-25	0.993102	3.47613e-15	0.993101	2.36461e-17	2.52354e-10	5.68411e-05	0.993102	0.993101	0.794892	0.00245281	4.06795e-18	0.993102	1.34499e-13	1.25232e-21	6.13996e-05	0.993102	0.0026468	6.13315e-05	0.993101	1.37813e-20	0.0964996	0.00245828	0.0964979	0.00245828	1.18052	1.17738	0	
0.993102	0.993102	5.50692e-25	0.993102	2.60106e-15	0.993101	1.76935e-17	2.51075e-10	5.7128e-05	0.993102	0.993101	0.794275	0.00245279	3.0439e-18	0.993102	1.35178e-13	1.02408e-21	6.15204e-05	0.993102	0.00263863	6.14518e-05	0.993101	1.37813e-20	0.0960595	0.0024583	0.0960578	0.0024583	1.17985	1.17678	0	
0.993102	0.993102	4.12063e-25	0.993102	1.94628e-15	0.993101	1.32394e-17	2.49281e-10	5.75416e-05	0.993102	0.993101	0.792842	0.00245277	2.27764e-18	0.993102	1.36157e-13	8.54344e-22	6.17985e-05	0.993102	0.00263148	6.17291e-05	0.993101	1.37813e-20	0.0954399	0.00245832	0.0954382	0.00245832	1.18047	1.17762	0	
0.993102	0.993102	3.08332e-25	0.993102	1.45633e-15	0.993101	9.90656e-18	2.48713e-10	5.76667e-05	0.993102	0.993101	0.793121	0.00245276	1.70427e-18	0.993102	1.36453e-13	7.25881e-22	6.1746e-05	0.993102	0.00262342	6.16763e-05	0.993101	1.37813e-20	0.0952455	0.00245834	0.0952439	0.00245834	1.18008	1.17733	0	
0.993102	0.993102	2.30713e-25	0.993102	1.08972e-15	0.993101	7.41272e-18	2.478e-10	5.78761e-05	0.993102	0.993101	0.792865	0.00245274	1.27525e-18	0.993102	1.36948e-13	6.30259e-22	6.17968e-05	0.993102	0.00261601	6.17266e-05	0.993101	1.37813e-20	0.0949307	0.00245835	0.0949291	0.00245835	1.17963	1.17697	0	
0.993102	0.993102	1.72634e-25	0.993102	8.15398e-16	0.993101	5.54667e-18	2.4657e-10	5.81643e-05	0.993102	0.993101	0.792096	0.00245273	9.5422e-19	0.993102	1.3763e-13	5.59331e-22	6.19464e-05	0.993102	0.00260932	6.18757e-05	0.993101	1.37813e-20	0.0945054	0.00245836	0.0945038	0.00245836	1.17955	1.17701	0	
0.993102	0.993102	1.29176e-25	0.993102	6.10132e-16	0.993101	4.15037e-18	2.45552e-10	5.84038e-05	0.993102	0.993101	0.79159	0.00245271	7.14008e-19	0.993102	1.38197e-13	5.06184e-22	6.20453e-05	0.993102	0.00260273	6.19742e-05	0.993101	1.37813e-20	0.0941534	0.00245838	0.0941517	0.00245838	1.17972	1.17731	0	
0.993102	0.993102	9.66577e-26	0.993102	4.5654e-16	0.993101	3.10558e-18	2.44996e-10	5.8533e-05	0.993102	0.993101	0.791696	0.0024527	5.34266e-19	0.993102	1.38503e-13	4.65894e-22	6.20259e-05	0.993102	0.0025961	6.19545e-05	0.993101	1.37813e-20	0.0939617	0.00245839	0.0939601	0.00245839	1.17944	1.17713	0	
0.993102	0.993102	7.23255e-26	0.993102	3.41612e-16	0.993101	2.32379e-18	2.44241e-10	5.87122e-05	0.993102	0.993101	0.791478	0.00245269	3.99772e-19	0.993102	1.38927e-13	4.36068e-22	6.20689e-05	0.993102	0.00258993	6.19971e-05	0.993101	1.37813e-20	0.0937006	0.0024584	0.0936989	0.0024584	1.17959	1.17739	0	
0.993102	0.993102	5.41185e-26	0.993102	2.55616e-16	0.993101	1.73881e-18	2.43849e-10	5.88041e-05	0.993102	0.993101	0.79173	0.00245268	2.99135e-19	0.993102	1.39144e-13	4.13301e-22	6.2021e-05	0.993102	0.00258383	6.1949e-05	0.993101	1.37813e-20	0.0935654	0.00245841	0.0935638	0.00245841	1.17906	1.17693	0	
0.993102	0.993102	4.04949e-26	0.993102	1.91268e-16	0.993101	1.30109e-18	2.42919e-10	5.90295e-05	0.993102	0.993101	0.791183	0.00245267	2.23832e-19	0.993102	1.39678e-13	3.97061e-22	6.21275e-05	0.993102	0.00257837	6.20552e-05	0.993101	1.37813e-20	0.0932426	0.00245842	0.093241	0.00245842	1.17908	1.17705	0	
0.993102	0.993102	3.03009e-26	0.993102	1.43119e-16	0.993101	9.73561e-19	2.42245e-10	5.91927e-05	0.993102	0.993101	0.790964	0.00245266	1.67485e-19	0.993102	1.40064e-13	3.84703e-22	6.21705e-05	0.993102	0.00257302	6.20979e-05	0.993101	1.37813e-20	0.093009	0.00245843	0.0930074	0.00245843	1.17869	1.17672	0	
0.993102	0.993102	2.2673e-26	0.993102	1.07091e-16	0.993101	7.28482e-19	2.41268e-10	5.94331e-05	0.993102	0.993101	0.790266	0.00245265	1.25323e-19	0.993102	1.40633e-13	3.76032e-22	6.23058e-05	0.993102	0.00256818	6.22328e-05	0.993101	1.37813e-20	0.0926694	0.00245844	0.0926678	0.00245844	1.17841	1.17651	0	
0.993102	0.993102	1.69654e-26	0.993102	8.01321e-17	0.993101	5.45099e-19	2.40202e-10	5.96979e-05	0.993102	0.993101	0.789403	0.00245264	9.37746e-20	0.993102	1.4126e-13	3.69911e-22	6.24731e-05	0.993102	0.00256364	6.23996e-05	0.993101	1.37813e-20	0.0922987	0.00245845	0.0922971	0.00245845	1.1786	1.17679	0	
0.993102	0.993102	1.26946e-26	0.993102	5.99599e-17	0.993101	4.0788e-19	2.39631e-10	5.98387e-05	0.993102	0.993101	0.789217	0.00245263	7.01681e-20	0.993102	1.41593e-13	3.64837e-22	6.25098e-05	0.993102	0.00255908	6.2436e-05	0.993101	1.37813e-20	0.0921004	0.00245846	0.0920988	0.00245846	1.17861	1.17689	0	
0.993102	0.993102	9.49892e-27	0.993102	4.48658e-17	0.993101	3.05204e-19	2.39221e-10	5.99393e-05	0.993102	0.993101	0.789233	0.00245262	5.25042e-20	0.993102	1.41831e-13	3.60872e-22	6.25075e-05	0.993102	0.00255464	6.24335e-05	0.993101	1.37813e-20	0.0919585	0.00245847	0.0919569	0.00245847	1.17821	1.17654	0	
0.993102	0.993102	7.1077e-27	0.993102	3.35714e-17	0.993101	2.28375e-19	2.3844e-10	6.01357e-05	0.993102	0.993101	0.788668	0.00245261	3.9287e-20	0.993102	1.42296e-13	3.58527e-22	6.2617e-05	0.993102	0.00255075	6.25427e-05	0.993101	1.37813e-20	0.0916866	0.00245848	0.091685	0.00245848	1.17845	1.17686	0	
0.993102	0.993102	5.31844e-27	0.993102	2.51203e-17	0.993101	1.70887e-19	2.38137e-10	6.02109e-05	0.993102	0.993101	0.788777	0.0024526	2.9397e-20	0.993102	1.42473e-13	3.56202e-22	6.25969e-05	0.993102	0.00254671	6.25223e-05	0.993101	1.37813e-20	0.0915813	0.00245849	0.0915798	0.00245849	1.17838	1.17685	0	
0.993102	0.993102	3.9796e-27	0.993102	1.87966e-17	0.993101	1.2787e-19	2.37822e-10	6.02895e-05	0.993102	0.993101	0.788838	0.0024526	2.19967e-20	0.993102	1.42659e-13	3.54482e-22	6.25856e-05	0.993102	0.0025429	6.25109e-05	0.993101	1.37813e-20	0.091472	0.0024585	0.0914705	0.0024585	1.17823	1.17676	0	
0.993102	0.993102	2.97779e-27	0.993102	1.40648e-17	0.993101	9.56828e-20	2.37413e-10	6.03926e-05	0.993102	0.993101	0.788749	0.00245259	1.64594e-20	0.993102	1.42903e-13	3.53342e-22	6.26034e-05	0.993102	0.00253927	6.25285e-05	0.993101	1.37813e-20	0.0913299	0.0024585	0.0913283	0.0024585	1.17839	1.17699	0	
0.993102	0.993102	2.22818e-27	0.993102	1.05242e-17	0.993101	7.15981e-20	2.37301e-10	6.04201e-05	0.993102	0.993101	0.789047	0.00245258	1.23159e-20	0.993102	1.42968e-13	3.52095e-22	6.25464e-05	0.993102	0.00253577	6.24713e-05	0.993101	1.37813e-20	0.0912914	0.00245851	0.0912898	0.00245851	1.17789	1.17652	0	
0.993102	0.993102	1.66727e-27	0.993102	7.87486e-18	0.993101	5.35764e-20	2.36618e-10	6.05952e-05	0.993102	0.993101	0.788496	0.00245258	9.21556e-21	0.993102	1.43383e-13	3.51997e-22	6.2653e-05	0.993102	0.00253276	6.25777e-05	0.993101	1.37813e-20	0.091053	0.00245851	0.0910515	0.00245851	1.17723	1.17589	0	
0.993102	0.993102	1.24756e-27	0.993102	5.89247e-18	0.993101	4.00914e-20	2.35332e-10	6.0931e-05	0.993102	0.993101	0.787041	0.00245257	6.89567e-21	0.993102	1.44177e-13	3.53043e-22	6.29335e-05	0.993102	0.00253009	6.28578e-05	0.993101	1.37813e-20	0.0906029	0.00245852	0.0906014	0.00245852	1.17801	1.17675	0	
0.993102	0.993102	9.33511e-28	0.993102	4.40912e-18	0.993101	3.00011e-20	2.35283e-10	6.09415e-05	0.993102	0.993101	0.787387	0.00245256	5.15978e-21	0.993102	1.44202e-13	3.52285e-22	6.28677e-05	0.993102	0.00252698	6.27918e-05	0.993101	1.37813e-20	0.0905868	0.00245853	0.0905852	0.00245853	1.17771	1.17649	0	
0.993102	0.993102	6.98517e-28	0.993102	3.29919e-18	0.993101	2.24509e-20	2.34897e-10	6.10406e-05	0.993102	0.993101	0.78722	0.00245256	3.86087e-21	0.993102	1.44437e-13	3.52175e-22	6.29003e-05	0.993102	0.00252417	6.28242e-05	0.993101	1.37813e-20	0.0904522	0.00245854	0.0904506	0.00245854	1.17804	1.17689	0	
0.993102	0.993102	5.2268e-28	0.993102	2.46866e-18	0.993101	1.68013e-20	2.34998e-10	6.10131e-05	0.993102	0.993101	0.78774	0.00245255	2.88895e-21	0.993102	1.44372e-13	3.514e-22	6.28007e-05	0.993102	0.00252128	6.27246e-05	0.993101	1.37813e-20	0.0904881	0.00245854	0.0904866	0.00245854	1.17801	1.1769	0	
0.993102	0.993102	3.91107e-28	0.993102	1.84721e-18	0.993101	1.25739e-20	2.35036e-10	6.10022e-05	0.993102	0.993101	0.788151	0.00245255	2.1617e-21	0.993102	1.44346e-13	3.50796e-22	6.27219e-05	0.993102	0.00251854	6.26457e-05	0.993101	1.37813e-20	0.0905018	0.00245855	0.0905003	0.00245855	1.17798	1.17691	0	
0.993102	0.993102	2.92657e-28	0.993102	1.3822e-18	0.993101	9.41073e-21	2.35027e-10	6.10038e-05	0.993102	0.993101	0.788477	0.00245254	1.61752e-21	0.993102	1.4435e-13	3.50323e-22	6.26591e-05	0.993102	0.00251595	6.2583e-05	0.993101	1.37813e-20	0.090499	0.00245855	0.0904974	0.00245855	1.17794	1.17692	0	
0.993102	0.993102	2.18989e-28	0.993102	1.03425e-18	0.993101	7.04384e-21	2.34982e-10	6.10151e-05	0.993102	0.993101	0.788737	0.00245254	1.21033e-21	0.993102	1.44376e-13	3.49953e-22	6.26094e-05	0.993102	0.00251348	6.25332e-05	0.993101	1.37813e-20	0.0904834	0.00245855	0.0904818	0.00245855	1.17787	1.17688	0	
0.993102	0.993102	1.63867e-28	0.993102	7.73891e-19	0.993101	5.27279e-21	2.34854e-10	6.10478e-05	0.993102	0.993101	0.788867	0.00245254	9.05647e-22	0.993102	1.44454e-13	3.49744e-22	6.25843e-05	0.993102	0.00251113	6.25081e-05	0.993101	1.37813e-20	0.0904389	0.00245855	0.0904374	0.00245855	1.17791	1.17697	0	
0.993102	0.993102	1.22621e-28	0.993102	5.79075e-19	0.993101	3.94757e-21	2.3481e-10	6.1059e-05	0.993102	0.993101	0.789101	0.00245254	6.77662e-22	0.993102	1.4448e-13	3.49443e-22	6.25395e-05	0.993102	0.00250887	6.24633e-05	0.993101	1.37813e-20	0.0904236	0.00245855	0.090422	0.00245855	1.17798	1.17708	0	
0.993102	0.993102	9.17576e-29	0.993102	4.333e-19	0.993101	2.95595e-21	2.34862e-10	6.10452e-05	0.993102	0.993101	0.789456	0.00245254	5.0707e-22	0.993102	1.44448e-13	3.49022e-22	6.2471e-05	0.993102	0.00250668	6.23949e-05	0.993101	1.37813e-20	0.0904419	0.00245856	0.0904404	0.00245856	1.1782	1.17734	0	
0.993102	0.993102	6.86638e-29	0.993102	3.24223e-19	0.993101	2.21394e-21	2.35165e-10	6.09668e-05	0.993102	0.993101	0.790144	0.00245254	3.79422e-22	0.993102	1.44262e-13	3.48252e-22	6.23383e-05	0.993102	0.00250457	6.22624e-05	0.993101	1.37813e-20	0.0905479	0.00245856	0.0905463	0.00245856	1.17781	1.17697	0	
0.993102	0.993102	5.13837e-29	0.993102	2.42604e-19	0.993101	1.65875e-21	2.34926e-10	6.10287e-05	0.993102	0.993101	0.790064	0.00245254	2.83908e-22	0.993102	1.44409e-13	3.48317e-22	6.23538e-05	0.993102	0.00250266	6.22778e-05	0.993101	1.37813e-20	0.0904644	0.00245856	0.0904629	0.00245856	1.1778	1.177	0	
0.993102	0.993102	3.84536e-29	0.993102	1.81532e-19	0.993101	1.24333e-21	2.34738e-10	6.10774e-05	0.993102	0.993101	0.790043	0.00245253	2.12438e-22	0.993102	1.44524e-13	3.48323e-22	6.23578e-05	0.993102	0.00250083	6.22818e-05	0.993101	1.37813e-20	0.0903987	0.00245856	0.0903971	0.00245856	1.17802	1.17725	0	
0.993102	0.993102	2.87785e-29	0.993102	1.35834e-19	0.993101	9.32462e-22	2.34857e-10	6.10464e-05	0.993102	0.993101	0.790444	0.00245253	1.58959e-22	0.993102	1.44451e-13	3.47879e-22	6.22805e-05	0.993102	0.002499	6.22045e-05	0.993101	1.37813e-20	0.0904403	0.00245856	0.0904387	0.00245856	1.17779	1.17704	0	
0.993102	0.993102	2.1539e-29	0.993102	1.01639e-19	0.993101	6.99872e-22	2.34671e-10	6.10949e-05	0.993102	0.993101	0.790404	0.00245253	1.18944e-22	0.993102	1.44565e-13	3.47913e-22	6.22882e-05	0.993102	0.00249733	6.22123e-05	0.993101	1.37813e-20	0.0903751	0.00245856	0.0903735	0.00245856	1.17768	1.17696	0	
0.993102	0.993102	1.61219e-29	0.993102	7.60531e-20	0.993101	5.25842e-22	2.34407e-10	6.11638e-05	0.993102	0.993101	0.790248	0.00245253	8.90011e-23	0.993102	1.44728e-13	3.48075e-22	6.23185e-05	0.993102	0.00249574	6.22424e-05	0.993101	1.37813e-20	0.0902827	0.00245856	0.0902811	0.00245856	1.1778	1.17711	0	
0.993102	0.993102	1.20685e-29	0.993102	5.69077e-20	0.993101	3.95612e-22	2.34348e-10	6.1179e-05	0.993102	0.993101	0.790369	0.00245253	6.65963e-23	0.993102	1.44764e-13	3.4794e-22	6.22952e-05	0.993102	0.00249418	6.22192e-05	0.993101	1.37813e-20	0.0902622	0.00245856	0.0902606	0.00245856	1.17748	1.17681	0	
0.993102	0.993102	9.03559e-30	0.993102	4.2582e-20	0.993101	2.98194e-22	2.33924e-10	6.12903e-05	0.993102	0.993101	0.789966	0.00245253	4.98316e-23	0.993102	1.45028e-13	3.4837e-22	6.2373e-05	0.993102	0.00249277	6.22969e-05	0.993101	1.37813e-20	0.0901138	0.00245856	0.0901122	0.00245856	1.17796	1.17733	0	
0.993102	0.993102	6.76605e-30	0.993102	3.18625e-20	0.993101	2.25257e-22	2.3418e-10	6.12232e-05	0.993102	0.993101	0.790512	0.00245253	3.72872e-23	0.993102	1.44869e-13	3.4778e-22	6.22679e-05	0.993102	0.00249129	6.21918e-05	0.993101	1.37813e-20	0.0902037	0.00245856	0.0902022	0.00245856	1.17829	1.17769	0	
0.993102	0.993102	5.06777e-30	0.993102	2.38416e-20	0.993101	1.70654e-22	2.34756e-10	6.10739e-05	0.993102	0.993101	0.791494	0.00245253	2.79006e-23	0.993102	1.44516e-13	3.46718e-22	6.20782e-05	0.993102	0.00248976	6.20023e-05	0.993101	1.37813e-20	0.0904053	0.00245857	0.0904038	0.00245857	1.1778	1.17721	0	
0.993102	0.993102	3.7971e-30	0.993102	1.78398e-20	0.993101	1.29838e-22	2.34605e-10	6.11128e-05	0.993102	0.993101	0.791455	0.00245253	2.0877e-23	0.993102	1.44608e-13	3.46758e-22	6.20856e-05	0.993102	0.00248848	6.20098e-05	0.993101	1.37813e-20	0.0903525	0.00245856	0.0903509	0.00245856	1.1774	1.17683	0	
0.993102	0.993102	2.84639e-30	0.993102	1.33489e-20	0.993101	9.9331e-23	2.34032e-10	6.12633e-05	0.993102	0.993101	0.790816	0.00245253	1.56215e-23	0.993102	1.44964e-13	3.47446e-22	6.22089e-05	0.993102	0.00248731	6.21329e-05	0.993101	1.37813e-20	0.0901515	0.00245856	0.0901499	0.00245856	1.17651	1.17594	0	
0.993102	0.993102	2.1352e-30	0.993102	9.98847e-21	0.993101	7.65827e-23	2.32569e-10	6.16554e-05	0.993102	0.993101	0.788868	0.00245253	1.1689e-23	0.993102	1.45892e-13	3.49542e-22	6.25845e-05	0.993102	0.00248642	6.2508e-05	0.993101	1.37813e-20	0.0896381	0.00245857	0.0896366	0.00245857	1.17668	1.17614	0	
0.993102	0.993102	1.603e-30	0.993102	7.47401e-21	0.993101	5.95456e-23	2.3167e-10	6.18951e-05	0.993102	0.993101	0.78775	0.00245252	8.74646e-24	0.993102	1.46459e-13	3.50747e-22	6.28007e-05	0.993102	0.00248535	6.27237e-05	0.993101	1.37813e-20	0.0893232	0.00245857	0.0893217	0.00245857	1.17836	1.17787	0	
0.993102	0.993102	1.20444e-30	0.993102	5.59253e-21	0.993101	4.66523e-23	2.32958e-10	6.15561e-05	0.993102	0.993101	0.789725	0.00245251	6.54466e-24	0.993102	1.45657e-13	3.48617e-22	6.24199e-05	0.993102	0.00248384	6.23432e-05	0.993101	1.37813e-20	0.0897751	0.00245858	0.0897736	0.00245858	1.17785	1.17738	0	
0.993102	0.993102	9.06303e-31	0.993102	4.18468e-21	0.993101	3.70475e-23	2.33324e-10	6.14569e-05	0.993102	0.993101	0.790409	0.00245251	4.89713e-24	0.993102	1.45422e-13	3.47881e-22	6.22882e-05	0.993102	0.0024826	6.22116e-05	0.993101	1.37813e-20	0.0899037	0.00245858	0.0899021	0.00245858	1.17847	1.17802	0	
0.993102	0.993102	6.83098e-31	0.993102	3.13125e-21	0.993101	2.98083e-23	2.34332e-10	6.11933e-05	0.993102	0.993101	0.791949	0.00245251	3.66434e-24	0.993102	1.44798e-13	3.46219e-22	6.19905e-05	0.993102	0.00248137	6.19144e-05	0.993101	1.37813e-20	0.0902569	0.00245858	0.0902553	0.00245858	1.17766	1.17721	0	
0.993102	0.993102	5.16243e-31	0.993102	2.343e-21	0.993101	2.44599e-23	2.34131e-10	6.12433e-05	0.993102	0.993101	0.791801	0.00245251	2.74189e-24	0.993102	1.44917e-13	3.46379e-22	6.20192e-05	0.993102	0.0024805	6.19431e-05	0.993101	1.37813e-20	0.0901864	0.00245858	0.0901849	0.00245858	1.17757	1.17714	0	
0.993102	0.993102	3.91411e-31	0.993102	1.75318e-21	0.993101	2.04657e-23	2.33874e-10	6.13088e-05	0.993102	0.993101	0.79157	0.00245252	2.05166e-24	0.993102	1.45071e-13	3.46628e-22	6.20637e-05	0.993102	0.00247964	6.19876e-05	0.993101	1.37813e-20	0.0900965	0.00245858	0.0900949	0.00245858	1.17766	1.17724	0	
0.993102	0.993102	2.97986e-31	0.993102	1.31184e-21	0.993101	1.74697e-23	2.3378e-10	6.13319e-05	0.993102	0.993101	0.791561	0.00245252	1.53518e-24	0.993102	1.45126e-13	3.4664e-22	6.20657e-05	0.993102	0.0024788	6.19896e-05	0.993101	1.37813e-20	0.0900637	0.00245857	0.0900621	0.00245857	1.17747	1.17706	0	
0.993102	0.993102	2.28119e-31	0.993102	9.81603e-22	0.993101	1.52445e-23	2.33485e-10	6.14084e-05	0.993102	0.993101	0.791268	0.00245252	1.14872e-24	0.993102	1.45307e-13	3.46956e-22	6.21223e-05	0.993102	0.00247797	6.20461e-05	0.993101	1.37813e-20	0.0899605	0.00245857	0.089959	0.00245857	1.17722	1.17682	0	
0.993102	0.993102	1.75891e-31	0.993102	7.34497e-22	0.993101	1.36009e-23	2.32977e-10	6.15421e-05	0.993102	0.993101	0.790667	0.00245252	8.59546e-25	0.993102	1.45623e-13	3.47605e-22	6.22386e-05	0.993102	0.00247722	6.21623e-05	0.993101	1.37813e-20	0.0897827	0.00245858	0.0897811	0.00245858	1.17643	1.17604	0	
0.993102	0.993102	1.36977e-31	0.993102	5.49598e-22	0.993101	1.24413e-23	2.31687e-10	6.18897e-05	0.993102	0.993101	0.788927	0.00245251	6.43167e-25	0.993102	1.46446e-13	3.49478e-22	6.2574e-05	0.993102	0.00247659	6.24973e-05	0.993101	1.37813e-20	0.0893295	0.00245858	0.089328	0.00245858	1.17608	1.1757	0	
0.993102	0.993102	1.07934e-31	0.993102	4.11244e-22	0.993101	1.16054e-23	2.30322e-10	6.22606e-05	0.993102	0.993101	0.78706	0.00245251	4.81258e-25	0.993102	1.47324e-13	3.51488e-22	6.29342e-05	0.993102	0.002476	6.28568e-05	0.993101	1.37813e-20	0.0888505	0.00245858	0.088849	0.00245858	1.17675	1.17639	0	
0.993102	0.993102	8.60599e-32	0.993102	3.07719e-22	0.993101	1.09198e-23	2.30062e-10	6.23279e-05	0.993102	0.993101	0.786807	0.0024525	3.60108e-25	0.993102	1.47483e-13	3.51762e-22	6.29838e-05	0.993102	0.00247526	6.29061e-05	0.993101	1.37813e-20	0.0887601	0.00245859	0.0887586	0.00245859	1.17596	1.17561	0	
0.993102	0.993102	6.98611e-32	0.993102	2.30255e-22	0.993101	1.0478e-23	2.2897e-10	6.26271e-05	0.993102	0.993101	0.785319	0.00245249	2.69456e-25	0.993102	1.48191e-13	3.53363e-22	6.32709e-05	0.993102	0.00247465	6.31927e-05	0.993101	1.37813e-20	0.0883764	0.0024586	0.0883748	0.0024586	1.17595	1.17561	0	
0.993102	0.993102	5.77439e-32	0.993102	1.72291e-22	0.993101	1.0149e-23	2.28133e-10	6.28564e-05	0.993102	0.993101	0.784208	0.00245248	2.01624e-25	0.993102	1.48734e-13	3.5456e-22	6.34856e-05	0.993102	0.00247398	6.34069e-05	0.993101	1.37813e-20	0.0880826	0.00245861	0.0880811	0.00245861	1.17596	1.17564	0	
0.993102	0.993102	4.86731e-32	0.993102	1.28919e-22	0.993101	9.90109e-24	2.27527e-10	6.30222e-05	0.993102	0.993101	0.783427	0.00245247	1.50868e-25	0.993102	1.49126e-13	3.554e-22	6.36366e-05	0.993102	0.00247332	6.35574e-05	0.993101	1.37813e-20	0.0878702	0.00245862	0.0878687	0.00245862	1.17593	1.17562	0	
0.993102	0.993102	4.18924e-32	0.993102	9.64656e-23	0.993101	9.71844e-24	2.27039e-10	6.31561e-05	0.993102	0.993101	0.782811	0.00245246	1.12889e-25	0.993102	1.49443e-13	3.56064e-22	6.3756e-05	0.993102	0.00247269	6.36764e-05	0.993101	1.37813e-20	0.0876992	0.00245863	0.0876977	0.00245863	1.17688	1.17659	0	
0.993102	0.993102	3.66164e-32	0.993102	7.21817e-23	0.993101	9.49635e-24	2.27754e-10	6.29577e-05	0.993102	0.993101	0.78395	0.00245245	8.44707e-26	0.993102	1.48973e-13	3.54842e-22	6.35375e-05	0.993102	0.00247195	6.3458e-05	0.993101	1.37813e-20	0.0879514	0.00245864	0.0879499	0.00245864	1.17757	1.1773	0	
0.993102	0.993102	3.25237e-32	0.993102	5.40109e-23	0.993101	9.26908e-24	2.291e-10	6.25921e-05	0.993102	0.993101	0.785967	0.00245245	6.32063e-26	0.993102	1.48108e-13	3.52671e-22	6.31491e-05	0.993102	0.00247117	6.307e-05	0.993101	1.37813e-20	0.0884248	0.00245864	0.0884233	0.00245864	1.17793	1.17768	0	
0.993102	0.993102	2.93883e-32	0.993102	4.04144e-23	0.993101	9.0682e-24	2.3053e-10	6.22078e-05	0.993102	0.993101	0.788078	0.00245245	4.7295e-26	0.993102	1.47199e-13	3.50397e-22	6.27418e-05	0.993102	0.00247039	6.26632e-05	0.993101	1.37813e-20	0.0889268	0.00245864	0.0889253	0.00245864	1.17756	1.17731	0	
0.993102	0.993102	2.71183e-32	0.993102	3.02406e-23	0.993101	8.95002e-24	2.3116e-10	6.20356e-05	0.993102	0.993101	0.789067	0.00245246	3.53891e-26	0.993102	1.46791e-13	3.49332e-22	6.25509e-05	0.993102	0.00246972	6.24726e-05	0.993101	1.37813e-20	0.089148	0.00245863	0.0891464	0.00245863	1.17777	1.17753	0	
0.993102	0.993102	2.5376e-32	0.993102	2.2628e-23	0.993101	8.84315e-24	2.31883e-10	6.18406e-05	0.993102	0.993101	0.790168	0.00245246	2.64804e-26	0.993102	1.4633e-13	3.48145e-22	6.2338e-05	0.993102	0.00246909	6.22602e-05	0.993101	1.37813e-20	0.0894015	0.00245863	0.0894	0.00245863	1.17792	1.17769	0	
0.993102	0.993102	2.40416e-32	0.993102	1.69317e-23	0.993101	8.75023e-24	2.32603e-10	6.1648e-05	0.993102	0.993101	0.79125	0.00245247	1.98143e-26	0.993102	1.45874e-13	3.46978e-22	6.21286e-05	0.993102	0.0024685	6.20513e-05	0.993101	1.37813e-20	0.0896536	0.00245862	0.0896521	0.00245862	1.17747	1.17724	0	
0.993102	0.993102	2.3136e-32	0.993102	1.26694e-23	0.993101	8.71991e-24	2.32606e-10	6.16446e-05	0.993102	0.993101	0.79133	0.00245248	1.48263e-26	0.993102	1.45866e-13	3.46892e-22	6.21129e-05	0.993102	0.00246804	6.20358e-05	0.993101	1.37813e-20	0.0896544	0.00245861	0.0896529	0.00245861	1.1781	1.17789	0	
0.993102	0.993102	2.23289e-32	0.993102	9.48002e-24	0.993101	8.64258e-24	2.33359e-10	6.14456e-05	0.993102	0.993101	0.792431	0.00245249	1.1094e-26	0.993102	1.45395e-13	3.45703e-22	6.18996e-05	0.993102	0.00246754	6.18229e-05	0.993101	1.37813e-20	0.0899179	0.00245861	0.0899164	0.00245861	1.17746	1.17725	0	
0.993102	0.993102	2.18565e-32	0.993102	7.09355e-24	0.993101	8.64027e-24	2.33159e-10	6.14963e-05	0.993102	0.993101	0.792223	0.00245249	8.30126e-27	0.993102	1.45515e-13	3.45927e-22	6.19395e-05	0.993102	0.00246711	6.18629e-05	0.993101	1.37813e-20	0.0898478	0.0024586	0.0898463	0.0024586	1.17777	1.17757	0	
0.993102	0.993102	2.14394e-32	0.993102	5.30785e-24	0.993101	8.61165e-24	2.33376e-10	6.1438e-05	0.993102	0.993101	0.792587	0.0024525	6.21153e-27	0.993102	1.45377e-13	3.45534e-22	6.18689e-05	0.993102	0.00246665	6.17925e-05	0.993101	1.37813e-20	0.0899235	0.0024586	0.0899219	0.0024586	1.1772	1.177	0	
0.993102	0.993102	2.1245e-32	0.993102	3.97167e-24	0.993101	8.63993e-24	2.32867e-10	6.15718e-05	0.993102	0.993101	0.79194	0.0024525	4.64787e-27	0.993102	1.45694e-13	3.46232e-22	6.19937e-05	0.993102	0.00246627	6.19173e-05	0.993101	1.37813e-20	0.0897451	0.00245859	0.0897435	0.00245859	1.17679	1.1766	0	
0.993102	0.993102	2.11844e-32	0.993102	2.97186e-24	0.993101	8.69689e-24	2.32018e-10	6.17986e-05	0.993102	0.993101	0.790802	0.0024525	3.47784e-27	0.993102	1.4623e-13	3.47459e-22	6.22133e-05	0.993102	0.00246593	6.21366e-05	0.993101	1.37813e-20	0.0894469	0.00245859	0.0894454	0.00245859	1.17563	1.17544	0	
0.993102	0.993102	2.13895e-32	0.993102	2.22373e-24	0.993101	8.84523e-24	2.30061e-10	6.23364e-05	0.993102	0.993101	0.78802	0.0024525	2.60234e-27	0.993102	1.47503e-13	3.50452e-22	6.27492e-05	0.993102	0.00246572	6.26718e-05	0.993101	1.37813e-20	0.0887585	0.00245859	0.088757	0.00245859	1.17521	1.17502	0	
0.993102	0.993102	2.16383e-32	0.993102	1.66394e-24	0.993101	8.99647e-24	2.28116e-10	6.28769e-05	0.993102	0.993101	0.785223	0.00245249	1.94724e-27	0.993102	1.48782e-13	3.53459e-22	6.3288e-05	0.993102	0.0024655	6.32098e-05	0.993101	1.37813e-20	0.0880743	0.0024586	0.0880728	0.0024586	1.17459	1.17441	0	
0.993102	0.993102	2.19642e-32	0.993102	1.24506e-24	0.993101	9.16856e-24	2.2598e-10	6.34813e-05	0.993102	0.993101	0.782085	0.00245248	1.45706e-27	0.993102	1.50212e-13	3.56829e-22	6.3892e-05	0.993102	0.00246531	6.38127e-05	0.993101	1.37813e-20	0.0873218	0.00245861	0.0873203	0.00245861	1.17468	1.1745	0	
0.993102	0.993102	2.2189e-32	0.993102	9.31636e-25	0.993101	9.28925e-24	2.24473e-10	6.39064e-05	0.993102	0.993101	0.779893	0.00245246	1.09027e-27	0.993102	1.51218e-13	3.59185e-22	6.43148e-05	0.993102	0.00246509	6.42345e-05	0.993101	1.37813e-20	0.0867916	0.00245863	0.0867901	0.00245863	1.17376	1.17358	0	
0.993102	0.993102	2.25712e-32	0.993102	6.97109e-25	0.993101	9.46988e-24	2.22343e-10	6.45268e-05	0.993102	0.993101	0.776665	0.00245245	8.15815e-28	0.993102	1.52686e-13	3.62646e-22	6.49354e-05	0.993102	0.00246491	6.48538e-05	0.993101	1.37813e-20	0.0860398	0.00245865	0.0860383	0.00245865	1.17464	1.17447	0	
0.993102	0.993102	2.26519e-32	0.993102	5.21621e-25	0.993101	9.51835e-24	2.2171e-10	6.47011e-05	0.993102	0.993101	0.775794	0.00245242	6.1045e-28	0.993102	1.53099e-13	3.63586e-22	6.51049e-05	0.993102	0.00246464	6.50225e-05	0.993101	1.37813e-20	0.0858183	0.00245867	0.0858168	0.00245867	1.17465	1.17448	0	
0.993102	0.993102	2.27107e-32	0.993102	3.9031e-25	0.993101	9.55394e-24	2.21244e-10	6.48293e-05	0.993102	0.993101	0.775163	0.00245241	4.56783e-28	0.993102	1.53402e-13	3.64268e-22	6.52278e-05	0.993102	0.00246437	6.51449e-05	0.993101	1.37813e-20	0.0856554	0.00245869	0.0856539	0.00245869	1.17398	1.17382	0	
0.993102	0.993102	2.29106e-32	0.993102	2.92055e-25	0.993101	9.64639e-24	2.20161e-10	6.51459e-05	0.993102	0.993101	0.773534	0.00245239	3.418e-28	0.993102	1.54151e-13	3.66015e-22	6.55414e-05	0.993102	0.00246416	6.54577e-05	0.993101	1.37813e-20	0.0852732	0.0024587	0.0852717	0.0024587	1.17418	1.17403	0	
0.993102	0.993102	2.30119e-32	0.993102	2.18534e-25	0.993101	9.69517e-24	2.19574e-10	6.53148e-05	0.993102	0.993101	0.772683	0.00245238	2.55763e-28	0.993102	1.54551e-13	3.66929e-22	6.57059e-05	0.993102	0.00246393	6.56216e-05	0.993101	1.37813e-20	0.0850671	0.00245872	0.0850656	0.00245872	1.17417	1.17402	0	
0.993102	0.993102	2.30902e-32	0.993102	1.63521e-25	0.993101	9.73267e-24	2.19124e-10	6.54445e-05	0.993102	0.993101	0.772036	0.00245236	1.91384e-28	0.993102	1.54858e-13	3.67624e-22	6.58311e-05	0.993102	0.0024637	6.57463e-05	0.993101	1.37813e-20	0.084909	0.00245873	0.0849075	0.00245873	1.1742	1.17405	0	
0.993102	0.993102	2.31425e-32	0.993102	1.22357e-25	0.993101	9.75812e-24	2.18817e-10	6.55329e-05	0.993102	0.993101	0.771607	0.00245235	1.43211e-28	0.993102	1.55067e-13	3.68087e-22	6.59146e-05	0.993102	0.00246347	6.58293e-05	0.993101	1.37813e-20	0.084801	0.00245874	0.0847996	0.00245874	1.17418	1.17404	0	
0.993102	0.993102	2.31865e-32	0.993102	9.15552e-26	0.993101	9.77921e-24	2.18564e-10	6.56059e-05	0.993102	0.993101	0.771255	0.00245234	1.07166e-28	0.993102	1.5524e-13	3.68465e-22	6.59828e-05	0.993102	0.00246326	6.58972e-05	0.993101	1.37813e-20	0.0847123	0.00245875	0.0847108	0.00245875	1.17419	1.17405	0	
0.993102	0.993102	2.32177e-32	0.993102	6.85074e-26	0.993101	9.79422e-24	2.18383e-10	6.56579e-05	0.993102	0.993101	0.771013	0.00245233	8.0194e-29	0.993102	1.55363e-13	3.68726e-22	6.60301e-05	0.993102	0.00246305	6.59441e-05	0.993101	1.37813e-20	0.084649	0.00245876	0.0846475	0.00245876	1.17482	1.17469	0	
0.993102	0.993102	2.3094e-32	0.993102	5.12616e-26	0.993101	9.74342e-24	2.18947e-10	6.54881e-05	0.993102	0.993101	0.771941	0.00245233	6.0012e-29	0.993102	1.54961e-13	3.67735e-22	6.58528e-05	0.993102	0.00246279	6.5767e-05	0.993101	1.37813e-20	0.0848496	0.00245877	0.0848481	0.00245877	1.17497	1.17484	0	
0.993102	0.993102	2.29669e-32	0.993102	3.83572e-26	0.993101	9.69084e-24	2.19538e-10	6.53116e-05	0.993102	0.993101	0.7729	0.00245232	4.49105e-29	0.993102	1.54544e-13	3.66709e-22	6.56694e-05	0.993102	0.00246256	6.55836e-05	0.993101	1.37813e-20	0.0850592	0.00245877	0.0850577	0.00245877	1.17604	1.17592	0	
0.993102	0.993102	2.2634e-32	0.993102	2.87013e-26	0.993101	9.5511e-24	2.21183e-10	6.48348e-05	0.993102	0.993101	0.775437	0.00245232	3.36103e-29	0.993102	1.53415e-13	3.63991e-22	6.51826e-05	0.993102	0.00246228	6.50976e-05	0.993101	1.37813e-20	0.0856407	0.00245877	0.0856392	0.00245877	1.17429	1.17416	0	
0.993102	0.993102	2.27799e-32	0.993102	2.14761e-26	0.993101	9.61332e-24	2.20457e-10	6.50466e-05	0.993102	0.993101	0.774344	0.00245233	2.51552e-29	0.993102	1.53917e-13	3.6516e-22	6.53917e-05	0.993102	0.00246215	6.53065e-05	0.993101	1.37813e-20	0.0853834	0.00245876	0.0853819	0.00245876	1.1746	1.17448	0	
0.993102	0.993102	2.28171e-32	0.993102	1.60698e-26	0.993101	9.62947e-24	2.20255e-10	6.51029e-05	0.993102	0.993101	0.774072	0.00245233	1.88285e-29	0.993102	1.5405e-13	3.65452e-22	6.54439e-05	0.993102	0.00246199	6.53587e-05	0.993101	1.37813e-20	0.0853122	0.00245876	0.0853107	0.00245876	1.17579	1.17568	0	
0.993102	0.993102	2.25772e-32	0.993102	1.20245e-26	0.993101	9.52853e-24	2.21433e-10	6.47595e-05	0.993102	0.993101	0.775904	0.00245233	1.40942e-29	0.993102	1.53237e-13	3.6349e-22	6.50925e-05	0.993102	0.00246175	6.50078e-05	0.993101	1.37813e-20	0.0857288	0.00245876	0.0857273	0.00245876	1.17482	1.17471	0	
0.993102	0.993102	2.26144e-32	0.993102	8.99748e-27	0.993101	9.5445e-24	2.21232e-10	6.48153e-05	0.993102	0.993101	0.775631	0.00245234	1.05519e-29	0.993102	1.53369e-13	3.63783e-22	6.51448e-05	0.993102	0.00246162	6.50601e-05	0.993101	1.37813e-20	0.0856575	0.00245876	0.085656	0.00245876	1.17491	1.1748	0	
0.993102	0.993102	2.26227e-32	0.993102	6.73249e-27	0.993101	9.54823e-24	2.21176e-10	6.48292e-05	0.993102	0.993101	0.775578	0.00245234	7.90129e-30	0.993102	1.53402e-13	3.63839e-22	6.51547e-05	0.993102	0.00246147	6.50701e-05	0.993101	1.37813e-20	0.0856378	0.00245875	0.0856363	0.00245875	1.17438	1.17427	0	
0.993102	0.993102	2.27511e-32	0.993102	5.03768e-27	0.993101	9.60254e-24	2.20548e-10	6.50135e-05	0.993102	0.993101	0.774627	0.00245234	5.91807e-30	0.993102	1.53838e-13	3.64858e-22	6.53369e-05	0.993102	0.00246137	6.52521e-05	0.993101	1.37813e-20	0.0854154	0.00245875	0.0854139	0.00245875	1.17459	1.17448	0	
0.993102	0.993102	2.27984e-32	0.993102	3.76952e-27	0.993101	9.62263e-24	2.20309e-10	6.50823e-05	0.993102	0.993101	0.774283	0.00245234	4.43405e-30	0.993102	1.54001e-13	3.65227e-22	6.54031e-05	0.993102	0.00246126	6.53182e-05	0.993101	1.37813e-20	0.0853312	0.00245875	0.0853297	0.00245875	1.17435	1.17424	0	
0.993102	0.993102	2.28885e-32	0.993102	2.8206e-27	0.993101	9.66075e-24	2.19871e-10	6.52114e-05	0.993102	0.993101	0.773619	0.00245234	3.32367e-30	0.993102	1.54307e-13	3.65938e-22	6.55304e-05	0.993102	0.00246116	6.54453e-05	0.993101	1.37813e-20	0.0851761	0.00245875	0.0851746	0.00245875	1.17474	1.17464	0	
0.993102	0.993102	2.28659e-32	0.993102	2.11056e-27	0.993101	9.65123e-24	2.19973e-10	6.51799e-05	0.993102	0.993101	0.773806	0.00245234	2.49272e-30	0.993102	1.54232e-13	3.65739e-22	6.54951e-05	0.993102	0.00246102	6.54099e-05	0.993101	1.37813e-20	0.0852126	0.00245876	0.0852111	0.00245876	1.17471	1.17461	0	
0.993102	0.993102	2.28552e-32	0.993102	1.57926e-27	0.993101	9.64675e-24	2.20019e-10	6.51653e-05	0.993102	0.993101	0.773902	0.00245233	1.87096e-30	0.993102	1.54197e-13	3.65637e-22	6.54767e-05	0.993102	0.00246087	6.53916e-05	0.993101	1.37813e-20	0.0852291	0.00245876	0.0852276	0.00245876	1.1748	1.1747	0	
0.993102	0.993102	2.28277e-32	0.993102	1.18171e-27	0.993101	9.63517e-24	2.20148e-10	6.51265e-05	0.993102	0.993101	0.774125	0.00245233	1.40569e-30	0.993102	1.54106e-13	3.65398e-22	6.54341e-05	0.993102	0.00246074	6.5349e-05	0.993101	1.37813e-20	0.0852749	0.00245876	0.0852734	0.00245876	1.17603	1.17594	0	
0.993102	0.993102	2.25322e-32	0.993102	8.84235e-28	0.993101	9.51047e-24	2.21627e-10	6.46998e-05	0.993102	0.993101	0.776385	0.00245233	1.05728e-30	0.993102	1.53096e-13	3.62976e-22	6.50004e-05	0.993102	0.00246054	6.49158e-05	0.993101	1.37813e-20	0.0857975	0.00245876	0.085796	0.00245876	1.17572	1.17564	0	
0.993102	0.993102	2.23779e-32	0.993102	6.61646e-28	0.993101	9.44541e-24	2.22388e-10	6.44782e-05	0.993102	0.993101	0.777568	0.00245234	7.96643e-31	0.993102	1.52571e-13	3.61707e-22	6.47729e-05	0.993102	0.00246037	6.46887e-05	0.993101	1.37813e-20	0.0860663	0.00245875	0.0860648	0.00245875	1.17579	1.1757	0	
0.993102	0.993102	2.22483e-32	0.993102	4.95091e-28	0.993101	9.39075e-24	2.2303e-10	6.42917e-05	0.993102	0.993101	0.778565	0.00245234	6.01602e-31	0.993102	1.5213e-13	3.60637e-22	6.4581e-05	0.993102	0.00246021	6.44973e-05	0.993101	1.37813e-20	0.0862929	0.00245875	0.0862914	0.00245875	1.17606	1.17598	0	
0.993102	0.993102	2.20919e-32	0.993102	3.70464e-28	0.993101	9.32474e-24	2.23819e-10	6.40652e-05	0.993102	0.993101	0.77977	0.00245235	4.55601e-31	0.993102	1.51594e-13	3.59345e-22	6.43492e-05	0.993102	0.00246006	6.4266e-05	0.993101	1.37813e-20	0.0865711	0.00245874	0.0865696	0.00245874	1.17603	1.17595	0	
0.993102	0.993102	2.19825e-32	0.993102	2.7721e-28	0.993101	9.2786e-24	2.2437e-10	6.39069e-05	0.993102	0.993101	0.780616	0.00245236	3.46361e-31	0.993102	1.5122e-13	3.58437e-22	6.41861e-05	0.993102	0.00245992	6.41033e-05	0.993101	1.37813e-20	0.086765	0.00245873	0.0867635	0.00245873	1.17602	1.17595	0	
0.993102	0.993102	2.19011e-32	0.993102	2.07432e-28	0.993101	9.24428e-24	2.24779e-10	6.37892e-05	0.993102	0.993101	0.781248	0.00245237	2.64622e-31	0.993102	1.50941e-13	3.57757e-22	6.4064e-05	0.993102	0.00245979	6.39816e-05	0.993101	1.37813e-20	0.0869091	0.00245872	0.0869076	0.00245872	1.17661	1.17653	0	
0.993102	0.993102	2.17141e-32	0.993102	1.55219e-28	0.993101	9.16539e-24	2.25755e-10	6.35154e-05	0.993102	0.993101	0.782696	0.00245238	2.03333e-31	0.993102	1.50293e-13	3.562e-22	6.37849e-05	0.993102	0.00245964	6.3703e-05	0.993101	1.37813e-20	0.0872525	0.00245872	0.087251	0.00245872	1.17629	1.17622	0	
0.993102	0.993102	2.16423e-32	0.993102	1.1615e-28	0.993101	9.1351e-24	2.26121e-10	6.3411e-05	0.993102	0.993101	0.783257	0.00245238	1.57541e-31	0.993102	1.50046e-13	3.55597e-22	6.36764e-05	0.993102	0.00245952	6.35948e-05	0.993101	1.37813e-20	0.087381	0.00245871	0.0873795	0.00245871	1.17614	1.17606	0	
0.993102	0.993102	2.16222e-32	0.993102	8.69164e-29	0.993101	9.12666e-24	2.26217e-10	6.33825e-05	0.993102	0.993101	0.783421	0.00245239	1.2331e-31	0.993102	1.49979e-13	3.5542e-22	6.36444e-05	0.993102	0.00245941	6.35631e-05	0.993101	1.37813e-20	0.0874145	0.0024587	0.087413	0.0024587	1.17624	1.17617	0	
0.993102	0.993102	2.15845e-32	0.993102	6.50418e-29	0.993101	9.11079e-24	2.26408e-10	6.33279e-05	0.993102	0.993101	0.783721	0.0024524	9.76735e-32	0.993102	1.49849e-13	3.55098e-22	6.35863e-05	0.993102	0.0024593	6.35053e-05	0.993101	1.37813e-20	0.0874815	0.00245869	0.08748	0.00245869	1.1762	1.17613	0	
0.993102	0.993102	2.15644e-32	0.993102	4.86738e-29	0.993101	9.10233e-24	2.26508e-10	6.32988e-05	0.993102	0.993101	0.783886	0.0024524	7.84989e-32	0.993102	1.49781e-13	3.5492e-22	6.35542e-05	0.993102	0.00245919	6.34733e-05	0.993101	1.37813e-20	0.0875167	0.00245869	0.0875151	0.00245869	1.17559	1.17552	0	
0.993102	0.993102	2.16836e-32	0.993102	3.64264e-29	0.993101	9.15265e-24	2.25888e-10	6.34732e-05	0.993102	0.993101	0.782986	0.00245241	6.42854e-32	0.993102	1.50193e-13	3.55886e-22	6.37269e-05	0.993102	0.00245911	6.36459e-05	0.993101	1.37813e-20	0.0872979	0.00245868	0.0872963	0.00245868	1.17554	1.17548	0	
0.993102	0.993102	2.17833e-32	0.993102	2.72621e-29	0.993101	9.19473e-24	2.25371e-10	6.36189e-05	0.993102	0.993101	0.782236	0.00245241	5.36604e-32	0.993102	1.50538e-13	3.56691e-22	6.3871e-05	0.993102	0.00245903	6.37899e-05	0.993101	1.37813e-20	0.0871155	0.00245868	0.087114	0.00245868	1.17531	1.17524	0	
0.993102	0.993102	2.19104e-32	0.993102	2.04049e-29	0.993101	9.2484e-24	2.2472e-10	6.3804e-05	0.993102	0.993101	0.781279	0.00245241	4.57627e-32	0.993102	1.50976e-13	3.57719e-22	6.40551e-05	0.993102	0.00245896	6.39737e-05	0.993101	1.37813e-20	0.0868857	0.00245868	0.0868842	0.00245868	1.17441	1.17434	0	
0.993102	0.993102	2.22103e-32	0.993102	1.52741e-29	0.993101	9.37496e-24	2.23236e-10	6.42353e-05	0.993102	0.993101	0.779027	0.00245241	4.00579e-32	0.993102	1.51997e-13	3.60133e-22	6.44874e-05	0.993102	0.00245893	6.44054e-05	0.993101	1.37813e-20	0.0863614	0.00245869	0.0863599	0.00245869	1.17431	1.17425	0	
0.993102	0.993102	2.24577e-32	0.993102	1.14349e-29	0.993101	9.47935e-24	2.22017e-10	6.45907e-05	0.993102	0.993101	0.777174	0.0024524	3.58121e-32	0.993102	1.52838e-13	3.62119e-22	6.48434e-05	0.993102	0.00245889	6.47608e-05	0.993101	1.37813e-20	0.0859309	0.00245869	0.0859294	0.00245869	1.17456	1.1745	0	
0.993102	0.993102	2.25851e-32	0.993102	8.5621e-30	0.993101	9.53309e-24	2.21379e-10	6.47747e-05	0.993102	0.993101	0.776222	0.00245239	3.25775e-32	0.993102	1.53273e-13	3.63141e-22	6.50271e-05	0.993102	0.00245882	6.49439e-05	0.993101	1.37813e-20	0.0857061	0.0024587	0.0857046	0.0024587	1.17452	1.17446	0	
0.993102	0.993102	2.26888e-32	0.993102	6.41251e-30	0.993101	9.57682e-24	2.20862e-10	6.49243e-05	0.993102	0.993101	0.77545	0.00245238	3.01655e-32	0.993102	1.53627e-13	3.6397e-22	6.5176e-05	0.993102	0.00245876	6.50924e-05	0.993101	1.37813e-20	0.0855239	0.00245871	0.0855224	0.00245871	1.17422	1.17416	0	
0.993102	0.993102	2.28368e-32	0.993102	4.80412e-30	0.993101	9.63926e-24	2.20142e-10	6.51361e-05	0.993102	0.993101	0.77435	0.00245237	2.84312e-32	0.993102	1.54128e-13	3.65149e-22	6.53876e-05	0.993102	0.0024587	6.53035e-05	0.993101	1.37813e-20	0.0852696	0.00245872	0.0852681	0.00245872	1.17431	1.17425	0	
0.993102	0.993102	2.29271e-32	0.993102	3.6006e-30	0.993101	9.67732e-24	2.19699e-10	6.52655e-05	0.993102	0.993101	0.773684	0.00245236	2.71129e-32	0.993102	1.54435e-13	3.65864e-22	6.55162e-05	0.993102	0.00245864	6.54317e-05	0.993101	1.37813e-20	0.0851137	0.00245873	0.0851122	0.00245873	1.1733	1.17324	0	
0.993102	0.993102	2.32353e-32	0.993102	2.7003e-30	0.993101	9.80738e-24	2.18269e-10	6.56995e-05	0.993102	0.993101	0.771415	0.00245235	2.63672e-32	0.993102	1.55462e-13	3.68291e-22	6.59512e-05	0.993102	0.00245859	6.58658e-05	0.993101	1.37813e-20	0.0846067	0.00245874	0.0846053	0.00245874	1.17358	1.17352	0	
0.993102	0.993102	2.33993e-32	0.993102	2.02656e-30	0.993101	9.87656e-24	2.17497e-10	6.59316e-05	0.993102	0.993101	0.770207	0.00245234	2.57425e-32	0.993102	1.56011e-13	3.69585e-22	6.61835e-05	0.993102	0.00245854	6.60975e-05	0.993101	1.37813e-20	0.0843336	0.00245875	0.0843321	0.00245875	1.17394	1.17389	0	
0.993102	0.993102	2.3434e-32	0.993102	1.52234e-30	0.993101	9.89115e-24	2.17319e-10	6.59821e-05	0.993102	0.993101	0.769954	0.00245233	2.51871e-32	0.993102	1.5613e-13	3.69858e-22	6.62331e-05	0.993102	0.00245848	6.61467e-05	0.993101	1.37813e-20	0.0842718	0.00245876	0.0842703	0.00245876	1.17441	1.17435	0	
0.993102	0.993102	2.33511e-32	0.993102	1.14495e-30	0.993101	9.85615e-24	2.17695e-10	6.58663e-05	0.993102	0.993101	0.770573	0.00245232	2.46627e-32	0.993102	1.55856e-13	3.69199e-22	6.61155e-05	0.993102	0.00245841	6.6029e-05	0.993101	1.37813e-20	0.0844058	0.00245877	0.0844044	0.00245877	1.17351	1.17346	0	
0.993102	0.993102	2.35018e-32	0.993102	8.62766e-31	0.993101	9.91972e-24	2.16996e-10	6.60785e-05	0.993102	0.993101	0.769468	0.00245231	2.4483e-32	0.993102	1.56358e-13	3.7038e-22	6.63274e-05	0.993102	0.00245836	6.62405e-05	0.993101	1.37813e-20	0.0841581	0.00245878	0.0841566	0.00245878	1.17421	1.17416	0	
0.993102	0.993102	2.34486e-32	0.993102	6.51455e-31	0.993101	9.89723e-24	2.17233e-10	6.60045e-05	0.993102	0.993101	0.769866	0.00245231	2.41825e-32	0.993102	1.56183e-13	3.69957e-22	6.6252e-05	0.993102	0.0024583	6.6165e-05	0.993101	1.37813e-20	0.0842429	0.00245879	0.0842414	0.00245879	1.1747	1.17465	0	
0.993102	0.993102	2.32947e-32	0.993102	4.93224e-31	0.993101	9.83228e-24	2.17952e-10	6.57874e-05	0.993102	0.993101	0.771013	0.0024523	2.38437e-32	0.993102	1.5567e-13	3.68731e-22	6.60326e-05	0.993102	0.00245824	6.59459e-05	0.993101	1.37813e-20	0.0844982	0.00245879	0.0844967	0.00245879	1.17396	1.17391	0	
0.993102	0.993102	2.33514e-32	0.993102	3.74998e-31	0.993101	9.85618e-24	2.1768e-10	6.5868e-05	0.993102	0.993101	0.770596	0.0024523	2.37619e-32	0.993102	1.5586e-13	3.69177e-22	6.61125e-05	0.993102	0.0024582	6.60256e-05	0.993101	1.37813e-20	0.084402	0.00245879	0.0844005	0.00245879	1.1744	1.17435	0	
0.993102	0.993102	2.32906e-32	0.993102	2.8643e-31	0.993101	9.83054e-24	2.17959e-10	6.57828e-05	0.993102	0.993101	0.77105	0.0024523	2.35976e-32	0.993102	1.55659e-13	3.68693e-22	6.60258e-05	0.993102	0.00245816	6.5939e-05	0.993101	1.37813e-20	0.084501	0.00245879	0.0844995	0.00245879	1.17447	1.17442	0	
0.993102	0.993102	2.32294e-32	0.993102	2.20143e-31	0.993101	9.8047e-24	2.18242e-10	6.56967e-05	0.993102	0.993101	0.771508	0.0024523	2.34589e-32	0.993102	1.55455e-13	3.68203e-22	6.59382e-05	0.993102	0.00245811	6.58515e-05	0.993101	1.37813e-20	0.0846015	0.00245879	0.0846	0.00245879	1.17458	1.17453	0	
0.993102	0.993102	2.31584e-32	0.993102	1.70517e-31	0.993101	9.77474e-24	2.18574e-10	6.55965e-05	0.993102	0.993101	0.772039	0.0024523	2.33299e-32	0.993102	1.55218e-13	3.67635e-22	6.58364e-05	0.993102	0.00245807	6.57499e-05	0.993101	1.37813e-20	0.0847192	0.00245879	0.0847177	0.00245879	1.17446	1.17441	0	
0.993102	0.993102	2.31331e-32	0.993102	1.33411e-31	0.993101	9.76409e-24	2.1869e-10	6.5561e-05	0.993102	0.993101	0.772229	0.0024523	2.32613e-32	0.993102	1.55134e-13	3.67432e-22	6.57999e-05	0.993102	0.00245804	6.57134e-05	0.993101	1.37813e-20	0.0847601	0.00245879	0.0847586	0.00245879	1.17453	1.17448	0	
0.993102	0.993102	2.30975e-32	0.993102	1.0563e-31	0.993101	9.74903e-24	2.18856e-10	6.55107e-05	0.993102	0.993101	0.772496	0.00245231	2.31931e-32	0.993102	1.55015e-13	3.67145e-22	6.57485e-05	0.993102	0.00245801	6.56622e-05	0.993101	1.37813e-20	0.084819	0.00245879	0.0848176	0.00245879	1.17477	1.17472	0	
0.993102	0.993102	2.30165e-32	0.993102	8.47874e-32	0.993101	9.71487e-24	2.19241e-10	6.53957e-05	0.993102	0.993101	0.773102	0.00245231	2.30878e-32	0.993102	1.54743e-13	3.66497e-22	6.56322e-05	0.993102	0.00245798	6.55461e-05	0.993101	1.37813e-20	0.0849554	0.00245879	0.0849539	0.00245879	1.17496	1.17492	0	
0.993102	0.993102	2.29106e-32	0.993102	6.91464e-32	0.993101	9.67019e-24	2.1975e-10	6.52449e-05	0.993102	0.993101	0.773896	0.00245231	2.29638e-32	0.993102	1.54386e-13	3.65647e-22	6.54799e-05	0.993102	0.00245795	6.53941e-05	0.993101	1.37813e-20	0.0851353	0.00245878	0.0851339	0.00245878	1.17511	1.17506	0	
0.993102	0.993102	2.27987e-32	0.993102	5.741e-32	0.993101	9.62295e-24	2.20291e-10	6.5085e-05	0.993102	0.993101	0.774735	0.00245231	2.28382e-32	0.993102	1.54007e-13	3.64748e-22	6.53186e-05	0.993102	0.00245793	6.52331e-05	0.993101	1.37813e-20	0.0853268	0.00245878	0.0853253	0.00245878	1.17484	1.1748	0	
0.993102	0.993102	2.27751e-32	0.993102	4.86884e-32	0.993101	9.61302e-24	2.20402e-10	6.50517e-05	0.993102	0.993101	0.774911	0.00245232	2.28045e-32	0.993102	1.53929e-13	3.64559e-22	6.52847e-05	0.993102	0.00245792	6.51993e-05	0.993101	1.37813e-20	0.0853656	0.00245877	0.0853641	0.00245877	1.17417	1.17412	0	
0.993102	0.993102	2.29141e-32	0.993102	4.23193e-32	0.993101	9.67169e-24	2.19738e-10	6.52493e-05	0.993102	0.993101	0.773873	0.00245232	2.29358e-32	0.993102	1.54396e-13	3.65669e-22	6.54832e-05	0.993102	0.00245794	6.53977e-05	0.993101	1.37813e-20	0.0851303	0.00245877	0.0851288	0.00245877	1.17465	1.1746	0	
0.993102	0.993102	2.29072e-32	0.993102	3.74425e-32	0.993101	9.6688e-24	2.19767e-10	6.52399e-05	0.993102	0.993101	0.773922	0.00245232	2.29233e-32	0.993102	1.54374e-13	3.65617e-22	6.54738e-05	0.993102	0.00245794	6.53884e-05	0.993101	1.37813e-20	0.0851404	0.00245877	0.085139	0.00245877	1.17485	1.1748	0	
0.993102	0.993102	2.28557e-32	0.993102	3.37469e-32	0.993101	9.64705e-24	2.20012e-10	6.51668e-05	0.993102	0.993101	0.774305	0.00245233	2.28675e-32	0.993102	1.54201e-13	3.65207e-22	6.54004e-05	0.993102	0.00245794	6.53151e-05	0.993101	1.37813e-20	0.0852274	0.00245877	0.0852259	0.00245877	1.1749	1.17485	0	
0.993102	0.993102	2.28049e-32	0.993102	3.09693e-32	0.993101	9.62564e-24	2.20255e-10	6.50945e-05	0.993102	0.993101	0.774682	0.00245233	2.28136e-32	0.993102	1.5403e-13	3.64803e-22	6.5328e-05	0.993102	0.00245794	6.52428e-05	0.993101	1.37813e-20	0.0853134	0.00245877	0.0853119	0.00245877	1.17546	1.17541	0	
0.993102	0.993102	2.26414e-32	0.993102	2.8765e-32	0.993101	9.55662e-24	2.2106e-10	6.48597e-05	0.993102	0.993101	0.775914	0.00245233	2.26476e-32	0.993102	1.53474e-13	3.63483e-22	6.50915e-05	0.993102	0.00245792	6.50067e-05	0.993101	1.37813e-20	0.0855978	0.00245876	0.0855963	0.00245876	1.17602	1.17598	0	
0.993102	0.993102	2.23948e-32	0.993102	2.6991e-32	0.993101	9.45254e-24	2.22299e-10	6.45031e-05	0.993102	0.993101	0.777782	0.00245233	2.23992e-32	0.993102	1.5263e-13	3.61479e-22	6.47324e-05	0.993102	0.00245788	6.46482e-05	0.993101	1.37813e-20	0.0860353	0.00245876	0.0860338	0.00245876	1.17551	1.17547	0	
0.993102	0.993102	2.23219e-32	0.993102	2.57755e-32	0.993101	9.4218e-24	2.22653e-10	6.43989e-05	0.993102	0.993101	0.778328	0.00245234	2.2325e-32	0.993102	1.52384e-13	3.60893e-22	6.46271e-05	0.993102	0.00245787	6.45432e-05	0.993101	1.37813e-20	0.08616	0.00245875	0.0861585	0.00245875	1.17587	1.17583	0	
0.993102	0.993102	2.21884e-32	0.993102	2.47868e-32	0.993101	9.36551e-24	2.23321e-10	6.42061e-05	0.993102	0.993101	0.779337	0.00245235	2.21906e-32	0.993102	1.51928e-13	3.5981e-22	6.44327e-05	0.993102	0.00245785	6.43493e-05	0.993101	1.37813e-20	0.0863956	0.00245875	0.0863941	0.00245875	1.17573	1.17569	0	
0.993102	0.993102	2.21192e-32	0.993102	2.40777e-32	0.993101	9.33633e-24	2.23663e-10	6.41066e-05	0.993102	0.993101	0.779859	0.00245236	2.21206e-32	0.993102	1.51692e-13	3.5925e-22	6.43321e-05	0.993102	0.00245783	6.42489e-05	0.993101	1.37813e-20	0.0865161	0.00245874	0.0865146	0.00245874	1.17585	1.17581	0	
0.993102	0.993102	2.20404e-32	0.993102	2.352e-32	0.993101	9.3031e-24	2.24058e-10	6.39927e-05	0.993102	0.993101	0.780454	0.00245236	2.20413e-32	0.993102	1.51423e-13	3.5861e-22	6.42172e-05	0.993102	0.00245782	6.41344e-05	0.993101	1.37813e-20	0.0866553	0.00245873	0.0866538	0.00245873	1.17574	1.17569	0	
0.993102	0.993102	2.20076e-32	0.993102	2.31288e-32	0.993101	9.28926e-24	2.24219e-10	6.39456e-05	0.993102	0.993101	0.780701	0.00245237	2.2008e-32	0.993102	1.51311e-13	3.58345e-22	6.41693e-05	0.993102	0.00245781	6.40867e-05	0.993101	1.37813e-20	0.0867119	0.00245872	0.0867104	0.00245872	1.17573	1.17568	0	
0.993102	0.993102	2.19847e-32	0.993102	2.28378e-32	0.993101	9.27962e-24	2.24331e-10	6.39128e-05	0.993102	0.993101	0.780873	0.00245237	2.19848e-32	0.993102	1.51234e-13	3.58161e-22	6.4136e-05	0.993102	0.00245781	6.40536e-05	0.993101	1.37813e-20	0.0867511	0.00245872	0.0867496	0.00245872	1.17628	1.17623	0	
0.993102	0.993102	2.1848e-32	0.993102	2.25002e-32	0.993101	9.22195e-24	2.25038e-10	6.37133e-05	0.993102	0.993101	0.781914	0.00245238	2.18479e-32	0.993102	1.50761e-13	3.57042e-22	6.39354e-05	0.993102	0.00245781	6.38534e-05	0.993101	1.37813e-20	0.087	0.00245871	0.0869985	0.00245871	1.17692	1.17688	0	
0.993102	0.993102	2.16081e-32	0.993102	2.21095e-32	0.993101	9.1207e-24	2.2631e-10	6.33601e-05	0.993102	0.993101	0.783759	0.00245238	2.16078e-32	0.993102	1.49926e-13	3.55057e-22	6.35798e-05	0.993102	0.00245777	6.34983e-05	0.993101	1.37813e-20	0.0874476	0.00245871	0.0874461	0.00245871	1.17666	1.17662	0	
