0.25	0.000618156	0.000618156	1.27727e-12	1.27727e-12	0.998263	0.748882	0.748264	0.998263	0.25	0.000618156	0.25	0.000618156	0.25	0.000618156	1.27727e-12	1.27727e-12	0.25	1.27727e-12	0.000618156	0.25	1.27727e-12	2.63265e-21	0.25	1.27727e-12	0.25	0.25	0	0	0	
0.25	0.000618156	0.000618156	1.27727e-12	1.27727e-12	0.998263	0.748882	0.748264	0.998263	0.25	0.000618156	0.25	0.000618156	0.25	0.000618156	1.27727e-12	1.27727e-12	0.25	1.27727e-12	0.000618156	0.25	1.27727e-12	2.63265e-21	0.25	1.27727e-12	0.25	0.25	0	0	0	
0.437066	0.0010807	0.000466719	2.27815e-12	2.87709e-08	0.996964	0.560365	0.559898	0.996964	0.437066	0.0010807	0.437034	0.0010807	0.437066	0.0010807	1.94807e-10	2.27815e-12	0.437066	2.27815e-12	0.00108837	0.437066	2.27815e-12	4.79195e-21	0.437066	2.84174e-08	0.437066	0.437066	0.00473629	0	0	
0.57704	0.00148806	0.000349311	3.19674e-12	4.3558e-05	0.995992	0.419301	0.418952	0.995992	0.57704	0.0014268	0.575655	0.0014268	0.57704	0.0014268	7.79758e-09	3.06189e-12	0.57704	3.06189e-12	0.00150015	0.57704	3.06189e-12	6.55825e-21	0.57704	5.21481e-05	0.57704	0.57704	0.0128695	0	0	
0.681778	0.00191319	0.00026138	4.18213e-12	0.00843906	0.995264	0.313748	0.313486	0.995264	0.681778	0.00168524	0.659664	0.00168524	0.681778	0.00168578	1.15076e-07	3.6762e-12	0.681778	3.67499e-12	0.00192713	0.681778	3.67499e-12	8.00049e-21	0.681778	0.0136809	0.681778	0.681778	0.0231746	0	0	
0.76015	0.00259233	0.000195581	5.36144e-12	0.177259	0.99472	0.234766	0.23457	0.994719	0.76015	0.00178336	0.625232	0.00178336	0.760149	0.00187956	8.20119e-07	4.41311e-12	0.76015	4.15403e-12	0.00242832	0.76015	4.15403e-12	9.75323e-21	0.760149	0.208989	0.76015	0.76015	0.0355444	0	0	
0.818792	0.039143	0.000146347	6.90171e-12	0.382627	0.994312	0.175667	0.17552	0.994296	0.818792	0.00135231	0.46978	0.00135231	0.818791	0.00202457	3.39519e-06	5.24831e-11	0.818792	4.52787e-12	0.00307715	0.818792	4.52787e-12	1.19959e-19	0.818656	0.403642	0.818792	0.818792	0.0494826	0	0	
0.862673	0.262671	0.000109506	9.01704e-12	0.536306	0.994007	0.131475	0.131336	0.992683	0.862673	0.00101218	0.351529	0.00101218	0.86267	0.00213306	9.40388e-06	3.05325e-09	0.862673	4.81966e-12	0.00396344	0.862673	4.81966e-12	7.05048e-18	0.711288	0.551768	0.862673	0.862673	0.0638701	0.000721569	0	
0.895506	0.44594	8.19392e-05	1.21936e-11	0.651298	0.993779	0.101637	0.0982736	0.959594	0.895506	0.00075739	0.263037	0.00075739	0.895501	0.00222321	1.94935e-05	6.69033e-08	0.895506	5.10644e-12	0.00514382	0.895506	5.08494e-12	1.57606e-16	0.532669	0.662822	0.895506	0.895506	0.0788324	0.0056139	0	
0.920075	0.58364	6.13121e-05	3.65967e-11	0.737342	0.993609	0.18486	0.0735345	0.799492	0.920075	0.00056673	0.196821	0.00056673	0.920065	0.00235495	3.1359e-05	6.37085e-07	0.920075	7.02727e-12	0.00668297	0.920075	6.67066e-12	1.651e-15	0.398579	0.745938	0.920075	0.920075	0.0941324	0.0138393	0	
0.938459	0.686712	4.58776e-05	2.24962e-08	0.801727	0.993481	0.388177	0.0550232	0.613149	0.938459	0.000424075	0.147274	0.000424075	0.938441	0.00257676	2.5803e-05	3.26966e-06	0.938458	9.81729e-11	0.0306746	0.938459	7.54408e-11	9.86318e-15	0.298242	0.7908	0.938458	0.938458	0.1095	0.0244962	0	
0.952214	0.763841	3.43285e-05	5.26141e-05	0.849903	0.993385	0.540459	0.0411719	0.461967	0.952214	0.000317456	0.1102	0.000317456	0.952182	0.00293547	1.93369e-05	1.06469e-05	0.952214	4.85095e-09	0.251446	0.952214	2.98349e-09	3.88107e-14	0.223164	0.591751	0.952214	0.952214	0.125017	0.0368922	0	
0.962507	0.821554	2.56868e-05	0.0270814	0.88594	0.993314	0.654405	0.0308074	0.346567	0.962507	0.000238602	0.0824584	0.000238601	0.962448	0.00348585	1.44701e-05	2.47713e-05	0.962507	1.2966e-07	0.437353	0.962507	6.24931e-08	1.11733e-13	0.166985	0.442785	0.962507	0.962507	0.140332	0.0504292	0	
0.970209	0.864739	1.92205e-05	0.261806	0.908906	0.99326	0.739668	0.0230521	0.259643	0.970207	0.00018372	0.0617006	0.000181552	0.969973	0.00429587	1.08275e-05	4.4927e-05	0.970209	2.94921e-06	0.577192	0.970209	1.08706e-06	2.54104e-13	0.124949	0.33132	0.97019	0.970209	0.155765	0.0648132	0	
0.975972	0.89705	1.4382e-05	0.445898	0.768217	0.99322	0.803466	0.017249	0.19443	0.975909	0.000156075	0.0461683	0.000135947	0.739626	0.00545944	8.10186e-06	6.49838e-05	0.975972	0.00234549	0.681882	0.975972	0.000646219	4.60615e-13	0.0934947	0.247915	0.940613	0.975971	0.170855	0.0797038	0	
0.980283	0.920168	1.07615e-05	0.583649	0.574835	0.99319	0.851205	0.0129068	0.147302	0.979475	0.00125376	0.0345461	0.000101877	0.55344	0.00709952	6.06233e-06	5.0023e-05	0.980284	0.164505	0.760225	0.980284	0.0691715	3.6091e-13	0.0699587	0.185506	0.70803	0.980284	0.18674	0.0952867	0	
0.983502	0.780822	8.05246e-06	0.686723	0.430128	0.993168	0.886925	0.0096577	0.160969	0.978569	0.090733	0.0258496	7.74252e-05	0.414119	0.00941099	4.53622e-06	3.74518e-05	0.983511	0.370684	0.818848	0.983511	0.286408	2.70396e-13	0.0523475	0.138807	0.529855	0.98351	0.201642	0.110696	0	
0.985903	0.586136	6.02536e-06	0.76385	0.321849	0.993151	0.913654	0.0072265	0.313813	0.976558	0.289162	0.0193423	6.00224e-05	0.30987	0.0125872	3.39429e-06	2.80247e-05	0.985926	0.527071	0.862713	0.985925	0.461603	2.02346e-13	0.0391698	0.103864	0.396491	0.985925	0.218818	0.124599	0	
0.987714	0.438671	4.50856e-06	0.821561	0.240828	0.993139	0.933644	0.00540733	0.473507	0.980359	0.406237	0.0144731	4.50956e-05	0.231865	0.0166897	2.53982e-06	2.097e-05	0.987732	0.643363	0.895537	0.987732	0.583552	1.51411e-13	0.0354625	0.0777179	0.299446	0.987732	0.233344	0.133143	0	
0.98907	0.32825	3.37359e-06	0.864744	0.180203	0.993129	0.941299	0.00404611	0.601213	0.983549	0.402867	0.0109544	3.37554e-05	0.173496	0.021068	1.90046e-06	1.56911e-05	0.989084	0.724909	0.920097	0.989084	0.617486	1.13295e-13	0.276221	0.0581535	0.410108	0.989084	0.247615	0.138819	0	
0.990085	0.245619	2.52433e-06	0.897055	0.134839	0.993122	0.737015	0.00302755	0.698632	0.985953	0.337969	0.0803584	2.52592e-05	0.129821	0.025336	1.42204e-06	1.17411e-05	0.990096	0.763834	0.938475	0.990095	0.543375	8.47749e-14	0.456686	0.0435141	0.555971	0.990095	0.261431	0.142282	0	
0.990845	0.183788	1.88887e-06	0.921205	0.100895	0.993117	0.55149	0.00226541	0.772103	0.987752	0.267127	0.182328	1.89008e-05	0.0971401	0.0291879	1.06406e-06	8.7854e-06	0.990852	0.744795	0.952223	0.990852	0.435571	6.34341e-14	0.591721	0.03256	0.665987	0.990852	0.27519	0.144244	0	
0.991413	0.137522	1.41337e-06	0.939054	0.0754968	0.993113	0.41266	0.00169512	0.827296	0.989099	0.206546	0.257748	1.41428e-05	0.0726864	0.0324622	7.96242e-07	6.5738e-06	0.991419	0.673998	0.962389	0.991419	0.337577	4.74654e-14	0.692763	0.0243643	0.748332	0.991419	0.288561	0.144889	0	
0.991836	0.102903	1.05757e-06	0.951446	0.0565088	0.99311	0.308778	0.0012684	0.86869	0.990107	0.158268	0.312002	1.05826e-05	0.0543886	0.0350442	5.96301e-07	4.91893e-06	0.991843	0.578295	0.968595	0.991843	0.258258	3.55167e-14	0.76837	0.0188739	0.809949	0.991842	0.301766	0.144681	0	
0.992149	0.0769986	7.91344e-07	0.958161	0.0424843	0.993108	0.231048	0.000949097	0.8997	0.990861	0.120813	0.349463	7.91859e-06	0.040697	0.0369334	4.49274e-07	3.68066e-06	0.99216	0.480169	0.965802	0.99216	0.196447	2.65758e-14	0.824943	0.0824776	0.856056	0.99216	0.314704	0.143859	0	
0.992378	0.0576153	5.92134e-07	0.95833	0.0329103	0.993106	0.172884	0.000710174	0.922911	0.991425	0.0921042	0.373372	5.9252e-06	0.0304521	0.0381799	3.47443e-07	2.7541e-06	0.992397	0.390333	0.943365	0.992397	0.148973	1.98857e-14	0.867275	0.296723	0.890555	0.992397	0.327435	0.142576	0	
0.992548	0.0431115	4.43072e-07	0.950755	0.0283244	0.993105	0.129363	0.000531398	0.940259	0.991847	0.0702177	0.385447	4.43362e-06	0.0227862	0.0388563	2.87934e-07	2.0608e-06	0.992574	0.312114	0.895337	0.992574	0.112723	1.48798e-14	0.89895	0.471052	0.91637	0.992574	0.340454	0.141182	0	
0.992676	0.0322589	3.31535e-07	0.933549	0.0297933	0.993104	0.0967977	0.000397625	0.953182	0.992163	0.0535492	0.386008	3.31752e-06	0.0170501	0.0390911	2.66901e-07	1.54202e-06	0.992707	0.245784	0.82918	0.992707	0.085109	1.1134e-14	0.922652	0.60235	0.935686	0.992707	0.352774	0.139408	0	
0.992776	0.0241383	2.48075e-07	0.901473	0.0396111	0.993103	0.0724302	0.000297529	0.96273	0.9924	0.0408255	0.372873	2.48239e-06	0.0127579	0.038931	2.76847e-07	1.15384e-06	0.992807	0.190532	0.757614	0.992807	0.0641017	8.33117e-15	0.940387	0.700691	0.95014	0.992807	0.364395	0.137148	0	
0.992855	0.0180623	1.85626e-07	0.839928	0.0651396	0.993103	0.0541969	0.00022263	0.969608	0.992576	0.0310623	0.342733	1.85749e-06	0.00954631	0.0383993	3.06685e-07	8.63374e-07	0.992881	0.145364	0.69112	0.992881	0.0481468	6.23392e-15	0.953657	0.774294	0.960955	0.992881	0.376221	0.13503	0	
0.992916	0.0135185	1.38897e-07	0.717115	0.136791	0.993102	0.0405536	0.000166586	0.973906	0.992709	0.0235119	0.293232	1.3899e-06	0.00714315	0.0376307	3.4262e-07	6.46032e-07	0.992937	0.109458	0.636101	0.992937	0.0360728	4.66463e-15	0.963587	0.829372	0.969048	0.992936	0.387826	0.132839	0	
0.992963	0.0103032	1.03932e-07	0.5485	0.328267	0.993102	0.0303447	0.00012465	0.970424	0.992808	0.0176521	0.227654	1.04005e-06	0.00534496	0.0366871	3.74216e-07	4.83404e-07	0.992978	0.0819554	0.595193	0.992978	0.0269956	3.49043e-15	0.971017	0.870587	0.975103	0.992978	0.399756	0.130906	0	
0.992998	0.145698	7.77682e-08	0.411047	0.495611	0.993102	0.0227059	9.32711e-05	0.809175	0.992882	0.0132098	0.170466	7.78254e-07	0.00399944	0.0356683	3.93872e-07	3.61789e-07	0.99301	0.0613261	0.569199	0.99301	0.0202	2.61422e-15	0.976522	0.901428	0.979634	0.993009	0.410397	0.128929	0	
0.993024	0.358637	5.81911e-08	0.335433	0.620828	0.993102	0.01699	6.97914e-05	0.608964	0.992937	0.00988563	0.127554	5.82666e-07	0.00299264	0.0345975	4.01942e-07	2.72958e-07	0.993033	0.0458909	0.556009	0.993033	0.0151151	2.02612e-15	0.733042	0.924482	0.983025	0.993027	0.421668	0.129853	0	
0.993044	0.518349	4.35423e-08	0.498614	0.713996	0.993102	0.0127259	5.22223e-05	0.455896	0.992979	0.0074025	0.0954438	4.42637e-07	0.0022393	0.0339389	3.96707e-07	2.31207e-07	0.99305	0.0343735	0.551933	0.99305	0.0113127	2.37246e-15	0.548508	0.940738	0.985561	0.992677	0.431791	0.134704	0	
0.993053	0.637846	3.25811e-08	0.623094	0.776233	0.993102	0.0163338	3.90761e-05	0.34116	0.99301	0.00555708	0.0714171	3.32052e-07	0.00167559	0.0342374	3.82181e-07	3.30716e-07	0.993063	0.0455515	0.550153	0.993063	0.00991263	7.29496e-15	0.410429	0.936778	0.987455	0.984492	0.4426	0.141772	0	
0.992648	0.727237	2.43793e-08	0.716239	0.753439	0.993101	0.187301	2.92392e-05	0.255284	0.993033	0.00420974	0.0534388	2.48662e-07	0.00125378	0.0357489	3.49934e-07	7.22867e-07	0.993073	0.264662	0.557857	0.993073	0.110078	2.46235e-14	0.307109	0.836546	0.984535	0.926531	0.453135	0.151051	0	
0.99244	0.793894	1.82421e-08	0.785935	0.563926	0.993101	0.387789	2.18786e-05	0.191028	0.993051	0.00360258	0.0399863	1.86337e-07	0.000938158	0.0388457	2.63539e-07	7.91209e-07	0.99308	0.44755	0.661884	0.99308	0.322754	3.05734e-14	0.229798	0.626014	0.801435	0.929641	0.463931	0.161617	0	
0.992552	0.81605	1.36499e-08	0.838087	0.421965	0.993101	0.508619	1.6371e-05	0.143248	0.993064	0.0589325	0.0299203	1.50247e-07	0.000701989	0.0438411	1.97222e-07	5.9661e-07	0.993086	0.584858	0.745162	0.993086	0.490821	2.31514e-14	0.17195	0.468424	0.601727	0.944674	0.472927	0.173394	0	
0.992665	0.660233	1.02137e-08	0.87711	0.315741	0.993101	0.461823	1.22498e-05	0.111529	0.993073	0.27612	0.0223883	2.81947e-07	0.000525273	0.0512139	1.47576e-07	4.46633e-07	0.99309	0.687625	0.807568	0.993089	0.61717	1.73394e-14	0.128664	0.350504	0.450379	0.956646	0.483052	0.184711	0	
0.992597	0.499126	7.64256e-09	0.906309	0.236258	0.993101	0.34641	9.16609e-06	0.110393	0.99308	0.455389	0.0167523	1.43683e-06	0.000393043	0.0609829	1.10429e-07	3.34219e-07	0.993093	0.764524	0.854248	0.993092	0.711784	1.29764e-14	0.0962745	0.26227	0.337022	0.964772	0.524578	0.221341	0	
0.992102	0.376272	5.71865e-09	0.928158	0.176783	0.993101	0.259207	6.85865e-06	0.133879	0.993086	0.590507	0.0125352	4.50333e-06	0.0002941	0.0885724	8.2647e-08	2.50086e-07	0.993095	0.822066	0.888973	0.993092	0.782589	9.71013e-15	0.072039	0.196247	0.252206	0.961492	0.580549	0.250295	0	
0.991986	0.284551	4.27906e-09	0.944507	0.13228	0.993101	0.193955	5.13208e-06	0.154368	0.99309	0.691736	0.0093796	7.9183e-06	0.000220064	0.133801	6.18733e-08	1.87131e-07	0.993097	0.865122	0.914424	0.993092	0.83557	7.26585e-15	0.0539094	0.146845	0.188842	0.935824	0.62369	0.263658	0	
0.992045	0.215672	3.20186e-09	0.95674	0.0989805	0.993101	0.145129	3.84015e-06	0.170864	0.993093	0.767527	0.00701842	1.12272e-05	0.000164666	0.181591	4.63465e-08	1.40023e-07	0.993098	0.897339	0.932684	0.993093	0.875213	5.43682e-15	0.0403833	0.109884	0.141789	0.881346	0.6632	0.273046	0	
0.992199	0.164323	2.39584e-09	0.965894	0.0740635	0.993101	0.108595	2.87344e-06	0.17804	0.993095	0.82426	0.00525162	1.42105e-05	0.000123213	0.227979	3.47384e-08	1.04774e-07	0.993099	0.921446	0.945653	0.993093	0.904875	4.0682e-15	0.0304899	0.0822793	0.10771	0.804303	0.698725	0.280824	0	
0.992368	0.126488	1.79272e-09	0.972743	0.055419	0.993101	0.0812578	2.15009e-06	0.175435	0.993097	0.866727	0.0039296	1.75314e-05	9.21961e-05	0.271907	2.60537e-08	7.83988e-08	0.9931	0.939484	0.954931	0.993094	0.927071	3.0441e-15	0.0237762	0.0618495	0.0842102	0.710223	0.672226	0.245921	0	
0.992202	0.0952745	1.34143e-09	0.977868	0.0414681	0.993101	0.0608022	1.60884e-06	0.214732	0.993098	0.898516	0.00294038	2.23186e-05	6.8987e-05	0.26676	1.96719e-08	5.8663e-08	0.9931	0.952982	0.960664	0.993095	0.943681	2.2778e-15	0.0184141	0.0470796	0.0646963	0.605448	0.442542	0.116499	0	
0.764296	0.0712908	1.00374e-09	0.981703	0.031029	0.993101	0.0454961	1.20383e-06	0.406916	0.993099	0.922287	0.00220018	2.17023e-05	5.16205e-05	0.205817	4.10334e-08	4.38957e-08	0.993101	0.963079	0.931403	0.993097	0.956098	1.7044e-15	0.013814	0.0391561	0.0484845	0.548049	0.441289	0.104143	0	
0.757844	0.0533445	7.51062e-10	0.984573	0.0232179	0.993101	0.0340431	9.00784e-07	0.551495	0.9931	0.938603	0.00164631	1.63613e-05	3.86257e-05	0.158883	6.73484e-08	3.28459e-08	0.993101	0.970509	0.906753	0.993098	0.964392	1.27535e-15	0.0731999	0.174037	0.128811	0.648761	0.454776	0.0974882	0	
0.813411	0.0399159	5.61992e-10	0.98672	0.0173731	0.993101	0.0254732	6.74024e-07	0.659324	0.993101	0.930907	0.00123188	1.225e-05	2.89022e-05	0.123166	8.55782e-08	2.45777e-08	0.993101	0.973737	0.893829	0.993099	0.955299	9.54303e-16	0.303173	0.374004	0.34533	0.73462	0.466046	0.0919986	0	
0.858307	0.0298678	4.20518e-10	0.988327	0.0129997	0.993101	0.0190607	5.04348e-07	0.739631	0.993101	0.841887	0.000921814	9.1672e-06	2.16265e-05	0.0960028	9.7369e-08	1.83909e-08	0.993102	0.957587	0.888766	0.9931	0.873229	7.14075e-16	0.476837	0.52933	0.508386	0.799576	0.474962	0.0838897	0	
0.892184	0.0223491	3.14658e-10	0.989528	0.00972724	0.993101	0.0142624	3.77385e-07	0.799375	0.993101	0.688242	0.000690552	6.85968e-06	1.61823e-05	0.0751096	1.04564e-07	1.37616e-08	0.993102	0.880876	0.890153	0.9931	0.719366	5.34321e-16	0.6068	0.645997	0.630406	0.848267	0.477488	0.0765901	0	
0.917572	0.0167232	2.35447e-10	0.990425	0.00727918	0.993101	0.010672	2.82383e-07	0.844138	0.993102	0.537356	0.000522977	5.13291e-06	1.21086e-05	0.0590362	1.11422e-07	1.02977e-08	0.993102	0.744025	0.893355	0.993101	0.563282	3.99817e-16	0.704046	0.733356	0.72171	0.884719	0.567847	0.0833417	0	
0.936585	0.0125141	1.76177e-10	0.991096	0.00544684	0.993101	0.00798549	2.11297e-07	0.860059	0.993102	0.412197	0.000439363	3.84079e-06	9.06044e-06	0.0474136	8.9224e-08	7.70572e-09	0.993102	0.605887	0.913522	0.993101	0.432529	2.99173e-16	0.776812	0.798736	0.790029	0.911999	0.635416	0.0887684	0	
0.950813	0.0093672	1.31827e-10	0.991599	0.00407569	0.993101	0.00597525	1.58106e-07	0.828493	0.993102	0.316139	0.000439655	2.87395e-06	6.7796e-06	0.0390828	6.83614e-08	5.76619e-09	0.993102	0.495222	0.932029	0.993101	0.331883	2.23864e-16	0.83126	0.847661	0.84115	0.932413	0.644185	0.0832806	0	
0.961458	0.00701255	9.86411e-11	0.991977	0.00304969	0.993101	0.00447106	1.18305e-07	0.797505	0.993102	0.251031	0.000353857	2.15051e-06	5.07293e-06	0.0324793	5.25485e-08	4.31493e-09	0.993102	0.4343	0.946207	0.993102	0.26353	1.67513e-16	0.872002	0.884265	0.879402	0.947685	0.62875	0.0726666	0	
0.969424	0.0052492	7.38095e-11	0.99226	0.00228197	0.993101	0.00334553	8.85233e-08	0.790024	0.993102	0.213942	0.000269445	1.60922e-06	3.79589e-06	0.0269259	4.12794e-08	3.22907e-09	0.993102	0.410312	0.956656	0.993102	0.224208	1.25347e-16	0.902487	0.911649	0.908024	0.959107	0.648221	0.0702577	0	
0.975385	0.0039305	5.5229e-11	0.992472	0.00170752	0.993101	0.00250334	6.62388e-08	0.766391	0.993102	0.190305	0.000204735	1.2042e-06	2.84032e-06	0.0226484	3.22454e-08	2.41657e-09	0.993102	0.39848	0.964933	0.993102	0.198762	9.37966e-17	0.925298	0.932138	0.929442	0.967652	0.660748	0.0680851	0	
0.979845	0.00294434	4.13258e-11	0.992631	0.00127767	0.993101	0.00187316	4.95641e-08	0.735614	0.993102	0.188007	0.000154301	9.01193e-07	2.12531e-06	0.0193423	2.52026e-08	1.80862e-09	0.993102	0.415883	0.971344	0.993102	0.195144	7.01882e-17	0.942367	0.94746	0.945467	0.974038	0.682386	0.067794	0	
0.983182	0.00220813	3.09226e-11	0.992749	0.000956037	0.993101	0.00140162	3.7087e-08	0.687196	0.993102	0.21419	0.000115776	6.74579e-07	1.59029e-06	0.0168547	1.95642e-08	1.35371e-09	0.993102	0.466582	0.976376	0.993102	0.220371	5.25228e-17	0.955139	0.958906	0.957459	0.978797	0.714272	0.0717769	0	
0.985679	0.00166238	2.31383e-11	0.992838	0.000715367	0.993101	0.00104878	2.77508e-08	0.611987	0.993102	0.291452	8.66843e-05	5.0542e-07	1.18996e-06	0.0151888	1.50158e-08	1.01329e-09	0.993102	0.555232	0.980329	0.993102	0.29683	3.93044e-17	0.964696	0.9674	0.966431	0.982293	0.713889	0.0687896	0	
0.987548	0.00125329	1.73135e-11	0.992905	0.000535283	0.993101	0.000784763	2.07649e-08	0.556456	0.993102	0.426365	6.48651e-05	3.81157e-07	8.90402e-07	0.0137943	1.1618e-08	7.58584e-10	0.993102	0.653522	0.983299	0.993102	0.430703	2.94136e-17	0.971846	0.973363	0.973145	0.984537	0.780781	0.0809163	0	
0.988946	0.000983197	1.29551e-11	0.992954	0.000400533	0.993101	0.000587209	1.55377e-08	0.452939	0.993102	0.553615	4.85366e-05	2.9424e-07	6.66256e-07	0.0134092	8.79413e-09	5.67914e-10	0.993102	0.735813	0.985684	0.993102	0.556958	2.20126e-17	0.977195	0.976813	0.978167	0.985245	0.79627	0.0835256	0	
0.989992	0.000800651	9.69381e-12	0.992992	0.000299704	0.993101	0.000439387	1.16263e-08	0.366895	0.993102	0.662199	3.63182e-05	2.91915e-07	4.98535e-07	0.0132844	6.65459e-09	4.25228e-10	0.993102	0.800195	0.987487	0.993102	0.664712	1.64747e-17	0.981129	0.96945	0.981857	0.976138	0.811565	0.0893254	0	
0.990775	0.000697868	7.25353e-12	0.993019	0.000224258	0.993101	0.000328778	8.69958e-09	0.295804	0.993102	0.745131	2.71756e-05	6.19954e-07	3.73035e-07	0.013585	5.03424e-09	3.18429e-10	0.993102	0.848696	0.988847	0.993102	0.747012	1.23309e-17	0.982538	0.922713	0.983092	0.928805	0.855677	0.110294	0	
0.991361	0.000884056	5.42755e-12	0.99304	0.000167804	0.993101	0.000246012	6.50967e-09	0.230617	0.993102	0.807466	2.03345e-05	2.12966e-06	2.79129e-07	0.015667	3.78969e-09	2.38431e-10	0.993102	0.885038	0.989885	0.993102	0.808873	9.23028e-18	0.974226	0.80937	0.974682	0.815159	0.860262	0.115275	0	
0.991799	0.00109887	4.06124e-12	0.993056	0.000125562	0.993101	0.000184082	4.87105e-09	0.181064	0.993102	0.854173	1.52156e-05	7.73287e-06	2.08862e-07	0.0177873	2.85648e-09	1.78556e-10	0.993102	0.912239	0.990661	0.993102	0.855226	6.91016e-18	0.888444	0.655175	0.888959	0.660096	0.856126	0.1191	0	
0.992125	0.0012564	3.03888e-12	0.993068	9.39531e-05	0.993101	0.000137742	3.64493e-09	0.144699	0.993102	0.889138	1.13852e-05	2.23342e-05	1.56284e-07	0.0198433	2.16001e-09	1.33743e-10	0.993102	0.932595	0.991236	0.993102	0.889926	5.1741e-18	0.710461	0.511304	0.71093	0.5152	0.846304	0.108182	0	
0.992366	0.00122679	2.27388e-12	0.993076	7.03017e-05	0.993101	0.000103067	2.72744e-09	0.119407	0.993102	0.915305	8.51916e-06	5.09687e-05	1.16941e-07	0.0201272	1.6438e-09	1.00244e-10	0.993102	0.947826	0.991666	0.993102	0.915895	3.87507e-18	0.541895	0.393249	0.542263	0.396249	0.870394	0.137047	0	
0.992549	0.00174232	1.70146e-12	0.993083	5.26042e-05	0.993101	7.71215e-05	2.04097e-09	0.096347	0.993102	0.934887	6.37458e-06	9.49613e-05	8.7503e-08	0.0243111	1.24703e-09	7.51035e-11	0.993102	0.959224	0.991985	0.993102	0.935328	2.90305e-18	0.411639	0.3008	0.411922	0.303085	0.872736	0.141307	0	
0.992684	0.00224355	1.27314e-12	0.993088	3.93618e-05	0.993101	5.77072e-05	1.52732e-09	0.0787829	0.993102	0.94954	4.76987e-06	0.000161184	6.54753e-08	0.0282315	9.4936e-10	5.62841e-11	0.993102	0.967752	0.992222	0.993101	0.94987	2.17572e-18	0.310618	0.22925	0.310832	0.230979	0.843767	0.132881	0	
0.99277	0.00212437	9.52646e-13	0.993091	2.9453e-05	0.993101	4.31802e-05	1.14291e-09	0.0706486	0.993102	0.960505	3.56912e-06	0.000248672	4.89928e-08	0.029661	7.39398e-10	4.22183e-11	0.993102	0.974133	0.992376	0.993101	0.960752	1.63148e-18	0.233153	0.174493	0.233313	0.175796	0.770146	0.0968619	0	
0.992421	0.00163938	7.1283e-13	0.993094	2.20386e-05	0.993101	3.23102e-05	8.55214e-10	0.0969435	0.993102	0.96871	2.67064e-06	0.000336767	3.66595e-08	0.0264219	6.79853e-10	3.18018e-11	0.993102	0.978908	0.992416	0.993101	0.968895	1.22425e-18	0.174581	0.133082	0.174701	0.134064	0.764958	0.0959995	0	
0.992278	0.0012708	5.33385e-13	0.993096	1.64907e-05	0.993101	2.41765e-05	6.39941e-10	0.12052	0.993102	0.974849	1.99834e-06	0.000341084	2.7431e-08	0.0239271	6.4917e-10	2.40112e-11	0.993102	0.982481	0.992433	0.993101	0.974987	9.19532e-19	0.130944	0.10381	0.131034	0.104552	0.803325	0.135719	0	
0.992443	0.00116101	3.99112e-13	0.993098	1.23394e-05	0.993101	1.80904e-05	4.78878e-10	0.115011	0.993102	0.979441	1.49529e-06	0.000310831	2.05256e-08	0.0269208	5.50969e-10	1.80639e-11	0.993102	0.985155	0.992441	0.993101	0.979545	6.91523e-19	0.0996961	0.0843877	0.099764	0.0849528	0.761946	0.130443	0	
0.992361	0.000951422	2.98641e-13	0.993099	9.23311e-06	0.993101	1.35364e-05	3.58341e-10	0.136426	0.993102	0.982878	1.11887e-06	0.000294673	1.53586e-08	0.0282873	5.61494e-10	1.36245e-11	0.993102	0.987155	0.992278	0.993101	0.982955	5.20911e-19	0.0752032	0.069173	0.0752542	0.0696023	0.720057	0.146965	0	
0.991688	0.000761697	2.23462e-13	0.9931	6.9088e-06	0.993101	1.01288e-05	2.6814e-10	0.19417	0.993102	0.985448	8.37209e-07	0.000260957	1.14923e-08	0.0323559	7.65069e-10	1.02723e-11	0.993102	0.988652	0.991429	0.993101	0.985506	3.93249e-19	0.0568876	0.0608954	0.0569257	0.0612238	0.587294	0.105389	0	
0.946935	0.000571474	1.67209e-13	0.9931	5.1696e-06	0.993101	7.579e-06	2.0064e-10	0.368403	0.993102	0.987363	6.26453e-07	0.000208016	8.59924e-09	0.0292088	5.48054e-09	7.86457e-12	0.993102	0.989771	0.985444	0.993101	0.987407	2.97724e-19	0.0430031	0.0724297	0.0430317	0.07269	0.565309	0.0966202	0	
0.954555	0.000428437	1.25116e-13	0.993101	3.86823e-06	0.993101	5.67109e-06	1.50132e-10	0.507652	0.993102	0.98843	4.68752e-07	0.000156042	6.4345e-09	0.0260635	1.17199e-08	6.0971e-12	0.993102	0.990555	0.979092	0.993101	0.988463	2.26245e-19	0.16841	0.253451	0.168436	0.253664	0.626533	0.127936	0	
0.964237	0.000325825	9.36199e-14	0.993101	2.89445e-06	0.993101	4.24347e-06	1.12339e-10	0.577621	0.993102	0.983627	3.51132e-07	0.000116785	4.8147e-09	0.0272598	1.10089e-08	4.67574e-12	0.993102	0.990723	0.977997	0.993102	0.983652	1.72761e-19	0.375781	0.435779	0.375801	0.435939	0.613387	0.109418	0	
0.971494	0.000246586	7.00524e-14	0.993101	2.16581e-06	0.993101	3.17523e-06	8.40599e-11	0.640015	0.993102	0.963428	2.65727e-07	8.73917e-05	3.60266e-09	0.0258059	1.11505e-08	3.66306e-12	0.993102	0.98857	0.977641	0.993102	0.963448	1.3274e-19	0.531165	0.575111	0.53118	0.575232	0.659232	0.134621	0	
0.976933	0.000196033	5.24176e-14	0.993102	1.6206e-06	0.993101	2.37591e-06	6.29008e-11	0.644687	0.993102	0.906651	2.98157e-07	6.53937e-05	2.69574e-09	0.0281376	9.50799e-09	2.84023e-12	0.993102	0.983989	0.978765	0.993102	0.906668	1.02794e-19	0.647451	0.680057	0.647462	0.680147	0.759968	0.184507	0	
0.981004	0.000380795	3.92222e-14	0.993102	1.21264e-06	0.993101	1.77781e-06	4.70802e-11	0.534381	0.993102	0.859607	1.10378e-06	4.89333e-05	2.01713e-09	0.0436319	7.26977e-09	2.16185e-12	0.993102	0.983935	0.981366	0.993102	0.859621	8.03863e-20	0.734464	0.758608	0.734472	0.758676	0.782358	0.183187	0	
0.984049	0.000641563	2.93485e-14	0.993102	9.07372e-07	0.993101	1.33027e-06	3.52501e-11	0.435775	0.993102	0.883177	8.36052e-07	3.66292e-05	1.50934e-09	0.0546894	5.53895e-09	1.65522e-12	0.993102	0.985975	0.983692	0.993102	0.883188	6.36195e-20	0.799569	0.815358	0.799575	0.815409	0.74241	0.153121	0	
0.986327	0.000568069	2.19605e-14	0.993102	6.78953e-07	0.993101	9.95392e-07	2.63861e-11	0.39399	0.993102	0.909403	6.25646e-07	2.75099e-05	1.12939e-09	0.0535037	4.36522e-09	1.30713e-12	0.993102	0.987701	0.985296	0.993102	0.909411	5.10735e-20	0.847881	0.844585	0.847885	0.844625	0.763904	0.168723	0	
0.988032	0.000609811	1.64322e-14	0.993102	5.08036e-07	0.993101	7.44816e-07	1.97587e-11	0.343628	0.993102	0.929844	4.68169e-07	2.08191e-05	8.45078e-10	0.056913	3.40988e-09	1.02828e-12	0.993102	0.989039	0.98658	0.993102	0.92985	4.16857e-20	0.883033	0.848868	0.883036	0.848899	0.762688	0.156987	0	
0.989306	0.000598908	1.22956e-14	0.993102	3.80145e-07	0.993101	5.57318e-07	1.47994e-11	0.306907	0.993102	0.945538	3.50316e-07	1.622e-05	6.32341e-10	0.0561242	2.69857e-09	8.32902e-13	0.993102	0.990052	0.98767	0.993102	0.945543	3.46612e-20	0.900338	0.811496	0.900341	0.811521	0.809743	0.194068	0	
0.990261	0.0012135	9.20036e-15	0.993102	2.84448e-07	0.993101	4.17021e-07	1.11113e-11	0.251757	0.993102	0.957401	2.6213e-07	1.34747e-05	4.73158e-10	0.0688203	2.07663e-09	6.53469e-13	0.993102	0.990818	0.988586	0.993102	0.957405	2.9405e-20	0.906552	0.740832	0.906554	0.740853	0.818623	0.204522	0	
0.990974	0.00203307	6.8843e-15	0.993102	2.12842e-07	0.993101	3.12042e-07	8.35891e-12	0.207163	0.993102	0.966352	1.96143e-07	1.41137e-05	3.54047e-10	0.0837535	1.60192e-09	5.135e-13	0.993102	0.991392	0.989256	0.993102	0.966354	2.5472e-20	0.838648	0.623313	0.838649	0.62333	0.831834	0.246146	0	
0.991508	0.00485994	5.15127e-15	0.993102	1.59262e-07	0.993101	2.33489e-07	6.31294e-12	0.16969	0.993102	0.973071	1.46767e-07	2.03953e-05	2.6492e-10	0.126185	1.23555e-09	3.94904e-13	0.993102	0.991823	0.989402	0.993102	0.973073	2.2529e-20	0.697814	0.500173	0.697813	0.500186	0.839968	0.225536	0	
0.991905	0.00624566	3.85451e-15	0.993102	1.1917e-07	0.993101	1.74712e-07	4.79231e-12	0.139557	0.993102	0.978106	1.0982e-07	3.60685e-05	1.9823e-10	0.140427	9.55871e-10	3.11607e-13	0.993102	0.992145	0.98987	0.993101	0.978108	2.03269e-20	0.545451	0.391446	0.54545	0.391456	0.775578	0.167043	0	
0.992119	0.00489898	2.88419e-15	0.993102	8.91707e-08	0.993101	1.3073e-07	3.60482e-12	0.144718	0.993102	0.981877	8.21745e-08	6.50006e-05	1.48328e-10	0.121433	8.28897e-10	2.85079e-13	0.993102	0.992385	0.990162	0.993101	0.981879	1.86792e-20	0.410247	0.302613	0.410247	0.302621	0.798119	0.137108	0	
0.992334	0.00386033	2.15813e-15	0.993102	6.67232e-08	0.993101	9.78208e-08	2.72705e-12	0.135553	0.993102	0.984699	6.14882e-08	8.29221e-05	1.10989e-10	0.100126	6.92644e-10	3.07785e-13	0.993102	0.992566	0.99072	0.993101	0.9847	1.74462e-20	0.311005	0.237153	0.311005	0.237159	0.70135	0.105495	0	
0.990685	0.00290348	1.61485e-15	0.993102	4.99265e-08	0.993101	7.31957e-08	2.04484e-12	0.216142	0.993102	0.986811	4.60094e-08	0.000103228	8.30488e-11	0.0799289	1.01984e-09	4.08086e-13	0.993102	0.9927	0.990648	0.993101	0.986811	1.65236e-20	0.233123	0.186441	0.233123	0.186446	0.439799	0.0422835	0	
0.746029	0.00217259	1.20837e-15	0.993102	3.73582e-08	0.993101	5.47699e-08	1.5301e-12	0.410164	0.993102	0.988376	3.44271e-08	8.54599e-05	6.21424e-11	0.0612432	9.45466e-08	9.34769e-13	0.993102	0.992794	0.960136	0.993101	0.988377	1.58333e-20	0.174493	0.178875	0.174492	0.178879	0.380344	0.0267501	0	
0.578178	0.00162568	9.0454e-16	0.993102	2.79586e-08	0.993101	4.09823e-08	1.14493e-12	0.556432	0.993102	0.988697	2.57607e-08	6.41162e-05	4.64989e-11	0.0468797	3.78743e-07	1.55818e-12	0.993102	0.992362	0.904673	0.993102	0.988698	1.53168e-20	0.164577	0.358982	0.164576	0.358984	0.384731	0.021051	0	
0.597209	0.00121644	6.77138e-16	0.993102	2.23296e-08	0.993101	3.06656e-08	8.56713e-13	0.665835	0.993102	0.974548	1.93131e-08	4.79849e-05	3.47934e-11	0.0360189	5.65527e-07	2.12834e-12	0.993102	0.982319	0.872273	0.993102	0.974549	1.49302e-20	0.36903	0.517141	0.36903	0.517143	0.400382	0.0178657	0	
0.689325	0.000910224	5.0684e-16	0.993102	7.66298e-08	0.993101	2.29459e-08	6.41058e-13	0.747505	0.993102	0.887482	1.70654e-08	3.59064e-05	2.60347e-11	0.0278343	6.29461e-07	2.61827e-12	0.993102	0.912908	0.862424	0.993102	0.887484	1.4641e-20	0.526093	0.636791	0.526093	0.636793	0.424922	0.0168171	0	
0.765229	0.000681098	3.79311e-16	0.993101	6.4625e-07	0.993101	1.71696e-08	4.79697e-13	0.808165	0.993102	0.727066	7.85157e-08	2.68676e-05	1.94808e-11	0.0216919	5.97287e-07	3.00661e-12	0.993102	0.763208	0.869519	0.993102	0.727068	1.44246e-20	0.643656	0.726455	0.643655	0.726457	0.521755	0.0211132	0	
0.822589	0.000509717	2.83826e-16	0.993099	6.22135e-07	0.993101	1.28474e-08	3.59058e-13	0.846854	0.993102	0.566791	9.42382e-07	2.01041e-05	1.45768e-11	0.017173	4.65136e-07	3.21096e-12	0.993102	0.604206	0.896189	0.993102	0.566792	1.42627e-20	0.731624	0.79357	0.731624	0.793571	0.588311	0.0266361	0	
0.865513	0.000381724	2.12377e-16	0.993098	5.10975e-07	0.993101	9.61324e-09	2.69117e-13	0.856294	0.993102	0.435146	5.88486e-06	1.50432e-05	1.09073e-11	0.0139011	3.52855e-07	3.26335e-12	0.993102	0.47034	0.919259	0.993102	0.435147	1.41416e-20	0.797448	0.843795	0.797447	0.843796	0.638714	0.0337057	0	
0.897632	0.000286646	1.58914e-16	0.993098	3.91174e-07	0.993101	7.19324e-09	2.02595e-13	0.827722	0.993102	0.334812	1.44285e-05	1.12563e-05	8.16151e-12	0.0116118	2.65784e-07	3.18906e-12	0.993102	0.369388	0.937289	0.993102	0.334812	1.40509e-20	0.846701	0.881378	0.846701	0.881378	0.662916	0.0383491	0	
0.921665	0.000216295	1.18909e-16	0.993099	2.93771e-07	0.993101	5.38244e-09	1.53582e-13	0.780979	0.993102	0.266383	1.4646e-05	8.42273e-06	6.10696e-12	0.010016	1.99958e-07	3.0672e-12	0.993102	0.308212	0.95096	0.993102	0.266382	1.39831e-20	0.883555	0.909496	0.883555	0.909497	0.684503	0.0416703	0	
0.939649	0.000164822	8.89756e-17	0.9931	2.19888e-07	0.993101	4.02748e-09	1.1798e-13	0.720098	0.993102	0.236099	1.16369e-05	6.30252e-06	4.56961e-12	0.0089125	1.50324e-07	2.93226e-12	0.993102	0.30165	0.961306	0.993102	0.236097	1.39323e-20	0.911132	0.930526	0.911132	0.930527	0.720458	0.0478074	0	
0.953105	0.000130237	6.65772e-17	0.9931	1.64535e-07	0.993101	3.01362e-09	9.45614e-14	0.630456	0.993102	0.268714	8.78333e-06	4.71629e-06	3.41928e-12	0.00827078	1.12824e-07	2.75769e-12	0.993102	0.376355	0.969166	0.993102	0.268711	1.38943e-20	0.931767	0.946223	0.931767	0.946223	0.706315	0.043549	0	
0.963174	0.000102232	4.98173e-17	0.993101	1.23116e-07	0.993101	2.25498e-09	7.54907e-14	0.580325	0.993102	0.395519	6.57402e-06	3.5311e-06	2.55852e-12	0.0076606	8.48764e-08	2.67716e-12	0.993102	0.504913	0.975015	0.993102	0.395516	1.38659e-20	0.947207	0.957688	0.947207	0.957688	0.709277	0.043822	0	
0.970708	8.15962e-05	3.72765e-17	0.993101	9.21231e-08	0.993101	1.68732e-09	6.15097e-14	0.53919	0.993102	0.522234	4.91934e-06	2.64784e-06	1.91445e-12	0.00721203	6.39379e-08	2.61356e-12	0.993102	0.617356	0.979401	0.993102	0.522232	1.38446e-20	0.958758	0.965688	0.958758	0.965688	0.717079	0.0432117	0	
0.976345	6.69439e-05	2.78926e-17	0.993101	6.89324e-08	0.993101	1.26256e-09	5.18964e-14	0.499045	0.993102	0.629765	3.68101e-06	1.99413e-06	1.43251e-12	0.00685854	4.82086e-08	2.57347e-12	0.993102	0.707187	0.982709	0.993102	0.629763	1.38287e-20	0.967393	0.970515	0.967393	0.970515	0.754517	0.0508975	0	
0.980563	6.46102e-05	2.0871e-17	0.993102	5.15796e-08	0.993101	9.44728e-10	5.12455e-14	0.430037	0.993102	0.716178	2.75438e-06	1.52081e-06	1.0719e-12	0.00683531	3.62459e-08	2.45544e-12	0.993102	0.777313	0.985247	0.993102	0.716176	1.38168e-20	0.973839	0.971619	0.973839	0.97162	0.772983	0.0567562	0	
0.983719	7.19602e-05	1.5617e-17	0.993102	3.85951e-08	0.993101	7.06905e-10	5.63041e-14	0.363859	0.993102	0.784599	2.061e-06	1.25197e-06	8.02061e-13	0.00702805	2.72412e-08	2.30854e-12	0.993102	0.831219	0.987164	0.993102	0.784598	1.38079e-20	0.97841	0.959755	0.97841	0.959755	0.799364	0.0666935	0	
0.986081	0.000102666	1.16857e-17	0.993102	2.88793e-08	0.993101	5.28951e-10	7.25692e-14	0.298929	0.993102	0.836742	1.54217e-06	1.36509e-06	6.00153e-13	0.00758906	2.04542e-08	2.11369e-12	0.993102	0.87188	0.988615	0.993102	0.836741	1.38012e-20	0.979809	0.913642	0.979809	0.913642	0.831734	0.0955598	0	
0.987848	0.000242887	8.74395e-18	0.993102	2.16093e-08	0.993101	3.95795e-10	1.12456e-13	0.238382	0.993102	0.876009	1.15395e-06	2.59074e-06	4.49072e-13	0.00979937	1.53421e-08	1.79846e-12	0.993102	0.902382	0.989704	0.993102	0.876009	1.37962e-20	0.967846	0.807305	0.967846	0.807305	0.813885	0.0896385	0	
0.989168	0.000285003	6.54278e-18	0.993102	1.61695e-08	0.993101	2.96159e-10	1.24843e-13	0.198869	0.993102	0.905458	8.63459e-07	7.20593e-06	3.36025e-13	0.0109998	1.15328e-08	1.58985e-12	0.993102	0.925215	0.990508	0.993102	0.905457	1.37925e-20	0.846141	0.66052	0.84614	0.66052	0.834485	0.102605	0	
0.990156	0.000415238	4.89572e-18	0.993102	1.2099e-08	0.993101	2.21605e-10	1.5486e-13	0.162768	0.993102	0.927508	6.46095e-07	1.70009e-05	2.51435e-13	0.0129632	8.66455e-09	1.37799e-12	0.993102	0.942303	0.991117	0.993102	0.927508	1.37897e-20	0.690228	0.523455	0.690227	0.523455	0.902077	0.146929	0	
0.990897	0.00219207	3.66329e-18	0.993102	9.05327e-09	0.993101	1.65819e-10	3.53331e-13	0.125562	0.993102	0.944015	4.83449e-07	3.66179e-05	1.8814e-13	0.0208817	6.49242e-09	1.10872e-12	0.993102	0.955091	0.991589	0.993102	0.944014	1.37876e-20	0.569604	0.40678	0.569603	0.40678	0.892583	0.151075	0	
0.991451	0.00333203	2.74111e-18	0.993102	6.77423e-09	0.993101	1.24076e-10	4.60773e-13	0.0984961	0.993102	0.956369	3.61748e-07	7.76873e-05	1.40778e-13	0.0277266	4.86899e-09	9.01062e-13	0.993102	0.964659	0.991933	0.993102	0.956369	1.3786e-20	0.438208	0.311787	0.438207	0.311787	0.928587	0.182987	0	
0.991866	0.00894748	2.05107e-18	0.993102	5.06891e-09	0.993101	9.28418e-11	7.48278e-13	0.0759328	0.993102	0.965614	2.70683e-07	0.000144526	1.05339e-13	0.0427075	3.64862e-09	7.11972e-13	0.993102	0.971819	0.992194	0.9931	0.965614	1.37848e-20	0.336365	0.237664	0.336364	0.237664	0.916201	0.166315	0	
0.992176	0.0103462	1.53474e-18	0.993102	3.79288e-09	0.993101	6.94701e-11	8.74874e-13	0.0596696	0.993102	0.972533	2.02542e-07	0.000243783	7.88214e-14	0.0480923	2.73695e-09	5.85419e-13	0.993102	0.977177	0.992391	0.993099	0.972533	1.3784e-20	0.254435	0.180634	0.254434	0.180634	0.914871	0.173004	0	
0.992408	0.0117991	1.14839e-18	0.993102	2.83807e-09	0.993101	5.1982e-11	9.61329e-13	0.0475765	0.993102	0.97771	1.51555e-07	0.000370153	5.89792e-14	0.0542623	2.05497e-09	4.84128e-13	0.993101	0.981186	0.992534	0.993098	0.97771	1.37833e-20	0.191787	0.137189	0.191786	0.137189	0.910916	0.170552	0	
0.99258	0.0124053	8.59299e-19	0.993102	2.12363e-09	0.993101	3.88962e-11	1.0027e-12	0.0387656	0.993102	0.981584	1.13403e-07	0.000516031	4.4132e-14	0.0580656	1.54525e-09	4.10651e-13	0.9931	0.984186	0.99264	0.993096	0.981584	1.37828e-20	0.144307	0.104248	0.144307	0.104248	0.907726	0.180169	0	
0.992708	0.0133415	6.42982e-19	0.993102	1.58903e-09	0.993101	2.91046e-11	1.01614e-12	0.0323785	0.993102	0.984483	8.48552e-08	0.0006712	3.30223e-14	0.0643059	1.16434e-09	3.47203e-13	0.993099	0.98643	0.992708	0.993094	0.984483	1.37824e-20	0.108509	0.0793433	0.108508	0.0793433	0.903942	0.173217	0	
0.992803	0.0132679	4.8112e-19	0.993102	1.18902e-09	0.993101	2.17779e-11	1.00682e-12	0.0278605	0.993102	0.986652	6.34941e-08	0.000826101	2.47094e-14	0.0664668	8.79954e-10	3.05683e-13	0.993098	0.98811	0.992762	0.993092	0.986652	1.37822e-20	0.0815728	0.0605482	0.0815725	0.0605482	0.768809	0.100926	0	
0.991806	0.00998047	3.60005e-19	0.993102	8.89697e-10	0.993101	1.62956e-11	7.69885e-13	0.0659281	0.993102	0.988276	4.75103e-08	0.000972592	1.84892e-14	0.0543138	7.8857e-10	4.23523e-13	0.993098	0.989367	0.992688	0.993093	0.988276	1.3782e-20	0.0610593	0.0463832	0.061059	0.0463832	0.598064	0.0472893	0	
0.829526	0.00746861	2.69438e-19	0.993102	6.65728e-10	0.993101	1.22002e-11	5.7662e-13	0.266825	0.993102	0.98949	3.55502e-08	0.000893421	1.38348e-14	0.0422265	4.54786e-09	8.86357e-13	0.993099	0.990307	0.991145	0.993095	0.98949	1.37818e-20	0.0456916	0.037002	0.0456914	0.037002	0.479373	0.0148339	0	
0.672146	0.00558852	2.08508e-19	0.993102	4.9814e-10	0.993101	9.14299e-12	4.31514e-13	0.446224	0.993102	0.99035	2.66009e-08	0.000671497	1.03521e-14	0.0324275	4.59036e-08	1.75306e-12	0.9931	0.990973	0.982665	0.993097	0.99035	1.37817e-20	0.035109	0.112676	0.0351089	0.112676	0.451736	0.0109071	0	
0.691989	0.0041817	1.76851e-19	0.993102	3.73916e-10	0.993101	6.84254e-12	3.22915e-13	0.581907	0.993102	0.989262	1.99048e-08	0.000502539	7.74608e-15	0.0250327	1.08214e-07	2.49063e-12	0.9931	0.990076	0.971184	0.993098	0.989262	1.37816e-20	0.210095	0.321572	0.210094	0.321572	0.400756	0.00926504	0	
0.73252	0.00312902	2.92418e-19	0.993102	2.33623e-09	0.993101	5.12062e-12	2.41636e-13	0.6847	0.993102	0.965822	1.49586e-08	0.000376037	5.79627e-15	0.0194747	2.85734e-07	3.08188e-12	0.993101	0.970219	0.942137	0.993099	0.965823	1.37815e-20	0.406115	0.489734	0.406114	0.489734	0.408027	0.00987161	0	
0.79425	0.00234134	3.38494e-19	0.993102	9.56132e-08	0.993101	3.83163e-12	1.8082e-13	0.761503	0.993102	0.858167	1.52311e-08	0.000281375	4.33726e-15	0.0153249	3.90854e-07	3.5096e-12	0.993101	0.873572	0.924184	0.9931	0.858168	1.37815e-20	0.553865	0.616336	0.553865	0.616336	0.44712	0.0127997	0	
0.844131	0.00175195	2.7834e-19	0.993101	4.95774e-07	0.993101	2.86707e-12	1.35327e-13	0.817993	0.993102	0.692869	1.09404e-07	0.000210543	3.24544e-15	0.012265	3.73472e-07	3.76119e-12	0.993101	0.715535	0.925588	0.993101	0.692871	1.37815e-20	0.664437	0.711158	0.664436	0.711158	0.504789	0.0168779	0	
0.881627	0.00131097	2.10767e-19	0.993097	7.75657e-07	0.993101	2.14533e-12	1.01345e-13	0.85642	0.993102	0.537451	1.18702e-06	0.000157542	2.42845e-15	0.0100429	3.05019e-07	3.86055e-12	0.993102	0.561252	0.936885	0.993101	0.537452	1.37815e-20	0.747174	0.782125	0.747174	0.782125	0.576769	0.022086	0	
0.909689	0.000981186	1.5785e-19	0.993094	6.86139e-07	0.993101	1.60527e-12	7.61873e-14	0.868593	0.993102	0.411341	7.21871e-06	0.000117883	1.81712e-15	0.00847491	2.34294e-07	3.83142e-12	0.993102	0.433965	0.949513	0.993101	0.411341	1.37815e-20	0.809083	0.835232	0.809083	0.835232	0.609091	0.0247864	0	
0.930687	0.000734655	1.18152e-19	0.993093	5.60643e-07	0.993101	1.20116e-12	5.76854e-14	0.860669	0.993102	0.31505	1.68777e-05	8.82074e-05	1.35968e-15	0.00735468	1.78488e-07	3.76005e-12	0.993102	0.336417	0.95964	0.993102	0.315049	1.37815e-20	0.855407	0.874971	0.855407	0.874971	0.636892	0.0260051	0	
0.946399	0.000550556	8.84212e-20	0.993094	4.30823e-07	0.993101	8.98787e-13	4.43448e-14	0.832697	0.993102	0.244203	2.14054e-05	6.60024e-05	1.0174e-15	0.00654135	1.35377e-07	3.68514e-12	0.993102	0.265641	0.967567	0.993102	0.244201	1.37815e-20	0.89007	0.904706	0.89007	0.904706	0.684196	0.0311103	0	
0.958156	0.000414356	6.61642e-20	0.993096	3.22926e-07	0.993101	6.7253e-13	3.62231e-14	0.759179	0.993102	0.197168	1.95333e-05	4.93873e-05	7.61284e-16	0.00604384	1.02004e-07	3.54448e-12	0.993102	0.224392	0.973781	0.993102	0.197165	1.37815e-20	0.916007	0.926952	0.916007	0.926952	0.718598	0.0365672	0	
0.966953	0.000315363	4.95088e-20	0.993097	2.41641e-07	0.993101	5.0323e-13	3.31564e-14	0.661868	0.993102	0.200174	1.48471e-05	3.69548e-05	5.69641e-16	0.00580342	7.66813e-08	3.35786e-12	0.993102	0.257044	0.978525	0.993102	0.200167	1.37815e-20	0.935415	0.943579	0.935415	0.943579	0.737633	0.0409839	0	
0.973536	0.00024447	3.70458e-20	0.993099	1.80812e-07	0.993101	3.76548e-13	3.36657e-14	0.567996	0.993102	0.312602	1.11152e-05	2.76531e-05	4.26242e-16	0.00574117	5.76206e-08	3.15855e-12	0.993102	0.394615	0.982105	0.993102	0.312593	1.37815e-20	0.949937	0.955866	0.949937	0.955866	0.743446	0.0433971	0	
0.978461	0.000192943	2.77202e-20	0.993099	1.35295e-07	0.993101	2.81757e-13	3.51385e-14	0.491908	0.993102	0.464981	8.31724e-06	2.0699e-05	3.18941e-16	0.00576334	4.33315e-08	2.97898e-12	0.993102	0.536965	0.984789	0.993102	0.464973	1.37814e-20	0.960801	0.96407	0.960801	0.96407	0.753452	0.045499	0	
0.982147	0.000157131	2.07422e-20	0.9931	1.01236e-07	0.993101	2.10829e-13	3.84444e-14	0.425634	0.993102	0.593536	6.22349e-06	1.55214e-05	2.38652e-16	0.00584255	3.26003e-08	2.81927e-12	0.993102	0.650004	0.98681	0.993102	0.59353	1.37814e-20	0.968898	0.966109	0.968898	0.966109	0.784271	0.0508995	0	
0.984904	0.0001439	1.55206e-20	0.993101	7.57513e-08	0.993101	1.57756e-13	5.12742e-14	0.353243	0.993102	0.692939	4.65681e-06	1.17386e-05	1.78575e-16	0.00607515	2.44891e-08	2.63934e-12	0.993102	0.735946	0.988351	0.993102	0.692935	1.37814e-20	0.974726	0.954161	0.974726	0.954161	0.859843	0.0793928	0	
0.986968	0.000318511	1.16135e-20	0.993101	5.66819e-08	0.993101	1.18043e-13	1.40399e-13	0.272918	0.993102	0.768222	3.48452e-06	9.31315e-06	1.33621e-16	0.00754176	1.83454e-08	2.27457e-12	0.993102	0.800625	0.98953	0.993102	0.768219	1.37814e-20	0.978298	0.899868	0.978298	0.899868	0.897847	0.0981185	0	
0.988512	0.000892837	8.68998e-21	0.993101	4.2413e-08	0.993101	8.83271e-14	3.23246e-13	0.208311	0.993102	0.824777	2.60734e-06	9.60888e-06	9.99837e-17	0.00997659	1.37371e-08	1.90802e-12	0.993102	0.84907	0.990418	0.993102	0.824774	1.37814e-20	0.970299	0.76529	0.970299	0.76529	0.884565	0.0952601	0	
0.989667	0.00114236	6.50239e-21	0.993102	3.17361e-08	0.993101	6.60919e-14	4.09166e-13	0.161187	0.993102	0.867135	1.95098e-06	1.68015e-05	7.48141e-17	0.0115617	1.02918e-08	1.64587e-12	0.993102	0.885326	0.99108	0.993102	0.867133	1.37814e-20	0.861124	0.607086	0.861124	0.607086	0.887063	0.104143	0	
0.990531	0.00144999	4.86551e-21	0.993102	2.3747e-08	0.993101	4.94542e-14	4.82023e-13	0.125672	0.993102	0.898839	1.45985e-06	3.72366e-05	5.59807e-17	0.0135286	7.71319e-09	1.4142e-12	0.993102	0.912457	0.991573	0.993102	0.898838	1.37814e-20	0.683844	0.468915	0.683844	0.468915	0.886809	0.106098	0	
0.991177	0.00170074	3.64068e-21	0.993102	1.7769e-08	0.993101	3.70048e-14	5.35649e-13	0.0991235	0.993102	0.922566	1.09235e-06	7.80397e-05	4.18883e-17	0.0151909	5.78379e-09	1.23384e-12	0.993102	0.932758	0.991941	0.993102	0.922565	1.37814e-20	0.522483	0.358297	0.522483	0.358297	0.879759	0.119871	0	
0.991659	0.00197671	2.72419e-21	0.993102	1.32959e-08	0.993101	2.76894e-14	5.52765e-13	0.0800102	0.993102	0.940321	8.17366e-07	0.000143713	3.13435e-17	0.0179993	4.34195e-09	1.0566e-12	0.993102	0.947948	0.992208	0.993102	0.94032	1.37814e-20	0.394296	0.27252	0.394295	0.27252	0.881864	0.123692	0	
0.992018	0.00227155	2.03841e-21	0.993102	9.94883e-09	0.993101	2.0719e-14	5.72106e-13	0.065473	0.993102	0.953607	6.11605e-07	0.000232558	2.34532e-17	0.0206125	3.26248e-09	9.14162e-13	0.993102	0.959315	0.992407	0.993101	0.953606	1.37814e-20	0.29667	0.20695	0.29667	0.20695	0.931504	0.152443	0	
0.99229	0.00545525	1.52527e-21	0.993102	7.44435e-09	0.993101	1.55033e-14	8.55827e-13	0.0510974	0.993102	0.963548	4.57642e-07	0.000341195	1.75492e-17	0.0278442	2.44622e-09	7.53553e-13	0.993102	0.967821	0.992565	0.9931	0.963548	1.37814e-20	0.224444	0.157127	0.224444	0.157127	0.949131	0.174538	0	
0.992494	0.0122449	1.1413e-21	0.993102	5.57033e-09	0.993101	1.16006e-14	1.24892e-12	0.0397186	0.993102	0.970987	3.42437e-07	0.000478123	1.31314e-17	0.0396382	1.83395e-09	6.08543e-13	0.993101	0.974185	0.992681	0.993098	0.970987	1.37814e-20	0.169913	0.119283	0.169913	0.119283	0.946454	0.171683	0	
0.992646	0.0164955	8.53996e-22	0.993102	4.16808e-09	0.993101	8.68028e-15	1.51133e-12	0.0312853	0.993102	0.976554	2.56233e-07	0.00063746	9.82575e-18	0.0474939	1.37601e-09	5.02664e-13	0.9931	0.978947	0.992768	0.993096	0.976554	1.37814e-20	0.128328	0.0906189	0.128328	0.0906189	0.931327	0.161036	0	
0.99276	0.0167747	6.39014e-22	0.993102	3.11882e-09	0.993101	6.49516e-15	1.5571e-12	0.0255234	0.993102	0.980719	1.9173e-07	0.000808004	7.35225e-18	0.0501515	1.03466e-09	4.34667e-13	0.993099	0.98251	0.992832	0.993094	0.980719	1.37814e-20	0.0966512	0.06896	0.0966511	0.06896	0.955849	0.182118	0	
0.992845	0.0233009	4.78151e-22	0.993102	2.3337e-09	0.993101	4.8601e-15	1.86117e-12	0.0203968	0.993102	0.983836	1.43464e-07	0.000975987	5.50142e-18	0.0591417	7.77287e-10	3.63647e-13	0.993096	0.985177	0.992881	0.993091	0.983836	1.37814e-20	0.0731345	0.0526285	0.0731344	0.0526285	0.923055	0.167225	0	
0.992907	0.0216892	3.57783e-22	0.993102	1.74622e-09	0.993101	3.63668e-15	1.75388e-12	0.0177524	0.993102	0.986168	1.07349e-07	0.00114172	4.11651e-18	0.0606662	5.87567e-10	3.2383e-13	0.993095	0.987172	0.992909	0.993089	0.986168	1.37813e-20	0.0550686	0.0403083	0.0550685	0.0403083	0.697626	0.0953275	0	
0.972126	0.0162406	2.68831e-22	0.993102	1.30663e-09	0.993101	3.05154e-15	1.31635e-12	0.132632	0.993102	0.987914	8.03255e-08	0.00128803	3.08024e-18	0.0494963	9.80002e-10	4.60182e-13	0.993096	0.988665	0.992367	0.993091	0.987913	1.37813e-20	0.0412093	0.031042	0.0412092	0.031042	0.619324	0.0522373	0	
0.934122	0.0121532	2.2671e-22	0.993102	9.77707e-10	0.993101	3.04437e-15	9.85805e-13	0.302718	0.993102	0.989216	6.01046e-08	0.00100744	2.30486e-18	0.0387855	3.32028e-09	8.60134e-13	0.993097	0.989781	0.991361	0.993094	0.989216	1.37813e-20	0.0309061	0.031723	0.0309061	0.031723	0.609221	0.0334676	0	
0.946384	0.00909439	2.07918e-22	0.993102	7.31583e-10	0.993101	2.31597e-15	7.38321e-13	0.43716	0.993102	0.990093	4.49741e-08	0.000755288	1.72468e-18	0.0302262	5.65074e-09	1.39438e-12	0.993099	0.990565	0.990797	0.993096	0.990093	1.37813e-20	0.0662197	0.152134	0.066219	0.152134	0.584203	0.0235715	0	
0.957662	0.00680528	2.59705e-22	0.993102	5.47421e-10	0.993101	1.73998e-15	5.5287e-13	0.551674	0.993102	0.989364	3.36528e-08	0.000565254	1.29062e-18	0.0236061	9.45045e-09	1.95846e-12	0.9931	0.990273	0.990023	0.993098	0.989364	1.37813e-20	0.290729	0.348718	0.290728	0.348718	0.616878	0.0265301	0	
0.966571	0.00509271	2.22507e-22	0.993102	4.09723e-10	0.993101	1.30215e-15	4.14484e-13	0.618096	0.993102	0.976354	2.52196e-08	0.000422969	9.65751e-19	0.0187126	9.7881e-09	2.32796e-12	0.9931	0.982586	0.990049	0.993099	0.976355	1.37813e-20	0.467493	0.509315	0.467493	0.509315	0.627606	0.0285805	0	
0.973247	0.00381142	1.84841e-22	0.993102	3.07583e-10	0.993101	9.74387e-16	3.11124e-13	0.659373	0.993102	0.934968	1.94654e-08	0.000316495	7.22654e-19	0.0150947	9.51615e-09	2.56979e-12	0.993101	0.957265	0.990187	0.9931	0.934968	1.37813e-20	0.599805	0.630671	0.599805	0.630671	0.637017	0.0315156	0	
0.978245	0.00285289	1.50902e-22	0.993102	2.33739e-10	0.993101	7.29108e-16	2.33987e-13	0.68196	0.993102	0.865233	1.80503e-08	0.000236823	5.40748e-19	0.0124533	8.93657e-09	2.70355e-12	0.993101	0.91295	0.990367	0.9931	0.865235	1.37813e-20	0.698812	0.721719	0.698812	0.721719	0.740794	0.0559001	0	
0.981985	0.00214691	1.13113e-22	0.993102	1.75038e-10	0.993101	5.45565e-16	1.84518e-13	0.579813	0.993102	0.786292	3.63193e-08	0.000177206	4.04623e-19	0.0111996	6.9148e-09	2.50233e-12	0.993101	0.881285	0.990942	0.993101	0.786294	1.37813e-20	0.772896	0.789916	0.772895	0.789916	0.755722	0.0639057	0	
0.984784	0.00162574	8.47471e-23	0.993102	1.30976e-10	0.993101	4.08227e-16	1.50784e-13	0.489424	0.993102	0.814854	2.77046e-08	0.000132603	3.02764e-19	0.0105852	5.34316e-09	2.28084e-12	0.993102	0.902411	0.991387	0.993101	0.814856	1.37813e-20	0.828329	0.840141	0.828328	0.840141	0.734623	0.0630508	0	
0.986877	0.00122892	6.3667e-23	0.993102	9.80044e-11	0.993101	3.05468e-16	1.21165e-13	0.442107	0.993102	0.855542	2.07441e-08	9.92567e-05	2.26548e-19	0.0100884	4.25591e-09	2.12215e-12	0.993102	0.924042	0.991671	0.993101	0.855544	1.37813e-20	0.869752	0.873114	0.869752	0.873114	0.759734	0.0661165	0	
0.988444	0.000941404	4.77326e-23	0.993102	7.33331e-11	0.993101	2.28576e-16	1.04442e-13	0.382992	0.993102	0.888531	1.55244e-08	7.43597e-05	1.69518e-19	0.00985255	3.34057e-09	1.9787e-12	0.993102	0.940987	0.991936	0.993102	0.888532	1.37813e-20	0.90058	0.889547	0.90058	0.889547	0.758502	0.0678372	0	
0.989615	0.000726481	3.58143e-23	0.993102	5.48725e-11	0.993101	1.71054e-16	9.15931e-14	0.339784	0.993102	0.91435	1.16165e-08	5.59327e-05	1.26844e-19	0.00975594	2.65955e-09	1.85814e-12	0.993102	0.953976	0.992128	0.993102	0.914351	1.37813e-20	0.921451	0.87567	0.921451	0.87567	0.744562	0.0604156	0	
0.990487	0.000557991	2.6969e-23	0.993102	4.10591e-11	0.993101	1.28074e-16	7.87081e-14	0.320057	0.993102	0.933962	8.69227e-09	4.25456e-05	9.49129e-20	0.00935755	2.20139e-09	1.82835e-12	0.993102	0.963762	0.992259	0.993102	0.933962	1.37813e-20	0.922531	0.827495	0.922531	0.827495	0.793457	0.0786271	0	
0.991145	0.000472596	2.02041e-23	0.993102	3.0723e-11	0.993101	9.58504e-17	8.59412e-14	0.269102	0.993102	0.948706	6.50414e-09	3.28638e-05	7.10199e-20	0.00995287	1.72671e-09	1.67236e-12	0.993102	0.971118	0.992409	0.993102	0.948706	1.37813e-20	0.926092	0.768924	0.926091	0.768924	0.767745	0.0601429	0	
0.991628	0.000376383	1.51854e-23	0.993102	2.29889e-11	0.993101	7.18525e-17	8.04796e-14	0.247231	0.993102	0.95983	4.86681e-09	2.74403e-05	5.31416e-20	0.0094938	1.42496e-09	1.69173e-12	0.993102	0.976637	0.992511	0.993102	0.95983	1.37813e-20	0.833932	0.662919	0.83393	0.662919	0.745781	0.0576236	0	
0.991966	0.00029558	1.15251e-23	0.993102	1.72018e-11	0.993101	5.42535e-17	7.06434e-14	0.249628	0.993102	0.968172	3.64166e-09	2.49456e-05	3.97641e-20	0.00905053	1.2725e-09	1.72898e-12	0.993102	0.980771	0.992554	0.993102	0.968173	1.37813e-20	0.688465	0.560587	0.688462	0.560587	0.793935	0.0706335	0	
0.992247	0.000268559	8.64751e-24	0.993102	1.28715e-11	0.993101	4.06638e-17	8.01668e-14	0.216153	0.993102	0.974413	2.72492e-09	2.28723e-05	2.97541e-20	0.00929154	1.03089e-09	1.65075e-12	0.993102	0.983867	0.992639	0.993102	0.974413	1.37813e-20	0.640265	0.486337	0.640263	0.486337	0.743979	0.050185	0	
0.992395	0.000212546	6.64519e-24	0.993102	9.63124e-12	0.993101	3.14055e-17	7.00402e-14	0.228116	0.993102	0.9791	2.03896e-09	2.53307e-05	2.22641e-20	0.00863189	9.85205e-10	1.7726e-12	0.993102	0.986185	0.992661	0.993102	0.9791	1.37813e-20	0.501127	0.403283	0.501125	0.403283	0.724125	0.0470356	0	
0.992456	0.000166359	5.3586e-24	0.993102	7.20671e-12	0.993101	2.52035e-17	5.91679e-14	0.258109	0.993102	0.982602	1.52568e-09	2.5422e-05	1.66598e-20	0.00803643	1.05525e-09	1.89872e-12	0.993102	0.987917	0.992639	0.993102	0.982602	1.37813e-20	0.398707	0.349738	0.398705	0.349738	0.732152	0.0474245	0	
0.992572	0.00013314	4.28981e-24	0.993102	5.39252e-12	0.993101	1.95373e-17	5.22098e-14	0.271659	0.993102	0.985203	1.14161e-09	2.25725e-05	1.24662e-20	0.00760311	1.06049e-09	1.98866e-12	0.993102	0.989206	0.992642	0.993102	0.985204	1.37813e-20	0.370878	0.337195	0.370875	0.337195	0.689812	0.0480393	0	
0.992512	0.000103383	4.73376e-24	0.993102	4.03502e-12	0.993101	1.74329e-17	4.24697e-14	0.332382	0.993102	0.987137	8.54227e-10	1.95976e-05	9.32951e-21	0.00729841	1.42527e-09	2.04901e-12	0.993102	0.990166	0.992489	0.993102	0.987137	1.37813e-20	0.335408	0.342803	0.335405	0.342803	0.585741	0.0316344	0	
0.989022	7.76953e-05	1.01454e-22	0.993102	3.01932e-12	0.993101	6.67192e-17	3.22031e-14	0.472561	0.993102	0.988455	6.39194e-10	1.5468e-05	7.07884e-21	0.00662238	6.13042e-09	2.31201e-12	0.993102	0.990808	0.991102	0.993102	0.988455	1.37813e-20	0.325732	0.420627	0.325729	0.420627	0.401068	0.0129956	0	
0.842299	5.81423e-05	1.58181e-19	0.993102	2.78553e-11	0.993101	5.30161e-15	2.4107e-14	0.602876	0.993102	0.986625	4.7923e-10	1.16228e-05	1.63396e-19	0.00575634	2.08077e-07	2.86064e-12	0.993102	0.989066	0.954953	0.993102	0.986625	1.37813e-20	0.429491	0.557057	0.429487	0.557057	0.377832	0.0100208	0	
0.827087	4.35092e-05	5.18855e-19	0.993102	1.19228e-08	0.993101	4.94887e-15	1.8045e-14	0.700654	0.993102	0.95293	5.12526e-10	8.70053e-06	5.22742e-19	0.00506217	4.79564e-07	3.34047e-12	0.993102	0.960411	0.913342	0.993102	0.95293	1.37813e-20	0.570625	0.666242	0.570622	0.666242	0.414987	0.0103729	0	
0.866736	3.25636e-05	4.78842e-19	0.993102	1.43428e-07	0.993101	3.73449e-15	1.35164e-14	0.773318	0.993102	0.828619	8.18257e-09	6.5108e-06	4.81747e-19	0.00454808	5.12882e-07	3.69109e-12	0.993102	0.847166	0.905959	0.993102	0.828621	1.37813e-20	0.676971	0.748442	0.676969	0.748442	0.473216	0.0112155	0	
0.898498	2.43898e-05	3.67122e-19	0.993101	3.46931e-07	0.993101	2.7951e-15	1.01585e-14	0.825606	0.993102	0.66187	1.53684e-07	4.87191e-06	3.69296e-19	0.00417628	4.3184e-07	3.93354e-12	0.993102	0.684155	0.918474	0.993102	0.661872	1.37814e-20	0.756552	0.810012	0.756551	0.810012	0.500788	0.0108792	0	
0.922307	1.82908e-05	2.77633e-19	0.993096	9.03586e-07	0.993101	2.09155e-15	7.67889e-15	0.862543	0.993102	0.511749	1.29389e-06	3.64552e-06	2.79259e-19	0.0038929	3.50824e-07	4.12286e-12	0.993102	0.53211	0.931781	0.993102	0.51175	1.37814e-20	0.816101	0.856096	0.8161	0.856096	0.545412	0.0105853	0	
0.940128	1.37853e-05	2.08234e-19	0.993087	1.14965e-06	0.993101	1.56504e-15	5.93534e-15	0.88302	0.993102	0.391084	6.07337e-06	2.72783e-06	2.09451e-19	0.00367638	2.73853e-07	4.2715e-12	0.993102	0.408166	0.944956	0.993102	0.391085	1.37814e-20	0.860658	0.890582	0.860658	0.890582	0.551839	0.00958802	0	
0.953464	1.04254e-05	1.56194e-19	0.993071	1.69089e-06	0.993101	1.17106e-15	4.65669e-15	0.896737	0.993102	0.298113	1.56719e-05	2.04115e-06	1.57105e-19	0.00349933	2.14891e-07	4.40662e-12	0.993102	0.312021	0.955125	0.993102	0.298112	1.37815e-20	0.893999	0.916388	0.893999	0.916388	0.552834	0.00902914	0	
0.963442	7.91234e-06	1.17239e-19	0.993045	2.64704e-06	0.993101	8.76267e-16	3.70426e-15	0.906736	0.993102	0.227253	3.05617e-05	1.52733e-06	1.17921e-19	0.00335856	1.70574e-07	4.52135e-12	0.993102	0.238469	0.962793	0.993102	0.22725	1.37816e-20	0.918947	0.935698	0.918947	0.935698	0.580413	0.00964972	0	
0.970908	6.11637e-06	8.78471e-20	0.993031	2.6647e-06	0.993101	6.5568e-16	3.15337e-15	0.90472	0.993102	0.173483	5.16702e-05	1.14285e-06	8.83577e-20	0.00326244	1.33268e-07	4.59212e-12	0.993102	0.182591	0.969316	0.993102	0.173477	1.37817e-20	0.937615	0.950147	0.937614	0.950147	0.626355	0.0110543	0	
0.976495	5.08168e-06	6.5752e-20	0.993038	2.09435e-06	0.993101	4.90621e-16	3.31601e-15	0.87488	0.993102	0.133389	6.67691e-05	8.55162e-07	6.61342e-20	0.0032118	1.01967e-07	4.61159e-12	0.993102	0.141067	0.974848	0.993102	0.133379	1.37818e-20	0.951583	0.960959	0.951583	0.960959	0.708394	0.0154075	0	
0.980676	6.64444e-06	4.92006e-20	0.993053	1.56827e-06	0.993101	3.67114e-16	7.41582e-15	0.760671	0.993102	0.106232	6.0102e-05	6.39902e-07	4.94865e-20	0.00324377	7.6734e-08	4.52813e-12	0.993102	0.114205	0.979347	0.993102	0.106218	1.37818e-20	0.962035	0.969048	0.962035	0.969048	0.758509	0.0210354	0	
0.983804	1.36346e-05	3.68151e-20	0.993066	1.17348e-06	0.993101	2.74698e-16	1.89937e-14	0.622379	0.993102	0.130899	4.51039e-05	4.78969e-07	3.70291e-20	0.00336746	5.75771e-08	4.35097e-12	0.993102	0.156104	0.98277	0.993102	0.130851	1.37818e-20	0.969856	0.975079	0.969855	0.975079	0.788656	0.0259126	0	
0.986145	2.76502e-05	2.75474e-20	0.993075	8.78072e-07	0.993101	2.05547e-16	3.87823e-14	0.497918	0.993102	0.299063	3.37503e-05	3.6083e-07	2.77075e-20	0.00355594	4.31704e-08	4.12893e-12	0.993102	0.335174	0.985347	0.993102	0.298999	1.37818e-20	0.975707	0.97922	0.975707	0.97922	0.806716	0.0279711	0	
0.987896	4.67747e-05	2.06128e-20	0.993082	6.57029e-07	0.993101	1.53803e-16	6.42786e-14	0.395934	0.993102	0.468835	2.52541e-05	2.99341e-07	2.07325e-20	0.00374034	3.23638e-08	3.92756e-12	0.993102	0.497948	0.987282	0.993102	0.468785	1.37817e-20	0.980077	0.978031	0.980077	0.978031	0.813525	0.0291283	0	
0.989207	6.55859e-05	1.54238e-20	0.993087	4.91631e-07	0.993101	1.15087e-16	8.85013e-14	0.316895	0.993102	0.600158	1.88967e-05	4.49562e-07	1.55134e-20	0.00390349	2.42698e-08	3.7577e-12	0.993102	0.622231	0.988732	0.993102	0.600121	1.37817e-20	0.982872	0.949823	0.982872	0.949823	0.839689	0.031888	0	
0.990187	0.000103609	1.15411e-20	0.993091	3.6787e-07	0.993101	8.61183e-17	1.34406e-13	0.249772	0.993102	0.698942	1.41397e-05	1.4323e-06	1.16081e-20	0.00408796	1.81918e-08	3.58663e-12	0.993102	0.715521	0.989822	0.993102	0.698913	1.37816e-20	0.978847	0.856638	0.978849	0.856638	0.876789	0.0389293	0	
0.990921	0.000209322	8.63575e-21	0.993094	2.75263e-07	0.993101	6.44417e-17	2.43766e-13	0.193084	0.993102	0.772957	1.05802e-05	5.26699e-06	8.68594e-21	0.00440155	1.36273e-08	3.35683e-12	0.993102	0.785382	0.990643	0.993102	0.772936	1.37816e-20	0.94265	0.708003	0.942659	0.708003	0.918855	0.0609461	0	
0.99147	0.00063075	6.46182e-21	0.993096	2.0597e-07	0.993101	4.82208e-17	5.14529e-13	0.147184	0.993102	0.828364	7.91681e-06	1.69761e-05	6.49937e-21	0.00537282	1.02033e-08	2.94515e-12	0.993102	0.83767	0.991258	0.993102	0.828349	1.37815e-20	0.845181	0.55613	0.845198	0.55613	0.932118	0.0755561	0	
0.991881	0.0012987	4.83514e-21	0.993097	1.5412e-07	0.993101	3.60839e-17	8.18027e-13	0.112213	0.993102	0.86983	5.92386e-06	4.53419e-05	4.86324e-21	0.0067974	7.63969e-09	2.52729e-12	0.993102	0.876797	0.991719	0.993102	0.869819	1.37815e-20	0.684612	0.427368	0.684629	0.427368	0.962128	0.0959095	0	
0.992188	0.00322243	3.61796e-21	0.993099	1.15322e-07	0.993101	2.70016e-17	1.40128e-12	0.0851109	0.993102	0.90086	4.43261e-06	9.9606e-05	3.63899e-21	0.00923544	5.71922e-09	2.10643e-12	0.993102	0.906075	0.992064	0.993102	0.900851	1.37815e-20	0.538801	0.325496	0.538816	0.325496	0.97444	0.136572	0	
0.992418	0.00879563	2.70719e-21	0.9931	8.62913e-08	0.993101	2.02056e-17	2.05804e-12	0.0645822	0.993102	0.92408	3.31676e-06	0.000187442	2.72292e-21	0.0160769	4.28162e-09	1.67166e-12	0.993102	0.927983	0.99232	0.993101	0.924073	1.37815e-20	0.415379	0.246911	0.415391	0.246911	0.984532	0.208635	0	
0.99259	0.0364173	2.02569e-21	0.9931	6.45686e-08	0.993101	1.51205e-17	2.77526e-12	0.0490579	0.993102	0.941454	2.48181e-06	0.000310448	2.03746e-21	0.0466695	3.20552e-09	1.27343e-12	0.993101	0.944376	0.992499	0.993097	0.941449	1.37814e-20	0.31754	0.186989	0.317549	0.186989	0.945301	0.199777	0	
0.992718	0.0395609	1.51575e-21	0.993101	4.83144e-08	0.993101	1.13229e-17	2.64028e-12	0.0383099	0.993102	0.954455	1.85705e-06	0.000464392	1.52456e-21	0.0646048	2.40239e-09	9.7984e-13	0.993099	0.956642	0.992617	0.993094	0.954452	1.37814e-20	0.239287	0.141559	0.239294	0.141559	0.861896	0.204246	0	
0.992794	0.0322443	1.13418e-21	0.993101	3.61519e-08	0.993101	8.77924e-18	2.08194e-12	0.0369302	0.993102	0.964184	1.38956e-06	0.000635176	1.14077e-21	0.0804441	1.81784e-09	7.57848e-13	0.993097	0.96582	0.992543	0.993089	0.964181	1.37814e-20	0.179258	0.10725	0.179263	0.10725	0.83497	0.183611	0	
0.992808	0.0251546	8.48672e-22	0.993101	2.70511e-08	0.993101	7.49493e-18	1.61988e-12	0.041468	0.993102	0.971463	1.03976e-06	0.000771004	8.53604e-22	0.0824054	1.39487e-09	6.04342e-13	0.993096	0.972688	0.992462	0.993088	0.971461	1.37814e-20	0.134247	0.0815415	0.134251	0.0815415	0.79082	0.140558	0	
0.992542	0.0190024	6.35057e-22	0.993102	2.02414e-08	0.993101	1.05517e-17	1.23775e-12	0.0620483	0.993102	0.97691	7.78013e-07	0.000847009	6.38748e-22	0.071558	1.12753e-09	5.40379e-13	0.993097	0.977827	0.992397	0.99309	0.976908	1.37814e-20	0.100509	0.0624268	0.100512	0.0624268	0.711188	0.0882254	0	
0.987353	0.0142317	4.75838e-22	0.993102	1.51459e-08	0.993101	8.70763e-17	9.31385e-13	0.149063	0.993102	0.980985	5.82159e-07	0.000812812	4.786e-22	0.0571108	1.25566e-09	6.5547e-13	0.993098	0.981672	0.992184	0.993093	0.980984	1.37814e-20	0.0752336	0.0488369	0.0752358	0.0488369	0.626891	0.040713	0	
0.963747	0.01065	3.74932e-22	0.993102	1.13331e-08	0.993101	4.69929e-16	6.97888e-13	0.309008	0.993102	0.984031	4.35608e-07	0.000639629	3.76998e-22	0.0441251	3.1632e-09	1.13996e-12	0.993099	0.984547	0.9916	0.993095	0.98403	1.37814e-20	0.0564532	0.0481894	0.0564549	0.0481894	0.501497	0.0165748	0	
0.869484	0.00796904	3.12707e-21	0.993102	8.48016e-09	0.993101	2.84205e-15	5.22283e-13	0.475918	0.993102	0.986199	3.2595e-07	0.000479894	3.12854e-21	0.0338775	2.9671e-08	1.90553e-12	0.9931	0.986618	0.985938	0.993097	0.986198	1.37814e-20	0.0497735	0.172288	0.0497746	0.172288	0.479113	0.0103472	0	
0.886551	0.00596297	9.30884e-21	0.993102	6.34668e-09	0.993101	2.34306e-15	3.90856e-13	0.602698	0.993102	0.984731	2.43897e-07	0.000359133	9.30975e-21	0.0261091	6.4924e-08	2.61799e-12	0.9931	0.985638	0.979472	0.993098	0.984731	1.37814e-20	0.27232	0.371718	0.272321	0.371718	0.482006	0.0119339	0	
0.912328	0.0044619	1.31727e-20	0.993102	4.93215e-09	0.993101	1.7685e-15	2.92516e-13	0.697362	0.993102	0.95162	1.82664e-07	0.00026873	1.31732e-20	0.0203208	8.89001e-08	3.11386e-12	0.993101	0.958922	0.974841	0.993099	0.951621	1.37814e-20	0.453673	0.527557	0.453674	0.527557	0.369661	0.00308242	0	
0.919268	0.00333868	5.65173e-19	0.993102	7.264e-07	0.993101	1.52903e-15	2.18885e-13	0.771424	0.993102	0.83174	1.41789e-07	0.000201081	5.65156e-19	0.0158627	4.47885e-07	3.70857e-12	0.993101	0.841054	0.927213	0.9931	0.831741	1.37814e-20	0.589447	0.644664	0.589447	0.644664	0.351184	0.00115983	0	
0.931295	0.00249822	1.58571e-18	0.993089	2.98169e-05	0.993101	1.24206e-15	1.63788e-13	0.826961	0.993102	0.665541	1.97587e-07	0.000150462	1.58568e-18	0.0125021	8.8699e-07	4.20763e-12	0.993101	0.673346	0.876588	0.9931	0.665542	1.37814e-20	0.69106	0.732358	0.69106	0.732358	0.429154	0.00160412	0	
0.946756	0.00186933	1.23794e-18	0.993068	3.42592e-05	0.993101	9.30819e-16	1.22575e-13	0.867516	0.993102	0.514074	1.00611e-06	0.000112585	1.23794e-18	0.00999311	7.79737e-07	4.56921e-12	0.993102	0.520409	0.887829	0.993101	0.514081	1.37835e-20	0.767095	0.79799	0.767095	0.79799	0.515408	0.00338736	0	
0.958421	0.0013988	9.27935e-19	0.993054	2.7556e-05	0.993101	6.96518e-16	9.18222e-14	0.892171	0.993102	0.39207	5.42015e-06	8.42434e-05	9.27939e-19	0.00813885	6.04121e-07	4.79011e-12	0.993102	0.397313	0.910781	0.993101	0.392075	1.37853e-20	0.823989	0.847104	0.823989	0.847104	0.527862	0.00401442	0	
0.967151	0.00104673	6.95332e-19	0.99302	2.37479e-05	0.993101	5.21187e-16	6.88405e-14	0.908723	0.993102	0.297949	1.68884e-05	6.30362e-05	6.95336e-19	0.0067597	4.68157e-07	4.93813e-12	0.993102	0.302245	0.928694	0.993101	0.297951	1.37862e-20	0.866561	0.883855	0.866561	0.883855	0.524839	0.00436049	0	
0.973684	0.00078329	5.2141e-19	0.992945	2.46144e-05	0.993101	3.89991e-16	5.16364e-14	0.92161	0.993102	0.226248	3.78641e-05	4.71677e-05	5.21417e-19	0.00573237	3.67424e-07	5.03945e-12	0.993102	0.229756	0.941904	0.993102	0.226246	1.37866e-20	0.898416	0.911356	0.898416	0.911356	0.551911	0.0046223	0	
0.978572	0.000586208	3.90531e-19	0.992892	2.22993e-05	0.993101	2.91818e-16	3.88533e-14	0.925588	0.993102	0.171855	7.10159e-05	3.52939e-05	3.90539e-19	0.00496719	2.84892e-07	5.10826e-12	0.993102	0.174717	0.953027	0.993102	0.171846	1.3787e-20	0.922252	0.931933	0.922252	0.931933	0.607952	0.00479678	0	
0.98223	0.000438947	2.92261e-19	0.992909	1.71694e-05	0.993101	2.18357e-16	2.97342e-14	0.904051	0.993102	0.13096	0.000103535	2.64091e-05	2.92267e-19	0.00439699	2.16422e-07	5.15504e-12	0.993102	0.133328	0.962535	0.993102	0.130945	1.37871e-20	0.940088	0.947331	0.940088	0.947331	0.621079	0.00528399	0	
0.984967	0.000328854	2.18712e-19	0.992946	1.2968e-05	0.993101	1.63388e-16	2.31094e-14	0.878586	0.993102	0.101616	9.91889e-05	1.9761e-05	2.18716e-19	0.00397698	1.64438e-07	5.17697e-12	0.993102	0.103772	0.969779	0.993102	0.101593	1.37869e-20	0.953433	0.958852	0.953433	0.958852	0.690079	0.00593587	0	
0.987015	0.000247703	1.63656e-19	0.992984	9.70628e-06	0.993101	1.22258e-16	2.07124e-14	0.786174	0.993102	0.0820093	8.22701e-05	1.47865e-05	1.63659e-19	0.00367169	1.23671e-07	5.17619e-12	0.993102	0.0843365	0.975535	0.993102	0.081975	1.37864e-20	0.963419	0.967471	0.963419	0.967471	0.723223	0.00658443	0	
0.988547	0.000188556	1.22458e-19	0.993014	7.26287e-06	0.993101	9.1481e-17	2.21356e-14	0.676701	0.993102	0.0949923	6.17647e-05	1.10643e-05	1.22461e-19	0.00345231	9.28627e-08	5.15873e-12	0.993102	0.100686	0.979897	0.993102	0.0949042	1.37858e-20	0.970892	0.973909	0.970892	0.973909	0.739303	0.00682624	0	
0.989694	0.000145534	9.1631e-20	0.993036	5.43454e-06	0.993101	6.8452e-17	2.57186e-14	0.577378	0.993102	0.216389	4.62189e-05	8.27981e-06	9.1633e-20	0.00329156	6.97206e-08	5.1394e-12	0.993102	0.228758	0.983178	0.993102	0.216226	1.37852e-20	0.976483	0.978607	0.976483	0.978607	0.764924	0.00699219	0	
0.990552	0.000116338	6.85642e-20	0.993053	4.06647e-06	0.993101	5.12204e-17	3.45283e-14	0.48005	0.993102	0.389431	3.4584e-05	6.20147e-06	6.85657e-20	0.00317363	5.231e-08	5.12065e-12	0.993102	0.401367	0.98565	0.993102	0.389285	1.37846e-20	0.980666	0.981285	0.980666	0.981285	0.809573	0.0087783	0	
0.991194	0.000105877	5.13041e-20	0.993065	3.04279e-06	0.993101	3.83268e-17	6.31669e-14	0.381381	0.993102	0.537919	2.58779e-05	4.6823e-06	5.13052e-20	0.00311115	3.91993e-08	5.06185e-12	0.993102	0.547401	0.987515	0.993102	0.537806	1.37841e-20	0.983778	0.977617	0.983778	0.977617	0.826081	0.00977615	0	
0.991674	0.000105933	3.8389e-20	0.993075	2.27681e-06	0.993101	2.86799e-17	9.92006e-14	0.301722	0.993102	0.652016	1.93635e-05	3.80547e-06	3.83898e-20	0.00307921	2.93728e-08	4.99351e-12	0.993102	0.659198	0.988913	0.993102	0.651931	1.37836e-20	0.985452	0.940476	0.985453	0.940476	0.890283	0.0188745	0	
0.992034	0.000194902	2.87251e-20	0.993081	1.70365e-06	0.993101	2.14606e-17	2.61778e-13	0.23052	0.993102	0.73778	1.4489e-05	4.33225e-06	2.87257e-20	0.00320469	2.199e-08	4.74174e-12	0.993102	0.743185	0.989965	0.993102	0.737717	1.37832e-20	0.982936	0.830877	0.982939	0.830877	0.942904	0.0304705	0	
0.992303	0.000562987	2.14939e-20	0.993087	1.27478e-06	0.993101	1.60584e-17	7.33137e-13	0.174169	0.993102	0.80203	1.08416e-05	9.40829e-06	2.14944e-20	0.0035326	1.64583e-08	4.34525e-12	0.993102	0.806085	0.990753	0.993102	0.801983	1.37828e-20	0.960932	0.671583	0.960945	0.671583	0.987286	0.0633096	0	
0.992504	0.00236353	1.60831e-20	0.993091	9.53873e-07	0.993101	1.20161e-17	1.85379e-12	0.131019	0.993102	0.850122	8.11237e-06	2.60699e-05	1.60835e-20	0.00482239	1.23168e-08	3.66474e-12	0.993102	0.853162	0.991344	0.993102	0.850087	1.37825e-20	0.894194	0.521196	0.894221	0.521196	1.00361	0.0762232	0	
0.992654	0.00523237	1.20344e-20	0.993094	7.13748e-07	0.993101	8.99136e-18	3.19626e-12	0.0985378	0.993102	0.886112	6.07019e-06	6.46058e-05	1.20347e-20	0.00642241	9.21742e-09	3.06145e-12	0.993102	0.888389	0.991786	0.993102	0.886086	1.37823e-20	0.76061	0.398227	0.760645	0.398227	1.00765	0.0892341	0	
0.992767	0.00875932	9.00492e-21	0.993096	5.34072e-07	0.993101	6.72818e-18	4.35315e-12	0.0741946	0.993102	0.913044	4.5421e-06	0.000134679	9.00511e-21	0.00844384	6.89816e-09	2.53689e-12	0.993102	0.914749	0.992116	0.993102	0.913024	1.37821e-20	0.6056	0.302348	0.605632	0.302348	1.00292	0.0939115	0	
0.992851	0.0113933	6.73805e-21	0.993097	3.99627e-07	0.993101	5.03498e-18	5.04179e-12	0.0560253	0.993102	0.933196	3.39869e-06	0.000241227	6.7382e-21	0.0103075	5.16284e-09	2.12239e-12	0.993102	0.934473	0.992363	0.993102	0.933181	1.3782e-20	0.467004	0.228939	0.467029	0.228939	1.01703	0.133463	0	
0.992915	0.0221684	5.04184e-21	0.993099	2.99026e-07	0.993101	3.76793e-18	6.13871e-12	0.0423051	0.993102	0.948276	2.54312e-06	0.000382442	5.04195e-21	0.0163455	3.86408e-09	1.68973e-12	0.993102	0.949232	0.992547	0.993101	0.948265	1.37818e-20	0.358504	0.173193	0.358524	0.173193	0.963908	0.116343	0	
0.992961	0.0200797	3.77262e-21	0.993099	2.2375e-07	0.993101	2.82419e-18	5.41115e-12	0.0327615	0.993102	0.95956	1.90292e-06	0.000551796	3.77271e-21	0.0184227	2.89398e-09	1.40747e-12	0.993101	0.960276	0.992682	0.9931	0.959552	1.37817e-20	0.270119	0.13103	0.270134	0.13103	0.952429	0.107318	0	
0.992996	0.017353	2.82292e-21	0.9931	1.67424e-07	0.993101	2.1224e-18	4.69898e-12	0.0259043	0.993102	0.968003	1.42389e-06	0.000734303	2.82298e-21	0.0189756	2.16876e-09	1.22457e-12	0.993101	0.968539	0.992783	0.993099	0.967997	1.37816e-20	0.203134	0.0992324	0.203146	0.0992324	0.754762	0.0693253	0	
0.991074	0.0130057	2.1124e-21	0.993101	1.25277e-07	0.993101	3.01382e-17	3.52855e-12	0.0757875	0.993102	0.974321	1.06544e-06	0.000918038	2.11245e-21	0.0166537	1.79515e-09	1.28279e-12	0.993101	0.974723	0.992751	0.9931	0.974316	1.37816e-20	0.152013	0.075288	0.152021	0.075288	0.67356	0.0457634	0	
0.974238	0.0097343	1.58355e-21	0.993101	9.37405e-08	0.993101	2.93547e-16	2.64275e-12	0.205829	0.993102	0.979048	7.97232e-07	0.000822972	1.58359e-21	0.0139995	2.21764e-09	1.54696e-12	0.993101	0.979349	0.992485	0.9931	0.979044	1.37815e-20	0.113767	0.0591251	0.113774	0.0591251	0.345419	0.0013438	0	
0.729077	0.00728382	1.4656e-18	0.993101	7.01426e-08	0.993101	1.00886e-11	1.97747e-12	0.403776	0.993102	0.982571	5.96539e-07	0.0006259	1.46561e-18	0.0111102	6.2096e-07	2.5849e-12	0.993101	0.982797	0.919424	0.993101	0.982569	1.37815e-20	0.0851335	0.0772406	0.0851382	0.0772406	0.383419	0.000875154	0	
0.565406	0.00545022	1.41694e-18	0.993102	5.24885e-08	0.993101	7.59105e-12	1.47968e-12	0.551621	0.993102	0.984457	4.46369e-07	0.000468531	1.41694e-18	0.00894243	7.54266e-07	3.37499e-12	0.993102	0.98464	0.897724	0.993101	0.984455	1.37815e-20	0.092403	0.279922	0.0924065	0.279922	0.39998	0.000758374	0	
0.61384	0.00407821	1.22538e-18	0.993102	3.99069e-08	0.993101	5.68123e-12	1.1072e-12	0.662049	0.993102	0.972697	3.34015e-07	0.000350595	1.22538e-18	0.00731887	7.72356e-07	3.96955e-12	0.993102	0.973032	0.891522	0.993101	0.972696	1.37814e-20	0.315457	0.457835	0.31546	0.457835	0.403401	0.000707126	0	
0.702092	0.00305158	1.06092e-18	0.993102	7.55054e-08	0.993101	4.25117e-12	8.28489e-13	0.744628	0.993102	0.890448	2.51062e-07	0.000262338	1.06092e-18	0.00610338	7.72139e-07	4.41592e-12	0.993102	0.891501	0.888678	0.993102	0.890447	1.37814e-20	0.486003	0.592402	0.486005	0.592402	0.402625	0.000649449	0	
0.773887	0.00228339	9.42409e-19	0.9931	1.33708e-06	0.993101	3.18102e-12	6.19939e-13	0.806431	0.993102	0.732034	2.18554e-07	0.000196299	9.42405e-19	0.00519316	7.75014e-07	4.7516e-12	0.993102	0.733454	0.886186	0.993102	0.732035	1.37814e-20	0.613657	0.693239	0.613658	0.693239	0.455376	0.000720706	0	
0.82902	0.00170859	7.2318e-19	0.993094	2.83988e-06	0.993101	2.38024e-12	4.63909e-13	0.851288	0.993102	0.571236	5.28189e-07	0.000146883	7.23178e-19	0.00451296	6.48594e-07	5.00074e-12	0.993102	0.572607	0.902253	0.993102	0.571237	1.37815e-20	0.709177	0.768715	0.709178	0.768715	0.552018	0.00105268	0	
0.870325	0.00127857	5.41507e-19	0.993091	2.35677e-06	0.993101	1.78105e-12	3.47342e-13	0.872946	0.993102	0.437573	2.61792e-06	0.000109907	5.41505e-19	0.00400816	4.9526e-07	5.17765e-12	0.993102	0.438805	0.923481	0.993102	0.437573	1.37816e-20	0.780651	0.825198	0.780652	0.825198	0.610781	0.00133993	0	
0.901232	0.000957011	4.05226e-19	0.99309	1.81603e-06	0.993101	1.33269e-12	2.60604e-13	0.862793	0.993102	0.334089	7.30582e-06	8.22397e-05	4.05225e-19	0.00363406	3.73654e-07	5.30178e-12	0.993102	0.335186	0.940495	0.993102	0.334088	1.37817e-20	0.834133	0.867463	0.834133	0.867463	0.661152	0.00166888	0	
0.924359	0.000716935	3.0322e-19	0.993092	1.36354e-06	0.993101	9.97205e-13	1.96919e-13	0.809226	0.993102	0.258109	9.07629e-06	6.1537e-05	3.0322e-19	0.00335832	2.80712e-07	5.38529e-12	0.993102	0.259194	0.95355	0.993102	0.258106	1.37818e-20	0.874151	0.899087	0.874152	0.899087	0.695837	0.00192705	0	
0.941664	0.000538143	2.2689e-19	0.993094	1.02042e-06	0.993101	7.46172e-13	1.51186e-13	0.727094	0.993102	0.215452	7.21941e-06	4.60459e-05	2.26889e-19	0.00315529	2.10607e-07	5.44046e-12	0.993102	0.217057	0.963412	0.993102	0.215447	1.37818e-20	0.904096	0.922745	0.904096	0.922745	0.701715	0.00201434	0	
0.954613	0.000404573	1.69774e-19	0.993096	7.63547e-07	0.993101	5.58333e-13	1.17445e-13	0.658317	0.993102	0.245287	5.41809e-06	3.44548e-05	1.69774e-19	0.00300449	1.58087e-07	5.47927e-12	0.993102	0.248744	0.970802	0.993102	0.245276	1.37817e-20	0.926502	0.940408	0.926502	0.940408	0.735588	0.00239669	0	
0.964302	0.000306497	1.27036e-19	0.993098	5.71335e-07	0.993101	4.1778e-13	9.63804e-14	0.567465	0.993102	0.350347	4.0552e-06	2.57824e-05	1.27036e-19	0.00289658	1.18544e-07	5.49758e-12	0.993102	0.355568	0.976372	0.993102	0.350334	1.37817e-20	0.943267	0.95348	0.943268	0.95348	0.717191	0.00276742	0	
0.971552	0.000231969	9.50571e-20	0.993099	4.27509e-07	0.993101	3.1261e-13	7.8002e-14	0.520071	0.993102	0.493408	3.03439e-06	1.92994e-05	9.50569e-20	0.00282065	8.90675e-08	5.50095e-12	0.993102	0.498252	0.980521	0.993102	0.493398	1.37816e-20	0.955809	0.962272	0.955809	0.962272	0.758527	0.00337273	0	
0.976977	0.000179655	7.11279e-20	0.9931	3.19889e-07	0.993101	2.33915e-13	7.18158e-14	0.442334	0.993102	0.611586	2.27053e-06	1.44598e-05	7.11277e-20	0.00277177	6.68058e-08	5.48677e-12	0.993102	0.615692	0.98366	0.993102	0.611578	1.37816e-20	0.965187	0.967005	0.965187	0.967005	0.798198	0.00424711	0	
0.981036	0.000148111	5.32224e-20	0.9931	2.39362e-07	0.993101	1.7503e-13	8.34741e-14	0.358209	0.993102	0.70598	1.69895e-06	1.09089e-05	5.32223e-20	0.00274682	5.00606e-08	5.4524e-12	0.993102	0.709185	0.986024	0.993102	0.705974	1.37816e-20	0.972111	0.959861	0.972111	0.959861	0.873179	0.00648834	0	
0.984074	0.000174917	3.98244e-20	0.993101	1.79106e-07	0.993101	1.30968e-13	1.9568e-13	0.274674	0.993102	0.777951	1.27126e-06	8.64228e-06	3.98243e-20	0.00275891	3.74747e-08	5.36763e-12	0.993102	0.780387	0.987803	0.993102	0.777946	1.37815e-20	0.976733	0.908752	0.976733	0.908752	0.906438	0.00880048	0	
0.986346	0.000261395	2.97992e-20	0.993101	1.34018e-07	0.993101	9.79989e-14	4.05516e-13	0.208987	0.993102	0.832054	9.51241e-07	9.01578e-06	2.97991e-20	0.00280116	2.80492e-08	5.24601e-12	0.993102	0.833887	0.989136	0.993102	0.832051	1.37815e-20	0.971555	0.773989	0.971555	0.773989	0.93389	0.0117084	0	
0.988047	0.000435007	2.22976e-20	0.993101	1.00281e-07	0.993101	7.3329e-14	7.52073e-13	0.158386	0.993102	0.87258	7.11779e-07	1.62286e-05	2.22976e-20	0.00287676	2.0993e-08	5.08554e-12	0.993102	0.873955	0.990133	0.993102	0.872578	1.37815e-20	0.918002	0.613998	0.918002	0.613998	0.948428	0.0139066	0	
0.98932	0.000659967	1.66845e-20	0.993102	7.50366e-08	0.993101	5.48694e-14	1.16278e-12	0.12002	0.993102	0.902914	5.32598e-07	3.82288e-05	1.66845e-20	0.0029683	1.57119e-08	4.91556e-12	0.993102	0.903944	0.99088	0.993102	0.902912	1.37814e-20	0.777908	0.473334	0.777909	0.473334	0.971518	0.0211401	0	
0.990272	0.00110654	1.24844e-20	0.993102	5.61471e-08	0.993101	4.10568e-14	1.82228e-12	0.090757	0.993102	0.925615	3.98524e-07	8.47867e-05	1.24844e-20	0.00316329	1.17589e-08	4.63883e-12	0.993102	0.926387	0.991439	0.993102	0.925614	1.37814e-20	0.623008	0.36083	0.623008	0.36083	0.967907	0.0161727	0	
0.990984	0.00134429	9.34162e-21	0.993102	4.20128e-08	0.993101	3.07213e-14	2.24942e-12	0.0689316	0.993102	0.942603	2.98201e-07	0.000164296	9.3416e-21	0.0032204	8.80118e-09	4.53211e-12	0.993102	0.94318	0.991857	0.993102	0.942602	1.37814e-20	0.479543	0.273745	0.479543	0.273745	0.98778	0.0211501	0	
0.991517	0.00185347	6.99e-21	0.993102	3.14367e-08	0.993101	2.29876e-14	3.00138e-12	0.0522664	0.993102	0.955314	2.23133e-07	0.00027895	6.98998e-21	0.00335212	6.58723e-09	4.35171e-12	0.993102	0.955747	0.99217	0.993102	0.955314	1.37814e-20	0.367305	0.207269	0.367305	0.207269	1.00284	0.0245414	0	
0.991916	0.00261095	5.23036e-21	0.993102	2.35229e-08	0.993101	1.72008e-14	4.02742e-12	0.039618	0.993102	0.964826	1.66962e-07	0.000426403	5.23035e-21	0.00351655	4.93019e-09	4.15374e-12	0.993102	0.96515	0.992404	0.993102	0.964826	1.37814e-20	0.280788	0.156842	0.280788	0.156842	1.03279	0.0490442	0	
0.992215	0.00555632	3.91369e-21	0.993102	1.76013e-08	0.993101	1.28707e-14	6.25676e-12	0.0299246	0.993102	0.971944	1.24932e-07	0.000599322	3.91368e-21	0.00427304	3.68975e-09	3.65791e-12	0.993102	0.972187	0.99258	0.993102	0.971943	1.37814e-20	0.216615	0.118721	0.216615	0.118721	1.03906	0.0494272	0	
0.992438	0.00826442	2.92847e-21	0.993102	1.31704e-08	0.993101	9.6307e-15	8.35808e-12	0.0226384	0.993102	0.97727	9.34819e-08	0.000788587	2.92846e-21	0.00485164	2.76149e-09	3.28269e-12	0.993102	0.977452	0.992711	0.993101	0.977269	1.37814e-20	0.167125	0.0899567	0.167125	0.0899567	1.03979	0.0648304	0	
0.992605	0.0118189	2.19127e-21	0.993102	9.85496e-09	0.993101	7.20631e-15	9.98414e-12	0.0171828	0.993102	0.981255	6.99491e-08	0.000983483	2.19126e-21	0.00587607	2.0669e-09	2.85727e-12	0.993102	0.981391	0.992809	0.993101	0.981255	1.37814e-20	0.128893	0.0682821	0.128892	0.0682821	1.04588	0.0709777	0	
0.99273	0.0159968	1.63965e-21	0.993102	7.37411e-09	0.993101	5.39222e-15	1.16842e-11	0.0130727	0.993102	0.984237	5.23403e-08	0.00117459	1.63964e-21	0.00693343	1.54709e-09	2.49256e-12	0.993101	0.984339	0.992883	0.993101	0.984237	1.37814e-20	0.0999369	0.0519638	0.0999367	0.0519638	1.03288	0.0679811	0	
0.992824	0.0172059	1.22689e-21	0.993102	5.51778e-09	0.993101	4.0348e-15	1.1992e-11	0.0100612	0.993102	0.986468	3.91644e-08	0.0013551	1.22688e-21	0.00757847	1.1583e-09	2.24156e-12	0.993101	0.986545	0.992937	0.9931	0.986468	1.37814e-20	0.0770744	0.0396849	0.0770742	0.0396849	1.0328	0.0692997	0	
0.992894	0.0182388	9.18035e-22	0.993102	4.12875e-09	0.993101	3.01909e-15	1.22169e-11	0.00780822	0.993102	0.988138	2.93053e-08	0.00151968	9.18033e-22	0.00812438	8.67373e-10	2.04395e-12	0.993101	0.988196	0.992978	0.9931	0.988138	1.37814e-20	0.0597054	0.0304503	0.0597052	0.0304503	1.04555	0.0973633	0	
0.992946	0.0254609	6.86932e-22	0.993102	3.0894e-09	0.993101	2.25908e-15	1.3327e-11	0.0060595	0.993102	0.989387	2.19281e-08	0.00166608	6.8693e-22	0.0103487	6.49537e-10	1.73859e-12	0.9931	0.989431	0.993009	0.993099	0.989387	1.37814e-20	0.0470697	0.0235072	0.0470695	0.0235072	1.04352	0.0966268	0	
0.992986	0.0302589	5.14006e-22	0.993102	2.31168e-09	0.993101	1.69039e-15	1.39916e-11	0.00475995	0.993102	0.990322	1.6408e-08	0.00179441	5.14005e-22	0.0119517	4.8656e-10	1.51321e-12	0.993099	0.990355	0.993032	0.993098	0.990322	1.37814e-20	0.0373667	0.0182871	0.0373666	0.0182871	1.04503	0.0947616	0	
0.993015	0.0337728	3.84612e-22	0.993102	1.72975e-09	0.993101	1.26486e-15	1.4612e-11	0.00378084	0.993102	0.991022	1.22775e-08	0.00190483	3.84611e-22	0.0129996	3.64594e-10	1.35263e-12	0.993099	0.991047	0.993049	0.993098	0.991022	1.37814e-20	0.0300604	0.0143633	0.0300602	0.0143633	1.06953	0.121077	0	
0.993037	0.0537873	2.87791e-22	0.993102	1.29431e-09	0.993101	9.46445e-16	1.76955e-11	0.00296336	0.993102	0.991545	9.1868e-09	0.00199855	2.87791e-22	0.0165172	2.7313e-10	1.1423e-12	0.993097	0.991564	0.993062	0.993097	0.991545	1.37813e-20	0.0257739	0.0114141	0.0257737	0.0114141	1.07545	0.149397	0	
0.993053	0.0910989	2.15344e-22	0.993102	9.68483e-10	0.993101	7.08191e-16	2.08523e-11	0.0023367	0.993102	0.991937	6.87415e-09	0.0020781	2.15343e-22	0.0240803	2.04656e-10	9.28629e-13	0.993094	0.991951	0.993071	0.993093	0.991937	1.37813e-20	0.0228556	0.00919658	0.0228554	0.00919658	1.08731	0.207436	0	
0.993066	0.195216	1.61134e-22	0.993102	7.2468e-10	0.993101	5.29913e-16	2.52515e-11	0.0018426	0.993102	0.99223	5.14367e-09	0.00214495	1.61133e-22	0.0519491	1.53359e-10	7.18004e-13	0.993082	0.992241	0.993077	0.993081	0.99223	1.37813e-20	0.0215006	0.00752912	0.0215003	0.00752912	1.09413	0.243948	0	
0.993075	0.323784	1.20571e-22	0.993102	5.42252e-10	0.993101	3.96515e-16	2.99539e-11	0.00146088	0.993102	0.992449	3.84882e-09	0.00220082	1.2057e-22	0.100326	1.14948e-10	5.48407e-13	0.993058	0.992458	0.993079	0.993056	0.992449	1.37813e-20	0.0210203	0.00627507	0.0210201	0.00627507	1.10022	0.28906	0	
0.993082	0.460412	9.02186e-23	0.993102	4.05747e-10	0.993101	2.96698e-16	3.49065e-11	0.00116583	0.993102	0.992613	2.87993e-09	0.00224718	9.02184e-23	0.18645	8.61832e-11	4.14876e-13	0.992996	0.99262	0.993076	0.992993	0.992613	1.37813e-20	0.0212039	0.00533184	0.0212036	0.00533184	1.10548	0.365294	0	
0.993087	0.587552	6.75073e-23	0.993102	3.03606e-10	0.993101	2.22008e-16	3.99959e-11	0.000937812	0.993102	0.992736	2.15496e-09	0.00228542	6.75071e-23	0.336219	6.46427e-11	3.11421e-13	0.992684	0.992741	0.993045	0.992674	0.992736	1.37813e-20	0.0218635	0.00462232	0.0218631	0.00462232	1.10694	0.422081	0	
0.993091	0.687431	5.05132e-23	0.993102	2.27177e-10	0.993101	1.66121e-16	4.42161e-11	0.000765304	0.993102	0.992828	1.61255e-09	0.00231678	5.05131e-23	0.481567	4.85202e-11	2.33341e-13	0.991728	0.992832	0.992946	0.9917	0.992828	1.37813e-20	0.022476	0.00408855	0.0224756	0.00408855	1.10543	0.419034	0	
0.993094	0.761958	3.77972e-23	0.993102	1.69988e-10	0.993101	1.24302e-16	4.69477e-11	0.000638177	0.993102	0.992897	1.20668e-09	0.00234234	3.77971e-23	0.589174	3.6461e-11	1.74937e-13	0.991069	0.9929	0.992875	0.991032	0.992897	1.37813e-20	0.0227163	0.00368698	0.0227159	0.00368698	1.10073	0.466682	0	
0.993096	0.819113	2.82823e-23	0.993102	1.27196e-10	0.993101	9.30107e-17	4.77496e-11	0.0005495	0.993102	0.992948	9.03373e-10	0.00236301	2.82822e-23	0.682249	2.74528e-11	1.31029e-13	0.988977	0.992951	0.992619	0.988916	0.992948	1.37813e-20	0.0223523	0.00338491	0.022352	0.00338491	1.10127	0.487643	0	
0.993097	0.862241	2.11626e-23	0.993102	9.51763e-11	0.993101	6.95966e-17	4.84866e-11	0.000482373	0.993102	0.992987	6.7701e-10	0.00237956	2.11625e-23	0.754774	2.07104e-11	9.81292e-14	0.986063	0.992989	0.99227	0.985974	0.992987	1.37813e-20	0.0221181	0.00315777	0.0221177	0.00315777	1.10266	0.505089	0	
0.993099	0.894722	1.58352e-23	0.993102	7.12169e-11	0.993101	5.20766e-17	4.93962e-11	0.000430201	0.993102	0.993016	5.08686e-10	0.00239276	1.58352e-23	0.810701	1.56608e-11	7.34866e-14	0.982254	0.993018	0.99183	0.982135	0.993016	1.37813e-20	0.0220763	0.00298698	0.0220759	0.00298698	1.10023	0.509641	0	
0.993099	0.919045	1.18489e-23	0.993102	5.3289e-11	0.993101	3.89671e-17	4.94566e-11	0.0003946	0.993102	0.993037	3.83149e-10	0.00240328	1.18489e-23	0.852898	1.18905e-11	5.50423e-14	0.978872	0.993039	0.991405	0.978732	0.993037	1.37813e-20	0.0217785	0.00285853	0.0217781	0.00285853	1.10132	0.514414	0	
0.9931	0.937295	8.8661e-24	0.993102	3.98742e-11	0.993101	2.91577e-17	4.9777e-11	0.000366394	0.993102	0.993053	2.8974e-10	0.00241158	8.86608e-24	0.884807	9.06554e-12	4.1236e-14	0.975737	0.993055	0.99103	0.97558	0.993053	1.37813e-20	0.0216615	0.00276198	0.0216611	0.00276198	1.10029	0.563591	0	
0.993101	0.951193	6.63418e-24	0.993102	2.98364e-11	0.993101	2.18177e-17	4.97567e-11	0.000346767	0.993102	0.993065	2.38538e-10	0.00241814	6.63417e-24	0.910792	6.95526e-12	3.08741e-14	0.962902	0.993067	0.989373	0.962667	0.993065	1.37813e-20	0.0214612	0.00268938	0.0214608	0.00268938	1.09937	0.592169	0	
0.993101	0.961657	4.96412e-24	0.993102	2.23255e-11	0.993101	1.63254e-17	4.95124e-11	0.000333434	0.993102	0.993074	2.46611e-10	0.00242329	4.96411e-24	0.93079	5.37942e-12	2.31125e-14	0.941547	0.993076	0.986409	0.941193	0.993074	1.37813e-20	0.0212131	0.00263481	0.0212128	0.00263481	1.0967	0.622165	0	
0.993101	0.969523	3.71447e-24	0.993102	1.67054e-11	0.993101	1.22158e-17	4.86921e-11	0.000327506	0.993102	0.993081	4.10549e-10	0.0024273	3.71446e-24	0.946079	4.20986e-12	1.73e-14	0.906331	0.993082	0.9807	0.905806	0.993081	1.37813e-20	0.0207627	0.00259381	0.0207623	0.00259381	1.09294	0.648974	0	
0.993102	0.975427	2.7794e-24	0.993102	1.25e-11	0.993101	9.14069e-18	4.72341e-11	0.000329167	0.993102	0.993086	9.67518e-10	0.00243038	2.77939e-24	0.957684	3.34915e-12	1.29483e-14	0.855688	0.993087	0.970526	0.854958	0.993086	1.37813e-20	0.0200764	0.00256306	0.0200761	0.00256306	1.09331	0.697189	0	
0.993102	0.979864	2.07972e-24	0.993102	9.35331e-12	0.993101	6.83971e-18	4.62241e-11	0.000329784	0.993102	0.99309	5.26724e-09	0.00243266	2.07972e-24	0.966511	2.70364e-12	9.69007e-15	0.760995	0.993091	0.944314	0.760038	0.99309	1.37813e-20	0.0195967	0.00254008	0.0195963	0.00254008	1.09078	0.695126	0	
0.993102	0.983184	1.55618e-24	0.993102	6.99874e-12	0.993101	5.11797e-18	4.49301e-11	0.000334589	0.993102	0.993093	8.12482e-09	0.00243436	1.55618e-24	0.973113	2.23091e-12	7.25207e-15	0.692718	0.993094	0.924436	0.69159	0.993093	1.37813e-20	0.0190154	0.00252288	0.0190151	0.00252288	1.08883	0.713534	0	
0.993102	0.985671	1.16443e-24	0.993102	5.2369e-12	0.993101	3.82967e-18	4.35668e-11	0.00034167	0.993102	0.993095	1.48174e-08	0.00243558	1.16443e-24	0.978081	1.88543e-12	5.42739e-15	0.618948	0.993096	0.896336	0.617702	0.993095	1.37813e-20	0.0184179	0.00251008	0.0184175	0.00251008	1.08654	0.707795	0	
0.993102	0.987531	8.71304e-25	0.993102	3.91859e-12	0.993101	2.86568e-18	4.21015e-11	0.000351245	0.993102	0.993097	1.80349e-08	0.0024364	8.71302e-25	0.981791	1.63705e-12	4.06216e-15	0.570737	0.993098	0.877817	0.569386	0.993097	1.37813e-20	0.0177874	0.00250058	0.0177871	0.00250058	1.08337	0.735165	0	
0.993102	0.988926	6.51966e-25	0.993102	2.93213e-12	0.993101	2.14438e-18	4.04215e-11	0.000364662	0.993102	0.993098	3.42663e-08	0.0024369	6.51964e-25	0.984597	1.466e-12	3.04017e-15	0.503119	0.993099	0.837826	0.501737	0.993098	1.37813e-20	0.0170747	0.0024936	0.0170744	0.0024936	1.07712	0.745493	0	
0.993102	0.989971	4.87842e-25	0.993102	2.19401e-12	0.993101	1.60468e-18	3.81165e-11	0.000388255	0.993102	0.993099	5.70534e-08	0.0024371	4.87841e-25	0.986704	1.37011e-12	2.27534e-15	0.44208	0.9931	0.790184	0.440693	0.993099	1.37813e-20	0.0161067	0.00248854	0.0161064	0.00248854	1.06992	0.706651	0	
0.993102	0.990744	3.65035e-25	0.993102	1.6417e-12	0.993101	1.20088e-18	3.53355e-11	0.000423785	0.993102	0.993099	4.93402e-08	0.00243697	3.65034e-25	0.988241	1.3407e-12	1.70362e-15	0.439912	0.9931	0.786251	0.438397	0.993099	1.37813e-20	0.0149433	0.00248504	0.014943	0.00248504	1.06122	0.73474	0	
0.993102	0.991327	2.73143e-25	0.993102	1.22842e-12	0.993101	8.98803e-19	3.21671e-11	0.00047566	0.993102	0.9931	5.73999e-08	0.00243644	2.73142e-25	0.989423	1.37859e-12	1.27537e-15	0.405833	0.993101	0.745676	0.404249	0.9931	1.37813e-20	0.0136193	0.00248287	0.013619	0.00248287	1.04608	0.713964	0	
0.993102	0.991752	2.04384e-25	0.993102	9.19184e-13	0.993101	6.72954e-19	2.82995e-11	0.000570534	0.993102	0.9931	5.18901e-08	0.0024354	2.04383e-25	0.990286	1.53979e-12	9.55232e-16	0.404104	0.993101	0.721778	0.402348	0.9931	1.37813e-20	0.0119997	0.00248189	0.0119995	0.00248189	1.04021	0.718457	0	
0.993102	0.992069	1.52934e-25	0.993102	6.87792e-13	0.993101	5.04068e-19	2.49369e-11	0.000668237	0.993102	0.9931	4.95679e-08	0.00243347	1.52934e-25	0.990937	1.72372e-12	7.15608e-16	0.397686	0.993101	0.691846	0.3957	0.9931	1.37813e-20	0.0105949	0.00248234	0.0105947	0.00248234	1.02336	0.702357	0	
0.993102	0.992285	1.14438e-25	0.993102	5.14649e-13	0.993101	3.78196e-19	2.13452e-11	0.000837867	0.993102	0.993101	4.27528e-08	0.00243084	1.14437e-25	0.991402	2.09026e-12	5.36627e-16	0.412695	0.993102	0.668563	0.41038	0.993101	1.37813e-20	0.00908819	0.0024839	0.00908802	0.0024839	1.01195	0.699631	0	
0.993102	0.992433	8.56333e-26	0.993102	3.85093e-13	0.993101	2.84596e-19	1.81094e-11	0.00105129	0.993102	0.993101	3.71029e-08	0.0024268	8.56331e-26	0.991746	2.56982e-12	4.02766e-16	0.427742	0.993102	0.640581	0.424965	0.993101	1.37813e-20	0.00773109	0.00248719	0.00773094	0.00248719	1.02375	0.71821	0	
0.993102	0.99257	6.40787e-26	0.993102	2.88151e-13	0.993101	2.1395e-19	1.6257e-11	0.00112192	0.993102	0.993101	3.86041e-08	0.0024212	6.40786e-26	0.992029	2.71727e-12	3.02222e-16	0.416803	0.993102	0.611238	0.413481	0.993101	1.37813e-20	0.00697218	0.00249233	0.00697205	0.00249233	1.01698	0.720293	0	
0.993102	0.992669	4.79509e-26	0.993102	2.15613e-13	0.993101	1.61396e-19	1.45283e-11	0.00122329	0.993102	0.993101	4.07028e-08	0.00241616	4.79508e-26	0.992243	2.94273e-12	2.26955e-16	0.406325	0.993102	0.578226	0.402524	0.993101	1.37813e-20	0.00625755	0.00249707	0.00625744	0.00249707	1.00293	0.733491	0	
0.993102	0.992743	3.58855e-26	0.993102	1.61335e-13	0.993101	1.23052e-19	1.26557e-11	0.00142343	0.993102	0.993101	5.05719e-08	0.00241116	3.58854e-26	0.992416	3.40657e-12	1.70446e-16	0.383761	0.993102	0.520608	0.379595	0.993101	1.37813e-20	0.00547189	0.00250189	0.00547179	0.00250189	1.00054	0.703511	0	
0.993102	0.992766	2.68579e-26	0.993102	1.20721e-13	0.993101	9.45791e-20	1.11713e-11	0.00159797	0.993102	0.993101	4.39533e-08	0.00240502	2.68578e-26	0.992511	3.81252e-12	1.28675e-16	0.402719	0.993102	0.510842	0.397834	0.993101	1.37813e-20	0.00485336	0.00250803	0.00485327	0.00250803	1.0038	0.711858	0	
0.993102	0.992797	2.01021e-26	0.993102	9.03315e-14	0.993101	7.29602e-20	1.01752e-11	0.001695	0.993102	0.993101	4.14834e-08	0.00239834	2.01021e-26	0.992594	4.03652e-12	9.72446e-17	0.407045	0.993102	0.497196	0.401445	0.993101	1.37813e-20	0.00444715	0.00251485	0.00444707	0.00251485	0.963794	0.666431	0	
0.993101	0.992579	1.50682e-26	0.993102	6.75917e-14	0.993101	6.54236e-20	8.42965e-12	0.00237698	0.993102	0.993101	3.24426e-08	0.00239218	1.50682e-26	0.992558	5.65529e-12	7.51505e-17	0.46606	0.993102	0.493739	0.459922	0.993101	1.37813e-20	0.00369613	0.00252119	0.00369606	0.00252119	0.948496	0.671425	0	
0.9931	0.992349	1.13239e-26	0.993102	5.05764e-14	0.993101	6.86536e-20	6.90846e-12	0.0032817	0.993102	0.993101	2.60351e-08	0.00237949	1.13238e-26	0.992546	7.80962e-12	5.83915e-17	0.506025	0.993102	0.466278	0.498643	0.993101	1.37813e-20	0.00304464	0.00253469	0.00304458	0.00253469	0.927472	0.657601	0	
0.993097	0.991813	8.58657e-27	0.993102	3.78445e-14	0.993101	9.62276e-20	5.56395e-12	0.00473717	0.993102	0.993101	2.05305e-08	0.00235945	8.58655e-27	0.992491	1.12918e-11	4.65391e-17	0.553324	0.993102	0.437338	0.544301	0.993101	1.37813e-20	0.00246822	0.00255659	0.00246817	0.00255659	0.932501	0.658623	0	
0.993096	0.991495	6.5177e-27	0.993102	2.83177e-14	0.993101	1.07635e-19	4.59965e-12	0.00560975	0.993102	0.993101	1.6521e-08	0.00232789	6.51768e-27	0.992453	1.33762e-11	3.76127e-17	0.590688	0.993102	0.420314	0.578933	0.993101	1.37813e-20	0.00206957	0.00259242	0.00206953	0.00259242	0.933101	0.670399	0	
0.993095	0.991397	4.96745e-27	0.993102	2.11891e-14	0.993101	1.14723e-19	3.88337e-12	0.00623822	0.993102	0.993101	1.42839e-08	0.00229456	4.96743e-27	0.992465	1.4877e-11	3.03481e-17	0.607838	0.993102	0.394931	0.592668	0.993101	1.37813e-20	0.00178196	0.00263116	0.00178193	0.00263116	0.979517	0.751898	0	
