129287
0.993101	0.993102	0.993102	0.993102	0.993102	0.993101	1.37811e-20	0.993102	0.993102	0.987763	0.993102	0.993087	0.993102	0.993102	0.993102	0.993102	0.993102	0.993101	9.63535e-22	1.67287e-09	0.993087	8.13547e-17	5.19388e-28	3.95825e-18	9.2776e-11	0.372224	0.993102	0.861491	0.862214	0.862214	

129295
0.993101	0.993102	0.993102	0.993102	0.993102	0.993101	1.37811e-20	0.993102	0.993102	0.933626	0.993102	0.993066	0.993102	0.993102	0.993102	0.993102	0.993102	0.993101	3.88806e-22	9.28765e-09	0.993066	1.00914e-15	1.24358e-27	2.19759e-17	2.22136e-10	0.756908	0.993102	0.835273	0.835931	0.835931	

64771
0.00245557	0.993102	0.993102	0.993102	0.993102	1.27995e-07	5.82438e-12	0.993102	0.000642775	0.993102	0.993101	0.993102	2.10971e-06	0.920392	0.993102	0.993102	0.918461	0.993101	0.91828	2.0507e-06	0.918461	0.148535	0.00966618	2.07999e-06	0.00980265	2.05071e-06	0.0102236	0.421906	0.9221	0.9221	

27779
0.00248443	0.993102	0.993102	0.993102	0.993102	7.31485e-05	5.76427e-12	0.993102	0.000507355	0.993102	0.993101	0.993102	0.000209877	0.418232	0.993102	0.993102	0.403564	0.993101	0.908564	0.00017021	0.402229	0.986443	0.0370273	0.00017805	0.0381679	0.000172909	0.0417237	0.315972	0.854621	0.854621	

26755
0.00245557	0.993102	0.993102	0.993102	0.993102	1.19667e-07	5.82438e-12	0.993102	3.42645e-05	0.993102	0.993101	0.993102	0.00101997	0.396501	0.993102	0.993102	0.396204	0.993101	0.39778	0.00101861	0.396204	0.991813	0.171644	0.00101928	0.171733	0.00101861	0.171998	0.289937	0.786563	0.786563	

129293
0.993101	0.993102	0.993102	0.993102	0.993102	0.993101	1.3781e-20	0.993102	0.993102	0.00543787	0.993102	0.992304	0.993102	0.993102	0.993102	0.993102	0.993102	0.993101	3.13298e-23	3.11218e-06	0.992304	6.5574e-12	2.01482e-26	7.3638e-15	3.599e-09	0.992263	0.993102	0.667417	0.682299	0.682299	

63959
0.00245557	0.993102	0.993102	0.993102	0.993102	2.84153e-09	5.8244e-12	0.993102	4.00207e-06	0.993102	0.993101	0.993102	0.00127922	0.765456	0.993102	0.993102	0.765428	0.993101	0.00194698	0.00127901	0.765428	0.989633	0.60388	0.00127911	0.603898	0.00127901	0.603953	0.375852	0.685251	0.685251	

27863
0.00245579	0.993102	0.993102	0.993102	0.993102	1.26181e-05	5.82386e-12	0.993102	1.266e-05	0.993102	0.993101	0.993101	0.499951	0.00246161	0.993102	0.993102	0.00246138	0.993101	0.666591	0.499926	0.00246116	0.993102	0.500275	0.499913	0.5003	0.499938	0.500338	0.000247221	0.808457	0.808457	

92927
0.002456	0.993102	0.993102	0.993102	0.993102	4.28114e-06	5.82338e-12	0.993102	4.30256e-06	0.993102	0.993101	0.993101	0.757865	0.00246335	0.993102	0.993102	0.00246291	0.993101	0.318004	0.757823	0.00246248	0.993102	0.758155	0.757802	0.758197	0.757844	0.75826	0.0001898	0.673939	0.673939	

60547
0.00257686	0.993102	0.993102	0.993102	0.993102	0.000930553	5.55934e-12	0.993102	0.0819405	0.993102	0.993102	0.993102	3.01337e-05	0.889876	0.993102	0.993102	0.294412	0.993097	0.993102	8.25759e-07	0.287396	0.534305	2.49714e-06	3.86348e-06	1.39447e-05	9.36345e-07	0.00217798	0.292791	1.17073	1.17073	

63747
0.00245557	0.993102	0.993102	0.993102	0.993102	8.46889e-09	5.8244e-12	0.993102	0.000492339	0.993102	0.993101	0.993102	3.19425e-07	0.985617	0.993102	0.993102	0.98548	0.993101	0.406562	3.14019e-07	0.98548	0.00354792	0.0132613	3.16709e-07	0.0133815	3.14019e-07	0.0137485	0.552238	0.914964	0.914964	

93951
0.00245633	0.993102	0.993102	0.993102	0.993102	5.80465e-06	5.8226e-12	0.993102	1.2512e-05	0.993102	0.993101	0.993101	0.651036	0.00262073	0.993102	0.993102	0.00260802	0.993101	0.547106	0.650822	0.0026066	0.993102	0.653443	0.650872	0.653599	0.650851	0.653977	0.000525028	0.738292	0.738292	

60419
0.00246764	0.993102	0.993102	0.993102	0.993102	0.000251974	5.79582e-12	0.993102	0.0859814	0.993102	0.993102	0.993102	4.54379e-06	0.952638	0.993102	0.993102	0.478994	0.993097	0.993102	1.75284e-07	0.477776	0.165047	2.56415e-06	8.80617e-07	1.29039e-05	1.76151e-07	0.00169586	0.290461	1.17682	1.17682	

129039
0.951736	0.993102	0.993102	0.993102	0.993102	0.968488	7.42928e-14	0.993102	0.970619	0.993102	0.993102	0.619748	0.960611	0.968089	0.993102	0.993101	0.953586	0.993101	0.0550075	1.09513e-05	0.249158	0.0555998	1.66533e-06	3.64472e-06	3.18587e-06	0.924482	0.961579	0.307034	1.15618	1.15618	

