0.25	0.25	0.25	0.000618156	1.27727e-12	0.748264	0.998264	0.748882	0.748264	0.25	0.25	1.27727e-12	0.000618156	0.25	0.25	5.42631e-30	0.000618156	0.000618156	5.42631e-30	1.27727e-12	0.25	0.000618156	0.25	0.25	0.000618156	0.000618156	1.27727e-12	0	0	0	
0.993102	0.9931	0.993102	0.00640191	0.000116624	0.993102	0.993102	9.27369e-05	0.0391005	0.993102	0.993102	2.01255e-23	0.000618156	0.25	0.25	5.42631e-30	0.000618156	0.000618156	5.42631e-30	1.27727e-12	0.25	0.000618156	0.25	0.25	0.000618156	0.000618156	1.27727e-12	1.15551	1.12854	1.15551	
0.993102	0.9931	0.993102	0.00652484	0.000114572	0.993102	0.993102	9.0569e-05	0.0412244	0.993102	0.993102	1.97274e-23	0.250463	0.437066	0.437063	0.000625655	0.000462543	0.000462543	0.0100849	0.0169055	0.437065	0.250463	0.187077	0.18735	0.000746246	0.000481429	1.40356e-05	0.993102	0.9931	0.993102	
0.993102	0.993099	0.993102	0.00670047	0.000788541	0.993101	0.993102	0.000610464	0.0311193	0.993102	0.993102	1.74795e-21	0.437412	0.57704	0.577038	0.000819941	0.000346104	0.000346104	0.00824609	0.0133539	0.57704	0.437412	0.140254	0.14046	0.000830293	0.000631659	0.000628633	0.996258	0.996256	0.996258	
0.993102	0.993099	0.993102	0.00649618	0.00124546	0.993101	0.993102	0.000964574	0.0236492	0.993102	0.993102	3.18431e-21	0.577299	0.681778	0.681777	0.00104385	0.000258977	0.000258977	0.00689312	0.0107447	0.681778	0.577299	0.105259	0.105443	0.000957474	0.000784489	0.00105079	0.999363	0.999361	0.999363	
0.993102	0.993099	0.993102	0.0061194	0.00154115	0.993101	0.993102	0.00120097	0.0181525	0.993102	0.993102	4.29908e-21	0.681972	0.76015	0.760148	0.00127406	0.000193783	0.000193783	0.00590621	0.00883707	0.760149	0.681972	0.0791016	0.0793018	0.0011095	0.000927249	0.00133179	1.00242	1.00242	1.00242	
0.993102	0.993099	0.993102	0.00568502	0.0017194	0.993101	0.993102	0.0013529	0.0141303	0.993102	0.993102	5.09555e-21	0.760295	0.818792	0.818791	0.00149335	0.000145001	0.000145001	0.00519681	0.00745343	0.818792	0.760295	0.0595461	0.0597931	0.00127092	0.00105106	0.00150977	1.00543	1.00543	1.00543	
0.993102	0.993099	0.993102	0.00525429	0.00181359	0.993101	0.993102	0.00144383	0.0112072	0.993102	0.993102	5.60249e-21	0.818901	0.862673	0.862671	0.00169107	0.000108499	0.000108499	0.00469908	0.00646237	0.862672	0.818901	0.0449207	0.0452368	0.00143001	0.00115102	0.00161304	1.00839	1.00839	1.00839	
0.993102	0.9931	0.993102	0.00485766	0.00184868	0.993101	0.993102	0.00149062	0.00910153	0.993102	0.993102	5.86324e-21	0.862754	0.895506	0.895505	0.00186207	8.11858e-05	8.11858e-05	0.00436389	0.00576654	0.895506	0.862754	0.0339768	0.0343765	0.00157875	0.00122555	0.00166258	1.0113	1.0113	1.0113	
0.993102	0.9931	0.993102	0.00450807	0.00184309	0.993101	0.993102	0.00150553	0.00760255	0.993102	0.993102	5.92627e-21	0.895567	0.920075	0.920074	0.00200514	6.07484e-05	6.07484e-05	0.00415438	0.00529375	0.920074	0.895567	0.0257821	0.0262737	0.00171238	0.00127549	0.00167391	1.01417	1.01416	1.01417	
0.993102	0.9931	0.993102	0.00420881	0.00181017	0.993101	0.993102	0.00149756	0.00655311	0.993102	0.993102	5.83862e-21	0.92012	0.938459	0.938457	0.00212159	4.54558e-05	4.54558e-05	0.0040429	0.00499031	0.938458	0.92012	0.0196406	0.0202275	0.00182866	0.0013032	0.00165848	1.01699	1.01699	1.01699	
0.993102	0.9931	0.993102	0.00395801	0.00175958	0.993101	0.993102	0.00147338	0.00583639	0.993102	0.993102	5.64217e-21	0.938493	0.952214	0.952213	0.00221413	3.40129e-05	3.40129e-05	0.00400857	0.00481626	0.952213	0.938493	0.015033	0.0157149	0.00192716	0.00131182	0.0016247	1.01976	1.01976	1.01976	
0.993102	0.9931	0.993102	0.00375132	0.00169814	0.993101	0.993102	0.00143793	0.00536584	0.993102	0.993102	5.37202e-21	0.95224	0.962507	0.962506	0.00228604	2.54506e-05	2.54506e-05	0.00403565	0.00474183	0.962506	0.95224	0.0115717	0.0123458	0.00200864	0.00130469	0.00157873	1.0225	1.02249	1.0225	
0.993102	0.9931	0.993102	0.00358341	0.00163069	0.993101	0.993102	0.00139491	0.00507746	0.993102	0.993102	5.05628e-21	0.962526	0.970209	0.970208	0.00234068	1.90438e-05	1.90438e-05	0.00411222	0.00474479	0.970208	0.962526	0.00896755	0.00982913	0.00207455	0.0012851	0.00152506	1.02518	1.02518	1.02518	
0.993102	0.993101	0.993102	0.00344883	0.00156055	0.993101	0.993102	0.00134706	0.00492405	0.993102	0.993102	4.71662e-21	0.970223	0.975972	0.975971	0.00238121	1.42498e-05	1.42498e-05	0.00422923	0.00480854	0.975971	0.970223	0.00700447	0.00794814	0.00212668	0.00125598	0.00146693	1.02783	1.02783	1.02783	
0.993102	0.993101	0.993102	0.00334241	0.00148998	0.993101	0.993102	0.00129641	0.00487095	0.993102	0.993102	4.36904e-21	0.975983	0.980284	0.980283	0.0024104	1.06626e-05	1.06626e-05	0.00437987	0.00492074	0.980283	0.975983	0.00552127	0.00654108	0.00216689	0.00121989	0.00140667	1.03043	1.03043	1.03043	
0.993102	0.993101	0.993102	0.00325952	0.00142051	0.993102	0.993102	0.00124448	0.00489259	0.993102	0.993102	4.02512e-21	0.980292	0.983511	0.983509	0.00243063	7.97842e-06	7.97842e-06	0.00455885	0.00507202	0.98351	0.980292	0.00439754	0.00548743	0.00219701	0.00117898	0.00134592	1.03299	1.03299	1.03299	
0.993102	0.993101	0.993102	0.00319611	0.00135312	0.993102	0.993102	0.00119238	0.00497028	0.993102	0.993102	3.69277e-21	0.983517	0.985926	0.985924	0.00244386	5.96996e-06	5.96996e-06	0.00476218	0.00525542	0.985925	0.983517	0.0035433	0.00469732	0.0022187	0.00113498	0.00128583	1.0355	1.0355	1.0355	
0.993102	0.993101	0.993102	0.0031487	0.00128842	0.993102	0.993102	0.00114092	0.0050901	0.993102	0.993102	3.37726e-21	0.98593	0.987732	0.98773	0.00245166	4.46711e-06	4.46711e-06	0.00498659	0.00546548	0.987731	0.98593	0.00289137	0.0041038	0.00223345	0.00108932	0.00122723	1.03799	1.03799	1.03799	
0.993102	0.993101	0.993102	0.00311438	0.00122666	0.993102	0.993102	0.00109058	0.0052425	0.993102	0.993102	3.0812e-21	0.987735	0.989084	0.989082	0.00245532	3.34257e-06	3.34257e-06	0.00523019	0.00569879	0.989083	0.987735	0.00239137	0.00365691	0.00224252	0.00104297	0.00117054	1.04042	1.04042	1.04042	
0.993102	0.993101	0.993102	0.00309073	0.00116807	0.993102	0.993102	0.00104184	0.0054197	0.993102	0.993102	2.8064e-21	0.989086	0.990096	0.990094	0.0024558	2.50113e-06	2.50113e-06	0.00549075	0.00595192	0.990095	0.989086	0.00200576	0.00331944	0.00224701	0.000996813	0.00111615	1.04282	1.04281	1.04282	
0.993102	0.993101	0.993102	0.00307575	0.00111266	0.993102	0.993102	0.000994915	0.00561639	0.993102	0.993102	2.55322e-21	0.990097	0.990852	0.99085	0.00245387	1.8715e-06	1.8715e-06	0.00576691	0.00622267	0.990851	0.990097	0.00170639	0.00306362	0.00224781	0.00095144	0.00106423	1.04517	1.04517	1.04517	
0.993102	0.993101	0.993102	0.00306779	0.0010604	0.993102	0.993102	0.000949986	0.00582853	0.993102	0.993102	2.32136e-21	0.990854	0.991419	0.991417	0.00245012	1.40038e-06	1.40038e-06	0.00605746	0.00650924	0.991418	0.990854	0.00147218	0.00286875	0.00224566	0.000907286	0.00101487	1.04749	1.04749	1.04749	
0.993102	0.993101	0.993102	0.00306554	0.00101112	0.993102	0.993102	0.000907073	0.00605365	0.993102	0.993102	2.10975e-21	0.99142	0.991843	0.99184	0.00244499	1.04785e-06	1.04785e-06	0.00636201	0.00681083	0.991842	0.99142	0.00128728	0.00271939	0.00224116	0.000864594	0.000968018	1.04974	1.04974	1.04974	
0.993102	0.993101	0.993102	0.0030679	0.000964828	0.993102	0.993102	0.000866331	0.00628844	0.993102	0.993102	1.91774e-21	0.991843	0.99216	0.992157	0.00243879	7.8407e-07	7.8407e-07	0.00667863	0.00712511	0.992159	0.991843	0.00113995	0.00260402	0.00223481	0.000823676	0.000923777	1.05198	1.05197	1.05198	
0.993102	0.993101	0.993102	0.00307401	0.000921281	0.993102	0.993102	0.000827655	0.00653208	0.993102	0.993102	1.74367e-21	0.99216	0.992397	0.992394	0.00243179	5.86692e-07	5.86692e-07	0.00700755	0.00745218	0.992396	0.99216	0.00102121	0.00251404	0.00222699	0.000784559	0.000881975	1.05411	1.0541	1.05411	
0.993102	0.993101	0.993102	0.00308317	0.000880555	0.993102	0.993102	0.000791212	0.00678105	0.993102	0.993102	1.58685e-21	0.992397	0.992574	0.992572	0.00242417	4.39e-07	4.39e-07	0.00734578	0.00778873	0.992573	0.992397	0.00092456	0.00244305	0.00221803	0.000747489	0.000842741	1.05633	1.05633	1.05633	
0.993102	0.993101	0.993102	0.00309477	0.000841926	0.993102	0.993102	0.000756429	0.00704013	0.993102	0.993102	1.44423e-21	0.992575	0.992707	0.992705	0.00241607	3.28488e-07	3.28488e-07	0.00769912	0.00814081	0.992706	0.992575	0.000844495	0.00238629	0.00220819	0.000712006	0.000805428	1.05845	1.05845	1.05845	
0.993102	0.993101	0.993102	0.00310846	0.000805603	0.993102	0.993102	0.000723558	0.00730481	0.993102	0.993102	1.3155e-21	0.992708	0.992807	0.992804	0.00240755	2.45796e-07	2.45796e-07	0.00806332	0.00850383	0.992806	0.992708	0.000777506	0.00234012	0.00219762	0.000678375	0.000770267	1.06049	1.06048	1.06048	
0.993102	0.993101	0.993102	0.00312384	0.000771582	0.993102	0.993102	0.00069264	0.00757277	0.993102	0.993102	1.19973e-21	0.992807	0.992881	0.992878	0.0023987	1.83921e-07	1.83921e-07	0.00843607	0.00887536	0.99288	0.992807	0.00072084	0.00230189	0.00218648	0.000646668	0.000737277	1.06251	1.0625	1.06251	
0.993102	0.993101	0.993102	0.00314062	0.000739592	0.993102	0.993102	0.000663473	0.00784499	0.993102	0.993102	1.09538e-21	0.992881	0.992937	0.992934	0.00238959	1.37622e-07	1.37622e-07	0.00881861	0.00925671	0.992936	0.992881	0.000672218	0.00226964	0.00217493	0.000616723	0.000706221	1.06445	1.06445	1.06445	
0.993102	0.993101	0.993102	0.00315855	0.000709612	0.993102	0.993102	0.000636064	0.00811942	0.993102	0.993102	1.00157e-21	0.992937	0.992978	0.992975	0.00238025	1.02978e-07	1.02978e-07	0.00920877	0.0096456	0.992977	0.992937	0.000630076	0.00224188	0.00216305	0.000588556	0.000677089	1.06647	1.06647	1.06647	
0.993102	0.993101	0.993102	0.00317743	0.000681138	0.993102	0.993102	0.000609985	0.00840123	0.993102	0.993102	9.16397e-22	0.992978	0.99301	0.993006	0.00237075	7.70547e-08	7.70546e-08	0.00961261	0.0100484	0.993009	0.992978	0.000592849	0.00221752	0.00215094	0.000561786	0.000649413	1.06838	1.06838	1.06838	
0.993102	0.993101	0.993102	0.00319719	0.000654329	0.993102	0.993102	0.000585394	0.00868588	0.993102	0.993102	8.39558e-22	0.99301	0.993033	0.99303	0.00236105	5.76576e-08	5.76575e-08	0.0100253	0.0104599	0.993032	0.99301	0.000559784	0.00219568	0.00213862	0.000536545	0.000623347	1.07017	1.07017	1.07017	
0.993102	0.993101	0.993102	0.00321769	0.000629309	0.993102	0.993102	0.000562413	0.00896895	0.993102	0.993102	7.70679e-22	0.993033	0.99305	0.993047	0.00235119	4.31434e-08	4.31433e-08	0.0104417	0.0108749	0.993049	0.993033	0.000530323	0.00217575	0.00212615	0.000512938	0.000599015	1.072	1.072	1.072	
0.993102	0.993101	0.993102	0.00323876	0.000605687	0.993102	0.993102	0.000540699	0.00925516	0.993102	0.993102	7.08388e-22	0.99305	0.993063	0.99306	0.00234123	3.22829e-08	3.22828e-08	0.010867	0.011299	0.993062	0.99305	0.000503668	0.00215733	0.00211361	0.000490664	0.000576045	1.0737	1.0737	1.0737	
0.993102	0.993101	0.993102	0.00326034	0.000583614	0.993102	0.993102	0.000520393	0.00953927	0.993102	0.993102	6.52457e-22	0.993063	0.993073	0.993069	0.00233119	2.41564e-08	2.41564e-08	0.0112952	0.0117257	0.993072	0.993063	0.000479559	0.00214005	0.00210103	0.000469833	0.000554582	1.07534	1.07533	1.07534	
0.993102	0.993101	0.993102	0.00328231	0.000563018	0.993102	0.993102	0.000501433	0.00982027	0.993102	0.993102	6.02272e-22	0.993073	0.99308	0.993077	0.00232111	1.80756e-08	1.80756e-08	0.0117246	0.0121534	0.993079	0.993073	0.000457661	0.00212371	0.00208846	0.000450387	0.000534556	1.07707	1.07707	1.07707	
0.993102	0.993101	0.993102	0.00330455	0.000543408	0.993102	0.993102	0.000483386	0.0101065	0.993102	0.993102	5.56537e-22	0.99308	0.993086	0.993082	0.00231104	1.35256e-08	1.35256e-08	0.0121651	0.0125925	0.993085	0.99308	0.000437377	0.00210815	0.00207598	0.000431938	0.000515503	1.07893	1.07893	1.07893	
0.993102	0.993101	0.993102	0.0033271	0.000524369	0.993102	0.993102	0.000465885	0.0104058	0.993102	0.993102	5.14201e-22	0.993086	0.99309	0.993086	0.00230093	1.0121e-08	1.01209e-08	0.0126269	0.0130533	0.993089	0.993086	0.000418211	0.00209317	0.00206354	0.000414144	0.000497027	1.0806	1.0806	1.0806	
0.993102	0.993101	0.993102	0.00335017	0.000506345	0.993102	0.993102	0.00044932	0.0107058	0.993102	0.993102	4.75695e-22	0.99309	0.993093	0.993089	0.00229066	7.57343e-09	7.57337e-09	0.0130961	0.0135214	0.993092	0.99309	0.000400356	0.00207851	0.00205101	0.000397316	0.000479544	1.08418	1.08418	1.08418	
0.993102	0.993101	0.993102	0.00337367	0.000485073	0.993102	0.993102	0.000429928	0.0111236	0.993102	0.993102	4.34319e-22	0.993093	0.993095	0.993091	0.00228026	5.66716e-09	5.6671e-09	0.0137193	0.0141476	0.993094	0.993093	0.000380472	0.00206413	0.00203844	0.000378201	0.000459032	1.08565	1.08564	1.08565	
0.993102	0.993101	0.993102	0.00339966	0.000466178	0.993102	0.993102	0.000412668	0.0114987	0.993102	0.993102	3.98315e-22	0.993095	0.993097	0.993093	0.00226851	4.24076e-09	4.2407e-09	0.0143069	0.0147359	0.993096	0.993095	0.000362604	0.00204873	0.00202466	0.000360908	0.00044079	1.08431	1.08431	1.08431	
0.993102	0.993101	0.993102	0.0034269	0.000454928	0.993102	0.993102	0.00040217	0.0116716	0.993102	0.993102	3.74866e-22	0.993097	0.993098	0.993094	0.00225627	3.17344e-09	3.17339e-09	0.0146479	0.0150704	0.993097	0.993097	0.000350748	0.00203309	0.00201045	0.000349481	0.000429776	1.08786	1.08786	1.08786	
0.993102	0.993101	0.993102	0.00345147	0.00043931	0.993102	0.993102	0.000387865	0.0120113	0.993102	0.993102	3.4695e-22	0.993098	0.993099	0.993095	0.00224591	2.37479e-09	2.37474e-09	0.0151933	0.0156157	0.993098	0.993098	0.000336175	0.00201945	0.00199801	0.00033523	0.000414683	1.09007	1.09007	1.09007	
0.993102	0.9931	0.993102	0.00347701	0.00042342	0.993102	0.993102	0.00037336	0.0123868	0.993102	0.993102	3.20053e-22	0.993099	0.9931	0.993095	0.00223507	1.77718e-09	1.77713e-09	0.0157955	0.0162186	0.993099	0.993099	0.000321604	0.00200558	0.00198522	0.0003209	0.000399363	1.09342	1.09342	1.09342	
0.993102	0.9931	0.993102	0.00350403	0.000405466	0.993102	0.993102	0.000357081	0.0128709	0.993102	0.993102	2.91978e-22	0.9931	0.993101	0.993096	0.00222353	1.33e-09	1.32995e-09	0.0165535	0.0169802	0.9931	0.9931	0.000305672	0.00199121	0.00197186	0.000305148	0.000382129	1.09008	1.09008	1.09008	
0.993102	0.9931	0.993102	0.00353426	0.00039823	0.993102	0.993102	0.000350217	0.0129694	0.993102	0.993102	2.77922e-22	0.993101	0.993101	0.993096	0.00221034	9.95398e-10	9.95348e-10	0.0168272	0.0172454	0.9931	0.993101	0.000297568	0.0019754	0.00195702	0.000297179	0.000374982	1.09245	1.09245	1.09245	
0.993102	0.9931	0.993102	0.00355991	0.000388501	0.993102	0.993102	0.000341197	0.0131949	0.993102	0.993102	2.61962e-22	0.993101	0.993101	0.993096	0.00220013	7.45021e-10	7.44971e-10	0.0172479	0.0176624	0.9931	0.993101	0.000288194	0.00196249	0.0019449	0.000287906	0.00036552	1.10153	1.10153	1.10153	
0.993102	0.9931	0.993102	0.00358432	0.000366246	0.993102	0.993102	0.000321275	0.014027	0.993102	0.993102	2.33424e-22	0.993101	0.993102	0.993096	0.00219068	5.57639e-10	5.57592e-10	0.0184752	0.0189033	0.993101	0.993101	0.000270054	0.00195046	0.0019336	0.000269841	0.00034434	1.10179	1.10179	1.10179	
0.993102	0.9931	0.993102	0.00361926	0.000349271	0.993102	0.993102	0.000305996	0.0145997	0.993102	0.993102	2.11091e-22	0.993102	0.993102	0.993096	0.00217536	4.17428e-10	4.17382e-10	0.0194312	0.0198634	0.993101	0.993102	0.000255306	0.00193313	0.00191707	0.000255149	0.000328126	1.1077	1.10769	1.1077	
0.993102	0.9931	0.993102	0.00365778	0.000328256	0.993102	0.993102	0.000287214	0.0154789	0.993102	0.993102	1.86407e-22	0.993102	0.993102	0.993096	0.00215868	3.12494e-10	3.12451e-10	0.0208421	0.0212849	0.993101	0.993102	0.000237801	0.00191447	0.00189921	0.000237686	0.000308143	1.09633	1.09633	1.09633	
0.993102	0.9931	0.993102	0.00370522	0.000329697	0.993102	0.993102	0.000287965	0.0151589	0.993102	0.993102	1.83564e-22	0.993102	0.993102	0.993096	0.00213794	2.34014e-10	2.3397e-10	0.020652	0.0210737	0.993101	0.993102	0.000235611	0.001892	0.0018776	0.000235528	0.000309166	1.10029	1.10029	1.10029	
0.993102	0.9931	0.993102	0.00373638	0.00032445	0.993102	0.993102	0.000282903	0.0152342	0.993102	0.993102	1.75259e-22	0.993102	0.993102	0.993096	0.00212677	1.75276e-10	1.75232e-10	0.020922	0.0213354	0.993101	0.993102	0.000229925	0.00187815	0.00186435	0.000229865	0.000303951	1.10219	1.10219	1.10219	
0.993102	0.9931	0.993102	0.00376243	0.000317675	0.993102	0.993102	0.000276558	0.0154323	0.993102	0.993102	1.66236e-22	0.993102	0.993102	0.993096	0.00211832	1.31318e-10	1.31274e-10	0.0213366	0.0217458	0.993101	0.993102	0.000223591	0.001867	0.00185371	0.000223548	0.000297337	1.08981	1.08981	1.08981	
0.993102	0.9931	0.993102	0.00378688	0.000333704	0.993102	0.993102	0.000289987	0.014694	0.993102	0.993102	1.81776e-22	0.993102	0.993102	0.993096	0.00211053	9.84721e-11	9.84253e-11	0.0204269	0.0208102	0.993101	0.993102	0.000233067	0.0018567	0.00184387	0.000233039	0.000312022	1.09029	1.09029	1.09029	
0.993102	0.9931	0.993102	0.00379167	0.000344807	0.993102	0.993102	0.000299207	0.0142198	0.993102	0.993102	1.93185e-22	0.993102	0.993102	0.993097	0.00211291	7.38928e-11	7.3844e-11	0.0197866	0.020155	0.993101	0.993102	0.000240503	0.0018561	0.00184342	0.000240486	0.00032216	1.10285	1.10285	1.10285	
0.993102	0.9931	0.993102	0.00378624	0.000331992	0.993102	0.993102	0.000287843	0.0148109	0.993102	0.993102	1.79481e-22	0.993102	0.993102	0.993096	0.00211979	5.54544e-11	5.54071e-11	0.0205604	0.0209433	0.993101	0.993102	0.000231877	0.00186028	0.00184758	0.000231867	0.000310054	1.10753	1.10753	1.10753	
0.993102	0.9931	0.993102	0.00379344	0.000315802	0.993102	0.993102	0.000273633	0.0156	0.993102	0.993102	1.62921e-22	0.993102	0.993102	0.993096	0.00211861	4.16431e-11	4.15979e-11	0.0216935	0.0220928	0.993101	0.993102	0.00022023	0.00185766	0.0018451	0.000220225	0.000294833	1.10119	1.10119	1.10119	
0.993102	0.9931	0.993102	0.0038146	0.000312821	0.993102	0.993102	0.000270859	0.0155975	0.993102	0.993102	1.58213e-22	0.993102	0.993102	0.993096	0.00210968	3.13287e-11	3.12837e-11	0.0218128	0.0222068	0.993101	0.993102	0.000216995	0.00184813	0.00183588	0.000216995	0.00029193	1.10582	1.10582	1.10582	
0.993102	0.9931	0.993102	0.00383126	0.000303859	0.993102	0.993102	0.000262912	0.0159696	0.993102	0.993102	1.48567e-22	0.993102	0.993102	0.993096	0.0021035	2.35958e-11	2.35519e-11	0.0224338	0.0228315	0.993101	0.993102	0.000209961	0.00184097	0.00182898	0.000209964	0.000283452	1.10552	1.10551	1.10551	
0.993102	0.9931	0.993102	0.0038518	0.000297618	0.993102	0.993102	0.000257317	0.0161897	0.993102	0.993102	1.41506e-22	0.993102	0.993102	0.993096	0.00209541	1.78106e-11	1.77673e-11	0.0228669	0.023264	0.993101	0.993102	0.000204635	0.00183207	0.00182037	0.000204641	0.000277509	1.11077	1.11077	1.11077	
0.993102	0.9931	0.993102	0.00387242	0.000285976	0.993102	0.993102	0.000247067	0.0167938	0.993102	0.993102	1.30375e-22	0.993102	0.993102	0.993096	0.00208755	1.34663e-11	1.34244e-11	0.0238514	0.0242561	0.993101	0.993102	0.000195724	0.00182331	0.0018119	0.000195731	0.00026654	1.09327	1.09327	1.09327	
0.993102	0.9931	0.993102	0.00390087	0.000303823	0.993102	0.993102	0.000262202	0.0158418	0.993102	0.993102	1.46293e-22	0.993102	0.993102	0.993096	0.00207595	1.0274e-11	1.02291e-11	0.0226409	0.0230177	0.993101	0.993102	0.000206173	0.00181113	0.00180008	0.000206182	0.000282997	1.08656	1.08655	1.08655	
0.993102	0.9931	0.993102	0.00390413	0.000330115	0.993102	0.993102	0.000284591	0.0147788	0.993102	0.993102	1.74489e-22	0.993102	0.993102	0.993096	0.00207759	7.91364e-12	7.86452e-12	0.021141	0.0214921	0.993101	0.993102	0.000223888	0.00181089	0.0017999	0.0002239	0.000307321	1.0909	1.0909	1.0909	
0.993102	0.9931	0.993102	0.00388561	0.000341194	0.993102	0.993102	0.000293977	0.0143166	0.993102	0.993102	1.86383e-22	0.993102	0.993102	0.993097	0.00208994	6.12866e-12	6.07778e-12	0.0203873	0.0207315	0.993101	0.993102	0.000232716	0.00182093	0.00180968	0.00023273	0.000317563	1.07706	1.07706	1.07706	
0.993102	0.9931	0.993102	0.00386204	0.000379439	0.993102	0.993102	0.000326873	0.0132145	0.993102	0.993102	2.37431e-22	0.993102	0.993102	0.993097	0.00210365	4.8591e-12	4.80254e-12	0.0187307	0.0190526	0.993101	0.993102	0.000260904	0.00183295	0.00182138	0.000260921	0.000353156	1.08686	1.08686	1.08686	
0.993102	0.9931	0.993102	0.00382218	0.000385866	0.993102	0.993102	0.000332518	0.0129958	0.993102	0.993102	2.45316e-22	0.993102	0.993102	0.993097	0.0021251	3.86049e-12	3.80327e-12	0.01822	0.0185473	0.993101	0.993102	0.000268153	0.00185309	0.00184085	0.000268172	0.000359243	1.09808	1.09808	1.09808	
0.993102	0.9931	0.993102	0.00378672	0.000370107	0.993102	0.993102	0.000319121	0.01362	0.993102	0.993102	2.26898e-22	0.993102	0.993102	0.993097	0.00214262	3.06811e-12	3.01353e-12	0.018868	0.0192219	0.993101	0.993102	0.000259172	0.00187039	0.00185755	0.00025919	0.000344702	1.09987	1.09987	1.09987	
0.993102	0.9931	0.993102	0.00377071	0.000355426	0.993102	0.993102	0.000306677	0.0141749	0.993102	0.993102	2.09598e-22	0.993102	0.993102	0.993097	0.00214825	2.4689e-12	2.41678e-12	0.01954	0.019913	0.993101	0.993102	0.000249697	0.00187707	0.00186398	0.000249715	0.000331157	1.10229	1.10229	1.10229	
0.993102	0.9931	0.993102	0.00376878	0.000340721	0.993102	0.993102	0.000294175	0.0147372	0.993102	0.993102	1.92563e-22	0.993102	0.993102	0.993096	0.00214622	2.01235e-12	1.9626e-12	0.0203086	0.0206966	0.993101	0.993102	0.000239382	0.00187655	0.00186346	0.0002394	0.000317558	1.08361	1.08361	1.08361	
0.993102	0.9931	0.993102	0.00377818	0.000363592	0.993102	0.993102	0.000314117	0.0138519	0.993102	0.993102	2.18664e-22	0.993102	0.993102	0.993097	0.00213875	1.74546e-12	1.69253e-12	0.0191416	0.0195049	0.993101	0.993102	0.000254601	0.00187063	0.00185772	0.000254621	0.00033897	1.0828	1.0828	1.0828	
0.993102	0.9931	0.993102	0.00376843	0.000382468	0.993102	0.993102	0.000330565	0.0131957	0.993102	0.993102	2.42059e-22	0.993102	0.993102	0.993097	0.00214269	1.54968e-12	1.4942e-12	0.0182016	0.01855	0.993101	0.993102	0.000268599	0.00187492	0.00186187	0.000268621	0.000356657	1.08271	1.08271	1.08271	
0.993102	0.9931	0.993102	0.00374825	0.00039673	0.993102	0.993102	0.000343062	0.0127387	0.993102	0.993102	2.60867e-22	0.993102	0.993102	0.993097	0.00215241	1.4036e-12	1.34633e-12	0.0174866	0.0178278	0.993101	0.993102	0.000280246	0.00188474	0.00187135	0.000280269	0.000370075	1.1031	1.1031	1.1031	
0.993102	0.9931	0.993102	0.00372376	0.000370343	0.993102	0.993102	0.000320392	0.0138554	0.993102	0.993102	2.30782e-22	0.993102	0.993102	0.993097	0.00216415	1.21257e-12	1.15934e-12	0.0188473	0.0192259	0.993101	0.993102	0.000262905	0.00189677	0.00188295	0.000262927	0.00034556	1.10162	1.10162	1.10162	
0.993102	0.9931	0.993102	0.00372562	0.000352808	0.993102	0.993102	0.000305378	0.0144716	0.993102	0.993102	2.09593e-22	0.993102	0.993102	0.993097	0.00216042	1.07452e-12	1.02399e-12	0.0197059	0.0201013	0.993101	0.993102	0.000250321	0.00189459	0.00188078	0.000250341	0.000329283	1.11145	1.11145	1.11145	
0.993102	0.9931	0.993102	0.00373898	0.000326197	0.993102	0.993102	0.000282425	0.015744	0.993102	0.993102	1.81433e-22	0.993102	0.993102	0.993096	0.00215118	9.41383e-13	8.94723e-13	0.0215395	0.0219642	0.993101	0.993102	0.000230799	0.00188683	0.00187324	0.000230818	0.000304482	1.10598	1.10598	1.10598	
0.993102	0.9931	0.993102	0.00377435	0.000313527	0.993102	0.993102	0.000271468	0.0160824	0.993102	0.993102	1.65618e-22	0.993102	0.993102	0.993096	0.00213134	8.57653e-13	8.12742e-13	0.0222349	0.0226601	0.993101	0.993102	0.00022	0.00186881	0.00185571	0.000220018	0.00029264	1.11334	1.11334	1.11334	
0.993102	0.9931	0.993102	0.00380903	0.000294596	0.993102	0.993102	0.000255	0.0169692	0.993102	0.993102	1.46034e-22	0.993102	0.993102	0.993096	0.00211382	7.74026e-13	7.31668e-13	0.0237077	0.0241448	0.993101	0.993102	0.000205169	0.00185204	0.00183944	0.000205186	0.000274908	1.12557	1.12556	1.12556	
0.993102	0.9931	0.993102	0.00385425	0.000267469	0.993102	0.993102	0.000231401	0.0188538	0.993102	0.993102	1.22601e-22	0.993102	0.993102	0.993095	0.00209245	6.82766e-13	6.44108e-13	0.0267127	0.0271805	0.993101	0.993102	0.00018472	0.00183122	0.0018192	0.000184735	0.000249509	1.1144	1.1144	1.1144	
0.993102	0.9931	0.993102	0.00392886	0.000259018	0.993102	0.993102	0.000223853	0.0188718	0.993102	0.993102	1.1182e-22	0.993102	0.993102	0.993095	0.00205869	6.4041e-13	6.02594e-13	0.0272341	0.0276879	0.993101	0.993102	0.000175781	0.00179875	0.00178751	0.000175796	0.000241464	1.11978	1.11978	1.11978	
0.993102	0.9931	0.993102	0.00398834	0.000246778	0.993102	0.993102	0.000212968	0.0194113	0.993102	0.993102	9.98837e-23	0.993102	0.993102	0.993095	0.00203479	5.95511e-13	5.5905e-13	0.0284358	0.0288867	0.993101	0.993102	0.000165251	0.00177417	0.00176358	0.000165264	0.00022986	1.10911	1.10911	1.10911	
0.993102	0.9931	0.993102	0.00404691	0.0002503	0.993102	0.993102	0.000215561	0.0187692	0.993102	0.993102	9.93397e-23	0.993102	0.993102	0.993095	0.00201286	5.89569e-13	5.51985e-13	0.02784	0.0282642	0.993101	0.993102	0.000164938	0.00175099	0.00174101	0.000164952	0.000232866	1.1011	1.1011	1.1011	
0.993102	0.9931	0.993102	0.00407963	0.000264431	0.993102	0.993102	0.000227195	0.0177157	0.993102	0.993102	1.0871e-22	0.993102	0.993102	0.993095	0.00200393	6.10152e-13	5.69768e-13	0.0264494	0.0268424	0.993101	0.993102	0.000172508	0.00173916	0.00172959	0.000172522	0.000245697	1.10063	1.10063	1.10063	
0.993102	0.9931	0.993102	0.00408339	0.000275768	0.993102	0.993102	0.00023648	0.0169718	0.993102	0.993102	1.17144e-22	0.993102	0.993102	0.993096	0.00200839	6.27144e-13	5.84498e-13	0.0253569	0.0257299	0.993101	0.993102	0.000179691	0.00173965	0.00173021	0.000179706	0.000255973	1.07235	1.07235	1.07235	
0.993102	0.9931	0.993102	0.004071	0.000343444	0.993102	0.993102	0.000293949	0.0148561	0.993102	0.993102	2.00275e-22	0.993102	0.993102	0.993096	0.00201934	7.69569e-13	7.15834e-13	0.0221643	0.0224911	0.993101	0.993102	0.000224872	0.00174676	0.00173729	0.000224891	0.000318485	1.07973	1.07973	1.07973	
0.993102	0.9931	0.993102	0.00401823	0.00037511	0.993102	0.993102	0.000320922	0.013726	0.993102	0.993102	2.37285e-22	0.993102	0.993102	0.993097	0.00204904	8.34868e-13	7.76269e-13	0.0202613	0.0205741	0.993101	0.993102	0.000249643	0.00177243	0.0017622	0.000249664	0.000347841	1.07993	1.07993	1.07993	
0.993102	0.9931	0.993102	0.00395459	0.000398156	0.993102	0.993102	0.000340818	0.0129529	0.993102	0.993102	2.66188e-22	0.993102	0.993102	0.993097	0.00208214	8.82696e-13	8.20957e-13	0.0188416	0.0191502	0.993101	0.993102	0.000269714	0.00180282	0.00179165	0.000269737	0.000369382	1.08251	1.0825	1.0825	
0.993102	0.9931	0.993102	0.00388976	0.000409311	0.993102	0.993102	0.000350767	0.0125607	0.993102	0.993102	2.80268e-22	0.993102	0.993102	0.993097	0.00211384	9.05497e-13	8.42718e-13	0.0179614	0.0182756	0.993101	0.993102	0.000281791	0.00183339	0.00182124	0.000281815	0.000380016	1.08465	1.08464	1.08464	
0.993102	0.9931	0.993102	0.00383143	0.000412837	0.993102	0.993102	0.000354324	0.0124156	0.993102	0.993102	2.84646e-22	0.993102	0.993102	0.993097	0.00214038	9.12296e-13	8.49773e-13	0.0174613	0.0177854	0.993101	0.993102	0.000288084	0.00186027	0.00184725	0.000288109	0.000383637	1.08558	1.08558	1.08558	
0.993102	0.9931	0.993102	0.00378293	0.000413366	0.993102	0.993102	0.000355383	0.0123727	0.993102	0.993102	2.85286e-22	0.993102	0.993102	0.993097	0.00216052	9.1302e-13	8.51241e-13	0.0171565	0.0174904	0.993101	0.993102	0.000291577	0.00188187	0.00186815	0.000291603	0.000384501	1.09569	1.09568	1.09568	
0.993102	0.9931	0.993102	0.00374407	0.000394573	0.993102	0.993102	0.000339739	0.0130238	0.993102	0.993102	2.61726e-22	0.993102	0.993102	0.993097	0.00217496	8.71413e-13	8.13106e-13	0.0178211	0.0181822	0.993101	0.993102	0.000280341	0.00189847	0.00188421	0.000280366	0.000367326	1.09248	1.09248	1.09248	
0.993102	0.9931	0.993102	0.00372578	0.000386107	0.993102	0.993102	0.000332976	0.0132332	0.993102	0.993102	2.49941e-22	0.993102	0.993102	0.993097	0.00217785	8.52745e-13	7.96299e-13	0.0180161	0.0183861	0.993101	0.993102	0.000275187	0.00190422	0.00188981	0.000275212	0.00035974	1.09311	1.09311	1.09311	
0.993102	0.9931	0.993102	0.0037154	0.00037862	0.993102	0.993102	0.000326963	0.0134177	0.993102	0.993102	2.39542e-22	0.993102	0.993102	0.993097	0.00217737	8.36282e-13	7.81418e-13	0.0182202	0.0185962	0.993101	0.993102	0.000270245	0.00190636	0.00189192	0.00027027	0.000353006	1.10594	1.10594	1.10594	
0.993102	0.9931	0.993102	0.00371078	0.000352708	0.993102	0.993102	0.000304866	0.0145483	0.993102	0.993102	2.10551e-22	0.993102	0.993102	0.993097	0.00217482	7.79098e-13	7.2828e-13	0.0197272	0.0201328	0.993101	0.993102	0.000251803	0.00190607	0.00189169	0.000251827	0.000328995	1.10968	1.10967	1.10967	
0.993102	0.9931	0.993102	0.00372877	0.000328354	0.993102	0.993102	0.000284008	0.0156259	0.993102	0.993102	1.83913e-22	0.993102	0.993102	0.993096	0.00216084	7.25297e-13	6.78141e-13	0.0213227	0.0217507	0.993101	0.993102	0.000233411	0.0018947	0.00188069	0.000233433	0.000306367	1.0924	1.0924	1.0924	
0.993102	0.9931	0.993102	0.003764	0.000336781	0.993102	0.993102	0.000291429	0.0149924	0.993102	0.993102	1.89126e-22	0.993102	0.993102	0.993096	0.00213958	7.43785e-13	6.95428e-13	0.0206436	0.0210472	0.993101	0.993102	0.000236856	0.0018758	0.00186237	0.000236879	0.000314267	1.08805	1.08805	1.08805	
0.993102	0.9931	0.993102	0.00377935	0.000351425	0.993102	0.993102	0.000304097	0.0142856	0.993102	0.993102	2.0365e-22	0.993102	0.993102	0.993097	0.002131	7.75905e-13	7.25355e-13	0.0197522	0.0201329	0.993101	0.993102	0.000245956	0.00186763	0.00185452	0.00024598	0.00032791	1.07372	1.07371	1.07371	
0.993102	0.9931	0.993102	0.00377771	0.000395378	0.993102	0.993102	0.000342089	0.0130332	0.993102	0.993102	2.6422e-22	0.993102	0.993102	0.993097	0.00213232	8.72748e-13	8.15793e-13	0.0180245	0.0183716	0.993101	0.993102	0.000276873	0.00186837	0.00185532	0.0002769	0.000368896	1.07062	1.07059	1.07062	
0.993102	0.9931	0.993102	0.00375232	0.000436599	0.993102	0.993102	0.000377824	0.0120171	0.993102	0.993102	3.2755e-22	0.993102	0.993102	0.993098	0.00214685	9.63994e-13	9.0115e-13	0.0165305	0.0168577	0.993101	0.993102	0.000308432	0.00188163	0.00186812	0.00030852	0.000407366	1.07047	1.07041	1.07047	
0.993102	0.9931	0.993102	0.00371321	0.000467696	0.993102	0.993102	0.000404994	0.0113008	0.993102	0.993102	3.78417e-22	0.993102	0.993102	0.993098	0.00216844	1.03336e-12	9.66288e-13	0.0153935	0.0157141	0.993101	0.993102	0.000334436	0.00190222	0.00188788	0.000334634	0.00043647	1.08429	1.08422	1.08429	
0.993102	0.9931	0.993102	0.00366923	0.000456789	0.993102	0.993102	0.000395881	0.0115381	0.993102	0.993102	3.60923e-22	0.993102	0.993102	0.993098	0.00219161	1.00993e-12	9.44835e-13	0.0154799	0.015826	0.993101	0.993102	0.00033001	0.00192533	0.00190999	0.000330269	0.000426458	1.07888	1.0788	1.07887	
0.993102	0.9931	0.993102	0.00363914	0.00046076	0.993102	0.993102	0.000399769	0.0113893	0.993102	0.993102	3.66121e-22	0.993102	0.993102	0.993098	0.00220546	1.01954e-12	9.54317e-13	0.0151419	0.0154951	0.993101	0.993102	0.000335398	0.00194006	0.00192409	0.000335734	0.00043036	1.08095	1.08085	1.08095	
0.993102	0.9931	0.993102	0.00361285	0.000458813	0.993102	0.993102	0.000398524	0.0114041	0.993102	0.993102	3.62609e-22	0.993102	0.993102	0.993098	0.00221711	1.01614e-12	9.51505e-13	0.0150326	0.015398	0.993101	0.993102	0.000336082	0.00195263	0.00193615	0.000336519	0.000428693	1.07105	1.07095	1.07104	
0.993102	0.9931	0.993102	0.00359252	0.000482264	0.993102	0.993102	0.000419426	0.0109005	0.993102	0.993102	4.02947e-22	0.993102	0.993102	0.993098	0.00222491	1.069e-12	1.00157e-12	0.014293	0.0146485	0.993101	0.993102	0.000355207	0.00196187	0.00194502	0.000355731	0.000450846	1.06937	1.06926	1.06936	
0.993102	0.9931	0.993102	0.00356736	0.000504436	0.993102	0.993102	0.000439255	0.0104721	0.993102	0.993102	4.4369e-22	0.993102	0.993102	0.993098	0.00223598	1.11919e-12	1.04918e-12	0.0136343	0.0139845	0.993101	0.993102	0.000374144	0.00197428	0.00195688	0.000374778	0.000471815	1.05825	1.05816	1.05824	
0.993102	0.9931	0.993102	0.00353983	0.000556605	0.993102	0.993102	0.000485393	0.00970974	0.993102	0.993102	5.55533e-22	0.993102	0.993102	0.993098	0.00224814	1.2361e-12	1.15983e-12	0.0125577	0.0128893	0.993101	0.993102	0.000416454	0.00198834	0.00197026	0.000417176	0.000521053	1.05893	1.05886	1.05893	
0.993102	0.9931	0.993102	0.00350438	0.000592953	0.993102	0.993102	0.000517877	0.00919685	0.993102	0.993102	6.36331e-22	0.993102	0.993102	0.993099	0.00226472	1.31796e-12	1.23813e-12	0.011777	0.0121015	0.993101	0.993102	0.000448331	0.00200772	0.0019885	0.000449064	0.000555683	1.05585	1.0558	1.05585	
0.993102	0.993101	0.993102	0.00346741	0.0006311	0.993102	0.993102	0.000552122	0.00871897	0.993102	0.993102	7.28025e-22	0.993102	0.993102	0.993099	0.00228174	1.40401e-12	1.32082e-12	0.0110466	0.011365	0.993101	0.993102	0.000482363	0.00202829	0.00200778	0.000483066	0.000592187	1.03611	1.03607	1.0361	
0.993102	0.993101	0.993102	0.00342993	0.000749884	0.993102	0.993102	0.000657545	0.00777846	0.993102	0.993102	1.10437e-21	0.993102	0.993102	0.993099	0.00229876	1.67052e-12	1.57449e-12	0.00977158	0.0100639	0.993101	0.993102	0.000580972	0.00204948	0.00202755	0.00058169	0.000704858	1.02195	1.02191	1.02194	
0.993102	0.993101	0.993102	0.00338343	0.000928474	0.993102	0.993102	0.000816579	0.00678869	0.993102	0.993102	1.83027e-21	0.993102	0.993102	0.9931	0.00232066	2.07264e-12	1.95864e-12	0.00843964	0.00870663	0.993101	0.993102	0.000732242	0.00207785	0.00205342	0.000733026	0.000874746	1.02328	1.02324	1.02328	
0.993102	0.993101	0.993102	0.00332865	0.00105096	0.993102	0.993102	0.000927317	0.00610091	0.993102	0.993102	2.3393e-21	0.993102	0.993102	0.9931	0.00234622	2.35152e-12	2.2289e-12	0.00746094	0.0077216	0.993101	0.993102	0.000843375	0.00211368	0.00208521	0.000844215	0.000992701	1.03888	1.03884	1.03888	
0.993102	0.993101	0.993102	0.00327337	0.00104638	0.993102	0.993102	0.000925736	0.00598401	0.993102	0.993102	2.2767e-21	0.993102	0.993102	0.9931	0.00237127	2.34555e-12	2.22854e-12	0.00713303	0.0074217	0.993101	0.993102	0.000850405	0.00215087	0.00211782	0.000851246	0.000990389	1.02154	1.02151	1.02154	
0.993102	0.993101	0.993102	0.00322849	0.0011502	0.993102	0.993102	0.00102093	0.00548422	0.993102	0.993102	2.7578e-21	0.993102	0.993102	0.9931	0.0023899	2.58388e-12	2.46158e-12	0.00643452	0.0067164	0.993101	0.993102	0.000947228	0.00217995	0.0021435	0.00094807	0.00109128	0.988446	0.988419	0.988443	
0.993102	0.993101	0.993102	0.00318434	0.00156956	0.993101	0.993102	0.00139999	0.00463121	0.993102	0.993102	6.06071e-21	0.993102	0.993102	0.9931	0.00240777	3.53957e-12	3.3857e-12	0.00537814	0.00562643	0.993101	0.993102	0.00131676	0.00220971	0.00216939	0.00131776	0.00149461	0.923433	0.923411	0.923429	
0.993102	0.993101	0.993101	0.00313133	0.00373525	0.993101	0.993102	0.00336837	0.00361414	0.993102	0.993102	5.92519e-20	0.993102	0.993102	0.993101	0.00242635	8.53809e-12	8.25231e-12	0.00417434	0.00437388	0.993101	0.993102	0.00324015	0.00225135	0.00220283	0.00324198	0.0035894	0.884243	0.884225	0.884239	
0.993102	0.993101	0.993099	0.00304691	0.00812016	0.993099	0.993102	0.00755216	0.00277966	0.993102	0.993102	3.11797e-19	0.993102	0.993102	0.993101	0.00242958	1.92339e-11	1.92662e-11	0.00318413	0.00334758	0.993101	0.993102	0.00740806	0.00234722	0.00226343	0.0074114	0.00803415	0.756342	0.756302	0.756337	
0.993102	0.993101	0.993076	0.00291456	0.0573477	0.99308	0.993102	0.0581216	0.00208697	0.993102	0.993102	4.55062e-17	0.993102	0.993102	0.993101	0.00239293	1.79635e-10	1.99232e-10	0.0023862	0.00251065	0.993101	0.993102	0.0582281	0.0025556	0.00237354	0.0582645	0.0610206	0.69579	0.695728	0.695785	
0.993102	0.993101	0.993054	0.00240769	0.102678	0.993082	0.993102	0.161501	0.00157728	0.993102	0.993102	5.50218e-16	0.993102	0.993102	0.993102	0.00199627	7.04474e-10	1.8141e-09	0.00178556	0.00188035	0.993099	0.993102	0.1626	0.0077554	0.00366227	0.162682	0.167207	0.595202	0.595122	0.595196	
0.993102	0.993101	0.993039	0.00182944	0.13365	0.993086	0.993102	0.338599	0.0012217	0.993102	0.993102	2.92765e-14	0.993102	0.993102	0.993102	0.00150182	1.41414e-08	3.24926e-08	0.00133607	0.00140722	0.993085	0.993102	0.339879	0.0861056	0.0170507	0.339977	0.344146	0.558579	0.558471	0.558571	
0.993102	0.993101	0.993053	0.00136968	0.104309	0.99309	0.993102	0.486926	0.00219675	0.993102	0.993102	1.46324e-13	0.993101	0.993102	0.993102	0.00112377	5.37313e-07	1.46043e-07	0.000999732	0.00105308	0.993039	0.993102	0.488064	0.306512	0.182419	0.488168	0.491595	0.587131	0.587028	0.58712	
0.993102	0.993101	0.993065	0.00102493	0.0781765	0.993093	0.993102	0.586886	0.0236822	0.993102	0.993102	1.4807e-13	0.993101	0.993102	0.993102	0.000840874	1.07953e-05	1.47874e-07	0.000748063	0.000788173	0.99304	0.993102	0.58732	0.478583	0.380434	0.587448	0.590992	0.539536	0.53934	0.539526	
0.993102	0.993101	0.993075	0.000766923	0.0585406	0.993096	0.993102	0.677852	0.0417825	0.993102	0.993102	2.78435e-13	0.993086	0.993102	0.993102	0.000629195	0.000343525	1.70346e-07	0.000559748	0.000589834	0.99305	0.993093	0.672145	0.607835	0.533378	0.672304	0.681103	0.540567	0.540183	0.540558	
0.993102	0.9931	0.993082	0.000573862	0.0438108	0.993097	0.993102	0.745751	0.0913562	0.993102	0.993102	3.20193e-13	0.993056	0.993102	0.993102	0.000470804	0.00323796	1.67154e-07	0.000418839	0.000441425	0.993061	0.992754	0.728336	0.704728	0.648807	0.728626	0.748267	0.593846	0.593315	0.593836	
0.993102	0.993091	0.993087	0.000429402	0.0327826	0.993098	0.993102	0.777524	0.192714	0.993102	0.993102	2.4451e-13	0.993065	0.993102	0.993102	0.000352285	0.00774887	1.353e-07	0.000313402	0.000330516	0.99307	0.987796	0.67983	0.777235	0.73527	0.680712	0.779432	0.635862	0.635319	0.63585	
0.993102	0.992566	0.993091	0.000321311	0.0245302	0.993099	0.993102	0.771049	0.222671	0.993102	0.993102	1.83079e-13	0.993074	0.993102	0.993102	0.000263602	0.0112082	1.04789e-07	0.000234507	0.000247806	0.993077	0.97208	0.524293	0.831141	0.799339	0.525115	0.77238	0.778633	0.777868	0.778622	
0.993102	0.990981	0.993094	0.000240436	0.018355	0.9931	0.993102	0.615018	0.35804	0.993102	0.993102	1.36991e-13	0.993081	0.993102	0.993102	0.000197244	0.00871739	7.85835e-08	0.000175473	0.000193976	0.993083	0.96403	0.392834	0.870851	0.846388	0.393457	0.615734	0.792231	0.791517	0.792217	
0.993102	0.839378	0.993096	0.000183576	0.0137346	0.993101	0.993102	0.490337	0.270664	0.993102	0.993102	1.02506e-13	0.993087	0.993102	0.993102	0.00014759	0.00653549	5.89182e-08	0.0001313	0.000156352	0.993087	0.971321	0.29397	0.746372	0.707634	0.294437	0.490628	0.815714	0.814911	0.8157	
0.993102	0.866876	0.993097	0.000145078	0.0102783	0.993101	0.993102	0.386658	0.204444	0.993102	0.993102	7.67012e-14	0.993091	0.993102	0.993102	0.000110437	0.00489098	4.41531e-08	9.82472e-05	0.000134896	0.993091	0.976804	0.220063	0.610674	0.571264	0.220414	0.386656	0.884087	0.874326	0.884075	
0.993102	0.898074	0.993099	0.000124848	0.00769326	0.993101	0.993102	0.294674	0.156915	0.993102	0.993102	5.73927e-14	0.993093	0.993102	0.993102	8.26357e-05	0.00365977	3.30541e-08	7.35148e-05	0.000171149	0.993093	0.980907	0.164757	0.483013	0.449109	0.165039	0.293754	0.934156	0.92019	0.934147	
0.993102	0.921923	0.993099	0.000133021	0.00576216	0.993101	0.993102	0.222488	0.121952	0.993102	0.993102	4.29449e-14	0.993096	0.993102	0.993102	6.18336e-05	0.00273848	2.47387e-08	5.50094e-05	0.000319015	0.993095	0.983977	0.123369	0.372288	0.34543	0.123608	0.22132	0.946727	0.929911	0.946717	
0.993102	0.939825	0.9931	0.000182922	0.00432996	0.993102	0.993102	0.168033	0.0940953	0.993102	0.993102	3.21341e-14	0.993097	0.993102	0.993102	4.62795e-05	0.0020491	1.85152e-08	4.11829e-05	0.000484225	0.993097	0.986274	0.0924491	0.283655	0.263017	0.0926827	0.16672	0.949519	0.93144	0.94951	
0.993102	0.953232	0.993101	0.000279072	0.00329157	0.993102	0.993102	0.1272	0.0721758	0.993102	0.993102	2.40448e-14	0.993099	0.993102	0.993102	3.48086e-05	0.00153327	1.38581e-08	3.10159e-05	0.000622194	0.993098	0.987993	0.0694017	0.215178	0.199495	0.0696746	0.125779	0.936936	0.919736	0.936926	
0.993102	0.963267	0.993101	0.000417135	0.00261343	0.993101	0.993102	0.0970605	0.0549157	0.993102	0.993102	1.79918e-14	0.993099	0.993102	0.993102	2.74213e-05	0.00114729	1.03743e-08	2.4038e-05	0.000668048	0.993099	0.989279	0.0523798	0.162982	0.151124	0.052768	0.09546	0.950929	0.933049	0.950918	
0.993102	0.970776	0.993101	0.000583073	0.00216388	0.993101	0.993102	0.0740475	0.0420211	0.993102	0.993102	1.34627e-14	0.9931	0.993102	0.993102	2.70393e-05	0.000858475	7.76625e-09	2.16627e-05	0.000768417	0.993099	0.990241	0.0396731	0.123461	0.114512	0.0401692	0.072433	0.988376	0.973706	0.988367	
0.993102	0.976396	0.993101	0.000770137	0.0017758	0.993101	0.993102	0.0560786	0.032932	0.993102	0.993102	1.00736e-14	0.993101	0.993102	0.993102	4.0055e-05	0.000642366	5.81287e-09	3.72763e-05	0.00114407	0.9931	0.990962	0.0299795	0.0936027	0.0868554	0.0304507	0.054706	0.979708	0.966437	0.9797	
0.993102	0.980601	0.993102	0.000977875	0.00159651	0.993101	0.993102	0.0427568	0.0256553	0.993102	0.993102	7.53772e-15	0.993101	0.993102	0.993102	7.73884e-05	0.000480659	4.35151e-09	6.57008e-05	0.00133655	0.9931	0.9915	0.022851	0.0710551	0.0659714	0.0233306	0.0415544	0.986938	0.976116	0.986931	
0.993102	0.983747	0.993102	0.00118861	0.00149825	0.993101	0.993102	0.032679	0.0201817	0.993102	0.993102	5.64021e-15	0.993101	0.993102	0.993102	0.000147294	0.00035966	3.25776e-09	0.000127932	0.00155747	0.9931	0.991904	0.0175175	0.0540652	0.0502334	0.0179774	0.0316571	0.979968	0.968644	0.97996	
0.993102	0.986102	0.993102	0.00139451	0.00154969	0.993101	0.993102	0.0252371	0.0158894	0.993102	0.993102	4.22037e-15	0.993102	0.993102	0.993102	0.000261899	0.00026912	2.43958e-09	0.000197864	0.00165244	0.993101	0.992205	0.0136447	0.0412719	0.0383809	0.014125	0.0243289	0.946965	0.936384	0.946956	
0.993102	0.987864	0.993102	0.00158579	0.0021239	0.993101	0.993102	0.0203915	0.0122674	0.993102	0.993102	3.15797e-15	0.993102	0.993102	0.993102	0.000417252	0.000201373	1.82915e-09	0.00022044	0.00148944	0.993101	0.992431	0.0113392	0.0316502	0.0294639	0.0119636	0.0194604	0.921071	0.91128	0.921062	
0.993102	0.989182	0.993101	0.00174658	0.00337346	0.9931	0.993102	0.0177686	0.00939809	0.993102	0.993102	2.36305e-15	0.993102	0.993102	0.993102	0.000601897	0.00015068	1.37495e-09	0.000217729	0.00126586	0.993101	0.9926	0.0105155	0.0244408	0.0227737	0.011418	0.0166955	0.878757	0.869645	0.878748	
0.993102	0.990169	0.9931	0.00186774	0.00687583	0.993098	0.993102	0.019052	0.00712775	0.993102	0.993102	1.76853e-15	0.993102	0.993102	0.993102	0.000797156	0.000112748	1.04373e-09	0.000187865	0.00101236	0.993101	0.992726	0.0128225	0.0190692	0.0177712	0.0144654	0.017477	0.862111	0.854198	0.862103	
0.993102	0.990907	0.993099	0.00192253	0.0110387	0.993097	0.993102	0.0221951	0.0054104	0.993102	0.993102	1.32402e-15	0.993102	0.993102	0.993102	0.000959199	8.43655e-05	8.03245e-10	0.000156835	0.000804341	0.993101	0.992821	0.0167616	0.0151678	0.0140816	0.0191795	0.0201385	0.934356	0.926829	0.934349	
0.993102	0.991459	0.993099	0.00191603	0.00959058	0.993098	0.993102	0.0185241	0.00443596	0.993102	0.993102	9.90754e-16	0.993102	0.993102	0.993102	0.00107554	6.31276e-05	6.06736e-10	0.000173813	0.000800569	0.993101	0.992892	0.0143296	0.0124256	0.0114007	0.0164269	0.0167834	0.968703	0.961908	0.968696	
0.993102	0.991873	0.9931	0.00193745	0.00789847	0.993099	0.993102	0.0148288	0.00401712	0.993102	0.993102	7.41355e-16	0.993102	0.993102	0.993102	0.00120913	4.72361e-05	4.56783e-10	0.000265754	0.000993642	0.993101	0.992945	0.0116426	0.0102884	0.00934939	0.0133454	0.0134367	0.962973	0.956782	0.962966	
0.993102	0.992182	0.9931	0.00198797	0.00678198	0.993099	0.993102	0.0121803	0.00356283	0.993102	0.993102	5.54741e-16	0.993102	0.993102	0.993102	0.00135653	3.53451e-05	3.44812e-10	0.00034578	0.0010956	0.993101	0.992984	0.00975191	0.00859591	0.00776273	0.0111626	0.0110506	0.958049	0.952524	0.958042	
0.993102	0.992413	0.9931	0.00205101	0.00608957	0.9931	0.993102	0.010309	0.00313223	0.993102	0.993102	4.15108e-16	0.993102	0.993102	0.993102	0.00150506	2.64474e-05	2.61263e-10	0.000412282	0.00113924	0.993101	0.993014	0.00845477	0.00727214	0.00654265	0.00964498	0.0093826	1.00965	1.00472	1.00964	
0.993102	0.992587	0.9931	0.00211607	0.0049334	0.9931	0.993102	0.0081404	0.00357919	0.993102	0.993102	3.10612e-16	0.993102	0.993102	0.993102	0.00164656	1.97896e-05	1.96635e-10	0.00078505	0.0017481	0.993101	0.993036	0.0067437	0.00624667	0.00560892	0.00767749	0.00742338	1.02493	1.02052	1.02492	
0.993102	0.992716	0.993101	0.00219749	0.00398186	0.993101	0.993102	0.00640512	0.00421515	0.993102	0.993102	2.32421e-16	0.993102	0.993102	0.993101	0.0017773	1.48079e-05	1.47956e-10	0.00131724	0.0025238	0.993101	0.993053	0.00535091	0.00542102	0.00487399	0.00607768	0.00585459	1.00203	0.997738	1.00203	
0.993102	0.992813	0.993101	0.00229025	0.00345513	0.993101	0.993102	0.00528784	0.00406413	0.993102	0.993102	1.73915e-16	0.993102	0.993102	0.993101	0.00189661	1.10802e-05	1.11981e-10	0.0014924	0.00266021	0.993101	0.993065	0.00447935	0.00475531	0.00429279	0.00506577	0.00485565	0.987082	0.983109	0.987075	
0.993102	0.992886	0.993101	0.00237468	0.00324202	0.993101	0.993102	0.0046227	0.00369253	0.993102	0.993102	1.30139e-16	0.993102	0.993102	0.993101	0.0020057	8.29091e-06	8.54841e-11	0.00151732	0.00256434	0.993101	0.993075	0.00399439	0.00423666	0.00384557	0.00448627	0.0042774	0.904022	0.900301	0.904013	
0.993102	0.99294	0.9931	0.00244398	0.00589643	0.9931	0.993102	0.00692088	0.00288511	0.993102	0.993102	9.75063e-17	0.993102	0.993102	0.993101	0.00210402	6.20379e-06	7.28255e-11	0.00121445	0.00202816	0.993101	0.993082	0.00636073	0.00384171	0.00350723	0.00698602	0.00657229	0.713127	0.71023	0.713118	
0.993102	0.99298	0.993045	0.0024575	0.0993945	0.993045	0.993102	0.102567	0.00216178	0.993102	0.993102	3.39168e-16	0.993102	0.993102	0.993102	0.00215607	4.6425e-06	4.7913e-10	0.000910257	0.00152001	0.993101	0.993087	0.101602	0.00362792	0.00329432	0.105537	0.101776	0.56969	0.567494	0.569682	
0.993102	0.993011	0.992912	0.0019306	0.227995	0.993056	0.993102	0.306318	0.00162499	0.993102	0.993102	8.29114e-14	0.993101	0.993102	0.993102	0.00169583	3.48159e-06	4.88753e-08	0.000681112	0.0011375	0.993089	0.993091	0.3057	0.0324018	0.0069975	0.309433	0.305806	0.484771	0.482473	0.484761	
0.993102	0.993034	0.992947	0.00144611	0.20254	0.993068	0.993102	0.475243	0.00226852	0.993102	0.993102	2.53631e-12	0.9931	0.993102	0.993102	0.00126924	2.79651e-06	3.54465e-06	0.000509652	0.000851177	0.990929	0.993094	0.474803	0.271885	0.136098	0.477767	0.474828	0.43554	0.432449	0.435525	
0.993102	0.993051	0.992985	0.00108212	0.15482	0.993077	0.993102	0.604126	0.0084876	0.993102	0.993102	1.95083e-11	0.993041	0.993102	0.993102	0.000949725	2.74863e-05	8.35116e-06	0.000381354	0.000636914	0.990691	0.993096	0.603771	0.453305	0.344215	0.606078	0.603766	0.442412	0.437118	0.442395	
0.993102	0.993063	0.993014	0.000809717	0.116064	0.993083	0.993102	0.700359	0.0389282	0.993102	0.993102	2.68533e-11	0.992776	0.993102	0.993102	0.000710645	0.000809078	8.17541e-06	0.000285353	0.00047659	0.991181	0.993079	0.699826	0.589161	0.50689	0.701747	0.699943	0.507803	0.499201	0.507784	
0.993102	0.993072	0.993036	0.000605883	0.0868548	0.993088	0.993102	0.767964	0.15515	0.993102	0.993102	2.06113e-11	0.99283	0.993102	0.993102	0.00053175	0.00395962	6.35865e-06	0.000213519	0.000356653	0.99164	0.992246	0.760946	0.69083	0.629106	0.764305	0.766654	0.605681	0.594637	0.605661	
0.993102	0.993002	0.993053	0.000453363	0.0649906	0.993091	0.993102	0.787206	0.26971	0.993102	0.993102	1.54238e-11	0.992898	0.993102	0.993102	0.000397889	0.00640954	4.77702e-06	0.000159769	0.000267141	0.992	0.980531	0.620652	0.766838	0.720258	0.632759	0.779089	0.710538	0.697405	0.710518	
0.993102	0.986246	0.993065	0.000339255	0.0486301	0.993094	0.993102	0.691936	0.343056	0.993102	0.993102	1.1541e-11	0.99295	0.993102	0.993102	0.000297726	0.00581014	3.57599e-06	0.000119549	0.000202088	0.992274	0.959352	0.46521	0.82292	0.785757	0.474508	0.670934	0.713844	0.702099	0.713823	
0.993102	0.899102	0.993075	0.000254438	0.0363883	0.993096	0.993102	0.616808	0.264771	0.993102	0.993102	8.63575e-12	0.992988	0.993102	0.993102	0.000222777	0.00453865	2.67681e-06	8.94542e-05	0.000153556	0.992481	0.967254	0.348272	0.834606	0.769612	0.355275	0.587836	0.707999	0.696584	0.70798	
0.993102	0.916831	0.993082	0.000190935	0.0272289	0.993098	0.993102	0.567762	0.20412	0.993102	0.993102	6.46182e-12	0.993017	0.993102	0.993102	0.000166696	0.00345682	2.00386e-06	6.69354e-05	0.00011698	0.992636	0.973732	0.261526	0.838049	0.76062	0.267003	0.532742	0.682149	0.666126	0.682131	
0.993102	0.935586	0.993087	0.000143303	0.020378	0.993099	0.993102	0.563259	0.156888	0.993102	0.993102	4.83516e-12	0.993038	0.993102	0.993102	0.000124733	0.00263688	1.50068e-06	5.00853e-05	8.87705e-05	0.992753	0.978604	0.20083	0.842125	0.764452	0.206817	0.517338	0.605206	0.589393	0.60519	
0.993102	0.949997	0.993091	0.000107413	0.0152668	0.9931	0.993102	0.634624	0.119229	0.993102	0.993102	3.61911e-12	0.99305	0.993102	0.993102	9.33329e-05	0.00221736	1.12805e-06	3.7477e-05	6.66893e-05	0.99284	0.98225	0.200521	0.86176	0.795397	0.218908	0.589306	0.665587	0.647775	0.665571	
0.993102	0.960835	0.993094	8.03937e-05	0.0114249	0.9931	0.993102	0.633311	0.131886	0.993102	0.993102	2.70827e-12	0.993063	0.993102	0.993102	6.98376e-05	0.00200981	8.45466e-07	2.80427e-05	5.0789e-05	0.992906	0.984922	0.184466	0.892367	0.841845	0.21023	0.578082	0.69108	0.673016	0.691064	
0.993102	0.968935	0.993096	6.01831e-05	0.00854966	0.993101	0.993102	0.601331	0.147268	0.993102	0.993102	2.02656e-12	0.993073	0.993102	0.993102	5.22569e-05	0.00172662	6.33404e-07	2.09833e-05	3.9481e-05	0.992955	0.986925	0.155352	0.914231	0.87555	0.181447	0.537713	0.749945	0.731782	0.749929	
0.993102	0.974977	0.993097	4.51035e-05	0.00639788	0.993101	0.993102	0.510638	0.165974	0.993102	0.993102	1.51641e-12	0.99308	0.993102	0.993102	3.9102e-05	0.00133042	4.74178e-07	1.5701e-05	3.43355e-05	0.992992	0.988464	0.120391	0.924769	0.89417	0.141692	0.447977	0.768927	0.751232	0.768911	
0.993102	0.97945	0.993099	3.43791e-05	0.00478932	0.993101	0.993102	0.427064	0.134883	0.993102	0.993102	1.13467e-12	0.993086	0.993102	0.993102	2.92586e-05	0.000999937	3.54958e-07	1.17485e-05	3.26966e-05	0.993019	0.989631	0.0920523	0.875743	0.846467	0.108818	0.368596	0.795208	0.778397	0.795193	
0.993102	0.98286	0.993099	2.75232e-05	0.00359001	0.993101	0.993102	0.34826	0.107065	0.993102	0.993102	8.49037e-13	0.99309	0.993102	0.993102	2.18931e-05	0.000748717	2.65686e-07	8.79099e-06	3.63113e-05	0.99304	0.990505	0.0710449	0.776463	0.748627	0.0844462	0.297029	0.858926	0.84277	0.858913	
0.993102	0.985429	0.9931	2.55795e-05	0.00269485	0.993102	0.993102	0.26934	0.0876966	0.993102	0.993102	6.35303e-13	0.993093	0.993102	0.993102	1.63819e-05	0.000560267	1.98826e-07	6.578e-06	6.95245e-05	0.993055	0.991159	0.0542213	0.643207	0.619108	0.0646517	0.228657	0.882501	0.867823	0.882488	
0.993102	0.987356	0.993101	3.55404e-05	0.00204238	0.993102	0.993102	0.207071	0.0692001	0.993102	0.993102	4.75374e-13	0.993095	0.993102	0.993102	1.22612e-05	0.000419231	1.48789e-07	4.92308e-06	0.000119881	0.993067	0.991648	0.0415475	0.503786	0.484685	0.0496836	0.175248	0.915786	0.902133	0.915774	
0.993102	0.9888	0.993101	6.59657e-05	0.00157452	0.993102	0.993102	0.157818	0.0545955	0.993102	0.993102	3.55705e-13	0.993097	0.993102	0.993102	9.22841e-06	0.000313696	1.1134e-07	3.70817e-06	0.000221738	0.993075	0.992014	0.0318151	0.386736	0.37207	0.0381306	0.133327	0.957367	0.944827	0.957356	
0.993102	0.989882	0.993101	0.000128174	0.00123215	0.993102	0.993102	0.119348	0.0439814	0.993102	0.993102	2.66161e-13	0.993098	0.993102	0.993102	7.40661e-06	0.000234727	8.3315e-08	3.18981e-06	0.000469181	0.993082	0.992288	0.0242302	0.294319	0.283197	0.0290766	0.100746	0.955512	0.944392	0.955502	
0.993102	0.990692	0.993102	0.000233798	0.00104304	0.993102	0.993102	0.0906081	0.0345872	0.993102	0.993102	1.99159e-13	0.993099	0.993102	0.993102	8.33706e-06	0.000175638	6.23447e-08	4.3197e-06	0.000643668	0.993087	0.992493	0.0186746	0.223062	0.214673	0.0224363	0.0764325	0.944748	0.934977	0.944738	
0.993102	0.991298	0.993102	0.000378782	0.00104766	0.993102	0.993102	0.0694109	0.0267739	0.993102	0.993102	1.49023e-13	0.9931	0.993102	0.993102	1.66064e-05	0.000131423	4.66542e-08	8.31674e-06	0.000718109	0.99309	0.992646	0.0147869	0.168833	0.162517	0.0177766	0.0585257	0.963406	0.95248	0.963397	
0.993102	0.991752	0.993102	0.000551313	0.00106582	0.993102	0.993102	0.0530468	0.0210498	0.993102	0.993102	1.11509e-13	0.993101	0.993102	0.993102	4.15574e-05	9.83394e-05	3.49123e-08	2.31161e-05	0.000881625	0.993093	0.992761	0.0117196	0.127807	0.123051	0.0141163	0.0446917	0.950115	0.937079	0.950106	
0.993102	0.992091	0.993102	0.000746144	0.00130893	0.993101	0.993102	0.0411329	0.0164085	0.993102	0.993102	8.34379e-14	0.993101	0.993102	0.993102	9.71309e-05	7.35838e-05	2.61271e-08	4.12597e-05	0.000924608	0.993095	0.992847	0.0097265	0.0968278	0.0932445	0.0118038	0.0345645	0.974776	0.964444	0.974769	
0.993102	0.992345	0.993102	0.000947095	0.00137746	0.993101	0.993102	0.031656	0.0131637	0.993102	0.993102	6.24336e-14	0.993101	0.993102	0.993102	0.000184617	5.50601e-05	1.95521e-08	9.75085e-05	0.00112707	0.993097	0.992911	0.00792016	0.0734911	0.0707834	0.00962154	0.0265886	0.973931	0.962645	0.973925	
0.993102	0.992536	0.993102	0.00115252	0.00152179	0.993101	0.993102	0.0245762	0.010635	0.993102	0.993102	4.67168e-14	0.993102	0.993102	0.993102	0.000317635	4.11995e-05	1.46323e-08	0.000167111	0.00127301	0.993098	0.992959	0.00662312	0.0559091	0.0538584	0.00807212	0.0206189	0.94892	0.93919	0.948914	
0.993102	0.992678	0.993102	0.00135245	0.0020739	0.993101	0.993102	0.0198464	0.00838093	0.993102	0.993102	3.49565e-14	0.993102	0.993102	0.993102	0.000483255	3.08281e-05	1.09524e-08	0.000203319	0.00121434	0.993099	0.992995	0.00616201	0.042676	0.0411166	0.00750399	0.0166569	0.980822	0.971847	0.980817	
0.993102	0.992785	0.993102	0.001531	0.00209796	0.993101	0.993102	0.0156191	0.00702931	0.993102	0.993102	2.61567e-14	0.993102	0.993102	0.993102	0.000673159	2.30675e-05	8.19718e-09	0.000332526	0.00140568	0.993099	0.993022	0.00527889	0.0327425	0.031543	0.00641406	0.0131241	0.896957	0.889855	0.89695	
0.993102	0.992864	0.993101	0.00169919	0.00472811	0.9931	0.993102	0.0157326	0.00538901	0.993102	0.993102	1.95722e-14	0.993102	0.993102	0.993102	0.000871531	1.72606e-05	6.1438e-09	0.000290414	0.00114518	0.9931	0.993042	0.00757924	0.0252648	0.0243362	0.00897374	0.0134458	0.862801	0.856082	0.862793	
0.993102	0.992924	0.993099	0.00180961	0.00972167	0.993098	0.993102	0.0196316	0.00410312	0.993102	0.993102	1.46459e-14	0.993102	0.993102	0.993102	0.00105053	1.29155e-05	4.61828e-09	0.00023737	0.000904218	0.9931	0.993057	0.0129858	0.0197394	0.0189697	0.015047	0.0171919	0.805522	0.798679	0.805514	
0.993102	0.992969	0.993093	0.00184146	0.0244839	0.993093	0.993102	0.0377949	0.00309786	0.993102	0.993102	1.09659e-14	0.993102	0.993102	0.993102	0.00117524	9.66429e-06	3.52884e-09	0.000182555	0.000691678	0.9931	0.993069	0.0318712	0.0157925	0.0150368	0.0363388	0.0339446	0.789602	0.782691	0.789593	
0.993102	0.993002	0.993089	0.00171072	0.0348348	0.993092	0.993102	0.0589678	0.00235771	0.993102	0.993102	8.21868e-15	0.993102	0.993102	0.993102	0.00113817	7.23156e-06	2.77554e-09	0.000137892	0.000528534	0.9931	0.993077	0.0538564	0.0138241	0.0124858	0.0610443	0.0534594	0.746333	0.737697	0.746323	
0.993102	0.993027	0.993082	0.00149377	0.0507893	0.993091	0.993102	0.106622	0.00179715	0.993102	0.993102	6.22852e-15	0.993102	0.993102	0.993102	0.000994337	5.41151e-06	2.47249e-09	0.000103362	0.000400091	0.9931	0.993083	0.102174	0.0141427	0.0112505	0.115939	0.0962347	0.704467	0.697566	0.704457	
0.993102	0.993046	0.993078	0.00119855	0.0601776	0.993092	0.993102	0.188808	0.00139449	0.993102	0.993102	5.06949e-15	0.993102	0.993102	0.993102	0.000772296	4.05089e-06	3.11314e-09	7.73508e-05	0.00030136	0.993098	0.993088	0.185083	0.0237687	0.0133615	0.203923	0.174438	0.737797	0.730606	0.737786	
0.993102	0.99306	0.993083	0.000912144	0.0474062	0.993095	0.993102	0.212637	0.0016553	0.993102	0.993102	3.90198e-15	0.993102	0.993102	0.993102	0.000579158	3.03479e-06	3.11657e-09	5.78793e-05	0.000229342	0.993097	0.993092	0.209629	0.0826596	0.0337981	0.231267	0.195934	0.776206	0.769168	0.776195	
0.993102	0.99307	0.993088	0.000691974	0.0361578	0.993097	0.993102	0.198379	0.00286389	0.993102	0.993102	2.94276e-15	0.993102	0.993102	0.993102	0.000433737	2.27434e-06	2.61644e-09	4.33096e-05	0.000179851	0.993097	0.993094	0.195625	0.137622	0.0613546	0.216655	0.181995	0.78145	0.774365	0.781438	
0.993102	0.993078	0.993091	0.000530542	0.0278724	0.993098	0.993102	0.184499	0.00320419	0.993102	0.993102	2.22015e-15	0.993102	0.993102	0.993102	0.000325061	1.7048e-06	2.16321e-09	3.24083e-05	0.00014369	0.993097	0.993096	0.181103	0.153752	0.0734351	0.201302	0.168474	0.717006	0.710805	0.716994	
0.993102	0.993084	0.993093	0.000413837	0.0247085	0.993098	0.993102	0.233119	0.0025814	0.993102	0.993102	1.89414e-15	0.993102	0.993102	0.993102	0.000243963	1.28516e-06	2.25227e-09	2.42508e-05	0.000110022	0.993098	0.993098	0.227421	0.149992	0.0762408	0.249862	0.214552	0.769866	0.763439	0.769854	
0.993102	0.993088	0.993095	0.000315925	0.0190003	0.993099	0.993102	0.218448	0.00326123	0.993102	0.993102	1.44584e-15	0.993102	0.993102	0.993102	0.000182648	9.71e-07	1.89241e-09	1.81463e-05	8.95153e-05	0.993098	0.993099	0.212618	0.184725	0.10693	0.234139	0.200367	0.752737	0.748098	0.752728	
0.993102	0.993092	0.993096	0.000244878	0.0151804	0.9931	0.993102	0.221377	0.00303977	0.993102	0.993102	1.13564e-15	0.993102	0.993102	0.993102	0.00013682	7.37199e-07	1.6768e-09	1.35787e-05	7.20755e-05	0.993099	0.9931	0.214419	0.191067	0.11875	0.234629	0.204095	0.754304	0.749371	0.754295	
0.993102	0.993094	0.993097	0.000191176	0.0122383	0.9931	0.993102	0.222249	0.00288845	0.993102	0.993102	9.00705e-16	0.993102	0.993102	0.993102	0.000102503	5.63485e-07	1.48917e-09	1.0161e-05	5.91807e-05	0.993099	0.9931	0.214617	0.195258	0.129703	0.234048	0.205323	0.67056	0.666502	0.670552	
0.993102	0.993096	0.993097	0.000150815	0.0136977	0.993099	0.993102	0.318792	0.0022703	0.993102	0.993102	2.10342e-15	0.993102	0.993102	0.993102	7.68119e-05	4.88811e-07	2.29569e-09	7.60318e-06	4.52651e-05	0.993099	0.993101	0.309835	0.196826	0.138602	0.329224	0.301497	0.748578	0.74492	0.74857	
0.993102	0.993097	0.993098	0.00011396	0.0103902	0.9931	0.993102	0.300398	0.00534567	0.993102	0.993102	1.63721e-15	0.993102	0.993102	0.993102	5.7478e-05	4.59507e-07	1.97351e-09	5.68919e-06	3.85426e-05	0.9931	0.993101	0.291729	0.308926	0.249178	0.309637	0.284254	0.740108	0.736958	0.740101	
0.993102	0.993098	0.993099	8.69755e-05	0.00801506	0.993101	0.993102	0.294888	0.00587002	0.993102	0.993102	1.30769e-15	0.993102	0.993102	0.993102	4.30131e-05	4.25129e-07	1.76045e-09	4.25703e-06	3.27815e-05	0.9931	0.993101	0.283232	0.362936	0.305271	0.299711	0.279791	0.775504	0.772631	0.775496	
0.993102	0.993099	0.9931	6.70006e-05	0.00612964	0.993101	0.993102	0.260944	0.00756596	0.993102	0.993102	9.98221e-16	0.993102	0.993102	0.993102	3.21903e-05	3.5552e-07	1.45066e-09	3.18543e-06	3.25251e-05	0.9931	0.993102	0.248455	0.392845	0.339751	0.262618	0.247804	0.58618	0.584424	0.586172	
0.993102	0.993099	0.993097	5.40472e-05	0.0155828	0.993097	0.993102	0.418873	0.00569498	0.993102	0.993102	3.69962e-14	0.993084	0.993102	0.993102	2.41052e-05	1.11576e-06	6.75229e-09	2.38355e-06	2.45186e-05	0.9931	0.993102	0.405765	0.370915	0.32483	0.417285	0.408236	0.493108	0.49214	0.4931	
0.993102	0.9931	0.993097	4.06016e-05	0.0147638	0.993098	0.993102	0.558926	0.00441327	0.993102	0.993102	1.56027e-12	0.989838	0.993102	0.993102	1.80371e-05	0.000105625	4.91055e-08	1.78352e-06	1.83745e-05	0.9931	0.993102	0.54859	0.50985	0.469512	0.557304	0.550886	0.335432	0.335148	0.335425	
0.993102	0.9931	0.993097	3.03902e-05	0.0154383	0.993098	0.993102	0.668029	0.00340864	0.993102	0.993102	8.51527e-10	0.7421	0.993102	0.993102	1.34965e-05	0.03495	1.05189e-06	1.33454e-06	1.37502e-05	0.9931	0.993099	0.660277	0.630361	0.599789	0.666798	0.662011	0.369506	0.36934	0.369499	
0.993102	0.9931	0.993098	2.27409e-05	0.0118066	0.993099	0.993102	0.749475	0.00445932	0.993102	0.993102	8.58624e-10	0.566305	0.993102	0.993102	1.00989e-05	0.130417	1.3077e-06	9.98591e-07	1.02911e-05	0.9931	0.992873	0.743648	0.721551	0.69863	0.748529	0.744972	0.516475	0.516213	0.516466	
0.993102	0.993101	0.993099	1.70164e-05	0.00883713	0.9931	0.993102	0.803703	0.104219	0.993102	0.993102	6.43085e-10	0.672819	0.993102	0.993102	7.55665e-06	0.140616	1.00412e-06	7.47209e-07	7.7454e-06	0.9931	0.987156	0.798701	0.789884	0.772726	0.802394	0.800301	0.506156	0.505914	0.506148	
0.993102	0.993086	0.9931	1.27333e-05	0.0066136	0.9931	0.993102	0.845574	0.121122	0.993102	0.993102	4.81322e-10	0.751516	0.993102	0.993102	5.65437e-06	0.216473	7.81019e-07	5.59109e-07	5.83214e-06	0.993101	0.945799	0.80751	0.84097	0.828118	0.810439	0.843003	0.599969	0.599574	0.599959	
0.993102	0.99306	0.9931	9.52816e-06	0.00494879	0.993101	0.993102	0.849112	0.261326	0.993102	0.993102	3.60158e-10	0.812324	0.993102	0.993102	4.23096e-06	0.219313	5.88756e-07	4.18361e-07	4.60251e-06	0.993101	0.826516	0.695119	0.879222	0.869599	0.697777	0.846971	0.654796	0.654209	0.654778	
0.993102	0.985238	0.993101	7.13444e-06	0.00370302	0.993101	0.993102	0.80604	0.267822	0.993102	0.993102	2.69493e-10	0.857832	0.993102	0.993102	3.16587e-06	0.189029	4.41949e-07	3.13044e-07	4.15798e-06	0.993101	0.728487	0.522987	0.907175	0.8999	0.525011	0.803829	0.706508	0.705802	0.706481	
0.993102	0.977198	0.993101	5.35155e-06	0.00277085	0.993101	0.993102	0.711497	0.273731	0.993102	0.993102	2.01652e-10	0.891885	0.993102	0.993102	2.36891e-06	0.145647	3.31182e-07	2.3424e-07	5.11987e-06	0.993101	0.748832	0.392231	0.92684	0.921249	0.393758	0.709017	0.687161	0.685882	0.687121	
0.993102	0.968911	0.993101	4.10206e-06	0.00207352	0.993102	0.993102	0.664849	0.213867	0.993102	0.993102	1.50889e-10	0.917365	0.993102	0.993102	1.77257e-06	0.109958	2.48515e-07	1.75273e-07	5.1951e-06	0.993101	0.809037	0.294666	0.929312	0.92439	0.29584	0.661455	0.719955	0.71765	0.719914	
0.993102	0.973874	0.993102	3.14442e-06	0.00155178	0.993102	0.993102	0.589743	0.181682	0.993102	0.993102	1.12905e-10	0.936431	0.993102	0.993102	1.32635e-06	0.082484	1.86315e-07	1.3115e-07	6.51556e-06	0.993101	0.855173	0.222498	0.934168	0.930051	0.223472	0.584587	0.774403	0.770547	0.774368	
0.993102	0.978421	0.993102	2.52981e-06	0.00116151	0.993102	0.993102	0.4824	0.163109	0.993102	0.993102	8.44823e-11	0.950697	0.993102	0.993102	9.92457e-07	0.0617359	1.39533e-07	9.81351e-08	1.26842e-05	0.993101	0.889885	0.167779	0.92386	0.920102	0.168611	0.475985	0.853675	0.849233	0.853648	
0.993102	0.981981	0.993102	2.93742e-06	0.000869769	0.993102	0.993102	0.370651	0.145023	0.993102	0.993102	6.32151e-11	0.961372	0.993102	0.993102	7.4262e-07	0.0461952	1.04432e-07	7.34311e-08	4.76042e-05	0.993101	0.915868	0.125928	0.841441	0.837297	0.126587	0.365062	0.870618	0.865775	0.870594	
0.993102	0.984715	0.993102	8.9968e-06	0.00065515	0.993102	0.993102	0.284326	0.113865	0.993102	0.993102	4.73015e-11	0.96936	0.993102	0.993102	5.55689e-07	0.0345662	7.81598e-08	5.49632e-08	8.91037e-05	0.993101	0.935311	0.0946211	0.676317	0.672595	0.0951545	0.279519	0.908627	0.903867	0.908607	
0.993102	0.986808	0.993102	2.72288e-05	0.000501615	0.993102	0.993102	0.216064	0.0889978	0.993102	0.993102	3.5394e-11	0.975336	0.993102	0.993102	4.16617e-07	0.0258646	5.84922e-08	4.23079e-08	0.000181042	0.993101	0.949859	0.0711452	0.523698	0.520712	0.0715788	0.212171	0.91819	0.913532	0.918169	
0.993102	0.988385	0.993102	6.92262e-05	0.000412196	0.993102	0.993102	0.164414	0.0685285	0.993102	0.993102	2.6484e-11	0.979809	0.993102	0.993102	3.32205e-07	0.0193536	4.37742e-08	5.37122e-08	0.000273978	0.993101	0.960745	0.0537018	0.39956	0.397258	0.0540719	0.161263	0.935721	0.931356	0.935701	
0.993102	0.98957	0.993102	0.000143077	0.000381401	0.993102	0.993102	0.124961	0.0527414	0.993102	0.993102	1.9817e-11	0.983155	0.993102	0.993102	4.90384e-07	0.0144816	3.27593e-08	2.89483e-07	0.000401806	0.993101	0.96889	0.0406778	0.303154	0.301401	0.041	0.122445	0.988529	0.984786	0.988515	
0.993102	0.990457	0.993102	0.000253991	0.000341334	0.993102	0.993102	0.0941789	0.0420412	0.993102	0.993102	1.48284e-11	0.985659	0.993102	0.993102	1.95761e-06	0.010836	2.45142e-08	3.74098e-06	0.000866512	0.993101	0.974985	0.0306739	0.229457	0.228127	0.0309334	0.0922498	0.997248	0.993638	0.997233	
0.993102	0.991122	0.993102	0.000410517	0.000342569	0.993102	0.993102	0.071037	0.033508	0.993102	0.993102	1.10955e-11	0.987533	0.993102	0.993102	8.22046e-06	0.0081082	1.83444e-08	1.72535e-05	0.00132323	0.993101	0.979546	0.0231979	0.173451	0.172445	0.0234105	0.069557	1.01857	1.01527	1.01856	
0.993102	0.99162	0.993102	0.000604216	0.000347002	0.993102	0.993102	0.0535233	0.0274008	0.993102	0.993102	8.30238e-12	0.988935	0.993102	0.993102	2.63749e-05	0.00606707	1.37273e-08	6.92912e-05	0.00202561	0.993101	0.982959	0.0175485	0.131101	0.13034	0.0177206	0.0523952	1.04606	1.04319	1.04605	
0.993102	0.991992	0.993102	0.000828053	0.000334206	0.993102	0.993102	0.0402617	0.023676	0.993102	0.993102	6.21237e-12	0.989984	0.993102	0.993102	6.57339e-05	0.00453977	1.02722e-08	0.000251067	0.00331159	0.993101	0.985512	0.013255	0.0991455	0.0985692	0.0133911	0.0394082	1.0471	1.04403	1.04709	
0.993102	0.992271	0.993102	0.00107848	0.000345694	0.993102	0.993102	0.0303332	0.0204085	0.993102	0.993102	4.64849e-12	0.990769	0.993102	0.993101	0.000134486	0.00339694	7.68679e-09	0.000533639	0.00431955	0.993101	0.987423	0.0100492	0.0750528	0.0746162	0.0101594	0.0296856	1.08824	1.08623	1.08824	
0.993102	0.99248	0.993102	0.00133639	0.000310151	0.993102	0.993102	0.0227877	0.0204722	0.993102	0.993102	3.4783e-12	0.991356	0.993102	0.9931	0.000234577	0.00254181	5.75196e-09	0.00159728	0.00740681	0.993101	0.988853	0.00758087	0.0569178	0.0565861	0.00766586	0.0223014	1.08491	1.08264	1.0849	
0.993102	0.992636	0.993102	0.00162255	0.000296401	0.993102	0.993102	0.0171473	0.0195325	0.993102	0.993102	2.60268e-12	0.991796	0.993102	0.9931	0.000359073	0.00190194	4.30421e-09	0.00270991	0.00947153	0.993101	0.989922	0.00573807	0.0432407	0.0429887	0.00580471	0.0167817	1.08971	1.08758	1.0897	
0.993102	0.992753	0.993102	0.00190572	0.000287573	0.993102	0.993102	0.0129176	0.0188257	0.993102	0.993102	1.94749e-12	0.992125	0.993102	0.993099	0.000505	0.00142315	3.22089e-09	0.00413042	0.0114303	0.993101	0.990723	0.00435429	0.0329482	0.0327563	0.00440681	0.0126432	1.09966	1.09767	1.09965	
0.993102	0.99284	0.993102	0.00217638	0.00027419	0.993102	0.993102	0.00973657	0.0188497	0.993102	0.993102	1.45724e-12	0.992371	0.993102	0.993099	0.000664084	0.00106489	2.41024e-09	0.00614366	0.0138613	0.993101	0.991322	0.00330862	0.0252063	0.0250597	0.00334997	0.0095311	1.10853	1.10678	1.10853	
0.993102	0.992906	0.993102	0.0024371	0.000258116	0.993102	0.993102	0.00734448	0.0194004	0.993102	0.993102	1.0904e-12	0.992555	0.993102	0.993098	0.000823608	0.000796822	1.80364e-09	0.00876243	0.0167182	0.993101	0.99177	0.00251795	0.019379	0.0192667	0.00255041	0.00719125	1.11589	1.11426	1.11588	
0.993102	0.992955	0.993102	0.00268999	0.000241332	0.993102	0.993102	0.00554624	0.0202747	0.993102	0.993102	8.15905e-13	0.992693	0.993102	0.993097	0.00097454	0.000596233	1.34972e-09	0.011884	0.0198698	0.993101	0.992105	0.00192015	0.014989	0.0149025	0.00194564	0.00543242	1.12699	1.12562	1.12699	
0.993102	0.992991	0.993102	0.00293587	0.000220793	0.993102	0.993102	0.0041904	0.0219212	0.993102	0.993102	6.10512e-13	0.992796	0.993102	0.993096	0.00110922	0.000446139	1.01004e-09	0.0160624	0.024036	0.993101	0.992356	0.00146516	0.0116786	0.0116117	0.00148502	0.00410631	1.11937	1.11766	1.11937	
0.993102	0.993019	0.993102	0.00318641	0.000213572	0.993102	0.993102	0.00318228	0.0219233	0.993102	0.993102	4.56824e-13	0.992873	0.993102	0.993096	0.00122448	0.00033383	7.55887e-10	0.0185269	0.0259359	0.993101	0.992544	0.00112831	0.00917437	0.00912256	0.00114428	0.00312053	1.11902	1.11746	1.11901	
0.993102	0.993039	0.993102	0.00340412	0.000209754	0.993102	0.993102	0.00242805	0.0217634	0.993102	0.993102	3.41825e-13	0.992931	0.993102	0.993095	0.00132977	0.000249793	5.65714e-10	0.0206379	0.0273415	0.993101	0.992685	0.000876478	0.00729181	0.00725134	0.00088946	0.00238339	1.12335	1.12197	1.12334	
0.993102	0.993054	0.993102	0.00358815	0.000203652	0.993102	0.993102	0.0018596	0.0220294	0.993102	0.993102	2.55775e-13	0.992974	0.993102	0.993095	0.00142473	0.000186911	4.23405e-10	0.0230904	0.0291226	0.993101	0.99279	0.000685467	0.00587809	0.00584615	0.000696015	0.00182796	1.12222	1.12084	1.12222	
0.993102	0.993066	0.993102	0.00375109	0.000200873	0.993102	0.993102	0.00143507	0.022012	0.993102	0.993102	1.91387e-13	0.993006	0.993102	0.993095	0.00150651	0.000139858	3.16922e-10	0.0249554	0.0302995	0.993101	0.992868	0.000543053	0.00481323	0.00478776	0.000551795	0.00141337	1.12	1.11857	1.12	
0.993102	0.993074	0.993102	0.00388869	0.000201594	0.993102	0.993102	0.00111924	0.0217263	0.993102	0.993102	1.43208e-13	0.99303	0.993102	0.993095	0.00157869	0.000104651	2.37249e-10	0.0261669	0.0308483	0.993101	0.992927	0.000437869	0.00401305	0.00399246	0.000445329	0.00110516	1.12214	1.12088	1.12214	
0.993102	0.993081	0.993102	0.00399825	0.000200432	0.993102	0.993102	0.000880892	0.0217168	0.993102	0.993102	1.07157e-13	0.993048	0.993102	0.993095	0.00164208	7.83065e-05	1.77628e-10	0.0275332	0.031627	0.993101	0.992971	0.000358017	0.00341407	0.00339711	0.000364381	0.000872703	1.13041	1.12931	1.1304	
0.993102	0.993085	0.993102	0.00408998	0.000192302	0.993102	0.993102	0.000695851	0.0226165	0.993102	0.993102	8.01819e-14	0.993062	0.993102	0.993094	0.00169449	5.85939e-05	1.33e-10	0.0300679	0.033705	0.993101	0.993004	0.000293644	0.002964	0.00294977	0.000298982	0.000691918	1.12814	1.12718	1.12813	
0.993102	0.993089	0.993102	0.00418671	0.00018843	0.993102	0.993102	0.000559027	0.0228689	0.993102	0.993102	5.99972e-14	0.993072	0.993102	0.993094	0.00172912	4.38437e-05	9.961e-11	0.0316669	0.0348482	0.993101	0.993029	0.000246193	0.00261841	0.0026063	0.000250702	0.000558567	1.13079	1.12974	1.13078	
0.993102	0.993092	0.993102	0.00427223	0.000183433	0.993102	0.993102	0.000454598	0.0233354	0.993102	0.993102	4.48937e-14	0.99308	0.993102	0.993094	0.00175775	3.28066e-05	7.46207e-11	0.0333971	0.036225	0.993101	0.993047	0.000209194	0.00235667	0.00234621	0.000213097	0.000456614	1.13355	1.13258	1.13355	
0.993102	0.993094	0.993102	0.00435317	0.000177561	0.993102	0.993102	0.000374444	0.0239478	0.993102	0.993102	3.35923e-14	0.993085	0.993102	0.993093	0.00177771	2.4548e-05	5.59174e-11	0.0352934	0.0378259	0.993101	0.993061	0.000179945	0.00215629	0.0021471	0.000183329	0.000378292	1.13624	1.13536	1.13624	
0.993102	0.993095	0.993102	0.00443358	0.000171179	0.993102	0.993102	0.000312619	0.0246509	0.993102	0.993102	2.51359e-14	0.99309	0.993102	0.993093	0.00178909	1.83684e-05	4.1918e-11	0.0373276	0.0396071	0.993101	0.993071	0.000156563	0.00200092	0.00199274	0.000159488	0.00031783	1.14113	1.14027	1.14113	
0.993102	0.993096	0.993102	0.00451562	0.000162936	0.993102	0.993102	0.000263291	0.0257342	0.993102	0.993102	1.88083e-14	0.993093	0.993102	0.993092	0.00179353	1.37444e-05	3.14354e-11	0.0399698	0.0420615	0.993101	0.993079	0.000136749	0.00187874	0.00187138	0.000139281	0.000269367	1.14734	1.14648	1.14734	
0.993102	0.993097	0.993102	0.00460833	0.000152779	0.993102	0.993102	0.000222908	0.0272967	0.993102	0.993102	1.40736e-14	0.993095	0.993102	0.993092	0.00178934	1.02844e-05	2.35835e-11	0.0435026	0.045471	0.993101	0.993085	0.000119264	0.00177872	0.00177207	0.000121452	0.000229422	1.14869	1.14791	1.14869	
0.993102	0.993097	0.993102	0.00472225	0.000144435	0.993102	0.993102	0.000191952	0.0284137	0.993102	0.993102	1.05307e-14	0.993097	0.993102	0.993091	0.00177402	7.69547e-06	1.77063e-11	0.0465673	0.0484095	0.993101	0.993089	0.00010522	0.00169207	0.00168605	0.00010711	0.00019883	1.15216	1.15142	1.15216	
0.993102	0.993098	0.993102	0.00484284	0.000136255	0.993102	0.993102	0.00016705	0.0296083	0.993102	0.993102	7.87976e-15	0.993098	0.993102	0.993091	0.00175502	5.75824e-06	1.33046e-11	0.0498697	0.0516105	0.993101	0.993093	9.33122e-05	0.00161899	0.00161352	9.49452e-05	0.000174139	1.15508	1.15437	1.15507	
0.993102	0.993098	0.993102	0.00497168	0.000128616	0.993102	0.993102	0.000147037	0.0307734	0.993102	0.993102	5.89614e-15	0.993099	0.993102	0.99309	0.00173281	4.30868e-06	1.00076e-11	0.0532487	0.0549064	0.993101	0.993095	8.32514e-05	0.00155577	0.00155078	8.46657e-05	0.000154243	1.15736	1.15672	1.15736	
0.993102	0.993098	0.993102	0.00510733	0.000121786	0.993102	0.993102	0.000131025	0.0318163	0.993102	0.993102	4.41187e-15	0.9931	0.993102	0.99309	0.00170833	3.22403e-06	7.53817e-12	0.0565492	0.0581225	0.993101	0.993097	7.48286e-05	0.00150035	0.0014958	7.6048e-05	0.00013832	1.16061	1.15997	1.16061	
0.993102	0.993098	0.993102	0.00524602	0.000115139	0.993102	0.993102	0.000117667	0.0329756	0.993102	0.993102	3.30124e-15	0.993101	0.993102	0.993089	0.00168394	2.41242e-06	5.68709e-12	0.0601184	0.0616367	0.993101	0.993098	6.74945e-05	0.00145181	0.00144764	6.85554e-05	0.000124962	1.16	1.15932	1.16	
0.993102	0.993098	0.993102	0.00539147	0.000110533	0.993102	0.993102	0.000107857	0.033541	0.993102	0.993102	2.4702e-15	0.993101	0.993102	0.993089	0.00165917	1.80513e-06	4.30242e-12	0.0626294	0.0641091	0.993101	0.993099	6.18804e-05	0.00140782	0.001404	6.28325e-05	0.000115208	1.16099	1.1603	1.16098	
0.993102	0.993098	0.993102	0.00552576	0.000106687	0.993102	0.993102	0.000100075	0.0340334	0.993102	0.993102	1.84836e-15	0.993101	0.993102	0.993089	0.00163859	1.35071e-06	3.26528e-12	0.0648891	0.0663392	0.993101	0.9931	5.73329e-05	0.00137121	0.00136768	5.81992e-05	0.000107486	1.16038	1.15956	1.16038	
0.993102	0.993098	0.993102	0.00564922	0.000104168	0.993102	0.993102	9.4434e-05	0.0342352	0.993102	0.993102	1.38306e-15	0.993101	0.993102	0.993089	0.00162253	1.01069e-06	2.48965e-12	0.0663877	0.0678494	0.993101	0.9931	5.39542e-05	0.00134062	0.00133736	5.47858e-05	0.00010191	1.16406	1.16337	1.16406	
0.993102	0.993098	0.993102	0.00575534	0.000100615	0.993102	0.993102	8.87805e-05	0.03497	0.993102	0.993102	1.03489e-15	0.993102	0.993102	0.993088	0.00160994	7.56261e-07	1.90587e-12	0.0688607	0.0703065	0.993101	0.993101	5.06003e-05	0.00131643	0.00131337	5.13658e-05	9.62639e-05	1.16638	1.16582	1.16638	
0.993102	0.993098	0.993102	0.00586397	9.69771e-05	0.993102	0.993102	8.36923e-05	0.035783	0.993102	0.993102	7.74373e-16	0.993102	0.993102	0.993088	0.00159542	5.65883e-07	1.46702e-12	0.071643	0.0730367	0.993101	0.993101	4.74848e-05	0.0012937	0.00129082	4.81662e-05	9.11829e-05	1.16803	1.16747	1.16803	
0.993102	0.993098	0.993102	0.00597762	9.36008e-05	0.993102	0.993102	7.92902e-05	0.0365454	0.993102	0.993102	5.79435e-16	0.993102	0.993102	0.993088	0.00158003	4.23429e-07	1.13723e-12	0.0743867	0.0757472	0.993101	0.993101	4.4692e-05	0.00127168	0.00126896	4.53062e-05	8.67597e-05	1.16943	1.16885	1.16943	
0.993102	0.993097	0.993102	0.00609438	9.05424e-05	0.993102	0.993102	7.54996e-05	0.0372371	0.993102	0.993102	4.3357e-16	0.993102	0.993102	0.993087	0.00156454	3.16837e-07	8.89277e-13	0.0770234	0.0783671	0.993101	0.993102	4.22148e-05	0.00125056	0.001248	4.27764e-05	8.2934e-05	1.16906	1.16842	1.16905	
0.993102	0.993097	0.993102	0.00621196	8.84565e-05	0.993102	0.993102	7.27457e-05	0.0375644	0.993102	0.993102	3.24425e-16	0.993102	0.993102	0.993087	0.00154995	2.37078e-07	7.03937e-13	0.0788784	0.0802271	0.993101	0.993102	4.0305e-05	0.00123061	0.00122819	4.0837e-05	8.01843e-05	1.16788	1.16725	1.16788	
0.993102	0.993097	0.993102	0.00631859	8.7439e-05	0.993102	0.993102	7.10323e-05	0.0375316	0.993102	0.993102	2.42755e-16	0.993102	0.993102	0.993087	0.00153833	1.77397e-07	5.66075e-13	0.0798632	0.0812054	0.993101	0.993102	3.9025e-05	0.00121374	0.00121144	3.95362e-05	7.85589e-05	1.17036	1.16985	1.17036	
0.993102	0.993097	0.993102	0.00640443	8.56945e-05	0.993102	0.993102	6.89143e-05	0.0379497	0.993102	0.993102	1.81645e-16	0.993102	0.993102	0.993087	0.00153062	1.32739e-07	4.60937e-13	0.081658	0.0829606	0.993101	0.993102	3.76443e-05	0.00120129	0.00119908	3.81141e-05	7.64879e-05	1.17029	1.16972	1.17028	
0.993102	0.993097	0.993102	0.0064885	8.44545e-05	0.993102	0.993102	6.73254e-05	0.038179	0.993102	0.993102	1.35918e-16	0.993102	0.993102	0.993087	0.0015234	9.93241e-08	3.82254e-13	0.0829876	0.0842791	0.993101	0.993102	3.65531e-05	0.00118952	0.00118739	3.70003e-05	7.49454e-05	1.172	1.17141	1.172	
0.993102	0.993097	0.993102	0.0065649	8.28746e-05	0.993102	0.993102	6.55795e-05	0.038638	0.993102	0.993102	1.01703e-16	0.993102	0.993102	0.993087	0.00151773	7.43206e-08	3.22058e-13	0.0847036	0.0860046	0.993101	0.993102	3.54168e-05	0.00117936	0.00117731	3.58473e-05	7.31855e-05	1.17449	1.17398	1.17449	
0.993102	0.993097	0.993102	0.00664303	8.07671e-05	0.993102	0.993102	6.35135e-05	0.0393643	0.993102	0.993102	7.61004e-17	0.993102	0.993102	0.993087	0.00151062	5.56115e-08	2.75214e-13	0.0870996	0.0883862	0.993101	0.993102	3.41052e-05	0.00116911	0.00116712	3.45057e-05	7.10643e-05	1.17583	1.17539	1.17582	
0.993102	0.993097	0.993102	0.00673217	7.87241e-05	0.993102	0.993102	6.15643e-05	0.0400149	0.993102	0.993102	5.69431e-17	0.993102	0.993102	0.993086	0.00150051	4.16121e-08	2.39205e-13	0.0895436	0.0907906	0.993101	0.993102	3.28163e-05	0.00115729	0.00115536	3.318e-05	6.90704e-05	1.17532	1.17486	1.17532	
0.993102	0.993097	0.993102	0.00682817	7.74147e-05	0.993102	0.993102	6.02229e-05	0.0402752	0.993102	0.993102	4.26085e-17	0.993102	0.993102	0.993086	0.00148969	3.11368e-08	2.12537e-13	0.0911804	0.0924056	0.993101	0.993102	3.18306e-05	0.00114477	0.00114291	3.21707e-05	6.77308e-05	1.17351	1.173	1.17351	
0.993102	0.993096	0.993102	0.00691621	7.71539e-05	0.993102	0.993102	5.97124e-05	0.0400776	0.993102	0.993102	3.18824e-17	0.993102	0.993102	0.993086	0.00148149	2.32986e-08	1.93751e-13	0.0916464	0.0928685	0.993101	0.993102	3.13217e-05	0.00113394	0.00113214	3.16545e-05	6.73015e-05	1.17392	1.1734	1.17392	
0.993102	0.993096	0.993102	0.00698133	7.68357e-05	0.993102	0.993102	5.91853e-05	0.0400471	0.993102	0.993102	2.38564e-17	0.993102	0.993102	0.993086	0.00147815	1.74335e-08	1.79349e-13	0.0922056	0.0934294	0.993101	0.993102	3.09092e-05	0.00112693	0.00112517	3.12369e-05	6.68431e-05	1.17551	1.175	1.17551	
0.993102	0.993096	0.993102	0.00703366	7.6025e-05	0.993102	0.993102	5.83195e-05	0.0403377	0.993102	0.993102	1.78509e-17	0.993102	0.993102	0.993086	0.00147672	1.30449e-08	1.67456e-13	0.0933488	0.094574	0.993101	0.993102	3.03716e-05	0.00112185	0.00112013	3.06905e-05	6.59905e-05	1.17767	1.17726	1.17767	
0.993102	0.993096	0.993102	0.00708711	7.46539e-05	0.993102	0.993102	5.70643e-05	0.0409136	0.993102	0.993102	1.33572e-17	0.993102	0.993102	0.993086	0.00147358	9.76107e-09	1.57117e-13	0.0952382	0.0964316	0.993101	0.993102	2.96229e-05	0.00111643	0.00111473	2.99186e-05	6.4706e-05	1.17833	1.1779	1.17833	
0.993102	0.993096	0.993102	0.00715204	7.34141e-05	0.993102	0.993102	5.59348e-05	0.0413658	0.993102	0.993102	9.99469e-18	0.993102	0.993102	0.993086	0.00146797	7.30389e-09	1.48929e-13	0.0969709	0.0981521	0.993101	0.993102	2.88943e-05	0.0011092	0.00110753	2.91743e-05	6.35371e-05	1.17826	1.17784	1.17826	
0.993102	0.993096	0.993102	0.00722215	7.25336e-05	0.993102	0.993102	5.50905e-05	0.0415953	0.993102	0.993102	7.47866e-18	0.993102	0.993102	0.993086	0.00146138	5.46527e-09	1.42803e-13	0.0982714	0.0994378	0.993101	0.993102	2.82976e-05	0.0011013	0.00109968	2.85643e-05	6.26856e-05	1.17979	1.1794	1.17979	
0.993102	0.993096	0.993102	0.00728843	7.13691e-05	0.993102	0.993102	5.40423e-05	0.042027	0.993102	0.993102	5.59601e-18	0.993102	0.993102	0.993085	0.00145554	4.0895e-09	1.37232e-13	0.10001	0.101154	0.993101	0.993102	2.76205e-05	0.00109415	0.00109255	2.78704e-05	6.16032e-05	1.18112	1.18074	1.18112	
0.993102	0.993096	0.993102	0.00735928	7.00695e-05	0.993102	0.993102	5.29034e-05	0.0425384	0.993102	0.993102	4.18729e-18	0.993102	0.993102	0.993085	0.00144897	3.06006e-09	1.32223e-13	0.101986	0.103116	0.993101	0.993102	2.689e-05	0.00108647	0.0010849	2.71248e-05	6.04076e-05	1.18161	1.18126	1.18161	
0.993102	0.993096	0.993102	0.00743721	6.89592e-05	0.993102	0.993102	5.19128e-05	0.042909	0.993102	0.993102	3.1332e-18	0.993102	0.993102	0.993085	0.0014412	2.28976e-09	1.28146e-13	0.103753	0.104857	0.993101	0.993102	2.62203e-05	0.00107798	0.00107645	2.64392e-05	5.93826e-05	1.18202	1.18167	1.18202	
0.993102	0.993096	0.993102	0.00751583	6.802e-05	0.993102	0.993102	5.10524e-05	0.0431929	0.993102	0.993102	2.34446e-18	0.993102	0.993102	0.993085	0.00143384	1.71338e-09	1.24812e-13	0.105317	0.1064	0.993101	0.993102	2.56249e-05	0.00106967	0.00106817	2.58307e-05	5.85017e-05	1.18372	1.18343	1.18372	
0.993102	0.993095	0.993102	0.00759184	6.67939e-05	0.993102	0.993102	4.99823e-05	0.043696	0.993102	0.993102	1.75427e-18	0.993102	0.993102	0.993085	0.00142703	1.28209e-09	1.21307e-13	0.107406	0.10845	0.993101	0.993102	2.49461e-05	0.00106196	0.00106049	2.51336e-05	5.73883e-05	1.18283	1.1825	1.18283	
0.993102	0.993095	0.993102	0.0076745	6.61876e-05	0.993102	0.993102	4.93753e-05	0.0437805	0.993102	0.993102	1.31266e-18	0.993102	0.993102	0.993085	0.00141972	9.59377e-10	1.19143e-13	0.108541	0.109569	0.993101	0.993102	2.44831e-05	0.00105355	0.00105212	2.46616e-05	5.67902e-05	1.18259	1.18224	1.18259	
0.993102	0.993095	0.993102	0.00774629	6.58374e-05	0.993102	0.993102	4.89577e-05	0.0437819	0.993102	0.993102	9.82217e-19	0.993102	0.993102	0.993085	0.00141502	7.179e-10	1.1761e-13	0.109301	0.110331	0.993101	0.993102	2.41542e-05	0.00104682	0.00104542	2.43293e-05	5.64e-05	1.18319	1.18289	1.18319	
0.993102	0.993095	0.993102	0.0078058	6.54037e-05	0.993102	0.993102	4.84846e-05	0.0438988	0.993102	0.993102	7.34958e-19	0.993102	0.993102	0.993085	0.00141214	5.37211e-10	1.16082e-13	0.110235	0.11124	0.993101	0.993102	2.38382e-05	0.00104178	0.00104039	2.40042e-05	5.59563e-05	1.18306	1.18272	1.18306	
0.993102	0.993095	0.993102	0.00785977	6.51421e-05	0.993102	0.993102	4.81485e-05	0.0439409	0.993102	0.993102	5.49943e-19	0.993102	0.993102	0.993085	0.00141028	4.02009e-10	1.14981e-13	0.110876	0.111883	0.993101	0.993102	2.36039e-05	0.00103739	0.00103603	2.37676e-05	5.56506e-05	1.18298	1.18266	1.18298	
0.993102	0.993095	0.993102	0.00790619	6.49888e-05	0.993102	0.993102	4.79023e-05	0.0439441	0.993102	0.993102	4.11503e-19	0.993102	0.993102	0.993085	0.00140925	3.00842e-10	1.14169e-13	0.111352	0.112352	0.993101	0.993102	2.34324e-05	0.00103389	0.00103255	2.35929e-05	5.54468e-05	1.18289	1.18256	1.18289	
0.993102	0.993095	0.993102	0.00794479	6.49189e-05	0.993102	0.993102	4.77287e-05	0.043928	0.993102	0.993102	3.07914e-19	0.993102	0.993102	0.993085	0.00140917	2.25142e-10	1.13587e-13	0.111683	0.112681	0.993101	0.993102	2.33143e-05	0.00103125	0.00102992	2.34731e-05	5.53177e-05	1.18321	1.18288	1.18321	
0.993102	0.993095	0.993102	0.00797615	6.47758e-05	0.993102	0.993102	4.75142e-05	0.043986	0.993102	0.993102	2.30401e-19	0.993102	0.993102	0.993085	0.00140975	1.68498e-10	1.12951e-13	0.112113	0.113108	0.993101	0.993102	2.31911e-05	0.00102936	0.00102804	2.3348e-05	5.51342e-05	1.18415	1.18383	1.18415	
0.993102	0.993095	0.993102	0.00800449	6.43781e-05	0.993102	0.993102	4.71275e-05	0.0442138	0.993102	0.993102	1.72402e-19	0.993102	0.993102	0.993084	0.0014101	1.26114e-10	1.11939e-13	0.112936	0.113924	0.993101	0.993102	2.29857e-05	0.00102765	0.00102633	2.31386e-05	5.47464e-05	1.18444	1.18414	1.18444	
0.993102	0.993095	0.993102	0.00803723	6.39975e-05	0.993102	0.993102	4.67646e-05	0.044393	0.993102	0.993102	1.29003e-19	0.993102	0.993102	0.993084	0.001409	9.43983e-11	1.11007e-13	0.113728	0.114701	0.993101	0.993102	2.2774e-05	0.00102519	0.00102389	2.29211e-05	5.43838e-05	1.18481	1.18454	1.18481	
0.993102	0.993095	0.993102	0.00807171	6.3605e-05	0.993102	0.993102	4.63998e-05	0.0445652	0.993102	0.993102	9.65289e-20	0.993102	0.993102	0.993084	0.00140725	7.06667e-11	1.10089e-13	0.114541	0.115494	0.993101	0.993102	2.25542e-05	0.00102243	0.00102114	2.26946e-05	5.40173e-05	1.18527	1.18501	1.18527	
0.993102	0.993095	0.993102	0.00810739	6.31793e-05	0.993102	0.993102	4.60152e-05	0.0447514	0.993102	0.993102	7.22298e-20	0.993102	0.993102	0.993084	0.00140507	5.29088e-11	1.09137e-13	0.115417	0.116345	0.993101	0.993102	2.23208e-05	0.00101949	0.0010182	2.24536e-05	5.3627e-05	1.18542	1.18515	1.18542	
0.993102	0.993095	0.993102	0.0081447	6.28233e-05	0.993102	0.993102	4.56842e-05	0.0448886	0.993102	0.993102	5.40477e-20	0.993102	0.993102	0.993084	0.00140279	3.96212e-11	1.08322e-13	0.116163	0.117083	0.993101	0.993102	2.2109e-05	0.00101634	0.00101506	2.22382e-05	5.32882e-05	1.18603	1.18577	1.18603	
0.993102	0.993095	0.993102	0.00818138	6.23817e-05	0.993102	0.993102	4.52931e-05	0.0450894	0.993102	0.993102	4.04427e-20	0.993102	0.993102	0.993084	0.00140052	2.96782e-11	1.07372e-13	0.117069	0.117976	0.993101	0.993102	2.18709e-05	0.00101328	0.00101202	2.19952e-05	5.28812e-05	1.18587	1.1856	1.18587	
0.993102	0.993094	0.993102	0.00822022	6.21119e-05	0.993102	0.993102	4.50277e-05	0.045164	0.993102	0.993102	3.02625e-20	0.993102	0.993102	0.993084	0.00139804	2.22383e-11	1.06726e-13	0.117674	0.118579	0.993101	0.993102	2.16884e-05	0.00100998	0.00100873	2.18106e-05	5.26141e-05	1.18665	1.18641	1.18665	
0.993102	0.993094	0.993102	0.00825563	6.16836e-05	0.993102	0.993102	4.46488e-05	0.045366	0.993102	0.993102	2.26451e-20	0.993102	0.993102	0.993084	0.00139596	1.66708e-11	1.05815e-13	0.118582	0.119468	0.993101	0.993102	2.14618e-05	0.00100713	0.00100589	2.15781e-05	5.22223e-05	1.1867	1.18646	1.18669	
0.993102	0.993094	0.993102	0.00829357	6.13591e-05	0.993102	0.993102	4.43467e-05	0.0454836	0.993102	0.993102	1.69452e-20	0.993102	0.993102	0.993084	0.00139349	1.25048e-11	1.0509e-13	0.119306	0.120178	0.993101	0.993102	2.12661e-05	0.00100399	0.00100275	2.1378e-05	5.19162e-05	1.18724	1.18702	1.18724	
0.993102	0.993094	0.993102	0.0083301	6.09636e-05	0.993102	0.993102	4.39943e-05	0.045662	0.993102	0.993102	1.26802e-20	0.993102	0.993102	0.993084	0.00139125	9.38723e-12	1.04247e-13	0.12017	0.121025	0.993101	0.993102	2.10513e-05	0.00100104	0.000999816	2.11579e-05	5.15523e-05	1.18757	1.18735	1.18757	
0.993102	0.993094	0.993102	0.00836807	6.05797e-05	0.993102	0.993102	4.36517e-05	0.045827	0.993102	0.993102	9.48881e-21	0.993102	0.993102	0.993084	0.00138879	7.05424e-12	1.03429e-13	0.121021	0.121859	0.993101	0.993102	2.08386e-05	0.000997944	0.00099673	2.09402e-05	5.11987e-05	1.18707	1.18682	1.18707	
0.993102	0.993094	0.993102	0.00840672	6.0453e-05	0.993102	0.993102	4.3494e-05	0.0458128	0.993102	0.993102	7.10083e-21	0.993102	0.993102	0.993084	0.00138659	5.30887e-12	1.03051e-13	0.12139	0.122233	0.993101	0.993102	2.07132e-05	0.000994804	0.000993601	2.08151e-05	5.105e-05	1.18699	1.18672	1.18699	
0.993102	0.993094	0.993102	0.00843834	6.03956e-05	0.993102	0.993102	4.33859e-05	0.0457899	0.993102	0.993102	5.314e-21	0.993102	0.993102	0.993084	0.00138569	4.00293e-12	1.02791e-13	0.121632	0.122488	0.993101	0.993102	2.06295e-05	0.000992523	0.000991329	2.07332e-05	5.09565e-05	1.18714	1.18687	1.18714	
0.993102	0.993094	0.993102	0.00846372	6.0315e-05	0.993102	0.993102	4.32645e-05	0.0458141	0.993102	0.993102	3.97698e-21	0.993102	0.993102	0.993084	0.00138567	3.02566e-12	1.02501e-13	0.121911	0.122781	0.993101	0.993102	2.05532e-05	0.000990929	0.000989742	2.06592e-05	5.08446e-05	1.18733	1.18707	1.18733	
0.993102	0.993094	0.993102	0.00848591	6.02075e-05	0.993102	0.993102	4.31289e-05	0.0458628	0.993102	0.993102	2.97653e-21	0.993102	0.993102	0.993084	0.00138572	2.29428e-12	1.02178e-13	0.122242	0.123113	0.993101	0.993102	2.04751e-05	0.000989616	0.000988434	2.05807e-05	5.07194e-05	1.18732	1.18706	1.18732	
0.993102	0.993094	0.993102	0.0085065	6.01351e-05	0.993102	0.993102	4.30237e-05	0.0458892	0.993102	0.993102	2.22792e-21	0.993102	0.993102	0.993084	0.00138578	1.74702e-12	1.01927e-13	0.122495	0.123371	0.993101	0.993102	2.04121e-05	0.000988391	0.000987214	2.05182e-05	5.06248e-05	1.18803	1.18781	1.18803	
0.993102	0.993094	0.993102	0.0085248	5.98739e-05	0.993102	0.993102	4.27886e-05	0.0460516	0.993102	0.993102	1.66775e-21	0.993102	0.993102	0.993084	0.00138563	1.33707e-12	1.01369e-13	0.123109	0.123967	0.993101	0.993102	2.02904e-05	0.000987343	0.000986169	2.03922e-05	5.03856e-05	1.18846	1.18826	1.18846	
0.993102	0.993094	0.993102	0.00854704	5.95576e-05	0.993102	0.993102	4.25189e-05	0.0462274	0.993102	0.993102	1.24858e-21	0.993102	0.993102	0.993084	0.0013845	1.03006e-12	1.00729e-13	0.123825	0.12466	0.993101	0.993102	2.01406e-05	0.000985755	0.000984585	2.02368e-05	5.01055e-05	1.18856	1.18835	1.18856	
0.993102	0.993094	0.993102	0.00857318	5.92992e-05	0.993102	0.993102	4.22922e-05	0.046341	0.993102	0.993102	9.34928e-22	0.993102	0.993102	0.993084	0.00138275	8.00277e-13	1.00191e-13	0.124427	0.125244	0.993101	0.993102	2.00016e-05	0.000983698	0.000982533	2.00936e-05	4.98721e-05	1.18907	1.1889	1.18907	
0.993102	0.993094	0.993102	0.00859993	5.89636e-05	0.993102	0.993102	4.20106e-05	0.0465081	0.993102	0.993102	7.00218e-22	0.993102	0.993102	0.993083	0.0013808	6.28019e-13	9.95231e-14	0.125195	0.125982	0.993101	0.993102	1.98364e-05	0.000981599	0.00098044	1.99218e-05	4.95792e-05	1.18898	1.1888	1.18898	
0.993102	0.993094	0.993102	0.00862954	5.87461e-05	0.993102	0.993102	4.18126e-05	0.0465767	0.993102	0.993102	5.24593e-22	0.993102	0.993102	0.993083	0.00137859	4.99179e-13	9.90532e-14	0.125733	0.1265	0.993101	0.993102	1.97051e-05	0.000979206	0.000978054	1.9786e-05	4.93806e-05	1.18897	1.1888	1.18897	
0.993102	0.993094	0.993102	0.00865726	5.85946e-05	0.993102	0.993102	4.166e-05	0.0466102	0.993102	0.993102	3.93179e-22	0.993102	0.993102	0.993083	0.00137685	4.02777e-13	9.86911e-14	0.126149	0.126899	0.993101	0.993102	1.9601e-05	0.000977079	0.000975934	1.96783e-05	4.92344e-05	1.18933	1.18918	1.18933	
0.993102	0.993094	0.993102	0.0086819	5.83848e-05	0.993102	0.993102	4.14661e-05	0.0467029	0.993102	0.993102	2.94837e-22	0.993102	0.993102	0.993083	0.00137555	3.3042e-13	9.82311e-14	0.12669	0.127415	0.993101	0.993102	1.94851e-05	0.000975323	0.000974182	1.95575e-05	4.90431e-05	1.1894	1.18925	1.1894	
0.993102	0.993094	0.993102	0.00870655	5.82147e-05	0.993102	0.993102	4.13015e-05	0.0467661	0.993102	0.993102	2.21248e-22	0.993102	0.993102	0.993083	0.00137424	2.76235e-13	9.78407e-14	0.127151	0.127855	0.993101	0.993102	1.93828e-05	0.000973555	0.00097242	1.94509e-05	4.8884e-05	1.18924	1.18908	1.18924	
