0.25	0.25	0.25	0.000618156	1.27727e-12	0.748264	0.998264	0.748882	0.748264	0.25	0.25	1.27727e-12	0.000618156	0.25	0.25	5.42631e-30	0.000618156	0.000618156	5.42631e-30	1.27727e-12	0.25	0.000618156	0.25	0.25	0.000618156	0.000618156	1.27727e-12	0	0	0	
0.25	0.25	0.25	0.000618156	1.27727e-12	0.748264	0.998264	0.748882	0.748264	0.25	0.25	1.27727e-12	0.000618156	0.25	0.25	5.42631e-30	0.000618156	0.000618156	5.42631e-30	1.27727e-12	0.25	0.000618156	0.25	0.25	0.000618156	0.000618156	1.27727e-12	0	0	0	
0.437034	0.187066	0.437066	0.00108837	0.0672354	0.560509	0.996964	0.810361	0.559898	0.437066	0.437066	1.9966e-10	0.000462573	0.437066	0.437066	1.96865e-23	0.250431	0.00107312	1.94446e-23	9.64757e-13	0.437034	0.245799	0.254301	0.187692	0.00108837	0.0010807	0.249968	0.00472961	0.00456233	0.00472961	
0.577011	0.139974	0.57704	0.000818708	0.0722607	0.632282	0.995992	0.856363	0.418957	0.57704	0.57704	7.35553e-09	0.0013744	0.57704	0.57704	3.0043e-22	0.43735	0.0029018	3.50297e-23	7.2214e-13	0.558413	0.386128	0.423736	0.287337	0.0685052	0.00137994	0.435545	0.0127857	0.00799344	0.0127862	
0.681754	0.10475	0.681778	0.000612711	0.0617863	0.722333	0.995265	0.890785	0.313566	0.681778	0.681778	1.00956e-07	0.00113149	0.681778	0.681778	1.13703e-21	0.577234	0.00415828	2.69572e-23	5.4161e-13	0.662125	0.387385	0.565806	0.461286	0.286212	0.0337479	0.575442	0.0233473	0.010531	0.0233484	
0.760131	0.0849794	0.76015	0.000458476	0.0493708	0.790427	0.99472	0.916542	0.234871	0.76015	0.76015	6.77591e-07	0.000849565	0.76015	0.76015	2.64011e-21	0.681916	0.00442502	2.02112e-23	4.14925e-13	0.74481	0.324334	0.673179	0.59488	0.463188	0.244513	0.680472	0.0354857	0.0122227	0.0354873	
0.818779	0.261129	0.818792	0.000343061	0.0384026	0.841434	0.994313	0.935814	0.176356	0.818792	0.818792	2.70335e-06	0.000635891	0.818792	0.818792	4.91995e-21	0.760249	0.00411904	1.51282e-23	3.59437e-13	0.807215	0.25595	0.753664	0.695082	0.596466	0.43105	0.759128	0.0503516	0.0140404	0.0503535	
0.862662	0.44404	0.862673	0.000256701	0.0294675	0.87961	0.994008	0.950235	0.133419	0.862673	0.862673	7.08148e-06	0.000475844	0.862673	0.862673	8.23679e-21	0.818864	0.00356582	1.13209e-23	4.54359e-13	0.853987	0.197747	0.813918	0.770093	0.696288	0.572316	0.817999	0.0651624	0.0187975	0.0651646	
0.895499	0.582183	0.895506	0.00019208	0.0224549	0.908179	0.99378	0.961025	0.102759	0.895506	0.895506	1.33574e-05	0.000356066	0.895506	0.895506	1.23174e-20	0.862725	0.00296973	8.47138e-24	8.80616e-13	0.889	0.151468	0.859013	0.826228	0.770999	0.678195	0.862058	0.0805746	0.0269677	0.0805769	
0.920069	0.685617	0.920075	0.000143726	0.017041	0.929556	0.993609	0.969099	0.0820212	0.920075	0.920075	1.92668e-05	0.000266436	0.920075	0.920075	1.6611e-20	0.895544	0.00241505	6.339e-24	1.97209e-12	0.915203	0.115606	0.892759	0.868234	0.826907	0.757451	0.895027	0.0963677	0.0376414	0.0963702	
0.938454	0.76302	0.938458	0.000107545	0.0128987	0.945553	0.993482	0.97514	0.0693939	0.938459	0.938459	2.26769e-05	0.000199368	0.938459	0.938459	2.04716e-20	0.920102	0.00193347	4.74336e-24	4.25356e-12	0.934811	0.0881399	0.91801	0.899666	0.868742	0.816764	0.919697	0.112378	0.0501193	0.11238	
0.952211	0.820939	0.952214	8.04721e-05	0.00974628	0.957522	0.993386	0.979659	0.0632788	0.952214	0.952214	2.29789e-05	0.000149184	0.952214	0.952214	2.33384e-20	0.938478	0.00153128	3.54937e-24	8.4749e-12	0.949484	0.0672332	0.936905	0.923186	0.900047	0.861148	0.938156	0.128483	0.0638731	0.128486	
0.962505	0.864278	0.962507	6.02144e-05	0.0073553	0.966479	0.993315	0.98304	0.0621461	0.962507	0.962507	2.09306e-05	0.000111634	0.962507	0.962507	2.48997e-20	0.952227	0.00120335	2.65595e-24	1.56506e-11	0.960464	0.0513749	0.951041	0.940786	0.923471	0.894359	0.951965	0.144587	0.078506	0.14459	
0.970207	0.896708	0.970209	4.50562e-05	0.00554597	0.973181	0.993261	0.985569	0.0645877	0.970209	0.970209	1.77276e-05	8.3541e-05	0.970209	0.970209	2.51497e-20	0.962515	0.000940198	1.98744e-24	2.71153e-11	0.968679	0.039372	0.961614	0.953955	0.940999	0.91921	0.962293	0.160638	0.093737	0.16064	
0.975971	0.920973	0.975972	3.37139e-05	0.00417895	0.978196	0.993221	0.987459	0.0694618	0.975972	0.975972	1.43171e-05	6.25271e-05	0.975972	0.975972	2.43157e-20	0.970213	0.000731353	1.48722e-24	4.46155e-11	0.974827	0.0303	0.969519	0.963809	0.954114	0.937803	0.970015	0.176573	0.109342	0.176575	
0.980283	0.93913	0.980284	2.52269e-05	0.00314732	0.981948	0.993191	0.988872	0.075936	0.980284	0.980284	1.12208e-05	4.68195e-05	0.980284	0.980284	2.27209e-20	0.975973	0.000566944	1.11295e-24	7.04213e-11	0.979427	0.0234498	0.975423	0.971182	0.963928	0.951712	0.975785	0.192335	0.125147	0.192337	
0.98351	0.952717	0.983511	1.88764e-05	0.00236945	0.984756	0.993169	0.989926	0.0834486	0.983511	0.983511	8.63335e-06	3.51032e-05	0.983511	0.983511	2.06782e-20	0.980281	0.000438306	8.32919e-25	1.07469e-10	0.982869	0.0182806	0.979823	0.976699	0.971271	0.962115	0.980091	0.207968	0.141066	0.207971	
0.985925	0.962883	0.985926	1.41245e-05	0.0017833	0.986857	0.993152	0.99071	0.0917015	0.985926	0.985926	6.56862e-06	2.64217e-05	0.985926	0.985926	1.84417e-20	0.983504	0.000338112	6.2342e-25	1.59683e-10	0.985445	0.014382	0.983085	0.980827	0.976765	0.96989	0.983297	0.223383	0.156974	0.223385	
0.987732	0.970489	0.987732	1.05689e-05	0.00134185	0.988429	0.993139	0.991291	0.10043	0.987732	0.987732	4.96427e-06	2.01254e-05	0.987732	0.987732	1.61861e-20	0.985914	0.000260363	4.6671e-25	2.32071e-10	0.987372	0.0114428	0.985477	0.983916	0.980876	0.975695	0.985677	0.238578	0.172812	0.238581	
0.989084	0.976181	0.989084	7.90832e-06	0.0010095	0.989605	0.99313	0.991719	0.109481	0.989084	0.989084	3.7368e-06	1.58846e-05	0.989084	0.989084	1.40276e-20	0.987716	0.000200208	3.49521e-25	3.31163e-10	0.988814	0.00922751	0.987187	0.986226	0.983952	0.980015	0.987431	0.253609	0.188563	0.253611	
0.990095	0.980439	0.990096	5.91752e-06	0.00075937	0.990486	0.993123	0.992029	0.118804	0.990096	0.990096	2.80613e-06	1.3828e-05	0.990096	0.990096	1.20352e-20	0.989061	0.000153772	2.6193e-25	4.65681e-10	0.989894	0.00755846	0.988336	0.987955	0.986253	0.98321	0.988709	0.268351	0.204131	0.268353	
0.990852	0.983625	0.990852	4.42788e-06	0.000571166	0.991144	0.993118	0.992248	0.128216	0.990852	0.990852	2.10425e-06	1.49166e-05	0.990852	0.990852	1.02398e-20	0.990064	0.000117999	1.9652e-25	6.46318e-10	0.990701	0.00630138	0.988987	0.989248	0.987975	0.98554	0.98962	0.282834	0.219506	0.282837	
0.991419	0.986007	0.991419	3.31324e-06	0.000429586	0.991637	0.993114	0.992395	0.137671	0.991419	0.991419	1.5766e-06	2.18829e-05	0.991419	0.991419	8.65403e-21	0.990809	9.04839e-05	1.47753e-25	8.86914e-10	0.991305	0.00535501	0.989139	0.990215	0.989262	0.987184	0.990245	0.297197	0.23475	0.297199	
0.991842	0.987788	0.991843	2.4792e-06	0.000323092	0.992006	0.993111	0.992482	0.147265	0.991843	0.991843	1.18066e-06	4.15552e-05	0.991843	0.991843	7.27515e-21	0.991359	6.93443e-05	1.11502e-25	1.20654e-09	0.991757	0.00464306	0.988717	0.990938	0.990225	0.988252	0.990638	0.311265	0.249753	0.311267	
0.99216	0.989118	0.99216	1.85512e-06	0.000243	0.992282	0.993109	0.992518	0.156784	0.99216	0.99216	8.83882e-07	8.96296e-05	0.99216	0.99216	6.0879e-21	0.991762	5.31219e-05	8.46946e-26	1.6275e-09	0.992096	0.00410807	0.987549	0.991478	0.990945	0.98879	0.990837	0.325038	0.264491	0.325039	
0.992397	0.99011	0.992397	1.38816e-06	0.00018277	0.992488	0.993107	0.992506	0.1662	0.992397	0.992397	6.61581e-07	0.000201451	0.992397	0.992397	5.07608e-21	0.992051	4.06847e-05	6.50596e-26	2.17768e-09	0.992349	0.0037068	0.985346	0.991882	0.991482	0.988774	0.990866	0.338625	0.279042	0.338627	
0.992574	0.990846	0.992574	1.03875e-06	0.000137478	0.992643	0.993106	0.992448	0.175591	0.992574	0.992574	4.95133e-07	0.00045681	0.992574	0.992574	4.22103e-21	0.992252	3.11549e-05	5.09312e-26	2.89436e-09	0.992538	0.00340681	0.981641	0.992182	0.991883	0.988096	0.990736	0.351987	0.293366	0.351989	
0.992707	0.991388	0.992707	7.77307e-07	0.00010342	0.992758	0.993105	0.992341	0.184896	0.992707	0.992707	3.70536e-07	0.00103079	0.992707	0.992707	3.50265e-21	0.99238	2.38566e-05	4.11061e-26	3.82333e-09	0.99268	0.00318378	0.975724	0.992406	0.992182	0.986537	0.990447	0.365131	0.307464	0.365132	
0.992807	0.991781	0.992807	5.8169e-07	7.78094e-05	0.992845	0.993104	0.992179	0.194102	0.992807	0.992807	2.77281e-07	0.00230207	0.992807	0.992807	2.90227e-21	0.992448	1.82694e-05	3.47408e-26	5.02187e-09	0.992786	0.00301959	0.966577	0.992571	0.992404	0.983728	0.989991	0.378119	0.321365	0.37812	
0.992881	0.992055	0.992881	4.3533e-07	5.85499e-05	0.99291	0.993104	0.991953	0.20327	0.992881	0.992881	2.0749e-07	0.00508078	0.992881	0.992881	2.40285e-21	0.992462	1.39928e-05	3.12821e-26	6.5646e-09	0.992865	0.00290086	0.952796	0.992693	0.992568	0.979091	0.989346	0.390763	0.334979	0.390763	
0.992937	0.992231	0.992937	3.25829e-07	4.40667e-05	0.992958	0.993103	0.991652	0.212111	0.992937	0.992937	1.55262e-07	0.0109759	0.992937	0.992937	1.98836e-21	0.992425	1.07207e-05	3.04051e-26	8.53138e-09	0.992925	0.00281781	0.93265	0.992782	0.992688	0.971771	0.988493	0.403412	0.348512	0.403412	
0.992978	0.992322	0.992978	2.43911e-07	3.31734e-05	0.992994	0.993103	0.991258	0.221094	0.992978	0.992978	1.1618e-07	0.023266	0.992978	0.992978	1.64641e-21	0.992334	8.21624e-06	3.20288e-26	1.10495e-08	0.992969	0.00276346	0.904154	0.992845	0.992775	0.960593	0.987384	0.416104	0.362006	0.416104	
0.99301	0.992328	0.99301	1.82636e-07	2.49787e-05	0.993021	0.993103	0.990744	0.230152	0.99301	0.99301	8.69344e-08	0.04795	0.99301	0.99301	1.3644e-21	0.992182	6.29865e-06	3.63049e-26	1.42864e-08	0.993002	0.00273317	0.864954	0.992889	0.992837	0.943792	0.985954	0.428256	0.375035	0.428255	
0.993033	0.99224	0.993033	1.36814e-07	1.88145e-05	0.993042	0.993103	0.990092	0.238543	0.993033	0.993033	6.50505e-08	0.0925615	0.993033	0.993033	1.13175e-21	0.991962	4.83125e-06	4.35037e-26	1.83685e-08	0.993027	0.00272428	0.813919	0.992918	0.992879	0.919403	0.984171	0.439952	0.387688	0.43995	
0.99305	0.992046	0.99305	1.02556e-07	1.41775e-05	0.993057	0.993103	0.989278	0.246462	0.99305	0.99305	4.86752e-08	0.163232	0.99305	0.99305	9.41179e-22	0.99166	3.70858e-06	5.4145e-26	2.34505e-08	0.993046	0.00273551	0.752153	0.992935	0.992905	0.885923	0.981995	0.451791	0.400355	0.451788	
0.993063	0.99173	0.993063	7.69581e-08	1.06882e-05	0.993068	0.993102	0.988253	0.254645	0.993063	0.993063	3.64221e-08	0.260775	0.993063	0.993063	7.86059e-22	0.991252	2.8488e-06	6.92477e-26	2.98501e-08	0.99306	0.00276691	0.681373	0.992941	0.992919	0.841909	0.979303	0.463139	0.41259	0.463135	
0.993073	0.991239	0.993073	5.7848e-08	8.06237e-06	0.993077	0.993102	0.986984	0.262023	0.993073	0.993073	2.72534e-08	0.373737	0.993073	0.993073	6.59267e-22	0.990713	2.19047e-06	9.00453e-26	3.77766e-08	0.99307	0.00282047	0.604602	0.992939	0.992922	0.786561	0.976048	0.474688	0.424905	0.474683	
0.99308	0.990552	0.99308	4.35983e-08	6.08554e-06	0.993083	0.993102	0.985396	0.269733	0.99308	0.99308	2.03928e-08	0.488519	0.99308	0.99308	5.5685e-22	0.989998	1.68573e-06	1.18824e-25	4.77232e-08	0.993078	0.00289947	0.526097	0.992929	0.992917	0.721231	0.972049	0.485641	0.436715	0.485635	
0.993086	0.989569	0.993086	3.29998e-08	4.59733e-06	0.993088	0.993102	0.983453	0.276326	0.993086	0.993086	1.52592e-08	0.592735	0.993086	0.993086	4.73718e-22	0.989062	1.29887e-06	1.58333e-25	5.99341e-08	0.993084	0.00301015	0.449526	0.992911	0.992902	0.648063	0.967277	0.496742	0.448543	0.496735	
0.99309	0.988285	0.99309	2.51393e-08	3.47644e-06	0.993092	0.993102	0.981054	0.28319	0.99309	0.99309	1.14179e-08	0.681427	0.99309	0.99309	4.07725e-22	0.987822	1.00193e-06	2.13522e-25	7.50963e-08	0.993088	0.00316065	0.378378	0.992887	0.99288	0.571481	0.961499	0.507359	0.459955	0.50735	
0.993093	0.986554	0.993093	1.93486e-08	2.6322e-06	0.993094	0.993102	0.978143	0.288915	0.993093	0.993093	8.54363e-09	0.753441	0.993093	0.993093	3.55383e-22	0.986185	7.73989e-07	2.91212e-25	9.36002e-08	0.993092	0.0033644	0.314288	0.992853	0.992848	0.494801	0.95467	0.559246	0.515125	0.559225	
0.993095	0.984002	0.993095	1.51171e-08	1.98119e-06	0.993096	0.993102	0.965831	0.340563	0.993095	0.993095	6.39289e-09	0.813497	0.993095	0.993095	3.13111e-22	0.97869	5.87751e-07	6.63032e-25	1.7564e-07	0.993094	0.00363971	0.245931	0.992812	0.992808	0.394758	0.928742	0.605936	0.564866	0.605897	
0.993097	0.953214	0.993097	1.36086e-08	1.48829e-06	0.993098	0.993102	0.935498	0.354176	0.993097	0.993097	4.78356e-09	0.858694	0.993097	0.993097	2.6015e-22	0.95304	4.43174e-07	2.4658e-24	4.00108e-07	0.993096	0.00455465	0.185584	0.992511	0.992509	0.29891	0.873876	0.648942	0.61045	0.648882	
0.993098	0.906806	0.993098	1.57147e-08	1.11816e-06	0.993099	0.993102	0.876933	0.360179	0.993098	0.993098	3.57937e-09	0.892529	0.993098	0.993098	2.576e-22	0.868865	3.33042e-07	1.83364e-23	9.34415e-07	0.993097	0.00946439	0.139371	0.991761	0.991761	0.224754	0.786111	0.687715	0.649112	0.687619	
0.993099	0.861054	0.993099	3.18823e-08	8.43422e-07	0.9931	0.993102	0.788023	0.336719	0.993099	0.993099	2.67831e-09	0.917847	0.993099	0.993099	7.75035e-22	0.697961	2.49862e-07	3.85646e-22	2.07826e-06	0.993098	0.0584181	0.104493	0.988853	0.988866	0.168623	0.673372	0.718775	0.676947	0.718604	
0.9931	0.866022	0.9931	9.8363e-08	6.52568e-07	0.9931	0.993102	0.683445	0.293124	0.9931	0.9931	2.00408e-09	0.936791	0.9931	0.9931	3.53674e-20	0.527864	1.87316e-07	2.30254e-20	4.12175e-06	0.993099	0.268845	0.0783655	0.978282	0.978367	0.126584	0.555604	0.74433	0.697164	0.744187	
0.993101	0.893595	0.993101	3.25884e-07	5.92498e-07	0.993101	0.993102	0.577571	0.243701	0.993101	0.993101	1.49958e-09	0.950967	0.993101	0.993101	6.09601e-18	0.395453	1.40374e-07	2.25103e-18	7.36316e-06	0.9931	0.450747	0.0588923	0.946572	0.946809	0.0953722	0.446546	0.776661	0.723392	0.776483	
0.993101	0.918157	0.993101	1.02408e-06	8.97276e-07	0.993101	0.993102	0.471861	0.199864	0.993101	0.993101	1.12208e-09	0.961574	0.993101	0.993101	1.2771e-15	0.295936	1.05148e-07	2.62343e-16	1.36784e-05	0.9931	0.587271	0.0444244	0.873678	0.874251	0.0724017	0.349448	0.813057	0.753312	0.812716	
0.993101	0.936958	0.993101	3.45565e-06	2.49304e-06	0.993101	0.993102	0.374017	0.161797	0.993101	0.993101	8.39613e-10	0.969511	0.993101	0.993101	2.3978e-13	0.221441	7.87323e-08	3.27297e-14	2.71506e-05	0.9931	0.689434	0.0336546	0.743839	0.745054	0.0555451	0.268257	0.839779	0.777553	0.8394	
0.993102	0.951078	0.993102	1.14757e-05	9.42621e-06	0.993101	0.993102	0.292584	0.127863	0.993102	0.993102	6.28252e-10	0.975449	0.993102	0.993102	2.7098e-11	0.165696	5.8944e-08	2.67065e-12	4.91823e-05	0.993101	0.765878	0.0257006	0.592951	0.594332	0.043365	0.204558	0.863013	0.799878	0.862592	
0.993102	0.961654	0.993102	3.15794e-05	3.12904e-05	0.993101	0.993102	0.227082	0.0999798	0.993102	0.993102	4.70098e-10	0.979893	0.993102	0.993102	1.42482e-09	0.123984	4.41254e-08	1.09441e-10	8.27474e-05	0.993101	0.823079	0.0198716	0.459101	0.460378	0.0347179	0.155445	0.88786	0.822615	0.886991	
0.993102	0.96957	0.993102	7.24546e-05	7.85716e-05	0.993101	0.993102	0.174983	0.0783021	0.993102	0.993102	3.51757e-10	0.983218	0.993102	0.993102	3.62606e-08	0.0927731	3.30295e-08	2.4075e-09	0.000137459	0.993101	0.86588	0.015544	0.350913	0.352117	0.0284912	0.117733	0.904367	0.840951	0.903528	
0.993102	0.975493	0.993102	0.000144064	0.000171189	0.9931	0.993102	0.134591	0.0611507	0.993102	0.993102	2.63207e-10	0.985707	0.993102	0.993102	4.48874e-07	0.0694187	2.47234e-08	2.87658e-08	0.000208018	0.993101	0.897906	0.0123795	0.266658	0.267689	0.0240037	0.0891544	0.92192	0.860292	0.921128	
0.993102	0.979926	0.993102	0.000251192	0.000305608	0.9931	0.993102	0.103289	0.0479685	0.993102	0.993102	1.96948e-10	0.987568	0.993102	0.993102	3.23466e-06	0.0519435	1.85057e-08	2.21186e-07	0.000305231	0.993101	0.921871	0.0100064	0.20212	0.202965	0.0205321	0.0674829	0.929909	0.870003	0.929034	
0.993102	0.983243	0.993102	0.000394813	0.00051259	0.9931	0.993102	0.0794887	0.0376459	0.993102	0.993102	1.47369e-10	0.988961	0.993102	0.993102	1.52595e-05	0.0388674	1.38523e-08	1.01308e-06	0.000404244	0.993101	0.939802	0.00831037	0.153046	0.153731	0.0181171	0.0511784	0.951932	0.893718	0.950847	
0.993102	0.985724	0.993102	0.000567768	0.000679819	0.9931	0.993102	0.0609018	0.0301857	0.993102	0.993102	1.10271e-10	0.990004	0.993102	0.993102	5.13403e-05	0.0290831	1.03686e-08	4.28226e-06	0.000576329	0.993101	0.95322	0.00686731	0.115896	0.116454	0.0156685	0.0387543	0.970867	0.914722	0.969584	
0.993102	0.987582	0.993102	0.000767327	0.000805086	0.9931	0.993102	0.0465474	0.024854	0.993102	0.993102	8.25118e-11	0.990784	0.993102	0.993102	0.000132884	0.0217618	7.7607e-09	1.44874e-05	0.000832345	0.993101	0.96326	0.0056527	0.0878186	0.0882787	0.0133383	0.0293291	0.985387	0.931161	0.983896	
0.993102	0.988971	0.993102	0.000987551	0.000900251	0.9931	0.993102	0.0355612	0.0210371	0.993102	0.993102	6.17406e-11	0.991367	0.993102	0.993102	0.000280855	0.0162836	5.80876e-09	3.87139e-05	0.00116092	0.993101	0.970772	0.00465591	0.0666237	0.0670084	0.0112749	0.0222051	0.994262	0.943102	0.992792	
0.993102	0.990011	0.993102	0.00122016	0.000985527	0.9931	0.993102	0.027219	0.0181206	0.993102	0.993102	4.61982e-11	0.991804	0.993102	0.993102	0.000498908	0.0121844	4.34792e-09	8.40233e-05	0.00151385	0.993101	0.976393	0.00386928	0.0506451	0.0509658	0.00953764	0.0168458	1.00725	0.958921	1.00568	
0.993102	0.990789	0.993102	0.00145426	0.00102357	0.9931	0.993102	0.0208363	0.016176	0.993102	0.993102	3.45684e-11	0.992131	0.993102	0.993102	0.000781375	0.00911714	3.25449e-09	0.00016863	0.00197249	0.993101	0.9806	0.00320988	0.0386061	0.038877	0.00798814	0.0127941	1.01628	0.972622	1.01505	
0.993102	0.991371	0.993102	0.00168509	0.00103672	0.9931	0.993102	0.0159785	0.0147191	0.993102	0.993102	2.58663e-11	0.992375	0.993102	0.993102	0.00108839	0.00682203	2.43613e-09	0.000306385	0.00248599	0.993101	0.983747	0.00267677	0.0295468	0.0297686	0.00665078	0.0097442	1.03123	0.989087	1.02973	
0.993102	0.991807	0.993102	0.00190563	0.000999341	0.993101	0.993102	0.0122438	0.0142031	0.993102	0.993102	1.93548e-11	0.992558	0.993102	0.993101	0.00143095	0.00510467	1.82354e-09	0.000534636	0.00322648	0.993101	0.986102	0.00221179	0.0227185	0.0229087	0.00547578	0.00742328	1.03337	0.994166	1.03191	
0.993102	0.992133	0.993102	0.00211948	0.000979459	0.993101	0.993102	0.00943578	0.0135718	0.993102	0.993102	1.44825e-11	0.992695	0.993102	0.993101	0.00175812	0.00381964	1.36513e-09	0.00079443	0.00384632	0.993101	0.987864	0.00185732	0.0175716	0.0177362	0.00455311	0.00568854	1.04057	1.00407	1.03914	
0.993102	0.992377	0.993102	0.00231648	0.000945912	0.993101	0.993102	0.00729678	0.0132359	0.993102	0.993102	1.08367e-11	0.992798	0.993102	0.993101	0.00205922	0.0028581	1.02203e-09	0.00113461	0.00453747	0.993101	0.989183	0.00156729	0.0136963	0.0138405	0.00378565	0.00437887	1.04353	1.00953	1.04214	
0.993102	0.992559	0.993102	0.0024966	0.000917979	0.993101	0.993102	0.00568159	0.0129027	0.993102	0.993102	8.10873e-12	0.992874	0.993102	0.993101	0.00232223	0.00213861	7.65271e-10	0.00150803	0.00516228	0.993101	0.990169	0.00134131	0.0107777	0.0109054	0.00317455	0.00339755	1.04131	1.01086	1.04013	
0.993102	0.992696	0.993102	0.00265678	0.000913669	0.993101	0.993102	0.00448125	0.0122616	0.993102	0.993102	6.06747e-12	0.992932	0.993102	0.993101	0.00252449	0.00160024	5.73166e-10	0.00185308	0.00555949	0.993101	0.990908	0.00118183	0.00858469	0.00869535	0.00271059	0.00267689	1.02695	1.00044	1.02609	
0.993102	0.992798	0.993102	0.00279059	0.000992167	0.993101	0.993102	0.00365657	0.0109682	0.993102	0.993102	4.54006e-12	0.992975	0.993102	0.993101	0.00266668	0.0011974	4.29599e-10	0.00200624	0.00543939	0.993101	0.99146	0.0011263	0.00694443	0.00703568	0.00244625	0.00219467	1.01306	0.989158	1.01224	
0.993102	0.992874	0.993102	0.0028875	0.0011571	0.993101	0.993102	0.00313515	0.00951321	0.993102	0.993102	3.39716e-12	0.993007	0.993102	0.993101	0.00278372	0.000895974	3.22402e-10	0.00201304	0.00504297	0.993101	0.991874	0.00117074	0.00572357	0.00579878	0.00236774	0.00190829	1.03481	1.01104	1.03366	
0.993102	0.992932	0.993102	0.00294832	0.00113953	0.993101	0.993102	0.00260556	0.00916991	0.993102	0.993102	2.54197e-12	0.993031	0.993102	0.993101	0.00291543	0.000670425	2.41857e-10	0.00231372	0.00527633	0.993101	0.992183	0.00109321	0.00481463	0.0048833	0.00212909	0.00160294	1.00392	0.983621	1.00315	
0.993102	0.992974	0.993102	0.00299867	0.00136197	0.993101	0.993102	0.00242657	0.00789329	0.993102	0.993102	1.90207e-12	0.993049	0.993102	0.993101	0.00298193	0.000501655	1.82112e-10	0.0022093	0.00476155	0.993101	0.992414	0.00122645	0.00414054	0.00419626	0.00221511	0.00154191	1.01484	0.995853	1.01405	
0.993102	0.993006	0.993102	0.00302075	0.00143075	0.993101	0.993102	0.00219902	0.00718859	0.993102	0.993102	1.42325e-12	0.993062	0.993102	0.993101	0.003042	0.00037537	1.37186e-10	0.00226558	0.00457505	0.993101	0.992587	0.00125449	0.00365003	0.00369419	0.00215734	0.00143672	0.993379	0.977055	0.992786	
0.993102	0.99303	0.993102	0.0030306	0.00170292	0.993101	0.993102	0.00223113	0.00618075	0.993102	0.993102	1.06496e-12	0.993072	0.993102	0.993101	0.0030648	0.000280876	1.04064e-10	0.00211955	0.00408351	0.993101	0.992717	0.00146504	0.00329352	0.0033238	0.00235186	0.00152948	0.952376	0.938715	0.951951	
0.993102	0.993048	0.993101	0.00302245	0.00270006	0.9931	0.993102	0.00299071	0.00496917	0.993102	0.993102	7.96874e-13	0.99308	0.993102	0.993101	0.00305975	0.000210169	8.10913e-11	0.00178197	0.00334677	0.993101	0.992814	0.00231638	0.00304554	0.00305839	0.00337442	0.00222279	0.926434	0.91479	0.926101	
0.993102	0.993062	0.993101	0.00298703	0.00436629	0.9931	0.993102	0.00444599	0.00392726	0.993102	0.993102	5.96272e-13	0.993085	0.993102	0.993101	0.0030357	0.000157262	6.62044e-11	0.00144889	0.00267766	0.993101	0.992887	0.00382995	0.00289771	0.00288272	0.005183	0.00353652	0.964501	0.953026	0.964106	
0.993102	0.993072	0.993101	0.00292431	0.00433741	0.9931	0.993102	0.00436497	0.00342282	0.993102	0.993102	4.46168e-13	0.99309	0.993102	0.993101	0.00301115	0.000117673	5.22089e-11	0.00131035	0.0023743	0.993101	0.992941	0.00386884	0.00283902	0.00278162	0.0051486	0.00352981	0.972844	0.961945	0.972417	
0.993102	0.993079	0.993101	0.00286987	0.00415283	0.9931	0.993102	0.00414702	0.00313104	0.993102	0.993102	3.33852e-13	0.993093	0.993102	0.993101	0.00299184	8.80506e-05	4.13277e-11	0.0012515	0.00221396	0.993101	0.992981	0.00375233	0.00279954	0.00271127	0.00492695	0.00339902	0.998888	0.988063	0.998346	
0.993102	0.993085	0.993101	0.00282666	0.00365014	0.9931	0.993102	0.00362881	0.00329719	0.993102	0.993102	2.49809e-13	0.993095	0.993102	0.993101	0.00298272	6.58851e-05	3.2264e-11	0.00139823	0.00239123	0.993101	0.993012	0.00331957	0.00276544	0.00265956	0.00432877	0.00299677	1.00933	0.998822	1.00872	
0.993102	0.993089	0.993101	0.00280247	0.00317668	0.993101	0.993102	0.00314307	0.0036075	0.993102	0.993102	1.86923e-13	0.993097	0.993102	0.993101	0.00297538	4.92994e-05	2.52194e-11	0.00163598	0.00269313	0.993101	0.993035	0.00289749	0.00272247	0.00261231	0.0037554	0.00261379	1.01182	1.00226	1.01123	
0.993102	0.993092	0.993101	0.0027947	0.00280454	0.993101	0.993102	0.00275889	0.00384569	0.993102	0.993102	1.39868e-13	0.993098	0.993102	0.993101	0.00295794	3.68889e-05	1.98868e-11	0.00187387	0.00296445	0.993101	0.993052	0.00255943	0.00267466	0.00256715	0.00328917	0.00231563	1.03435	1.0245	1.03357	
0.993102	0.993094	0.993101	0.00279738	0.0023743	0.993101	0.993102	0.00232498	0.00464745	0.993102	0.993102	1.04658e-13	0.993099	0.993102	0.993101	0.00295134	2.76027e-05	1.55232e-11	0.0024375	0.00370468	0.993101	0.993064	0.0021624	0.00262125	0.0025258	0.00276702	0.00196259	1.05398	1.04382	1.05298	
0.993102	0.993096	0.993101	0.00281708	0.00196532	0.993101	0.993102	0.00191648	0.00601952	0.993102	0.993102	7.83117e-14	0.9931	0.993102	0.9931	0.00294557	2.06541e-05	1.20457e-11	0.00338447	0.00496685	0.993101	0.993074	0.00178178	0.00255614	0.00248013	0.00227506	0.00162419	1.05475	1.04558	1.05385	
0.993102	0.993097	0.993102	0.00285858	0.00165765	0.993101	0.993102	0.00160771	0.00692777	0.993102	0.993102	5.85978e-14	0.993101	0.993102	0.9931	0.00291366	1.54547e-05	9.43348e-12	0.00418897	0.00594586	0.993101	0.993081	0.00149043	0.00248423	0.00242536	0.00189454	0.00137105	1.06333	1.05335	1.06213	
0.993102	0.993098	0.993102	0.00290935	0.00140002	0.993101	0.993102	0.00135006	0.00801561	0.993102	0.993102	4.38466e-14	0.993101	0.993102	0.9931	0.00289397	1.15642e-05	7.41014e-12	0.0051047	0.00709352	0.993101	0.993086	0.00124448	0.00240665	0.00237071	0.00157922	0.00115655	1.0632	1.05457	1.06225	
0.993102	0.993099	0.993102	0.00296988	0.00120786	0.993102	0.993102	0.00115678	0.0086626	0.993102	0.993102	3.28088e-14	0.993101	0.993102	0.9931	0.00285028	8.65305e-06	5.89483e-12	0.00587172	0.00794859	0.993101	0.99309	0.00105858	0.00233642	0.00231509	0.00133596	0.000998671	1.07069	1.06234	1.06972	
0.993102	0.9931	0.993102	0.00303052	0.00104253	0.993102	0.993102	0.000991662	0.00949248	0.993102	0.993102	2.45496e-14	0.993101	0.993102	0.993099	0.00280924	6.47476e-06	4.71078e-12	0.00681778	0.00901333	0.993101	0.993093	0.000900333	0.00227269	0.00226447	0.00113006	0.00086272	1.07778	1.06844	1.0765	
0.993102	0.9931	0.993102	0.00309408	0.000901795	0.993102	0.993102	0.000852001	0.0105543	0.993102	0.993102	1.83696e-14	0.993102	0.993102	0.993099	0.00278461	4.84483e-06	3.78398e-12	0.00786697	0.0102748	0.993101	0.993096	0.000765499	0.00220664	0.00221613	0.000959117	0.000745004	1.08275	1.07451	1.08165	
0.993102	0.9931	0.993102	0.00316382	0.000785009	0.993102	0.993102	0.000736597	0.0115254	0.993102	0.993102	1.37453e-14	0.993102	0.993102	0.993099	0.00274089	3.62521e-06	3.06501e-12	0.0090342	0.0115867	0.993101	0.993097	0.000654484	0.00214756	0.0021676	0.000816131	0.00064882	1.07468	1.06665	1.07361	
0.993102	0.9931	0.993102	0.00323699	0.000717341	0.993102	0.993102	0.000667374	0.0116329	0.993102	0.993102	1.02851e-14	0.993102	0.993102	0.993098	0.00269615	2.71261e-06	2.56694e-12	0.00947693	0.0119996	0.993101	0.993098	0.000583917	0.00209201	0.00212035	0.000723681	0.000593195	1.0529	1.04571	1.05199	
0.993102	0.9931	0.993102	0.00329736	0.000737506	0.993102	0.993102	0.000678123	0.0106172	0.993102	0.993102	7.69597e-15	0.993102	0.993102	0.993099	0.00265324	2.02975e-06	2.34238e-12	0.00889536	0.011146	0.993101	0.993099	0.000582676	0.00205128	0.00208325	0.000712856	0.000612066	1.05909	1.05161	1.05816	
0.993102	0.993101	0.993102	0.00332688	0.000729488	0.993102	0.993102	0.000665242	0.0101657	0.993102	0.993102	5.75861e-15	0.993102	0.993102	0.993099	0.00263958	1.51879e-06	2.12491e-12	0.00868498	0.0107933	0.993101	0.9931	0.000567339	0.00203051	0.00206577	0.000688825	0.000605873	1.05275	1.04555	1.05192	
0.993102	0.993101	0.993102	0.00334249	0.000747231	0.993102	0.993102	0.000676443	0.00957051	0.993102	0.993102	4.30896e-15	0.993102	0.993102	0.993099	0.00263244	1.13645e-06	2.01224e-12	0.0083001	0.0102407	0.993101	0.993101	0.00057532	0.0020215	0.00205714	0.000692427	0.000621472	1.04809	1.04102	1.04738	
0.993102	0.993101	0.993102	0.00334444	0.000779669	0.993102	0.993102	0.000701748	0.00896945	0.993102	0.993102	3.22424e-15	0.993102	0.993102	0.993099	0.0026336	8.50368e-07	1.96918e-12	0.00785635	0.00963688	0.993101	0.993101	0.000598363	0.00202336	0.00205691	0.000714206	0.000649182	1.04683	1.03961	1.0461	
0.993102	0.993101	0.993102	0.00333551	0.000809547	0.993102	0.993102	0.000725741	0.00850421	0.993102	0.993102	2.41258e-15	0.993102	0.993102	0.993099	0.00264447	6.363e-07	1.94903e-12	0.00747596	0.00913654	0.993101	0.993101	0.000621868	0.00203101	0.00206326	0.000738583	0.00067416	1.00394	0.997019	1.0033	
0.993102	0.993101	0.993102	0.00332044	0.00113702	0.993102	0.993102	0.00101486	0.00712983	0.993102	0.993102	1.80525e-15	0.993102	0.993102	0.9931	0.00265418	4.76122e-07	2.58083e-12	0.00627687	0.00765653	0.993101	0.993102	0.000880278	0.00204424	0.00207314	0.00103509	0.000949295	0.956111	0.94986	0.955539	
0.993102	0.993101	0.993101	0.00328179	0.00221878	0.993101	0.993102	0.0019825	0.00563796	0.993102	0.993102	1.35082e-15	0.993102	0.993102	0.9931	0.00266723	3.56268e-07	4.87241e-12	0.00495825	0.00604472	0.993101	0.993102	0.00176697	0.00207672	0.00209841	0.00204399	0.00187734	0.989827	0.983047	0.989255	
0.993102	0.993101	0.993101	0.00321355	0.00234522	0.993101	0.993102	0.0021086	0.0048629	0.993102	0.993102	1.01077e-15	0.993102	0.993102	0.993101	0.00269198	2.66584e-07	5.17838e-12	0.0041874	0.00514127	0.993101	0.993102	0.00190515	0.00214106	0.00214484	0.00220453	0.00199444	0.971901	0.965067	0.971464	
0.993102	0.993101	0.993101	0.00314697	0.00272765	0.993101	0.993102	0.00247039	0.00409903	0.993102	0.993102	7.56333e-16	0.993102	0.993102	0.993101	0.00271841	1.99478e-07	6.07672e-12	0.00346366	0.00427872	0.993101	0.993102	0.00227436	0.0022046	0.00219001	0.00263069	0.00233007	0.898809	0.892688	0.898499	
0.993102	0.993101	0.9931	0.00307875	0.00613909	0.993099	0.993102	0.00564948	0.00317572	0.993102	0.993102	5.66104e-16	0.993102	0.993102	0.993101	0.00273227	1.49273e-07	1.41316e-11	0.00266769	0.00330168	0.993101	0.993102	0.00538689	0.00227371	0.0022371	0.00615074	0.00535002	0.864603	0.85894	0.864333	
0.993102	0.993101	0.993098	0.00296901	0.0120941	0.993097	0.993102	0.0116542	0.00243936	0.993102	0.993102	4.24257e-16	0.993102	0.993102	0.993101	0.0027071	1.11717e-07	3.09404e-11	0.00202791	0.00252095	0.993101	0.993102	0.0113666	0.00242752	0.00232336	0.0128313	0.0111033	0.835217	0.830086	0.835003	
0.993102	0.993101	0.993094	0.00280063	0.0207744	0.993095	0.993102	0.021791	0.00187	0.993102	0.993102	3.19604e-16	0.993102	0.993102	0.993102	0.00261272	8.36317e-08	6.45352e-11	0.00152984	0.00191429	0.993101	0.993102	0.0216009	0.00275378	0.00248137	0.0240875	0.0209033	1.00867	1.00262	1.00831	
0.993102	0.993101	0.993096	0.00256011	0.015857	0.993097	0.993102	0.0167369	0.00353645	0.993102	0.993102	2.3915e-16	0.993102	0.993102	0.993101	0.00243172	6.25798e-08	4.98277e-11	0.00136341	0.00232392	0.993101	0.993102	0.0165965	0.00343141	0.00277633	0.0185162	0.0160484	1.02054	1.01452	1.02021	
0.993102	0.993101	0.993098	0.00244175	0.0121363	0.993098	0.993102	0.0128655	0.00479115	0.993102	0.993102	1.78949e-16	0.993102	0.993102	0.993101	0.00232571	4.68271e-08	3.83893e-11	0.00139292	0.00286276	0.993101	0.993102	0.0127495	0.00365657	0.00288175	0.0142306	0.0123296	1.03819	1.03203	1.03783	
0.993102	0.993101	0.993099	0.0024071	0.00928662	0.993099	0.993102	0.00986778	0.00614621	0.993102	0.993102	1.33901e-16	0.993102	0.993102	0.993101	0.00227417	3.50397e-08	2.94477e-11	0.00170521	0.00373505	0.993101	0.993102	0.00976667	0.00364788	0.00288249	0.0109064	0.00945109	1.04212	1.03626	1.04181	
0.993102	0.993101	0.9931	0.00243292	0.00715017	0.9931	0.993102	0.00760643	0.00698548	0.993102	0.993102	1.00194e-16	0.993102	0.993102	0.9931	0.00225103	2.62196e-08	2.26659e-11	0.00213566	0.00451601	0.993101	0.993102	0.00751221	0.00352105	0.00282265	0.00839185	0.00728103	1.02715	1.02184	1.02688	
0.993102	0.993101	0.9931	0.00249325	0.00563424	0.9931	0.993102	0.00599163	0.00680705	0.993102	0.993102	7.49725e-17	0.993102	0.993102	0.9931	0.00224515	1.962e-08	1.77756e-11	0.00233501	0.00465781	0.993101	0.993102	0.00589214	0.00334884	0.00273795	0.00658222	0.00573293	1.05523	1.04921	1.05491	
0.993102	0.993101	0.993101	0.00255961	0.00438365	0.993101	0.993102	0.00465448	0.00773195	0.993102	0.993102	5.60995e-17	0.993102	0.993102	0.9931	0.00227216	1.46814e-08	1.37515e-11	0.00314595	0.00572164	0.993101	0.993102	0.00456387	0.00317759	0.00265689	0.00510118	0.00445029	1.01239	1.00761	1.01217	
0.993102	0.993101	0.993101	0.00264321	0.00368531	0.993101	0.993102	0.00388421	0.00681084	0.993102	0.993102	4.19788e-17	0.993102	0.993102	0.9931	0.00228527	1.09867e-08	1.13237e-11	0.00301524	0.00523693	0.993101	0.993102	0.00377381	0.00300653	0.00256939	0.00421357	0.00371569	1.01599	1.01132	1.01578	
0.993102	0.993101	0.993101	0.00270601	0.00314109	0.993101	0.993102	0.00327933	0.00618336	0.993102	0.993102	3.14126e-17	0.993102	0.993102	0.9931	0.00231668	8.22195e-09	9.42028e-12	0.00300196	0.00494695	0.993101	0.993102	0.00316403	0.00287193	0.00250568	0.00352793	0.00313997	1.00416	0.999817	1.00397	
0.993102	0.993101	0.993101	0.00275449	0.00284229	0.993101	0.993102	0.00292523	0.00547118	0.993102	0.993102	2.35072e-17	0.993102	0.993102	0.993101	0.00235355	6.15348e-09	8.23442e-12	0.002861	0.00451501	0.993101	0.993102	0.00280409	0.00276546	0.00245827	0.00311768	0.00280748	1.0361	1.0312	1.03589	
0.993102	0.993101	0.993101	0.00278698	0.00238898	0.993101	0.993102	0.00243785	0.0057082	0.993102	0.993102	1.75902e-17	0.993102	0.993102	0.9931	0.00240347	4.60511e-09	6.78305e-12	0.00331436	0.00491625	0.993101	0.993102	0.002332	0.00268575	0.00242697	0.00259181	0.00234033	0.992617	0.988131	0.99242	
0.993102	0.993101	0.993101	0.00282281	0.00241859	0.993101	0.993102	0.00241688	0.0049291	0.993102	0.993102	1.31658e-17	0.993102	0.993102	0.993101	0.00244002	3.44747e-09	6.54428e-12	0.00299196	0.00432584	0.993101	0.993102	0.00229975	0.00261228	0.00239512	0.00254848	0.0023264	1.03297	1.02782	1.03277	
0.993102	0.993101	0.993101	0.00283959	0.00209202	0.993101	0.993102	0.00207311	0.00520124	0.993102	0.993102	9.85221e-18	0.993102	0.993102	0.993101	0.00248806	2.58035e-09	5.55203e-12	0.00336931	0.00468393	0.993101	0.993102	0.00197247	0.00256662	0.00238012	0.00218703	0.00199439	1.05012	1.0443	1.04991	
0.993102	0.993101	0.993102	0.00286163	0.00176725	0.993101	0.993102	0.00173906	0.00600722	0.993102	0.993102	7.37243e-18	0.993102	0.993102	0.9931	0.00253457	1.93131e-09	4.61615e-12	0.0041227	0.0055398	0.993101	0.993102	0.00165357	0.00252086	0.00236171	0.00183691	0.00167004	1.03233	1.02676	1.03212	
0.993102	0.993101	0.993102	0.00289573	0.00161242	0.993101	0.993102	0.00156914	0.00593063	0.993102	0.993102	5.51728e-18	0.993102	0.993102	0.9931	0.00256037	1.44588e-09	4.10869e-12	0.00423782	0.00557495	0.993101	0.993102	0.00148681	0.00246956	0.00233487	0.00165449	0.00150442	0.976853	0.972336	0.976686	
0.993102	0.993101	0.993101	0.00292368	0.00208706	0.993101	0.993102	0.0019836	0.00490067	0.993102	0.993102	4.13522e-18	0.993102	0.993102	0.993101	0.00257016	1.08413e-09	5.05223e-12	0.00356457	0.00464507	0.993101	0.993102	0.00186942	0.00242917	0.00231374	0.00206895	0.00191204	0.95392	0.950166	0.953784	
0.993102	0.993101	0.993101	0.00292392	0.0029403	0.993101	0.993102	0.00276088	0.00396672	0.993102	0.993102	3.11147e-18	0.993102	0.993102	0.993101	0.0025771	8.14674e-10	6.93733e-12	0.00291363	0.00377545	0.993101	0.993102	0.00261961	0.00242239	0.00231449	0.00286711	0.00268978	0.904802	0.901647	0.904692	
0.993102	0.993101	0.9931	0.00289941	0.00579121	0.9931	0.993102	0.00544486	0.00308497	0.993102	0.993102	2.45193e-18	0.993102	0.993102	0.993101	0.00257753	6.1871e-10	1.37673e-11	0.00226919	0.00293733	0.993101	0.993102	0.00525596	0.0024497	0.00233531	0.00566037	0.0053835	0.689039	0.687605	0.688994	
0.993102	0.993101	0.993007	0.00283157	0.131287	0.993009	0.993102	0.130585	0.00231008	0.993102	0.993102	6.82894e-16	0.993102	0.993102	0.993101	0.00253522	1.11926e-09	6.90086e-10	0.001699	0.0021994	0.993101	0.993102	0.130098	0.00255899	0.00239538	0.132248	0.132423	0.502839	0.501888	0.502819	
0.993102	0.993101	0.992711	0.00217211	0.292587	0.993031	0.993102	0.341962	0.00173482	0.993102	0.993102	1.17474e-12	0.993085	0.993102	0.993102	0.00194729	2.75618e-08	3.47504e-07	0.0012713	0.00164577	0.993056	0.993102	0.341652	0.0789112	0.00960102	0.343357	0.343537	0.463115	0.462154	0.463099	
0.993102	0.993101	0.992799	0.00162606	0.243966	0.993049	0.993102	0.503281	0.00614853	0.993102	0.993102	6.62259e-12	0.993089	0.993102	0.993102	0.00145735	1.81672e-07	1.98524e-05	0.000951267	0.00123148	0.967151	0.993102	0.503069	0.308725	0.179921	0.504391	0.504518	0.439265	0.4382	0.43924	
0.993102	0.993101	0.992875	0.00121675	0.184299	0.993062	0.993102	0.624986	0.0288196	0.993102	0.993102	1.84863e-11	0.993084	0.993102	0.993102	0.00109048	1.74571e-05	2.69242e-05	0.000711799	0.000921484	0.969617	0.993102	0.624676	0.480971	0.379871	0.6257	0.625929	0.454569	0.4532	0.454539	
0.993102	0.993101	0.992932	0.000910456	0.138017	0.993072	0.993102	0.715504	0.082458	0.993102	0.993102	1.84846e-11	0.99305	0.993102	0.993102	0.000815967	0.000494909	2.28632e-05	0.000532613	0.000689527	0.97515	0.99306	0.713706	0.609876	0.533577	0.71457	0.716202	0.556414	0.55423	0.556384	
0.993102	0.993095	0.992975	0.000681263	0.103275	0.99308	0.993102	0.769879	0.230499	0.993102	0.993102	1.38587e-11	0.993063	0.993102	0.993102	0.000610559	0.00135371	1.7249e-05	0.000398535	0.000516049	0.97961	0.991534	0.720852	0.706328	0.648936	0.723539	0.770027	0.660377	0.657947	0.660344	
0.993102	0.990866	0.993007	0.000509777	0.0772773	0.993085	0.993102	0.739847	0.312873	0.993102	0.993102	1.037e-11	0.993073	0.993102	0.993102	0.000456859	0.00174806	1.29157e-05	0.000298209	0.00038695	0.982991	0.979079	0.544082	0.778255	0.73351	0.546323	0.737984	0.732204	0.729579	0.732171	
0.993102	0.943158	0.993031	0.000381572	0.0578238	0.99309	0.993102	0.631558	0.297484	0.993102	0.993102	7.7595e-12	0.99308	0.993102	0.993102	0.000341851	0.00147025	9.66558e-06	0.000223139	0.000292931	0.985531	0.978613	0.407335	0.828199	0.780574	0.409024	0.627929	0.807595	0.804639	0.807565	
0.993102	0.927575	0.993049	0.000286305	0.0432675	0.993093	0.993102	0.495417	0.257671	0.993102	0.993102	5.80615e-12	0.993086	0.993102	0.993102	0.000255794	0.00110625	7.23259e-06	0.000166967	0.000234467	0.987435	0.982207	0.30486	0.835352	0.750093	0.306128	0.491662	0.822221	0.816008	0.822193	
0.993102	0.938552	0.993062	0.000219628	0.0323765	0.993095	0.993102	0.388189	0.198999	0.993102	0.993102	4.34453e-12	0.99309	0.993102	0.993102	0.000191402	0.000828196	5.41199e-06	0.000124935	0.000195874	0.98886	0.984949	0.228225	0.726544	0.617156	0.229188	0.383553	0.746909	0.737956	0.746882	
0.993102	0.951802	0.993072	0.000178552	0.0242625	0.993097	0.993102	0.353845	0.149356	0.993102	0.993102	3.25085e-12	0.993093	0.993102	0.993102	0.000143219	0.000620007	4.04998e-06	9.34845e-05	0.000151091	0.989927	0.987002	0.172354	0.586709	0.486372	0.173383	0.34249	0.723193	0.712728	0.723169	
0.993102	0.962137	0.99308	0.000144054	0.0182708	0.993098	0.993102	0.353074	0.112093	0.993102	0.993102	2.43251e-12	0.993095	0.993102	0.993102	0.000107166	0.00046422	3.03098e-06	6.9951e-05	0.000115869	0.990726	0.988537	0.135684	0.487446	0.396173	0.13797	0.33323	0.584899	0.57575	0.584881	
0.993102	0.969917	0.993085	0.00011282	0.01553	0.993095	0.993102	0.488378	0.0839126	0.993102	0.993102	1.82563e-12	0.993083	0.993102	0.993102	8.01881e-05	0.000352365	2.27537e-06	5.23418e-05	8.68776e-05	0.991324	0.989687	0.221647	0.44141	0.355188	0.234801	0.46906	0.500231	0.492636	0.500217	
0.993102	0.975749	0.99309	8.46098e-05	0.0122983	0.993096	0.993102	0.610254	0.0629566	0.993102	0.993102	1.64171e-12	0.990657	0.993102	0.993102	6.00019e-05	0.000680235	1.74069e-06	3.91655e-05	6.50399e-05	0.991771	0.990546	0.390435	0.559485	0.48824	0.403544	0.594984	0.487343	0.480497	0.487331	
0.993102	0.980115	0.993093	6.33214e-05	0.00927919	0.993097	0.993102	0.70261	0.0491768	0.993102	0.993102	1.9195e-12	0.985445	0.993102	0.993102	4.48972e-05	0.00683849	1.34876e-06	2.93061e-05	4.86921e-05	0.992106	0.991167	0.528553	0.667259	0.613566	0.54002	0.690613	0.478129	0.471662	0.478119	
0.993102	0.983383	0.993095	4.73824e-05	0.00695783	0.993099	0.993102	0.772385	0.0496419	0.993102	0.993102	2.74187e-12	0.976269	0.993102	0.993102	3.35949e-05	0.0482983	1.06162e-06	2.19287e-05	3.64554e-05	0.992356	0.99075	0.636738	0.749109	0.708897	0.646349	0.762958	0.593101	0.585816	0.593089	
0.993102	0.985828	0.993097	3.54548e-05	0.00520665	0.993099	0.993102	0.798129	0.206382	0.993102	0.993102	2.06487e-12	0.980493	0.993102	0.993102	2.51379e-05	0.05679	7.99391e-07	1.64084e-05	2.74863e-05	0.992544	0.977381	0.659554	0.810485	0.780388	0.673646	0.787064	0.652451	0.645424	0.652439	
0.993102	0.986967	0.993098	2.65341e-05	0.00389601	0.9931	0.993102	0.770374	0.235543	0.993102	0.993102	1.54512e-12	0.983667	0.993102	0.993102	1.88098e-05	0.0538005	5.99634e-07	1.22778e-05	2.12487e-05	0.992684	0.945821	0.502287	0.855799	0.833207	0.514102	0.754469	0.779696	0.772972	0.779686	
0.993102	0.986275	0.993099	1.98685e-05	0.00291525	0.993101	0.993102	0.614019	0.33999	0.993102	0.993102	1.15616e-12	0.986042	0.993102	0.993102	1.40747e-05	0.0408001	4.48797e-07	9.18705e-06	2.45843e-05	0.992789	0.944791	0.37624	0.88827	0.871198	0.385139	0.598044	0.847187	0.840855	0.847178	
0.993102	0.894459	0.9931	1.74511e-05	0.00218143	0.993101	0.993102	0.470413	0.263709	0.993102	0.993102	8.65111e-13	0.98782	0.993102	0.993102	1.05316e-05	0.0305355	3.35847e-07	6.87434e-06	5.18822e-05	0.992868	0.956926	0.28154	0.761318	0.745133	0.2882	0.457211	0.880588	0.874534	0.88058	
0.993102	0.912342	0.993101	2.29903e-05	0.00163277	0.993101	0.993102	0.357738	0.20204	0.993102	0.993102	6.47331e-13	0.989149	0.993102	0.993102	7.88038e-06	0.0228488	2.51317e-07	5.14382e-06	0.000104122	0.992926	0.966033	0.210696	0.604446	0.591059	0.215683	0.34722	0.921647	0.909501	0.921639	
0.993102	0.932198	0.993101	4.47546e-05	0.00122376	0.993101	0.993102	0.270242	0.155504	0.993102	0.993102	4.84374e-13	0.990144	0.993102	0.993102	5.89661e-06	0.0170969	1.88058e-07	3.849e-06	0.000226318	0.99297	0.972847	0.157702	0.465907	0.45548	0.161446	0.261825	0.926231	0.910679	0.926223	
0.993102	0.947465	0.993101	9.60402e-05	0.000926319	0.993102	0.993102	0.204549	0.118596	0.993102	0.993102	3.62439e-13	0.990889	0.993102	0.993102	4.413e-06	0.012793	1.40722e-07	2.88242e-06	0.000332062	0.993003	0.977946	0.118108	0.354766	0.34682	0.120948	0.197633	0.919552	0.903022	0.919544	
0.993102	0.95894	0.993101	0.00018331	0.000738332	0.993101	0.993102	0.155721	0.0898617	0.993102	0.993102	2.712e-13	0.991446	0.993102	0.993102	3.3251e-06	0.00957254	1.05304e-07	2.18494e-06	0.000390999	0.993028	0.981762	0.088627	0.26893	0.262923	0.0908506	0.149805	0.933399	0.916528	0.933391	
0.993102	0.967535	0.993102	0.00030428	0.0006436	0.993101	0.993102	0.118542	0.0682331	0.993102	0.993102	2.02929e-13	0.991863	0.993102	0.993102	2.7782e-06	0.00716278	7.88e-08	1.89618e-06	0.000480872	0.993046	0.984616	0.0666549	0.203556	0.199028	0.0684544	0.113545	0.94606	0.929519	0.946053	
0.993102	0.973969	0.993102	0.000456812	0.000630717	0.993101	0.993102	0.0902691	0.0519857	0.993102	0.993102	1.51845e-13	0.992175	0.993102	0.993102	4.05019e-06	0.00535965	5.89669e-08	2.92429e-06	0.000602917	0.99306	0.986753	0.0502803	0.154018	0.150609	0.0517853	0.0860975	0.96136	0.9461	0.961353	
0.993102	0.978785	0.993102	0.000634955	0.000665811	0.993101	0.993102	0.0686985	0.0398658	0.993102	0.993102	1.1362e-13	0.992408	0.993102	0.993102	1.13184e-05	0.00401043	4.41256e-08	8.7085e-06	0.000782157	0.993071	0.988351	0.0380356	0.116588	0.114021	0.0393087	0.0652826	0.974655	0.960184	0.974649	
0.993102	0.982388	0.993102	0.000831685	0.000727747	0.993101	0.993102	0.0522864	0.0308583	0.993102	0.993102	8.50175e-14	0.992583	0.993102	0.993102	3.32977e-05	0.00300086	3.30197e-08	2.70534e-05	0.00101847	0.993078	0.989547	0.0288637	0.0883512	0.0864157	0.0299514	0.0495179	0.989298	0.975912	0.989291	
0.993102	0.985085	0.993102	0.00103897	0.000783289	0.993101	0.993102	0.03978	0.0242538	0.993102	0.993102	6.36155e-14	0.992714	0.993102	0.993102	8.1509e-05	0.00224543	2.4709e-08	7.46146e-05	0.00134463	0.993084	0.990442	0.0219578	0.0670712	0.0656094	0.0228821	0.0375632	0.990757	0.97865	0.990751	
0.993102	0.987103	0.993102	0.00125008	0.000885043	0.993101	0.993102	0.0304005	0.0191877	0.993102	0.993102	4.76012e-14	0.992812	0.993102	0.993102	0.000165772	0.00168018	1.84904e-08	0.000150817	0.00160838	0.993088	0.991112	0.0168294	0.0510425	0.0499356	0.0176302	0.028616	1.00333	0.993067	1.00332	
0.993102	0.988613	0.993102	0.0014549	0.00094391	0.993101	0.993102	0.0232393	0.0155409	0.993102	0.993102	3.56182e-14	0.992885	0.993102	0.993102	0.000288342	0.00125721	1.38369e-08	0.000297613	0.0019806	0.993092	0.991613	0.0129364	0.0389799	0.0381381	0.0136138	0.0218231	1.01988	1.01045	1.01988	
0.993102	0.989742	0.993102	0.00165047	0.000940702	0.993101	0.993102	0.017741	0.0131394	0.993102	0.993102	2.66518e-14	0.992939	0.993102	0.993102	0.000449354	0.000940728	1.03545e-08	0.00057184	0.00256729	0.993094	0.991988	0.00994532	0.0299015	0.0292581	0.0105073	0.0166295	1.03903	1.03099	1.03902	
0.993102	0.990588	0.993102	0.00183731	0.000883049	0.993101	0.993102	0.013514	0.0118525	0.993102	0.993102	1.99426e-14	0.99298	0.993102	0.993101	0.000635444	0.000703912	7.74845e-09	0.00108575	0.0035156	0.993096	0.992268	0.00763171	0.0230644	0.0225703	0.00808531	0.0126537	1.04962	1.04224	1.04961	
0.993102	0.991221	0.993102	0.00201828	0.000819116	0.993102	0.993102	0.0103048	0.0111872	0.993102	0.993102	1.49223e-14	0.993011	0.993102	0.993101	0.00083648	0.000526712	5.79835e-09	0.00179145	0.00460555	0.993097	0.992478	0.0058683	0.0179085	0.0175276	0.0062328	0.0096409	1.05908	1.05209	1.05907	
0.993102	0.991694	0.993102	0.00219209	0.000753174	0.993102	0.993102	0.0078697	0.011006	0.993102	0.993102	1.11658e-14	0.993034	0.993102	0.9931	0.00104098	0.000394119	4.33907e-09	0.00270068	0.00583725	0.993098	0.992635	0.00452336	0.0140175	0.0137226	0.00481595	0.0073579	1.06025	1.05352	1.06024	
0.993102	0.992048	0.993102	0.00235846	0.000707933	0.993102	0.993102	0.00604338	0.0107978	0.993102	0.993102	8.35498e-15	0.993051	0.993102	0.9931	0.00123827	0.000294905	3.24714e-09	0.00356974	0.00682325	0.993099	0.992753	0.00351441	0.0110781	0.0108488	0.00375204	0.00564702	1.02724	1.02131	1.02723	
0.993102	0.992313	0.993102	0.00251144	0.000820268	0.993102	0.993102	0.00482039	0.00934668	0.993102	0.993102	6.25173e-15	0.993064	0.993102	0.9931	0.0014176	0.000220667	2.43044e-09	0.00355224	0.00638478	0.9931	0.992841	0.00288169	0.00885937	0.00867996	0.0030912	0.00450333	1.01548	1.00988	1.01547	
0.993102	0.992511	0.993102	0.00262707	0.000991471	0.993102	0.993102	0.0039831	0.00799666	0.993102	0.993102	4.67794e-15	0.993074	0.993102	0.9931	0.00159248	0.000165117	1.81951e-09	0.00339527	0.00579282	0.9931	0.992907	0.00248433	0.00720306	0.00705967	0.00267996	0.00372342	1.00318	0.998554	1.00317	
0.993102	0.99266	0.993102	0.00270941	0.00123405	0.993101	0.993102	0.00346024	0.00676382	0.993102	0.993102	3.50034e-15	0.993081	0.993102	0.993101	0.00174999	0.000123551	1.36264e-09	0.00314798	0.0051309	0.9931	0.992956	0.00228986	0.00597159	0.00585308	0.00247796	0.00324727	0.99676	0.992702	0.996752	
0.993102	0.992771	0.993102	0.00276297	0.00148958	0.993101	0.993102	0.00313366	0.00575299	0.993102	0.993102	2.61918e-15	0.993086	0.993102	0.993101	0.00189201	9.24487e-05	1.02093e-09	0.00290562	0.00454112	0.9931	0.992993	0.00221543	0.00506129	0.00495837	0.00239861	0.00295992	1.00002	0.995773	1.00002	
0.993102	0.992854	0.993102	0.00279464	0.00164913	0.993101	0.993102	0.00285441	0.00505998	0.993102	0.993102	1.95984e-15	0.99309	0.993102	0.993101	0.00202464	6.9176e-05	7.65172e-10	0.00276433	0.0041478	0.993101	0.99302	0.00213768	0.00439139	0.00429685	0.0023173	0.00270957	1.01813	1.01394	1.01812	
0.993102	0.992916	0.993102	0.00281327	0.00160869	0.993101	0.993102	0.00249064	0.0048806	0.993102	0.993102	1.46648e-15	0.993093	0.993102	0.993101	0.00214126	5.17619e-05	5.73419e-10	0.00292364	0.00417996	0.993101	0.993041	0.00193855	0.0038971	0.00380672	0.00210256	0.00237256	1.00252	0.998447	1.00251	
0.993102	0.992963	0.993102	0.0028304	0.00171936	0.993101	0.993102	0.002348	0.00444842	0.993102	0.993102	1.09731e-15	0.993095	0.993102	0.993101	0.00223846	3.87315e-05	4.30254e-10	0.00282546	0.0039166	0.993101	0.993056	0.00191521	0.00352451	0.0034378	0.00207732	0.00224769	1.00911	1.00578	1.00911	
0.993102	0.992998	0.993102	0.00283955	0.00174001	0.993101	0.993102	0.00218138	0.0042309	0.993102	0.993102	8.21081e-16	0.993097	0.993102	0.993101	0.00231281	2.89814e-05	3.22985e-10	0.00285524	0.00383068	0.993101	0.993068	0.00184394	0.0032506	0.00316517	0.00199359	0.00210209	0.987825	0.984844	0.987819	
0.993102	0.993024	0.993101	0.00284592	0.00199791	0.993101	0.993102	0.00228128	0.00375268	0.993102	0.993102	6.1439e-16	0.993098	0.993102	0.993101	0.00237143	2.16857e-05	2.43272e-10	0.00262766	0.00345516	0.993101	0.993076	0.00201088	0.00304651	0.00296177	0.00216159	0.00222019	1.00858	1.00584	1.00858	
0.993102	0.993043	0.993101	0.0028426	0.00195401	0.993101	0.993102	0.00213583	0.00370645	0.993102	0.993102	4.59727e-16	0.993099	0.993102	0.993101	0.0024193	1.62266e-05	1.83089e-10	0.00270624	0.00347622	0.993101	0.993083	0.00192571	0.00290415	0.00281646	0.00206224	0.00209102	1.00924	1.00664	1.00923	
0.993102	0.993058	0.993102	0.00284143	0.00191647	0.993101	0.993102	0.00202143	0.0036785	0.993102	0.993102	3.43999e-16	0.9931	0.993102	0.993101	0.00245696	1.21418e-05	1.38042e-10	0.00278193	0.00350365	0.993101	0.993088	0.00185689	0.00279584	0.00270654	0.00198124	0.00199	1.02484	1.02234	1.02483	
0.993102	0.993069	0.993102	0.00284176	0.00176753	0.993101	0.993102	0.00182255	0.00398175	0.993102	0.993102	2.57403e-16	0.993101	0.993102	0.993101	0.00248661	9.08527e-06	1.04055e-10	0.00312211	0.00385293	0.993101	0.993091	0.00169423	0.00271326	0.00262326	0.0018029	0.00180119	1.01713	1.01482	1.01712	
0.993102	0.993077	0.993102	0.00284922	0.00171315	0.993101	0.993102	0.00172533	0.00401634	0.993102	0.993102	1.92607e-16	0.993101	0.993102	0.993101	0.00250572	6.79818e-06	7.87478e-11	0.00324165	0.00393911	0.993101	0.993094	0.0016211	0.00264346	0.00255498	0.00171915	0.00171322	1.02112	1.01889	1.02111	
0.993102	0.993083	0.993102	0.00285691	0.00164329	0.993101	0.993102	0.00162484	0.00412188	0.993102	0.993102	1.44122e-16	0.993101	0.993102	0.993101	0.00252044	5.08683e-06	5.97425e-11	0.00341277	0.00409111	0.993101	0.993096	0.00153909	0.00258896	0.00250233	0.0016273	0.00161999	1.02243	1.02007	1.02243	
0.993102	0.993087	0.993102	0.00286588	0.00158243	0.993101	0.993102	0.00154095	0.00422735	0.993102	0.993102	1.07842e-16	0.993102	0.993102	0.993101	0.0025338	3.80629e-06	4.54991e-11	0.00356972	0.00423529	0.993101	0.993098	0.00146862	0.00254482	0.00246052	0.00155	0.00154055	1.02251	1.0203	1.02251	
0.993102	0.993091	0.993102	0.00287561	0.00153697	0.993102	0.993102	0.0014776	0.004299	0.993102	0.993102	8.06954e-17	0.993102	0.993102	0.993101	0.0025421	2.84811e-06	3.48389e-11	0.00369673	0.00434529	0.993101	0.993099	0.00141471	0.00250878	0.00242701	0.00148991	0.00148157	1.02764	1.0255	1.02764	
0.993102	0.993093	0.993102	0.00288514	0.00146904	0.993102	0.993102	0.00139851	0.00446856	0.993102	0.993102	6.03823e-17	0.993102	0.993102	0.993101	0.0025478	2.13114e-06	2.67841e-11	0.00390779	0.00455432	0.993101	0.9931	0.0013432	0.00247964	0.00240036	0.00141196	0.0014058	1.03552	1.0335	1.03552	
0.993102	0.993095	0.993102	0.0028962	0.00137224	0.993102	0.993102	0.00129663	0.00479503	0.993102	0.993102	4.51825e-17	0.993102	0.993102	0.9931	0.0025497	1.59465e-06	2.06517e-11	0.0042691	0.00493201	0.993101	0.9931	0.00124741	0.00245405	0.00237753	0.00130888	0.00130645	1.03282	1.03087	1.03282	
0.993102	0.993097	0.993102	0.00291113	0.0013156	0.993102	0.993102	0.00123422	0.00494708	0.993102	0.993102	3.38092e-17	0.993102	0.993102	0.9931	0.00254765	1.19322e-06	1.60955e-11	0.00447888	0.00513522	0.993101	0.993101	0.00118752	0.00242867	0.0023555	0.00124362	0.00124663	1.0458	1.04353	1.0458	
0.993102	0.993098	0.993102	0.00292593	0.00120759	0.993102	0.993102	0.00112714	0.0054627	0.993102	0.993102	2.52986e-17	0.993102	0.993102	0.9931	0.00254955	8.92844e-07	1.25387e-11	0.00500987	0.00571288	0.993101	0.993101	0.00108406	0.00240649	0.00233655	0.00113512	0.00113906	1.05019	1.04823	1.05019	
0.993102	0.993099	0.993102	0.0029468	0.00110852	0.993102	0.993102	0.00102986	0.00596977	0.993102	0.993102	1.89304e-17	0.993102	0.993102	0.9931	0.00254224	6.68083e-07	9.83453e-12	0.00558156	0.00631599	0.993101	0.993101	0.000988382	0.00238137	0.00231529	0.0010337	0.0010424	1.04963	1.04776	1.04962	
0.993102	0.993099	0.993102	0.00297223	0.00103721	0.993102	0.993102	0.000959108	0.00629873	0.993102	0.993102	1.41652e-17	0.993102	0.993102	0.9931	0.00253084	4.99903e-07	7.81513e-12	0.00600387	0.00674536	0.993101	0.993102	0.000916997	0.00235449	0.00229258	0.000957658	0.000972619	1.03662	1.03498	1.03662	
0.993102	0.9931	0.993102	0.00299819	0.00104602	0.993102	0.993102	0.000961995	0.00610831	0.993102	0.993102	1.05999e-17	0.993102	0.993102	0.9931	0.00251695	3.7406e-07	6.43853e-12	0.00591659	0.00660775	0.993101	0.993102	0.000914746	0.00232901	0.00227114	0.000952815	0.000978689	1.03734	1.03571	1.03734	
0.993102	0.9931	0.993102	0.00301543	0.00104888	0.993102	0.993102	0.000960535	0.00599131	0.993102	0.993102	7.93211e-18	0.993102	0.993102	0.9931	0.00250945	2.79896e-07	5.39982e-12	0.00587258	0.00652813	0.993101	0.993102	0.000910649	0.00231225	0.00225724	0.000946637	0.000979708	1.04726	1.04562	1.04726	
0.993102	0.9931	0.993102	0.00302708	0.00100322	0.993102	0.993102	0.000916073	0.00621815	0.993102	0.993102	5.9357e-18	0.993102	0.993102	0.9931	0.002506	2.09436e-07	4.51765e-12	0.00615478	0.00681426	0.993101	0.993102	0.000867331	0.00230105	0.00224813	0.000900488	0.000935901	1.01687	1.0154	1.01687	
0.993102	0.9931	0.993102	0.00304034	0.00115187	0.993102	0.993102	0.00104754	0.00559144	0.993102	0.993102	4.44276e-18	0.993102	0.993102	0.9931	0.00249928	1.56715e-07	4.25566e-12	0.00557329	0.0061535	0.993101	0.993102	0.00098867	0.00228907	0.00223829	0.00102365	0.0010738	1.02482	1.02329	1.02481	
0.993102	0.993101	0.993102	0.00303904	0.00120346	0.993102	0.993102	0.00109272	0.00530448	0.993102	0.993102	3.32531e-18	0.993102	0.993102	0.9931	0.00250161	1.17265e-07	3.9331e-12	0.00529399	0.00584005	0.993101	0.993102	0.00103329	0.00229046	0.00223941	0.00106855	0.00112188	1.03309	1.03151	1.03309	
0.993102	0.993101	0.993102	0.00303298	0.00118974	0.993102	0.993102	0.00107946	0.00530215	0.993102	0.993102	2.4889e-18	0.993102	0.993102	0.9931	0.00250723	8.77455e-08	3.5782e-12	0.00528082	0.00582659	0.993101	0.993102	0.00102338	0.00229595	0.002244	0.00105782	0.00110902	1.01093	1.00944	1.01092	
0.993102	0.993101	0.993102	0.00302843	0.00134061	0.993102	0.993102	0.00121541	0.00482265	0.993102	0.993102	1.86403e-18	0.993102	0.993102	0.9931	0.00251024	6.56578e-08	3.66683e-12	0.00480229	0.00529674	0.993101	0.993102	0.00115534	0.00229977	0.00224731	0.00119288	0.00125031	1.04687	1.04509	1.04686	
0.993102	0.993101	0.993102	0.00301563	0.00122219	0.993102	0.993102	0.00110831	0.00539441	0.993102	0.993102	1.39519e-18	0.993102	0.993102	0.9931	0.00252066	4.91299e-08	3.22742e-12	0.00530842	0.00587819	0.993101	0.993102	0.00105634	0.0023116	0.00225681	0.00109138	0.00113946	1.05061	1.04891	1.05061	
0.993102	0.993101	0.993102	0.00301588	0.00111818	0.993102	0.993102	0.00101389	0.00592682	0.993102	0.993102	1.04431e-18	0.993102	0.993102	0.9931	0.00252109	3.67626e-08	2.8628e-12	0.005834	0.00646028	0.993101	0.993102	0.000966414	0.00231113	0.00225618	0.000998734	0.00104211	1.07537	1.07343	1.07536	
0.993102	0.993101	0.993102	0.00302563	0.000961096	0.993102	0.993102	0.000871182	0.00749171	0.993102	0.993102	7.81547e-19	0.993102	0.993102	0.993099	0.00251878	2.75084e-08	2.41451e-12	0.00740908	0.00819926	0.993101	0.993102	0.000829289	0.00230237	0.00224865	0.000857678	0.000894747	1.08098	1.07896	1.08098	
0.993102	0.993101	0.993102	0.00305986	0.000830686	0.993102	0.993102	0.000752435	0.00890276	0.993102	0.993102	5.84902e-19	0.993102	0.993102	0.993099	0.00250039	2.05838e-08	2.04933e-12	0.00896955	0.00989511	0.993101	0.993102	0.00071249	0.00227488	0.00222424	0.000737528	0.00077211	1.07253	1.07053	1.07253	
0.993102	0.993101	0.993102	0.00311124	0.000754044	0.993102	0.993102	0.000682014	0.00935984	0.993102	0.993102	4.37794e-19	0.993102	0.993102	0.993099	0.00247132	1.54024e-08	1.81982e-12	0.00963523	0.0105888	0.993101	0.993102	0.000638998	0.00223632	0.00218969	0.00066204	0.000699305	1.06243	1.06053	1.06243	
0.993102	0.993101	0.993102	0.00316007	0.000726709	0.993102	0.993102	0.000655779	0.00918283	0.993102	0.993102	3.27784e-19	0.993102	0.993102	0.993099	0.00244505	1.15254e-08	1.71127e-12	0.00962091	0.0105343	0.993101	0.993102	0.000606501	0.00220106	0.00215834	0.000628732	0.00067227	1.06237	1.06036	1.06237	
0.993102	0.993101	0.993102	0.00319573	0.000706695	0.993102	0.993102	0.00063618	0.00905787	0.993102	0.993102	2.4547e-19	0.993102	0.993102	0.993099	0.00243028	8.62445e-09	1.62993e-12	0.00960824	0.010493	0.993101	0.993102	0.000582794	0.00217598	0.00213644	0.000604736	0.000651893	1.04192	1.04023	1.04192	
0.993102	0.993101	0.993102	0.00322185	0.000774247	0.993102	0.993102	0.000694819	0.00822762	0.993102	0.993102	1.84129e-19	0.993102	0.993102	0.993099	0.00241792	6.45393e-09	1.74509e-12	0.0088086	0.00959306	0.993101	0.993102	0.000630665	0.0021581	0.00212115	0.000653777	0.000713269	1.05366	1.05189	1.05366	
0.993102	0.993101	0.993102	0.00322766	0.000773349	0.993102	0.993102	0.000692859	0.0080254	0.993102	0.993102	1.38065e-19	0.993102	0.993102	0.993099	0.00241972	4.8297e-09	1.72164e-12	0.00862543	0.00937755	0.993101	0.993102	0.000628371	0.00215494	0.00211907	0.000651316	0.000711755	1.04856	1.04685	1.04856	
0.993102	0.993101	0.993102	0.00322894	0.000793518	0.993102	0.993102	0.00070992	0.0076988	0.993102	0.993102	1.03664e-19	0.993102	0.993102	0.993099	0.00242297	3.61438e-09	1.74868e-12	0.00829524	0.00900503	0.993101	0.993102	0.000644136	0.00215471	0.00211964	0.000667371	0.00072996	1.03464	1.03303	1.03464	
0.993102	0.993101	0.993102	0.00322438	0.000877406	0.993102	0.993102	0.000784081	0.00705167	0.993102	0.993102	7.819e-20	0.993102	0.993102	0.9931	0.00242799	2.70517e-09	1.91692e-12	0.00760472	0.00824616	0.993101	0.993102	0.000713214	0.00215848	0.00212374	0.00073817	0.000807416	1.02916	1.0275	1.02915	
0.993102	0.993101	0.993102	0.00320929	0.000972525	0.993102	0.993102	0.000868885	0.00645374	0.993102	0.993102	5.92919e-20	0.993102	0.993102	0.9931	0.00243941	2.02492e-09	2.11456e-12	0.0069365	0.00752237	0.993101	0.993102	0.000795041	0.00217014	0.00213461	0.000822521	0.000895355	1.0005	0.999073	1.00049	
0.993102	0.993101	0.993102	0.00318675	0.00128664	0.993102	0.993102	0.00115049	0.00550132	0.993102	0.993102	4.68546e-20	0.993102	0.993102	0.9931	0.00245119	1.51647e-09	2.7916e-12	0.00589365	0.00639243	0.993101	0.993102	0.00106375	0.00218752	0.00215022	0.00109787	0.00118852	0.950139	0.94895	0.950133	
0.993102	0.993101	0.993101	0.00315011	0.00247786	0.993101	0.993102	0.00222652	0.00436895	0.993102	0.993102	5.39737e-20	0.993102	0.993102	0.993101	0.00246534	1.13826e-09	5.42206e-12	0.00466396	0.0050626	0.993101	0.993102	0.00209983	0.00221819	0.00217569	0.00215672	0.00231049	0.954246	0.953033	0.95424	
0.993102	0.993101	0.993101	0.00308864	0.00321983	0.993101	0.993102	0.00292544	0.00356264	0.993102	0.993102	5.67988e-20	0.993102	0.993102	0.993101	0.00247747	8.54967e-10	7.20383e-12	0.00374742	0.0040912	0.993101	0.993102	0.00280016	0.00228194	0.00222028	0.0028729	0.00303787	0.955004	0.953712	0.954997	
0.993102	0.993101	0.993101	0.00301928	0.00373441	0.993101	0.993102	0.0034311	0.00297795	0.993102	0.993102	5.86874e-20	0.993102	0.993102	0.993101	0.00248789	6.42946e-10	8.53997e-12	0.00305389	0.00336858	0.993101	0.993102	0.00332539	0.00235817	0.0022717	0.00341197	0.00356058	0.911997	0.910694	0.91199	
0.993102	0.993101	0.9931	0.00295023	0.00586864	0.9931	0.993102	0.0054873	0.00236481	0.993102	0.993102	1.3529e-19	0.993102	0.993102	0.993101	0.00249518	4.88668e-10	1.39216e-11	0.00238754	0.00265051	0.993101	0.993102	0.00540979	0.00243636	0.0023236	0.0055511	0.00568524	0.918776	0.91748	0.91877	
0.993102	0.993101	0.9931	0.00286093	0.00696926	0.993099	0.993102	0.00666292	0.00194155	0.993102	0.993102	1.7166e-19	0.993102	0.993102	0.993101	0.00248184	3.72256e-10	1.72898e-11	0.0018899	0.00213185	0.993101	0.993102	0.00663409	0.00256243	0.00239655	0.00680724	0.00689631	0.914468	0.913229	0.914463	
0.993102	0.993101	0.993099	0.00277135	0.00795276	0.993099	0.993102	0.00777498	0.00161921	0.993102	0.993102	2.12582e-19	0.993102	0.993102	0.993102	0.00245895	2.85746e-10	2.06089e-11	0.00150263	0.00173125	0.993101	0.993102	0.00780394	0.00269767	0.00247246	0.0080041	0.00804069	0.902966	0.901676	0.90296	
0.993102	0.993101	0.993099	0.00268434	0.00930666	0.993099	0.993102	0.00932471	0.00135053	0.993102	0.993102	2.93117e-19	0.993102	0.993102	0.993102	0.00242938	2.22909e-10	2.52864e-11	0.00119011	0.00140336	0.993101	0.993102	0.00942615	0.0028374	0.00254897	0.00966845	0.00962768	0.902234	0.900983	0.902228	
0.993102	0.993101	0.993098	0.00259543	0.0102603	0.993099	0.993102	0.0105414	0.00115631	0.993102	0.993102	3.57755e-19	0.993102	0.993102	0.993102	0.00238772	1.76053e-10	2.92245e-11	0.000949733	0.00115625	0.993101	0.993102	0.0107114	0.00299541	0.00263203	0.0109842	0.0108704	0.888296	0.887056	0.88829	
0.993102	0.993101	0.993098	0.0025106	0.0119054	0.993098	0.993102	0.0125843	0.000980854	0.993102	0.993102	5.09891e-19	0.993102	0.993102	0.993102	0.00234002	1.44031e-10	3.57708e-11	0.000752465	0.000945387	0.993101	0.993102	0.012845	0.00315573	0.00271486	0.0131681	0.0129573	0.855099	0.853938	0.855093	
0.993102	0.993101	0.993096	0.00242066	0.0166658	0.993097	0.993102	0.018395	0.000798161	0.993102	0.993102	1.29553e-18	0.993102	0.993102	0.993102	0.00227725	1.31812e-10	5.47221e-11	0.000582238	0.000748627	0.993101	0.993102	0.0188566	0.00334883	0.00281055	0.0193077	0.0189111	0.823778	0.822671	0.823772	
0.993102	0.993101	0.993092	0.00229053	0.0251084	0.993096	0.993102	0.0300807	0.000639758	0.993102	0.993102	4.17121e-18	0.993102	0.993102	0.993102	0.00216246	1.4451e-10	9.85782e-11	0.000443056	0.000582169	0.993101	0.993102	0.030924	0.00372911	0.00298102	0.0316127	0.0308725	0.849432	0.848293	0.849426	
0.993102	0.993101	0.993092	0.00209027	0.0249247	0.993096	0.993102	0.0325638	0.000585332	0.993102	0.993102	4.27e-18	0.993102	0.993102	0.993102	0.00195791	1.37457e-10	1.14716e-10	0.000338034	0.000472263	0.9931	0.993102	0.0335157	0.0046213	0.00334221	0.0342602	0.0333809	0.804206	0.80314	0.804198	
0.993102	0.993101	0.993089	0.00191897	0.0325631	0.993096	0.993102	0.0479094	0.00048316	0.993102	0.993102	1.01777e-17	0.993102	0.993102	0.993102	0.00176907	1.79168e-10	1.87058e-10	0.000255327	0.000368152	0.9931	0.993102	0.0492648	0.00537641	0.00367008	0.0502922	0.0489621	0.793248	0.79219	0.793241	
0.993102	0.993101	0.993087	0.00169479	0.0371279	0.993096	0.993102	0.0645863	0.000419101	0.993102	0.993102	1.84225e-17	0.993102	0.993102	0.993102	0.0015146	2.44897e-10	2.87294e-10	0.000191941	0.000287301	0.9931	0.993102	0.0663308	0.00705349	0.00433599	0.0676551	0.0658153	0.83793	0.836851	0.837922	
0.993102	0.993101	0.99309	0.00145178	0.0316453	0.993097	0.993102	0.0609966	0.000529001	0.993102	0.993102	1.55891e-17	0.993102	0.993102	0.993102	0.0012399	2.41049e-10	2.81311e-10	0.000144635	0.00024375	0.993099	0.993102	0.0626086	0.00988888	0.0054609	0.0638677	0.0620655	0.808511	0.807501	0.808503	
0.993102	0.993101	0.99309	0.00128212	0.0310148	0.993097	0.993102	0.0676667	0.000495272	0.993102	0.993102	1.74683e-17	0.993102	0.993102	0.993102	0.00103657	2.88343e-10	3.18091e-10	0.000108946	0.000198288	0.993099	0.993102	0.0692402	0.0112488	0.00614585	0.0705986	0.0686456	0.757257	0.756352	0.757249	
0.993102	0.993101	0.993086	0.00112947	0.0403216	0.993096	0.993102	0.103814	0.000410803	0.993102	0.993102	5.79419e-17	0.993102	0.993102	0.993102	0.000857245	5.63301e-10	5.35165e-10	8.1721e-05	0.000154057	0.993099	0.993102	0.105639	0.0127548	0.00695111	0.107427	0.104865	0.767556	0.766632	0.767547	
0.993102	0.993101	0.993087	0.000927082	0.0372023	0.993097	0.993102	0.122859	0.000430228	0.993102	0.993102	7.30473e-17	0.993102	0.993102	0.993102	0.000664513	9.05504e-10	6.92649e-10	6.11969e-05	0.000122239	0.993099	0.993102	0.124747	0.0200573	0.0100084	0.126781	0.123801	0.780747	0.779807	0.780739	
0.993102	0.993101	0.99309	0.000749263	0.0315622	0.993098	0.993102	0.128277	0.000541736	0.993102	0.993102	7.21041e-17	0.993102	0.993102	0.993102	0.000507267	1.2569e-09	7.30008e-10	4.58223e-05	0.000100497	0.993099	0.993102	0.129989	0.0292353	0.01446	0.132105	0.128976	0.785816	0.784859	0.785807	
0.993102	0.993101	0.993092	0.000610261	0.026635	0.993099	0.993102	0.129397	0.000647055	0.993102	0.993102	6.81195e-17	0.993102	0.993102	0.993102	0.000386723	1.59378e-09	7.17754e-10	3.43179e-05	8.51557e-05	0.993099	0.993102	0.130788	0.0360136	0.0185473	0.132934	0.129803	0.799443	0.798316	0.799434	
0.993102	0.993101	0.993093	0.000504984	0.022178	0.993099	0.993102	0.123168	0.000778635	0.993102	0.993102	5.91728e-17	0.993102	0.993102	0.993102	0.000295542	1.75588e-09	6.55741e-10	2.57211e-05	7.67603e-05	0.993099	0.993102	0.124183	0.040077	0.0217591	0.126326	0.123232	0.782043	0.780844	0.782034	
0.993102	0.993101	0.993094	0.000432537	0.0201743	0.993099	0.993102	0.127969	0.000750418	0.993102	0.993102	6.06725e-17	0.993102	0.993102	0.993102	0.000228348	2.08496e-09	6.44725e-10	1.92879e-05	6.66262e-05	0.993099	0.993102	0.128549	0.0406722	0.0232471	0.130896	0.127597	0.696646	0.695964	0.696639	
0.993102	0.993101	0.993089	0.00037315	0.0320381	0.993097	0.993102	0.215796	0.000593376	0.993102	0.993102	5.38975e-16	0.993102	0.993102	0.993102	0.000176504	6.38476e-09	1.30024e-09	1.4439e-05	5.15171e-05	0.993099	0.993102	0.215815	0.0417116	0.0250454	0.218428	0.215212	0.682636	0.681928	0.682629	
0.993102	0.993101	0.993091	0.000287714	0.0280527	0.993098	0.993102	0.299055	0.000621379	0.993102	0.993102	1.26988e-15	0.993102	0.993102	0.993102	0.000132285	3.39646e-08	2.34668e-09	1.08043e-05	3.98035e-05	0.993099	0.993102	0.298778	0.0957545	0.0574894	0.301613	0.298206	0.74932	0.748602	0.749313	
0.993102	0.993101	0.993094	0.00021689	0.021197	0.993099	0.993102	0.284814	0.00370932	0.993102	0.993102	1.01025e-15	0.993102	0.993102	0.993102	9.8991e-05	6.94554e-08	2.09077e-09	8.08448e-06	3.45386e-05	0.993099	0.993102	0.284286	0.228987	0.16606	0.287072	0.283786	0.641382	0.640759	0.641375	
0.993102	0.993101	0.993095	0.000164551	0.0182114	0.993099	0.993102	0.397355	0.00300888	0.993102	0.993102	4.97583e-15	0.993102	0.993102	0.993102	7.40815e-05	3.80388e-07	4.09623e-09	6.04933e-06	2.63923e-05	0.993099	0.993102	0.393504	0.299201	0.225914	0.396216	0.396194	0.53187	0.531424	0.531864	
0.993102	0.993101	0.993096	0.000123362	0.0158381	0.9931	0.993102	0.537735	0.00248742	0.993102	0.993102	3.43985e-13	0.992816	0.993102	0.993102	5.54326e-05	2.97615e-05	2.44034e-08	4.52649e-06	1.98097e-05	0.9931	0.993102	0.534313	0.450064	0.386145	0.536428	0.536815	0.514987	0.514593	0.514982	
0.993102	0.993101	0.993097	9.23214e-05	0.0120395	0.9931	0.993102	0.645454	0.00452069	0.993102	0.993102	9.31639e-13	0.992025	0.993102	0.993102	4.14782e-05	0.000737446	4.68063e-08	3.38701e-06	1.48665e-05	0.9931	0.993101	0.642567	0.585129	0.536696	0.644205	0.644729	0.659954	0.659477	0.659949	
0.993102	0.993101	0.993099	6.90824e-05	0.00900991	0.993101	0.993102	0.647853	0.153419	0.993102	0.993102	6.99076e-13	0.992296	0.993102	0.993102	3.10366e-05	0.000919256	3.64811e-08	2.53437e-06	1.19171e-05	0.9931	0.993009	0.640641	0.687616	0.651317	0.64242	0.646882	0.738305	0.737774	0.7383	
0.993102	0.992993	0.9931	5.17234e-05	0.00674203	0.993101	0.993102	0.556754	0.181229	0.993102	0.993102	5.23098e-13	0.992499	0.993102	0.993102	2.32236e-05	0.000773503	2.75839e-08	1.89638e-06	1.27156e-05	0.9931	0.992931	0.483987	0.760315	0.732341	0.485367	0.555559	0.84183	0.841159	0.841825	
0.993102	0.992693	0.9931	3.90426e-05	0.005045	0.993101	0.993102	0.428735	0.186397	0.993102	0.993102	3.91415e-13	0.992651	0.993102	0.993102	1.73773e-05	0.000580618	2.06745e-08	1.41899e-06	3.96186e-05	0.9931	0.992971	0.36249	0.778474	0.752768	0.363527	0.427699	0.881885	0.881134	0.88188	
0.993102	0.992396	0.993101	3.40885e-05	0.00377607	0.993102	0.993102	0.326405	0.148701	0.993102	0.993102	2.92881e-13	0.992764	0.993102	0.993102	1.30028e-05	0.000434521	1.5485e-08	1.06178e-06	9.66903e-05	0.993101	0.993004	0.271376	0.647189	0.623243	0.272154	0.325553	0.918048	0.917216	0.918044	
0.993102	0.992485	0.993101	4.32581e-05	0.00282957	0.993102	0.993102	0.246985	0.116452	0.993102	0.993102	2.19153e-13	0.992849	0.993102	0.993102	9.72962e-06	0.000325141	1.15939e-08	7.94762e-07	0.000210486	0.993101	0.993029	0.203203	0.505629	0.486285	0.203787	0.246305	0.920452	0.919628	0.920448	
0.993102	0.992616	0.993101	7.79776e-05	0.00213624	0.993102	0.993102	0.18743	0.0892408	0.993102	0.993102	1.63984e-13	0.992913	0.993102	0.993102	7.28365e-06	0.000243292	8.68196e-09	6.01598e-07	0.000302463	0.993101	0.993047	0.152307	0.386959	0.372027	0.152749	0.186881	0.943431	0.942462	0.943427	
0.993102	0.99273	0.993102	0.000145548	0.00163794	0.993102	0.993102	0.141907	0.0685037	0.993102	0.993102	1.22703e-13	0.992961	0.993102	0.993102	5.51166e-06	0.000182046	6.50052e-09	5.69952e-07	0.000455942	0.993101	0.993061	0.114246	0.294072	0.282713	0.114582	0.141467	0.962392	0.961316	0.962389	
0.993102	0.99282	0.993102	0.000252418	0.00129283	0.993102	0.993102	0.107321	0.0527861	0.993102	0.993102	9.18143e-14	0.992996	0.993102	0.993102	4.69709e-06	0.000136219	4.86689e-09	1.51777e-06	0.000676986	0.993101	0.993071	0.0857769	0.222792	0.214205	0.0860347	0.106971	0.896926	0.89605	0.896921	
0.993102	0.992889	0.993102	0.000399017	0.00146482	0.993101	0.993102	0.0844548	0.039779	0.993102	0.993102	6.87014e-14	0.993023	0.993102	0.993102	6.62317e-06	0.000101928	3.65197e-09	2.32639e-06	0.00059752	0.993101	0.993079	0.0656508	0.168585	0.162113	0.0658697	0.0841427	0.844443	0.843681	0.844437	
0.993102	0.992942	0.993101	0.00055597	0.00333202	0.9931	0.993102	0.0746654	0.0298461	0.993102	0.993102	5.14073e-14	0.993043	0.993102	0.993102	1.509e-05	7.62689e-05	2.76192e-09	2.78291e-06	0.000479043	0.993101	0.993085	0.0544752	0.127695	0.122808	0.05472	0.0743537	0.865496	0.864695	0.86549	
0.993102	0.992981	0.993101	0.00067429	0.00428698	0.993099	0.993102	0.0634957	0.0224613	0.993102	0.993102	3.84666e-14	0.993058	0.993102	0.993102	3.0407e-05	5.70693e-05	2.08654e-09	4.35052e-06	0.000407262	0.993101	0.993089	0.0450642	0.0971623	0.0934026	0.045316	0.0632267	0.942424	0.941489	0.942419	
0.993102	0.993011	0.993101	0.000784432	0.00369296	0.9931	0.993102	0.049185	0.0173729	0.993102	0.993102	2.87831e-14	0.993069	0.993102	0.993102	5.832e-05	4.27029e-05	1.56562e-09	1.94532e-05	0.000532473	0.993101	0.993093	0.0348047	0.0742274	0.0712899	0.0350135	0.0489752	0.988689	0.98754	0.988685	
0.993102	0.993034	0.993102	0.000924946	0.00302017	0.9931	0.993102	0.037468	0.0141749	0.993102	0.993102	2.15374e-14	0.993077	0.993102	0.993102	0.000113206	3.1953e-05	1.1732e-09	8.76806e-05	0.000973385	0.993101	0.993095	0.0265203	0.0567957	0.054509	0.0266876	0.0373062	0.999458	0.998062	0.999454	
0.993102	0.99305	0.993102	0.00109502	0.00252239	0.993101	0.993102	0.0285705	0.0118255	0.993102	0.993102	1.61156e-14	0.993084	0.993102	0.993102	0.000202846	2.39093e-05	8.79206e-10	0.000212141	0.0014431	0.993101	0.993097	0.0202545	0.0435424	0.0417706	0.0203913	0.0284445	1.01633	1.01445	1.01632	
0.993102	0.993063	0.993102	0.00128169	0.00211203	0.993101	0.993102	0.0217587	0.0103447	0.993102	0.993102	1.20587e-14	0.993088	0.993102	0.993102	0.000329629	1.78904e-05	6.58826e-10	0.000452777	0.00208365	0.993101	0.993098	0.0154627	0.0334888	0.0321186	0.0155768	0.0216586	1.03974	1.03743	1.03974	
0.993102	0.993073	0.993102	0.00147712	0.00174215	0.993101	0.993102	0.0165187	0.0098836	0.993102	0.993102	9.02312e-15	0.993092	0.993102	0.993101	0.000489054	1.33868e-05	4.93562e-10	0.000956778	0.00316451	0.993101	0.993099	0.0117683	0.0258679	0.0248094	0.011863	0.016439	1.04855	1.04588	1.04855	
0.993102	0.99308	0.993102	0.00167966	0.00145482	0.993101	0.993102	0.0125587	0.00971691	0.993102	0.993102	6.75167e-15	0.993094	0.993102	0.993101	0.000669917	1.00168e-05	3.69801e-10	0.00162744	0.00428782	0.993101	0.9931	0.00897339	0.0200864	0.0192696	0.00905348	0.0124944	1.04486	1.04183	1.04486	
0.993102	0.993085	0.993102	0.0018814	0.00126554	0.993101	0.993102	0.00960987	0.00927494	0.993102	0.993102	5.05203e-15	0.993096	0.993102	0.993101	0.000861976	7.49523e-06	2.77227e-10	0.00221191	0.00499986	0.993101	0.9931	0.00689553	0.0157033	0.0150729	0.00696679	0.00955606	1.0695	1.06534	1.0695	
0.993102	0.993089	0.993102	0.00206969	0.00106211	0.993102	0.993102	0.00732014	0.0101044	0.993102	0.993102	3.78025e-15	0.993098	0.993102	0.9931	0.00106547	5.60841e-06	2.07753e-10	0.00345362	0.00667198	0.993101	0.993101	0.00527131	0.0123883	0.0119008	0.00533432	0.00727413	1.06864	1.06455	1.06864	
0.993102	0.993092	0.993102	0.00225837	0.000917844	0.993102	0.993102	0.00560859	0.0104696	0.993102	0.993102	2.82862e-15	0.993099	0.993102	0.9931	0.00125131	4.19657e-06	1.55771e-10	0.00453849	0.00788441	0.993101	0.993101	0.00405603	0.00986693	0.00948971	0.00411269	0.00556898	1.06728	1.06181	1.06727	
0.993102	0.993094	0.993102	0.00243516	0.00081819	0.993102	0.993102	0.004331	0.0106188	0.993102	0.993102	2.11656e-15	0.9931	0.993102	0.993099	0.00143473	3.14014e-06	1.16882e-10	0.00539005	0.00872531	0.993101	0.993101	0.00314894	0.00795437	0.00766182	0.00320449	0.00429304	1.08479	1.07552	1.08479	
0.993102	0.993096	0.993102	0.00259437	0.000707536	0.993102	0.993102	0.00333502	0.0120608	0.993102	0.993102	1.58374e-15	0.9931	0.993102	0.993099	0.00164063	2.34965e-06	8.76851e-11	0.00680042	0.0105349	0.993101	0.993102	0.00243628	0.00650614	0.00627833	0.00249416	0.00329458	1.0929	1.07998	1.0929	
0.993102	0.993097	0.993102	0.00275713	0.000612366	0.993102	0.993102	0.0025754	0.0139563	0.993102	0.993102	1.18506e-15	0.993101	0.993102	0.993098	0.00184689	1.75816e-06	6.58035e-11	0.00824852	0.0125957	0.993101	0.993102	0.00188912	0.005395	0.00521722	0.00195193	0.00253023	1.09479	1.07992	1.09478	
0.993102	0.993098	0.993102	0.00292886	0.000539573	0.993102	0.993102	0.0020038	0.0154796	0.993102	0.993102	8.86735e-16	0.993101	0.993102	0.993098	0.00202381	1.31557e-06	4.94221e-11	0.00944128	0.0143309	0.993101	0.993102	0.00147488	0.00453545	0.00439642	0.0015431	0.0019535	1.08734	1.07128	1.08734	
0.993102	0.993099	0.993102	0.00310047	0.000499578	0.993102	0.993102	0.0015881	0.0158521	0.993102	0.993102	6.63512e-16	0.993101	0.993102	0.993098	0.00217021	9.84391e-07	3.71931e-11	0.00989744	0.0149763	0.993101	0.993102	0.00117263	0.00387116	0.00376207	0.00124982	0.00152998	1.09113	1.06872	1.09113	
0.993102	0.9931	0.993102	0.0032496	0.000463704	0.993102	0.993102	0.00127028	0.0169876	0.993102	0.993102	4.96482e-16	0.993102	0.993102	0.993098	0.0023798	7.36585e-07	2.80262e-11	0.0101548	0.0158037	0.993101	0.993102	0.000940948	0.00336628	0.00328004	0.00103462	0.00120054	1.09653	1.07134	1.09652	
0.993102	0.9931	0.993102	0.0033942	0.000428426	0.993102	0.993102	0.00102387	0.0185528	0.993102	0.993102	3.71499e-16	0.993102	0.993102	0.993097	0.00257582	5.5116e-07	2.11462e-11	0.0105411	0.0169508	0.993101	0.993102	0.000759817	0.00297473	0.00290605	0.000866406	0.000945639	1.10189	1.07517	1.10188	
0.993102	0.9931	0.993102	0.00354355	0.000394325	0.993102	0.993102	0.000831849	0.0203283	0.993102	0.993102	2.77979e-16	0.993102	0.993102	0.993097	0.00273391	4.12413e-07	1.59798e-11	0.0111036	0.0183921	0.993101	0.993102	0.000617075	0.00266526	0.00261017	0.000731108	0.000748812	1.10096	1.07525	1.10096	
0.993102	0.993101	0.993102	0.00370165	0.000370699	0.993102	0.993102	0.00068919	0.0211805	0.993102	0.993102	2.08002e-16	0.993102	0.993102	0.993097	0.00281855	3.08594e-07	1.21163e-11	0.0115663	0.0193847	0.993101	0.993102	0.000509447	0.00241647	0.00237198	0.000626846	0.00060316	1.1055	1.07897	1.1055	
0.993102	0.993101	0.993102	0.00384773	0.000346879	0.993102	0.993102	0.000576463	0.0223455	0.993102	0.993102	1.5564e-16	0.993102	0.993102	0.993097	0.0028904	2.3091e-07	9.21107e-12	0.0121925	0.0206673	0.993101	0.993102	0.00042404	0.00222182	0.00218552	0.000541869	0.000489818	1.11196	1.08786	1.11196	
0.993102	0.993101	0.993102	0.00399126	0.000320948	0.993102	0.993102	0.000484592	0.0235721	0.993102	0.993102	1.1646e-16	0.993102	0.993102	0.993097	0.00289732	1.72782e-07	7.01919e-12	0.0133709	0.0224733	0.993101	0.993102	0.000354073	0.00206556	0.00203565	0.000465021	0.000402026	1.1211	1.08825	1.1211	
0.993102	0.993101	0.993102	0.00413479	0.000291533	0.993102	0.993102	0.000406829	0.0270752	0.993102	0.993102	8.71428e-17	0.993102	0.993102	0.993096	0.00302893	1.29286e-07	5.35753e-12	0.0143152	0.0252063	0.993101	0.993102	0.000294834	0.00193796	0.00191311	0.000405622	0.000325655	1.12553	1.09439	1.12552	
0.993102	0.993101	0.993102	0.00433408	0.000265379	0.993102	0.993102	0.000344778	0.0295344	0.993102	0.993102	6.52058e-17	0.993102	0.993102	0.993096	0.00304874	9.67405e-08	4.10492e-12	0.0156058	0.028025	0.993101	0.993102	0.000246124	0.00181519	0.00179451	0.000351061	0.000267199	1.13038	1.09786	1.13038	
0.993102	0.993101	0.993102	0.00455739	0.000241664	0.993102	0.993102	0.000294468	0.0320561	0.993102	0.993102	4.87911e-17	0.993102	0.993102	0.993095	0.00305453	7.23876e-08	3.15835e-12	0.0169522	0.0310695	0.993101	0.993102	0.000206205	0.00170522	0.00168794	0.000304915	0.000220702	1.12646	1.09483	1.12646	
0.993102	0.993101	0.993102	0.00480582	0.000227686	0.993102	0.993102	0.000259621	0.0326213	0.993102	0.993102	3.65086e-17	0.993102	0.993102	0.993095	0.00301571	5.41652e-08	2.45668e-12	0.017689	0.0326552	0.993101	0.993102	0.000176959	0.0016054	0.00159091	0.000270823	0.000188001	1.1244	1.09037	1.1244	
0.993102	0.993101	0.993102	0.00502249	0.000219473	0.993102	0.993102	0.000234994	0.0329984	0.993102	0.993102	2.73181e-17	0.993102	0.993102	0.993095	0.00302221	4.053e-08	1.93506e-12	0.0178516	0.0335195	0.993101	0.993102	0.000155762	0.00152669	0.0015144	0.000248763	0.000163378	1.12783	1.08897	1.12783	
0.993102	0.993101	0.993102	0.00520851	0.000210298	0.993102	0.993102	0.000213705	0.0346817	0.993102	0.993102	2.04412e-17	0.993102	0.993102	0.993095	0.00310611	3.03274e-08	1.53794e-12	0.017872	0.034826	0.993101	0.993102	0.000138191	0.00146515	0.00145456	0.000233215	0.000141498	1.12648	1.08249	1.12648	
0.993102	0.993101	0.993102	0.00540883	0.000204887	0.993102	0.993102	0.000198664	0.036346	0.993102	0.993102	1.52954e-17	0.993102	0.993102	0.993095	0.0032363	2.26931e-08	1.24288e-12	0.0173661	0.0355886	0.993101	0.993102	0.000124899	0.00140823	0.00139903	0.000226315	0.000123723	1.12279	1.08282	1.12279	
0.993102	0.993101	0.993102	0.00562252	0.000204698	0.993102	0.993102	0.00019021	0.035873	0.993102	0.993102	1.1445e-17	0.993102	0.993102	0.993095	0.00324301	1.69807e-08	1.02874e-12	0.017032	0.0355397	0.993101	0.993102	0.000115841	0.00135532	0.00134723	0.00021913	0.000113397	1.12001	1.0791	1.12001	
0.993102	0.993101	0.993102	0.00578125	0.000207739	0.993102	0.993102	0.000186076	0.0352907	0.993102	0.993102	8.56391e-18	0.993102	0.993102	0.993096	0.00327895	1.27063e-08	8.7372e-13	0.0165141	0.035072	0.993101	0.993102	0.000110569	0.00131854	0.00131127	0.000218108	0.000106453	1.13067	1.09024	1.13067	
0.993102	0.993101	0.993102	0.00589189	0.000199679	0.993102	0.993102	0.000174468	0.0368015	0.993102	0.993102	6.40808e-18	0.993102	0.993102	0.993095	0.00331332	9.50786e-09	7.37496e-13	0.0170644	0.0366854	0.993101	0.993102	0.000102262	0.00129457	0.00128788	0.000207042	9.72737e-05	1.1234	1.08352	1.1234	
0.993102	0.993101	0.993102	0.0060299	0.0002007	0.993102	0.993102	0.000171211	0.0362179	0.993102	0.993102	4.79496e-18	0.993102	0.993102	0.993096	0.00330816	7.11462e-09	6.48447e-13	0.0169059	0.0365495	0.993101	0.993102	9.84324e-05	0.00126737	0.0012612	0.000203569	9.33945e-05	1.12994	1.09208	1.12994	
0.993102	0.993101	0.993102	0.00612339	0.000195301	0.993102	0.993102	0.000163687	0.0366804	0.993102	0.993102	3.58791e-18	0.993102	0.993102	0.993095	0.00328562	5.32382e-09	5.69733e-13	0.0175579	0.0376947	0.993101	0.993102	9.31047e-05	0.0012505	0.0012447	0.000193804	8.87056e-05	1.11345	1.06732	1.11345	
0.993102	0.993101	0.993102	0.00621452	0.000209019	0.993102	0.993102	0.000171867	0.0355448	0.993102	0.993102	2.68474e-18	0.993102	0.993102	0.993096	0.00340872	3.98395e-09	5.43635e-13	0.0161592	0.0357457	0.993101	0.993102	9.64702e-05	0.00123502	0.00122954	0.000212439	8.85661e-05	1.08861	1.04545	1.0886	
0.993102	0.993101	0.993102	0.00625181	0.000259905	0.993102	0.993102	0.00020961	0.0314133	0.993102	0.993102	2.00899e-18	0.993102	0.993102	0.993097	0.00347002	2.98156e-09	5.99308e-13	0.0140529	0.0313981	0.993101	0.993102	0.000117245	0.00123044	0.00122509	0.000265764	0.000104971	1.1104	1.0708	1.1104	
0.993102	0.993101	0.993102	0.00615451	0.000261423	0.993102	0.993102	0.000209199	0.030971	0.993102	0.993102	1.5033e-18	0.993102	0.993102	0.993097	0.00352742	2.2313e-09	5.72983e-13	0.0137494	0.0306184	0.993101	0.993102	0.000119383	0.00125395	0.00124825	0.000268742	0.00010542	1.09939	1.0606	1.09939	
0.993102	0.993101	0.993102	0.00606314	0.000278877	0.993102	0.993102	0.000221908	0.0291578	0.993102	0.993102	1.12493e-18	0.993102	0.993102	0.993097	0.00356007	1.66998e-09	5.84259e-13	0.0129269	0.0286489	0.993101	0.993102	0.000129126	0.00127451	0.00126852	0.000287537	0.000112918	1.11351	1.07252	1.11351	
0.993102	0.993101	0.993102	0.00593769	0.000271328	0.993102	0.993102	0.000215428	0.0303319	0.993102	0.993102	8.41784e-19	0.993102	0.993102	0.993097	0.0036573	1.24989e-09	5.54694e-13	0.0130035	0.0289773	0.993101	0.993102	0.000127736	0.0013025	0.00129611	0.000285782	0.000109053	1.10386	1.05688	1.10386	
0.993102	0.993101	0.993102	0.00586995	0.000278829	0.993102	0.993102	0.000221238	0.0304491	0.993102	0.993102	6.29941e-19	0.993102	0.993102	0.993097	0.00382483	9.35653e-10	5.57917e-13	0.0121697	0.0279178	0.993101	0.993102	0.00013244	0.00131527	0.00130868	0.00030816	0.000108022	1.09671	1.04277	1.09671	
0.993102	0.993101	0.993102	0.00581859	0.000295974	0.993102	0.993102	0.000234915	0.0304907	0.993102	0.993102	4.71461e-19	0.993102	0.993102	0.993097	0.00410533	7.00657e-10	5.82561e-13	0.0109473	0.0263043	0.993101	0.993102	0.000141533	0.00132411	0.00131732	0.000355346	0.000107359	1.06325	1.01121	1.06325	
0.993102	0.993102	0.993102	0.00577803	0.000391705	0.993101	0.993102	0.000311322	0.0266749	0.993102	0.993102	3.53139e-19	0.993102	0.993102	0.993098	0.00426547	5.25296e-10	7.58677e-13	0.00917243	0.0224825	0.993101	0.993102	0.000188666	0.00133066	0.0013236	0.00050011	0.000134128	1.04855	0.981678	1.04855	
0.993102	0.993102	0.993102	0.00563946	0.000520955	0.993101	0.993102	0.00041495	0.0241452	0.993102	0.993102	2.65188e-19	0.993102	0.993102	0.993099	0.00491632	3.94899e-10	1.00199e-12	0.00740462	0.0189137	0.993101	0.993102	0.00026102	0.00136373	0.00135562	0.000830158	0.000154022	1.07039	1.01392	1.07039	
0.993102	0.993102	0.993102	0.00546173	0.000536358	0.993101	0.993102	0.000428432	0.0235966	0.993102	0.993102	1.98768e-19	0.993102	0.993102	0.993099	0.00514311	2.96454e-10	1.03185e-12	0.00656042	0.0173651	0.993101	0.993102	0.000276773	0.00140936	0.00139929	0.000873026	0.000157937	1.04217	0.980202	1.04217	
0.993102	0.993102	0.993102	0.00530627	0.000657931	0.993101	0.993102	0.000528632	0.021236	0.993102	0.993102	1.49901e-19	0.993102	0.993102	0.993099	0.00548794	2.23719e-10	1.27006e-12	0.00542721	0.0148244	0.993101	0.993102	0.000351885	0.00144801	0.00143632	0.00115258	0.000185413	1.04753	0.988188	1.04752	
0.993102	0.993102	0.993102	0.00512449	0.00072169	0.993101	0.993102	0.000583077	0.0198641	0.993102	0.993102	1.13103e-19	0.993102	0.993102	0.9931	0.00572459	1.69015e-10	1.40022e-12	0.00466305	0.0131223	0.993101	0.993102	0.000399679	0.00149775	0.00148363	0.00130873	0.00020241	1.06645	1.01574	1.06645	
0.993102	0.993102	0.993102	0.00494806	0.000696435	0.993101	0.993102	0.000565234	0.0198725	0.993102	0.993102	8.50097e-20	0.993102	0.993102	0.993099	0.00567299	1.27397e-10	1.35739e-12	0.00452455	0.0127607	0.993101	0.993102	0.000395089	0.00154748	0.00153084	0.00124386	0.000203283	1.08192	1.04063	1.08192	
0.993102	0.993102	0.993102	0.00480884	0.000635555	0.993101	0.993102	0.000517907	0.0205031	0.993102	0.993102	6.3778e-20	0.993102	0.993102	0.993099	0.00538879	9.58919e-11	1.2436e-12	0.0050807	0.0135264	0.993101	0.993102	0.000366088	0.00158425	0.00156595	0.00109158	0.000198028	1.06518	1.02789	1.06518	
0.993102	0.993102	0.993102	0.00471349	0.000635191	0.993101	0.993102	0.000520613	0.0190368	0.993102	0.993102	4.80218e-20	0.993102	0.993102	0.993099	0.00507034	7.24819e-11	1.2496e-12	0.00511788	0.0129725	0.993101	0.993102	0.000371165	0.00160552	0.00158657	0.00102169	0.000217697	1.05997	1.02253	1.05997	
0.993102	0.993102	0.993102	0.0046059	0.00065209	0.993101	0.993102	0.000537525	0.0176871	0.993102	0.993102	3.63126e-20	0.993102	0.993102	0.993099	0.00486184	5.50477e-11	1.2898e-12	0.00501018	0.0122739	0.993101	0.993102	0.000388847	0.00163393	0.00161434	0.00099934	0.000239814	0.999004	0.961631	0.999001	
0.993102	0.993102	0.993102	0.00449193	0.00108392	0.993101	0.993102	0.000903463	0.0142888	0.993102	0.993102	3.16248e-20	0.993102	0.993102	0.9931	0.00472837	4.39354e-11	2.16902e-12	0.00409826	0.0099464	0.993101	0.993102	0.00067696	0.0016673	0.00164694	0.00156149	0.000439988	0.978082	0.939736	0.978079	
0.993102	0.993102	0.993102	0.00432673	0.00170698	0.9931	0.993102	0.00143867	0.011462	0.993102	0.993102	3.48613e-20	0.993102	0.993102	0.9931	0.00471524	3.71233e-11	3.47252e-12	0.00328645	0.00794353	0.993101	0.993102	0.00113375	0.00173112	0.00170559	0.00251501	0.000717311	0.971449	0.926919	0.971447	
0.993102	0.993102	0.993102	0.00413462	0.0022856	0.993099	0.993102	0.00194981	0.00940308	0.993102	0.993102	4.35106e-20	0.993102	0.993102	0.993101	0.00491493	3.32576e-11	4.7438e-12	0.00262312	0.00638128	0.993101	0.993102	0.00160578	0.00181891	0.00178232	0.00371948	0.000928308	0.988966	0.949634	0.988963	
0.993102	0.993102	0.993101	0.00393958	0.00241149	0.993099	0.993102	0.00207719	0.00816075	0.993102	0.993102	4.06473e-20	0.993102	0.993102	0.993101	0.00495913	2.83597e-11	5.08445e-12	0.0022119	0.00539298	0.993101	0.993102	0.00175801	0.00191855	0.00186638	0.00400189	0.00100079	1.00351	0.966993	1.0035	
0.993102	0.993102	0.993101	0.00376449	0.00232576	0.9931	0.993102	0.0020186	0.00756942	0.993102	0.993102	3.47799e-20	0.993102	0.993102	0.993101	0.00493985	2.36759e-11	4.95947e-12	0.00200342	0.00485817	0.993101	0.993102	0.00174219	0.00201	0.00194404	0.00387859	0.000991111	0.989538	0.955408	0.989535	
0.993102	0.993102	0.993101	0.00361922	0.00242756	0.9931	0.993102	0.00212618	0.00673006	0.993102	0.993102	3.33619e-20	0.993102	0.993102	0.993101	0.00487486	2.08129e-11	5.24088e-12	0.00177561	0.00425579	0.993101	0.993102	0.00187426	0.00208357	0.002008	0.00402901	0.00107745	0.923732	0.887201	0.923728	
0.993102	0.993102	0.993101	0.00349097	0.00434747	0.993098	0.993102	0.00387822	0.00534312	0.993102	0.993102	1.33503e-19	0.993102	0.993102	0.993101	0.00489467	2.76921e-11	9.65469e-12	0.00139871	0.0033507	0.993101	0.993102	0.00355266	0.00215087	0.00206641	0.00743843	0.00199577	0.94379	0.906099	0.943787	
0.993102	0.993102	0.993101	0.00334376	0.00489102	0.993098	0.993102	0.00444192	0.00451735	0.993102	0.993102	1.50964e-19	0.993102	0.993102	0.993101	0.00492717	2.89976e-11	1.12233e-11	0.00113813	0.00275478	0.993101	0.993102	0.00414245	0.00226408	0.00214657	0.00869885	0.0022728	0.955565	0.918493	0.955562	
0.993102	0.993102	0.993101	0.00320944	0.00493763	0.993098	0.993102	0.00454573	0.00405442	0.993102	0.993102	1.44886e-19	0.993102	0.993102	0.993101	0.0049347	2.81599e-11	1.16019e-11	0.000964697	0.00237361	0.993101	0.993102	0.00429329	0.00237452	0.00222343	0.0090013	0.0023246	0.946374	0.909948	0.946368	
0.993102	0.993102	0.9931	0.00309725	0.00522163	0.993098	0.993102	0.00487257	0.00359471	0.993102	0.993102	1.5423e-19	0.993102	0.993102	0.993102	0.00492521	2.87467e-11	1.25457e-11	0.000816427	0.00203532	0.993101	0.993102	0.00465882	0.00246546	0.00228796	0.00971375	0.00249869	1.00997	0.97378	1.00996	
0.993102	0.993102	0.993101	0.00299942	0.00433336	0.993099	0.993102	0.00406108	0.00471267	0.993102	0.993102	1.19012e-19	0.993102	0.993102	0.993101	0.00490904	2.36535e-11	1.04793e-11	0.000942572	0.00244327	0.993101	0.993102	0.00389682	0.00254818	0.00234611	0.00811425	0.00208404	1.00236	0.965164	1.00234	
0.993102	0.993102	0.993101	0.0029502	0.00374578	0.993099	0.993102	0.00352294	0.00520412	0.993102	0.993102	9.39233e-20	0.993102	0.993102	0.993101	0.00490738	2.02497e-11	9.09264e-12	0.000998307	0.00261748	0.993101	0.993102	0.00338345	0.00257154	0.00236568	0.00705373	0.00180405	0.971197	0.935056	0.97118	
0.993102	0.993102	0.993101	0.0029266	0.003749	0.993099	0.993102	0.00353848	0.00474969	0.993102	0.993102	8.66891e-20	0.993102	0.993102	0.993101	0.00487809	1.98143e-11	9.11244e-12	0.000912809	0.00238198	0.993101	0.993102	0.00339389	0.00256791	0.00236792	0.00704834	0.00181547	0.982404	0.939976	0.982384	
0.993102	0.993102	0.993101	0.00290157	0.00356144	0.993099	0.993102	0.0033698	0.00477785	0.993102	0.993102	7.68545e-20	0.993102	0.993102	0.993101	0.00502724	1.90529e-11	8.66463e-12	0.000865756	0.00231168	0.993101	0.993102	0.00323527	0.00257121	0.00237522	0.00689402	0.00168678	0.996276	0.952102	0.996255	
0.993102	0.993102	0.993101	0.00288492	0.00323996	0.993099	0.993102	0.00306931	0.00523186	0.993102	0.993102	6.46274e-20	0.993102	0.993102	0.993101	0.00518951	1.75743e-11	7.87775e-12	0.000882994	0.00242749	0.993101	0.993102	0.00294808	0.0025687	0.00237833	0.00643073	0.00150251	1.01606	0.963254	1.01604	
0.993102	0.993102	0.993101	0.00288281	0.00281399	0.9931	0.993102	0.00266584	0.00676378	0.993102	0.993102	5.21573e-20	0.993102	0.993102	0.993101	0.00557126	1.58058e-11	6.82758e-12	0.000959952	0.00285115	0.993101	0.993102	0.0025579	0.00255309	0.00237167	0.0058216	0.00126048	0.996815	0.945206	0.996795	
0.993102	0.993102	0.993101	0.00290965	0.00268235	0.9931	0.993102	0.0025369	0.00687409	0.993102	0.993102	4.67949e-20	0.993102	0.993102	0.993101	0.00577977	1.56385e-11	6.46824e-12	0.000932138	0.00283845	0.993101	0.993102	0.00241532	0.00251242	0.00234426	0.00575883	0.00114811	0.897801	0.853136	0.897784	
0.993102	0.993102	0.9931	0.00293415	0.00613847	0.993096	0.993102	0.0057712	0.00536121	0.993102	0.993102	3.89252e-19	0.993102	0.993102	0.993101	0.00573001	3.57347e-11	1.46574e-11	0.000731707	0.00222151	0.993101	0.993102	0.00538691	0.00247764	0.00232103	0.01288	0.00255462	0.941849	0.893607	0.941833	
0.993102	0.993102	0.9931	0.00288478	0.00621508	0.993096	0.993102	0.00593714	0.00467505	0.993102	0.993102	3.58642e-19	0.993102	0.993102	0.993102	0.00575349	3.7389e-11	1.53248e-11	0.00061058	0.00189779	0.993101	0.993102	0.00557237	0.00255788	0.00235998	0.0136439	0.00256828	0.916208	0.862533	0.916192	
0.993102	0.993102	0.9931	0.00283489	0.00733589	0.993095	0.993102	0.00713683	0.00394972	0.993102	0.993102	4.80527e-19	0.993102	0.993102	0.993102	0.00594903	4.78393e-11	1.87619e-11	0.000490448	0.00156099	0.993101	0.993102	0.00676849	0.0026311	0.0023998	0.0176647	0.00290432	0.901901	0.857042	0.901888	
