0.25	1.27727e-12	0.25	0.000618156	0.000618156	0.748882	0.998264	0.998263	0.748264	0.25	0.25	1.27727e-12	1.27727e-12	0.25	0.25	5.42631e-30	0.25	0.000618156	5.42631e-30	1.27727e-12	0.25	0.000618156	0.000618156	0.000618156	0.000618156	0.000618156	0.25	0	0	0	
0.993102	0.9931	0.993102	0.00640191	0.000116624	0.993102	0.993102	9.27369e-05	0.0391005	0.993102	0.993102	2.01255e-23	1.27727e-12	0.25	0.25	5.42631e-30	0.25	0.000618156	5.42631e-30	1.27727e-12	0.25	0.000618156	0.000618156	0.000618156	0.000618156	0.000618156	0.25	1.15551	1.12854	1.15551	
0.993102	0.9931	0.993102	0.00652484	0.000114572	0.993102	0.993102	9.0569e-05	0.0412244	0.993102	0.993102	1.97274e-23	0.25	0.437066	0.437063	0.000625655	0.187066	0.000462543	0.0100849	0.0169055	0.437065	0.250463	0.000473556	0.000746908	0.000746246	0.000481429	0.18708	0.993102	0.9931	0.993102	
0.993102	0.993099	0.993102	0.00670047	0.000788541	0.993101	0.993102	0.000610464	0.0311193	0.993102	0.993102	1.74795e-21	0.437066	0.57704	0.577038	0.000819941	0.139974	0.000346104	0.00824609	0.0133539	0.57704	0.437412	0.000625758	0.000831411	0.000830293	0.000631659	0.140603	0.99594	0.995938	0.99594	
0.993102	0.993099	0.993102	0.00649618	0.00124962	0.993101	0.993102	0.000967801	0.0236469	0.993102	0.993102	3.20828e-21	0.57704	0.681778	0.681777	0.00104385	0.104738	0.000258977	0.00688856	0.0107399	0.681778	0.577299	0.000782048	0.000963648	0.000957474	0.000786472	0.105792	0.99792	0.997918	0.99792	
0.993102	0.993099	0.993102	0.00611926	0.00156203	0.993101	0.993102	0.00121739	0.0181379	0.993102	0.993102	4.43103e-21	0.681778	0.76015	0.760148	0.00127406	0.0783715	0.000193783	0.00588141	0.0088109	0.760149	0.681972	0.000935385	0.00112409	0.00110954	0.000938702	0.079722	1.00109	1.00109	1.00109	
0.993102	0.993099	0.993102	0.00568422	0.00175003	0.993101	0.993102	0.00137739	0.0141056	0.993102	0.993102	5.29735e-21	0.76015	0.818792	0.818791	0.00149337	0.0586425	0.000145001	0.00515712	0.00741188	0.818792	0.760295	0.00106685	0.00129609	0.00127123	0.00106934	0.0601801	1.00272	1.00272	1.00272	
0.993102	0.993099	0.993102	0.00525268	0.0018655	0.993101	0.993102	0.00148615	0.0111563	0.993102	0.993102	5.95928e-21	0.818792	0.862673	0.862671	0.00169115	0.0438801	0.000108499	0.00462554	0.00638473	0.862672	0.818901	0.00118329	0.00146635	0.00143071	0.00118516	0.0455407	1.0042	1.0042	1.0042	
0.993102	0.9931	0.993102	0.00485468	0.00192988	0.993101	0.993102	0.00155804	0.00900808	0.993102	0.993102	6.43656e-21	0.862673	0.895506	0.895505	0.0018623	0.0328339	8.11858e-05	0.00423888	0.00563395	0.895506	0.862754	0.00128183	0.00162623	0.00158022	0.00128323	0.0345718	1.00428	1.00428	1.00428	
0.993102	0.9931	0.993102	0.00450295	0.00197228	0.993101	0.993102	0.00161473	0.00743244	0.993102	0.993102	6.85808e-21	0.895506	0.920075	0.920074	0.00200572	0.0245684	6.07484e-05	0.00394135	0.00506667	0.920074	0.895567	0.00137233	0.00177053	0.00171519	0.00137338	0.0263633	1.00661	1.00661	1.00661	
0.993102	0.9931	0.993102	0.00420017	0.00197589	0.993101	0.993102	0.00163974	0.00631102	0.993102	0.993102	7.03769e-21	0.920075	0.938459	0.938457	0.0021229	0.0183836	4.54558e-05	0.00374723	0.00467645	0.938458	0.92012	0.00143384	0.00189732	0.00183382	0.00143465	0.0201988	1.00702	1.00702	1.00702	
0.993102	0.9931	0.993102	0.00394509	0.00197129	0.993101	0.993102	0.00165755	0.00549556	0.993102	0.993102	7.17217e-21	0.938459	0.952214	0.952213	0.00221644	0.0137558	3.40129e-05	0.00360281	0.00438633	0.952213	0.938493	0.00148571	0.00200549	0.00193532	0.00148632	0.0155822	1.00823	1.00823	1.00823	
0.993102	0.9931	0.993102	0.00373303	0.00195348	0.993101	0.993102	0.00166274	0.00491746	0.993102	0.993102	7.20317e-21	0.952214	0.962507	0.962506	0.00228976	0.010293	2.54506e-05	0.00350959	0.0041863	0.962506	0.95224	0.00152128	0.00209619	0.00202072	0.00152175	0.0121167	1.00783	1.00783	1.00783	
0.993102	0.9931	0.993102	0.00355882	0.00194185	0.993101	0.993102	0.00167177	0.00448764	0.993102	0.993102	7.26929e-21	0.962507	0.970209	0.970208	0.00234621	0.00770185	1.90438e-05	0.00343018	0.00402576	0.970208	0.962526	0.00155593	0.00217081	0.00209132	0.00155629	0.00952712	1.00749	1.00749	1.00749	
0.993102	0.993101	0.993102	0.00341654	0.00193466	0.993101	0.993102	0.00168296	0.00416739	0.993102	0.993102	7.35441e-21	0.970209	0.975972	0.975971	0.0023891	0.00576301	1.42498e-05	0.00336243	0.00389649	0.975971	0.970223	0.00158834	0.00223181	0.00214924	0.00158862	0.00759262	1.00887	1.00887	1.00887	
0.993102	0.993101	0.993102	0.00330087	0.00191481	0.993101	0.993102	0.00168082	0.00395567	0.993102	0.993102	7.32204e-21	0.975972	0.980284	0.980283	0.00242127	0.00431225	1.06626e-05	0.00333129	0.00382177	0.980283	0.975983	0.00160375	0.00228139	0.00219646	0.00160397	0.00613253	1.00766	1.00766	1.00766	
0.993102	0.993101	0.993102	0.00320781	0.00191027	0.993101	0.993102	0.00169051	0.00378042	0.993102	0.993102	7.3915e-21	0.980284	0.983511	0.98351	0.0024449	0.0032267	7.97843e-06	0.00328715	0.00374227	0.98351	0.980292	0.00162721	0.00232081	0.00223426	0.00162739	0.00505102	1.00765	1.00765	1.00765	
0.993102	0.993101	0.993102	0.00313274	0.00190601	0.993101	0.993102	0.00169867	0.00365204	0.993102	0.993102	7.44758e-21	0.983511	0.985926	0.985924	0.00246214	0.00241442	5.96997e-06	0.00325221	0.00368093	0.985925	0.983517	0.00164637	0.00235252	0.00226472	0.00164652	0.00424187	1.0054	1.0054	1.0054	
0.993102	0.993101	0.993102	0.00307239	0.00192384	0.993101	0.993102	0.00172533	0.00352202	0.993102	0.993102	7.67184e-21	0.985926	0.987732	0.987731	0.00247451	0.00180662	4.46711e-06	0.00319007	0.00359524	0.987731	0.98593	0.00168151	0.00237788	0.00228914	0.00168163	0.00365761	1.00481	1.00481	1.00481	
0.993102	0.993101	0.993101	0.00302321	0.0019422	0.993101	0.993102	0.00175122	0.00341823	0.993102	0.993102	7.89275e-21	0.987732	0.989084	0.989083	0.00248343	0.00135183	3.34258e-06	0.00313277	0.0035203	0.989083	0.987735	0.00171432	0.002399	0.00230927	0.00171442	0.00322615	1.00544	1.00544	1.00544	
0.993102	0.993101	0.993101	0.00298313	0.00194896	0.993101	0.993102	0.00176533	0.00335273	0.993102	0.993102	8.00719e-21	0.989084	0.990096	0.990094	0.00248975	0.00101153	2.50113e-06	0.00309745	0.0034738	0.990094	0.989086	0.00173414	0.00241664	0.00232588	0.00173423	0.00289724	1.00551	1.00551	1.00551	
0.993102	0.993101	0.993101	0.00295084	0.00195276	0.993101	0.993102	0.00177559	0.00330624	0.993102	0.993102	8.08778e-21	0.990096	0.990852	0.990851	0.00249403	0.000756888	1.8715e-06	0.00307099	0.00343956	0.990851	0.990097	0.0017489	0.00243091	0.00233925	0.00174898	0.00265043	1.00427	1.00426	1.00427	
0.993102	0.993101	0.993101	0.00292495	0.00196762	0.993101	0.993102	0.00179501	0.00325284	0.993102	0.993102	8.25575e-21	0.990852	0.991419	0.991418	0.00249679	0.000566352	1.40038e-06	0.00303189	0.00339282	0.991418	0.990854	0.00177174	0.00244234	0.00234994	0.00177181	0.00247789	1.00564	1.00564	1.00564	
0.993102	0.993101	0.993101	0.00290379	0.00196462	0.993101	0.993102	0.00179718	0.00323587	0.993102	0.993102	8.26495e-21	0.991419	0.991843	0.991841	0.00249858	0.00042378	1.04785e-06	0.00302178	0.0033801	0.991842	0.99142	0.0017768	0.00245199	0.00235881	0.00177687	0.00233543	0.999948	0.999946	0.999948	
0.993102	0.993101	0.993101	0.00288708	0.00202132	0.993101	0.993102	0.00185363	0.00313741	0.993102	0.993102	8.8051e-21	0.991843	0.99216	0.992158	0.0024995	0.000317099	7.84073e-07	0.00293313	0.00328005	0.992159	0.991843	0.00183502	0.0024594	0.00236568	0.00183508	0.00228672	1.0062	1.0062	1.0062	
0.993102	0.993101	0.993101	0.00287191	0.00199839	0.993101	0.993102	0.00183633	0.00316219	0.993102	0.993102	8.63295e-21	0.99216	0.992397	0.992396	0.0025003	0.000237274	5.86694e-07	0.00295318	0.00330452	0.992396	0.99216	0.00182017	0.0024676	0.00237267	0.00182023	0.00218703	0.997342	0.99734	0.997342	
0.993102	0.993101	0.993101	0.00286072	0.0020752	0.993101	0.993102	0.00191044	0.00304799	0.993102	0.993102	9.37083e-21	0.992397	0.992574	0.992573	0.00250036	0.000177543	4.39003e-07	0.00284592	0.00318501	0.992573	0.992397	0.00189524	0.00247291	0.0023774	0.0018953	0.00220446	0.996402	0.9964	0.996402	
0.993102	0.993101	0.993101	0.00284936	0.00214265	0.993101	0.993102	0.00197617	0.00295341	0.993102	0.993102	1.00408e-20	0.992574	0.992707	0.992706	0.00250066	0.000132849	3.28491e-07	0.00275091	0.0030822	0.992706	0.992575	0.00196275	0.00248022	0.00238321	0.00196281	0.00222826	0.997277	0.997275	0.997277	
0.993102	0.993101	0.993101	0.00283828	0.00218201	0.993101	0.993102	0.00201601	0.00289762	0.993102	0.993102	1.04427e-20	0.992707	0.992807	0.992806	0.00250098	9.94063e-05	2.45799e-07	0.00268812	0.00301742	0.992806	0.992708	0.00200485	0.00248855	0.00238949	0.00200491	0.00223604	0.99476	0.994758	0.99476	
0.993102	0.993101	0.993101	0.00282833	0.00224066	0.993101	0.993102	0.00207362	0.00282395	0.993102	0.993102	1.10568e-20	0.992807	0.992881	0.99288	0.00250113	7.43821e-05	1.83924e-07	0.00260873	0.00293397	0.99288	0.992807	0.0020646	0.00249649	0.00239535	0.00206466	0.00227117	0.996724	0.996722	0.996724	
0.993102	0.993101	0.993101	0.00281876	0.00226039	0.993101	0.993102	0.00209512	0.00279762	0.993102	0.993102	1.1275e-20	0.992881	0.992937	0.992936	0.00250121	5.56574e-05	1.37625e-07	0.00257093	0.0028984	0.992936	0.992881	0.00208841	0.00250483	0.00240132	0.00208847	0.00227446	0.993694	0.993692	0.993693	
0.993102	0.993101	0.993101	0.00281067	0.00231116	0.993101	0.993102	0.0021452	0.00273863	0.993102	0.993102	1.18263e-20	0.992937	0.992978	0.992977	0.00250107	4.16464e-05	1.02981e-07	0.0025055	0.00283043	0.992977	0.992937	0.00214042	0.00251194	0.00240637	0.00214048	0.00231277	1.00597	1.00597	1.00597	
0.993102	0.993101	0.993101	0.00280286	0.00221393	0.993101	0.993102	0.00205727	0.00287607	0.993102	0.993102	1.09258e-20	0.992978	0.99301	0.993008	0.00250088	3.11625e-05	7.70583e-08	0.00261557	0.00296291	0.993009	0.992978	0.00205433	0.00251929	0.00241148	0.00205439	0.00220872	1.00227	1.00227	1.00227	
0.993102	0.993101	0.993101	0.00279995	0.00217909	0.993101	0.993102	0.00202614	0.00291529	0.993102	0.993102	1.05757e-20	0.99301	0.993033	0.993032	0.00249981	2.33178e-05	5.76611e-08	0.00264897	0.00300194	0.993032	0.99301	0.00202323	0.00252069	0.00241256	0.00202328	0.00216745	1.0015	1.0015	1.0015	
0.993102	0.993101	0.993101	0.00279868	0.00216142	0.993101	0.993102	0.00201042	0.00293142	0.993102	0.993102	1.03868e-20	0.993033	0.99305	0.993049	0.00249878	1.74478e-05	4.31469e-08	0.00266469	0.00301912	0.993049	0.993033	0.00200711	0.00252041	0.00241252	0.00200716	0.00214455	1.00455	1.00454	1.00455	
0.993102	0.993101	0.993101	0.00279814	0.00211707	0.993101	0.993102	0.00196955	0.0029896	0.993102	0.993102	9.96131e-21	0.99305	0.993063	0.993062	0.00249795	1.30556e-05	3.22864e-08	0.00271984	0.00308028	0.993062	0.99305	0.00196583	0.00251957	0.0024121	0.00196588	0.00209662	1.00119	1.00119	1.00119	
0.993102	0.993101	0.993101	0.00279911	0.00211891	0.993101	0.993102	0.00197118	0.00297951	0.993102	0.993102	9.95426e-21	0.993063	0.993073	0.993072	0.00249706	9.76902e-06	2.416e-08	0.00271585	0.00307293	0.993072	0.993063	0.0019665	0.00251713	0.00241059	0.00196655	0.0020948	1.00197	1.00197	1.00197	
0.993102	0.993101	0.993101	0.0027997	0.00211199	0.993101	0.993102	0.00196468	0.00298385	0.993102	0.993102	9.87247e-21	0.993073	0.99308	0.993079	0.00249652	7.3098e-06	1.80792e-08	0.00272351	0.00307953	0.993079	0.993073	0.00195941	0.00251547	0.0024096	0.00195946	0.0020853	0.997674	0.997672	0.997673	
0.993102	0.993101	0.993101	0.00280031	0.00215407	0.993101	0.993102	0.00200371	0.00292484	0.993102	0.993102	1.02661e-20	0.99308	0.993086	0.993085	0.00249616	5.46966e-06	1.35294e-08	0.00267266	0.00302035	0.993085	0.99308	0.0019978	0.00251401	0.00240873	0.00199785	0.0021246	1.00003	1.00003	1.00003	
0.993102	0.993101	0.993101	0.00279941	0.00215878	0.993101	0.993102	0.00200838	0.00291604	0.993102	0.993102	1.03047e-20	0.993086	0.99309	0.993089	0.00249619	4.09275e-06	1.01248e-08	0.0026636	0.00301055	0.993089	0.993086	0.00200269	0.00251468	0.00240926	0.00200274	0.00212807	0.993688	0.993686	0.993688	
0.993102	0.993101	0.993101	0.00279852	0.00223603	0.993101	0.993102	0.00208058	0.00282323	0.993102	0.993102	1.10916e-20	0.99309	0.993093	0.993092	0.00249624	3.06246e-06	7.57744e-09	0.00257775	0.00291401	0.993092	0.99309	0.00207498	0.00251542	0.00240983	0.00207503	0.0022033	0.941138	0.941137	0.941138	
0.993102	0.993101	0.993101	0.00279552	0.0034379	0.993101	0.993102	0.00320252	0.00233816	0.993102	0.993102	3.6015e-20	0.993093	0.993095	0.993095	0.00249658	2.29153e-06	5.67402e-09	0.00213263	0.00241204	0.993094	0.993093	0.0031975	0.00251904	0.00241225	0.00319758	0.00338835	0.922534	0.922533	0.922534	
0.993102	0.993101	0.9931	0.00277106	0.00506836	0.9931	0.993102	0.00477692	0.00191413	0.993102	0.993102	8.58465e-20	0.993095	0.993097	0.993096	0.00248981	1.71467e-06	4.25176e-09	0.00172693	0.00196451	0.993096	0.993095	0.0047948	0.00255845	0.00243391	0.00479488	0.00505135	0.966295	0.966293	0.966295	
0.993102	0.993101	0.9931	0.00272558	0.004806	0.9931	0.993102	0.00457259	0.00185641	0.993102	0.993102	7.45484e-20	0.993097	0.993098	0.993098	0.00247072	1.28303e-06	3.18406e-09	0.00157789	0.00185255	0.993097	0.993097	0.00460314	0.00263849	0.00247569	0.0046032	0.00483451	0.9396	0.939599	0.9396	
0.993102	0.993101	0.9931	0.00269227	0.00532529	0.9931	0.993102	0.00512073	0.00163592	0.993102	0.993102	8.57877e-20	0.993098	0.993099	0.993099	0.00245781	9.60049e-07	2.38697e-09	0.00135037	0.00161044	0.993098	0.993098	0.00517315	0.0026925	0.00250504	0.0051732	0.00541112	0.926256	0.926254	0.926255	
0.993102	0.993101	0.9931	0.00265656	0.00621221	0.9931	0.993102	0.00604753	0.00141808	0.993102	0.993102	1.15554e-19	0.993099	0.9931	0.9931	0.00244303	7.18375e-07	1.79197e-09	0.00113618	0.00137668	0.993099	0.993099	0.00613359	0.00275159	0.00253709	0.00613363	0.00638612	0.92009	0.920089	0.92009	
0.993102	0.993101	0.9931	0.00261445	0.00711775	0.9931	0.993102	0.00703069	0.0012397	0.993102	0.993102	1.52434e-19	0.9931	0.993101	0.9931	0.00242217	5.3754e-07	1.34764e-09	0.000955333	0.00118175	0.993099	0.9931	0.00715721	0.00282627	0.00257637	0.00715724	0.00741917	0.888993	0.888991	0.888992	
0.993102	0.993101	0.993098	0.00256756	0.00979554	0.993099	0.993102	0.00989137	0.0010276	0.993102	0.993102	3.43537e-19	0.993101	0.993101	0.993101	0.00239521	4.02233e-07	1.02126e-09	0.00076812	0.000965625	0.9931	0.993101	0.0101125	0.00291443	0.00262166	0.0101125	0.0104255	0.927771	0.92777	0.927771	
0.993102	0.993101	0.993099	0.00249505	0.00929121	0.993099	0.993102	0.00955698	0.00101236	0.993102	0.993102	3.05868e-19	0.993101	0.993101	0.993101	0.00234199	3.00982e-07	7.70432e-10	0.000672469	0.000899017	0.9931	0.993101	0.00978922	0.00307751	0.00269939	0.00978917	0.010069	0.950645	0.950643	0.950644	
0.993102	0.993101	0.993099	0.00244279	0.00820381	0.9931	0.993102	0.00852172	0.00113569	0.993102	0.993102	2.48399e-19	0.993101	0.993102	0.993101	0.00230255	2.25217e-07	5.80413e-10	0.000660973	0.000951028	0.9931	0.993101	0.00873646	0.00318494	0.00275287	0.0087364	0.00897447	0.893936	0.893934	0.893935	
0.993102	0.993101	0.993098	0.00241592	0.0100638	0.993099	0.993102	0.0105927	0.000966226	0.993102	0.993102	3.73922e-19	0.993102	0.993102	0.993101	0.00228139	1.68533e-07	4.46258e-10	0.000548616	0.000801128	0.9931	0.993102	0.010863	0.0032267	0.00277615	0.0108629	0.0111386	0.919858	0.919857	0.919857	
0.993102	0.993101	0.993098	0.00236951	0.00978673	0.993099	0.993102	0.0104553	0.000935161	0.993102	0.993102	3.46658e-19	0.993102	0.993102	0.993101	0.00224193	1.26113e-07	3.41311e-10	0.000490939	0.000749658	0.9931	0.993102	0.010731	0.00332977	0.0028263	0.0107309	0.0109875	0.895413	0.895411	0.895411	
0.993102	0.993101	0.993098	0.00233493	0.0109879	0.993099	0.993102	0.0119248	0.000828917	0.993102	0.993102	4.37109e-19	0.993102	0.993102	0.993102	0.00221172	9.43764e-08	2.6739e-10	0.000417186	0.000652997	0.993101	0.993102	0.0122482	0.00339992	0.00286223	0.0122481	0.0125184	0.910229	0.910228	0.910228	
0.993102	0.993101	0.993098	0.00229091	0.010877	0.993099	0.993102	0.0119875	0.000803854	0.993102	0.993102	4.25466e-19	0.993102	0.993102	0.993102	0.00217129	7.06263e-08	2.09223e-10	0.000373817	0.000612319	0.993101	0.993102	0.0123218	0.00350408	0.00291298	0.0123218	0.0125761	0.877335	0.877334	0.877333	
0.993102	0.993101	0.993097	0.00225606	0.0132043	0.993098	0.993102	0.014825	0.000696582	0.993102	0.993102	6.84993e-19	0.993102	0.993102	0.993102	0.00213796	5.28623e-08	1.74187e-10	0.000311612	0.000522207	0.993101	0.993102	0.0152472	0.00358157	0.0029523	0.0152471	0.0155328	0.892049	0.892047	0.892047	
0.993102	0.993101	0.993097	0.00219835	0.0134652	0.993099	0.993102	0.0154847	0.000663015	0.993102	0.993102	7.1638e-19	0.993102	0.993102	0.993102	0.0020802	3.95663e-08	1.44111e-10	0.000269623	0.00047662	0.993101	0.993102	0.0159369	0.0037458	0.00302844	0.0159368	0.0162131	0.918603	0.918602	0.918601	
0.993102	0.993101	0.993098	0.002147	0.0121659	0.993099	0.993102	0.0141906	0.000741805	0.993102	0.993102	6.06469e-19	0.993102	0.993102	0.993102	0.00202617	2.96128e-08	1.15983e-10	0.000261748	0.000502482	0.993101	0.993102	0.0146091	0.00388913	0.00309682	0.014609	0.0148513	0.912553	0.912551	0.91255	
0.993102	0.993101	0.993098	0.00212147	0.0115189	0.993099	0.993102	0.0135564	0.00076146	0.993102	0.993102	5.43279e-19	0.993102	0.993102	0.993102	0.00199624	2.21658e-08	9.5757e-11	0.000253255	0.000505089	0.993101	0.993102	0.0139519	0.00394007	0.00312555	0.0139519	0.0141779	0.894018	0.894017	0.894015	
0.993102	0.993101	0.993098	0.00210859	0.0121456	0.993099	0.993102	0.01438	0.000708615	0.993102	0.993102	5.94151e-19	0.993102	0.993102	0.993102	0.00197915	1.6597e-08	8.44882e-11	0.000230651	0.000467021	0.993101	0.993102	0.0147903	0.00395182	0.00313658	0.0147904	0.0150252	0.88736	0.887359	0.887357	
0.993102	0.993101	0.993097	0.00208966	0.0130431	0.993099	0.993102	0.0155892	0.000655479	0.993102	0.993102	6.89671e-19	0.993102	0.993102	0.993102	0.00195683	1.24316e-08	7.80735e-11	0.000206997	0.000427412	0.993101	0.993102	0.0160301	0.00399112	0.0031589	0.0160302	0.0162757	0.926942	0.926941	0.92694	
0.993102	0.993101	0.993098	0.00206238	0.0115238	0.993099	0.993102	0.0138771	0.000778914	0.993102	0.993102	5.66406e-19	0.993102	0.993102	0.993102	0.00192604	9.30792e-09	6.52743e-11	0.000225921	0.000491742	0.993101	0.993102	0.0142706	0.00406598	0.00319629	0.0142707	0.0144843	0.937093	0.937091	0.93709	
0.993102	0.993101	0.993098	0.00206001	0.0101138	0.9931	0.993102	0.0121935	0.000913209	0.993102	0.993102	4.57269e-19	0.993102	0.993102	0.993102	0.0019192	6.96949e-09	5.42733e-11	0.00026505	0.000578429	0.993101	0.993102	0.0125344	0.00405221	0.00319436	0.0125346	0.0127234	0.950226	0.950224	0.950223	
0.993102	0.993101	0.993099	0.00207729	0.00875503	0.9931	0.993102	0.0105181	0.00108596	0.993102	0.993102	3.61883e-19	0.993102	0.993102	0.993102	0.00193175	5.21862e-09	4.46712e-11	0.000335651	0.000706436	0.993101	0.993102	0.0108052	0.00397901	0.00316434	0.0108053	0.0109728	0.923618	0.923617	0.923615	
0.993102	0.993101	0.993099	0.00211073	0.00863452	0.9931	0.993102	0.0102338	0.00103454	0.993102	0.993102	3.27788e-19	0.993102	0.993102	0.993102	0.00195982	3.911e-09	4.01514e-11	0.000339825	0.000689438	0.993101	0.993102	0.0104952	0.00386561	0.00311387	0.0104954	0.0106734	0.905855	0.905854	0.905851	
0.993102	0.993101	0.993099	0.00213909	0.00944119	0.9931	0.993102	0.0110136	0.000928637	0.993102	0.993102	3.61476e-19	0.993102	0.993102	0.993102	0.00198667	2.93513e-09	3.96088e-11	0.000317347	0.000628723	0.993101	0.993102	0.0112807	0.00377452	0.00307264	0.0112811	0.0114852	0.960235	0.960233	0.960232	
0.993102	0.993101	0.993099	0.00215113	0.00806189	0.9931	0.993102	0.00938164	0.00116857	0.993102	0.993102	2.83714e-19	0.993102	0.993102	0.993102	0.00200068	2.19917e-09	3.2912e-11	0.000415959	0.000805158	0.993101	0.993102	0.00960918	0.00373663	0.00305503	0.00960948	0.00978409	0.983776	0.983775	0.983773	
0.993102	0.993101	0.9931	0.00218137	0.006677	0.9931	0.993102	0.00773325	0.00158451	0.993102	0.993102	2.17431e-19	0.993102	0.993102	0.993102	0.00202856	1.64737e-09	2.66154e-11	0.000624801	0.00113814	0.993101	0.993102	0.00791754	0.00365104	0.00301416	0.0079178	0.00806565	0.904482	0.904481	0.904479	
0.993102	0.993101	0.993099	0.00222876	0.00821787	0.9931	0.993102	0.00922979	0.00132165	0.993102	0.993102	2.84286e-19	0.993102	0.993102	0.993102	0.0020662	1.24148e-09	2.93557e-11	0.000538135	0.000961575	0.993101	0.993102	0.00940803	0.00353018	0.0029542	0.0094084	0.00962985	0.909737	0.909736	0.909734	
0.993102	0.993101	0.993099	0.00224473	0.00897113	0.9931	0.993102	0.0100074	0.00115034	0.993102	0.993102	3.11874e-19	0.993102	0.993102	0.993102	0.00208251	9.36883e-10	3.0722e-11	0.000474381	0.000841748	0.993101	0.993102	0.0101965	0.00349402	0.0029343	0.0101969	0.0104463	0.955572	0.95557	0.955569	
0.993102	0.993101	0.993099	0.00224621	0.00783172	0.9931	0.993102	0.00873705	0.00127797	0.993102	0.993102	2.49276e-19	0.993102	0.993102	0.993102	0.00208835	7.04207e-10	2.65413e-11	0.000526211	0.000935434	0.993101	0.993102	0.00890585	0.00349639	0.00293323	0.00890619	0.00912243	0.962152	0.962151	0.962149	
0.993102	0.993101	0.9931	0.00226339	0.00686688	0.9931	0.993102	0.00763311	0.00140854	0.993102	0.993102	1.98722e-19	0.993102	0.993102	0.993102	0.0021064	5.29705e-10	2.29045e-11	0.000603975	0.00104847	0.993101	0.993102	0.0077806	0.00345466	0.00291215	0.00778091	0.00797157	0.900831	0.90083	0.900828	
0.993102	0.993101	0.993099	0.00229118	0.00861309	0.9931	0.993102	0.00940587	0.00118108	0.993102	0.993102	2.90134e-19	0.993102	0.993102	0.993102	0.00213249	4.05785e-10	2.7316e-11	0.000517702	0.000886907	0.993101	0.993102	0.00957846	0.00338747	0.00287893	0.00957889	0.00982757	0.881829	0.881828	0.881825	
0.993102	0.993101	0.993098	0.00228923	0.0113241	0.993099	0.993102	0.0124009	0.000977472	0.993102	0.993102	5.21108e-19	0.993102	0.993102	0.993102	0.00213543	3.17427e-10	3.58429e-11	0.000427863	0.000733692	0.993101	0.993102	0.012647	0.00339941	0.00288256	0.0126476	0.0129622	0.916889	0.916888	0.916886	
0.993102	0.993101	0.993098	0.00225219	0.0107766	0.993099	0.993102	0.0119682	0.000943952	0.993102	0.993102	4.65015e-19	0.993102	0.993102	0.993102	0.00210545	2.44398e-10	3.48858e-11	0.000388734	0.000690186	0.993101	0.993102	0.0122227	0.00351641	0.00293324	0.0122232	0.0125126	0.883481	0.88348	0.883478	
0.993102	0.993101	0.993097	0.00222798	0.0125522	0.993099	0.993102	0.0141514	0.000813287	0.993102	0.993102	6.33654e-19	0.993102	0.993102	0.993102	0.00208584	1.96325e-10	4.16776e-11	0.000327018	0.000588789	0.993101	0.993102	0.014476	0.00358578	0.00296501	0.0144765	0.0147929	0.852692	0.852691	0.852688	
0.993102	0.993101	0.993096	0.00218487	0.0172337	0.993097	0.993102	0.0200447	0.000671272	0.993102	0.993102	1.4552e-18	0.993102	0.993102	0.993102	0.00204624	1.72005e-10	6.10713e-11	0.000261957	0.000479639	0.993101	0.993102	0.020547	0.0037187	0.00302514	0.0205477	0.0209384	0.755881	0.75588	0.755877	
0.993102	0.993101	0.993078	0.00209306	0.0544489	0.993088	0.993102	0.0685737	0.0005135	0.993102	0.993102	4.83311e-17	0.993102	0.993102	0.993102	0.00195287	3.06998e-10	2.73409e-10	0.000197802	0.000364528	0.993101	0.993102	0.0702283	0.00406443	0.00317324	0.0702289	0.071103	0.608252	0.608252	0.608248	
0.993102	0.993101	0.992947	0.00173877	0.188454	0.993075	0.993102	0.26121	0.000387497	0.993102	0.993102	1.73931e-14	0.993102	0.993102	0.993102	0.00158877	4.51212e-09	9.40306e-09	0.000148015	0.000273056	0.993099	0.993102	0.263495	0.010022	0.0047686	0.263489	0.264485	0.628142	0.628141	0.628136	
0.993102	0.993101	0.992984	0.00130466	0.146021	0.993082	0.993102	0.390405	0.00359357	0.993102	0.993102	2.08125e-14	0.993102	0.993102	0.993102	0.00118965	1.26704e-08	9.78155e-08	0.000110754	0.000204751	0.992652	0.993102	0.393258	0.245476	0.0819568	0.393236	0.394316	0.604819	0.604783	0.604805	
0.993102	0.993101	0.993013	0.000976517	0.109871	0.993087	0.993102	0.504793	0.0133849	0.993102	0.993102	3.40159e-14	0.993102	0.993102	0.993102	0.000890174	4.68582e-07	1.35676e-07	8.28732e-05	0.000153478	0.992683	0.993102	0.505432	0.431327	0.273877	0.505435	0.508513	0.528652	0.528601	0.528634	
0.993102	0.993101	0.993036	0.000730727	0.0824941	0.993091	0.993102	0.618563	0.0192389	0.993102	0.993102	3.42567e-13	0.993093	0.993102	0.993102	0.000666085	4.31196e-05	2.41547e-07	6.2011e-05	0.0001149	0.992769	0.993102	0.616574	0.572143	0.449611	0.616589	0.621509	0.630028	0.629852	0.630011	
0.993102	0.993101	0.993052	0.00054678	0.0617311	0.993094	0.993102	0.657053	0.16278	0.993102	0.993102	2.61209e-13	0.993095	0.993102	0.993102	0.000498407	0.00012723	1.91456e-07	4.64006e-05	8.6417e-05	0.992847	0.99307	0.637877	0.677993	0.585801	0.638076	0.659742	0.693306	0.693062	0.693288	
0.993102	0.992939	0.993065	0.000409168	0.0461916	0.993096	0.993102	0.615732	0.195575	0.993102	0.993102	1.95475e-13	0.993097	0.993102	0.993102	0.00037294	0.000182946	1.45263e-07	3.47198e-05	6.62217e-05	0.992908	0.99293	0.486542	0.755832	0.683302	0.486737	0.618135	0.731302	0.731012	0.731284	
0.993102	0.992382	0.993074	0.000306307	0.034564	0.993097	0.993102	0.539751	0.178781	0.993102	0.993102	1.46269e-13	0.993098	0.993102	0.993102	0.000279057	0.000161425	1.09383e-07	2.59796e-05	5.28756e-05	0.992956	0.992945	0.36637	0.806891	0.740557	0.366529	0.54169	0.801298	0.801001	0.801281	
0.993102	0.992259	0.993081	0.000229658	0.0258636	0.993099	0.993102	0.429502	0.165759	0.993102	0.993102	1.09448e-13	0.993099	0.993102	0.993102	0.000208808	0.000122459	8.19822e-08	1.94396e-05	5.30166e-05	0.992991	0.992983	0.274942	0.821522	0.747121	0.275066	0.430963	0.856495	0.856144	0.85648	
0.993102	0.992291	0.993087	0.000175046	0.0193546	0.9931	0.993102	0.330516	0.136669	0.993102	0.993102	8.18961e-14	0.9931	0.993102	0.993102	0.000156244	9.17047e-05	6.13819e-08	1.45459e-05	8.01759e-05	0.993019	0.993013	0.206075	0.726732	0.64061	0.20617	0.331589	0.932638	0.932246	0.932625	
0.993102	0.992439	0.993091	0.000143906	0.0144851	0.9931	0.993102	0.249366	0.114849	0.993102	0.993102	6.12799e-14	0.993101	0.993102	0.993102	0.000116912	6.86218e-05	4.5937e-08	1.08844e-05	0.000245415	0.993039	0.993036	0.154333	0.581227	0.506064	0.154405	0.250161	0.969597	0.969167	0.969586	
0.993102	0.992583	0.993093	0.000149966	0.0108455	0.993101	0.993102	0.187576	0.0933986	0.993102	0.993102	4.58535e-14	0.993101	0.993102	0.993102	8.74846e-05	5.13474e-05	3.43761e-08	8.15783e-06	0.000571402	0.993055	0.993052	0.115581	0.446539	0.387479	0.115637	0.188166	1.00475	1.00432	1.00474	
0.993102	0.992704	0.993096	0.000206967	0.00812684	0.993101	0.993102	0.140845	0.0761697	0.993102	0.993102	3.43105e-14	0.993101	0.993102	0.993102	6.55281e-05	3.84215e-05	2.57239e-08	6.44952e-06	0.00120961	0.993066	0.993065	0.0865611	0.339089	0.293947	0.086603	0.141284	1.02009	1.01966	1.02008	
0.993102	0.992799	0.993097	0.000326146	0.00610271	0.993101	0.993102	0.105749	0.061512	0.993102	0.993102	2.56733e-14	0.993102	0.993102	0.993102	4.96101e-05	2.87494e-05	1.92492e-08	8.04181e-06	0.00196814	0.993075	0.993074	0.0648492	0.256357	0.222189	0.0648813	0.106075	1.03038	1.02992	1.03037	
0.993102	0.992873	0.993099	0.000502957	0.00460214	0.993101	0.993102	0.0794196	0.0495839	0.993102	0.993102	1.92104e-14	0.993102	0.993102	0.993102	4.01662e-05	2.15121e-05	1.44043e-08	2.27935e-05	0.00278044	0.993081	0.993081	0.0486102	0.193506	0.167748	0.048635	0.0796632	1.02685	1.02634	1.02685	
0.993102	0.992929	0.993099	0.000724005	0.0035087	0.993102	0.993102	0.0597388	0.039527	0.993102	0.993102	1.43744e-14	0.993102	0.993102	0.993102	4.08948e-05	1.60967e-05	1.0779e-08	6.33475e-05	0.00330392	0.993086	0.993087	0.0364902	0.146021	0.12664	0.03651	0.059921	1.02688	1.02623	1.02687	
0.993102	0.992971	0.9931	0.00096681	0.00272228	0.993102	0.993102	0.0450109	0.0315438	0.993102	0.993102	1.07559e-14	0.993102	0.993102	0.993102	5.94238e-05	1.20446e-05	8.06632e-09	0.000151573	0.00370162	0.99309	0.99309	0.0274472	0.110254	0.0956851	0.0274639	0.0451477	1.03365	1.03271	1.03364	
0.993102	0.993003	0.993101	0.0012145	0.00215109	0.993102	0.993102	0.0339499	0.0255519	0.993102	0.993102	8.04822e-15	0.993102	0.993102	0.993101	0.00010539	9.01254e-06	6.03641e-09	0.000331498	0.00418326	0.993093	0.993093	0.0206842	0.0833524	0.0724062	0.0206995	0.0340525	1.04883	1.04777	1.04882	
0.993102	0.993028	0.993101	0.00145751	0.00171519	0.993102	0.993102	0.0256018	0.0214799	0.993102	0.993102	6.02219e-15	0.993102	0.993102	0.993101	0.000185837	6.74376e-06	4.51732e-09	0.000713948	0.00505076	0.993095	0.993096	0.0155991	0.0631322	0.0549098	0.0156132	0.0256791	1.06365	1.06251	1.06364	
0.993102	0.993046	0.993101	0.00169405	0.00137665	0.993102	0.993102	0.0193036	0.0189602	0.993102	0.993102	4.50619e-15	0.993102	0.993102	0.993101	0.000301503	5.04611e-06	3.3805e-09	0.0014183	0.00636797	0.993097	0.993097	0.0117705	0.0479338	0.0417582	0.0117834	0.0193625	1.07397	1.07279	1.07396	
0.993102	0.993059	0.993101	0.00192446	0.00111655	0.993102	0.993102	0.014563	0.0174534	0.993102	0.993102	3.37182e-15	0.993102	0.993102	0.9931	0.000446102	3.77582e-06	2.5298e-09	0.00247141	0.00795416	0.993098	0.993099	0.00889159	0.0365067	0.0318685	0.00890322	0.0146083	1.0935	1.09252	1.09349	
0.993102	0.99307	0.993102	0.0021471	0.00090008	0.993102	0.993102	0.010977	0.0175213	0.993102	0.993102	2.52301e-15	0.993102	0.993102	0.993099	0.000608429	2.82531e-06	1.89315e-09	0.00439199	0.010658	0.993099	0.993099	0.00671192	0.0279131	0.0244296	0.00672179	0.0110124	1.09218	1.09099	1.09217	
0.993102	0.993077	0.993102	0.00237392	0.000745083	0.993102	0.993102	0.00829553	0.0171561	0.993102	0.993102	1.88787e-15	0.993102	0.993102	0.993099	0.000774562	2.11408e-06	1.41677e-09	0.00615419	0.012581	0.993099	0.9931	0.00508243	0.0214385	0.0188222	0.00509127	0.00832361	1.10465	1.10368	1.10464	
0.993102	0.993083	0.993102	0.00258721	0.000616651	0.993102	0.993102	0.00627072	0.0177386	0.993102	0.993102	1.41263e-15	0.993102	0.993102	0.993098	0.000938088	1.58189e-06	1.06027e-09	0.00873046	0.0153195	0.9931	0.993101	0.00385023	0.0165673	0.014602	0.00385776	0.00629356	1.10864	1.10765	1.10863	
0.993102	0.993087	0.993102	0.00279736	0.000518515	0.993102	0.993102	0.00475051	0.0182982	0.993102	0.993102	1.05702e-15	0.993102	0.993102	0.993097	0.00108859	1.18367e-06	7.93502e-10	0.0113947	0.0178733	0.9931	0.993101	0.00292408	0.0128944	0.0114178	0.00293058	0.00476951	1.11259	1.1116	1.11259	
0.993102	0.993091	0.993102	0.00299862	0.000442598	0.993102	0.993102	0.00360834	0.0188957	0.993102	0.993102	7.90928e-16	0.993102	0.993102	0.993097	0.00122352	8.85696e-07	5.93877e-10	0.0141349	0.0203255	0.9931	0.993101	0.00222736	0.0101249	0.00901526	0.00223302	0.00362453	1.11342	1.11241	1.11342	
0.993102	0.993093	0.993102	0.0031887	0.000386355	0.993102	0.993102	0.00275259	0.0192456	0.993102	0.993102	5.91823e-16	0.993102	0.993102	0.993096	0.00134145	6.62734e-07	4.44502e-10	0.0165671	0.0223014	0.993101	0.993102	0.00170492	0.0080357	0.00720141	0.00170994	0.00276685	1.11379	1.11274	1.11379	
0.993102	0.993095	0.993102	0.00336126	0.000345019	0.993102	0.993102	0.00211167	0.019423	0.993102	0.993102	4.42839e-16	0.993102	0.993102	0.993096	0.00144462	4.959e-07	3.32729e-10	0.0186606	0.0238576	0.993101	0.993102	0.00131345	0.00646095	0.00583333	0.00131801	0.00212462	1.11176	1.11052	1.11175	
0.993102	0.993096	0.993102	0.00351325	0.000317367	0.993102	0.993102	0.00163408	0.0192961	0.993102	0.993102	3.31361e-16	0.993102	0.993102	0.993096	0.00153609	3.71064e-07	2.49097e-10	0.0201389	0.0247671	0.993101	0.993102	0.00102196	0.00527501	0.00480244	0.00102636	0.00164611	1.11031	1.1083	1.1103	
0.993102	0.993097	0.993102	0.00364008	0.000299189	0.993102	0.993102	0.00127813	0.0191034	0.993102	0.993102	2.47945e-16	0.993102	0.993102	0.993096	0.00162429	2.77654e-07	1.86522e-10	0.0211158	0.0252754	0.993101	0.993102	0.000805098	0.00438429	0.00402801	0.000810048	0.00128883	1.11195	1.10985	1.11194	
0.993102	0.993098	0.993102	0.00374341	0.000284174	0.993102	0.993102	0.00100986	0.0191035	0.993102	0.993102	1.85528e-16	0.993102	0.993102	0.993096	0.00170213	2.07758e-07	1.39695e-10	0.022137	0.0258916	0.993101	0.993102	0.000641676	0.00371622	0.00344711	0.000647068	0.00101954	1.11693	1.11491	1.11693	
0.993102	0.993098	0.993102	0.00383042	0.00026763	0.993102	0.993102	0.000803952	0.019559	0.993102	0.993102	1.38824e-16	0.993102	0.993102	0.993095	0.00176671	1.55458e-07	1.04644e-10	0.0236467	0.0270765	0.993101	0.993102	0.000515672	0.00321388	0.00301014	0.000521177	0.000812893	1.1199	1.11786	1.1199	
0.993102	0.993099	0.993102	0.0039128	0.000252381	0.993102	0.993102	0.000647013	0.0201442	0.993102	0.993102	1.03877e-16	0.993102	0.993102	0.993095	0.00181638	1.16324e-07	7.84093e-11	0.0252693	0.0284334	0.993101	0.993102	0.000419034	0.00283217	0.00267751	0.000424541	0.000655358	1.12863	1.1271	1.12863	
0.993102	0.993099	0.993102	0.00399352	0.00023283	0.993102	0.993102	0.000522238	0.0214457	0.993102	0.993102	7.77274e-17	0.993102	0.993102	0.993094	0.00184731	8.70409e-08	5.87614e-11	0.0280384	0.0309631	0.993101	0.993102	0.000341084	0.00254015	0.00242237	0.000346063	0.000530343	1.1324	1.13081	1.1324	
0.993102	0.993099	0.993102	0.00408815	0.000215177	0.993102	0.993102	0.00042605	0.0227223	0.993102	0.993102	5.81606e-17	0.993102	0.993102	0.993094	0.00186224	6.51297e-08	4.40529e-11	0.0308516	0.0335987	0.993101	0.993102	0.000280103	0.00230967	0.0022197	0.000284635	0.000433854	1.14022	1.13887	1.14021	
0.993102	0.993099	0.993102	0.00419371	0.000196175	0.993102	0.993102	0.000348915	0.0245298	0.993102	0.993102	4.35195e-17	0.993102	0.993102	0.993093	0.00186248	4.87342e-08	3.30347e-11	0.0346704	0.0372718	0.993101	0.993102	0.000230337	0.00212601	0.00205703	0.000234296	0.000356451	1.14531	1.14427	1.14531	
0.993102	0.993099	0.993102	0.00432104	0.000178664	0.993102	0.993102	0.000288221	0.0263156	0.993102	0.993102	3.2564e-17	0.993102	0.993102	0.993092	0.00184641	3.64661e-08	2.47832e-11	0.0388501	0.0412795	0.993101	0.993102	0.000190422	0.00197376	0.00192069	0.000193768	0.000295626	1.14497	1.14387	1.14496	
0.993102	0.993099	0.993102	0.00446683	0.000165905	0.993102	0.993102	0.000242926	0.027325	0.993102	0.993102	2.43665e-17	0.993102	0.993102	0.993092	0.00182208	2.72863e-08	1.86091e-11	0.041946	0.0442225	0.993101	0.993102	0.000160044	0.00184584	0.00180485	0.000162936	0.000250286	1.14332	1.14192	1.14332	
0.993102	0.993099	0.993102	0.00460942	0.000157562	0.993102	0.993102	0.000209862	0.0277335	0.993102	0.993102	1.82326e-17	0.993102	0.993102	0.993092	0.00180103	2.04175e-08	1.39912e-11	0.0438512	0.0460514	0.993101	0.993102	0.000137537	0.00174234	0.00171052	0.000140209	0.000217144	1.15141	1.15045	1.15141	
0.993102	0.993099	0.993102	0.00473457	0.000146428	0.993102	0.993102	0.000180859	0.029129	0.993102	0.993102	1.36428e-17	0.993102	0.993102	0.993091	0.00178085	1.52777e-08	1.05256e-11	0.0475203	0.0495988	0.993101	0.993102	0.000117917	0.00166168	0.00163677	0.000120209	0.000188111	1.15029	1.14918	1.15029	
0.993102	0.993099	0.993102	0.00487178	0.000138832	0.993102	0.993102	0.000159634	0.0297933	0.993102	0.993102	1.02084e-17	0.993102	0.993102	0.993091	0.00175766	1.14318e-08	7.93364e-12	0.0499701	0.0519732	0.993101	0.993102	0.000103153	0.0015912	0.00157157	0.000105206	0.000166885	1.14274	1.14161	1.14274	
0.993102	0.993099	0.993102	0.00500006	0.000138025	0.993102	0.993102	0.000147636	0.0291105	0.993102	0.993102	7.63857e-18	0.993102	0.993102	0.993091	0.00173746	8.55408e-09	6.00333e-12	0.0499244	0.0518082	0.993101	0.993102	9.43085e-05	0.00153368	0.00151808	9.62385e-05	0.00015525	1.14776	1.14674	1.14776	
0.993102	0.993099	0.993102	0.00508494	0.000134249	0.993102	0.993102	0.000135902	0.0293789	0.993102	0.993102	5.71567e-18	0.993102	0.993102	0.993091	0.00172955	6.40078e-09	4.55242e-12	0.0512103	0.0530053	0.993101	0.993102	8.62687e-05	0.00149526	0.00148266	8.80373e-05	0.000143707	1.1456	1.1447	1.1456	
0.993102	0.993099	0.993102	0.00516052	0.000132851	0.993102	0.993102	0.000128198	0.0292125	0.993102	0.993102	4.27683e-18	0.993102	0.993102	0.993091	0.00172199	4.78954e-09	3.4693e-12	0.0516753	0.0533547	0.993101	0.993102	8.08571e-05	0.00146455	0.00145422	8.248e-05	0.000136348	1.14346	1.14246	1.14346	
0.993102	0.993099	0.993102	0.00521688	0.00013328	0.993102	0.993102	0.000123552	0.0288271	0.993102	0.993102	3.2002e-18	0.993102	0.993102	0.993091	0.00172	3.58391e-09	2.66149e-12	0.0514908	0.0530905	0.993101	0.993102	7.75788e-05	0.00144266	0.00143404	7.914e-05	0.000132046	1.14933	1.14849	1.14933	
0.993102	0.993099	0.993102	0.00525184	0.000129886	0.993102	0.993102	0.000116988	0.0294122	0.993102	0.993102	2.3946e-18	0.993102	0.993102	0.993091	0.00172146	2.68178e-09	2.04972e-12	0.0529212	0.0544521	0.993101	0.993102	7.3352e-05	0.00142894	0.00142158	7.4779e-05	0.000125591	1.14993	1.14907	1.14993	
0.993102	0.993099	0.993102	0.00529586	0.00012701	0.993102	0.993102	0.000111766	0.0298546	0.993102	0.993102	1.79179e-18	0.993102	0.993102	0.993091	0.00171838	2.00674e-09	1.59121e-12	0.0541642	0.0556487	0.993101	0.993102	6.98299e-05	0.00141454	0.00140816	7.11571e-05	0.000120429	1.15006	1.1492	1.15006	
0.993102	0.993099	0.993102	0.00534343	0.000124809	0.993102	0.993102	0.000107773	0.0301389	0.993102	0.993102	1.34074e-18	0.993102	0.993102	0.99309	0.0017132	1.50163e-09	1.24791e-12	0.0551433	0.0565935	0.993101	0.993102	6.70239e-05	0.00140067	0.00139505	6.82766e-05	0.00011649	1.16242	1.16157	1.16242	
0.993102	0.993099	0.993102	0.0053896	0.000116666	0.993102	0.993102	9.94808e-05	0.0323937	0.993102	0.993102	1.00323e-18	0.993102	0.993102	0.99309	0.00170761	1.12367e-09	9.78454e-13	0.0596973	0.061194	0.993101	0.993102	6.1624e-05	0.00138832	0.00138329	6.2759e-05	0.000107774	1.16435	1.16363	1.16435	
0.993102	0.993098	0.993102	0.00549086	0.000109719	0.993102	0.993102	9.25477e-05	0.03399	0.993102	0.993102	7.50681e-19	0.993102	0.993102	0.993089	0.0016844	8.40849e-10	7.75092e-13	0.0638467	0.0653351	0.993101	0.993102	5.66634e-05	0.00136399	0.00135948	5.76651e-05	0.000100528	1.16642	1.16578	1.16642	
0.993102	0.993098	0.993102	0.00561992	0.000103656	0.993102	0.993102	8.6589e-05	0.0352581	0.993102	0.993102	5.6171e-19	0.993102	0.993102	0.993088	0.00165536	6.29223e-10	6.2109e-13	0.0677702	0.069232	0.993101	0.993102	5.22048e-05	0.00133549	0.00133144	5.30817e-05	9.43255e-05	1.16737	1.16676	1.16737	
0.993102	0.993098	0.993102	0.00576324	9.87718e-05	0.993102	0.993102	8.17607e-05	0.0361384	0.993102	0.993102	4.20309e-19	0.993102	0.993102	0.993088	0.00162553	4.7087e-10	5.04975e-13	0.0711251	0.0725543	0.993101	0.993102	4.84434e-05	0.00130622	0.00130257	4.92151e-05	8.93379e-05	1.1648	1.16417	1.1648	
0.993102	0.993098	0.993102	0.00590718	9.6301e-05	0.993102	0.993102	7.89911e-05	0.0361721	0.993102	0.993102	3.14504e-19	0.993102	0.993102	0.993088	0.00159883	3.52383e-10	4.20085e-13	0.0727432	0.0741359	0.993101	0.993102	4.5951e-05	0.00127891	0.0012756	4.66515e-05	8.65873e-05	1.16469	1.16401	1.16469	
0.993102	0.993098	0.993102	0.0060252	9.45676e-05	0.993102	0.993102	7.69067e-05	0.0361804	0.993102	0.993102	2.35334e-19	0.993102	0.993102	0.993088	0.00158123	2.63723e-10	3.56534e-13	0.07395	0.0753317	0.993101	0.993102	4.41008e-05	0.00125824	0.00125519	4.47587e-05	8.45518e-05	1.16712	1.16653	1.16712	
0.993102	0.993098	0.993102	0.00612139	9.22539e-05	0.993102	0.993102	7.44623e-05	0.036605	0.993102	0.993102	1.76093e-19	0.993102	0.993102	0.993088	0.00156915	1.9738e-10	3.06883e-13	0.0758255	0.0771786	0.993101	0.993102	4.22538e-05	0.0012427	0.00123986	4.28568e-05	8.2124e-05	1.16807	1.16763	1.16807	
0.993102	0.993097	0.993102	0.00621334	9.01617e-05	0.993102	0.993102	7.22845e-05	0.0369893	0.993102	0.993102	1.31766e-19	0.993102	0.993102	0.993088	0.00155716	1.47737e-10	2.68902e-13	0.0776862	0.0789616	0.993101	0.993102	4.06216e-05	0.0012285	0.00122584	4.11526e-05	8.00112e-05	1.16396	1.16349	1.16396	
0.993102	0.993097	0.993102	0.00630075	9.04479e-05	0.993102	0.993102	7.20398e-05	0.0364867	0.993102	0.993102	9.85977e-20	0.993102	0.993102	0.993088	0.00154695	1.10595e-10	2.43764e-13	0.0775777	0.0787882	0.993101	0.993102	4.00961e-05	0.00121557	0.00121305	4.05863e-05	8.00045e-05	1.16545	1.16501	1.16545	
0.993102	0.993097	0.993102	0.00635545	9.00271e-05	0.993102	0.993102	7.12996e-05	0.03645	0.993102	0.993102	7.3779e-20	0.993102	0.993102	0.993088	0.00154429	8.28012e-11	2.23633e-13	0.0780806	0.0792383	0.993101	0.993102	3.95135e-05	0.00120888	0.00120647	3.99655e-05	7.94207e-05	1.16507	1.1646	1.16507	
0.993102	0.993097	0.993102	0.00639877	8.99087e-05	0.993102	0.993102	7.08602e-05	0.0363661	0.993102	0.993102	5.52081e-20	0.993102	0.993102	0.993088	0.00154362	6.20046e-11	2.08841e-13	0.078328	0.0794533	0.993101	0.993102	3.91576e-05	0.00120409	0.00120176	3.95866e-05	7.91241e-05	1.16742	1.16694	1.16742	
0.993102	0.993097	0.993102	0.00643129	8.88034e-05	0.993102	0.993102	6.97125e-05	0.0367418	0.993102	0.993102	4.1312e-20	0.993102	0.993102	0.993088	0.00154455	4.64411e-11	1.95832e-13	0.0794042	0.08052	0.993101	0.993102	3.84661e-05	0.001201	0.00119873	3.88761e-05	7.79929e-05	1.16426	1.16376	1.16426	
0.993102	0.993097	0.993102	0.00647012	8.9397e-05	0.993102	0.993102	6.99318e-05	0.0363977	0.993102	0.993102	3.09143e-20	0.993102	0.993102	0.993088	0.00154297	3.47984e-11	1.88652e-13	0.0790421	0.0801417	0.993101	0.993102	3.84738e-05	0.00119644	0.00119422	3.8878e-05	7.8366e-05	1.16334	1.16285	1.16334	
0.993102	0.993097	0.993102	0.00649041	9.02824e-05	0.993102	0.993102	7.04094e-05	0.0360424	0.993102	0.993102	2.31342e-20	0.993102	0.993102	0.993088	0.00154504	2.60876e-11	1.84023e-13	0.0784579	0.0795405	0.993101	0.993102	3.87265e-05	0.00119508	0.0011929	3.91281e-05	7.90157e-05	1.1604	1.15993	1.1604	
0.993102	0.993097	0.993102	0.0064953	9.23733e-05	0.993102	0.993102	7.18557e-05	0.0353439	0.993102	0.993102	1.73129e-20	0.993102	0.993102	0.993088	0.00154953	1.95725e-11	1.83142e-13	0.0770104	0.0780614	0.993101	0.993102	3.95935e-05	0.0011962	0.00119404	3.99955e-05	8.07466e-05	1.15846	1.158	1.15845	
0.993102	0.993097	0.993102	0.00647663	9.49239e-05	0.993102	0.993102	7.36964e-05	0.0346197	0.993102	0.993102	1.29572e-20	0.993102	0.993102	0.993089	0.00155835	1.46996e-11	1.84282e-13	0.0752836	0.0762994	0.993101	0.993102	4.08185e-05	0.00120131	0.00119914	4.12227e-05	8.29067e-05	1.15627	1.15585	1.15627	
0.993102	0.993097	0.993102	0.00643834	9.79718e-05	0.993102	0.993102	7.59699e-05	0.0338453	0.993102	0.993102	9.69834e-21	0.993102	0.993102	0.993089	0.00157014	1.10557e-11	1.87263e-13	0.0732933	0.0742639	0.993101	0.993102	4.24047e-05	0.00120962	0.00120742	4.28073e-05	8.55438e-05	1.15237	1.15191	1.15237	
0.993102	0.993097	0.993102	0.00638291	0.000102414	0.993102	0.993102	7.93775e-05	0.0328062	0.993102	0.993102	7.26038e-21	0.993102	0.993102	0.993089	0.00158497	8.33375e-12	1.93542e-13	0.0705853	0.0715232	0.993101	0.993102	4.47539e-05	0.00122072	0.00121847	4.51766e-05	8.94017e-05	1.15282	1.1524	1.15281	
0.993102	0.993097	0.993102	0.00630596	0.000105448	0.993102	0.993102	8.1754e-05	0.0322404	0.993102	0.993102	5.43614e-21	0.993102	0.993102	0.993089	0.00160331	6.29642e-12	1.97834e-13	0.0686846	0.0695882	0.993101	0.993102	4.66682e-05	0.00123569	0.00123336	4.70944e-05	9.209e-05	1.15076	1.15037	1.15076	
0.993102	0.993097	0.993102	0.00622657	0.000108878	0.993102	0.993102	8.45048e-05	0.0315959	0.993102	0.993102	4.07146e-21	0.993102	0.993102	0.99309	0.00162027	4.77447e-12	2.03356e-13	0.0666456	0.0675118	0.993101	0.993102	4.88091e-05	0.00125059	0.00124818	4.92373e-05	9.51692e-05	1.15622	1.15586	1.15621	
0.993102	0.993098	0.993102	0.0061432	0.000108305	0.993102	0.993102	8.41864e-05	0.0320445	0.993102	0.993102	3.04961e-21	0.993102	0.993102	0.99309	0.00163671	3.62909e-12	2.01854e-13	0.0667429	0.06759	0.993101	0.993102	4.9138e-05	0.00126601	0.0012635	4.95476e-05	9.47791e-05	1.14971	1.14941	1.14971	
0.993102	0.993098	0.993102	0.00608917	0.000111551	0.993102	0.993102	8.68974e-05	0.0313146	0.993102	0.993102	2.28587e-21	0.993102	0.993102	0.99309	0.00164342	2.77983e-12	2.07725e-13	0.0648719	0.065669	0.993101	0.993102	5.10075e-05	0.00127459	0.00127202	5.14005e-05	9.77861e-05	1.14191	1.14162	1.14191	
0.993102	0.993098	0.993102	0.006024	0.000119092	0.993102	0.993102	9.2994e-05	0.0298247	0.993102	0.993102	1.71591e-21	0.993102	0.993102	0.99309	0.00165356	2.15521e-12	2.21769e-13	0.0614124	0.0621506	0.993101	0.993102	5.50564e-05	0.00128585	0.00128321	5.54498e-05	0.00010458	1.11565	1.11539	1.11565	
0.993102	0.993098	0.993102	0.00592853	0.000149253	0.993102	0.993102	0.000116937	0.0262497	0.993102	0.993102	1.30005e-21	0.993102	0.993102	0.993092	0.00167245	1.73965e-12	2.78267e-13	0.0537215	0.0543585	0.993101	0.993102	7.06154e-05	0.0013044	0.00130163	7.10609e-05	0.000131399	1.12766	1.12744	1.12766	
0.993102	0.993098	0.993102	0.00575391	0.000158867	0.993102	0.993102	0.000124813	0.0249852	0.993102	0.993102	9.83453e-22	0.993102	0.993102	0.993092	0.00171657	1.40152e-12	2.96777e-13	0.0499664	0.050558	0.993101	0.993102	7.76905e-05	0.00134401	0.00134087	7.81369e-05	0.000140143	1.14956	1.14934	1.14955	
0.993102	0.993098	0.993102	0.00558142	0.00014922	0.993102	0.993102	0.00011756	0.0270828	0.993102	0.993102	7.40424e-22	0.993102	0.993102	0.993092	0.00175802	1.1131e-12	2.79434e-13	0.0521525	0.0527699	0.993101	0.993102	7.45835e-05	0.0013832	0.00137966	7.49895e-05	0.000131861	1.14653	1.14633	1.14653	
0.993102	0.993098	0.993102	0.00549781	0.000143786	0.993102	0.993102	0.000113729	0.0278562	0.993102	0.993102	5.58929e-22	0.993102	0.993102	0.993091	0.00176642	9.0129e-13	2.70233e-13	0.0529346	0.0535519	0.993101	0.993102	7.25662e-05	0.00139691	0.0013932	7.29389e-05	0.000127355	1.14838	1.1482	1.14838	
0.993102	0.993098	0.993102	0.00545139	0.000138504	0.993102	0.993102	0.000109968	0.0285899	0.993102	0.993102	4.22694e-22	0.993102	0.993102	0.993091	0.00176413	7.40287e-13	2.61221e-13	0.0540008	0.0546131	0.993101	0.993102	7.02006e-05	0.00140156	0.00139778	7.05373e-05	0.000122954	1.14881	1.14865	1.14881	
0.993102	0.993098	0.993102	0.00543391	0.000134259	0.993102	0.993102	0.000106962	0.0290905	0.993102	0.993102	3.20609e-22	0.993102	0.993102	0.993091	0.00175507	6.1923e-13	2.54016e-13	0.0549112	0.0555135	0.993101	0.993102	6.80637e-05	0.00139979	0.00139601	6.83678e-05	0.00011943	1.14846	1.1483	1.14846	
0.993102	0.993098	0.993102	0.00543352	0.000131292	0.993102	0.993102	0.000104897	0.029337	0.993102	0.993102	2.44238e-22	0.993102	0.993102	0.993091	0.00174365	5.29106e-13	2.49056e-13	0.0554953	0.0560852	0.993101	0.993102	6.64191e-05	0.00139492	0.00139118	6.66974e-05	0.000116991	1.13802	1.13785	1.13801	
0.993102	0.993098	0.993102	0.00543999	0.000136233	0.993102	0.993102	0.000109126	0.0280996	0.993102	0.993102	1.8931e-22	0.993102	0.993102	0.993091	0.00173301	4.76951e-13	2.59044e-13	0.0533459	0.0539016	0.993101	0.993102	6.86927e-05	0.00138954	0.00138584	6.89638e-05	0.000121581	1.14115	1.141	1.14115	
0.993102	0.993098	0.993102	0.00541165	0.000137626	0.993102	0.993102	0.000110428	0.0277196	0.993102	0.993102	1.47582e-22	0.993102	0.993102	0.993091	0.00173572	4.32984e-13	2.62102e-13	0.0524649	0.0530016	0.993101	0.993102	6.96879e-05	0.00139423	0.00139052	6.99463e-05	0.000122958	1.1391	1.13894	1.1391	
0.993102	0.993099	0.993102	0.0053788	0.000140139	0.993102	0.993102	0.000112622	0.0272223	0.993102	0.993102	1.16911e-22	0.993102	0.993102	0.993091	0.00174064	4.0328e-13	2.67289e-13	0.051317	0.0518376	0.993101	0.993102	7.13429e-05	0.00140045	0.00139671	7.15974e-05	0.000125322	1.14171	1.14157	1.14171	
0.993102	0.993099	0.993102	0.00533937	0.000140101	0.993102	0.993102	0.000112754	0.0272542	0.993102	0.993102	9.337e-23	0.993102	0.993102	0.993091	0.00174803	3.76993e-13	2.67591e-13	0.0510662	0.0515793	0.993101	0.993102	7.17849e-05	0.00140871	0.00140492	7.20296e-05	0.000125399	1.13939	1.13925	1.13939	
0.993102	0.993099	0.993102	0.00530862	0.000141722	0.993102	0.993102	0.000114233	0.0269682	0.993102	0.993102	7.63195e-23	0.993102	0.993102	0.993092	0.00175251	3.60895e-13	2.71091e-13	0.0503232	0.0508238	0.993101	0.993102	7.29796e-05	0.00141466	0.00141084	7.32165e-05	0.000126969	1.1392	1.13907	1.1392	
0.993102	0.993099	0.993102	0.00527654	0.000143052	0.993102	0.993102	0.000115472	0.0267648	0.993102	0.993102	6.36418e-23	0.993102	0.993102	0.993092	0.0017577	3.49126e-13	2.74027e-13	0.0497189	0.0502071	0.993101	0.993102	7.40581e-05	0.0014212	0.00141733	7.42836e-05	0.000128281	1.14593	1.14581	1.14593	
0.993102	0.993099	0.993102	0.00524557	0.000139362	0.993102	0.993102	0.000112637	0.0275638	0.993102	0.993102	5.26297e-23	0.993102	0.993102	0.993091	0.00176282	3.30355e-13	2.67297e-13	0.0509011	0.0513958	0.993101	0.993102	7.24837e-05	0.00142759	0.00142367	7.26951e-05	0.000125069	1.15029	1.15016	1.15029	
0.993102	0.993099	0.993102	0.00524163	0.000133886	0.993102	0.993102	0.00010834	0.0287	0.993102	0.993102	4.35194e-23	0.993102	0.993102	0.993091	0.0017591	3.10547e-13	2.57093e-13	0.0529518	0.0534608	0.993101	0.993102	6.96324e-05	0.00142656	0.00142265	6.98309e-05	0.000120234	1.14878	1.14866	1.14878	
0.993102	0.993099	0.993102	0.00526869	0.000130699	0.993102	0.993102	0.000105865	0.0291432	0.993102	0.993102	3.68605e-23	0.993102	0.993102	0.993091	0.00174631	2.97659e-13	2.51209e-13	0.0540746	0.0545838	0.993101	0.993102	6.76152e-05	0.00141768	0.00141384	6.7801e-05	0.000117441	1.14698	1.14684	1.14697	
0.993102	0.993099	0.993102	0.00530239	0.000129452	0.993102	0.993102	0.00010491	0.0291502	0.993102	0.993102	3.2163e-23	0.993102	0.993102	0.993091	0.00173362	2.90442e-13	2.4893e-13	0.0544352	0.0549441	0.993101	0.993102	6.65334e-05	0.00140791	0.00140414	6.67177e-05	0.000116347	1.14973	1.14961	1.14973	
0.993102	0.993099	0.993102	0.00532965	0.000126842	0.993102	0.993102	0.0001028	0.0295548	0.993102	0.993102	2.81701e-23	0.993102	0.993102	0.993091	0.00172448	2.81385e-13	2.43913e-13	0.055466	0.0559753	0.993101	0.993102	6.48664e-05	0.00140053	0.00139684	6.50415e-05	0.000114011	1.14516	1.14503	1.14516	
0.993102	0.993099	0.993102	0.00536259	0.000127776	0.993102	0.993102	0.000103532	0.0291458	0.993102	0.993102	2.59696e-23	0.993102	0.993102	0.993091	0.00171478	2.80756e-13	2.45639e-13	0.0550256	0.0555264	0.993101	0.993102	6.49293e-05	0.00139219	0.00138857	6.51047e-05	0.000114836	1.15116	1.15103	1.15116	
0.993102	0.993098	0.993102	0.00537788	0.00012478	0.993102	0.993102	0.000101057	0.0297699	0.993102	0.993102	2.33134e-23	0.993102	0.993102	0.99309	0.00171151	2.72342e-13	2.39757e-13	0.0563255	0.0568326	0.993101	0.993102	6.32428e-05	0.00138878	0.00138521	6.3412e-05	0.000112118	1.15605	1.15592	1.15605	
0.993102	0.993098	0.993102	0.00540728	0.000119829	0.993102	0.993102	9.70003e-05	0.0309206	0.993102	0.993102	2.05978e-23	0.993102	0.993102	0.99309	0.00170404	2.60246e-13	2.30125e-13	0.0587584	0.0592798	0.993101	0.993102	6.04503e-05	0.00138189	0.00137838	6.06112e-05	0.000107644	1.15543	1.1553	1.15543	
0.993102	0.993098	0.993102	0.00546306	0.000116472	0.993102	0.993102	9.42177e-05	0.0314905	0.993102	0.993102	1.85731e-23	0.993102	0.993102	0.99309	0.00168938	2.51902e-13	2.23512e-13	0.0604005	0.0609282	0.993101	0.993102	5.82214e-05	0.00136889	0.00136548	5.83766e-05	0.00010459	1.15758	1.15745	1.15758	
0.993102	0.993098	0.993102	0.00552422	0.000112864	0.993102	0.993102	9.12043e-05	0.0321732	0.993102	0.993102	1.67684e-23	0.993102	0.993102	0.993089	0.00167462	2.43254e-13	2.16351e-13	0.062322	0.0628557	0.993101	0.993102	5.58673e-05	0.00135533	0.00135203	5.60154e-05	0.000101297	1.16163	1.1615	1.16162	
0.993102	0.993098	0.993102	0.00559325	0.000108196	0.993102	0.993102	8.73166e-05	0.0332597	0.993102	0.993102	1.49587e-23	0.993102	0.993102	0.993089	0.001659	2.32523e-13	2.07117e-13	0.065122	0.0656661	0.993101	0.993102	5.29956e-05	0.00134066	0.00133747	5.31349e-05	9.70429e-05	1.16167	1.16154	1.16167	
0.993102	0.993098	0.993102	0.00568099	0.000104716	0.993102	0.993102	8.43639e-05	0.0338897	0.993102	0.993102	1.3552e-23	0.993102	0.993102	0.993089	0.00163978	2.24454e-13	2.00099e-13	0.0672588	0.0678085	0.993101	0.993102	5.05963e-05	0.00132262	0.00131956	5.07296e-05	9.38383e-05	1.1635	1.16338	1.1635	
0.993102	0.993098	0.993102	0.00577087	0.000101299	0.993102	0.993102	8.14375e-05	0.0345706	0.993102	0.993102	1.23088e-23	0.993102	0.993102	0.993088	0.00162178	2.16598e-13	1.93145e-13	0.0695318	0.0700863	0.993101	0.993102	4.82751e-05	0.00130509	0.00130215	4.8402e-05	9.06776e-05	1.16788	1.16776	1.16788	
0.993102	0.993098	0.993102	0.00586445	9.68579e-05	0.993102	0.993102	7.76828e-05	0.0357562	0.993102	0.993102	1.10087e-23	0.993102	0.993102	0.993088	0.00160435	2.06635e-13	1.84228e-13	0.0728844	0.0734469	0.993101	0.993102	4.55361e-05	0.00128767	0.00128485	4.5654e-05	8.66005e-05	1.16695	1.16682	1.16694	
0.993102	0.993098	0.993102	0.00597735	9.39744e-05	0.993102	0.993102	7.51578e-05	0.0362485	0.993102	0.993102	1.00644e-23	0.993102	0.993102	0.993088	0.00158368	2.00031e-13	1.78226e-13	0.0750741	0.0756397	0.993101	0.993102	4.34397e-05	0.0012673	0.00126462	4.35527e-05	8.39001e-05	1.16592	1.16576	1.16591	
0.993102	0.993098	0.993102	0.00608476	9.23149e-05	0.993102	0.993102	7.35836e-05	0.0363462	0.993102	0.993102	9.42127e-24	0.993102	0.993102	0.993088	0.00156639	1.96059e-13	1.7448e-13	0.0763631	0.0769353	0.993101	0.993102	4.19723e-05	0.00124905	0.0012465	4.20865e-05	8.22673e-05	1.16976	1.16962	1.16976	
0.993102	0.993097	0.993102	0.00617522	8.94915e-05	0.993102	0.993102	7.10889e-05	0.0371042	0.993102	0.993102	8.67068e-24	0.993102	0.993102	0.993087	0.00155425	1.89644e-13	1.68554e-13	0.07885	0.0794293	0.993101	0.993102	4.01573e-05	0.0012348	0.00123235	4.02676e-05	7.96102e-05	1.16822	1.16804	1.16822	
0.993102	0.993097	0.993102	0.00627354	8.80563e-05	0.993102	0.993102	6.96935e-05	0.0372483	0.993102	0.993102	8.1902e-24	0.993102	0.993102	0.993087	0.00154104	1.86216e-13	1.65235e-13	0.0801339	0.0807243	0.993101	0.993102	3.89369e-05	0.00121959	0.00121724	3.90504e-05	7.81745e-05	1.16972	1.16954	1.16972	
0.993102	0.993097	0.993102	0.00635838	8.63977e-05	0.993102	0.993102	6.81285e-05	0.0376093	0.993102	0.993102	7.73011e-24	0.993102	0.993102	0.993087	0.00153165	1.82346e-13	1.61516e-13	0.0817204	0.0823264	0.993101	0.993102	3.77354e-05	0.00120734	0.00120507	3.78523e-05	7.65443e-05	1.17053	1.17035	1.17053	
0.993102	0.993097	0.993102	0.00643955	8.48641e-05	0.993102	0.993102	6.66758e-05	0.0379613	0.993102	0.993102	7.32641e-24	0.993102	0.993102	0.993087	0.00152315	1.7876e-13	1.58064e-13	0.0832676	0.0838836	0.993101	0.993102	3.66381e-05	0.00119604	0.00119385	3.67559e-05	7.5038e-05	1.17032	1.17013	1.17032	
0.993102	0.993097	0.993102	0.00651761	8.38321e-05	0.993102	0.993102	6.56268e-05	0.0381219	0.993102	0.993102	7.0288e-24	0.993102	0.993102	0.993087	0.00151546	1.76257e-13	1.5557e-13	0.0843741	0.0849997	0.993101	0.993102	3.5792e-05	0.00118551	0.0011834	3.59121e-05	7.39793e-05	1.16974	1.16952	1.16974	
0.993102	0.993097	0.993102	0.00658678	8.33297e-05	0.993102	0.993102	6.50007e-05	0.0381101	0.993102	0.993102	6.84077e-24	0.993102	0.993102	0.993087	0.00150991	1.74907e-13	1.54079e-13	0.0849898	0.0856323	0.993101	0.993102	3.52294e-05	0.00117669	0.00117464	3.53568e-05	7.33841e-05	1.17097	1.17073	1.17097	
0.993102	0.993097	0.993102	0.00664286	8.24845e-05	0.993102	0.993102	6.41271e-05	0.0383349	0.993102	0.993102	6.62769e-24	0.993102	0.993102	0.993087	0.00150704	1.72875e-13	1.52003e-13	0.0859635	0.08663	0.993101	0.993102	3.46064e-05	0.00117016	0.00116815	3.47418e-05	7.24962e-05	1.17157	1.17131	1.17156	
0.993102	0.993097	0.993102	0.00669636	8.16349e-05	0.993102	0.993102	6.32716e-05	0.0385773	0.993102	0.993102	6.42809e-24	0.993102	0.993102	0.993087	0.0015042	1.70869e-13	1.49971e-13	0.0869538	0.087647	0.993101	0.993102	3.40054e-05	0.00116396	0.00116199	3.41492e-05	7.16158e-05	1.17343	1.17318	1.17343	
0.993102	0.993097	0.993102	0.00674844	8.02923e-05	0.993102	0.993102	6.20571e-05	0.039069	0.993102	0.993102	6.16798e-24	0.993102	0.993102	0.993087	0.001501	1.67845e-13	1.47088e-13	0.0885001	0.0892148	0.993101	0.993102	3.32215e-05	0.00115792	0.00115599	3.33686e-05	7.0325e-05	1.17489	1.17466	1.17489	
0.993102	0.993097	0.993102	0.00680815	7.87524e-05	0.993102	0.993102	6.07082e-05	0.0396255	0.993102	0.993102	5.88432e-24	0.993102	0.993102	0.993086	0.00149559	1.64413e-13	1.43887e-13	0.0903195	0.0910459	0.993101	0.993102	3.23364e-05	0.00115058	0.00114869	3.24816e-05	6.88811e-05	1.17436	1.17408	1.17435	
0.993102	0.993096	0.993102	0.00687663	7.78254e-05	0.993102	0.993102	5.98362e-05	0.0398341	0.993102	0.993102	5.68803e-24	0.993102	0.993102	0.993086	0.00148864	1.623e-13	1.41816e-13	0.0914556	0.0922069	0.993101	0.993102	3.16713e-05	0.00114193	0.00114009	3.1822e-05	6.7962e-05	1.17593	1.17562	1.17592	
0.993102	0.993096	0.993102	0.00694018	7.6573e-05	0.993102	0.993102	5.87191e-05	0.0402652	0.993102	0.993102	5.46029e-24	0.993102	0.993102	0.993086	0.00148315	1.59528e-13	1.39165e-13	0.0930106	0.0937982	0.993101	0.993102	3.09124e-05	0.00113427	0.00113248	3.10701e-05	6.67572e-05	1.17558	1.17522	1.17558	
0.993102	0.993096	0.993102	0.00700777	7.5788e-05	0.993102	0.993102	5.79629e-05	0.0404423	0.993102	0.993102	5.29903e-24	0.993102	0.993102	0.993086	0.00147717	1.57759e-13	1.37369e-13	0.0940278	0.0948621	0.993101	0.993102	3.03326e-05	0.00112613	0.00112438	3.05027e-05	6.59507e-05	1.17708	1.17676	1.17708	
0.993102	0.993096	0.993102	0.00706966	7.4676e-05	0.993102	0.993102	5.69622e-05	0.040834	0.993102	0.993102	5.10414e-24	0.993102	0.993102	0.993086	0.00147216	1.55271e-13	1.34994e-13	0.0955078	0.0963675	0.993101	0.993102	2.96602e-05	0.00111906	0.00111734	2.98333e-05	6.48823e-05	1.17708	1.17673	1.17708	
0.993102	0.993096	0.993102	0.00713478	7.38693e-05	0.993102	0.993102	5.61986e-05	0.0410501	0.993102	0.993102	4.95159e-24	0.993102	0.993102	0.993086	0.0014666	1.53429e-13	1.33181e-13	0.0966326	0.0975189	0.993101	0.993102	2.91038e-05	0.0011116	0.00110991	2.92814e-05	6.40791e-05	1.17705	1.17662	1.17705	
0.993102	0.993096	0.993102	0.00719628	7.32993e-05	0.993102	0.993102	5.56171e-05	0.0411799	0.993102	0.993102	4.83723e-24	0.993102	0.993102	0.993086	0.00146245	1.52136e-13	1.318e-13	0.0974532	0.0983976	0.993101	0.993102	2.86614e-05	0.00110482	0.00110317	2.88543e-05	6.346e-05	1.17899	1.17864	1.17899	
0.993102	0.993096	0.993102	0.00725165	7.22074e-05	0.993102	0.993102	5.46489e-05	0.0416291	0.993102	0.993102	4.66384e-24	0.993102	0.993102	0.993086	0.00145869	1.49685e-13	1.29503e-13	0.0990283	0.0999853	0.993101	0.993102	2.80509e-05	0.00109904	0.00109742	2.82416e-05	6.24305e-05	1.18	1.17965	1.18	
0.993102	0.993096	0.993102	0.00731399	7.10642e-05	0.993102	0.993102	5.36511e-05	0.0420806	0.993102	0.993102	4.48512e-24	0.993102	0.993102	0.993085	0.00145344	1.4714e-13	1.27136e-13	0.100707	0.101677	0.993101	0.993102	2.74048e-05	0.00109227	0.00109068	2.75927e-05	6.13624e-05	1.18052	1.18015	1.18051	
0.993102	0.993096	0.993102	0.00738239	7.00543e-05	0.993102	0.993102	5.27569e-05	0.0424347	0.993102	0.993102	4.32362e-24	0.993102	0.993102	0.993085	0.00144725	1.44881e-13	1.25015e-13	0.102237	0.103224	0.993101	0.993102	2.6798e-05	0.00108477	0.00108321	2.69846e-05	6.04083e-05	1.18014	1.17969	1.18014	
0.993102	0.993096	0.993102	0.0074523	6.94487e-05	0.993102	0.993102	5.2165e-05	0.0425673	0.993102	0.993102	4.21355e-24	0.993102	0.993102	0.993085	0.00144173	1.43517e-13	1.2361e-13	0.103193	0.104234	0.993101	0.993102	2.63464e-05	0.00107726	0.00107574	2.65438e-05	5.9776e-05	1.18011	1.17963	1.18011	
0.993102	0.993096	0.993102	0.00751509	6.90302e-05	0.993102	0.993102	5.17123e-05	0.0426375	0.993102	0.993102	4.13167e-24	0.993102	0.993102	0.993085	0.00143784	1.42536e-13	1.22535e-13	0.103916	0.105008	0.993101	0.993102	2.59957e-05	0.00107093	0.00106944	2.62042e-05	5.93046e-05	1.18146	1.18103	1.18146	
0.993102	0.993095	0.993102	0.00756963	6.82831e-05	0.993102	0.993102	5.102e-05	0.0429464	0.993102	0.993102	4.01779e-24	0.993102	0.993102	0.993085	0.00143495	1.40828e-13	1.20892e-13	0.105164	0.106276	0.993101	0.993102	2.55572e-05	0.00106582	0.00106435	2.57659e-05	5.8578e-05	1.18286	1.1825	1.18286	
0.993102	0.993095	0.993102	0.00762669	6.7284e-05	0.993102	0.993102	5.01495e-05	0.0433931	0.993102	0.993102	3.87655e-24	0.993102	0.993102	0.993085	0.00143084	1.38561e-13	1.18828e-13	0.106853	0.107948	0.993101	0.993102	2.50245e-05	0.00106037	0.00105892	2.52227e-05	5.76636e-05	1.18297	1.1826	1.18297	
0.993102	0.993095	0.993102	0.00769137	6.65186e-05	0.993102	0.993102	4.94575e-05	0.0436592	0.993102	0.993102	3.76052e-24	0.993102	0.993102	0.993085	0.00142552	1.36801e-13	1.17186e-13	0.108194	0.109285	0.993101	0.993102	2.45601e-05	0.00105394	0.00105251	2.47522e-05	5.69433e-05	1.18432	1.18401	1.18432	
0.993102	0.993095	0.993102	0.00775544	6.55359e-05	0.993102	0.993102	4.86069e-05	0.0440777	0.993102	0.993102	3.6242e-24	0.993102	0.993102	0.993085	0.00142013	1.3456e-13	1.15169e-13	0.109948	0.111007	0.993101	0.993102	2.40272e-05	0.00104774	0.00104634	2.42058e-05	5.60545e-05	1.18498	1.1847	1.18498	
0.993102	0.993095	0.993102	0.00782521	6.46147e-05	0.993102	0.993102	4.78042e-05	0.0444357	0.993102	0.993102	3.49507e-24	0.993102	0.993102	0.993084	0.00141383	1.32443e-13	1.13265e-13	0.11165	0.112671	0.993101	0.993102	2.35082e-05	0.00104094	0.00103956	2.36724e-05	5.5222e-05	1.18497	1.18468	1.18497	
0.993102	0.993095	0.993102	0.00789752	6.3949e-05	0.993102	0.993102	4.71888e-05	0.0446275	0.993102	0.993102	3.39434e-24	0.993102	0.993102	0.993084	0.0014077	1.30872e-13	1.11805e-13	0.112951	0.11395	0.993101	0.993102	2.30808e-05	0.00103401	0.00103266	2.32359e-05	5.45963e-05	1.1851	1.18481	1.1851	
0.993102	0.993095	0.993102	0.00796532	6.34354e-05	0.993102	0.993102	4.66838e-05	0.0447554	0.993102	0.993102	3.31329e-24	0.993102	0.993102	0.993084	0.00140277	1.29617e-13	1.10607e-13	0.114027	0.115008	0.993101	0.993102	2.27267e-05	0.00102784	0.00102651	2.28745e-05	5.40961e-05	1.18584	1.18559	1.18584	
0.993102	0.993095	0.993102	0.00802685	6.28418e-05	0.993102	0.993102	4.61228e-05	0.0449773	0.993102	0.993102	3.22851e-24	0.993102	0.993102	0.993084	0.00139889	1.28187e-13	1.09276e-13	0.115278	0.116229	0.993101	0.993102	2.23674e-05	0.00102257	0.00102126	2.25052e-05	5.35356e-05	1.18609	1.18585	1.18609	
0.993102	0.993095	0.993102	0.0080871	6.23394e-05	0.993102	0.993102	4.56331e-05	0.0451479	0.993102	0.993102	3.15508e-24	0.993102	0.993102	0.993084	0.00139525	1.26956e-13	1.08114e-13	0.116384	0.117308	0.993101	0.993102	2.2048e-05	0.0010175	0.00101621	2.21773e-05	5.30526e-05	1.18632	1.18608	1.18632	
0.993102	0.993095	0.993102	0.00814425	6.1913e-05	0.993102	0.993102	4.52032e-05	0.0452862	0.993102	0.993102	3.09177e-24	0.993102	0.993102	0.993084	0.00139214	1.25891e-13	1.07094e-13	0.117368	0.118269	0.993101	0.993102	2.1767e-05	0.00101284	0.00101157	2.18891e-05	5.26342e-05	1.18601	1.18575	1.18601	
0.993102	0.993094	0.993102	0.00819754	6.17048e-05	0.993102	0.993102	4.49363e-05	0.0452975	0.993102	0.993102	3.05247e-24	0.993102	0.993102	0.993084	0.0013898	1.25296e-13	1.06461e-13	0.117962	0.118856	0.993101	0.993102	2.15743e-05	0.00100866	0.00100741	2.16934e-05	5.23943e-05	1.18601	1.18575	1.18601	
0.993102	0.993094	0.993102	0.00824235	6.15661e-05	0.993102	0.993102	4.47251e-05	0.0453039	0.993102	0.993102	3.02381e-24	0.993102	0.993102	0.993084	0.00138874	1.24855e-13	1.05959e-13	0.118432	0.119323	0.993101	0.993102	2.14291e-05	0.00100547	0.00100423	2.15464e-05	5.22144e-05	1.18625	1.18599	1.18625	
0.993102	0.993094	0.993102	0.00827991	6.14038e-05	0.993102	0.993102	4.45051e-05	0.045356	0.993102	0.993102	2.99582e-24	0.993102	0.993102	0.993084	0.00138845	1.24371e-13	1.05437e-13	0.118939	0.119822	0.993101	0.993102	2.12949e-05	0.00100305	0.00100182	2.14095e-05	5.20215e-05	1.18626	1.18601	1.18626	
0.993102	0.993094	0.993102	0.00831336	6.129e-05	0.993102	0.993102	4.43294e-05	0.0453866	0.993102	0.993102	2.97431e-24	0.993102	0.993102	0.993084	0.0013884	1.24002e-13	1.0502e-13	0.119345	0.120222	0.993101	0.993102	2.11877e-05	0.00100098	0.000999758	2.13004e-05	5.18736e-05	1.18632	1.18606	1.18632	
0.993102	0.993094	0.993102	0.0083425	6.11975e-05	0.993102	0.993102	4.41778e-05	0.0454155	0.993102	0.993102	2.95657e-24	0.993102	0.993102	0.993084	0.00138863	1.23691e-13	1.0466e-13	0.119698	0.120571	0.993101	0.993102	2.10983e-05	0.000999274	0.00099806	2.12094e-05	5.17479e-05	1.18656	1.18632	1.18656	
0.993102	0.993094	0.993102	0.00836797	6.1062e-05	0.993102	0.993102	4.40041e-05	0.0454813	0.993102	0.993102	2.93594e-24	0.993102	0.993102	0.993084	0.0013889	1.23297e-13	1.04248e-13	0.120116	0.12098	0.993101	0.993102	2.10026e-05	0.000997852	0.000996645	2.1111e-05	5.15942e-05	1.18686	1.18663	1.18686	
0.993102	0.993094	0.993102	0.00839197	6.08788e-05	0.993102	0.993102	4.38042e-05	0.0455785	0.993102	0.993102	2.91132e-24	0.993102	0.993102	0.993084	0.00138893	1.22816e-13	1.03774e-13	0.120607	0.121459	0.993101	0.993102	2.08936e-05	0.000996459	0.000995256	2.09987e-05	5.14062e-05	1.18757	1.18737	1.18756	
0.993102	0.993094	0.993102	0.00841608	6.05357e-05	0.993102	0.993102	4.34968e-05	0.0457781	0.993102	0.993102	2.87144e-24	0.993102	0.993102	0.993084	0.00138836	1.22005e-13	1.03046e-13	0.121391	0.122215	0.993101	0.993102	2.07294e-05	0.00099493	0.000993732	2.08279e-05	5.1095e-05	1.18757	1.18738	1.18757	
0.993102	0.993094	0.993102	0.00844466	6.02837e-05	0.993102	0.993102	4.32598e-05	0.0458844	0.993102	0.993102	2.83892e-24	0.993102	0.993102	0.993084	0.00138686	1.21392e-13	1.02484e-13	0.121997	0.1228	0.993101	0.993102	2.05854e-05	0.000992791	0.000991599	2.06787e-05	5.08604e-05	1.18802	1.18784	1.18801	
0.993102	0.993094	0.993102	0.00847302	5.9972e-05	0.993102	0.993102	4.29822e-05	0.0460338	0.993102	0.993102	2.80117e-24	0.993102	0.993102	0.993084	0.00138526	1.20656e-13	1.01826e-13	0.12272	0.123495	0.993101	0.993102	2.04223e-05	0.000990661	0.000989475	2.05094e-05	5.0579e-05	1.18813	1.18796	1.18813	
0.993102	0.993094	0.993102	0.00850308	5.97142e-05	0.993102	0.993102	4.27449e-05	0.0461358	0.993102	0.993102	2.76821e-24	0.993102	0.993102	0.993084	0.00138339	1.20036e-13	1.01263e-13	0.12334	0.124093	0.993101	0.993102	2.02742e-05	0.000988327	0.000987147	2.03561e-05	5.0342e-05	1.1885	1.18835	1.1885	
0.993102	0.993094	0.993102	0.00853255	5.94202e-05	0.993102	0.993102	4.24825e-05	0.0462682	0.993102	0.993102	2.73242e-24	0.993102	0.993102	0.993084	0.00138157	1.19341e-13	1.00641e-13	0.124038	0.124764	0.993101	0.993102	2.01163e-05	0.000986075	0.000984902	2.01922e-05	5.00765e-05	1.18842	1.18827	1.18842	
0.993102	0.993094	0.993102	0.00856285	5.92322e-05	0.993102	0.993102	4.22966e-05	0.0463203	0.993102	0.993102	2.70639e-24	0.993102	0.993102	0.993084	0.00137971	1.18868e-13	1.002e-13	0.124532	0.125238	0.993101	0.993102	1.99929e-05	0.000983735	0.00098257	2.00645e-05	4.98971e-05	1.18846	1.18831	1.18845	
0.993102	0.993094	0.993102	0.00859041	5.90901e-05	0.993102	0.993102	4.21436e-05	0.0463554	0.993102	0.993102	2.68567e-24	0.993102	0.993102	0.993084	0.00137837	1.18493e-13	9.9837e-14	0.124939	0.12563	0.993101	0.993102	1.98918e-05	0.000981728	0.000980568	1.99601e-05	4.97541e-05	1.18872	1.18859	1.18872	
0.993102	0.993094	0.993102	0.00861494	5.89129e-05	0.993102	0.993102	4.19673e-05	0.0464306	0.993102	0.993102	2.66286e-24	0.993102	0.993102	0.993084	0.00137742	1.18046e-13	9.9419e-14	0.125415	0.126087	0.993101	0.993102	1.97864e-05	0.000980052	0.000978898	1.98508e-05	4.95841e-05	1.18884	1.18871	1.18884	
0.993102	0.993094	0.993102	0.00863871	5.87538e-05	0.993102	0.993102	4.18063e-05	0.0464945	0.993102	0.993102	2.64205e-24	0.993102	0.993102	0.993083	0.0013765	1.17641e-13	9.90371e-14	0.125853	0.126508	0.993101	0.993102	1.96889e-05	0.000978428	0.000977279	1.97499e-05	4.94298e-05	1.18863	1.18849	1.18863	
0.993102	0.993094	0.993102	0.00866134	5.87028e-05	0.993102	0.993102	4.17241e-05	0.0464832	0.993102	0.993102	2.63147e-24	0.993102	0.993102	0.993083	0.00137574	1.17464e-13	9.88421e-14	0.126074	0.12672	0.993101	0.993102	1.963e-05	0.000976898	0.000975755	1.96891e-05	4.93638e-05	1.18907	1.18896	1.18907	
0.993102	0.993094	0.993102	0.00867976	5.85412e-05	0.993102	0.993102	4.15658e-05	0.0465719	0.993102	0.993102	2.61223e-24	0.993102	0.993102	0.993083	0.00137542	1.1706e-13	9.84667e-14	0.126511	0.12714	0.993101	0.993102	1.95438e-05	0.000975809	0.000974669	1.95994e-05	4.92102e-05	1.18888	1.18875	1.18888	
0.993102	0.993094	0.993102	0.00869903	5.84831e-05	0.993102	0.993102	4.14841e-05	0.0465761	0.993102	0.993102	2.60207e-24	0.993102	0.993102	0.993083	0.00137488	1.16877e-13	9.82728e-14	0.126735	0.127355	0.993101	0.993102	1.94897e-05	0.000974558	0.000973422	1.95435e-05	4.91415e-05	1.18922	1.18911	1.18922	
0.993102	0.993094	0.993102	0.00871533	5.83463e-05	0.993102	0.993102	4.1349e-05	0.0466508	0.993102	0.993102	2.58577e-24	0.993102	0.993102	0.993083	0.00137461	1.16533e-13	9.79525e-14	0.127112	0.127716	0.993101	0.993102	1.94161e-05	0.000973601	0.000972469	1.94669e-05	4.90107e-05	1.18931	1.1892	1.18931	
0.993102	0.993094	0.993102	0.00873222	5.82223e-05	0.993102	0.993102	4.12258e-05	0.0467091	0.993102	0.993102	2.57046e-24	0.993102	0.993102	0.993083	0.00137409	1.16221e-13	9.76606e-14	0.127456	0.128047	0.993101	0.993102	1.9345e-05	0.00097252	0.000971391	1.93931e-05	4.88919e-05	1.18942	1.18932	1.18942	
0.993102	0.993094	0.993102	0.0087489	5.81007e-05	0.993102	0.993102	4.11064e-05	0.0467645	0.993102	0.993102	2.55546e-24	0.993102	0.993102	0.993083	0.00137349	1.15917e-13	9.73774e-14	0.127793	0.12837	0.993101	0.993102	1.9275e-05	0.000971426	0.0009703	1.93206e-05	4.87759e-05	1.1895	1.18941	1.1895	
0.993102	0.993094	0.993102	0.00876529	5.79912e-05	0.993102	0.993102	4.09971e-05	0.0468105	0.993102	0.993102	2.54167e-24	0.993102	0.993102	0.993083	0.00137286	1.1564e-13	9.71183e-14	0.128102	0.128667	0.993101	0.993102	1.92097e-05	0.000970336	0.000969213	1.92528e-05	4.86706e-05	1.18961	1.18952	1.18961	
0.993102	0.993094	0.993102	0.00878103	5.78838e-05	0.993102	0.993102	4.08907e-05	0.0468569	0.993102	0.993102	2.5283e-24	0.993102	0.993102	0.993083	0.00137226	1.1537e-13	9.68659e-14	0.128404	0.128958	0.993101	0.993102	1.91464e-05	0.000969296	0.000968177	1.91873e-05	4.85677e-05	1.18983	1.18975	1.18983	
0.993102	0.993094	0.993102	0.00879624	5.77436e-05	0.993102	0.993102	4.07624e-05	0.0469293	0.993102	0.993102	2.51224e-24	0.993102	0.993102	0.993083	0.00137165	1.15034e-13	9.65618e-14	0.128771	0.129311	0.993101	0.993102	1.90734e-05	0.000968292	0.000967175	1.91117e-05	4.84388e-05	1.19001	1.18993	1.19001	
0.993102	0.993093	0.993102	0.00881217	5.75925e-05	0.993102	0.993102	4.06277e-05	0.0470051	0.993102	0.993102	2.49509e-24	0.993102	0.993102	0.993083	0.00137086	1.14678e-13	9.62425e-14	0.129159	0.129684	0.993101	0.993102	1.89953e-05	0.000967188	0.000966074	1.90309e-05	4.83018e-05	1.19001	1.18993	1.19001	
0.993102	0.993093	0.993102	0.00882886	5.74843e-05	0.993102	0.993102	4.05238e-05	0.0470443	0.993102	0.993102	2.48152e-24	0.993102	0.993102	0.993083	0.00136995	1.14412e-13	9.59962e-14	0.129459	0.129972	0.993101	0.993102	1.89298e-05	0.000965994	0.000964883	1.89633e-05	4.81996e-05	1.19009	1.19002	1.19009	
0.993102	0.993093	0.993102	0.00884457	5.73842e-05	0.993102	0.993102	4.04259e-05	0.0470826	0.993102	0.993102	2.46901e-24	0.993102	0.993102	0.993083	0.00136921	1.14163e-13	9.57641e-14	0.129742	0.130244	0.993101	0.993102	1.88693e-05	0.000964909	0.000963802	1.89008e-05	4.8104e-05	1.19021	1.19014	1.1902	
0.993102	0.993093	0.993102	0.00885943	5.72804e-05	0.993102	0.993102	4.0326e-05	0.0471279	0.993102	0.993102	2.45647e-24	0.993102	0.993102	0.993083	0.00136858	1.13907e-13	9.55271e-14	0.130032	0.130524	0.993101	0.993102	1.88094e-05	0.000963912	0.000962807	1.88391e-05	4.80056e-05	1.1902	1.19013	1.1902	
0.993102	0.993093	0.993102	0.00887389	5.7209e-05	0.993102	0.993102	4.02496e-05	0.0471498	0.993102	0.993102	2.44688e-24	0.993102	0.993102	0.993083	0.001368	1.1372e-13	9.53459e-14	0.130255	0.130738	0.993101	0.993102	1.87611e-05	0.000962945	0.000961844	1.87892e-05	4.79337e-05	1.19015	1.19009	1.19015	
0.993102	0.993093	0.993102	0.00888697	5.71732e-05	0.993102	0.993102	4.01989e-05	0.0471509	0.993102	0.993102	2.44076e-24	0.993102	0.993102	0.993083	0.00136762	1.13607e-13	9.52256e-14	0.130402	0.13088	0.993101	0.993102	1.87272e-05	0.000962116	0.000961017	1.87543e-05	4.78909e-05	1.19042	1.19036	1.19042	
0.993102	0.993093	0.993102	0.00889797	5.70736e-05	0.993102	0.993102	4.01047e-05	0.0472098	0.993102	0.993102	2.42974e-24	0.993102	0.993102	0.993083	0.00136744	1.13365e-13	9.50023e-14	0.130679	0.131147	0.993101	0.993102	1.86767e-05	0.00096149	0.000960393	1.87022e-05	4.77971e-05	1.19052	1.19047	1.19052	
0.993102	0.993093	0.993102	0.00890982	5.69729e-05	0.993102	0.993102	4.00114e-05	0.047263	0.993102	0.993102	2.41839e-24	0.993102	0.993102	0.993083	0.00136703	1.13123e-13	9.47811e-14	0.130953	0.131412	0.993101	0.993102	1.8624e-05	0.000960736	0.000959642	1.86478e-05	4.77033e-05	1.19049	1.19044	1.19049	
0.993102	0.993093	0.993102	0.00892212	5.69087e-05	0.993102	0.993102	3.99446e-05	0.0472844	0.993102	0.993102	2.41005e-24	0.993102	0.993102	0.993083	0.00136652	1.12958e-13	9.46228e-14	0.13115	0.131602	0.993101	0.993102	1.8582e-05	0.000959915	0.000958823	1.86046e-05	4.76396e-05	1.19062	1.19058	1.19062	
0.993102	0.993093	0.993102	0.00893339	5.68275e-05	0.993102	0.993102	3.98665e-05	0.0473238	0.993102	0.993102	2.40057e-24	0.993102	0.993102	0.993083	0.00136613	1.12759e-13	9.44376e-14	0.131381	0.131825	0.993101	0.993102	1.85367e-05	0.000959197	0.000958107	1.8558e-05	4.75622e-05	1.19058	1.19053	1.19058	
0.993102	0.993093	0.993102	0.0089446	5.67817e-05	0.993102	0.993102	3.9814e-05	0.0473351	0.993102	0.993102	2.39413e-24	0.993102	0.993102	0.993083	0.00136573	1.12634e-13	9.43131e-14	0.131537	0.131975	0.993101	0.993102	1.8503e-05	0.00095847	0.000957382	1.85233e-05	4.7514e-05	1.19061	1.19056	1.19061	
0.993102	0.993093	0.993102	0.00895449	5.67436e-05	0.993102	0.993102	3.97675e-05	0.0473464	0.993102	0.993102	2.38871e-24	0.993102	0.993102	0.993083	0.00136549	1.12526e-13	9.42029e-14	0.131674	0.132108	0.993101	0.993102	1.84744e-05	0.000957871	0.000956785	1.84939e-05	4.74722e-05	1.19053	1.19048	1.19053	
0.993102	0.993093	0.993102	0.00896329	5.67402e-05	0.993102	0.993102	3.97464e-05	0.0473349	0.993102	0.993102	2.38653e-24	0.993102	0.993102	0.993083	0.00136539	1.1249e-13	9.41528e-14	0.131737	0.132168	0.993101	0.993102	1.84593e-05	0.000957368	0.000956283	1.84784e-05	4.74592e-05	1.19068	1.19063	1.19068	
0.993102	0.993093	0.993102	0.00897016	5.66982e-05	0.993102	0.993102	3.96995e-05	0.0473613	0.993102	0.993102	2.38157e-24	0.993102	0.993102	0.993083	0.00136549	1.12378e-13	9.40416e-14	0.131877	0.132303	0.993101	0.993102	1.84353e-05	0.000957046	0.000955963	1.84537e-05	4.74154e-05	1.19077	1.19073	1.19077	
0.993102	0.993093	0.993102	0.00897709	5.66427e-05	0.993102	0.993102	3.96448e-05	0.0473952	0.993102	0.993102	2.37541e-24	0.993102	0.993102	0.993083	0.00136545	1.1224e-13	9.39119e-14	0.13204	0.132461	0.993101	0.993102	1.84066e-05	0.000956679	0.000955597	1.84241e-05	4.73617e-05	1.19086	1.19082	1.19086	
0.993102	0.993093	0.993102	0.00898443	5.65763e-05	0.993102	0.993102	3.95837e-05	0.0474336	0.993102	0.993102	2.3682e-24	0.993102	0.993102	0.993083	0.00136526	1.12082e-13	9.37671e-14	0.132222	0.132638	0.993101	0.993102	1.83732e-05	0.000956241	0.00095516	1.83897e-05	4.72996e-05	1.19092	1.19089	1.19092	
0.993102	0.993093	0.993102	0.00899231	5.65112e-05	0.993102	0.993102	3.95244e-05	0.0474671	0.993102	0.993102	2.36097e-24	0.993102	0.993102	0.993083	0.00136495	1.11928e-13	9.36264e-14	0.1324	0.132811	0.993101	0.993102	1.8339e-05	0.000955727	0.000954648	1.83547e-05	4.72392e-05	1.1908	1.19076	1.1908	
0.993102	0.993093	0.993102	0.00900043	5.64989e-05	0.993102	0.993102	3.95022e-05	0.0474579	0.993102	0.993102	2.35813e-24	0.993102	0.993102	0.993083	0.00136461	1.11883e-13	9.35739e-14	0.132466	0.132875	0.993101	0.993102	1.83214e-05	0.000955182	0.000954104	1.83367e-05	4.72217e-05	1.19094	1.1909	1.19094	
0.993102	0.993093	0.993102	0.00900682	5.6454e-05	0.993102	0.993102	3.94575e-05	0.0474827	0.993102	0.993102	2.353e-24	0.993102	0.993102	0.993083	0.0013645	1.11771e-13	9.34678e-14	0.132601	0.133005	0.993101	0.993102	1.82968e-05	0.000954818	0.000953741	1.83114e-05	4.71778e-05	1.19092	1.19089	1.19092	
0.993102	0.993093	0.993102	0.0090133	5.64267e-05	0.993102	0.993102	3.94259e-05	0.047492	0.993102	0.993102	2.34933e-24	0.993102	0.993102	0.993083	0.00136435	1.11696e-13	9.33929e-14	0.132696	0.133097	0.993101	0.993102	1.82775e-05	0.000954426	0.000953351	1.82917e-05	4.71486e-05	1.19104	1.19101	1.19104	
0.993102	0.993093	0.993102	0.00901915	5.63743e-05	0.993102	0.993102	3.93773e-05	0.0475233	0.993102	0.993102	2.34369e-24	0.993102	0.993102	0.993083	0.00136423	1.11572e-13	9.32777e-14	0.132842	0.133239	0.993101	0.993102	1.82513e-05	0.000954088	0.000953014	1.82648e-05	4.70993e-05	1.19109	1.19106	1.19109	
0.993102	0.993093	0.993102	0.00902547	5.63222e-05	0.993102	0.993102	3.93297e-05	0.0475509	0.993102	0.993102	2.33796e-24	0.993102	0.993102	0.993083	0.001364	1.11449e-13	9.31648e-14	0.132986	0.133379	0.993101	0.993102	1.82242e-05	0.000953685	0.000952611	1.8237e-05	4.70507e-05	1.19107	1.19104	1.19107	
0.993102	0.993093	0.993102	0.00903202	5.62907e-05	0.993102	0.993102	3.92968e-05	0.0475607	0.993102	0.993102	2.3339e-24	0.993102	0.993102	0.993083	0.00136372	1.11368e-13	9.30868e-14	0.133085	0.133475	0.993101	0.993102	1.82032e-05	0.00095325	0.000952178	1.82156e-05	4.7019e-05	1.1911	1.19107	1.1911	
0.993102	0.993093	0.993102	0.00903795	5.62617e-05	0.993102	0.993102	3.92658e-05	0.0475716	0.993102	0.993102	2.3302e-24	0.993102	0.993102	0.993083	0.00136354	1.11293e-13	9.30132e-14	0.133179	0.133567	0.993101	0.993102	1.81842e-05	0.000952878	0.000951807	1.81962e-05	4.69893e-05	1.19109	1.19106	1.19109	
0.993102	0.993093	0.993102	0.00904342	5.6243e-05	0.993102	0.993102	3.92423e-05	0.0475761	0.993102	0.993102	2.32749e-24	0.993102	0.993102	0.993083	0.0013634	1.11239e-13	9.29576e-14	0.133249	0.133635	0.993101	0.993102	1.81694e-05	0.000952547	0.000951477	1.81811e-05	4.69682e-05	1.19106	1.19103	1.19106	
0.993102	0.993093	0.993102	0.00904821	5.62394e-05	0.993102	0.993102	3.92298e-05	0.0475716	0.993102	0.993102	2.32622e-24	0.993102	0.993102	0.993083	0.00136335	1.11217e-13	9.2928e-14	0.133287	0.133672	0.993101	0.993102	1.81608e-05	0.000952278	0.000951209	1.81724e-05	4.69596e-05	1.19116	1.19114	1.19116	
0.993102	0.993093	0.993102	0.00905203	5.62094e-05	0.993102	0.993102	3.91996e-05	0.0475917	0.993102	0.993102	2.32297e-24	0.993102	0.993102	0.993083	0.0013634	1.11142e-13	9.28563e-14	0.133378	0.133761	0.993101	0.993102	1.81456e-05	0.000952098	0.000951029	1.81567e-05	4.69299e-05	1.19112	1.19109	1.19112	
0.993102	0.993093	0.993102	0.00905614	5.62003e-05	0.993102	0.993102	3.91848e-05	0.0475925	0.993102	0.993102	2.32139e-24	0.993102	0.993102	0.993083	0.00136335	1.11112e-13	9.28211e-14	0.133423	0.133805	0.993101	0.993102	1.81363e-05	0.000951867	0.000950799	1.81473e-05	4.69176e-05	1.19114	1.19111	1.19114	
0.993102	0.993093	0.993102	0.00905962	5.61901e-05	0.993102	0.993102	3.91696e-05	0.0475966	0.993102	0.993102	2.31985e-24	0.993102	0.993102	0.993083	0.00136336	1.11079e-13	9.27852e-14	0.133469	0.133849	0.993101	0.993102	1.81277e-05	0.00095169	0.000950622	1.81386e-05	4.69046e-05	1.19114	1.19112	1.19114	
0.993102	0.993093	0.993102	0.00906273	5.61812e-05	0.993102	0.993102	3.91561e-05	0.0476004	0.993102	0.993102	2.31851e-24	0.993102	0.993102	0.993083	0.00136339	1.1105e-13	9.27532e-14	0.133509	0.133889	0.993101	0.993102	1.81203e-05	0.000951538	0.000950471	1.8131e-05	4.68931e-05	1.19118	1.19115	1.19118	
0.993102	0.993093	0.993102	0.00906551	5.61654e-05	0.993102	0.993102	3.91383e-05	0.0476103	0.993102	0.993102	2.31665e-24	0.993102	0.993102	0.993083	0.00136343	1.11008e-13	9.2711e-14	0.133563	0.133942	0.993101	0.993102	1.81111e-05	0.000951405	0.000950339	1.81216e-05	4.68763e-05	1.19121	1.19118	1.19121	
0.993102	0.993093	0.993102	0.0090683	5.61459e-05	0.993102	0.993102	3.91186e-05	0.0476221	0.993102	0.993102	2.31448e-24	0.993102	0.993102	0.993083	0.00136341	1.1096e-13	9.26644e-14	0.133623	0.134	0.993101	0.993102	1.81006e-05	0.000951259	0.000950193	1.81109e-05	4.68569e-05	1.19122	1.19119	1.19122	
0.993102	0.993093	0.993102	0.00907117	5.6129e-05	0.993102	0.993102	3.91012e-05	0.0476307	0.993102	0.993102	2.3125e-24	0.993102	0.993102	0.993083	0.00136336	1.10917e-13	9.2623e-14	0.133676	0.134052	0.993101	0.993102	1.80907e-05	0.000951093	0.000950028	1.81008e-05	4.68399e-05	1.19132	1.1913	1.19132	
0.993102	0.993093	0.993102	0.00907396	5.60894e-05	0.993102	0.993102	3.90683e-05	0.0476569	0.993102	0.993102	2.30863e-24	0.993102	0.993102	0.993083	0.00136328	1.10829e-13	9.25449e-14	0.133776	0.13415	0.993101	0.993102	1.80736e-05	0.000950927	0.000949863	1.80833e-05	4.68047e-05	1.19131	1.19129	1.19131	
0.993102	0.993093	0.993102	0.0090775	5.6062e-05	0.993102	0.993102	3.9044e-05	0.0476694	0.993102	0.993102	2.30558e-24	0.993102	0.993102	0.993083	0.00136308	1.10766e-13	9.24876e-14	0.13385	0.134222	0.993101	0.993102	1.80588e-05	0.000950678	0.000949614	1.80683e-05	4.67795e-05	1.19131	1.19129	1.19131	
0.993102	0.993093	0.993102	0.00908103	5.60431e-05	0.993102	0.993102	3.90257e-05	0.0476755	0.993102	0.993102	2.30325e-24	0.993102	0.993102	0.993083	0.0013629	1.1072e-13	9.24439e-14	0.133906	0.134276	0.993101	0.993102	1.80469e-05	0.000950431	0.000949368	1.80561e-05	4.67611e-05	1.19128	1.19126	1.19128	
0.993102	0.993093	0.993102	0.00908427	5.60386e-05	0.993102	0.993102	3.90171e-05	0.047672	0.993102	0.993102	2.30219e-24	0.993102	0.993102	0.993083	0.00136278	1.10703e-13	9.24237e-14	0.133931	0.134302	0.993101	0.993102	1.80401e-05	0.000950218	0.000949155	1.80493e-05	4.67542e-05	1.1913	1.19127	1.1913	
0.993102	0.993093	0.993102	0.00908683	5.60315e-05	0.993102	0.993102	3.9007e-05	0.0476737	0.993102	0.993102	2.3011e-24	0.993102	0.993102	0.993083	0.00136275	1.10681e-13	9.23996e-14	0.133962	0.134332	0.993101	0.993102	1.80339e-05	0.000950074	0.000949012	1.8043e-05	4.67453e-05	1.19135	1.19133	1.19135	
0.993102	0.993093	0.993102	0.00908906	5.60122e-05	0.993102	0.993102	3.89886e-05	0.0476862	0.993102	0.993102	2.29906e-24	0.993102	0.993102	0.993083	0.00136274	1.10635e-13	9.23561e-14	0.134018	0.134386	0.993101	0.993102	1.80244e-05	0.000949959	0.000948897	1.80333e-05	4.67267e-05	1.19133	1.1913	1.19133	
0.993102	0.993093	0.993102	0.0090915	5.60052e-05	0.993102	0.993102	3.89792e-05	0.0476874	0.993102	0.993102	2.298e-24	0.993102	0.993102	0.993083	0.00136269	1.10614e-13	9.23338e-14	0.134046	0.134414	0.993101	0.993102	1.80183e-05	0.000949812	0.000948751	1.80272e-05	4.67183e-05	1.19134	1.19132	1.19134	
0.993102	0.993093	0.993102	0.0090936	5.59957e-05	0.993102	0.993102	3.89682e-05	0.0476919	0.993102	0.993102	2.2968e-24	0.993102	0.993102	0.993083	0.00136267	1.10589e-13	9.23077e-14	0.134079	0.134447	0.993101	0.993102	1.80121e-05	0.000949697	0.000948636	1.80208e-05	4.67079e-05	1.19133	1.1913	1.19133	
0.993102	0.993093	0.993102	0.00909556	5.59931e-05	0.993102	0.993102	3.89623e-05	0.0476913	0.993102	0.993102	2.2962e-24	0.993102	0.993102	0.993083	0.00136266	1.10578e-13	9.22936e-14	0.134097	0.134465	0.993101	0.993102	1.80082e-05	0.000949589	0.000948528	1.8017e-05	4.67032e-05	1.19133	1.19131	1.19133	
0.993102	0.993093	0.993102	0.00909719	5.59914e-05	0.993102	0.993102	3.89573e-05	0.0476912	0.993102	0.993102	2.29576e-24	0.993102	0.993102	0.993083	0.00136268	1.10569e-13	9.22817e-14	0.134112	0.13448	0.993101	0.993102	1.80053e-05	0.000949511	0.000948451	1.80141e-05	4.66995e-05	1.19132	1.1913	1.19132	
0.993102	0.993093	0.993102	0.00909855	5.59921e-05	0.993102	0.993102	3.89542e-05	0.0476901	0.993102	0.993102	2.29558e-24	0.993102	0.993102	0.993083	0.00136273	1.10566e-13	9.22745e-14	0.134121	0.134489	0.993101	0.993102	1.80036e-05	0.000949453	0.000948393	1.80125e-05	4.66978e-05	1.19134	1.19132	1.19134	
0.993102	0.993093	0.993102	0.00909964	5.59879e-05	0.993102	0.993102	3.89482e-05	0.0476935	0.993102	0.993102	2.29505e-24	0.993102	0.993102	0.993083	0.00136279	1.10553e-13	9.22601e-14	0.134139	0.134507	0.993101	0.993102	1.80008e-05	0.000949415	0.000948355	1.80097e-05	4.66924e-05	1.19136	1.19134	1.19136	
0.993102	0.993093	0.993102	0.00910071	5.59798e-05	0.993102	0.993102	3.89398e-05	0.0476994	0.993102	0.993102	2.2942e-24	0.993102	0.993102	0.993083	0.00136282	1.10533e-13	9.22402e-14	0.134164	0.134532	0.993101	0.993102	1.79967e-05	0.00094937	0.00094831	1.80055e-05	4.66841e-05	1.19141	1.19139	1.19141	
0.993102	0.993093	0.993102	0.00910187	5.59594e-05	0.993102	0.993102	3.8923e-05	0.047714	0.993102	0.993102	2.29227e-24	0.993102	0.993102	0.993083	0.0013628	1.10488e-13	9.22006e-14	0.134216	0.134582	0.993101	0.993102	1.79884e-05	0.000949308	0.000948249	1.7997e-05	4.66661e-05	1.19143	1.19141	1.19143	
0.993102	0.993093	0.993102	0.00910351	5.59399e-05	0.993102	0.993102	3.89072e-05	0.0477251	0.993102	0.993102	2.2903e-24	0.993102	0.993102	0.993083	0.0013627	1.10445e-13	9.2163e-14	0.134264	0.13463	0.993101	0.993102	1.79794e-05	0.000949193	0.000948133	1.79878e-05	4.6649e-05	1.19143	1.19141	1.19143	
0.993102	0.993093	0.993102	0.0091054	5.59265e-05	0.993102	0.993102	3.88954e-05	0.0477304	0.993102	0.993102	2.28878e-24	0.993102	0.993102	0.993083	0.00136257	1.10414e-13	9.21352e-14	0.1343	0.134665	0.993101	0.993102	1.79719e-05	0.000949053	0.000947994	1.79802e-05	4.66367e-05	1.19142	1.1914	1.19142	
0.993102	0.993093	0.993102	0.00910722	5.5918e-05	0.993102	0.993102	3.8887e-05	0.0477323	0.993102	0.993102	2.28769e-24	0.993102	0.993102	0.993083	0.00136247	1.10393e-13	9.21152e-14	0.134326	0.13469	0.993101	0.993102	1.79662e-05	0.000948923	0.000947864	1.79743e-05	4.66283e-05	1.19142	1.1914	1.19142	
0.993102	0.993093	0.993102	0.00910883	5.59122e-05	0.993102	0.993102	3.88803e-05	0.0477334	0.993102	0.993102	2.28687e-24	0.993102	0.993102	0.993083	0.00136241	1.10378e-13	9.20994e-14	0.134346	0.13471	0.993101	0.993102	1.79617e-05	0.000948816	0.000947758	1.79698e-05	4.6622e-05	1.19142	1.1914	1.19142	
0.993102	0.993093	0.993102	0.00911024	5.59093e-05	0.993102	0.993102	3.88757e-05	0.0477332	0.993102	0.993102	2.28635e-24	0.993102	0.993102	0.993083	0.00136238	1.10368e-13	9.20884e-14	0.13436	0.134724	0.993101	0.993102	1.79585e-05	0.000948731	0.000947673	1.79666e-05	4.6618e-05	1.19146	1.19144	1.19146	
0.993102	0.993093	0.993102	0.00911141	5.58969e-05	0.993102	0.993102	3.88646e-05	0.0477414	0.993102	0.993102	2.2851e-24	0.993102	0.993102	0.993083	0.00136236	1.10339e-13	9.20621e-14	0.134394	0.134757	0.993101	0.993102	1.79528e-05	0.000948669	0.000947611	1.79608e-05	4.66065e-05	1.19146	1.19144	1.19146	
0.993102	0.993093	0.993102	0.00911276	5.58861e-05	0.993102	0.993102	3.88548e-05	0.0477472	0.993102	0.993102	2.28392e-24	0.993102	0.993102	0.993083	0.00136231	1.10314e-13	9.20388e-14	0.134424	0.134786	0.993101	0.993102	1.79471e-05	0.000948583	0.000947525	1.7955e-05	4.65964e-05	1.19149	1.19147	1.19149	
0.993102	0.993093	0.993102	0.00911416	5.58721e-05	0.993102	0.993102	3.88428e-05	0.0477551	0.993102	0.993102	2.28247e-24	0.993102	0.993102	0.993083	0.00136225	1.10282e-13	9.20104e-14	0.134461	0.134822	0.993101	0.993102	1.79404e-05	0.000948491	0.000947433	1.79481e-05	4.65837e-05	1.19148	1.19146	1.19148	
0.993102	0.993093	0.993102	0.0091157	5.58628e-05	0.993102	0.993102	3.88341e-05	0.0477586	0.993102	0.993102	2.28138e-24	0.993102	0.993102	0.993083	0.00136217	1.1026e-13	9.19897e-14	0.134488	0.134848	0.993101	0.993102	1.79349e-05	0.000948384	0.000947327	1.79425e-05	4.65749e-05	1.1915	1.19148	1.1915	
0.993102	0.993093	0.993102	0.00911715	5.58506e-05	0.993102	0.993102	3.88233e-05	0.0477649	0.993102	0.993102	2.28007e-24	0.993102	0.993102	0.993083	0.0013621	1.10232e-13	9.19642e-14	0.134521	0.134881	0.993101	0.993102	1.79286e-05	0.000948287	0.00094723	1.79361e-05	4.65637e-05	1.19151	1.19149	1.19151	
0.993102	0.993093	0.993102	0.00911865	5.58393e-05	0.993102	0.993102	3.88132e-05	0.0477702	0.993102	0.993102	2.27882e-24	0.993102	0.993102	0.993083	0.00136202	1.10206e-13	9.19402e-14	0.134552	0.134911	0.993101	0.993102	1.79225e-05	0.000948185	0.000947128	1.79299e-05	4.65532e-05	1.1915	1.19148	1.1915	
0.993102	0.993093	0.993102	0.00912015	5.58348e-05	0.993102	0.993102	3.88078e-05	0.0477702	0.993102	0.993102	2.27813e-24	0.993102	0.993102	0.993083	0.00136195	1.10193e-13	9.19274e-14	0.134569	0.134927	0.993101	0.993102	1.79186e-05	0.000948083	0.000947026	1.7926e-05	4.65482e-05	1.19149	1.19147	1.19149	
0.993102	0.993093	0.993102	0.00912142	5.58337e-05	0.993102	0.993102	3.88047e-05	0.0477688	0.993102	0.993102	2.27779e-24	0.993102	0.993102	0.993083	0.00136193	1.10188e-13	9.192e-14	0.134578	0.134937	0.993101	0.993102	1.79163e-05	0.000948006	0.00094695	1.79236e-05	4.65458e-05	1.19152	1.1915	1.19152	
0.993102	0.993093	0.993102	0.00912241	5.5827e-05	0.993102	0.993102	3.87978e-05	0.0477729	0.993102	0.993102	2.27705e-24	0.993102	0.993102	0.993083	0.00136193	1.10171e-13	9.19037e-14	0.134599	0.134957	0.993101	0.993102	1.79127e-05	0.000947956	0.0009469	1.792e-05	4.65391e-05	1.19154	1.19152	1.19154	
0.993102	0.993093	0.993102	0.00912344	5.5816e-05	0.993102	0.993102	3.87882e-05	0.0477799	0.993102	0.993102	2.27594e-24	0.993102	0.993102	0.993083	0.0013619	1.10146e-13	9.18808e-14	0.134629	0.134986	0.993101	0.993102	1.79076e-05	0.000947898	0.000946842	1.79147e-05	4.65291e-05	1.19156	1.19154	1.19156	
0.993102	0.993093	0.993102	0.00912462	5.58032e-05	0.993102	0.993102	3.87773e-05	0.0477874	0.993102	0.993102	2.27462e-24	0.993102	0.993102	0.993083	0.00136185	1.10116e-13	9.1855e-14	0.134663	0.135019	0.993101	0.993102	1.79016e-05	0.000947822	0.000946766	1.79085e-05	4.65177e-05	1.19156	1.19154	1.19156	
0.993102	0.993093	0.993102	0.00912595	5.57931e-05	0.993102	0.993102	3.87684e-05	0.0477919	0.993102	0.993102	2.27351e-24	0.993102	0.993102	0.993083	0.00136177	1.10093e-13	9.1834e-14	0.134691	0.135046	0.993101	0.993102	1.78962e-05	0.000947729	0.000946673	1.7903e-05	4.65086e-05	1.19155	1.19153	1.19155	
0.993102	0.993093	0.993102	0.00912727	5.5788e-05	0.993102	0.993102	3.87629e-05	0.0477926	0.993102	0.993102	2.27281e-24	0.993102	0.993102	0.993083	0.0013617	1.1008e-13	9.18209e-14	0.134708	0.135062	0.993101	0.993102	1.78924e-05	0.000947638	0.000946582	1.78991e-05	4.65033e-05	1.19156	1.19154	1.19156	
0.993102	0.993093	0.993102	0.00912841	5.57827e-05	0.993102	0.993102	3.87572e-05	0.0477945	0.993102	0.993102	2.27213e-24	0.993102	0.993102	0.993083	0.00136167	1.10066e-13	9.18075e-14	0.134726	0.135079	0.993101	0.993102	1.78889e-05	0.000947566	0.000946511	1.78955e-05	4.64979e-05	1.19158	1.19156	1.19158	
0.993102	0.993093	0.993102	0.00912946	5.57736e-05	0.993102	0.993102	3.87489e-05	0.0477997	0.993102	0.993102	2.27117e-24	0.993102	0.993102	0.993083	0.00136163	1.10044e-13	9.17879e-14	0.134751	0.135104	0.993101	0.993102	1.78843e-05	0.000947503	0.000946449	1.78908e-05	4.64895e-05	1.19159	1.19157	1.19159	
0.993102	0.993093	0.993102	0.00913057	5.57648e-05	0.993102	0.993102	3.8741e-05	0.0478041	0.993102	0.993102	2.27021e-24	0.993102	0.993102	0.993083	0.00136159	1.10024e-13	9.17691e-14	0.134776	0.135128	0.993101	0.993102	1.78797e-05	0.000947432	0.000946377	1.78861e-05	4.64814e-05	1.19157	1.19155	1.19157	
0.993102	0.993093	0.993102	0.00913171	5.57627e-05	0.993102	0.993102	3.87377e-05	0.0478033	0.993102	0.993102	2.2698e-24	0.993102	0.993102	0.993083	0.00136154	1.10017e-13	9.17613e-14	0.134786	0.135138	0.993101	0.993102	1.78772e-05	0.000947357	0.000946302	1.78836e-05	4.64786e-05	1.19159	1.19157	1.19159	
0.993102	0.993093	0.993102	0.00913263	5.57574e-05	0.993102	0.993102	3.87322e-05	0.047806	0.993102	0.993102	2.26918e-24	0.993102	0.993102	0.993083	0.00136152	1.10003e-13	9.17482e-14	0.134803	0.135155	0.993101	0.993102	1.78741e-05	0.000947305	0.000946251	1.78804e-05	4.64733e-05	1.19157	1.19155	1.19157	
