0.25	1.27727e-12	0.25	0.998264	0.000618156	0.748264	0.998264	0.748264	0.748264	0.25	0.25	0.000618156	0.25	0.25	0.25	1.27727e-12	0.000618156	1.27727e-12	2.63265e-21	0.000618156	0.25	1.27727e-12	0.25	0.25	0.000618156	0.000618156	1.27727e-12	0	0	0	
0.993102	0.9931	0.993102	0.00640191	0.000116624	0.993102	0.993102	9.27369e-05	0.0391005	0.993102	0.993102	2.01255e-23	0.25	0.25	0.25	1.27727e-12	0.000618156	1.27727e-12	2.63265e-21	0.000618156	0.25	1.27727e-12	0.25	0.25	0.000618156	0.000618156	1.27727e-12	1.15551	1.12854	1.15551	
0.993102	0.9931	0.993102	0.00652484	0.000114572	0.993102	0.993102	9.0569e-05	0.0412244	0.993102	0.993102	1.97274e-23	0.437066	0.437066	0.437063	0.000625655	0.000462543	1.00596e-12	0.0100849	0.0173681	0.437065	0.25	0.187077	0.18735	0.000746246	0.000481429	1.40356e-05	0.993102	0.9931	0.993102	
0.993102	0.993099	0.993102	0.00670047	0.000788541	0.993101	0.993102	0.000610464	0.0311193	0.993102	0.993102	1.74795e-21	0.57704	0.57704	0.577038	0.000819941	0.000346104	2.04252e-12	0.00824609	0.0137	0.57704	0.437066	0.140254	0.14046	0.000830293	0.000631659	0.000628633	0.996258	0.996256	0.996258	
0.993102	0.993099	0.993102	0.00649618	0.00124546	0.993101	0.993102	0.000964574	0.0236492	0.993102	0.993102	3.18431e-21	0.681778	0.681778	0.681777	0.00104385	0.000258977	2.75137e-12	0.00689312	0.0110036	0.681778	0.57704	0.105259	0.105443	0.000957474	0.000784489	0.00105079	0.999363	0.999361	0.999363	
0.993102	0.993099	0.993102	0.0061194	0.00154115	0.993101	0.993102	0.00120097	0.0181525	0.993102	0.993102	4.29908e-21	0.76015	0.76015	0.760148	0.00127406	0.000193783	3.22343e-12	0.00590621	0.00903086	0.760149	0.681778	0.0791016	0.0793018	0.0011095	0.000927249	0.00133179	1.00242	1.00242	1.00242	
0.993102	0.993099	0.993102	0.00568502	0.0017194	0.993101	0.993102	0.0013529	0.0141303	0.993102	0.993102	5.09555e-21	0.818792	0.818792	0.818791	0.00149335	0.000145001	3.52243e-12	0.00519681	0.00759843	0.818792	0.76015	0.0595461	0.0597931	0.00127092	0.00105106	0.00150977	1.00543	1.00543	1.00543	
0.993102	0.993099	0.993102	0.00525429	0.00181359	0.993101	0.993102	0.00144383	0.0112072	0.993102	0.993102	5.60249e-21	0.862673	0.862673	0.862671	0.00169107	0.000108499	3.69422e-12	0.00469908	0.00657086	0.862672	0.818792	0.0449207	0.0452368	0.00143001	0.00115102	0.00161304	1.00839	1.00839	1.00839	
0.993102	0.9931	0.993102	0.00485766	0.00184868	0.993101	0.993102	0.00149062	0.00910153	0.993102	0.993102	5.86324e-21	0.895506	0.895506	0.895505	0.00186207	8.11858e-05	3.77245e-12	0.00436389	0.00584773	0.895506	0.862673	0.0339768	0.0343765	0.00157875	0.00122555	0.00166258	1.0113	1.0113	1.0113	
0.993102	0.9931	0.993102	0.00450807	0.00184309	0.993101	0.993102	0.00150553	0.00760255	0.993102	0.993102	5.92627e-21	0.920075	0.920075	0.920074	0.00200514	6.07484e-05	3.78218e-12	0.00415438	0.0053545	0.920074	0.895506	0.0257821	0.0262737	0.00171238	0.00127549	0.00167391	1.01417	1.01416	1.01417	
0.993102	0.9931	0.993102	0.00420881	0.00181017	0.993101	0.993102	0.00149756	0.00655311	0.993102	0.993102	5.83862e-21	0.938458	0.938459	0.938457	0.00212159	4.54558e-05	3.74225e-12	0.0040429	0.00503577	0.938458	0.920075	0.0196406	0.0202275	0.00182866	0.0013032	0.00165848	1.01699	1.01699	1.01699	
0.993102	0.9931	0.993102	0.00395801	0.00175957	0.993101	0.993102	0.00147337	0.0058364	0.993102	0.993102	5.64215e-21	0.952214	0.952214	0.952213	0.00221413	3.40129e-05	3.66694e-12	0.00400858	0.00485028	0.952213	0.938459	0.015033	0.0157149	0.00192716	0.00131181	0.0016247	1.01976	1.01976	1.01976	
0.993102	0.9931	0.993102	0.00375132	0.00169814	0.993101	0.993102	0.00143792	0.00536586	0.993102	0.993102	5.37197e-21	0.962507	0.962507	0.962506	0.00228604	2.54506e-05	3.56706e-12	0.00403567	0.0047673	0.962506	0.952214	0.0115717	0.0123458	0.00200864	0.00130469	0.00157872	1.0225	1.02249	1.0225	
0.993102	0.9931	0.993102	0.00358341	0.00163067	0.993101	0.993102	0.00139489	0.0050775	0.993102	0.993102	5.05619e-21	0.970209	0.970209	0.970208	0.00234068	1.90438e-05	3.45082e-12	0.00411226	0.00476388	0.970208	0.962507	0.00896753	0.00982913	0.00207455	0.00128508	0.00152504	1.02519	1.02518	1.02519	
0.993102	0.993101	0.993102	0.00344883	0.00156052	0.993101	0.993102	0.00134703	0.00492414	0.993102	0.993102	4.71646e-21	0.975972	0.975972	0.975971	0.00238121	1.42498e-05	3.3244e-12	0.00422932	0.00482289	0.975971	0.970209	0.00700445	0.00794814	0.00212668	0.00125596	0.00146691	1.02783	1.02783	1.02783	
0.993102	0.993101	0.993102	0.00334242	0.00148995	0.993101	0.993102	0.00129638	0.00487105	0.993102	0.993102	4.36885e-21	0.980284	0.980284	0.980283	0.0024104	1.06626e-05	3.19245e-12	0.00437999	0.00493152	0.980283	0.975972	0.00552124	0.00654108	0.00216689	0.00121986	0.00140663	1.03043	1.03043	1.03043	
0.993102	0.993101	0.993102	0.00325953	0.00142047	0.993102	0.993102	0.00124444	0.00489275	0.993102	0.993102	4.02489e-21	0.983511	0.983511	0.983509	0.00243063	7.97842e-06	3.05843e-12	0.00455902	0.00508018	0.98351	0.980284	0.0043975	0.00548742	0.00219701	0.00117894	0.00134587	1.033	1.033	1.033	
0.993102	0.993101	0.993102	0.00319611	0.00135305	0.993102	0.993102	0.00119232	0.00497052	0.993102	0.993102	3.69245e-21	0.985926	0.985926	0.985924	0.00244385	5.96996e-06	2.92487e-12	0.00476245	0.00526167	0.985925	0.983511	0.00354325	0.00469732	0.0022187	0.00113493	0.00128577	1.03552	1.03552	1.03552	
0.993102	0.993101	0.993102	0.00314871	0.00128829	0.993102	0.993102	0.0011408	0.00509068	0.993102	0.993102	3.37666e-21	0.987732	0.987732	0.98773	0.00245166	4.46711e-06	2.79358e-12	0.00498721	0.00547061	0.987731	0.985926	0.00289125	0.00410379	0.00223344	0.0010892	0.00122711	1.038	1.038	1.038	
0.993102	0.993101	0.993102	0.0031144	0.00122651	0.993102	0.993102	0.00109045	0.00524321	0.993102	0.993102	3.0805e-21	0.989084	0.989084	0.989082	0.00245531	3.34257e-06	2.66585e-12	0.00523099	0.00570297	0.989083	0.987732	0.00239123	0.0036569	0.00224251	0.00104283	0.00117039	1.04044	1.04044	1.04044	
0.993102	0.993101	0.993102	0.00309076	0.00116786	0.993102	0.993102	0.00104165	0.00542078	0.993102	0.993102	2.80549e-21	0.990096	0.990096	0.990094	0.00245578	2.50113e-06	2.54254e-12	0.00549196	0.00595569	0.990095	0.989084	0.00200558	0.00331942	0.00224699	0.000996624	0.00111595	1.04284	1.04284	1.04284	
0.993102	0.993101	0.993102	0.00307579	0.00111237	0.993102	0.993102	0.000994651	0.00561803	0.993102	0.993102	2.55202e-21	0.990852	0.990852	0.99085	0.00245385	1.8715e-06	2.42421e-12	0.00576877	0.00622649	0.990851	0.990096	0.00170613	0.00306359	0.00224778	0.000951178	0.00106395	1.04521	1.04521	1.04521	
0.993102	0.993101	0.993102	0.00306785	0.00106	0.993102	0.993102	0.000949618	0.00583103	0.993102	0.993102	2.31976e-21	0.991419	0.991419	0.991417	0.00245009	1.40038e-06	2.31117e-12	0.00606032	0.00651363	0.991418	0.990852	0.00147182	0.0028687	0.00224561	0.000906922	0.00101448	1.04753	1.04753	1.04753	
0.993102	0.993101	0.993102	0.00306563	0.00101063	0.993102	0.993102	0.000906626	0.00605688	0.993102	0.993102	2.10788e-21	0.991843	0.991843	0.99184	0.00244494	1.04785e-06	2.20357e-12	0.00636578	0.0068158	0.991842	0.991419	0.00128684	0.00271932	0.0022411	0.00086415	0.000967543	1.04982	1.04982	1.04982	
0.993102	0.993101	0.993102	0.00306803	0.000964134	0.993102	0.993102	0.0008657	0.00629347	0.993102	0.993102	1.91525e-21	0.99216	0.99216	0.992157	0.00243872	7.8407e-07	2.10141e-12	0.00668452	0.00713202	0.992159	0.991843	0.00113933	0.00260391	0.00223472	0.000823053	0.000923106	1.05207	1.05207	1.05207	
0.993102	0.993101	0.993102	0.0030742	0.000920373	0.993102	0.993102	0.00082683	0.00653919	0.993102	0.993102	1.74057e-21	0.992397	0.992397	0.992394	0.00243169	5.86692e-07	2.00462e-12	0.00701597	0.00746149	0.992396	0.99216	0.0010204	0.00251389	0.00222687	0.000783746	0.000881099	1.05429	1.05429	1.05429	
0.993102	0.993101	0.993102	0.00308344	0.000879188	0.993102	0.993102	0.000789972	0.00679286	0.993102	0.993102	1.58245e-21	0.992574	0.992574	0.992572	0.00242402	4.39e-07	1.91307e-12	0.00735977	0.00780367	0.992573	0.992397	0.000923349	0.00244284	0.00221785	0.000746278	0.000841425	1.05647	1.05646	1.05647	
0.993102	0.993101	0.993102	0.00309519	0.000840426	0.993102	0.993102	0.000755067	0.00705356	0.993102	0.993102	1.43953e-21	0.992707	0.992707	0.992705	0.00241584	3.28488e-07	1.82656e-12	0.00771554	0.00815806	0.992706	0.992574	0.000843151	0.00238597	0.00220791	0.000710661	0.000803982	1.05861	1.0586	1.05861	
0.993102	0.993101	0.993102	0.00310901	0.000803937	0.993102	0.993102	0.000722043	0.00732056	0.993102	0.993102	1.31045e-21	0.992807	0.992807	0.992804	0.00240724	2.45796e-07	1.74488e-12	0.008083	0.00852428	0.992806	0.992707	0.000776005	0.0023397	0.00219725	0.000676873	0.000768659	1.06071	1.06071	1.06071	
0.993102	0.993101	0.993102	0.00312455	0.000769569	0.993102	0.993102	0.000690812	0.00759338	0.993102	0.993102	1.19392e-21	0.992881	0.992881	0.992878	0.00239831	1.83921e-07	1.66779e-12	0.008462	0.00890214	0.99288	0.992807	0.000719035	0.00230137	0.00218602	0.000644864	0.000735337	1.06279	1.06279	1.06279	
0.993102	0.993101	0.993102	0.00314153	0.000737174	0.993102	0.993102	0.00066128	0.00787168	0.993102	0.993102	1.08871e-21	0.992937	0.992937	0.992934	0.00238909	1.37622e-07	1.59503e-12	0.00885249	0.00929156	0.992936	0.992881	0.00067006	0.00226898	0.00217434	0.000614565	0.000703893	1.06482	1.06482	1.06482	
0.993102	0.993101	0.993102	0.00315973	0.000706664	0.993102	0.993102	0.000633393	0.00815451	0.993102	0.993102	9.93818e-22	0.992978	0.992978	0.992975	0.00237961	1.02978e-07	1.52645e-12	0.00925367	0.00969166	0.992977	0.992937	0.00062746	0.00224105	0.0021623	0.00058594	0.000674254	1.06682	1.06682	1.06682	
0.993102	0.993101	0.993102	0.00317897	0.000677891	0.993102	0.993102	0.000607045	0.00844186	0.993102	0.993102	9.08155e-22	0.99301	0.99301	0.993006	0.00236991	7.70547e-08	1.46176e-12	0.00966573	0.0101027	0.993009	0.992978	0.000589956	0.00221646	0.00214998	0.000558893	0.000646291	1.06879	1.06879	1.06879	
0.993102	0.993101	0.993102	0.0031991	0.000650743	0.993102	0.993102	0.000582148	0.0087334	0.993102	0.993102	8.30796e-22	0.993033	0.993033	0.99303	0.00236001	5.76576e-08	1.40073e-12	0.0100885	0.0105243	0.993032	0.99301	0.000556587	0.00219438	0.00213744	0.000533348	0.000619901	1.07072	1.07072	1.07072	
0.993102	0.993101	0.993102	0.00322002	0.000625121	0.993102	0.993102	0.000558626	0.00902872	0.993102	0.993102	7.60911e-22	0.99305	0.99305	0.993047	0.00234993	4.31434e-08	1.34316e-12	0.0105216	0.0109564	0.993049	0.993033	0.000526614	0.0021742	0.00212473	0.000509229	0.000594994	1.07262	1.07261	1.07262	
0.993102	0.993101	0.993102	0.00324163	0.000600928	0.993102	0.993102	0.000536401	0.00932749	0.993102	0.993102	6.97741e-22	0.993063	0.993063	0.99306	0.0023397	3.22829e-08	1.28884e-12	0.0109649	0.0113985	0.993062	0.99305	0.000499465	0.00215546	0.00211189	0.000486461	0.00057148	1.07448	1.07448	1.07448	
0.993102	0.993101	0.993102	0.00326387	0.000578057	0.993102	0.993102	0.000515381	0.00962973	0.993102	0.993102	6.40572e-22	0.993073	0.993073	0.993069	0.00232931	2.41564e-08	1.23753e-12	0.0114185	0.011851	0.993072	0.993063	0.000474682	0.0021378	0.00209895	0.000464955	0.000549257	1.07634	1.07633	1.07634	
0.993102	0.993101	0.993102	0.00328667	0.000556384	0.993102	0.993102	0.00049546	0.00993601	0.993102	0.993102	5.88722e-22	0.99308	0.99308	0.993077	0.0023188	1.80756e-08	1.18898e-12	0.0118833	0.0123147	0.993079	0.993073	0.000451883	0.00212097	0.00208592	0.000444609	0.000528208	1.07813	1.07813	1.07813	
0.993102	0.993101	0.993102	0.00331002	0.000535896	0.993102	0.993102	0.000476629	0.0102447	0.993102	0.993102	5.41756e-22	0.993086	0.993086	0.993082	0.00230815	1.35256e-08	1.14313e-12	0.0123574	0.0127877	0.993085	0.99308	0.000430839	0.00210478	0.00207284	0.0004254	0.000508319	1.07989	1.07988	1.07989	
0.993102	0.993101	0.993102	0.00333386	0.000516547	0.993102	0.993102	0.000458844	0.0105547	0.993102	0.993102	4.99222e-22	0.99309	0.99309	0.993086	0.00229739	1.0121e-08	1.09988e-12	0.0128398	0.0132689	0.993089	0.993086	0.00041135	0.00208907	0.00205971	0.000407284	0.000489544	1.08161	1.08161	1.08161	
0.993102	0.993101	0.993102	0.00335813	0.000498244	0.993102	0.993102	0.000442025	0.0108665	0.993102	0.993102	4.60638e-22	0.993093	0.993093	0.993089	0.00228654	7.57341e-09	1.05902e-12	0.0133308	0.0137587	0.993092	0.99309	0.00039322	0.00207377	0.00204657	0.00039018	0.000471794	1.08969	1.08969	1.08969	
0.993102	0.993101	0.993102	0.00338281	0.000467963	0.993102	0.993102	0.000414679	0.0115894	0.993102	0.993102	4.07357e-22	0.993095	0.993095	0.993091	0.00227562	5.66712e-09	9.93057e-13	0.0143462	0.0147869	0.993094	0.993093	0.000366461	0.0020588	0.00203343	0.000364189	0.000442779	1.09723	1.09722	1.09723	
0.993102	0.993101	0.993102	0.00341526	0.000432082	0.993102	0.993102	0.000382443	0.0126228	0.993102	0.993102	3.50533e-22	0.993097	0.993097	0.993092	0.00226019	4.24068e-09	9.15441e-13	0.0158137	0.0162743	0.993096	0.993095	0.000335443	0.00203976	0.00201614	0.000333745	0.000408514	1.10363	1.10363	1.10363	
0.993102	0.9931	0.993102	0.00345968	0.000395481	0.993102	0.993102	0.000349608	0.0138302	0.993102	0.993102	2.9698e-22	0.993098	0.993098	0.993093	0.00223828	3.17331e-09	8.36434e-13	0.0176047	0.018086	0.993097	0.993097	0.000303771	0.00201466	0.00199279	0.000302503	0.000373597	1.10885	1.10885	1.10885	
0.993102	0.9931	0.993102	0.00351718	0.000361043	0.993102	0.993102	0.000318701	0.0150867	0.993102	0.993102	2.49725e-22	0.993099	0.993099	0.993093	0.00221012	2.37461e-09	7.62084e-13	0.019582	0.0200805	0.993098	0.993098	0.000273709	0.00198358	0.00196348	0.000272762	0.000340739	1.11613	1.11613	1.11613	
0.993102	0.9931	0.993102	0.00358652	0.000326551	0.993102	0.993102	0.000287782	0.0166137	0.993102	0.993102	2.06929e-22	0.9931	0.9931	0.993094	0.00217728	1.77696e-09	6.87777e-13	0.0220585	0.0225766	0.993099	0.993099	0.000243931	0.00194793	0.00192956	0.000243224	0.000307863	1.12096	1.12096	1.12096	
0.993102	0.9931	0.993102	0.00367122	0.000295651	0.993102	0.993102	0.000260042	0.0181048	0.993102	0.993102	1.70904e-22	0.993101	0.993101	0.993094	0.00213867	1.32975e-09	6.21125e-13	0.0246648	0.0251963	0.9931	0.9931	0.000216978	0.00190674	0.00189008	0.00021645	0.00027839	1.12534	1.12534	1.12534	
0.993102	0.9931	0.993102	0.00376838	0.000268332	0.993102	0.993102	0.000235467	0.019543	0.993102	0.993102	1.40992e-22	0.993101	0.993101	0.993093	0.00209677	9.95108e-10	5.62096e-13	0.0273647	0.027904	0.9931	0.993101	0.000192992	0.00186224	0.00184722	0.000192599	0.000252309	1.13006	1.13006	1.13006	
0.993102	0.9931	0.993102	0.00387534	0.000243758	0.993102	0.993102	0.000213328	0.0210083	0.993102	0.993102	1.16069e-22	0.993101	0.993101	0.993093	0.00205344	7.44697e-10	5.08949e-13	0.0302641	0.030808	0.9931	0.993101	0.000171499	0.00181618	0.00180268	0.000171205	0.000228836	1.13347	1.13347	1.13347	
0.993102	0.9931	0.993102	0.00399176	0.000222638	0.993102	0.993102	0.000194238	0.0223456	0.993102	0.993102	9.58239e-23	0.993102	0.993102	0.993093	0.00200926	5.57318e-10	4.63134e-13	0.0331315	0.0336743	0.993101	0.993101	0.000152898	0.00176914	0.00175705	0.000152679	0.000208629	1.13649	1.13649	1.13649	
0.993102	0.9931	0.993102	0.00411398	0.000204581	0.993102	0.993102	0.00017785	0.0235613	0.993102	0.993102	7.94628e-23	0.993102	0.993102	0.993092	0.00196605	4.17104e-10	4.23817e-13	0.0359379	0.0364754	0.993101	0.993102	0.000136929	0.00172281	0.001712	0.000136767	0.000191319	1.13897	1.13897	1.13897	
0.993102	0.9931	0.993102	0.00423906	0.000189332	0.993102	0.993102	0.000163941	0.0246363	0.993102	0.993102	6.6336e-23	0.993102	0.993102	0.993092	0.00192497	3.12183e-10	3.90456e-13	0.0386165	0.0391449	0.993101	0.993102	0.000123377	0.00167831	0.00166863	0.000123256	0.000176664	1.14267	1.14267	1.14267	
0.993102	0.9931	0.993102	0.004364	0.000175429	0.993102	0.993102	0.000151258	0.0258035	0.993102	0.993102	5.54552e-23	0.993102	0.993102	0.993092	0.00188693	2.33669e-10	3.60067e-13	0.041517	0.0420374	0.993101	0.993102	0.00011133	0.00163652	0.00162785	0.000111241	0.000163306	1.14731	1.14731	1.14731	
0.993102	0.993099	0.993102	0.0044919	0.000162119	0.993102	0.993102	0.000139171	0.027186	0.993102	0.993102	4.62285e-23	0.993102	0.993102	0.993091	0.00185046	1.74913e-10	3.3114e-13	0.0448895	0.0454048	0.993101	0.993102	0.000100232	0.00159629	0.0015885	0.000100165	0.000150554	1.14972	1.14972	1.14972	
0.993102	0.993099	0.993102	0.00462856	0.000150788	0.993102	0.993102	0.000128837	0.0283756	0.993102	0.993102	3.87821e-23	0.993102	0.993102	0.993091	0.00181351	1.30945e-10	3.06419e-13	0.0481027	0.0486098	0.993101	0.993102	9.06892e-05	0.00155587	0.00154888	9.06404e-05	0.000139676	1.15106	1.15106	1.15106	
0.993102	0.993099	0.993102	0.00476851	0.000141614	0.993102	0.993102	0.000120386	0.0292858	0.993102	0.993102	3.29086e-23	0.993102	0.993102	0.99309	0.00177817	9.80436e-11	2.86201e-13	0.0509252	0.0514203	0.993101	0.993102	8.27747e-05	0.00151699	0.0015107	8.27389e-05	0.000130821	1.15278	1.15278	1.15278	
0.993102	0.993099	0.993102	0.00490473	0.000133861	0.993102	0.993102	0.000113188	0.0300908	0.993102	0.993102	2.82001e-23	0.993102	0.993102	0.99309	0.00174652	7.34226e-11	2.68988e-13	0.0535747	0.0540571	0.993101	0.993102	7.60892e-05	0.00148142	0.00147574	7.60632e-05	0.000123307	1.15459	1.15459	1.15459	
0.993102	0.993099	0.993102	0.00503581	0.000127144	0.993102	0.993102	0.00010692	0.0308515	0.993102	0.993102	2.43828e-23	0.993102	0.993102	0.99309	0.00171849	5.49974e-11	2.54005e-13	0.0561389	0.0566091	0.993101	0.993102	7.03653e-05	0.00144918	0.00144403	7.03464e-05	0.000116781	1.15592	1.15591	1.15592	
0.993102	0.993099	0.993102	0.00516214	0.000121485	0.993102	0.993102	0.000101592	0.0315098	0.993102	0.993102	2.13183e-23	0.993102	0.993102	0.99309	0.00169349	4.1209e-11	2.41275e-13	0.058506	0.058964	0.993101	0.993102	6.55339e-05	0.00141984	0.00141513	6.55205e-05	0.000111257	1.15825	1.15824	1.15825	
0.993102	0.993099	0.993102	0.0052823	0.000116118	0.993102	0.993102	9.65708e-05	0.0322769	0.993102	0.993102	1.87221e-23	0.993102	0.993102	0.993089	0.00167154	3.08891e-11	2.29289e-13	0.0610557	0.061504	0.993101	0.993102	6.11716e-05	0.00139342	0.0013891	6.11622e-05	0.000106037	1.16062	1.16062	1.16062	
0.993102	0.993098	0.993102	0.00540108	0.000110992	0.993102	0.993102	9.18125e-05	0.0331236	0.993102	0.993102	1.64959e-23	0.993102	0.993102	0.993089	0.00165092	2.31646e-11	2.17941e-13	0.0637894	0.0642298	0.993101	0.993102	5.71679e-05	0.00136856	0.00136457	5.71615e-05	0.000101073	1.15916	1.15916	1.15916	
0.993102	0.993098	0.993102	0.00552167	0.000107931	0.993102	0.993102	8.87829e-05	0.0333651	0.993102	0.993102	1.49413e-23	0.993102	0.993102	0.993089	0.00163069	1.73862e-11	2.10704e-13	0.065395	0.0658223	0.993101	0.993102	5.43123e-05	0.00134442	0.00134073	5.43083e-05	9.80016e-05	1.16034	1.16034	1.16034	
0.993102	0.993098	0.993102	0.00562626	0.000105124	0.993102	0.993102	8.60028e-05	0.0337007	0.993102	0.993102	1.3653e-23	0.993102	0.993102	0.993089	0.00161557	1.30611e-11	2.04068e-13	0.0670291	0.0674459	0.993101	0.993102	5.18537e-05	0.00132478	0.00132134	5.18513e-05	9.51844e-05	1.16239	1.16239	1.16239	
0.993102	0.993098	0.993102	0.00572088	0.000102094	0.993102	0.993102	8.30966e-05	0.0342448	0.993102	0.993102	1.24836e-23	0.993102	0.993102	0.993089	0.00160328	9.82278e-12	1.97142e-13	0.0689921	0.0694017	0.993101	0.993102	4.94912e-05	0.00130792	0.00130468	4.94901e-05	9.21979e-05	1.16367	1.16366	1.16367	
0.993102	0.993098	0.993102	0.00581396	9.92804e-05	0.993102	0.993102	8.04145e-05	0.0347795	0.993102	0.993102	1.14763e-23	0.993102	0.993102	0.993088	0.00159133	7.3984e-12	1.90754e-13	0.0709478	0.0713512	0.993101	0.993102	4.73408e-05	0.00129184	0.00128879	4.73407e-05	8.94339e-05	1.16236	1.16235	1.16236	
0.993102	0.993098	0.993102	0.00590581	9.78277e-05	0.993102	0.993102	7.8857e-05	0.0348586	0.993102	0.993102	1.08178e-23	0.993102	0.993102	0.993088	0.00157969	5.5856e-12	1.87036e-13	0.0719843	0.0723783	0.993101	0.993102	4.5893e-05	0.00127645	0.00127355	4.58936e-05	8.79087e-05	1.1595	1.15949	1.1595	
0.993102	0.993098	0.993102	0.00598274	9.81738e-05	0.993102	0.993102	7.87559e-05	0.0344296	0.993102	0.993102	1.05961e-23	0.993102	0.993102	0.993088	0.0015718	4.23208e-12	1.86777e-13	0.0718162	0.0721974	0.993101	0.993102	4.54087e-05	0.00126443	0.00126166	4.54099e-05	8.80036e-05	1.16014	1.16014	1.16014	
0.993102	0.993098	0.993102	0.00603178	9.81499e-05	0.993102	0.993102	7.83965e-05	0.034284	0.993102	0.993102	1.03912e-23	0.993102	0.993102	0.993089	0.00157047	3.21861e-12	1.8591e-13	0.071933	0.0723058	0.993101	0.993102	4.49983e-05	0.00125809	0.00125541	4.5e-05	8.7789e-05	1.16064	1.16063	1.16063	
0.993102	0.993098	0.993102	0.00606702	9.7914e-05	0.993102	0.993102	7.79177e-05	0.0342807	0.993102	0.993102	1.01992e-23	0.993102	0.993102	0.993089	0.0015714	2.45976e-12	1.84764e-13	0.0722044	0.0725714	0.993101	0.993102	4.46149e-05	0.00125426	0.00125165	4.4617e-05	8.74132e-05	1.15987	1.15987	1.15987	
0.993102	0.993098	0.993102	0.00609547	9.81332e-05	0.993102	0.993102	7.78431e-05	0.0341519	0.993102	0.993102	1.01329e-23	0.993102	0.993102	0.993089	0.00157269	1.89273e-12	1.84579e-13	0.0721604	0.0725216	0.993101	0.993102	4.44978e-05	0.0012514	0.00124884	4.45001e-05	8.74675e-05	1.16082	1.16081	1.16082	
0.993102	0.993097	0.993102	0.00611455	9.7844e-05	0.993102	0.993102	7.74093e-05	0.0342343	0.993102	0.993102	9.9978e-24	0.993102	0.993102	0.993089	0.00157513	1.46747e-12	1.83545e-13	0.0724586	0.0728171	0.993101	0.993102	4.42294e-05	0.00125008	0.00124755	4.42321e-05	8.70937e-05	1.15636	1.15635	1.15636	
0.993102	0.993097	0.993102	0.00613256	9.99156e-05	0.993102	0.993102	7.88643e-05	0.033566	0.993102	0.993102	1.03648e-23	0.993102	0.993102	0.993089	0.00157661	1.15403e-12	1.8699e-13	0.0712198	0.0715693	0.993101	0.993102	4.5029e-05	0.00124856	0.00124607	4.50319e-05	8.88333e-05	1.16096	1.16096	1.16096	
0.993102	0.993097	0.993102	0.00612655	9.91263e-05	0.993102	0.993102	7.81052e-05	0.0339191	0.993102	0.993102	1.01878e-23	0.993102	0.993102	0.993089	0.00158335	9.14578e-13	1.85188e-13	0.0718146	0.0721659	0.993101	0.993102	4.47245e-05	0.00125166	0.00124917	4.47276e-05	8.80545e-05	1.16545	1.16545	1.16545	
0.993102	0.993097	0.993102	0.00613253	9.64402e-05	0.993102	0.993102	7.58987e-05	0.0349138	0.993102	0.993102	9.64087e-24	0.993102	0.993102	0.993088	0.00158547	7.31017e-13	1.79955e-13	0.0738592	0.0742182	0.993101	0.993102	4.34781e-05	0.00125174	0.00124925	4.34812e-05	8.56173e-05	1.16585	1.16585	1.16585	
0.993102	0.993097	0.993102	0.00616836	9.42563e-05	0.993102	0.993102	7.41064e-05	0.0355488	0.993102	0.993102	9.16064e-24	0.993102	0.993102	0.993088	0.00157928	5.93293e-13	1.75701e-13	0.0755427	0.0759055	0.993101	0.993102	4.22698e-05	0.00124556	0.00124312	4.2273e-05	8.36361e-05	1.16494	1.16494	1.16494	
0.993102	0.993097	0.993102	0.00621757	9.30444e-05	0.993102	0.993102	7.30702e-05	0.0357472	0.993102	0.993102	8.84934e-24	0.993102	0.993102	0.993088	0.00157027	4.91089e-13	1.7324e-13	0.0764815	0.0768436	0.993101	0.993102	4.14192e-05	0.00123703	0.00123463	4.14225e-05	8.25127e-05	1.16037	1.16037	1.16037	
0.993102	0.993097	0.993102	0.00626391	9.43178e-05	0.993102	0.993102	7.39626e-05	0.0350908	0.993102	0.993102	9.00949e-24	0.993102	0.993102	0.993088	0.00156276	4.19128e-13	1.75351e-13	0.0755863	0.07594	0.993101	0.993102	4.16775e-05	0.00122942	0.00122707	4.16809e-05	8.35803e-05	1.16131	1.16131	1.16131	
0.993102	0.993097	0.993102	0.00628059	9.48334e-05	0.993102	0.993102	7.42542e-05	0.0348611	0.993102	0.993102	9.07389e-24	0.993102	0.993102	0.993088	0.00156298	3.64321e-13	1.76039e-13	0.0752532	0.0756032	0.993101	0.993102	4.18106e-05	0.00122775	0.00122542	4.18141e-05	8.3973e-05	1.1609	1.1609	1.1609	
0.993102	0.993097	0.993102	0.00628687	9.54267e-05	0.993102	0.993102	7.46215e-05	0.0346596	0.993102	0.993102	9.17229e-24	0.993102	0.993102	0.993088	0.00156521	3.23727e-13	1.76909e-13	0.0748682	0.0752152	0.993101	0.993102	4.20469e-05	0.00122792	0.00122559	4.20505e-05	8.44429e-05	1.16466	1.16465	1.16466	
0.993102	0.993097	0.993102	0.0062856	9.4103e-05	0.993102	0.993102	7.3515e-05	0.035189	0.993102	0.993102	8.92213e-24	0.993102	0.993102	0.993088	0.00156858	2.89653e-13	1.74285e-13	0.0759144	0.0762653	0.993101	0.993102	4.14853e-05	0.0012293	0.00122698	4.1489e-05	8.32309e-05	1.16181	1.16181	1.16181	
0.993102	0.993097	0.993102	0.00630133	9.44406e-05	0.993102	0.993102	7.37219e-05	0.035002	0.993102	0.993102	8.95859e-24	0.993102	0.993102	0.993088	0.00156691	2.66932e-13	1.74774e-13	0.0756813	0.0760296	0.993101	0.993102	4.15398e-05	0.00122705	0.00122474	4.15436e-05	8.34971e-05	1.16454	1.16453	1.16454	
0.993102	0.993097	0.993102	0.00630816	9.34259e-05	0.993102	0.993102	7.28785e-05	0.0353632	0.993102	0.993102	8.75846e-24	0.993102	0.993102	0.993088	0.00156738	2.47268e-13	1.72773e-13	0.0764858	0.0768366	0.993101	0.993102	4.1061e-05	0.00122652	0.00122422	4.10648e-05	8.25705e-05	1.16213	1.16213	1.16213	
0.993102	0.993097	0.993102	0.00632522	9.37919e-05	0.993102	0.993102	7.31181e-05	0.0351565	0.993102	0.993102	8.8003e-24	0.993102	0.993102	0.993088	0.001565	2.34897e-13	1.7334e-13	0.0762293	0.0765774	0.993101	0.993102	4.11192e-05	0.00122389	0.00122161	4.1123e-05	8.28677e-05	1.15601	1.156	1.15601	
0.993102	0.993097	0.993102	0.00633247	9.71865e-05	0.993102	0.993102	7.57115e-05	0.0340616	0.993102	0.993102	9.46802e-24	0.993102	0.993102	0.993089	0.00156511	2.32138e-13	1.79487e-13	0.0740013	0.0743391	0.993101	0.993102	4.25655e-05	0.0012232	0.00122093	4.25696e-05	8.58368e-05	1.16001	1.16001	1.16001	
0.993102	0.993097	0.993102	0.00630384	9.76523e-05	0.993102	0.993102	7.60344e-05	0.0340469	0.993102	0.993102	9.59605e-24	0.993102	0.993102	0.993089	0.00157401	2.25738e-13	1.80255e-13	0.0736434	0.0739819	0.993101	0.993102	4.29817e-05	0.00122951	0.00122721	4.29858e-05	8.6226e-05	1.16216	1.16216	1.16216	
0.993102	0.993097	0.993102	0.00628017	9.6937e-05	0.993102	0.993102	7.54702e-05	0.0344015	0.993102	0.993102	9.48409e-24	0.993102	0.993102	0.993088	0.00158032	2.18757e-13	1.7892e-13	0.0741074	0.0744501	0.993101	0.993102	4.28274e-05	0.00123434	0.00123201	4.28316e-05	8.55906e-05	1.163	1.163	1.163	
0.993102	0.993097	0.993102	0.00627206	9.59936e-05	0.993102	0.993102	7.47476e-05	0.0347505	0.993102	0.993102	9.30747e-24	0.993102	0.993102	0.993088	0.00158184	2.12704e-13	1.77208e-13	0.0747437	0.0750901	0.993101	0.993102	4.24603e-05	0.00123572	0.00123339	4.24645e-05	8.47644e-05	1.16255	1.16254	1.16255	
0.993102	0.993097	0.993102	0.00627644	9.54979e-05	0.993102	0.993102	7.43763e-05	0.0348731	0.993102	0.993102	9.19974e-24	0.993102	0.993102	0.993088	0.00158007	2.08621e-13	1.76327e-13	0.0750569	0.0754046	0.993101	0.993102	4.22074e-05	0.00123458	0.00123224	4.22116e-05	8.43348e-05	1.15949	1.15949	1.15949	
0.993102	0.993097	0.993102	0.00628387	9.66197e-05	0.993102	0.993102	7.52582e-05	0.0344369	0.993102	0.993102	9.40356e-24	0.993102	0.993102	0.993088	0.00157785	2.08681e-13	1.78417e-13	0.074242	0.0745857	0.993101	0.993102	4.2648e-05	0.00123295	0.00123063	4.26523e-05	8.53301e-05	1.16349	1.16349	1.16349	
0.993102	0.993097	0.993102	0.00627617	9.55279e-05	0.993102	0.993102	7.44083e-05	0.0348567	0.993102	0.993102	9.20267e-24	0.993102	0.993102	0.993088	0.00157976	2.04684e-13	1.76403e-13	0.0750222	0.0753699	0.993101	0.993102	4.22166e-05	0.00123446	0.00123213	4.22209e-05	8.43661e-05	1.16579	1.16578	1.16579	
0.993102	0.993097	0.993102	0.00628314	9.36669e-05	0.993102	0.993102	7.29641e-05	0.0355043	0.993102	0.993102	8.84573e-24	0.993102	0.993102	0.993088	0.00157775	1.99518e-13	1.72979e-13	0.0764433	0.0767965	0.993101	0.993102	4.13498e-05	0.00123297	0.00123065	4.1354e-05	8.27254e-05	1.16251	1.16251	1.16251	
0.993102	0.993097	0.993102	0.00630939	9.37791e-05	0.993102	0.993102	7.30503e-05	0.0353026	0.993102	0.993102	8.8243e-24	0.993102	0.993102	0.993088	0.00157127	1.98789e-13	1.73181e-13	0.0763226	0.0766733	0.993101	0.993102	4.12272e-05	0.00122786	0.00122556	4.12315e-05	8.28234e-05	1.16255	1.16255	1.16255	
0.993102	0.993097	0.993102	0.00632428	9.3857e-05	0.993102	0.993102	7.30907e-05	0.0351924	0.993102	0.993102	8.81489e-24	0.993102	0.993102	0.993088	0.00156841	1.98205e-13	1.73275e-13	0.0762552	0.0766043	0.993101	0.993102	4.11691e-05	0.00122527	0.00122299	4.11734e-05	8.28803e-05	1.16156	1.16155	1.16155	
0.993102	0.993097	0.993102	0.00633285	9.43993e-05	0.993102	0.993102	7.34864e-05	0.034961	0.993102	0.993102	8.90359e-24	0.993102	0.993102	0.993088	0.00156737	1.98764e-13	1.74212e-13	0.0758604	0.0762069	0.993101	0.993102	4.13566e-05	0.00122401	0.00122173	4.1361e-05	8.33439e-05	1.16395	1.16394	1.16395	
0.993102	0.993097	0.993102	0.00633246	9.36804e-05	0.993102	0.993102	7.29018e-05	0.0352358	0.993102	0.993102	8.76958e-24	0.993102	0.993102	0.993088	0.00156855	1.96826e-13	1.72826e-13	0.0764161	0.0767646	0.993101	0.993102	4.10509e-05	0.0012245	0.00122222	4.10553e-05	8.26948e-05	1.15892	1.15892	1.15892	
0.993102	0.993097	0.993102	0.00634088	9.55772e-05	0.993102	0.993102	7.43573e-05	0.0345588	0.993102	0.993102	9.124e-24	0.993102	0.993102	0.993088	0.00156727	2.00458e-13	1.76276e-13	0.0750889	0.0754311	0.993101	0.993102	4.18286e-05	0.00122316	0.00122089	4.18331e-05	8.43573e-05	1.16104	1.16103	1.16104	
0.993102	0.993097	0.993102	0.00632625	9.59447e-05	0.993102	0.993102	7.46228e-05	0.0345071	0.993102	0.993102	9.21386e-24	0.993102	0.993102	0.993088	0.00157179	2.00973e-13	1.76907e-13	0.0748133	0.0751554	0.993101	0.993102	4.20955e-05	0.00122636	0.00122408	4.21001e-05	8.46702e-05	1.16	1.16	1.16	
0.993102	0.993097	0.993102	0.00631275	9.67249e-05	0.993102	0.993102	7.52255e-05	0.0343052	0.993102	0.993102	9.38417e-24	0.993102	0.993102	0.993089	0.00157535	2.02428e-13	1.78337e-13	0.0742468	0.0745877	0.993101	0.993102	4.25331e-05	0.00122908	0.00122679	4.25379e-05	8.53565e-05	1.16504	1.16503	1.16504	
0.993102	0.993097	0.993102	0.00629547	9.49132e-05	0.993102	0.993102	7.38234e-05	0.0350565	0.993102	0.993102	9.065e-24	0.993102	0.993102	0.993088	0.00157942	1.9853e-13	1.75014e-13	0.0755979	0.0759462	0.993101	0.993102	4.18436e-05	0.00123239	0.00123008	4.18484e-05	8.37617e-05	1.16715	1.16714	1.16715	
0.993102	0.993097	0.993102	0.00630513	9.26198e-05	0.993102	0.993102	7.20558e-05	0.0358666	0.993102	0.993102	8.63222e-24	0.993102	0.993102	0.993088	0.00157623	1.93669e-13	1.70823e-13	0.0773955	0.077751	0.993101	0.993102	4.07707e-05	0.00123018	0.00122788	4.07754e-05	8.17466e-05	1.16741	1.1674	1.16741	
0.993102	0.993097	0.993102	0.00633891	9.07966e-05	0.993102	0.993102	7.06427e-05	0.0363706	0.993102	0.993102	8.2602e-24	0.993102	0.993102	0.993088	0.00156767	1.89798e-13	1.67471e-13	0.078846	0.0792051	0.993101	0.993102	3.97676e-05	0.00122356	0.00122129	3.97722e-05	8.01398e-05	1.16607	1.16607	1.16607	
0.993102	0.993097	0.993102	0.00638275	9.00282e-05	0.993102	0.993102	7.00253e-05	0.0364161	0.993102	0.993102	8.06261e-24	0.993102	0.993102	0.993088	0.00155791	1.88114e-13	1.66004e-13	0.0794404	0.0797985	0.993101	0.993102	3.91716e-05	0.00121555	0.00121331	3.91762e-05	7.94498e-05	1.16499	1.16499	1.16499	
0.993102	0.993097	0.993102	0.00641992	8.99561e-05	0.993102	0.993102	6.99232e-05	0.0362523	0.993102	0.993102	7.99786e-24	0.993102	0.993102	0.993088	0.00155093	1.87862e-13	1.65759e-13	0.0794999	0.0798549	0.993101	0.993102	3.89227e-05	0.00120928	0.00120707	3.89273e-05	7.93593e-05	1.16457	1.16457	1.16457	
0.993102	0.993097	0.993102	0.00644482	9.01105e-05	0.993102	0.993102	6.99821e-05	0.036085	0.993102	0.993102	7.9909e-24	0.993102	0.993102	0.993088	0.00154755	1.88072e-13	1.65896e-13	0.079403	0.079755	0.993101	0.993102	3.88496e-05	0.00120557	0.00120339	3.88544e-05	7.94602e-05	1.16498	1.16498	1.16498	
0.993102	0.993097	0.993102	0.00645961	9.00506e-05	0.993102	0.993102	6.98729e-05	0.0360604	0.993102	0.993102	7.9606e-24	0.993102	0.993102	0.993088	0.0015467	1.87841e-13	1.65635e-13	0.0794905	0.0798413	0.993101	0.993102	3.87477e-05	0.0012038	0.00120163	3.87525e-05	7.93713e-05	1.16395	1.16394	1.16395	
0.993102	0.993097	0.993102	0.00647085	9.04853e-05	0.993102	0.993102	7.01517e-05	0.0358674	0.993102	0.993102	8.02321e-24	0.993102	0.993102	0.993088	0.00154649	1.88652e-13	1.66295e-13	0.079183	0.0795313	0.993101	0.993102	3.88785e-05	0.00120262	0.00120046	3.88835e-05	7.97206e-05	1.16674	1.16674	1.16674	
0.993102	0.993097	0.993102	0.00647372	8.95591e-05	0.993102	0.993102	6.93848e-05	0.03625	0.993102	0.993102	7.859e-24	0.993102	0.993102	0.993088	0.00154802	1.86645e-13	1.64476e-13	0.0799955	0.0803469	0.993101	0.993102	3.8475e-05	0.00120291	0.00120076	3.84802e-05	7.8876e-05	1.16629	1.16629	1.16629	
0.993102	0.993097	0.993102	0.00648852	8.90654e-05	0.993102	0.993102	6.89629e-05	0.0363864	0.993102	0.993102	7.75563e-24	0.993102	0.993102	0.993088	0.00154625	1.85555e-13	1.63475e-13	0.0804343	0.0807867	0.993101	0.993102	3.81858e-05	0.00120081	0.00119867	3.81914e-05	7.84177e-05	1.16658	1.16657	1.16658	
0.993102	0.993097	0.993102	0.00650505	8.85769e-05	0.993102	0.993102	6.8545e-05	0.0365154	0.993102	0.993102	7.65254e-24	0.993102	0.993102	0.993088	0.00154411	1.8448e-13	1.62483e-13	0.0808761	0.0812301	0.993101	0.993102	3.78904e-05	0.00119842	0.00119629	3.78967e-05	7.79633e-05	1.16635	1.16634	1.16635	
0.993102	0.993097	0.993102	0.00652275	8.83206e-05	0.993102	0.993102	6.83052e-05	0.0365474	0.993102	0.993102	7.58838e-24	0.993102	0.993102	0.993088	0.00154178	1.83888e-13	1.61913e-13	0.0811259	0.0814803	0.993101	0.993102	3.76884e-05	0.00119585	0.00119373	3.76952e-05	7.77128e-05	1.16374	1.16373	1.16374	
0.993102	0.993097	0.993102	0.00653822	8.93157e-05	0.993102	0.993102	6.90293e-05	0.0361147	0.993102	0.993102	7.7444e-24	0.993102	0.993102	0.993088	0.00154008	1.85899e-13	1.63629e-13	0.0803545	0.0807061	0.993101	0.993102	3.80302e-05	0.00119373	0.00119163	3.80381e-05	7.85602e-05	1.15897	1.15895	1.15896	
0.993102	0.993097	0.993102	0.00653659	9.23973e-05	0.993102	0.993102	7.13621e-05	0.0350854	0.993102	0.993102	8.31915e-24	0.993102	0.993102	0.993088	0.00154243	1.92253e-13	1.69158e-13	0.0781178	0.0784629	0.993101	0.993102	3.93658e-05	0.00119475	0.00119265	3.93757e-05	8.12391e-05	1.16226	1.16225	1.16226	
0.993102	0.993097	0.993102	0.00650191	9.30692e-05	0.993102	0.993102	7.18499e-05	0.0350192	0.993102	0.993102	8.48301e-24	0.993102	0.993102	0.993088	0.00155224	1.9361e-13	1.70317e-13	0.0775748	0.0779218	0.993101	0.993102	3.9881e-05	0.00120181	0.00119968	3.98919e-05	8.18111e-05	1.15724	1.15723	1.15724	
0.993102	0.993097	0.993102	0.00647161	9.60805e-05	0.993102	0.993102	7.41777e-05	0.0341694	0.993102	0.993102	9.10955e-24	0.993102	0.993102	0.993089	0.00155956	1.99882e-13	1.75839e-13	0.0754572	0.075799	0.993101	0.993102	4.13828e-05	0.00120751	0.00120535	4.13949e-05	8.44588e-05	1.15812	1.1581	1.15812	
0.993102	0.993097	0.993102	0.00642006	9.78584e-05	0.993102	0.993102	7.55777e-05	0.033805	0.993102	0.993102	9.52758e-24	0.993102	0.993102	0.993089	0.00157135	2.03622e-13	1.79162e-13	0.074145	0.0744872	0.993101	0.993102	4.25008e-05	0.00121708	0.00121487	4.25142e-05	8.60362e-05	1.15883	1.15881	1.15882	
0.993102	0.993097	0.993102	0.00636686	9.87973e-05	0.993102	0.993102	7.6364e-05	0.0337048	0.993102	0.993102	9.78123e-24	0.993102	0.993102	0.993089	0.00158227	2.05659e-13	1.81032e-13	0.073379	0.0737232	0.993101	0.993102	4.32587e-05	0.00122655	0.0012243	4.32725e-05	8.68971e-05	1.1558	1.15578	1.15579	
0.993102	0.993097	0.993102	0.00632062	0.000101068	0.993102	0.993102	7.82124e-05	0.0331669	0.993102	0.993102	1.03157e-23	0.993102	0.993102	0.993089	0.00159039	2.10514e-13	1.85419e-13	0.0718066	0.0721489	0.993101	0.993102	4.45659e-05	0.00123429	0.00123198	4.45806e-05	8.89473e-05	1.15377	1.15375	1.15377	
0.993102	0.993097	0.993102	0.00626658	0.000103861	0.993102	0.993102	8.04864e-05	0.0325404	0.993102	0.993102	1.10008e-23	0.993102	0.993102	0.993089	0.00160014	2.16493e-13	1.90816e-13	0.0699854	0.0703271	0.993101	0.993102	4.61853e-05	0.00124352	0.00124116	4.62025e-05	9.14668e-05	1.15365	1.15362	1.15365	
0.993102	0.993097	0.993102	0.0062038	0.000105987	0.993102	0.993102	8.22639e-05	0.0321494	0.993102	0.993102	1.15674e-23	0.993102	0.993102	0.993089	0.00161172	2.21112e-13	1.95038e-13	0.0685666	0.0689111	0.993101	0.993102	4.75899e-05	0.00125449	0.00125206	4.76101e-05	9.34092e-05	1.15614	1.1561	1.15614	
0.993102	0.993098	0.993102	0.00614129	0.000106168	0.993102	0.993102	8.25494e-05	0.0323068	0.993102	0.993102	1.16955e-23	0.993102	0.993102	0.993089	0.00162267	2.21707e-13	1.95722e-13	0.0682511	0.0686068	0.993101	0.993102	4.81049e-05	0.00126526	0.00126276	4.813e-05	9.36439e-05	1.1568	1.15675	1.1568	
0.993102	0.993098	0.993102	0.00609547	0.000105923	0.993102	0.993102	8.25166e-05	0.032505	0.993102	0.993102	1.17004e-23	0.993102	0.993102	0.993089	0.00162857	2.2143e-13	1.9565e-13	0.0682004	0.0685676	0.993101	0.993102	4.82895e-05	0.0012723	0.00126975	4.83194e-05	9.35088e-05	1.16017	1.16012	1.16016	
0.993102	0.993098	0.993102	0.00606437	0.000103991	0.993102	0.993102	8.11579e-05	0.0331791	0.993102	0.993102	1.13196e-23	0.993102	0.993102	0.993089	0.00163058	2.17601e-13	1.92432e-13	0.0692546	0.0696357	0.993101	0.993102	4.7581e-05	0.00127628	0.0012737	4.76134e-05	9.18812e-05	1.15958	1.15952	1.15958	
0.993102	0.993098	0.993102	0.00605954	0.000102822	0.993102	0.993102	8.03826e-05	0.0334718	0.993102	0.993102	1.10593e-23	0.993102	0.993102	0.993089	0.00162616	2.15362e-13	1.90595e-13	0.0698338	0.0702261	0.993101	0.993102	4.70309e-05	0.0012749	0.00127231	4.70676e-05	9.09173e-05	1.14967	1.14959	1.14967	
0.993102	0.993098	0.993102	0.00606453	0.000107425	0.993102	0.993102	8.41114e-05	0.032145	0.993102	0.993102	1.21033e-23	0.993102	0.993102	0.993089	0.00162067	2.2524e-13	1.99436e-13	0.0672138	0.0676059	0.993101	0.993102	4.90419e-05	0.00127199	0.00126941	4.90933e-05	9.50354e-05	1.14897	1.14889	1.14897	
0.993102	0.993098	0.993102	0.00602862	0.000111299	0.993102	0.993102	8.72361e-05	0.0312399	0.993102	0.993102	1.30987e-23	0.993102	0.993102	0.99309	0.00162742	2.33525e-13	2.06851e-13	0.0650575	0.0654501	0.993101	0.993102	5.11191e-05	0.0012784	0.00127579	5.11811e-05	9.84995e-05	1.15102	1.15095	1.15102	
0.993102	0.993098	0.993102	0.00597298	0.000112933	0.993102	0.993102	8.8615e-05	0.030987	0.993102	0.993102	1.35902e-23	0.993102	0.993102	0.99309	0.00163936	2.37106e-13	2.10128e-13	0.0640124	0.0644103	0.993101	0.993102	5.23469e-05	0.00128921	0.00128653	5.24146e-05	9.99944e-05	1.15178	1.15171	1.15178	
0.993102	0.993098	0.993102	0.00592076	0.000113678	0.993102	0.993102	8.93233e-05	0.0309477	0.993102	0.993102	1.38598e-23	0.993102	0.993102	0.99309	0.00164945	2.38848e-13	2.11815e-13	0.0634321	0.0638356	0.993101	0.993102	5.31252e-05	0.001299	0.00129625	5.31962e-05	0.000100722	1.15088	1.15081	1.15088	
0.993102	0.993098	0.993102	0.00587752	0.000114732	0.993102	0.993102	9.02938e-05	0.0307911	0.993102	0.993102	1.41953e-23	0.993102	0.993102	0.99309	0.00165647	2.41265e-13	2.14123e-13	0.0627229	0.0631299	0.993101	0.993102	5.3971e-05	0.0013066	0.00130379	5.40453e-05	0.000101733	1.14962	1.14954	1.14961	
0.993102	0.993098	0.993102	0.00583816	0.000116255	0.993102	0.993102	9.16422e-05	0.0305113	0.993102	0.993102	1.46539e-23	0.993102	0.993102	0.99309	0.00166228	2.44674e-13	2.17327e-13	0.0618211	0.0622287	0.993101	0.993102	5.50141e-05	0.00131334	0.00131049	5.5091e-05	0.000103167	1.15703	1.15697	1.15703	
0.993102	0.993098	0.993102	0.00579844	0.000113182	0.993102	0.993102	8.93492e-05	0.0315002	0.993102	0.993102	1.39759e-23	0.993102	0.993102	0.99309	0.00166821	2.3837e-13	2.11894e-13	0.0633535	0.0637729	0.993101	0.993102	5.38493e-05	0.00132029	0.00131739	5.3922e-05	0.000100518	1.15665	1.15659	1.15665	
0.993102	0.993098	0.993102	0.00579488	0.000111062	0.993102	0.993102	8.78077e-05	0.0320141	0.993102	0.993102	1.34525e-23	0.993102	0.993102	0.993089	0.00166375	2.34079e-13	2.08239e-13	0.0643685	0.064795	0.993101	0.993102	5.28237e-05	0.00131885	0.00131595	5.28942e-05	9.87117e-05	1.15715	1.15708	1.15715	
0.993102	0.993098	0.993102	0.00580701	0.000109216	0.993102	0.993102	8.64498e-05	0.0323949	0.993102	0.993102	1.29721e-23	0.993102	0.993102	0.993089	0.00165611	2.30321e-13	2.05017e-13	0.0652854	0.0657165	0.993101	0.993102	5.18062e-05	0.00131437	0.00131149	5.18748e-05	9.71288e-05	1.16331	1.16326	1.16331	
0.993102	0.993098	0.993102	0.00582802	0.000104813	0.993102	0.993102	8.30241e-05	0.0336722	0.993102	0.993102	1.19605e-23	0.993102	0.993102	0.993089	0.00164739	2.21101e-13	1.9689e-13	0.0680548	0.0684956	0.993101	0.993102	4.95389e-05	0.00130852	0.00130566	4.96013e-05	9.32523e-05	1.16405	1.164	1.16405	
0.993102	0.993098	0.993102	0.00588324	0.000101191	0.993102	0.993102	8.01842e-05	0.034529	0.993102	0.993102	1.10836e-23	0.993102	0.993102	0.993088	0.00163092	2.13485e-13	1.90149e-13	0.0704029	0.0708479	0.993101	0.993102	4.74166e-05	0.00129591	0.00129311	4.74735e-05	9.00505e-05	1.16782	1.16778	1.16782	
0.993102	0.993098	0.993102	0.00595421	9.68494e-05	0.993102	0.993102	7.67264e-05	0.0357078	0.993102	0.993102	1.00989e-23	0.993102	0.993102	0.993088	0.0016127	2.04289e-13	1.81942e-13	0.0735868	0.0740381	0.993101	0.993102	4.49124e-05	0.00128105	0.00127834	4.49639e-05	8.61803e-05	1.16926	1.16922	1.16926	
0.993102	0.993098	0.993102	0.00604869	9.30317e-05	0.993102	0.993102	7.36417e-05	0.0366378	0.993102	0.993102	9.22375e-24	0.993102	0.993102	0.993088	0.00159106	1.96146e-13	1.74619e-13	0.0765591	0.0770138	0.993101	0.993102	4.25576e-05	0.00126264	0.00126004	4.26047e-05	8.27511e-05	1.17651	1.17648	1.17651	
0.993102	0.993097	0.993102	0.00615532	8.74336e-05	0.993102	0.993102	6.91157e-05	0.0386058	0.993102	0.993102	8.12808e-24	0.993102	0.993102	0.993087	0.00156911	1.84197e-13	1.63878e-13	0.0818627	0.0823234	0.993101	0.993102	3.94445e-05	0.00124324	0.00124073	3.94844e-05	7.77241e-05	1.17619	1.17615	1.17619	
0.993102	0.993097	0.993102	0.00630742	8.34019e-05	0.993102	0.993102	6.57913e-05	0.0395977	0.993102	0.993102	7.27926e-24	0.993102	0.993102	0.993086	0.00153975	1.75511e-13	1.55985e-13	0.0857354	0.0861982	0.993101	0.993102	3.68697e-05	0.00121715	0.00121478	3.69058e-05	7.40633e-05	1.17744	1.1774	1.17744	
0.993102	0.993097	0.993102	0.00646571	7.99936e-05	0.993102	0.993102	6.29128e-05	0.0403927	0.993102	0.993102	6.56647e-24	0.993102	0.993102	0.993086	0.00151281	1.68077e-13	1.49149e-13	0.0892672	0.0897293	0.993101	0.993102	3.46198e-05	0.00119196	0.00118972	3.46526e-05	7.09295e-05	1.17739	1.17734	1.17739	
0.993102	0.993097	0.993102	0.00662324	7.75177e-05	0.993102	0.993102	6.07293e-05	0.0408153	0.993102	0.993102	6.02132e-24	0.993102	0.993102	0.993086	0.0014893	1.62557e-13	1.43962e-13	0.0919595	0.0924208	0.993101	0.993102	3.28322e-05	0.00116864	0.00116653	3.28636e-05	6.85975e-05	1.17664	1.17658	1.17664	
0.993102	0.993097	0.993102	0.00676752	7.59907e-05	0.993102	0.993102	5.92592e-05	0.040897	0.993102	0.993102	5.64159e-24	0.993102	0.993102	0.993086	0.00147105	1.58995e-13	1.40467e-13	0.0937025	0.094165	0.993101	0.993102	3.15407e-05	0.00114885	0.00114685	3.15729e-05	6.70843e-05	1.17849	1.17843	1.17849	
0.993102	0.993096	0.993102	0.00688891	7.42456e-05	0.993102	0.993102	5.76192e-05	0.0413135	0.993102	0.993102	5.27769e-24	0.993102	0.993102	0.993086	0.00145885	1.54971e-13	1.36571e-13	0.0959187	0.096382	0.993101	0.993102	3.03101e-05	0.00113357	0.00113166	3.03421e-05	6.5381e-05	1.17976	1.17971	1.17976	
0.993102	0.993096	0.993102	0.00700384	7.25468e-05	0.993102	0.993102	5.60285e-05	0.0417985	0.993102	0.993102	4.94714e-24	0.993102	0.993102	0.993085	0.00144844	1.51054e-13	1.32794e-13	0.0982326	0.098693	0.993101	0.993102	2.91672e-05	0.00111985	0.00111802	2.91978e-05	6.37291e-05	1.17963	1.17957	1.17963	
0.993102	0.993096	0.993102	0.00711633	7.13574e-05	0.993102	0.993102	5.48405e-05	0.0420372	0.993102	0.993102	4.69761e-24	0.993102	0.993102	0.993085	0.00143893	1.48219e-13	1.29971e-13	0.0999563	0.100418	0.993101	0.993102	2.82653e-05	0.00110695	0.0011052	2.82963e-05	6.2526e-05	1.17958	1.17951	1.17958	
0.993102	0.993096	0.993102	0.00721789	7.05239e-05	0.993102	0.993102	5.39358e-05	0.0421567	0.993102	0.993102	4.51051e-24	0.993102	0.993102	0.993085	0.00143176	1.46137e-13	1.27821e-13	0.101275	0.101738	0.993101	0.993102	2.75664e-05	0.001096	0.00109431	2.75983e-05	6.16397e-05	1.17934	1.17927	1.17934	
0.993102	0.993096	0.993102	0.00730607	7.00177e-05	0.993102	0.993102	5.32944e-05	0.0421731	0.993102	0.993102	4.3798e-24	0.993102	0.993102	0.993085	0.00142702	1.4475e-13	1.26296e-13	0.102195	0.10266	0.993101	0.993102	2.70588e-05	0.00108716	0.00108552	2.70918e-05	6.10468e-05	1.17886	1.17877	1.17886	
0.993102	0.993096	0.993102	0.00737939	6.98377e-05	0.993102	0.993102	5.29174e-05	0.0420874	0.993102	0.993102	4.30346e-24	0.993102	0.993102	0.993085	0.00142474	1.44069e-13	1.25399e-13	0.102691	0.103163	0.993101	0.993102	2.67394e-05	0.00108045	0.00107886	2.67757e-05	6.07431e-05	1.17872	1.17862	1.17872	
0.993102	0.993096	0.993102	0.00743657	6.97773e-05	0.993102	0.993102	5.26523e-05	0.0420154	0.993102	0.993102	4.25565e-24	0.993102	0.993102	0.993085	0.0014248	1.4367e-13	1.24767e-13	0.103024	0.103508	0.993101	0.993102	2.65296e-05	0.00107588	0.00107433	2.65703e-05	6.05532e-05	1.1801	1.18	1.1801	
0.993102	0.993096	0.993102	0.00748098	6.92746e-05	0.993102	0.993102	5.20839e-05	0.0422567	0.993102	0.993102	4.16664e-24	0.993102	0.993102	0.993085	0.00142614	1.42389e-13	1.23418e-13	0.103959	0.104452	0.993101	0.993102	2.62042e-05	0.00107285	0.00107132	2.62469e-05	6.00019e-05	1.18171	1.18163	1.18171	
0.993102	0.993095	0.993102	0.00752683	6.83722e-05	0.993102	0.993102	5.12454e-05	0.0427207	0.993102	0.993102	4.03479e-24	0.993102	0.993102	0.993085	0.00142593	1.40313e-13	1.21429e-13	0.105472	0.105965	0.993101	0.993102	2.57296e-05	0.00106929	0.00106778	2.57714e-05	5.91283e-05	1.18222	1.18213	1.18222	
0.993102	0.993095	0.993102	0.00758256	6.75446e-05	0.993102	0.993102	5.04824e-05	0.0430786	0.993102	0.993102	3.91027e-24	0.993102	0.993102	0.993085	0.00142317	1.38422e-13	1.19619e-13	0.106877	0.107374	0.993101	0.993102	2.52565e-05	0.00106416	0.00106267	2.52981e-05	5.83284e-05	1.18121	1.1811	1.18121	
0.993102	0.993095	0.993102	0.00764255	6.72775e-05	0.993102	0.993102	5.01445e-05	0.043066	0.993102	0.993102	3.84868e-24	0.993102	0.993102	0.993085	0.00141957	1.37707e-13	1.18816e-13	0.107446	0.107957	0.993101	0.993102	2.49809e-05	0.00105842	0.00105696	2.50261e-05	5.80079e-05	1.18111	1.18099	1.18111	
0.993102	0.993095	0.993102	0.00769164	6.71324e-05	0.993102	0.993102	4.99024e-05	0.043039	0.993102	0.993102	3.80787e-24	0.993102	0.993102	0.993085	0.00141787	1.37247e-13	1.18241e-13	0.107848	0.108372	0.993101	0.993102	2.47887e-05	0.0010542	0.00105276	2.48375e-05	5.77958e-05	1.18173	1.1816	1.18173	
0.993102	0.993095	0.993102	0.00773118	6.6833e-05	0.993102	0.993102	4.95564e-05	0.0431559	0.993102	0.993102	3.75614e-24	0.993102	0.993102	0.993085	0.00141756	1.36488e-13	1.17419e-13	0.108473	0.109013	0.993101	0.993102	2.45729e-05	0.00105118	0.00104975	2.46256e-05	5.74564e-05	1.18243	1.1823	1.18243	
0.993102	0.993095	0.993102	0.00776847	6.63928e-05	0.993102	0.993102	4.91193e-05	0.0433634	0.993102	0.993102	3.69106e-24	0.993102	0.993102	0.993085	0.00141701	1.35448e-13	1.16382e-13	0.10931	0.10986	0.993101	0.993102	2.43144e-05	0.0010483	0.00104689	2.43687e-05	5.70083e-05	1.18124	1.18107	1.18124	
0.993102	0.993095	0.993102	0.00780753	6.64702e-05	0.993102	0.993102	4.90726e-05	0.043236	0.993102	0.993102	3.68293e-24	0.993102	0.993102	0.993085	0.00141598	1.35502e-13	1.16271e-13	0.109344	0.109921	0.993101	0.993102	2.42384e-05	0.00104506	0.00104366	2.42998e-05	5.69974e-05	1.1815	1.18134	1.1815	
0.993102	0.993095	0.993102	0.0078348	6.64531e-05	0.993102	0.993102	4.89635e-05	0.0432199	0.993102	0.993102	3.67009e-24	0.993102	0.993102	0.993085	0.00141661	1.35358e-13	1.16011e-13	0.109523	0.110115	0.993101	0.993102	2.41652e-05	0.0010433	0.00104191	2.42307e-05	5.69163e-05	1.18099	1.18078	1.18099	
0.993102	0.993095	0.993102	0.00785674	6.66226e-05	0.993102	0.993102	4.90019e-05	0.043113	0.993102	0.993102	3.68109e-24	0.993102	0.993102	0.993085	0.00141788	1.35629e-13	1.16102e-13	0.109397	0.110021	0.993101	0.993102	2.41748e-05	0.00104206	0.00104068	2.42486e-05	5.69916e-05	1.17946	1.17921	1.17946	
0.993102	0.993095	0.993102	0.00787066	6.72793e-05	0.993102	0.993102	4.94071e-05	0.0427555	0.993102	0.993102	3.75159e-24	0.993102	0.993102	0.993085	0.00142028	1.36931e-13	1.17061e-13	0.108554	0.109221	0.993101	0.993102	2.43837e-05	0.0010417	0.00104033	2.44712e-05	5.74777e-05	1.18133	1.18112	1.18133	
0.993102	0.993095	0.993102	0.00786807	6.71351e-05	0.993102	0.993102	4.9239e-05	0.0429364	0.993102	0.993102	3.73853e-24	0.993102	0.993102	0.993085	0.00142454	1.36572e-13	1.16663e-13	0.108856	0.109541	0.993101	0.993102	2.43523e-05	0.00104331	0.00104193	2.44436e-05	5.73091e-05	1.18324	1.18307	1.18324	
0.993102	0.993095	0.993102	0.00787305	6.64001e-05	0.993102	0.993102	4.86561e-05	0.0434277	0.993102	0.993102	3.65663e-24	0.993102	0.993102	0.993085	0.00142606	1.35002e-13	1.15282e-13	0.110052	0.110733	0.993101	0.993102	2.40798e-05	0.00104356	0.00104219	2.41677e-05	5.66619e-05	1.18421	1.18407	1.18421	
0.993102	0.993095	0.993102	0.00789665	6.55383e-05	0.993102	0.993102	4.79897e-05	0.0438955	0.993102	0.993102	3.55394e-24	0.993102	0.993102	0.993085	0.00142358	1.33176e-13	1.13703e-13	0.111463	0.11213	0.993101	0.993102	2.37061e-05	0.00104118	0.00103981	2.37881e-05	5.59169e-05	1.1857	1.18559	1.1857	
0.993102	0.993095	0.993102	0.00793493	6.44364e-05	0.993102	0.993102	4.71464e-05	0.044462	0.993102	0.993102	3.42258e-24	0.993102	0.993102	0.993084	0.00141852	1.30847e-13	1.11704e-13	0.113323	0.113965	0.993101	0.993102	2.32084e-05	0.00103697	0.00103561	2.32818e-05	5.49717e-05	1.18596	1.18585	1.18596	
0.993102	0.993095	0.993102	0.00798962	6.35442e-05	0.993102	0.993102	4.64486e-05	0.044817	0.993102	0.993102	3.30843e-24	0.993102	0.993102	0.993084	0.00141128	1.28941e-13	1.10049e-13	0.114875	0.115496	0.993101	0.993102	2.27465e-05	0.0010309	0.00102956	2.28129e-05	5.41972e-05	1.18582	1.1857	1.18582	
0.993102	0.993095	0.993102	0.00804956	6.29371e-05	0.993102	0.993102	4.5946e-05	0.0449753	0.993102	0.993102	3.22289e-24	0.993102	0.993102	0.993084	0.00140422	1.27608e-13	1.08857e-13	0.115986	0.116595	0.993101	0.993102	2.23778e-05	0.00102455	0.00102323	2.244e-05	5.36524e-05	1.18577	1.18565	1.18577	
0.993102	0.993095	0.993102	0.00810589	6.25171e-05	0.993102	0.993102	4.55677e-05	0.0450488	0.993102	0.993102	3.15897e-24	0.993102	0.993102	0.993084	0.00139869	1.26645e-13	1.0796e-13	0.116822	0.117423	0.993101	0.993102	2.20905e-05	0.001019	0.00101769	2.21498e-05	5.32571e-05	1.18625	1.18614	1.18625	
0.993102	0.993095	0.993102	0.00815576	6.20719e-05	0.993102	0.993102	4.51648e-05	0.0451914	0.993102	0.993102	3.0965e-24	0.993102	0.993102	0.993084	0.00139478	1.25621e-13	1.07004e-13	0.117738	0.11833	0.993101	0.993102	2.18163e-05	0.00101447	0.00101318	2.18726e-05	5.28372e-05	1.18664	1.18653	1.18664	
0.993102	0.993094	0.993102	0.00820316	6.16364e-05	0.993102	0.993102	4.47671e-05	0.0453499	0.993102	0.993102	3.03709e-24	0.993102	0.993102	0.993084	0.00139152	1.24613e-13	1.0606e-13	0.118661	0.119242	0.993101	0.993102	2.15556e-05	0.00101036	0.00100908	2.16088e-05	5.24248e-05	1.18718	1.18708	1.18718	
0.993102	0.993094	0.993102	0.00824923	6.11622e-05	0.993102	0.993102	4.43418e-05	0.0455499	0.993102	0.993102	2.97558e-24	0.993102	0.993102	0.993084	0.00138856	1.23524e-13	1.05052e-13	0.119673	0.120242	0.993101	0.993102	2.12881e-05	0.00100648	0.00100522	2.13377e-05	5.19808e-05	1.18675	1.18664	1.18675	
0.993102	0.993094	0.993102	0.00829598	6.09506e-05	0.993102	0.993102	4.41065e-05	0.0455643	0.993102	0.993102	2.93967e-24	0.993102	0.993102	0.993084	0.0013857	1.22978e-13	1.04493e-13	0.120218	0.120783	0.993101	0.993102	2.11114e-05	0.00100258	0.00100134	2.11599e-05	5.17544e-05	1.18689	1.18678	1.18689	
0.993102	0.993094	0.993102	0.00833552	6.07634e-05	0.993102	0.993102	4.38892e-05	0.0456028	0.993102	0.993102	2.90921e-24	0.993102	0.993102	0.993084	0.0013841	1.22482e-13	1.03978e-13	0.120729	0.12129	0.993101	0.993102	2.0963e-05	0.000999583	0.000998353	2.10105e-05	5.15487e-05	1.18724	1.18714	1.18724	
0.993102	0.993094	0.993102	0.00837009	6.05285e-05	0.993102	0.993102	4.36415e-05	0.0456992	0.993102	0.993102	2.87637e-24	0.993102	0.993102	0.993084	0.00138314	1.21892e-13	1.0339e-13	0.121328	0.121884	0.993101	0.993102	2.08116e-05	0.000997149	0.000995929	2.08575e-05	5.13064e-05	1.1868	1.18668	1.1868	
0.993102	0.993094	0.993102	0.00840297	6.0499e-05	0.993102	0.993102	4.35458e-05	0.0456545	0.993102	0.993102	2.86377e-24	0.993102	0.993102	0.993084	0.00138233	1.21732e-13	1.03162e-13	0.121545	0.122103	0.993101	0.993102	2.07346e-05	0.000994845	0.000993635	2.07808e-05	5.12363e-05	1.18678	1.18666	1.18678	
0.993102	0.993094	0.993102	0.00842848	6.04927e-05	0.993102	0.993102	4.34712e-05	0.0456271	0.993102	0.993102	2.856e-24	0.993102	0.993102	0.993084	0.0013825	1.21624e-13	1.02985e-13	0.121714	0.122274	0.993101	0.993102	2.06834e-05	0.000993343	0.00099214	2.07301e-05	5.11882e-05	1.18718	1.18707	1.18718	
0.993102	0.993094	0.993102	0.00844857	6.03749e-05	0.993102	0.993102	4.33234e-05	0.0456981	0.993102	0.993102	2.83953e-24	0.993102	0.993102	0.993084	0.00138311	1.21295e-13	1.02635e-13	0.122075	0.122633	0.993101	0.993102	2.0607e-05	0.000992355	0.000991157	2.06529e-05	5.10525e-05	1.18807	1.18798	1.18807	
0.993102	0.993094	0.993102	0.00846834	6.0026e-05	0.993102	0.993102	4.3018e-05	0.0459284	0.993102	0.993102	2.80165e-24	0.993102	0.993102	0.993084	0.00138321	1.20502e-13	1.01911e-13	0.122856	0.123401	0.993101	0.993102	2.04521e-05	0.000991262	0.000990068	2.04951e-05	5.07313e-05	1.18829	1.18821	1.18829	
0.993102	0.993094	0.993102	0.00849466	5.97039e-05	0.993102	0.993102	4.27375e-05	0.0460986	0.993102	0.993102	2.76433e-24	0.993102	0.993102	0.993084	0.00138193	1.19772e-13	1.01246e-13	0.123578	0.124112	0.993101	0.993102	2.02905e-05	0.0009893	0.000988111	2.03308e-05	5.04355e-05	1.18835	1.18827	1.18835	
0.993102	0.993094	0.993102	0.00852392	5.94534e-05	0.993102	0.993102	4.25097e-05	0.0462007	0.993102	0.993102	2.73292e-24	0.993102	0.993102	0.993084	0.00138015	1.1919e-13	1.00706e-13	0.124167	0.124691	0.993101	0.993102	2.01467e-05	0.000986987	0.000985806	2.0185e-05	5.01998e-05	1.18874	1.18866	1.18874	
0.993102	0.993094	0.993102	0.00855274	5.91613e-05	0.993102	0.993102	4.22524e-05	0.0463385	0.993102	0.993102	2.69819e-24	0.993102	0.993102	0.993084	0.00137846	1.18523e-13	1.00095e-13	0.124842	0.125356	0.993101	0.993102	1.99911e-05	0.000984752	0.000983578	2.00268e-05	4.99298e-05	1.1887	1.18863	1.1887	
0.993102	0.993094	0.993102	0.00858276	5.89616e-05	0.993102	0.993102	4.20612e-05	0.0464031	0.993102	0.993102	2.67173e-24	0.993102	0.993102	0.993083	0.00137666	1.18046e-13	9.9642e-14	0.125343	0.125849	0.993101	0.993102	1.98645e-05	0.0009824	0.000981233	1.98986e-05	4.97361e-05	1.18889	1.18882	1.18889	
0.993102	0.993094	0.993102	0.00861063	5.87661e-05	0.993102	0.993102	4.18728e-05	0.0464779	0.993102	0.993102	2.64656e-24	0.993102	0.993102	0.993083	0.00137526	1.17577e-13	9.91953e-14	0.125842	0.12634	0.993101	0.993102	1.97452e-05	0.000980321	0.000979161	1.97775e-05	4.95459e-05	1.1893	1.18924	1.1893	
0.993102	0.993094	0.993102	0.00863717	5.85071e-05	0.993102	0.993102	4.16403e-05	0.046608	0.993102	0.993102	2.61637e-24	0.993102	0.993102	0.993083	0.00137401	1.16979e-13	9.8644e-14	0.126469	0.126956	0.993101	0.993102	1.96084e-05	0.000978398	0.000977244	1.96385e-05	4.93041e-05	1.18951	1.18945	1.18951	
0.993102	0.993094	0.993102	0.00866501	5.82619e-05	0.993102	0.993102	4.14189e-05	0.0467209	0.993102	0.993102	2.58726e-24	0.993102	0.993102	0.993083	0.00137252	1.16411e-13	9.81191e-14	0.12707	0.127547	0.993101	0.993102	1.94738e-05	0.000976321	0.000975174	1.95018e-05	4.90744e-05	1.1897	1.18965	1.1897	
0.993102	0.993094	0.993102	0.00869323	5.80292e-05	0.993102	0.993102	4.1207e-05	0.0468236	0.993102	0.993102	2.55939e-24	0.993102	0.993102	0.993083	0.00137098	1.15869e-13	9.76166e-14	0.127651	0.128117	0.993101	0.993102	1.93434e-05	0.000974214	0.000973074	1.93693e-05	4.88555e-05	1.1894	1.18934	1.1894	
0.993102	0.993094	0.993102	0.00872133	5.79505e-05	0.993102	0.993102	4.11042e-05	0.046811	0.993102	0.993102	2.54522e-24	0.993102	0.993102	0.993083	0.00136956	1.15642e-13	9.73727e-14	0.127928	0.12839	0.993101	0.993102	1.92647e-05	0.000972136	0.000971003	1.92897e-05	4.87631e-05	1.18954	1.18948	1.18954	
0.993102	0.993094	0.993102	0.00874428	5.78601e-05	0.993102	0.993102	4.09936e-05	0.0468344	0.993102	0.993102	2.53166e-24	0.993102	0.993102	0.993083	0.00136896	1.15391e-13	9.71102e-14	0.128231	0.128687	0.993101	0.993102	1.9194e-05	0.000970642	0.000969514	1.92181e-05	4.86615e-05	1.1897	1.18965	1.1897	
0.993102	0.993094	0.993102	0.00876451	5.77526e-05	0.993102	0.993102	4.08733e-05	0.0468818	0.993102	0.993102	2.51745e-24	0.993102	0.993102	0.993083	0.00136863	1.15108e-13	9.68249e-14	0.128563	0.129013	0.993101	0.993102	1.91235e-05	0.000969409	0.000968286	1.91465e-05	4.85474e-05	1.18978	1.18973	1.18978	
0.993102	0.993094	0.993102	0.00878352	5.76546e-05	0.993102	0.993102	4.07626e-05	0.0469245	0.993102	0.993102	2.50443e-24	0.993102	0.993102	0.993083	0.00136832	1.14849e-13	9.65623e-14	0.128871	0.129316	0.993101	0.993102	1.90585e-05	0.000968255	0.000967136	1.90805e-05	4.84426e-05	1.18993	1.18989	1.18993	
0.993102	0.993093	0.993102	0.00880132	5.75432e-05	0.993102	0.993102	4.06451e-05	0.0469803	0.993102	0.993102	2.49062e-24	0.993102	0.993102	0.993083	0.00136805	1.14566e-13	9.62839e-14	0.129199	0.129639	0.993101	0.993102	1.89915e-05	0.000967184	0.000966068	1.90125e-05	4.83284e-05	1.18987	1.18982	1.18987	
0.993102	0.993093	0.993102	0.00881868	5.74829e-05	0.993102	0.993102	4.05663e-05	0.0469955	0.993102	0.993102	2.48137e-24	0.993102	0.993102	0.993083	0.00136771	1.14391e-13	9.60969e-14	0.12942	0.129855	0.993101	0.993102	1.8942e-05	0.000966111	0.000964998	1.89623e-05	4.82578e-05	1.19005	1.19001	1.19005	
0.993102	0.993093	0.993102	0.00883389	5.73908e-05	0.993102	0.993102	4.04672e-05	0.0470435	0.993102	0.993102	2.46997e-24	0.993102	0.993102	0.993083	0.00136756	1.14155e-13	9.58618e-14	0.1297	0.13013	0.993101	0.993102	1.88864e-05	0.000965233	0.000964124	1.89058e-05	4.81621e-05	1.19004	1.19	1.19004	
0.993102	0.993093	0.993102	0.00884875	5.73297e-05	0.993102	0.993102	4.03923e-05	0.0470657	0.993102	0.993102	2.46134e-24	0.993102	0.993102	0.993083	0.00136733	1.13984e-13	9.56843e-14	0.129911	0.130338	0.993101	0.993102	1.88415e-05	0.000964344	0.000963238	1.88602e-05	4.80935e-05	1.19006	1.19001	1.19006	
0.993102	0.993093	0.993102	0.00886218	5.72832e-05	0.993102	0.993102	4.03298e-05	0.0470813	0.993102	0.993102	2.45436e-24	0.993102	0.993102	0.993083	0.00136721	1.13847e-13	9.55359e-14	0.130088	0.130512	0.993101	0.993102	1.88041e-05	0.00096357	0.000962466	1.88223e-05	4.80379e-05	1.18991	1.18986	1.18991	
0.993102	0.993093	0.993102	0.00887411	5.72956e-05	0.993102	0.993102	4.03106e-05	0.0470559	0.993102	0.993102	2.45282e-24	0.993102	0.993102	0.993083	0.00136722	1.13831e-13	9.54904e-14	0.130142	0.130564	0.993101	0.993102	1.87888e-05	0.000962915	0.000961814	1.88068e-05	4.80321e-05	1.19002	1.18997	1.19002	
0.993102	0.993093	0.993102	0.00888297	5.72772e-05	0.993102	0.993102	4.0272e-05	0.0470666	0.993102	0.993102	2.44944e-24	0.993102	0.993102	0.993083	0.00136754	1.13756e-13	9.53988e-14	0.130251	0.130672	0.993101	0.993102	1.87695e-05	0.000962548	0.000961448	1.87872e-05	4.80021e-05	1.19016	1.19012	1.19016	
0.993102	0.993093	0.993102	0.00889087	5.7225e-05	0.993102	0.993102	4.02126e-05	0.0471036	0.993102	0.993102	2.44337e-24	0.993102	0.993102	0.993083	0.00136781	1.13617e-13	9.5258e-14	0.130422	0.130839	0.993101	0.993102	1.87408e-05	0.000962222	0.000961123	1.87579e-05	4.79462e-05	1.19019	1.19015	1.19019	
0.993102	0.993093	0.993102	0.00889914	5.71777e-05	0.993102	0.993102	4.01592e-05	0.0471311	0.993102	0.993102	2.43757e-24	0.993102	0.993102	0.993083	0.00136787	1.13492e-13	9.51314e-14	0.130575	0.130989	0.993101	0.993102	1.87123e-05	0.000961797	0.0009607	1.87289e-05	4.78957e-05	1.19021	1.19017	1.19021	
0.993102	0.993093	0.993102	0.00890728	5.71392e-05	0.993102	0.993102	4.01137e-05	0.0471494	0.993102	0.993102	2.43252e-24	0.993102	0.993102	0.993083	0.00136782	1.13386e-13	9.50236e-14	0.130706	0.131118	0.993101	0.993102	1.86867e-05	0.000961347	0.000960251	1.87028e-05	4.78536e-05	1.19029	1.19026	1.19029	
0.993102	0.993093	0.993102	0.00891492	5.709e-05	0.993102	0.993102	4.00621e-05	0.0471766	0.993102	0.993102	2.42666e-24	0.993102	0.993102	0.993083	0.00136777	1.13261e-13	9.49011e-14	0.130856	0.131264	0.993101	0.993102	1.86583e-05	0.000960922	0.000959827	1.86739e-05	4.78034e-05	1.19045	1.19041	1.19045	
0.993102	0.993093	0.993102	0.00892253	5.70104e-05	0.993102	0.993102	3.99904e-05	0.0472257	0.993102	0.993102	2.41822e-24	0.993102	0.993102	0.993083	0.00136762	1.13077e-13	9.47313e-14	0.131064	0.131468	0.993101	0.993102	1.86199e-05	0.000960472	0.000959378	1.86349e-05	4.77289e-05	1.19031	1.19027	1.19031	
0.993102	0.993093	0.993102	0.0089311	5.6993e-05	0.993102	0.993102	3.99632e-05	0.0472201	0.993102	0.993102	2.41478e-24	0.993102	0.993102	0.993083	0.00136729	1.1302e-13	9.46667e-14	0.131143	0.131545	0.993101	0.993102	1.85996e-05	0.000959897	0.000958805	1.86142e-05	4.77061e-05	1.19042	1.19038	1.19042	
0.993102	0.993093	0.993102	0.00893804	5.69517e-05	0.993102	0.993102	3.99196e-05	0.0472409	0.993102	0.993102	2.40977e-24	0.993102	0.993102	0.993083	0.00136719	1.12914e-13	9.45635e-14	0.13127	0.13167	0.993101	0.993102	1.85749e-05	0.000959494	0.000958403	1.85891e-05	4.76639e-05	1.19045	1.19041	1.19045	
0.993102	0.993093	0.993102	0.00894478	5.69146e-05	0.993102	0.993102	3.98799e-05	0.0472582	0.993102	0.993102	2.40515e-24	0.993102	0.993102	0.993083	0.00136706	1.12819e-13	9.44692e-14	0.131386	0.131783	0.993101	0.993102	1.85518e-05	0.000959092	0.000958002	1.85656e-05	4.76256e-05	1.19043	1.19039	1.19043	
0.993102	0.993093	0.993102	0.0089512	5.68946e-05	0.993102	0.993102	3.98529e-05	0.0472625	0.993102	0.993102	2.40206e-24	0.993102	0.993102	0.993083	0.00136694	1.12759e-13	9.44052e-14	0.131465	0.13186	0.993101	0.993102	1.85349e-05	0.000958707	0.000957619	1.85484e-05	4.76019e-05	1.19049	1.19046	1.19049	
0.993102	0.993093	0.993102	0.00895677	5.68628e-05	0.993102	0.993102	3.98183e-05	0.0472792	0.993102	0.993102	2.39818e-24	0.993102	0.993102	0.993083	0.00136689	1.12676e-13	9.43232e-14	0.131566	0.131959	0.993101	0.993102	1.85157e-05	0.000958399	0.000957311	1.85288e-05	4.75689e-05	1.19034	1.19031	1.19034	
0.993102	0.993093	0.993102	0.00896219	5.68825e-05	0.993102	0.993102	3.98207e-05	0.0472549	0.993102	0.993102	2.39868e-24	0.993102	0.993102	0.993083	0.00136683	1.12698e-13	9.43288e-14	0.13156	0.131952	0.993101	0.993102	1.85134e-05	0.000958087	0.000957	1.85263e-05	4.7579e-05	1.19026	1.19023	1.19026	
0.993102	0.993093	0.993102	0.00896564	5.69231e-05	0.993102	0.993102	3.98383e-05	0.0472233	0.993102	0.993102	2.40147e-24	0.993102	0.993102	0.993083	0.00136703	1.12763e-13	9.43705e-14	0.13151	0.131901	0.993101	0.993102	1.85219e-05	0.000957971	0.000956885	1.85347e-05	4.76067e-05	1.19046	1.19043	1.19046	
0.993102	0.993093	0.993102	0.00896712	5.68965e-05	0.993102	0.993102	3.98103e-05	0.047252	0.993102	0.993102	2.39906e-24	0.993102	0.993102	0.993083	0.00136742	1.12695e-13	9.43041e-14	0.131593	0.131982	0.993101	0.993102	1.85123e-05	0.000958037	0.00095695	1.85248e-05	4.75796e-05	1.19051	1.19048	1.19051	
0.993102	0.993093	0.993102	0.00896964	5.68631e-05	0.993102	0.993102	3.97793e-05	0.0472777	0.993102	0.993102	2.39576e-24	0.993102	0.993102	0.993083	0.00136753	1.12616e-13	9.42307e-14	0.131684	0.132071	0.993101	0.993102	1.84979e-05	0.000957947	0.000956861	1.85101e-05	4.7548e-05	1.19058	1.19055	1.19058	
0.993102	0.993093	0.993102	0.00897291	5.68204e-05	0.993102	0.993102	3.97427e-05	0.0473055	0.993102	0.993102	2.39144e-24	0.993102	0.993102	0.993083	0.00136747	1.1252e-13	9.4144e-14	0.131791	0.132176	0.993101	0.993102	1.84788e-05	0.000957756	0.000956671	1.84906e-05	4.75092e-05	1.19065	1.19062	1.19065	
0.993102	0.993093	0.993102	0.00897689	5.67695e-05	0.993102	0.993102	3.97008e-05	0.0473356	0.993102	0.993102	2.38623e-24	0.993102	0.993102	0.993083	0.00136726	1.12407e-13	9.40446e-14	0.131914	0.132298	0.993101	0.993102	1.84555e-05	0.000957479	0.000956394	1.84669e-05	4.74637e-05	1.19052	1.1905	1.19052	
0.993102	0.993093	0.993102	0.00898158	5.67672e-05	0.993102	0.993102	3.96928e-05	0.0473238	0.993102	0.993102	2.38493e-24	0.993102	0.993102	0.993083	0.00136696	1.12393e-13	9.40258e-14	0.131939	0.13232	0.993101	0.993102	1.84465e-05	0.000957127	0.000956043	1.84577e-05	4.74586e-05	1.19066	1.19063	1.19066	
0.993102	0.993093	0.993102	0.00898499	5.67286e-05	0.993102	0.993102	3.96592e-05	0.0473477	0.993102	0.993102	2.38094e-24	0.993102	0.993102	0.993083	0.00136687	1.12305e-13	9.39461e-14	0.132038	0.132418	0.993101	0.993102	1.84284e-05	0.00095692	0.000955837	1.84393e-05	4.74232e-05	1.19063	1.1906	1.19063	
0.993102	0.993093	0.993102	0.00898891	5.67086e-05	0.993102	0.993102	3.96389e-05	0.0473538	0.993102	0.993102	2.37837e-24	0.993102	0.993102	0.993083	0.00136669	1.12255e-13	9.3898e-14	0.132098	0.132476	0.993101	0.993102	1.84153e-05	0.00095665	0.000955567	1.84259e-05	4.74033e-05	1.19066	1.19063	1.19066	
0.993102	0.993093	0.993102	0.00899248	5.66876e-05	0.993102	0.993102	3.96179e-05	0.0473626	0.993102	0.993102	2.3758e-24	0.993102	0.993102	0.993083	0.00136656	1.12203e-13	9.38482e-14	0.13216	0.132537	0.993101	0.993102	1.84025e-05	0.000956418	0.000955336	1.84129e-05	4.73825e-05	1.19073	1.19071	1.19073	
0.993102	0.993093	0.993102	0.00899586	5.66505e-05	0.993102	0.993102	3.95859e-05	0.0473847	0.993102	0.993102	2.37194e-24	0.993102	0.993102	0.993083	0.00136644	1.12119e-13	9.37723e-14	0.132255	0.13263	0.993101	0.993102	1.83849e-05	0.000956202	0.000955121	1.8395e-05	4.73487e-05	1.19072	1.1907	1.19072	
0.993102	0.993093	0.993102	0.00899969	5.66269e-05	0.993102	0.993102	3.95635e-05	0.0473936	0.993102	0.993102	2.36909e-24	0.993102	0.993102	0.993083	0.00136624	1.12062e-13	9.37191e-14	0.132322	0.132695	0.993101	0.993102	1.83707e-05	0.000955934	0.000954854	1.83805e-05	4.7326e-05	1.19074	1.19072	1.19074	
0.993102	0.993093	0.993102	0.0090033	5.66048e-05	0.993102	0.993102	3.9542e-05	0.0474026	0.993102	0.993102	2.36643e-24	0.993102	0.993102	0.993083	0.00136609	1.12009e-13	9.36683e-14	0.132385	0.132757	0.993101	0.993102	1.83575e-05	0.000955691	0.000954611	1.83671e-05	4.73044e-05	1.19081	1.19079	1.19081	
0.993102	0.993093	0.993102	0.00900674	5.6569e-05	0.993102	0.993102	3.95111e-05	0.0474233	0.993102	0.993102	2.36268e-24	0.993102	0.993102	0.993083	0.00136595	1.11928e-13	9.3595e-14	0.132477	0.132847	0.993101	0.993102	1.83402e-05	0.000955465	0.000954386	1.83495e-05	4.72716e-05	1.19092	1.1909	1.19092	
0.993102	0.993093	0.993102	0.00901055	5.65129e-05	0.993102	0.993102	3.94662e-05	0.0474581	0.993102	0.993102	2.35712e-24	0.993102	0.993102	0.993083	0.00136575	1.11807e-13	9.34884e-14	0.13261	0.132979	0.993101	0.993102	1.83155e-05	0.000955197	0.000954118	1.83246e-05	4.7222e-05	1.19104	1.19102	1.19104	
0.993102	0.993093	0.993102	0.00901531	5.64378e-05	0.993102	0.993102	3.94079e-05	0.0475034	0.993102	0.993102	2.34976e-24	0.993102	0.993102	0.993083	0.0013654	1.11648e-13	9.33503e-14	0.132782	0.133149	0.993101	0.993102	1.82828e-05	0.000954828	0.000953751	1.82915e-05	4.71566e-05	1.19094	1.19092	1.19094	
0.993102	0.993093	0.993102	0.00902136	5.64117e-05	0.993102	0.993102	3.93834e-05	0.047504	0.993102	0.993102	2.34615e-24	0.993102	0.993102	0.993083	0.0013649	1.11586e-13	9.32921e-14	0.132855	0.133221	0.993101	0.993102	1.82635e-05	0.000954334	0.000953258	1.82719e-05	4.71315e-05	1.19098	1.19096	1.19098	
0.993102	0.993093	0.993102	0.00902645	5.63812e-05	0.993102	0.993102	3.9355e-05	0.0475143	0.993102	0.993102	2.34246e-24	0.993102	0.993102	0.993083	0.0013646	1.11515e-13	9.32248e-14	0.13294	0.133304	0.993101	0.993102	1.82448e-05	0.000953962	0.000952887	1.82531e-05	4.71023e-05	1.19103	1.19101	1.19103	
0.993102	0.993093	0.993102	0.00903118	5.63468e-05	0.993102	0.993102	3.93237e-05	0.04753	0.993102	0.993102	2.33855e-24	0.993102	0.993102	0.993083	0.00136437	1.11435e-13	9.31506e-14	0.133033	0.133396	0.993101	0.993102	1.82258e-05	0.000953634	0.00095256	1.82338e-05	4.70697e-05	1.19114	1.19112	1.19114	
0.993102	0.993093	0.993102	0.00903586	5.62913e-05	0.993102	0.993102	3.92776e-05	0.047563	0.993102	0.993102	2.33291e-24	0.993102	0.993102	0.993083	0.00136415	1.11313e-13	9.30413e-14	0.13317	0.133532	0.993101	0.993102	1.82e-05	0.000953313	0.00095224	1.82077e-05	4.70196e-05	1.19109	1.19107	1.19109	
0.993102	0.993093	0.993102	0.00904128	5.62667e-05	0.993102	0.993102	3.9253e-05	0.0475676	0.993102	0.993102	2.32965e-24	0.993102	0.993102	0.993083	0.00136382	1.11253e-13	9.29831e-14	0.133244	0.133604	0.993101	0.993102	1.81827e-05	0.000952914	0.000951842	1.81903e-05	4.69951e-05	1.19113	1.19111	1.19113	
0.993102	0.993093	0.993102	0.00904603	5.6237e-05	0.993102	0.993102	3.92247e-05	0.0475802	0.993102	0.993102	2.32616e-24	0.993102	0.993102	0.993083	0.00136361	1.11182e-13	9.29159e-14	0.133328	0.133687	0.993101	0.993102	1.81653e-05	0.000952593	0.000951523	1.81726e-05	4.69662e-05	1.19114	1.19112	1.19114	
0.993102	0.993093	0.993102	0.00905059	5.62137e-05	0.993102	0.993102	3.92009e-05	0.0475886	0.993102	0.993102	2.32325e-24	0.993102	0.993102	0.993083	0.00136344	1.11124e-13	9.28594e-14	0.1334	0.133757	0.993101	0.993102	1.81503e-05	0.000952293	0.000951223	1.81575e-05	4.69426e-05	1.19118	1.19116	1.19118	
0.993102	0.993093	0.993102	0.00905479	5.61852e-05	0.993102	0.993102	3.91735e-05	0.0476029	0.993102	0.993102	2.32001e-24	0.993102	0.993102	0.993083	0.00136331	1.11056e-13	9.27945e-14	0.133481	0.133838	0.993101	0.993102	1.81343e-05	0.000952028	0.000950959	1.81413e-05	4.69147e-05	1.19126	1.19124	1.19126	
0.993102	0.993093	0.993102	0.00905896	5.61441e-05	0.993102	0.993102	3.91375e-05	0.0476272	0.993102	0.993102	2.31572e-24	0.993102	0.993102	0.993083	0.00136317	1.10964e-13	9.27093e-14	0.133589	0.133945	0.993101	0.993102	1.81143e-05	0.000951761	0.000950692	1.81211e-05	4.68765e-05	1.19123	1.19121	1.19123	
0.993102	0.993093	0.993102	0.00906357	5.61215e-05	0.993102	0.993102	3.91147e-05	0.0476341	0.993102	0.993102	2.31287e-24	0.993102	0.993102	0.993083	0.00136295	1.10908e-13	9.26552e-14	0.133657	0.134012	0.993101	0.993102	1.80993e-05	0.000951444	0.000950377	1.8106e-05	4.68537e-05	1.19127	1.19126	1.19127	
0.993102	0.993093	0.993102	0.00906774	5.6094e-05	0.993102	0.993102	3.90885e-05	0.0476472	0.993102	0.993102	2.30972e-24	0.993102	0.993102	0.993083	0.0013628	1.10843e-13	9.25929e-14	0.133736	0.13409	0.993101	0.993102	1.80837e-05	0.000951174	0.000950108	1.80903e-05	4.68268e-05	1.1913	1.19128	1.1913	
0.993102	0.993093	0.993102	0.00907184	5.60688e-05	0.993102	0.993102	3.90639e-05	0.0476587	0.993102	0.993102	2.30677e-24	0.993102	0.993102	0.993083	0.00136266	1.10782e-13	9.25347e-14	0.13381	0.134163	0.993101	0.993102	1.80689e-05	0.000950909	0.000949844	1.80754e-05	4.68019e-05	1.19126	1.19125	1.19126	
0.993102	0.993093	0.993102	0.0090758	5.60599e-05	0.993102	0.993102	3.90509e-05	0.0476575	0.993102	0.993102	2.30521e-24	0.993102	0.993102	0.993083	0.00136253	1.10755e-13	9.25039e-14	0.133849	0.134201	0.993101	0.993102	1.80597e-05	0.000950656	0.000949591	1.8066e-05	4.67906e-05	1.19122	1.1912	1.19122	
0.993102	0.993093	0.993102	0.00907906	5.60663e-05	0.993102	0.993102	3.90487e-05	0.0476473	0.993102	0.993102	2.30509e-24	0.993102	0.993102	0.993083	0.0013625	1.10758e-13	9.24986e-14	0.133856	0.134208	0.993101	0.993102	1.80567e-05	0.000950472	0.000949407	1.8063e-05	4.6792e-05	1.19128	1.19126	1.19128	
0.993102	0.993093	0.993102	0.00908135	5.60554e-05	0.993102	0.993102	3.90349e-05	0.0476553	0.993102	0.993102	2.30378e-24	0.993102	0.993102	0.993083	0.00136258	1.10727e-13	9.24657e-14	0.133897	0.134249	0.993101	0.993102	1.80501e-05	0.000950383	0.000949319	1.80563e-05	4.67793e-05	1.1913	1.19129	1.1913	
0.993102	0.993093	0.993102	0.00908362	5.60415e-05	0.993102	0.993102	3.90196e-05	0.0476646	0.993102	0.993102	2.30221e-24	0.993102	0.993102	0.993083	0.00136262	1.10691e-13	9.24295e-14	0.133943	0.134294	0.993101	0.993102	1.80423e-05	0.000950278	0.000949214	1.80485e-05	4.67646e-05	1.19132	1.19131	1.19132	
0.993102	0.993093	0.993102	0.00908596	5.60264e-05	0.993102	0.993102	3.90039e-05	0.0476738	0.993102	0.993102	2.3005e-24	0.993102	0.993102	0.993083	0.00136262	1.10653e-13	9.23924e-14	0.13399	0.134341	0.993101	0.993102	1.80339e-05	0.000950154	0.000949091	1.804e-05	4.67491e-05	1.19134	1.19132	1.19134	
0.993102	0.993093	0.993102	0.00908833	5.60112e-05	0.993102	0.993102	3.89887e-05	0.0476821	0.993102	0.993102	2.29878e-24	0.993102	0.993102	0.993083	0.00136258	1.10616e-13	9.23563e-14	0.134036	0.134386	0.993101	0.993102	1.80254e-05	0.000950019	0.000948956	1.80314e-05	4.67338e-05	1.1913	1.19129	1.1913	
0.993102	0.993093	0.993102	0.0090907	5.60105e-05	0.993102	0.993102	3.89837e-05	0.0476785	0.993102	0.993102	2.29824e-24	0.993102	0.993102	0.993083	0.00136253	1.10608e-13	9.23444e-14	0.134051	0.134401	0.993101	0.993102	1.80214e-05	0.000949877	0.000948815	1.80274e-05	4.67306e-05	1.19136	1.19134	1.19136	
0.993102	0.993093	0.993102	0.00909252	5.59949e-05	0.993102	0.993102	3.89686e-05	0.0476892	0.993102	0.993102	2.29661e-24	0.993102	0.993102	0.993083	0.00136255	1.10571e-13	9.23086e-14	0.134097	0.134446	0.993101	0.993102	1.80137e-05	0.000949788	0.000948727	1.80196e-05	4.67152e-05	1.19132	1.19131	1.19132	
0.993102	0.993093	0.993102	0.00909453	5.59935e-05	0.993102	0.993102	3.89637e-05	0.0476869	0.993102	0.993102	2.2961e-24	0.993102	0.993102	0.993083	0.00136252	1.10562e-13	9.2297e-14	0.134112	0.134461	0.993101	0.993102	1.80102e-05	0.000949671	0.000948609	1.8016e-05	4.67118e-05	1.19128	1.19126	1.19128	
0.993102	0.993093	0.993102	0.00909612	5.60062e-05	0.993102	0.993102	3.89688e-05	0.0476751	0.993102	0.993102	2.29684e-24	0.993102	0.993102	0.993083	0.00136254	1.10582e-13	9.23091e-14	0.134096	0.134445	0.993101	0.993102	1.80119e-05	0.000949594	0.000948533	1.80178e-05	4.672e-05	1.19128	1.19127	1.19128	
0.993102	0.993093	0.993102	0.00909692	5.60146e-05	0.993102	0.993102	3.89712e-05	0.0476704	0.993102	0.993102	2.29743e-24	0.993102	0.993102	0.993083	0.00136266	1.10594e-13	9.23148e-14	0.134089	0.134438	0.993101	0.993102	1.80138e-05	0.000949592	0.000948531	1.80197e-05	4.67249e-05	1.19138	1.19137	1.19138	
0.993102	0.993093	0.993102	0.00909737	5.59931e-05	0.993102	0.993102	3.89534e-05	0.0476903	0.993102	0.993102	2.29563e-24	0.993102	0.993102	0.993083	0.00136278	1.10547e-13	9.22727e-14	0.134142	0.134491	0.993101	0.993102	1.80066e-05	0.000949614	0.000948553	1.80125e-05	4.67055e-05	1.19138	1.19136	1.19138	
0.993102	0.993093	0.993102	0.00909866	5.59789e-05	0.993102	0.993102	3.89412e-05	0.0476992	0.993102	0.993102	2.2942e-24	0.993102	0.993102	0.993083	0.00136275	1.10516e-13	9.22437e-14	0.134179	0.134528	0.993101	0.993102	1.8e-05	0.000949535	0.000948474	1.80058e-05	4.66924e-05	1.19136	1.19134	1.19136	
0.993102	0.993093	0.993102	0.00910014	5.59741e-05	0.993102	0.993102	3.89356e-05	0.0476995	0.993102	0.993102	2.29349e-24	0.993102	0.993102	0.993083	0.00136268	1.10503e-13	9.22305e-14	0.134196	0.134544	0.993101	0.993102	1.7996e-05	0.000949433	0.000948372	1.80018e-05	4.6687e-05	1.19138	1.19136	1.19138	
0.993102	0.993093	0.993102	0.0091014	5.59649e-05	0.993102	0.993102	3.8927e-05	0.0477045	0.993102	0.993102	2.29248e-24	0.993102	0.993102	0.993083	0.00136265	1.10481e-13	9.221e-14	0.134222	0.13457	0.993101	0.993102	1.79911e-05	0.000949355	0.000948295	1.79969e-05	4.66781e-05	1.19142	1.19141	1.19142	
0.993102	0.993093	0.993102	0.00910269	5.59457e-05	0.993102	0.993102	3.89114e-05	0.0477173	0.993102	0.993102	2.29063e-24	0.993102	0.993102	0.993083	0.0013626	1.1044e-13	9.21732e-14	0.134269	0.134617	0.993101	0.993102	1.79829e-05	0.000949273	0.000948213	1.79886e-05	4.66609e-05	1.1914	1.19138	1.1914	
0.993102	0.993093	0.993102	0.00910435	5.59385e-05	0.993102	0.993102	3.89043e-05	0.0477185	0.993102	0.993102	2.28968e-24	0.993102	0.993102	0.993083	0.0013625	1.10422e-13	9.21562e-14	0.13429	0.134638	0.993101	0.993102	1.79777e-05	0.000949151	0.000948091	1.79834e-05	4.66537e-05	1.19142	1.1914	1.19142	
0.993102	0.993093	0.993102	0.00910579	5.59282e-05	0.993102	0.993102	3.88948e-05	0.0477235	0.993102	0.993102	2.28853e-24	0.993102	0.993102	0.993083	0.00136244	1.10399e-13	9.21338e-14	0.134319	0.134666	0.993101	0.993102	1.79721e-05	0.000949053	0.000947993	1.79777e-05	4.66437e-05	1.19146	1.19144	1.19146	
0.993102	0.993093	0.993102	0.00910724	5.59104e-05	0.993102	0.993102	3.88803e-05	0.0477344	0.993102	0.993102	2.28678e-24	0.993102	0.993102	0.993083	0.00136237	1.1036e-13	9.20993e-14	0.134363	0.13471	0.993101	0.993102	1.7964e-05	0.000948956	0.000947897	1.79696e-05	4.66278e-05	1.19146	1.19145	1.19146	
0.993102	0.993093	0.993102	0.00910894	5.58962e-05	0.993102	0.993102	3.88681e-05	0.0477412	0.993102	0.993102	2.28524e-24	0.993102	0.993102	0.993083	0.00136227	1.10329e-13	9.20705e-14	0.134399	0.134746	0.993101	0.993102	1.79566e-05	0.000948832	0.000947772	1.79621e-05	4.66147e-05	1.19147	1.19145	1.19147	
0.993102	0.993093	0.993102	0.00911068	5.58834e-05	0.993102	0.993102	3.88569e-05	0.0477469	0.993102	0.993102	2.28382e-24	0.993102	0.993102	0.993083	0.00136217	1.103e-13	9.20438e-14	0.134433	0.13478	0.993101	0.993102	1.79495e-05	0.000948706	0.000947647	1.7955e-05	4.66027e-05	1.19147	1.19146	1.19147	
0.993102	0.993093	0.993102	0.0091124	5.58731e-05	0.993102	0.993102	3.88473e-05	0.0477508	0.993102	0.993102	2.28261e-24	0.993102	0.993102	0.993083	0.00136208	1.10276e-13	9.2021e-14	0.134462	0.134809	0.993101	0.993102	1.79434e-05	0.000948584	0.000947526	1.79488e-05	4.65927e-05	1.19149	1.19148	1.19149	
0.993102	0.993093	0.993102	0.00911403	5.58606e-05	0.993102	0.993102	3.8836e-05	0.0477571	0.993102	0.993102	2.28124e-24	0.993102	0.993102	0.993083	0.00136201	1.10247e-13	9.19944e-14	0.134496	0.134843	0.993101	0.993102	1.79367e-05	0.000948475	0.000947417	1.79421e-05	4.65808e-05	1.19151	1.1915	1.19151	
0.993102	0.993093	0.993102	0.00911568	5.58455e-05	0.993102	0.993102	3.88231e-05	0.0477653	0.993102	0.993102	2.27966e-24	0.993102	0.993102	0.993083	0.00136193	1.10214e-13	9.19636e-14	0.134536	0.134882	0.993101	0.993102	1.79292e-05	0.000948362	0.000947305	1.79345e-05	4.65669e-05	1.19149	1.19148	1.19149	
0.993102	0.993093	0.993102	0.00911744	5.58411e-05	0.993102	0.993102	3.88174e-05	0.0477645	0.993102	0.993102	2.27893e-24	0.993102	0.993102	0.993083	0.00136184	1.10201e-13	9.19503e-14	0.134552	0.134898	0.993101	0.993102	1.79248e-05	0.000948239	0.000947182	1.79302e-05	4.65616e-05	1.19151	1.1915	1.19151	
0.993102	0.993093	0.993102	0.00911888	5.58321e-05	0.993102	0.993102	3.88086e-05	0.0477691	0.993102	0.993102	2.2779e-24	0.993102	0.993102	0.993083	0.00136181	1.1018e-13	9.19293e-14	0.134579	0.134925	0.993101	0.993102	1.79197e-05	0.000948151	0.000947094	1.7925e-05	4.65526e-05	1.19155	1.19153	1.19155	
0.993102	0.993093	0.993102	0.00912029	5.58159e-05	0.993102	0.993102	3.87949e-05	0.0477793	0.993102	0.993102	2.27629e-24	0.993102	0.993102	0.993083	0.00136176	1.10144e-13	9.18969e-14	0.134621	0.134966	0.993101	0.993102	1.79123e-05	0.000948063	0.000947006	1.79176e-05	4.65379e-05	1.19152	1.19151	1.19152	
0.993102	0.993093	0.993102	0.00912195	5.5812e-05	0.993102	0.993102	3.87897e-05	0.0477784	0.993102	0.993102	2.27563e-24	0.993102	0.993102	0.993083	0.00136168	1.10133e-13	9.18846e-14	0.134636	0.134982	0.993101	0.993102	1.79083e-05	0.000947948	0.000946892	1.79136e-05	4.65331e-05	1.19155	1.19154	1.19155	
0.993102	0.993093	0.993102	0.0091233	5.58014e-05	0.993102	0.993102	3.87799e-05	0.0477844	0.993102	0.993102	2.27449e-24	0.993102	0.993102	0.993083	0.00136165	1.10108e-13	9.18614e-14	0.134666	0.135011	0.993101	0.993102	1.79028e-05	0.000947866	0.00094681	1.7908e-05	4.65229e-05	1.19155	1.19153	1.19155	
0.993102	0.993093	0.993102	0.0091247	5.57947e-05	0.993102	0.993102	3.87729e-05	0.0477869	0.993102	0.993102	2.27365e-24	0.993102	0.993102	0.993083	0.0013616	1.10091e-13	9.18447e-14	0.134687	0.135032	0.993101	0.993102	1.78984e-05	0.000947776	0.00094672	1.79036e-05	4.65159e-05	1.19159	1.19157	1.19159	
0.993102	0.993093	0.993102	0.009126	5.57791e-05	0.993102	0.993102	3.87597e-05	0.047797	0.993102	0.993102	2.27211e-24	0.993102	0.993102	0.993083	0.00136156	1.10057e-13	9.18134e-14	0.134728	0.135072	0.993101	0.993102	1.78913e-05	0.000947697	0.000946641	1.78965e-05	4.65017e-05	1.19156	1.19154	1.19156	
0.993102	0.993093	0.993102	0.00912755	5.57759e-05	0.993102	0.993102	3.87552e-05	0.0477958	0.993102	0.993102	2.27153e-24	0.993102	0.993102	0.993083	0.00136149	1.10047e-13	9.18028e-14	0.134741	0.135085	0.993101	0.993102	1.78878e-05	0.00094759	0.000946534	1.78929e-05	4.64977e-05	1.19155	1.19153	1.19155	
0.993102	0.993093	0.993102	0.00912879	5.57766e-05	0.993102	0.993102	3.87535e-05	0.0477931	0.993102	0.993102	2.27135e-24	0.993102	0.993102	0.993083	0.00136147	1.10046e-13	9.17986e-14	0.134746	0.135091	0.993101	0.993102	1.78861e-05	0.000947515	0.00094646	1.78913e-05	4.64968e-05	1.19154	1.19153	1.19154	
0.993102	0.993093	0.993102	0.00912971	5.57792e-05	0.993102	0.993102	3.8753e-05	0.0477904	0.993102	0.993102	2.2714e-24	0.993102	0.993102	0.993083	0.00136149	1.10048e-13	9.17976e-14	0.134747	0.135092	0.993101	0.993102	1.78856e-05	0.000947472	0.000946417	1.78908e-05	4.64974e-05	1.19154	1.19152	1.19154	
0.993102	0.993093	0.993102	0.00913036	5.57823e-05	0.993102	0.993102	3.87533e-05	0.0477882	0.993102	0.993102	2.27156e-24	0.993102	0.993102	0.993083	0.00136154	1.10052e-13	9.17981e-14	0.134746	0.135091	0.993101	0.993102	1.78858e-05	0.000947453	0.000946398	1.78911e-05	4.64987e-05	1.19157	1.19155	1.19157	
0.993102	0.993093	0.993102	0.0091308	5.57764e-05	0.993102	0.993102	3.87474e-05	0.0477938	0.993102	0.993102	2.27101e-24	0.993102	0.993102	0.993083	0.00136159	1.10038e-13	9.17842e-14	0.134764	0.135109	0.993101	0.993102	1.78834e-05	0.000947449	0.000946394	1.78887e-05	4.64928e-05	1.19158	1.19157	1.19158	
0.993102	0.993093	0.993102	0.00913144	5.57677e-05	0.993102	0.993102	3.87398e-05	0.0478003	0.993102	0.993102	2.27018e-24	0.993102	0.993102	0.993083	0.0013616	1.10018e-13	9.17663e-14	0.134787	0.135132	0.993101	0.993102	1.78797e-05	0.000947419	0.000946364	1.78849e-05	4.64847e-05	1.19153	1.19152	1.19153	
0.993102	0.993093	0.993102	0.00913226	5.5776e-05	0.993102	0.993102	3.87442e-05	0.0477921	0.993102	0.993102	2.27071e-24	0.993102	0.993102	0.993083	0.00136158	1.10033e-13	9.17767e-14	0.134773	0.135118	0.993101	0.993102	1.7881e-05	0.000947366	0.000946311	1.78864e-05	4.64905e-05	1.19155	1.19154	1.19155	
0.993102	0.993093	0.993102	0.00913258	5.57769e-05	0.993102	0.993102	3.87435e-05	0.0477922	0.993102	0.993102	2.27074e-24	0.993102	0.993102	0.993083	0.00136163	1.10033e-13	9.1775e-14	0.134775	0.135121	0.993101	0.993102	1.7881e-05	0.000947365	0.000946311	1.78864e-05	4.64903e-05	1.19156	1.19154	1.19156	
0.993102	0.993093	0.993102	0.00913285	5.57762e-05	0.993102	0.993102	3.87419e-05	0.0477935	0.993102	0.993102	2.27065e-24	0.993102	0.993102	0.993083	0.00136167	1.1003e-13	9.17712e-14	0.134779	0.135126	0.993101	0.993102	1.78805e-05	0.000947364	0.000946309	1.78859e-05	4.6489e-05	1.19158	1.19157	1.19158	
0.993102	0.993093	0.993102	0.00913313	5.57687e-05	0.993102	0.993102	3.87358e-05	0.0477997	0.993102	0.993102	2.26999e-24	0.993102	0.993102	0.993083	0.00136169	1.10014e-13	9.17566e-14	0.134798	0.135144	0.993101	0.993102	1.78777e-05	0.000947357	0.000946303	1.78831e-05	4.64823e-05	1.19159	1.19158	1.19159	
0.993102	0.993093	0.993102	0.00913366	5.57596e-05	0.993102	0.993102	3.87286e-05	0.0478057	0.993102	0.993102	2.26914e-24	0.993102	0.993102	0.993083	0.00136166	1.09995e-13	9.17398e-14	0.13482	0.135165	0.993101	0.993102	1.7874e-05	0.000947322	0.000946268	1.78793e-05	4.64744e-05	1.19161	1.19159	1.19161	
0.993102	0.993093	0.993102	0.00913437	5.57498e-05	0.993102	0.993102	3.8721e-05	0.0478114	0.993102	0.993102	2.26818e-24	0.993102	0.993102	0.993083	0.0013616	1.09974e-13	9.17216e-14	0.134843	0.135189	0.993101	0.993102	1.78696e-05	0.000947268	0.000946213	1.78749e-05	4.64659e-05	1.1916	1.19159	1.1916	
0.993102	0.993093	0.993102	0.00913523	5.5744e-05	0.993102	0.993102	3.87161e-05	0.0478133	0.993102	0.993102	2.26751e-24	0.993102	0.993102	0.993083	0.00136154	1.09961e-13	9.171e-14	0.134859	0.135203	0.993101	0.993102	1.78663e-05	0.000947199	0.000946145	1.78715e-05	4.64607e-05	1.1916	1.19159	1.1916	
0.993102	0.993093	0.993102	0.00913604	5.57391e-05	0.993102	0.993102	3.87117e-05	0.0478149	0.993102	0.993102	2.26694e-24	0.993102	0.993102	0.993083	0.00136148	1.09949e-13	9.16996e-14	0.134872	0.135217	0.993101	0.993102	1.78633e-05	0.000947139	0.000946086	1.78685e-05	4.64561e-05	1.19161	1.19159	1.19161	
0.993102	0.993093	0.993102	0.00913679	5.57354e-05	0.993102	0.993102	3.87081e-05	0.047816	0.993102	0.993102	2.26648e-24	0.993102	0.993102	0.993083	0.00136144	1.09941e-13	9.1691e-14	0.134883	0.135228	0.993101	0.993102	1.78609e-05	0.000947087	0.000946033	1.78661e-05	4.64524e-05	1.19161	1.1916	1.19161	
0.993102	0.993093	0.993102	0.00913747	5.5731e-05	0.993102	0.993102	3.87039e-05	0.047818	0.993102	0.993102	2.26597e-24	0.993102	0.993102	0.993083	0.00136142	1.0993e-13	9.16811e-14	0.134896	0.13524	0.993101	0.993102	1.78584e-05	0.000947042	0.000945989	1.78636e-05	4.64481e-05	1.19162	1.1916	1.19162	
0.993102	0.993093	0.993102	0.00913813	5.5726e-05	0.993102	0.993102	3.86993e-05	0.0478206	0.993102	0.993102	2.26543e-24	0.993102	0.993102	0.993083	0.00136139	1.09918e-13	9.16702e-14	0.13491	0.135254	0.993101	0.993102	1.78557e-05	0.000946999	0.000945946	1.78609e-05	4.64434e-05	1.19162	1.19161	1.19162	
0.993102	0.993093	0.993102	0.00913881	5.57217e-05	0.993102	0.993102	3.86953e-05	0.0478225	0.993102	0.993102	2.26494e-24	0.993102	0.993102	0.993083	0.00136136	1.09908e-13	9.16607e-14	0.134922	0.135266	0.993101	0.993102	1.78533e-05	0.000946955	0.000945901	1.78584e-05	4.64392e-05	1.19164	1.19162	1.19164	
0.993102	0.993093	0.993102	0.00913946	5.57139e-05	0.993102	0.993102	3.86888e-05	0.0478273	0.993102	0.993102	2.26416e-24	0.993102	0.993102	0.993083	0.00136133	1.09891e-13	9.16453e-14	0.134942	0.135286	0.993101	0.993102	1.78497e-05	0.000946912	0.000945859	1.78548e-05	4.64323e-05	1.19162	1.19161	1.19162	
0.993102	0.993093	0.993102	0.00914023	5.57135e-05	0.993102	0.993102	3.86875e-05	0.0478256	0.993102	0.993102	2.26397e-24	0.993102	0.993102	0.993083	0.00136129	1.09889e-13	9.16421e-14	0.134946	0.13529	0.993101	0.993102	1.78483e-05	0.000946858	0.000945804	1.78534e-05	4.64313e-05	1.19164	1.19163	1.19164	
0.993102	0.993093	0.993102	0.0091408	5.57081e-05	0.993102	0.993102	3.86826e-05	0.047829	0.993102	0.993102	2.26341e-24	0.993102	0.993102	0.993083	0.00136128	1.09876e-13	9.16306e-14	0.134961	0.135304	0.993101	0.993102	1.78457e-05	0.000946825	0.000945771	1.78507e-05	4.64262e-05	1.19164	1.19163	1.19164	
0.993102	0.993093	0.993102	0.00914143	5.57032e-05	0.993102	0.993102	3.86782e-05	0.0478315	0.993102	0.993102	2.26288e-24	0.993102	0.993102	0.993083	0.00136125	1.09865e-13	9.16202e-14	0.134975	0.135318	0.993101	0.993102	1.78432e-05	0.000946784	0.000945731	1.78481e-05	4.64217e-05	1.19164	1.19162	1.19164	
0.993102	0.993093	0.993102	0.00914207	5.57011e-05	0.993102	0.993102	3.86757e-05	0.0478317	0.993102	0.993102	2.26258e-24	0.993102	0.993102	0.993083	0.00136123	1.09859e-13	9.16143e-14	0.134982	0.135325	0.993101	0.993102	1.78415e-05	0.000946741	0.000945688	1.78464e-05	4.64194e-05	1.19164	1.19162	1.19164	
0.993102	0.993093	0.993102	0.00914262	5.56996e-05	0.993102	0.993102	3.86737e-05	0.0478319	0.993102	0.993102	2.26235e-24	0.993102	0.993102	0.993083	0.00136122	1.09855e-13	9.16094e-14	0.134989	0.135331	0.993101	0.993102	1.78401e-05	0.000946708	0.000945656	1.7845e-05	4.64175e-05	1.19165	1.19163	1.19165	
0.993102	0.993093	0.993102	0.0091431	5.5696e-05	0.993102	0.993102	3.86702e-05	0.0478341	0.993102	0.993102	2.26196e-24	0.993102	0.993102	0.993083	0.00136121	1.09846e-13	9.16011e-14	0.135	0.135342	0.993101	0.993102	1.78383e-05	0.000946683	0.00094563	1.78431e-05	4.6414e-05	1.19164	1.19163	1.19164	
0.993102	0.993093	0.993102	0.0091436	5.56948e-05	0.993102	0.993102	3.86684e-05	0.0478342	0.993102	0.993102	2.26176e-24	0.993102	0.993102	0.993083	0.0013612	1.09842e-13	9.1597e-14	0.135005	0.135347	0.993101	0.993102	1.78371e-05	0.000946653	0.0009456	1.7842e-05	4.64125e-05	1.19165	1.19164	1.19165	
0.993102	0.993093	0.993102	0.00914402	5.56922e-05	0.993102	0.993102	3.86658e-05	0.0478357	0.993102	0.993102	2.26147e-24	0.993102	0.993102	0.993083	0.0013612	1.09836e-13	9.15906e-14	0.135013	0.135355	0.993101	0.993102	1.78357e-05	0.00094663	0.000945578	1.78405e-05	4.64098e-05	1.19165	1.19164	1.19165	
0.993102	0.993093	0.993102	0.00914444	5.56889e-05	0.993102	0.993102	3.86626e-05	0.0478377	0.993102	0.993102	2.26111e-24	0.993102	0.993102	0.993083	0.00136119	1.09828e-13	9.15832e-14	0.135023	0.135365	0.993101	0.993102	1.78339e-05	0.000946606	0.000945554	1.78387e-05	4.64067e-05	1.19166	1.19165	1.19166	
0.993102	0.993093	0.993102	0.00914488	5.56852e-05	0.993102	0.993102	3.86593e-05	0.0478397	0.993102	0.993102	2.26072e-24	0.993102	0.993102	0.993083	0.00136117	1.09819e-13	9.15754e-14	0.135033	0.135375	0.993101	0.993102	1.78321e-05	0.000946579	0.000945527	1.78368e-05	4.64033e-05	1.19167	1.19165	1.19167	
0.993102	0.993093	0.993102	0.00914535	5.56804e-05	0.993102	0.993102	3.86552e-05	0.0478425	0.993102	0.993102	2.26023e-24	0.993102	0.993102	0.993083	0.00136115	1.09808e-13	9.15656e-14	0.135046	0.135387	0.993101	0.993102	1.78298e-05	0.000946549	0.000945497	1.78345e-05	4.63989e-05	1.19167	1.19166	1.19167	
0.993102	0.993093	0.993102	0.00914587	5.56761e-05	0.993102	0.993102	3.86515e-05	0.0478446	0.993102	0.993102	2.25977e-24	0.993102	0.993102	0.993083	0.00136112	1.09798e-13	9.15568e-14	0.135057	0.135399	0.993101	0.993102	1.78276e-05	0.000946513	0.000945461	1.78322e-05	4.6395e-05	1.19167	1.19166	1.19167	
0.993102	0.993093	0.993102	0.0091464	5.56727e-05	0.993102	0.993102	3.86484e-05	0.0478459	0.993102	0.993102	2.25938e-24	0.993102	0.993102	0.993083	0.0013611	1.0979e-13	9.15495e-14	0.135067	0.135408	0.993101	0.993102	1.78256e-05	0.000946476	0.000945424	1.78302e-05	4.63919e-05	1.19167	1.19166	1.19167	
0.993102	0.993093	0.993102	0.0091469	5.567e-05	0.993102	0.993102	3.86457e-05	0.0478469	0.993102	0.993102	2.25905e-24	0.993102	0.993102	0.993083	0.00136107	1.09784e-13	9.15431e-14	0.135075	0.135416	0.993101	0.993102	1.78239e-05	0.000946442	0.00094539	1.78285e-05	4.63892e-05	1.19168	1.19166	1.19168	
0.993102	0.993093	0.993102	0.00914738	5.56672e-05	0.993102	0.993102	3.8643e-05	0.0478481	0.993102	0.993102	2.25872e-24	0.993102	0.993102	0.993083	0.00136105	1.09777e-13	9.15366e-14	0.135084	0.135424	0.993101	0.993102	1.78223e-05	0.000946412	0.00094536	1.78268e-05	4.63865e-05	1.19168	1.19167	1.19168	
0.993102	0.993093	0.993102	0.00914783	5.56635e-05	0.993102	0.993102	3.86396e-05	0.0478501	0.993102	0.993102	2.25833e-24	0.993102	0.993102	0.993083	0.00136104	1.09768e-13	9.15288e-14	0.135094	0.135434	0.993101	0.993102	1.78204e-05	0.000946383	0.000945332	1.78249e-05	4.6383e-05	1.19168	1.19167	1.19168	
0.993102	0.993093	0.993102	0.0091483	5.56615e-05	0.993102	0.993102	3.86375e-05	0.0478507	0.993102	0.993102	2.25806e-24	0.993102	0.993102	0.993083	0.00136102	1.09763e-13	9.15236e-14	0.135101	0.135441	0.993101	0.993102	1.7819e-05	0.000946353	0.000945301	1.78235e-05	4.63809e-05	1.19168	1.19167	1.19168	
0.993102	0.993093	0.993102	0.00914872	5.56597e-05	0.993102	0.993102	3.86355e-05	0.0478513	0.993102	0.993102	2.25784e-24	0.993102	0.993102	0.993083	0.001361	1.09758e-13	9.1519e-14	0.135107	0.135447	0.993101	0.993102	1.78178e-05	0.000946327	0.000945275	1.78222e-05	4.63791e-05	1.19168	1.19167	1.19168	
0.993102	0.993093	0.993102	0.0091491	5.56579e-05	0.993102	0.993102	3.86336e-05	0.047852	0.993102	0.993102	2.25762e-24	0.993102	0.993102	0.993083	0.001361	1.09754e-13	9.15143e-14	0.135113	0.135453	0.993101	0.993102	1.78166e-05	0.000946305	0.000945253	1.78211e-05	4.63772e-05	1.19168	1.19167	1.19168	
