0.25	1.27727e-12	0.25	0.998264	0.000618156	0.748264	0.998264	0.748264	0.748264	0.25	0.25	0.000618156	0.25	0.25	0.25	1.27727e-12	0.000618156	1.27727e-12	2.63265e-21	0.000618156	0.25	1.27727e-12	0.25	0.25	0.000618156	0.000618156	1.27727e-12	0	0	0	
0.993102	0.9931	0.993102	0.00640191	0.000116624	0.993102	0.993102	9.27369e-05	0.0391005	0.993102	0.993102	2.01255e-23	0.25	0.25	0.25	1.27727e-12	0.000618156	1.27727e-12	2.63265e-21	0.000618156	0.25	1.27727e-12	0.25	0.25	0.000618156	0.000618156	1.27727e-12	1.15551	1.12854	1.15551	
0.993102	0.9931	0.993102	0.00652484	0.000114572	0.993102	0.993102	9.0569e-05	0.0412244	0.993102	0.993102	1.97274e-23	0.437066	0.437066	0.437063	0.000625655	0.000462543	1.00596e-12	0.0100849	0.0173681	0.437065	0.25	0.187077	0.18735	0.000746246	0.000481429	1.40356e-05	0.993102	0.9931	0.993102	
0.993102	0.993099	0.993102	0.00670047	0.000788541	0.993101	0.993102	0.000610464	0.0311193	0.993102	0.993102	1.74795e-21	0.57704	0.57704	0.577038	0.000819941	0.000346104	2.04252e-12	0.00824609	0.0137	0.57704	0.437066	0.140254	0.14046	0.000830293	0.000631659	0.000628633	0.996258	0.996256	0.996258	
0.993102	0.993099	0.993102	0.00649618	0.00124546	0.993101	0.993102	0.000964574	0.0236492	0.993102	0.993102	3.18431e-21	0.681778	0.681778	0.681777	0.00104385	0.000258977	2.75137e-12	0.00689312	0.0110036	0.681778	0.57704	0.105259	0.105443	0.000957474	0.000784489	0.00105079	0.999363	0.999361	0.999363	
0.993102	0.993099	0.993102	0.0061194	0.00154115	0.993101	0.993102	0.00120097	0.0181525	0.993102	0.993102	4.29908e-21	0.76015	0.76015	0.760148	0.00127406	0.000193783	3.22343e-12	0.00590621	0.00903086	0.760149	0.681778	0.0791016	0.0793018	0.0011095	0.000927249	0.00133179	1.00242	1.00242	1.00242	
0.993102	0.993099	0.993102	0.00568502	0.0017194	0.993101	0.993102	0.0013529	0.0141303	0.993102	0.993102	5.09555e-21	0.818792	0.818792	0.818791	0.00149335	0.000145001	3.52243e-12	0.00519681	0.00759843	0.818792	0.76015	0.0595461	0.0597931	0.00127092	0.00105106	0.00150977	1.00543	1.00543	1.00543	
0.993102	0.993099	0.993102	0.00525429	0.00181359	0.993101	0.993102	0.00144383	0.0112072	0.993102	0.993102	5.60249e-21	0.862673	0.862673	0.862671	0.00169107	0.000108499	3.69422e-12	0.00469908	0.00657086	0.862672	0.818792	0.0449207	0.0452368	0.00143001	0.00115102	0.00161304	1.00839	1.00839	1.00839	
0.993102	0.9931	0.993102	0.00485766	0.00184868	0.993101	0.993102	0.00149062	0.00910153	0.993102	0.993102	5.86324e-21	0.895506	0.895506	0.895505	0.00186207	8.11858e-05	3.77245e-12	0.00436389	0.00584773	0.895506	0.862673	0.0339768	0.0343765	0.00157875	0.00122555	0.00166258	1.0113	1.0113	1.0113	
0.993102	0.9931	0.993102	0.00450807	0.00184309	0.993101	0.993102	0.00150553	0.00760255	0.993102	0.993102	5.92627e-21	0.920075	0.920075	0.920074	0.00200514	6.07484e-05	3.78218e-12	0.00415438	0.0053545	0.920074	0.895506	0.0257821	0.0262737	0.00171238	0.00127549	0.00167391	1.01417	1.01416	1.01417	
0.993102	0.9931	0.993102	0.00420881	0.00181017	0.993101	0.993102	0.00149756	0.00655311	0.993102	0.993102	5.83862e-21	0.938458	0.938459	0.938457	0.00212159	4.54558e-05	3.74225e-12	0.0040429	0.00503577	0.938458	0.920075	0.0196406	0.0202275	0.00182866	0.0013032	0.00165848	1.01699	1.01699	1.01699	
0.993102	0.9931	0.993102	0.00395801	0.00175957	0.993101	0.993102	0.00147337	0.0058364	0.993102	0.993102	5.64215e-21	0.952214	0.952214	0.952213	0.00221413	3.40129e-05	3.66694e-12	0.00400858	0.00485028	0.952213	0.938459	0.015033	0.0157149	0.00192716	0.00131181	0.0016247	1.01976	1.01976	1.01976	
0.993102	0.9931	0.993102	0.00375132	0.00169814	0.993101	0.993102	0.00143792	0.00536586	0.993102	0.993102	5.37197e-21	0.962507	0.962507	0.962506	0.00228604	2.54506e-05	3.56706e-12	0.00403567	0.0047673	0.962506	0.952214	0.0115717	0.0123458	0.00200864	0.00130469	0.00157872	1.0225	1.02249	1.0225	
0.993102	0.9931	0.993102	0.00358341	0.00163067	0.993101	0.993102	0.00139489	0.0050775	0.993102	0.993102	5.05619e-21	0.970209	0.970209	0.970208	0.00234068	1.90438e-05	3.45082e-12	0.00411226	0.00476388	0.970208	0.962507	0.00896753	0.00982913	0.00207455	0.00128508	0.00152504	1.02519	1.02518	1.02519	
0.993102	0.993101	0.993102	0.00344883	0.00156052	0.993101	0.993102	0.00134703	0.00492414	0.993102	0.993102	4.71646e-21	0.975972	0.975972	0.975971	0.00238121	1.42498e-05	3.3244e-12	0.00422932	0.00482289	0.975971	0.970209	0.00700445	0.00794814	0.00212668	0.00125596	0.00146691	1.02783	1.02783	1.02783	
0.993102	0.993101	0.993102	0.00334242	0.00148995	0.993101	0.993102	0.00129638	0.00487105	0.993102	0.993102	4.36885e-21	0.980284	0.980284	0.980283	0.0024104	1.06626e-05	3.19245e-12	0.00437999	0.00493152	0.980283	0.975972	0.00552124	0.00654108	0.00216689	0.00121986	0.00140663	1.03043	1.03043	1.03043	
0.993102	0.993101	0.993102	0.00325953	0.00142047	0.993102	0.993102	0.00124444	0.00489275	0.993102	0.993102	4.02489e-21	0.983511	0.983511	0.983509	0.00243063	7.97842e-06	3.05843e-12	0.00455902	0.00508018	0.98351	0.980284	0.0043975	0.00548742	0.00219701	0.00117894	0.00134587	1.033	1.033	1.033	
0.993102	0.993101	0.993102	0.00319611	0.00135305	0.993102	0.993102	0.00119232	0.00497052	0.993102	0.993102	3.69245e-21	0.985926	0.985926	0.985924	0.00244385	5.96996e-06	2.92487e-12	0.00476245	0.00526167	0.985925	0.983511	0.00354325	0.00469732	0.0022187	0.00113493	0.00128577	1.03552	1.03552	1.03552	
0.993102	0.993101	0.993102	0.00314871	0.00128829	0.993102	0.993102	0.0011408	0.00509068	0.993102	0.993102	3.37666e-21	0.987732	0.987732	0.98773	0.00245166	4.46711e-06	2.79358e-12	0.00498721	0.00547061	0.987731	0.985926	0.00289125	0.00410379	0.00223344	0.0010892	0.00122711	1.038	1.038	1.038	
0.993102	0.993101	0.993102	0.0031144	0.00122651	0.993102	0.993102	0.00109045	0.00524321	0.993102	0.993102	3.0805e-21	0.989084	0.989084	0.989082	0.00245531	3.34257e-06	2.66585e-12	0.00523099	0.00570297	0.989083	0.987732	0.00239123	0.0036569	0.00224251	0.00104283	0.00117039	1.04044	1.04044	1.04044	
0.993102	0.993101	0.993102	0.00309076	0.00116786	0.993102	0.993102	0.00104165	0.00542078	0.993102	0.993102	2.80549e-21	0.990096	0.990096	0.990094	0.00245578	2.50113e-06	2.54254e-12	0.00549196	0.00595569	0.990095	0.989084	0.00200558	0.00331942	0.00224699	0.000996624	0.00111595	1.04284	1.04284	1.04284	
0.993102	0.993101	0.993102	0.00307579	0.00111237	0.993102	0.993102	0.000994651	0.00561803	0.993102	0.993102	2.55202e-21	0.990852	0.990852	0.99085	0.00245385	1.8715e-06	2.42421e-12	0.00576877	0.00622649	0.990851	0.990096	0.00170613	0.00306359	0.00224778	0.000951178	0.00106395	1.04521	1.04521	1.04521	
0.993102	0.993101	0.993102	0.00306785	0.00106	0.993102	0.993102	0.000949618	0.00583103	0.993102	0.993102	2.31976e-21	0.991419	0.991419	0.991417	0.00245009	1.40038e-06	2.31117e-12	0.00606032	0.00651363	0.991418	0.990852	0.00147182	0.0028687	0.00224561	0.000906922	0.00101448	1.04753	1.04753	1.04753	
0.993102	0.993101	0.993102	0.00306563	0.00101063	0.993102	0.993102	0.000906626	0.00605688	0.993102	0.993102	2.10788e-21	0.991843	0.991843	0.99184	0.00244494	1.04785e-06	2.20357e-12	0.00636578	0.0068158	0.991842	0.991419	0.00128684	0.00271932	0.0022411	0.00086415	0.000967543	1.04982	1.04982	1.04982	
0.993102	0.993101	0.993102	0.00306803	0.000964134	0.993102	0.993102	0.0008657	0.00629347	0.993102	0.993102	1.91525e-21	0.99216	0.99216	0.992157	0.00243872	7.8407e-07	2.10141e-12	0.00668452	0.00713202	0.992159	0.991843	0.00113933	0.00260391	0.00223472	0.000823053	0.000923106	1.05207	1.05207	1.05207	
0.993102	0.993101	0.993102	0.0030742	0.000920373	0.993102	0.993102	0.00082683	0.00653919	0.993102	0.993102	1.74057e-21	0.992397	0.992397	0.992394	0.00243169	5.86692e-07	2.00462e-12	0.00701597	0.00746149	0.992396	0.99216	0.0010204	0.00251389	0.00222687	0.000783746	0.000881099	1.05429	1.05429	1.05429	
0.993102	0.993101	0.993102	0.00308344	0.000879188	0.993102	0.993102	0.000789972	0.00679286	0.993102	0.993102	1.58245e-21	0.992574	0.992574	0.992572	0.00242402	4.39e-07	1.91307e-12	0.00735977	0.00780367	0.992573	0.992397	0.000923349	0.00244284	0.00221785	0.000746278	0.000841425	1.05647	1.05646	1.05647	
0.993102	0.993101	0.993102	0.00309519	0.000840426	0.993102	0.993102	0.000755067	0.00705356	0.993102	0.993102	1.43953e-21	0.992707	0.992707	0.992705	0.00241584	3.28488e-07	1.82656e-12	0.00771554	0.00815806	0.992706	0.992574	0.000843151	0.00238597	0.00220791	0.000710661	0.000803982	1.05861	1.0586	1.05861	
0.993102	0.993101	0.993102	0.00310901	0.000803937	0.993102	0.993102	0.000722043	0.00732056	0.993102	0.993102	1.31045e-21	0.992807	0.992807	0.992804	0.00240724	2.45796e-07	1.74488e-12	0.008083	0.00852428	0.992806	0.992707	0.000776005	0.0023397	0.00219725	0.000676873	0.000768659	1.06071	1.06071	1.06071	
0.993102	0.993101	0.993102	0.00312455	0.000769569	0.993102	0.993102	0.000690812	0.00759338	0.993102	0.993102	1.19392e-21	0.992881	0.992881	0.992878	0.00239831	1.83921e-07	1.66779e-12	0.008462	0.00890214	0.99288	0.992807	0.000719035	0.00230137	0.00218602	0.000644864	0.000735337	1.06279	1.06279	1.06279	
0.993102	0.993101	0.993102	0.00314153	0.000737174	0.993102	0.993102	0.00066128	0.00787168	0.993102	0.993102	1.08871e-21	0.992937	0.992937	0.992934	0.00238909	1.37622e-07	1.59503e-12	0.00885249	0.00929156	0.992936	0.992881	0.00067006	0.00226898	0.00217434	0.000614565	0.000703893	1.06482	1.06482	1.06482	
0.993102	0.993101	0.993102	0.00315973	0.000706664	0.993102	0.993102	0.000633393	0.00815451	0.993102	0.993102	9.93818e-22	0.992978	0.992978	0.992975	0.00237961	1.02978e-07	1.52645e-12	0.00925367	0.00969166	0.992977	0.992937	0.00062746	0.00224105	0.0021623	0.00058594	0.000674254	1.06682	1.06682	1.06682	
0.993102	0.993101	0.993102	0.00317897	0.000677891	0.993102	0.993102	0.000607045	0.00844186	0.993102	0.993102	9.08155e-22	0.99301	0.99301	0.993006	0.00236991	7.70547e-08	1.46176e-12	0.00966573	0.0101027	0.993009	0.992978	0.000589956	0.00221646	0.00214998	0.000558893	0.000646291	1.06879	1.06879	1.06879	
0.993102	0.993101	0.993102	0.0031991	0.000650743	0.993102	0.993102	0.000582148	0.0087334	0.993102	0.993102	8.30796e-22	0.993033	0.993033	0.99303	0.00236001	5.76576e-08	1.40073e-12	0.0100885	0.0105243	0.993032	0.99301	0.000556587	0.00219438	0.00213744	0.000533348	0.000619901	1.07072	1.07072	1.07072	
0.993102	0.993101	0.993102	0.00322002	0.000625121	0.993102	0.993102	0.000558626	0.00902872	0.993102	0.993102	7.60911e-22	0.99305	0.99305	0.993047	0.00234993	4.31434e-08	1.34316e-12	0.0105216	0.0109564	0.993049	0.993033	0.000526614	0.0021742	0.00212473	0.000509229	0.000594994	1.07262	1.07261	1.07262	
0.993102	0.993101	0.993102	0.00324163	0.000600928	0.993102	0.993102	0.000536401	0.00932749	0.993102	0.993102	6.97741e-22	0.993063	0.993063	0.99306	0.0023397	3.22829e-08	1.28884e-12	0.0109649	0.0113985	0.993062	0.99305	0.000499465	0.00215546	0.00211189	0.000486461	0.00057148	1.07448	1.07448	1.07448	
0.993102	0.993101	0.993102	0.00326387	0.000578057	0.993102	0.993102	0.000515381	0.00962973	0.993102	0.993102	6.40572e-22	0.993073	0.993073	0.993069	0.00232931	2.41564e-08	1.23753e-12	0.0114185	0.011851	0.993072	0.993063	0.000474682	0.0021378	0.00209895	0.000464955	0.000549257	1.07634	1.07633	1.07634	
0.993102	0.993101	0.993102	0.00328667	0.000556384	0.993102	0.993102	0.00049546	0.00993601	0.993102	0.993102	5.88722e-22	0.99308	0.99308	0.993077	0.0023188	1.80756e-08	1.18898e-12	0.0118833	0.0123147	0.993079	0.993073	0.000451883	0.00212097	0.00208592	0.000444609	0.000528208	1.07813	1.07813	1.07813	
0.993102	0.993101	0.993102	0.00331002	0.000535896	0.993102	0.993102	0.000476629	0.0102447	0.993102	0.993102	5.41756e-22	0.993086	0.993086	0.993082	0.00230815	1.35256e-08	1.14313e-12	0.0123574	0.0127877	0.993085	0.99308	0.000430839	0.00210478	0.00207284	0.0004254	0.000508319	1.07989	1.07988	1.07989	
0.993102	0.993101	0.993102	0.00333386	0.000516547	0.993102	0.993102	0.000458844	0.0105547	0.993102	0.993102	4.99222e-22	0.99309	0.99309	0.993086	0.00229739	1.0121e-08	1.09988e-12	0.0128398	0.0132689	0.993089	0.993086	0.00041135	0.00208907	0.00205971	0.000407284	0.000489544	1.08161	1.08161	1.08161	
0.993102	0.993101	0.993102	0.00335813	0.000498244	0.993102	0.993102	0.000442025	0.0108665	0.993102	0.993102	4.60638e-22	0.993093	0.993093	0.993089	0.00228654	7.57341e-09	1.05902e-12	0.0133308	0.0137587	0.993092	0.99309	0.00039322	0.00207377	0.00204657	0.00039018	0.000471794	1.08969	1.08969	1.08969	
0.993102	0.993101	0.993102	0.00338281	0.000467963	0.993102	0.993102	0.000414679	0.0115894	0.993102	0.993102	4.07357e-22	0.993095	0.993095	0.993091	0.00227562	5.66712e-09	9.93057e-13	0.0143462	0.0147869	0.993094	0.993093	0.000366461	0.0020588	0.00203343	0.000364189	0.000442779	1.09723	1.09722	1.09723	
0.993102	0.993101	0.993102	0.00341526	0.000432082	0.993102	0.993102	0.000382443	0.0126228	0.993102	0.993102	3.50533e-22	0.993097	0.993097	0.993092	0.00226019	4.24068e-09	9.15441e-13	0.0158137	0.0162743	0.993096	0.993095	0.000335443	0.00203976	0.00201614	0.000333745	0.000408514	1.10363	1.10363	1.10363	
0.993102	0.9931	0.993102	0.00345968	0.000395481	0.993102	0.993102	0.000349608	0.0138302	0.993102	0.993102	2.9698e-22	0.993098	0.993098	0.993093	0.00223828	3.17331e-09	8.36434e-13	0.0176047	0.018086	0.993097	0.993097	0.000303771	0.00201466	0.00199279	0.000302503	0.000373597	1.10885	1.10885	1.10885	
0.993102	0.9931	0.993102	0.00351718	0.000361043	0.993102	0.993102	0.000318701	0.0150867	0.993102	0.993102	2.49725e-22	0.993099	0.993099	0.993093	0.00221012	2.37461e-09	7.62084e-13	0.019582	0.0200805	0.993098	0.993098	0.000273709	0.00198358	0.00196348	0.000272762	0.000340739	1.11613	1.11613	1.11613	
0.993102	0.9931	0.993102	0.00358652	0.000326551	0.993102	0.993102	0.000287782	0.0166137	0.993102	0.993102	2.06929e-22	0.9931	0.9931	0.993094	0.00217728	1.77696e-09	6.87777e-13	0.0220585	0.0225766	0.993099	0.993099	0.000243931	0.00194793	0.00192956	0.000243224	0.000307863	1.12096	1.12096	1.12096	
0.993102	0.9931	0.993102	0.00367122	0.000295651	0.993102	0.993102	0.000260042	0.0181048	0.993102	0.993102	1.70904e-22	0.993101	0.993101	0.993094	0.00213867	1.32975e-09	6.21125e-13	0.0246648	0.0251963	0.9931	0.9931	0.000216978	0.00190674	0.00189008	0.00021645	0.00027839	1.12534	1.12534	1.12534	
0.993102	0.9931	0.993102	0.00376838	0.000268332	0.993102	0.993102	0.000235467	0.019543	0.993102	0.993102	1.40992e-22	0.993101	0.993101	0.993093	0.00209677	9.95108e-10	5.62096e-13	0.0273647	0.027904	0.9931	0.993101	0.000192992	0.00186224	0.00184722	0.000192599	0.000252309	1.13006	1.13006	1.13006	
0.993102	0.9931	0.993102	0.00387534	0.000243758	0.993102	0.993102	0.000213328	0.0210083	0.993102	0.993102	1.16069e-22	0.993101	0.993101	0.993093	0.00205344	7.44697e-10	5.08949e-13	0.0302641	0.030808	0.9931	0.993101	0.000171499	0.00181618	0.00180268	0.000171205	0.000228836	1.13347	1.13347	1.13347	
0.993102	0.9931	0.993102	0.00399176	0.000222638	0.993102	0.993102	0.000194238	0.0223456	0.993102	0.993102	9.58239e-23	0.993102	0.993102	0.993093	0.00200926	5.57318e-10	4.63134e-13	0.0331315	0.0336743	0.993101	0.993101	0.000152898	0.00176914	0.00175705	0.000152679	0.000208629	1.13649	1.13649	1.13649	
0.993102	0.9931	0.993102	0.00411398	0.000204581	0.993102	0.993102	0.00017785	0.0235613	0.993102	0.993102	7.94628e-23	0.993102	0.993102	0.993092	0.00196605	4.17104e-10	4.23817e-13	0.0359379	0.0364754	0.993101	0.993102	0.000136929	0.00172281	0.001712	0.000136767	0.000191319	1.13897	1.13897	1.13897	
0.993102	0.9931	0.993102	0.00423906	0.000189332	0.993102	0.993102	0.000163941	0.0246363	0.993102	0.993102	6.6336e-23	0.993102	0.993102	0.993092	0.00192497	3.12183e-10	3.90456e-13	0.0386165	0.0391449	0.993101	0.993102	0.000123377	0.00167831	0.00166863	0.000123256	0.000176664	1.14267	1.14267	1.14267	
0.993102	0.9931	0.993102	0.004364	0.000175429	0.993102	0.993102	0.000151258	0.0258035	0.993102	0.993102	5.54552e-23	0.993102	0.993102	0.993092	0.00188693	2.33669e-10	3.60067e-13	0.041517	0.0420374	0.993101	0.993102	0.00011133	0.00163652	0.00162785	0.000111241	0.000163306	1.14731	1.14731	1.14731	
0.993102	0.993099	0.993102	0.0044919	0.000162119	0.993102	0.993102	0.000139171	0.027186	0.993102	0.993102	4.62285e-23	0.993102	0.993102	0.993091	0.00185046	1.74913e-10	3.3114e-13	0.0448895	0.0454048	0.993101	0.993102	0.000100232	0.00159629	0.0015885	0.000100165	0.000150554	1.14972	1.14972	1.14972	
0.993102	0.993099	0.993102	0.00462856	0.000150788	0.993102	0.993102	0.000128837	0.0283756	0.993102	0.993102	3.87821e-23	0.993102	0.993102	0.993091	0.00181351	1.30945e-10	3.06419e-13	0.0481027	0.0486098	0.993101	0.993102	9.06892e-05	0.00155587	0.00154888	9.06404e-05	0.000139676	1.15106	1.15106	1.15106	
0.993102	0.993099	0.993102	0.00476851	0.000141614	0.993102	0.993102	0.000120386	0.0292858	0.993102	0.993102	3.29086e-23	0.993102	0.993102	0.99309	0.00177817	9.80436e-11	2.86201e-13	0.0509252	0.0514203	0.993101	0.993102	8.27747e-05	0.00151699	0.0015107	8.27389e-05	0.000130821	1.15278	1.15278	1.15278	
0.993102	0.993099	0.993102	0.00490473	0.000133861	0.993102	0.993102	0.000113188	0.0300908	0.993102	0.993102	2.82001e-23	0.993102	0.993102	0.99309	0.00174652	7.34226e-11	2.68988e-13	0.0535747	0.0540571	0.993101	0.993102	7.60892e-05	0.00148142	0.00147574	7.60632e-05	0.000123307	1.15459	1.15459	1.15459	
0.993102	0.993099	0.993102	0.00503581	0.000127144	0.993102	0.993102	0.00010692	0.0308515	0.993102	0.993102	2.43828e-23	0.993102	0.993102	0.99309	0.00171849	5.49974e-11	2.54005e-13	0.0561389	0.0566091	0.993101	0.993102	7.03653e-05	0.00144918	0.00144403	7.03464e-05	0.000116781	1.15592	1.15591	1.15592	
0.993102	0.993099	0.993102	0.00516214	0.000121485	0.993102	0.993102	0.000101592	0.0315098	0.993102	0.993102	2.13183e-23	0.993102	0.993102	0.99309	0.00169349	4.1209e-11	2.41275e-13	0.058506	0.058964	0.993101	0.993102	6.55339e-05	0.00141984	0.00141513	6.55205e-05	0.000111257	1.15825	1.15824	1.15825	
0.993102	0.993099	0.993102	0.0052823	0.000116118	0.993102	0.993102	9.65708e-05	0.0322769	0.993102	0.993102	1.87221e-23	0.993102	0.993102	0.993089	0.00167154	3.08891e-11	2.29289e-13	0.0610557	0.061504	0.993101	0.993102	6.11716e-05	0.00139342	0.0013891	6.11622e-05	0.000106037	1.16062	1.16062	1.16062	
0.993102	0.993098	0.993102	0.00540108	0.000110992	0.993102	0.993102	9.18125e-05	0.0331236	0.993102	0.993102	1.64959e-23	0.993102	0.993102	0.993089	0.00165092	2.31646e-11	2.17941e-13	0.0637894	0.0642298	0.993101	0.993102	5.71679e-05	0.00136856	0.00136457	5.71615e-05	0.000101073	1.15916	1.15916	1.15916	
0.993102	0.993098	0.993102	0.00552167	0.000107931	0.993102	0.993102	8.87829e-05	0.0333651	0.993102	0.993102	1.49413e-23	0.993102	0.993102	0.993089	0.00163069	1.73862e-11	2.10704e-13	0.065395	0.0658223	0.993101	0.993102	5.43123e-05	0.00134442	0.00134073	5.43083e-05	9.80016e-05	1.16034	1.16034	1.16034	
0.993102	0.993098	0.993102	0.00562626	0.000105124	0.993102	0.993102	8.60028e-05	0.0337007	0.993102	0.993102	1.3653e-23	0.993102	0.993102	0.993089	0.00161557	1.30611e-11	2.04068e-13	0.0670291	0.0674459	0.993101	0.993102	5.18537e-05	0.00132478	0.00132134	5.18513e-05	9.51844e-05	1.16239	1.16239	1.16239	
0.993102	0.993098	0.993102	0.00572088	0.000102094	0.993102	0.993102	8.30966e-05	0.0342448	0.993102	0.993102	1.24836e-23	0.993102	0.993102	0.993089	0.00160328	9.82278e-12	1.97142e-13	0.0689921	0.0694017	0.993101	0.993102	4.94912e-05	0.00130792	0.00130468	4.94901e-05	9.21979e-05	1.16367	1.16366	1.16367	
0.993102	0.993098	0.993102	0.00581396	9.92804e-05	0.993102	0.993102	8.04145e-05	0.0347795	0.993102	0.993102	1.14763e-23	0.993102	0.993102	0.993088	0.00159133	7.3984e-12	1.90754e-13	0.0709478	0.0713512	0.993101	0.993102	4.73408e-05	0.00129184	0.00128879	4.73407e-05	8.94339e-05	1.16236	1.16235	1.16236	
0.993102	0.993098	0.993102	0.00590581	9.78277e-05	0.993102	0.993102	7.8857e-05	0.0348586	0.993102	0.993102	1.08178e-23	0.993102	0.993102	0.993088	0.00157969	5.5856e-12	1.87036e-13	0.0719843	0.0723783	0.993101	0.993102	4.5893e-05	0.00127645	0.00127355	4.58936e-05	8.79087e-05	1.1595	1.15949	1.1595	
0.993102	0.993098	0.993102	0.00598274	9.81738e-05	0.993102	0.993102	7.87559e-05	0.0344296	0.993102	0.993102	1.05961e-23	0.993102	0.993102	0.993088	0.0015718	4.23208e-12	1.86777e-13	0.0718162	0.0721974	0.993101	0.993102	4.54087e-05	0.00126443	0.00126166	4.54099e-05	8.80036e-05	1.16014	1.16014	1.16014	
0.993102	0.993098	0.993102	0.00603178	9.81499e-05	0.993102	0.993102	7.83965e-05	0.034284	0.993102	0.993102	1.03912e-23	0.993102	0.993102	0.993089	0.00157047	3.21861e-12	1.8591e-13	0.071933	0.0723058	0.993101	0.993102	4.49983e-05	0.00125809	0.00125541	4.5e-05	8.7789e-05	1.16064	1.16063	1.16063	
0.993102	0.993098	0.993102	0.00606702	9.7914e-05	0.993102	0.993102	7.79177e-05	0.0342807	0.993102	0.993102	1.01992e-23	0.993102	0.993102	0.993089	0.0015714	2.45976e-12	1.84764e-13	0.0722044	0.0725714	0.993101	0.993102	4.46149e-05	0.00125426	0.00125165	4.4617e-05	8.74132e-05	1.15987	1.15987	1.15987	
0.993102	0.993098	0.993102	0.00609547	9.81332e-05	0.993102	0.993102	7.78431e-05	0.0341519	0.993102	0.993102	1.01329e-23	0.993102	0.993102	0.993089	0.00157269	1.89273e-12	1.84579e-13	0.0721604	0.0725216	0.993101	0.993102	4.44978e-05	0.0012514	0.00124884	4.45001e-05	8.74675e-05	1.16082	1.16081	1.16082	
0.993102	0.993097	0.993102	0.00611455	9.7844e-05	0.993102	0.993102	7.74093e-05	0.0342343	0.993102	0.993102	9.9978e-24	0.993102	0.993102	0.993089	0.00157513	1.46747e-12	1.83545e-13	0.0724586	0.0728171	0.993101	0.993102	4.42294e-05	0.00125008	0.00124755	4.42321e-05	8.70937e-05	1.15636	1.15635	1.15636	
0.993102	0.993097	0.993102	0.00613256	9.99156e-05	0.993102	0.993102	7.88643e-05	0.033566	0.993102	0.993102	1.03648e-23	0.993102	0.993102	0.993089	0.00157661	1.15403e-12	1.8699e-13	0.0712198	0.0715693	0.993101	0.993102	4.5029e-05	0.00124856	0.00124607	4.50319e-05	8.88333e-05	1.16096	1.16096	1.16096	
0.993102	0.993097	0.993102	0.00612655	9.91263e-05	0.993102	0.993102	7.81052e-05	0.0339191	0.993102	0.993102	1.01878e-23	0.993102	0.993102	0.993089	0.00158335	9.14578e-13	1.85188e-13	0.0718146	0.0721659	0.993101	0.993102	4.47245e-05	0.00125166	0.00124917	4.47276e-05	8.80545e-05	1.16545	1.16545	1.16545	
0.993102	0.993097	0.993102	0.00613253	9.64402e-05	0.993102	0.993102	7.58987e-05	0.0349138	0.993102	0.993102	9.64087e-24	0.993102	0.993102	0.993088	0.00158547	7.31017e-13	1.79955e-13	0.0738592	0.0742182	0.993101	0.993102	4.34781e-05	0.00125174	0.00124925	4.34812e-05	8.56173e-05	1.16585	1.16585	1.16585	
0.993102	0.993097	0.993102	0.00616836	9.42563e-05	0.993102	0.993102	7.41064e-05	0.0355488	0.993102	0.993102	9.16064e-24	0.993102	0.993102	0.993088	0.00157928	5.93293e-13	1.75701e-13	0.0755427	0.0759055	0.993101	0.993102	4.22698e-05	0.00124556	0.00124312	4.2273e-05	8.36361e-05	1.16494	1.16494	1.16494	
0.993102	0.993097	0.993102	0.00621757	9.30444e-05	0.993102	0.993102	7.30702e-05	0.0357472	0.993102	0.993102	8.84934e-24	0.993102	0.993102	0.993088	0.00157027	4.91089e-13	1.7324e-13	0.0764815	0.0768436	0.993101	0.993102	4.14192e-05	0.00123703	0.00123463	4.14225e-05	8.25127e-05	1.16037	1.16037	1.16037	
0.993102	0.993097	0.993102	0.00626391	9.43178e-05	0.993102	0.993102	7.39626e-05	0.0350908	0.993102	0.993102	9.00949e-24	0.993102	0.993102	0.993088	0.00156276	4.19128e-13	1.75351e-13	0.0755863	0.07594	0.993101	0.993102	4.16775e-05	0.00122942	0.00122707	4.16809e-05	8.35803e-05	1.16131	1.16131	1.16131	
0.993102	0.993097	0.993102	0.00628059	9.48334e-05	0.993102	0.993102	7.42542e-05	0.0348611	0.993102	0.993102	9.07389e-24	0.993102	0.993102	0.993088	0.00156298	3.64321e-13	1.76039e-13	0.0752532	0.0756032	0.993101	0.993102	4.18106e-05	0.00122775	0.00122542	4.18141e-05	8.3973e-05	1.1609	1.1609	1.1609	
0.993102	0.993097	0.993102	0.00628687	9.54267e-05	0.993102	0.993102	7.46215e-05	0.0346596	0.993102	0.993102	9.17229e-24	0.993102	0.993102	0.993088	0.00156521	3.23727e-13	1.76909e-13	0.0748682	0.0752152	0.993101	0.993102	4.20469e-05	0.00122792	0.00122559	4.20505e-05	8.44429e-05	1.16466	1.16465	1.16466	
0.993102	0.993097	0.993102	0.0062856	9.4103e-05	0.993102	0.993102	7.3515e-05	0.035189	0.993102	0.993102	8.92213e-24	0.993102	0.993102	0.993088	0.00156858	2.89653e-13	1.74285e-13	0.0759144	0.0762653	0.993101	0.993102	4.14853e-05	0.0012293	0.00122698	4.1489e-05	8.32309e-05	1.16181	1.16181	1.16181	
0.993102	0.993097	0.993102	0.00630133	9.44406e-05	0.993102	0.993102	7.37219e-05	0.035002	0.993102	0.993102	8.95859e-24	0.993102	0.993102	0.993088	0.00156691	2.66932e-13	1.74774e-13	0.0756813	0.0760296	0.993101	0.993102	4.15398e-05	0.00122705	0.00122474	4.15436e-05	8.34971e-05	1.16454	1.16453	1.16454	
0.993102	0.993097	0.993102	0.00630816	9.34259e-05	0.993102	0.993102	7.28785e-05	0.0353632	0.993102	0.993102	8.75846e-24	0.993102	0.993102	0.993088	0.00156738	2.47268e-13	1.72773e-13	0.0764858	0.0768366	0.993101	0.993102	4.1061e-05	0.00122652	0.00122422	4.10648e-05	8.25705e-05	1.16213	1.16213	1.16213	
0.993102	0.993097	0.993102	0.00632522	9.37919e-05	0.993102	0.993102	7.31181e-05	0.0351565	0.993102	0.993102	8.8003e-24	0.993102	0.993102	0.993088	0.001565	2.34897e-13	1.7334e-13	0.0762293	0.0765774	0.993101	0.993102	4.11192e-05	0.00122389	0.00122161	4.1123e-05	8.28677e-05	1.15601	1.156	1.15601	
0.993102	0.993097	0.993102	0.00633247	9.71865e-05	0.993102	0.993102	7.57115e-05	0.0340616	0.993102	0.993102	9.46802e-24	0.993102	0.993102	0.993089	0.00156511	2.32138e-13	1.79487e-13	0.0740013	0.0743391	0.993101	0.993102	4.25655e-05	0.0012232	0.00122093	4.25696e-05	8.58368e-05	1.16001	1.16001	1.16001	
0.993102	0.993097	0.993102	0.00630384	9.76523e-05	0.993102	0.993102	7.60344e-05	0.0340469	0.993102	0.993102	9.59605e-24	0.993102	0.993102	0.993089	0.00157401	2.25738e-13	1.80255e-13	0.0736434	0.0739819	0.993101	0.993102	4.29817e-05	0.00122951	0.00122721	4.29858e-05	8.6226e-05	1.16216	1.16216	1.16216	
0.993102	0.993097	0.993102	0.00628017	9.6937e-05	0.993102	0.993102	7.54702e-05	0.0344015	0.993102	0.993102	9.48409e-24	0.993102	0.993102	0.993088	0.00158032	2.18757e-13	1.7892e-13	0.0741074	0.0744501	0.993101	0.993102	4.28274e-05	0.00123434	0.00123201	4.28316e-05	8.55906e-05	1.163	1.163	1.163	
0.993102	0.993097	0.993102	0.00627206	9.59936e-05	0.993102	0.993102	7.47476e-05	0.0347505	0.993102	0.993102	9.30747e-24	0.993102	0.993102	0.993088	0.00158184	2.12704e-13	1.77208e-13	0.0747437	0.0750901	0.993101	0.993102	4.24603e-05	0.00123572	0.00123339	4.24645e-05	8.47644e-05	1.16255	1.16254	1.16255	
0.993102	0.993097	0.993102	0.00627644	9.54979e-05	0.993102	0.993102	7.43763e-05	0.0348731	0.993102	0.993102	9.19974e-24	0.993102	0.993102	0.993088	0.00158007	2.08621e-13	1.76327e-13	0.0750569	0.0754046	0.993101	0.993102	4.22074e-05	0.00123458	0.00123224	4.22116e-05	8.43348e-05	1.15949	1.15949	1.15949	
0.993102	0.993097	0.993102	0.00628387	9.66197e-05	0.993102	0.993102	7.52582e-05	0.0344369	0.993102	0.993102	9.40356e-24	0.993102	0.993102	0.993088	0.00157785	2.08681e-13	1.78417e-13	0.074242	0.0745857	0.993101	0.993102	4.2648e-05	0.00123295	0.00123063	4.26523e-05	8.53301e-05	1.16349	1.16349	1.16349	
0.993102	0.993097	0.993102	0.00627617	9.55279e-05	0.993102	0.993102	7.44083e-05	0.0348567	0.993102	0.993102	9.20267e-24	0.993102	0.993102	0.993088	0.00157976	2.04684e-13	1.76403e-13	0.0750222	0.0753699	0.993101	0.993102	4.22166e-05	0.00123446	0.00123213	4.22209e-05	8.43661e-05	1.16579	1.16578	1.16579	
0.993102	0.993097	0.993102	0.00628314	9.36669e-05	0.993102	0.993102	7.29641e-05	0.0355043	0.993102	0.993102	8.84573e-24	0.993102	0.993102	0.993088	0.00157775	1.99518e-13	1.72979e-13	0.0764433	0.0767965	0.993101	0.993102	4.13498e-05	0.00123297	0.00123065	4.1354e-05	8.27254e-05	1.16251	1.16251	1.16251	
0.993102	0.993097	0.993102	0.00630939	9.37791e-05	0.993102	0.993102	7.30503e-05	0.0353026	0.993102	0.993102	8.8243e-24	0.993102	0.993102	0.993088	0.00157127	1.98789e-13	1.73181e-13	0.0763226	0.0766733	0.993101	0.993102	4.12272e-05	0.00122786	0.00122556	4.12315e-05	8.28234e-05	1.16255	1.16255	1.16255	
0.993102	0.993097	0.993102	0.00632428	9.3857e-05	0.993102	0.993102	7.30907e-05	0.0351924	0.993102	0.993102	8.81489e-24	0.993102	0.993102	0.993088	0.00156841	1.98205e-13	1.73275e-13	0.0762552	0.0766043	0.993101	0.993102	4.11691e-05	0.00122527	0.00122299	4.11734e-05	8.28803e-05	1.16156	1.16155	1.16155	
0.993102	0.993097	0.993102	0.00633285	9.43993e-05	0.993102	0.993102	7.34864e-05	0.034961	0.993102	0.993102	8.90359e-24	0.993102	0.993102	0.993088	0.00156737	1.98764e-13	1.74212e-13	0.0758604	0.0762069	0.993101	0.993102	4.13566e-05	0.00122401	0.00122173	4.1361e-05	8.33439e-05	1.16395	1.16394	1.16395	
0.993102	0.993097	0.993102	0.00633246	9.36804e-05	0.993102	0.993102	7.29018e-05	0.0352358	0.993102	0.993102	8.76958e-24	0.993102	0.993102	0.993088	0.00156855	1.96826e-13	1.72826e-13	0.0764161	0.0767646	0.993101	0.993102	4.10509e-05	0.0012245	0.00122222	4.10553e-05	8.26948e-05	1.15892	1.15892	1.15892	
0.993102	0.993097	0.993102	0.00634088	9.55772e-05	0.993102	0.993102	7.43573e-05	0.0345588	0.993102	0.993102	9.124e-24	0.993102	0.993102	0.993088	0.00156727	2.00458e-13	1.76276e-13	0.0750889	0.0754311	0.993101	0.993102	4.18286e-05	0.00122316	0.00122089	4.18331e-05	8.43573e-05	1.16104	1.16103	1.16104	
0.993102	0.993097	0.993102	0.00632625	9.59447e-05	0.993102	0.993102	7.46228e-05	0.0345071	0.993102	0.993102	9.21386e-24	0.993102	0.993102	0.993088	0.00157179	2.00973e-13	1.76907e-13	0.0748133	0.0751554	0.993101	0.993102	4.20955e-05	0.00122636	0.00122408	4.21001e-05	8.46702e-05	1.16	1.16	1.16	
0.993102	0.993097	0.993102	0.00631275	9.67249e-05	0.993102	0.993102	7.52255e-05	0.0343052	0.993102	0.993102	9.38417e-24	0.993102	0.993102	0.993089	0.00157535	2.02428e-13	1.78337e-13	0.0742468	0.0745877	0.993101	0.993102	4.25331e-05	0.00122908	0.00122679	4.25379e-05	8.53565e-05	1.16504	1.16503	1.16504	
0.993102	0.993097	0.993102	0.00629547	9.49132e-05	0.993102	0.993102	7.38234e-05	0.0350565	0.993102	0.993102	9.065e-24	0.993102	0.993102	0.993088	0.00157942	1.9853e-13	1.75014e-13	0.0755979	0.0759462	0.993101	0.993102	4.18436e-05	0.00123239	0.00123008	4.18484e-05	8.37617e-05	1.16715	1.16714	1.16715	
0.993102	0.993097	0.993102	0.00630513	9.26198e-05	0.993102	0.993102	7.20558e-05	0.0358666	0.993102	0.993102	8.63222e-24	0.993102	0.993102	0.993088	0.00157623	1.93669e-13	1.70823e-13	0.0773955	0.077751	0.993101	0.993102	4.07707e-05	0.00123018	0.00122788	4.07754e-05	8.17466e-05	1.16741	1.1674	1.16741	
0.993102	0.993097	0.993102	0.00633891	9.07966e-05	0.993102	0.993102	7.06427e-05	0.0363706	0.993102	0.993102	8.2602e-24	0.993102	0.993102	0.993088	0.00156767	1.89798e-13	1.67471e-13	0.078846	0.0792051	0.993101	0.993102	3.97676e-05	0.00122356	0.00122129	3.97722e-05	8.01398e-05	1.16607	1.16607	1.16607	
0.993102	0.993097	0.993102	0.00638275	9.00282e-05	0.993102	0.993102	7.00253e-05	0.0364161	0.993102	0.993102	8.06261e-24	0.993102	0.993102	0.993088	0.00155791	1.88114e-13	1.66004e-13	0.0794404	0.0797985	0.993101	0.993102	3.91716e-05	0.00121555	0.00121331	3.91762e-05	7.94498e-05	1.16499	1.16499	1.16499	
0.993102	0.993097	0.993102	0.00641992	8.99561e-05	0.993102	0.993102	6.99232e-05	0.0362523	0.993102	0.993102	7.99786e-24	0.993102	0.993102	0.993088	0.00155093	1.87862e-13	1.65759e-13	0.0794999	0.0798549	0.993101	0.993102	3.89227e-05	0.00120928	0.00120707	3.89273e-05	7.93593e-05	1.16457	1.16457	1.16457	
0.993102	0.993097	0.993102	0.00644482	9.01105e-05	0.993102	0.993102	6.99821e-05	0.036085	0.993102	0.993102	7.9909e-24	0.993102	0.993102	0.993088	0.00154755	1.88072e-13	1.65896e-13	0.079403	0.079755	0.993101	0.993102	3.88496e-05	0.00120557	0.00120339	3.88544e-05	7.94602e-05	1.16498	1.16498	1.16498	
0.993102	0.993097	0.993102	0.00645961	9.00506e-05	0.993102	0.993102	6.98729e-05	0.0360604	0.993102	0.993102	7.9606e-24	0.993102	0.993102	0.993088	0.0015467	1.87841e-13	1.65635e-13	0.0794905	0.0798413	0.993101	0.993102	3.87477e-05	0.0012038	0.00120163	3.87525e-05	7.93713e-05	1.16395	1.16394	1.16395	
0.993102	0.993097	0.993102	0.00647085	9.04853e-05	0.993102	0.993102	7.01517e-05	0.0358674	0.993102	0.993102	8.02321e-24	0.993102	0.993102	0.993088	0.00154649	1.88652e-13	1.66295e-13	0.079183	0.0795313	0.993101	0.993102	3.88785e-05	0.00120262	0.00120046	3.88835e-05	7.97206e-05	1.16674	1.16674	1.16674	
0.993102	0.993097	0.993102	0.00647372	8.95591e-05	0.993102	0.993102	6.93848e-05	0.03625	0.993102	0.993102	7.859e-24	0.993102	0.993102	0.993088	0.00154802	1.86645e-13	1.64476e-13	0.0799955	0.0803469	0.993101	0.993102	3.8475e-05	0.00120291	0.00120076	3.84802e-05	7.8876e-05	1.16629	1.16629	1.16629	
0.993102	0.993097	0.993102	0.00648852	8.90654e-05	0.993102	0.993102	6.89629e-05	0.0363864	0.993102	0.993102	7.75563e-24	0.993102	0.993102	0.993088	0.00154625	1.85555e-13	1.63475e-13	0.0804343	0.0807867	0.993101	0.993102	3.81858e-05	0.00120081	0.00119867	3.81914e-05	7.84177e-05	1.16658	1.16657	1.16658	
0.993102	0.993097	0.993102	0.00650505	8.85769e-05	0.993102	0.993102	6.8545e-05	0.0365154	0.993102	0.993102	7.65254e-24	0.993102	0.993102	0.993088	0.00154411	1.8448e-13	1.62483e-13	0.0808761	0.0812301	0.993101	0.993102	3.78904e-05	0.00119842	0.00119629	3.78967e-05	7.79633e-05	1.16635	1.16634	1.16635	
0.993102	0.993097	0.993102	0.00652275	8.83206e-05	0.993102	0.993102	6.83052e-05	0.0365474	0.993102	0.993102	7.58838e-24	0.993102	0.993102	0.993088	0.00154178	1.83888e-13	1.61913e-13	0.0811259	0.0814803	0.993101	0.993102	3.76884e-05	0.00119585	0.00119373	3.76952e-05	7.77128e-05	1.16374	1.16373	1.16374	
0.993102	0.993097	0.993102	0.00653822	8.93157e-05	0.993102	0.993102	6.90293e-05	0.0361147	0.993102	0.993102	7.7444e-24	0.993102	0.993102	0.993088	0.00154008	1.85899e-13	1.63629e-13	0.0803545	0.0807061	0.993101	0.993102	3.80302e-05	0.00119373	0.00119163	3.80381e-05	7.85602e-05	1.15897	1.15895	1.15896	
0.993102	0.993097	0.993102	0.00653659	9.23973e-05	0.993102	0.993102	7.13621e-05	0.0350854	0.993102	0.993102	8.31915e-24	0.993102	0.993102	0.993088	0.00154243	1.92253e-13	1.69158e-13	0.0781178	0.0784629	0.993101	0.993102	3.93658e-05	0.00119475	0.00119265	3.93757e-05	8.12391e-05	1.16226	1.16225	1.16226	
0.993102	0.993097	0.993102	0.00650191	9.30692e-05	0.993102	0.993102	7.18499e-05	0.0350192	0.993102	0.993102	8.48301e-24	0.993102	0.993102	0.993088	0.00155224	1.9361e-13	1.70317e-13	0.0775748	0.0779218	0.993101	0.993102	3.9881e-05	0.00120181	0.00119968	3.98919e-05	8.18111e-05	1.15724	1.15723	1.15724	
0.993102	0.993097	0.993102	0.00647161	9.60805e-05	0.993102	0.993102	7.41777e-05	0.0341694	0.993102	0.993102	9.10955e-24	0.993102	0.993102	0.993089	0.00155956	1.99882e-13	1.75839e-13	0.0754572	0.075799	0.993101	0.993102	4.13828e-05	0.00120751	0.00120535	4.13949e-05	8.44588e-05	1.15812	1.1581	1.15812	
0.993102	0.993097	0.993102	0.00642006	9.78584e-05	0.993102	0.993102	7.55777e-05	0.033805	0.993102	0.993102	9.52758e-24	0.993102	0.993102	0.993089	0.00157135	2.03622e-13	1.79162e-13	0.074145	0.0744872	0.993101	0.993102	4.25008e-05	0.00121708	0.00121487	4.25142e-05	8.60362e-05	1.15883	1.15881	1.15882	
0.993102	0.993097	0.993102	0.00636686	9.87973e-05	0.993102	0.993102	7.6364e-05	0.0337048	0.993102	0.993102	9.78123e-24	0.993102	0.993102	0.993089	0.00158227	2.05659e-13	1.81032e-13	0.073379	0.0737232	0.993101	0.993102	4.32587e-05	0.00122655	0.0012243	4.32725e-05	8.68971e-05	1.1558	1.15578	1.15579	
0.993102	0.993097	0.993102	0.00632062	0.000101068	0.993102	0.993102	7.82124e-05	0.0331669	0.993102	0.993102	1.03157e-23	0.993102	0.993102	0.993089	0.00159039	2.10514e-13	1.85419e-13	0.0718066	0.0721489	0.993101	0.993102	4.45659e-05	0.00123429	0.00123198	4.45806e-05	8.89473e-05	1.15377	1.15375	1.15377	
0.993102	0.993097	0.993102	0.00626658	0.000103861	0.993102	0.993102	8.04864e-05	0.0325404	0.993102	0.993102	1.10008e-23	0.993102	0.993102	0.993089	0.00160014	2.16493e-13	1.90816e-13	0.0699854	0.0703271	0.993101	0.993102	4.61853e-05	0.00124352	0.00124116	4.62025e-05	9.14668e-05	1.15365	1.15362	1.15365	
0.993102	0.993097	0.993102	0.0062038	0.000105987	0.993102	0.993102	8.22639e-05	0.0321494	0.993102	0.993102	1.15674e-23	0.993102	0.993102	0.993089	0.00161172	2.21112e-13	1.95038e-13	0.0685666	0.0689111	0.993101	0.993102	4.75899e-05	0.00125449	0.00125206	4.76101e-05	9.34092e-05	1.15614	1.1561	1.15614	
0.993102	0.993098	0.993102	0.00614129	0.000106168	0.993102	0.993102	8.25494e-05	0.0323068	0.993102	0.993102	1.16955e-23	0.993102	0.993102	0.993089	0.00162267	2.21707e-13	1.95722e-13	0.0682511	0.0686068	0.993101	0.993102	4.81049e-05	0.00126526	0.00126276	4.813e-05	9.36439e-05	1.1568	1.15675	1.1568	
0.993102	0.993098	0.993102	0.00609547	0.000105923	0.993102	0.993102	8.25166e-05	0.032505	0.993102	0.993102	1.17004e-23	0.993102	0.993102	0.993089	0.00162857	2.2143e-13	1.9565e-13	0.0682004	0.0685676	0.993101	0.993102	4.82895e-05	0.0012723	0.00126975	4.83194e-05	9.35088e-05	1.16017	1.16012	1.16016	
0.993102	0.993098	0.993102	0.00606437	0.000103991	0.993102	0.993102	8.11579e-05	0.0331791	0.993102	0.993102	1.13196e-23	0.993102	0.993102	0.993089	0.00163058	2.17601e-13	1.92432e-13	0.0692546	0.0696357	0.993101	0.993102	4.7581e-05	0.00127628	0.0012737	4.76134e-05	9.18812e-05	1.15958	1.15952	1.15958	
0.993102	0.993098	0.993102	0.00605954	0.000102822	0.993102	0.993102	8.03826e-05	0.0334718	0.993102	0.993102	1.10593e-23	0.993102	0.993102	0.993089	0.00162616	2.15362e-13	1.90595e-13	0.0698338	0.0702261	0.993101	0.993102	4.70309e-05	0.0012749	0.00127231	4.70676e-05	9.09173e-05	1.14967	1.14959	1.14967	
0.993102	0.993098	0.993102	0.00606453	0.000107425	0.993102	0.993102	8.41114e-05	0.032145	0.993102	0.993102	1.21033e-23	0.993102	0.993102	0.993089	0.00162067	2.2524e-13	1.99436e-13	0.0672138	0.0676059	0.993101	0.993102	4.90419e-05	0.00127199	0.00126941	4.90933e-05	9.50354e-05	1.14897	1.14889	1.14897	
0.993102	0.993098	0.993102	0.00602862	0.000111299	0.993102	0.993102	8.72361e-05	0.0312399	0.993102	0.993102	1.30987e-23	0.993102	0.993102	0.99309	0.00162742	2.33525e-13	2.06851e-13	0.0650575	0.0654501	0.993101	0.993102	5.11191e-05	0.0012784	0.00127579	5.11811e-05	9.84995e-05	1.15102	1.15095	1.15102	
0.993102	0.993098	0.993102	0.00597298	0.000112933	0.993102	0.993102	8.8615e-05	0.030987	0.993102	0.993102	1.35902e-23	0.993102	0.993102	0.99309	0.00163936	2.37106e-13	2.10128e-13	0.0640124	0.0644103	0.993101	0.993102	5.23469e-05	0.00128921	0.00128653	5.24146e-05	9.99944e-05	1.15178	1.15171	1.15178	
0.993102	0.993098	0.993102	0.00592076	0.000113678	0.993102	0.993102	8.93233e-05	0.0309477	0.993102	0.993102	1.38598e-23	0.993102	0.993102	0.99309	0.00164945	2.38848e-13	2.11815e-13	0.0634321	0.0638356	0.993101	0.993102	5.31252e-05	0.001299	0.00129625	5.31962e-05	0.000100722	1.15088	1.15081	1.15088	
0.993102	0.993098	0.993102	0.00587752	0.000114732	0.993102	0.993102	9.02938e-05	0.0307911	0.993102	0.993102	1.41953e-23	0.993102	0.993102	0.99309	0.00165647	2.41265e-13	2.14123e-13	0.0627229	0.0631299	0.993101	0.993102	5.3971e-05	0.0013066	0.00130379	5.40453e-05	0.000101733	1.14962	1.14954	1.14961	
0.993102	0.993098	0.993102	0.00583816	0.000116255	0.993102	0.993102	9.16422e-05	0.0305113	0.993102	0.993102	1.46539e-23	0.993102	0.993102	0.99309	0.00166228	2.44674e-13	2.17327e-13	0.0618211	0.0622287	0.993101	0.993102	5.50141e-05	0.00131334	0.00131049	5.5091e-05	0.000103167	1.15703	1.15697	1.15703	
0.993102	0.993098	0.993102	0.00579844	0.000113182	0.993102	0.993102	8.93492e-05	0.0315002	0.993102	0.993102	1.39759e-23	0.993102	0.993102	0.99309	0.00166821	2.3837e-13	2.11894e-13	0.0633535	0.0637729	0.993101	0.993102	5.38493e-05	0.00132029	0.00131739	5.3922e-05	0.000100518	1.15665	1.15659	1.15665	
0.993102	0.993098	0.993102	0.00579488	0.000111062	0.993102	0.993102	8.78077e-05	0.0320141	0.993102	0.993102	1.34525e-23	0.993102	0.993102	0.993089	0.00166375	2.34079e-13	2.08239e-13	0.0643685	0.064795	0.993101	0.993102	5.28237e-05	0.00131885	0.00131595	5.28942e-05	9.87117e-05	1.15715	1.15708	1.15715	
0.993102	0.993098	0.993102	0.00580701	0.000109216	0.993102	0.993102	8.64498e-05	0.0323949	0.993102	0.993102	1.29721e-23	0.993102	0.993102	0.993089	0.00165611	2.30321e-13	2.05017e-13	0.0652854	0.0657165	0.993101	0.993102	5.18062e-05	0.00131437	0.00131149	5.18748e-05	9.71288e-05	1.16331	1.16326	1.16331	
0.993102	0.993098	0.993102	0.00582802	0.000104813	0.993102	0.993102	8.30241e-05	0.0336722	0.993102	0.993102	1.19605e-23	0.993102	0.993102	0.993089	0.00164739	2.21101e-13	1.9689e-13	0.0680548	0.0684956	0.993101	0.993102	4.95389e-05	0.00130852	0.00130566	4.96013e-05	9.32523e-05	1.16405	1.164	1.16405	
0.993102	0.993098	0.993102	0.00588324	0.000101191	0.993102	0.993102	8.01842e-05	0.034529	0.993102	0.993102	1.10836e-23	0.993102	0.993102	0.993088	0.00163092	2.13485e-13	1.90149e-13	0.0704029	0.0708479	0.993101	0.993102	4.74166e-05	0.00129591	0.00129311	4.74735e-05	9.00505e-05	1.16782	1.16778	1.16782	
0.993102	0.993098	0.993102	0.00595421	9.68494e-05	0.993102	0.993102	7.67264e-05	0.0357078	0.993102	0.993102	1.00989e-23	0.993102	0.993102	0.993088	0.0016127	2.04289e-13	1.81942e-13	0.0735868	0.0740381	0.993101	0.993102	4.49124e-05	0.00128105	0.00127834	4.49639e-05	8.61803e-05	1.16926	1.16922	1.16926	
0.993102	0.993098	0.993102	0.00604869	9.30317e-05	0.993102	0.993102	7.36417e-05	0.0366378	0.993102	0.993102	9.22375e-24	0.993102	0.993102	0.993088	0.00159106	1.96146e-13	1.74619e-13	0.0765591	0.0770138	0.993101	0.993102	4.25576e-05	0.00126264	0.00126004	4.26047e-05	8.27511e-05	1.15683	1.15675	1.15683	
0.993102	0.993097	0.993102	0.00615532	9.60327e-05	0.993102	0.993102	7.58771e-05	0.0350815	0.993102	0.993102	9.59949e-24	0.993102	0.993102	0.993088	0.00156945	2.02308e-13	1.79907e-13	0.0743973	0.0748385	0.993101	0.993102	4.31115e-05	0.00124323	0.00124073	4.3164e-05	8.53297e-05	1.16408	1.16402	1.16408	
0.993102	0.993097	0.993102	0.00619213	9.47584e-05	0.993102	0.993102	7.47063e-05	0.0353389	0.993102	0.993102	9.26889e-24	0.993102	0.993102	0.993088	0.00156678	1.99404e-13	1.77125e-13	0.075283	0.075725	0.993101	0.993102	4.23127e-05	0.00123815	0.00123571	4.23644e-05	8.41037e-05	1.15871	1.1586	1.15871	
0.993102	0.993097	0.993102	0.00623018	9.64226e-05	0.993102	0.993102	7.585e-05	0.0346012	0.993102	0.993102	9.51255e-24	0.993102	0.993102	0.993088	0.00156369	2.02726e-13	1.79831e-13	0.0740883	0.074534	0.993101	0.993102	4.27981e-05	0.00123276	0.00123037	4.28601e-05	8.54656e-05	1.16003	1.15989	1.16003	
0.993102	0.993097	0.993102	0.00623775	9.70207e-05	0.993102	0.993102	7.61707e-05	0.0343871	0.993102	0.993102	9.60221e-24	0.993102	0.993102	0.993089	0.00156807	2.03853e-13	1.80589e-13	0.0736345	0.0740993	0.993101	0.993102	4.30321e-05	0.00123329	0.00123092	4.31095e-05	8.58809e-05	1.15833	1.15815	1.15833	
0.993102	0.993097	0.993102	0.00623719	9.83313e-05	0.993102	0.993102	7.70785e-05	0.0339924	0.993102	0.993102	9.85767e-24	0.993102	0.993102	0.993089	0.00157346	2.06537e-13	1.8274e-13	0.0727205	0.0732079	0.993101	0.993102	4.36363e-05	0.00123502	0.00123266	4.37348e-05	8.69333e-05	1.15548	1.15519	1.15548	
0.993102	0.993097	0.993102	0.00622445	0.000100822	0.993102	0.993102	7.89368e-05	0.0333306	0.993102	0.993102	1.04022e-23	0.993102	0.993102	0.993089	0.00158154	2.11842e-13	1.87145e-13	0.071089	0.0716222	0.993101	0.993102	4.48556e-05	0.0012388	0.00123644	4.49998e-05	8.89984e-05	1.16133	1.16106	1.16133	
0.993102	0.993097	0.993102	0.00619372	9.96671e-05	0.993102	0.993102	7.79822e-05	0.0338941	0.993102	0.993102	1.02084e-23	0.993102	0.993102	0.993089	0.00159265	2.09466e-13	1.84884e-13	0.0717837	0.0723671	0.993101	0.993102	4.45639e-05	0.00124585	0.00124345	4.47327e-05	8.79016e-05	1.15937	1.15902	1.15937	
0.993102	0.993097	0.993102	0.00618617	9.97599e-05	0.993102	0.993102	7.80388e-05	0.033901	0.993102	0.993102	1.02348e-23	0.993102	0.993102	0.993089	0.00159649	2.09812e-13	1.85019e-13	0.0716039	0.0722425	0.993101	0.993102	4.46585e-05	0.00124754	0.00124514	4.48646e-05	8.79026e-05	1.16034	1.15998	1.16033	
0.993102	0.993097	0.993102	0.00618026	9.93425e-05	0.993102	0.993102	7.77064e-05	0.0340681	0.993102	0.993102	1.01556e-23	0.993102	0.993102	0.993089	0.00159928	2.09064e-13	1.84232e-13	0.0717874	0.0724745	0.993101	0.993102	4.45108e-05	0.00124876	0.00124635	4.47456e-05	8.74739e-05	1.15576	1.15531	1.15576	
0.993102	0.993097	0.993102	0.00618064	0.000101394	0.993102	0.993102	7.9311e-05	0.0334446	0.993102	0.993102	1.05931e-23	0.993102	0.993102	0.993089	0.00160066	2.13598e-13	1.88036e-13	0.0704091	0.0711445	0.993101	0.993102	4.54228e-05	0.00124861	0.00124621	4.57087e-05	8.91898e-05	1.15717	1.15669	1.15716	
0.993102	0.993098	0.993102	0.00616174	0.000102178	0.993102	0.993102	7.99245e-05	0.0333013	0.993102	0.993102	1.07937e-23	0.993102	0.993102	0.993089	0.00160696	2.15434e-13	1.89493e-13	0.0698113	0.0705984	0.993101	0.993102	4.59171e-05	0.00125246	0.00125004	4.6246e-05	8.98034e-05	1.15888	1.15837	1.15888	
0.993102	0.993098	0.993102	0.00614205	0.000101869	0.993102	0.993102	7.96988e-05	0.0335019	0.993102	0.993102	1.07626e-23	0.993102	0.993102	0.993089	0.00161281	2.14972e-13	1.88959e-13	0.0699003	0.0707446	0.993101	0.993102	4.59186e-05	0.00125627	0.00125383	4.62838e-05	8.94716e-05	1.16254	1.16205	1.16254	
0.993102	0.993098	0.993102	0.00613224	9.98352e-05	0.993102	0.993102	7.81328e-05	0.0342407	0.993102	0.993102	1.03623e-23	0.993102	0.993102	0.993089	0.00161506	2.10811e-13	1.85248e-13	0.0712077	0.0721037	0.993101	0.993102	4.50608e-05	0.00125784	0.00125538	4.54398e-05	8.76594e-05	1.16379	1.16329	1.16379	
0.993102	0.993098	0.993102	0.00614707	9.77252e-05	0.993102	0.993102	7.65068e-05	0.0348858	0.993102	0.993102	9.91768e-24	0.993102	0.993102	0.993088	0.00161069	2.0647e-13	1.81392e-13	0.0726234	0.0735654	0.993101	0.993102	4.4001e-05	0.00125433	0.00125189	4.43882e-05	8.57869e-05	1.16278	1.16219	1.16278	
0.993102	0.993098	0.993102	0.00617926	9.6625e-05	0.993102	0.993102	7.56536e-05	0.0350923	0.993102	0.993102	9.6502e-24	0.993102	0.993102	0.993088	0.00160323	2.04309e-13	1.79366e-13	0.0733	0.0743015	0.993101	0.993102	4.32838e-05	0.00124768	0.00124527	4.36968e-05	8.47617e-05	1.15953	1.1588	1.15953	
0.993102	0.993097	0.993102	0.0062119	9.73967e-05	0.993102	0.993102	7.62389e-05	0.0346885	0.993102	0.993102	9.75765e-24	0.993102	0.993102	0.993089	0.00159762	2.06183e-13	1.80751e-13	0.0726646	0.0737392	0.993101	0.993102	4.33973e-05	0.00124141	0.00123904	4.38678e-05	8.53164e-05	1.15634	1.15546	1.15633	
0.993102	0.993097	0.993102	0.00622566	9.96459e-05	0.993102	0.993102	7.79575e-05	0.0339665	0.993102	0.993102	1.02174e-23	0.993102	0.993102	0.993089	0.00159833	2.11268e-13	1.84824e-13	0.0711247	0.0722833	0.993101	0.993102	4.43032e-05	0.00123922	0.00123687	4.48643e-05	8.71066e-05	1.15807	1.1572	1.15807	
0.993102	0.993098	0.993102	0.00621427	0.000100422	0.993102	0.993102	7.85248e-05	0.0338157	0.993102	0.993102	1.04059e-23	0.993102	0.993102	0.993089	0.00160488	2.13121e-13	1.8617e-13	0.0705279	0.0717598	0.993101	0.993102	4.47439e-05	0.00124212	0.00123975	4.53667e-05	8.76558e-05	1.14976	1.14858	1.14976	
0.993102	0.993098	0.993102	0.00620038	0.000105671	0.993102	0.993102	8.26051e-05	0.0325189	0.993102	0.993102	1.16706e-23	0.993102	0.993102	0.993089	0.00161342	2.2487e-13	1.95846e-13	0.0674967	0.0688226	0.993101	0.993102	4.72108e-05	0.00124524	0.00124286	4.8006e-05	9.1963e-05	1.15541	1.1544	1.1554	
0.993102	0.993098	0.993102	0.00614956	0.00010633	0.993102	0.993102	8.31185e-05	0.0325607	0.993102	0.993102	1.19011e-23	0.993102	0.993102	0.993089	0.00162886	2.2647e-13	1.97069e-13	0.0669192	0.0683069	0.993101	0.993102	4.79132e-05	0.00125593	0.00125349	4.87642e-05	9.24548e-05	1.15638	1.15539	1.15638	
0.993102	0.993098	0.993102	0.00610974	0.00010627	0.993102	0.993102	8.31127e-05	0.0327403	0.993102	0.993102	1.19462e-23	0.993102	0.993102	0.993089	0.00163913	2.26533e-13	1.97061e-13	0.0667753	0.0682128	0.993101	0.993102	4.81857e-05	0.00126366	0.00126117	4.90705e-05	9.23713e-05	1.1529	1.15179	1.1529	
0.993102	0.993098	0.993102	0.00608293	0.000108124	0.993102	0.993102	8.4632e-05	0.0323201	0.993102	0.993102	1.24263e-23	0.993102	0.993102	0.99309	0.0016456	2.3083e-13	2.00668e-13	0.0655707	0.0670557	0.993101	0.993102	4.92299e-05	0.00126828	0.00126576	5.01882e-05	9.39207e-05	1.15177	1.15063	1.15176	
0.993102	0.993098	0.993102	0.00604866	0.000110154	0.993102	0.993102	8.62981e-05	0.0319019	0.993102	0.993102	1.29788e-23	0.993102	0.993102	0.99309	0.00165374	2.35491e-13	2.04624e-13	0.0643228	0.065844	0.993101	0.993102	5.04286e-05	0.00127449	0.00127192	5.14585e-05	9.56381e-05	1.1535	1.15243	1.1535	
0.993102	0.993098	0.993102	0.00600856	0.000110655	0.993102	0.993102	8.67763e-05	0.0319086	0.993102	0.993102	1.31675e-23	0.993102	0.993102	0.99309	0.00166225	2.3676e-13	2.05763e-13	0.0639008	0.0654446	0.993101	0.993102	5.0972e-05	0.00128188	0.00127927	5.20305e-05	9.60886e-05	1.15789	1.15695	1.15788	
0.993102	0.993098	0.993102	0.00597637	0.000108639	0.993102	0.993102	8.52866e-05	0.0326011	0.993102	0.993102	1.27424e-23	0.993102	0.993102	0.993089	0.00166674	2.32479e-13	2.02235e-13	0.0649606	0.066511	0.993101	0.993102	5.02658e-05	0.00128738	0.00128472	5.12884e-05	9.44266e-05	1.15758	1.15663	1.15757	
0.993102	0.993098	0.993102	0.00597093	0.000107274	0.993102	0.993102	8.43114e-05	0.0329529	0.993102	0.993102	1.24187e-23	0.993102	0.993102	0.993089	0.00166385	2.29629e-13	1.99924e-13	0.0656437	0.0671979	0.993101	0.993102	4.96447e-05	0.00128696	0.0012843	5.06409e-05	9.33189e-05	1.15685	1.15588	1.15685	
0.993102	0.993098	0.993102	0.00597708	0.00010663	0.993102	0.993102	8.38824e-05	0.0330435	0.993102	0.993102	1.22413e-23	0.993102	0.993102	0.993089	0.00165886	2.28333e-13	1.98906e-13	0.0659191	0.0674771	0.993101	0.993102	4.92696e-05	0.00128437	0.00128171	5.02533e-05	9.28099e-05	1.15914	1.15824	1.15913	
0.993102	0.993098	0.993102	0.00598479	0.000104974	0.993102	0.993102	8.2631e-05	0.0334606	0.993102	0.993102	1.18424e-23	0.993102	0.993102	0.993089	0.00165384	2.24757e-13	1.95938e-13	0.066883	0.0684337	0.993101	0.993102	4.8427e-05	0.00128184	0.00127919	4.93717e-05	9.14379e-05	1.16181	1.16098	1.16181	
0.993102	0.993098	0.993102	0.00600365	0.00010243	0.993102	0.993102	8.06582e-05	0.0341484	0.993102	0.993102	1.12492e-23	0.993102	0.993102	0.993089	0.00164623	2.19207e-13	1.91258e-13	0.0685241	0.0700627	0.993101	0.993102	4.71041e-05	0.00127727	0.00127464	4.79922e-05	8.92955e-05	1.16419	1.16344	1.16419	
0.993102	0.993098	0.993102	0.00603998	9.9424e-05	0.993102	0.993102	7.82994e-05	0.0349502	0.993102	0.993102	1.0556e-23	0.993102	0.993102	0.993088	0.00163465	2.12605e-13	1.85661e-13	0.070621	0.072136	0.993101	0.993102	4.54671e-05	0.00126948	0.0012669	4.62856e-05	8.67525e-05	1.16383	1.16308	1.16382	
0.993102	0.993098	0.993102	0.00609438	9.73592e-05	0.993102	0.993102	7.66523e-05	0.03534	0.993102	0.993102	1.00356e-23	0.993102	0.993102	0.993088	0.00162016	2.08017e-13	1.8175e-13	0.0720774	0.0735687	0.993101	0.993102	4.41531e-05	0.00125864	0.00125611	4.49176e-05	8.49965e-05	1.16679	1.16614	1.16679	
0.993102	0.993098	0.993102	0.00615081	9.45147e-05	0.993102	0.993102	7.43601e-05	0.036082	0.993102	0.993102	9.39095e-24	0.993102	0.993102	0.993088	0.00160639	2.01682e-13	1.76309e-13	0.0743036	0.0757607	0.993101	0.993102	4.25117e-05	0.00124811	0.00124564	4.32088e-05	8.25587e-05	1.16979	1.16923	1.16978	
0.993102	0.993097	0.993102	0.00622037	9.11524e-05	0.993102	0.993102	7.16395e-05	0.0370434	0.993102	0.993102	8.6705e-24	0.993102	0.993102	0.993088	0.00159045	1.94186e-13	1.69852e-13	0.0771799	0.0785885	0.993101	0.993102	4.0602e-05	0.00123569	0.00123329	4.12227e-05	7.96677e-05	1.16661	1.16599	1.16661	
0.993102	0.993097	0.993102	0.00630827	9.00071e-05	0.993102	0.993102	7.06288e-05	0.0370054	0.993102	0.993102	8.32333e-24	0.993102	0.993102	0.993088	0.0015727	1.91474e-13	1.67448e-13	0.0781177	0.0794949	0.993101	0.993102	3.9571e-05	0.00122062	0.00121831	4.01509e-05	7.86527e-05	1.16015	1.15943	1.16015	
0.993102	0.993097	0.993102	0.00637862	9.22011e-05	0.993102	0.993102	7.21864e-05	0.0359089	0.993102	0.993102	8.61531e-24	0.993102	0.993102	0.993088	0.00156179	1.95913e-13	1.71133e-13	0.0765282	0.0778796	0.993101	0.993102	4.00748e-05	0.00120956	0.00120731	4.06605e-05	8.04785e-05	1.16002	1.15933	1.16001	
0.993102	0.993097	0.993102	0.0064	9.39441e-05	0.993102	0.993102	7.33768e-05	0.0352389	0.993102	0.993102	8.90201e-24	0.993102	0.993102	0.993088	0.00156303	1.99348e-13	1.73951e-13	0.0753246	0.076649	0.993101	0.993102	4.07127e-05	0.00120786	0.00120564	4.13005e-05	8.19148e-05	1.1599	1.15924	1.1599	
0.993102	0.993097	0.993102	0.00639582	9.53148e-05	0.993102	0.993102	7.4303e-05	0.0348248	0.993102	0.993102	9.16079e-24	0.993102	0.993102	0.993088	0.00156942	2.02011e-13	1.76146e-13	0.0744	0.075697	0.993101	0.993102	4.13593e-05	0.00121068	0.00120847	4.19457e-05	8.30491e-05	1.15913	1.15852	1.15912	
0.993102	0.993097	0.993102	0.00637922	9.67299e-05	0.993102	0.993102	7.53016e-05	0.0344456	0.993102	0.993102	9.45129e-24	0.993102	0.993102	0.993089	0.00157693	2.04762e-13	1.78514e-13	0.0734684	0.0747207	0.993101	0.993102	4.21059e-05	0.00121536	0.00121314	4.26803e-05	8.4267e-05	1.15951	1.15894	1.15951	
0.993102	0.993097	0.993102	0.00635376	9.75854e-05	0.993102	0.993102	7.59045e-05	0.0342815	0.993102	0.993102	9.64593e-24	0.993102	0.993102	0.993089	0.00158507	2.06374e-13	1.79945e-13	0.0729033	0.0741139	0.993101	0.993102	4.26634e-05	0.00122123	0.00121899	4.32213e-05	8.50236e-05	1.15922	1.15867	1.15922	
0.993102	0.993097	0.993102	0.00632796	9.83601e-05	0.993102	0.993102	7.64803e-05	0.034134	0.993102	0.993102	9.82787e-24	0.993102	0.993102	0.993089	0.00159188	2.07867e-13	1.81312e-13	0.072382	0.0735529	0.993101	0.993102	4.31829e-05	0.00122666	0.00122439	4.37242e-05	8.57289e-05	1.16216	1.16166	1.16216	
0.993102	0.993097	0.993102	0.00630241	9.74785e-05	0.993102	0.993102	7.57955e-05	0.034537	0.993102	0.993102	9.67751e-24	0.993102	0.993102	0.993089	0.00159736	2.0588e-13	1.79691e-13	0.0729987	0.0741374	0.993101	0.993102	4.29593e-05	0.00123165	0.00122936	4.34712e-05	8.50128e-05	1.16291	1.16245	1.16291	
0.993102	0.993097	0.993102	0.00629432	9.64508e-05	0.993102	0.993102	7.50153e-05	0.0348935	0.993102	0.993102	9.4755e-24	0.993102	0.993102	0.993088	0.00159755	2.03611e-13	1.77842e-13	0.0737267	0.0748326	0.993101	0.993102	4.25489e-05	0.00123286	0.00123056	4.30297e-05	8.41784e-05	1.16355	1.16311	1.16355	
0.993102	0.993097	0.993102	0.00629901	9.53797e-05	0.993102	0.993102	7.42019e-05	0.0352058	0.993102	0.993102	9.25122e-24	0.993102	0.993102	0.993088	0.00159455	2.01263e-13	1.75913e-13	0.0745037	0.0755795	0.993101	0.993102	4.20367e-05	0.00123155	0.00122925	4.2488e-05	8.33013e-05	1.16017	1.15972	1.16017	
0.993102	0.993097	0.993102	0.00631273	9.62036e-05	0.993102	0.993102	7.48548e-05	0.034815	0.993102	0.993102	9.38131e-24	0.993102	0.993102	0.993088	0.00158995	2.02934e-13	1.7746e-13	0.0739135	0.0749544	0.993101	0.993102	4.22984e-05	0.00122863	0.00122634	4.27351e-05	8.4062e-05	1.15675	1.15631	1.15675	
0.993102	0.993097	0.993102	0.00631147	9.85865e-05	0.993102	0.993102	7.67075e-05	0.034039	0.993102	0.993102	9.86193e-24	0.993102	0.993102	0.993089	0.00158978	2.07884e-13	1.81852e-13	0.0723579	0.0733576	0.993101	0.993102	4.33536e-05	0.00122886	0.00122658	4.37854e-05	8.61747e-05	1.15736	1.15696	1.15736	
0.993102	0.993097	0.993102	0.00628609	0.000100043	0.993102	0.993102	7.78416e-05	0.0336705	0.993102	0.993102	1.01936e-23	0.993102	0.993102	0.993089	0.00159554	2.10858e-13	1.84542e-13	0.0714008	0.0723609	0.993101	0.993102	4.41812e-05	0.00123389	0.00123159	4.46e-05	8.74898e-05	1.15748	1.1571	1.15748	
0.993102	0.993097	0.993102	0.00625408	0.000101057	0.993102	0.993102	7.86523e-05	0.0334689	0.993102	0.993102	1.04465e-23	0.993102	0.993102	0.993089	0.00160223	2.12927e-13	1.86467e-13	0.0707208	0.0716453	0.993101	0.993102	4.48594e-05	0.00124	0.00123767	4.52635e-05	8.84302e-05	1.15828	1.15792	1.15828	
0.993102	0.993097	0.993102	0.00622195	0.000101386	0.993102	0.993102	7.89496e-05	0.0334757	0.993102	0.993102	1.05555e-23	0.993102	0.993102	0.993089	0.00160817	2.13579e-13	1.87176e-13	0.070466	0.0713601	0.993101	0.993102	4.52275e-05	0.00124586	0.00124349	4.56141e-05	8.87818e-05	1.15755	1.1572	1.15755	
0.993102	0.993098	0.993102	0.00619614	0.000101992	0.993102	0.993102	7.94802e-05	0.0333602	0.993102	0.993102	1.07152e-23	0.993102	0.993102	0.993089	0.00161195	2.14852e-13	1.88436e-13	0.0700319	0.0708974	0.993101	0.993102	4.56724e-05	0.0012502	0.00124781	4.60447e-05	8.93816e-05	1.15777	1.15744	1.15777	
0.993102	0.993098	0.993102	0.0061717	0.000102319	0.993102	0.993102	7.97984e-05	0.0333245	0.993102	0.993102	1.08139e-23	0.993102	0.993102	0.993089	0.00161512	2.1554e-13	1.89193e-13	0.0697757	0.0706142	0.993101	0.993102	4.59809e-05	0.00125419	0.00125178	4.63372e-05	8.97396e-05	1.15778	1.15747	1.15778	
0.993102	0.993098	0.993102	0.00615082	0.000102542	0.993102	0.993102	8.00405e-05	0.0333036	0.993102	0.993102	1.0886e-23	0.993102	0.993102	0.993089	0.00161726	2.16023e-13	1.8977e-13	0.0695853	0.0703991	0.993101	0.993102	4.62167e-05	0.00125741	0.00125498	4.65576e-05	9.00076e-05	1.1599	1.1596	1.15989	
0.993102	0.993098	0.993102	0.00613329	0.000101624	0.993102	0.993102	7.93886e-05	0.0336368	0.993102	0.993102	1.07124e-23	0.993102	0.993102	0.993089	0.00161853	2.14098e-13	1.88226e-13	0.0701382	0.0709337	0.993101	0.993102	4.59092e-05	0.00125996	0.00125751	4.62308e-05	8.92712e-05	1.16478	1.16451	1.16478	
0.993102	0.993098	0.993102	0.00612928	9.8611e-05	0.993102	0.993102	7.70914e-05	0.0346815	0.993102	0.993102	1.01111e-23	0.993102	0.993102	0.993088	0.00161631	2.07752e-13	1.8278e-13	0.0722629	0.0730521	0.993101	0.993102	4.45562e-05	0.00125974	0.00125728	4.48524e-05	8.66873e-05	1.16104	1.16077	1.16104	
0.993102	0.993098	0.993102	0.00615842	9.81089e-05	0.993102	0.993102	7.6748e-05	0.0346243	0.993102	0.993102	9.9488e-24	0.993102	0.993102	0.993088	0.00160624	2.06699e-13	1.81963e-13	0.0725332	0.0733035	0.993101	0.993102	4.4109e-05	0.001253	0.00125057	4.43893e-05	8.62986e-05	1.16572	1.16548	1.16572	
0.993102	0.993097	0.993102	0.00618027	9.55725e-05	0.993102	0.993102	7.47772e-05	0.0354055	0.993102	0.993102	9.42272e-24	0.993102	0.993102	0.993088	0.00159939	2.01303e-13	1.77289e-13	0.0744235	0.0751832	0.993101	0.993102	4.28232e-05	0.0012483	0.00124589	4.30807e-05	8.41035e-05	1.16579	1.16555	1.16579	
0.993102	0.993097	0.993102	0.00622266	9.36553e-05	0.993102	0.993102	7.32716e-05	0.0358589	0.993102	0.993102	8.99382e-24	0.993102	0.993102	0.993088	0.00158843	1.972e-13	1.73715e-13	0.0758751	0.0766232	0.993101	0.993102	4.16958e-05	0.00123995	0.00123758	4.19346e-05	8.24363e-05	1.16568	1.16546	1.16568	
0.993102	0.993097	0.993102	0.00627161	9.229e-05	0.993102	0.993102	7.21691e-05	0.0360938	0.993102	0.993102	8.66517e-24	0.993102	0.993102	0.993088	0.00157727	1.94222e-13	1.71097e-13	0.076942	0.0776745	0.993101	0.993102	4.07866e-05	0.00123093	0.0012286	4.10086e-05	8.12376e-05	1.16077	1.16054	1.16077	
0.993102	0.993097	0.993102	0.00631899	9.3586e-05	0.993102	0.993102	7.3116e-05	0.035393	0.993102	0.993102	8.83069e-24	0.993102	0.993102	0.993088	0.00156784	1.96811e-13	1.73337e-13	0.0760106	0.0767159	0.993101	0.993102	4.10466e-05	0.00122274	0.00122046	4.12598e-05	8.23605e-05	1.15895	1.15872	1.15894	
0.993102	0.993097	0.993102	0.00633495	9.54892e-05	0.993102	0.993102	7.45148e-05	0.0346897	0.993102	0.993102	9.17007e-24	0.993102	0.993102	0.993088	0.00156701	2.00659e-13	1.76651e-13	0.0747151	0.0753972	0.993101	0.993102	4.17856e-05	0.00122088	0.00121862	4.19953e-05	8.39998e-05	1.16332	1.16313	1.16332	
0.993102	0.993097	0.993102	0.00632556	9.47882e-05	0.993102	0.993102	7.38974e-05	0.035002	0.993102	0.993102	9.04228e-24	0.993102	0.993102	0.993088	0.00157189	1.99028e-13	1.75188e-13	0.0752682	0.0759322	0.993101	0.993102	4.15553e-05	0.00122383	0.00122157	4.17504e-05	8.33696e-05	1.16223	1.16205	1.16223	
0.993102	0.993097	0.993102	0.00632782	9.47739e-05	0.993102	0.993102	7.38388e-05	0.0349929	0.993102	0.993102	9.02895e-24	0.993102	0.993102	0.993088	0.00157285	1.98879e-13	1.75048e-13	0.0752959	0.0759405	0.993101	0.993102	4.15444e-05	0.00122411	0.00122185	4.17277e-05	8.33532e-05	1.16606	1.1659	1.16606	
0.993102	0.993097	0.993102	0.00632937	9.30029e-05	0.993102	0.993102	7.24245e-05	0.0356614	0.993102	0.993102	8.69708e-24	0.993102	0.993102	0.993088	0.0015736	1.95068e-13	1.71695e-13	0.0767113	0.0773474	0.993101	0.993102	4.07661e-05	0.00122437	0.00122211	4.09359e-05	8.17958e-05	1.16358	1.16342	1.16358	
0.993102	0.993097	0.993102	0.006352	9.28035e-05	0.993102	0.993102	7.224e-05	0.0356021	0.993102	0.993102	8.62287e-24	0.993102	0.993102	0.993088	0.00156891	1.94568e-13	1.71256e-13	0.0768639	0.0774844	0.993101	0.993102	4.05415e-05	0.00122046	0.00121821	4.07016e-05	8.1621e-05	1.16628	1.16613	1.16628	
0.993102	0.993097	0.993102	0.00636849	9.1443e-05	0.993102	0.993102	7.11445e-05	0.0360429	0.993102	0.993102	8.35325e-24	0.993102	0.993102	0.993088	0.00156612	1.91625e-13	1.68657e-13	0.077984	0.0785949	0.993101	0.993102	3.98565e-05	0.00121789	0.00121566	4.00054e-05	8.04206e-05	1.16808	1.16794	1.16808	
0.993102	0.993097	0.993102	0.00639614	8.96545e-05	0.993102	0.993102	6.97152e-05	0.0366191	0.993102	0.993102	8.00406e-24	0.993102	0.993102	0.993088	0.00156076	1.87784e-13	1.65266e-13	0.0795215	0.0801234	0.993101	0.993102	3.89268e-05	0.00121328	0.00121107	3.90637e-05	7.8843e-05	1.16911	1.16898	1.16911	
0.993102	0.993097	0.993102	0.00643747	8.78961e-05	0.993102	0.993102	6.83012e-05	0.0371335	0.993102	0.993102	7.65366e-24	0.993102	0.993102	0.993087	0.00155272	1.84005e-13	1.61911e-13	0.0810876	0.0816826	0.993101	0.993102	3.79435e-05	0.00120636	0.00120419	3.80703e-05	7.72832e-05	1.16815	1.16801	1.16815	
0.993102	0.993097	0.993102	0.00648815	8.70029e-05	0.993102	0.993102	6.75432e-05	0.0372451	0.993102	0.993102	7.44047e-24	0.993102	0.993102	0.993087	0.0015434	1.82021e-13	1.60111e-13	0.081901	0.0824866	0.993101	0.993102	3.72872e-05	0.00119811	0.00119598	3.74064e-05	7.64719e-05	1.16864	1.16851	1.16864	
0.993102	0.993097	0.993102	0.00653318	8.615e-05	0.993102	0.993102	6.67998e-05	0.0373965	0.993102	0.993102	7.24566e-24	0.993102	0.993102	0.993087	0.00153633	1.80104e-13	1.58345e-13	0.0827222	0.0832997	0.993101	0.993102	3.669e-05	0.00119127	0.00118917	3.68027e-05	7.56849e-05	1.1693	1.16917	1.16929	
0.993102	0.993097	0.993102	0.00657497	8.52557e-05	0.993102	0.993102	6.60167e-05	0.037601	0.993102	0.993102	7.05255e-24	0.993102	0.993102	0.993087	0.00153051	1.78087e-13	1.56485e-13	0.0836182	0.0841868	0.993101	0.993102	3.61021e-05	0.00118525	0.00118319	3.6208e-05	7.48581e-05	1.16911	1.16899	1.16911	
0.993102	0.993097	0.993102	0.00661594	8.46829e-05	0.993102	0.993102	6.54777e-05	0.0376809	0.993102	0.993102	6.91499e-24	0.993102	0.993102	0.993087	0.00152522	1.7674e-13	1.55205e-13	0.0842324	0.0847921	0.993101	0.993102	3.56595e-05	0.00117954	0.00117751	3.57598e-05	7.4309e-05	1.17205	1.17194	1.17205	
0.993102	0.993097	0.993102	0.00665208	8.30753e-05	0.993102	0.993102	6.4142e-05	0.0382795	0.993102	0.993102	6.62861e-24	0.993102	0.993102	0.993087	0.00152122	1.73238e-13	1.52036e-13	0.0859076	0.0864636	0.993101	0.993102	3.48205e-05	0.0011748	0.00117279	3.49142e-05	7.28538e-05	1.17359	1.17347	1.17359	
0.993102	0.993097	0.993102	0.006702	8.12917e-05	0.993102	0.993102	6.26746e-05	0.0389089	0.993102	0.993102	6.31251e-24	0.993102	0.993102	0.993087	0.00151426	1.69379e-13	1.48555e-13	0.0878239	0.0883784	0.993101	0.993102	3.38532e-05	0.00116776	0.00116579	3.39409e-05	7.12446e-05	1.17695	1.17685	1.17695	
0.993102	0.993097	0.993102	0.00676456	7.87307e-05	0.993102	0.993102	6.06076e-05	0.0399282	0.993102	0.993102	5.89168e-24	0.993102	0.993102	0.993086	0.00150499	1.63893e-13	1.43652e-13	0.0907643	0.0913162	0.993101	0.993102	3.25307e-05	0.00115887	0.00115694	3.26104e-05	6.89566e-05	1.17594	1.17584	1.17594	
0.993102	0.993096	0.993102	0.00685166	7.72023e-05	0.993102	0.993102	5.93224e-05	0.0402793	0.993102	0.993102	5.60188e-24	0.993102	0.993102	0.993086	0.00149151	1.60548e-13	1.40601e-13	0.0925428	0.0930898	0.993101	0.993102	3.15394e-05	0.00114644	0.00114456	3.16137e-05	6.75615e-05	1.17505	1.17494	1.17505	
0.993102	0.993096	0.993102	0.00693565	7.64229e-05	0.993102	0.993102	5.85891e-05	0.0402964	0.993102	0.993102	5.42228e-24	0.993102	0.993102	0.993086	0.00148019	1.58736e-13	1.38859e-13	0.0935153	0.0940576	0.993101	0.993102	3.08768e-05	0.00113517	0.00113335	3.0948e-05	6.68048e-05	1.17487	1.17476	1.17487	
0.993102	0.993096	0.993102	0.00700518	7.59382e-05	0.993102	0.993102	5.80673e-05	0.0402712	0.993102	0.993102	5.29843e-24	0.993102	0.993102	0.993086	0.00147284	1.57521e-13	1.37619e-13	0.0942016	0.0947401	0.993101	0.993102	3.04045e-05	0.00112664	0.00112486	3.04739e-05	6.62962e-05	1.1739	1.17379	1.1739	
0.993102	0.993096	0.993102	0.00706134	7.59679e-05	0.993102	0.993102	5.79341e-05	0.0400722	0.993102	0.993102	5.25721e-24	0.993102	0.993102	0.993086	0.00146858	1.57371e-13	1.37299e-13	0.0943242	0.0948597	0.993101	0.993102	3.01972e-05	0.00112039	0.00111864	3.02662e-05	6.62316e-05	1.17533	1.17522	1.17533	
0.993102	0.993096	0.993102	0.00710023	7.54707e-05	0.993102	0.993102	5.74097e-05	0.0402384	0.993102	0.993102	5.16057e-24	0.993102	0.993102	0.993086	0.00146765	1.5614e-13	1.36054e-13	0.0950673	0.0956019	0.993101	0.993102	2.98607e-05	0.00111682	0.0011151	2.99285e-05	6.57154e-05	1.17628	1.17617	1.17628	
0.993102	0.993096	0.993102	0.00713818	7.47648e-05	0.993102	0.993102	5.67438e-05	0.0405161	0.993102	0.993102	5.03975e-24	0.993102	0.993102	0.993086	0.00146629	1.545e-13	1.34474e-13	0.0960626	0.0965968	0.993101	0.993102	2.94495e-05	0.00111322	0.00111152	2.95157e-05	6.50279e-05	1.17537	1.17525	1.17537	
0.993102	0.993096	0.993102	0.00717945	7.45843e-05	0.993102	0.993102	5.64861e-05	0.0404939	0.993102	0.993102	4.98724e-24	0.993102	0.993102	0.993086	0.00146392	1.53971e-13	1.33861e-13	0.0964155	0.0969539	0.993101	0.993102	2.92311e-05	0.00110898	0.0011073	2.92987e-05	6.4797e-05	1.17842	1.17831	1.17842	
0.993102	0.993096	0.993102	0.00721255	7.33631e-05	0.993102	0.993102	5.5454e-05	0.0410888	0.993102	0.993102	4.80948e-24	0.993102	0.993102	0.993086	0.00146277	1.51296e-13	1.31414e-13	0.0980885	0.0986275	0.993101	0.993102	2.86459e-05	0.00110593	0.00110427	2.87107e-05	6.36772e-05	1.17838	1.17827	1.17838	
0.993102	0.993096	0.993102	0.00726167	7.24745e-05	0.993102	0.993102	5.46829e-05	0.0414039	0.993102	0.993102	4.66607e-24	0.993102	0.993102	0.993086	0.00145807	1.49322e-13	1.29585e-13	0.0993391	0.0998777	0.993101	0.993102	2.81329e-05	0.00110037	0.00109873	2.81957e-05	6.28503e-05	1.17782	1.17771	1.17782	
0.993102	0.993096	0.993102	0.00731381	7.20245e-05	0.993102	0.993102	5.42408e-05	0.0414642	0.993102	0.993102	4.57721e-24	0.993102	0.993102	0.993086	0.00145304	1.48256e-13	1.28535e-13	0.100037	0.100577	0.993101	0.993102	2.77817e-05	0.00109449	0.00109288	2.7844e-05	6.23997e-05	1.1809	1.18081	1.1809	
0.993102	0.993096	0.993102	0.007359	7.06429e-05	0.993102	0.993102	5.31013e-05	0.0421271	0.993102	0.993102	4.38428e-24	0.993102	0.993102	0.993085	0.00144941	1.4526e-13	1.25833e-13	0.102052	0.102587	0.993101	0.993102	2.71093e-05	0.00108976	0.00108817	2.71672e-05	6.1152e-05	1.17914	1.17902	1.17913	
0.993102	0.993096	0.993102	0.00742127	7.02272e-05	0.993102	0.993102	5.26868e-05	0.0421243	0.993102	0.993102	4.29806e-24	0.993102	0.993102	0.993085	0.00144279	1.44272e-13	1.24848e-13	0.102726	0.103264	0.993101	0.993102	2.67472e-05	0.00108265	0.00108108	2.68056e-05	6.07298e-05	1.17856	1.17842	1.17856	
0.993102	0.993096	0.993102	0.00747251	7.0138e-05	0.993102	0.993102	5.25094e-05	0.0420128	0.993102	0.993102	4.25904e-24	0.993102	0.993102	0.993085	0.00143895	1.43963e-13	1.24426e-13	0.102978	0.103531	0.993101	0.993102	2.65509e-05	0.00107733	0.00107579	2.66137e-05	6.05774e-05	1.17856	1.17839	1.17856	
0.993102	0.993096	0.993102	0.00751052	7.00906e-05	0.993102	0.993102	5.23642e-05	0.0419556	0.993102	0.993102	4.23386e-24	0.993102	0.993102	0.993085	0.00143778	1.4375e-13	1.2408e-13	0.103178	0.103753	0.993101	0.993102	2.64191e-05	0.00107395	0.00107243	2.64881e-05	6.04577e-05	1.18049	1.18035	1.18049	
0.993102	0.993095	0.993102	0.00753968	6.94005e-05	0.993102	0.993102	5.17503e-05	0.0423163	0.993102	0.993102	4.13854e-24	0.993102	0.993102	0.993085	0.00143771	1.42209e-13	1.22624e-13	0.104276	0.10486	0.993101	0.993102	2.60793e-05	0.00107173	0.00107022	2.61493e-05	5.98012e-05	1.18074	1.1806	1.18074	
0.993102	0.993095	0.993102	0.00757755	6.88102e-05	0.993102	0.993102	5.12215e-05	0.0425622	0.993102	0.993102	4.05125e-24	0.993102	0.993102	0.993085	0.00143547	1.40884e-13	1.2137e-13	0.105233	0.105824	0.993101	0.993102	2.57486e-05	0.00106813	0.00106663	2.5819e-05	5.92382e-05	1.18115	1.181	1.18115	
0.993102	0.993095	0.993102	0.00761831	6.82434e-05	0.993102	0.993102	5.07142e-05	0.0427811	0.993102	0.993102	3.96657e-24	0.993102	0.993102	0.993085	0.0014326	1.39613e-13	1.20167e-13	0.106166	0.106764	0.993101	0.993102	2.54199e-05	0.00106413	0.00106265	2.54907e-05	5.86974e-05	1.18203	1.18188	1.18203	
0.993102	0.993095	0.993102	0.00766048	6.7541e-05	0.993102	0.993102	5.01089e-05	0.0430832	0.993102	0.993102	3.86766e-24	0.993102	0.993102	0.993085	0.00142947	1.38065e-13	1.18731e-13	0.107318	0.107922	0.993101	0.993102	2.50403e-05	0.00105997	0.00105851	2.51109e-05	5.80428e-05	1.18238	1.18223	1.18238	
0.993102	0.993095	0.993102	0.00770714	6.69146e-05	0.993102	0.993102	4.95611e-05	0.0433193	0.993102	0.993102	3.77659e-24	0.993102	0.993102	0.993085	0.00142559	1.36674e-13	1.17432e-13	0.108375	0.108984	0.993101	0.993102	2.46784e-05	0.00105527	0.00105383	2.47488e-05	5.74542e-05	1.18285	1.18269	1.18285	
0.993102	0.993095	0.993102	0.00775503	6.6309e-05	0.993102	0.993102	4.90279e-05	0.0435462	0.993102	0.993102	3.68896e-24	0.993102	0.993102	0.993085	0.00142172	1.35328e-13	1.16167e-13	0.10942	0.110037	0.993101	0.993102	2.43246e-05	0.00105051	0.00104909	2.43954e-05	5.68814e-05	1.1819	1.18169	1.1819	
0.993102	0.993095	0.993102	0.00780365	6.61817e-05	0.993102	0.993102	4.88451e-05	0.0434817	0.993102	0.993102	3.6545e-24	0.993102	0.993102	0.993085	0.00141833	1.34991e-13	1.15732e-13	0.109726	0.110376	0.993101	0.993102	2.41446e-05	0.00104576	0.00104436	2.42232e-05	5.67008e-05	1.18326	1.18308	1.18326	
0.993102	0.993095	0.993102	0.00784134	6.56591e-05	0.993102	0.993102	4.83715e-05	0.0437256	0.993102	0.993102	3.58283e-24	0.993102	0.993102	0.993085	0.00141668	1.33814e-13	1.14609e-13	0.110676	0.111336	0.993101	0.993102	2.38584e-05	0.00104254	0.00104115	2.39379e-05	5.61974e-05	1.18335	1.18315	1.18335	
0.993102	0.993095	0.993102	0.00788228	6.52511e-05	0.993102	0.993102	4.79869e-05	0.0438797	0.993102	0.993102	3.52301e-24	0.993102	0.993102	0.993085	0.00141441	1.32887e-13	1.13697e-13	0.111441	0.112119	0.993101	0.993102	2.36056e-05	0.00103886	0.00103749	2.36882e-05	5.57899e-05	1.18377	1.18357	1.18377	
0.993102	0.993095	0.993102	0.00792239	6.48224e-05	0.993102	0.993102	4.75896e-05	0.0440526	0.993102	0.993102	3.46214e-24	0.993102	0.993102	0.993085	0.0014122	1.31916e-13	1.12754e-13	0.112253	0.112944	0.993101	0.993102	2.33501e-05	0.00103531	0.00103395	2.34346e-05	5.53689e-05	1.18387	1.18365	1.18387	
0.993102	0.993095	0.993102	0.00796261	6.44836e-05	0.993102	0.993102	4.72603e-05	0.0441695	0.993102	0.993102	3.41151e-24	0.993102	0.993102	0.993084	0.00141002	1.31137e-13	1.11973e-13	0.112922	0.113632	0.993101	0.993102	2.31284e-05	0.00103176	0.00103042	2.32162e-05	5.50225e-05	1.18365	1.1834	1.18365	
0.993102	0.993095	0.993102	0.00800069	6.43131e-05	0.993102	0.993102	4.70556e-05	0.0441935	0.993102	0.993102	3.38023e-24	0.993102	0.993102	0.993084	0.00140841	1.30723e-13	1.11487e-13	0.113311	0.114055	0.993101	0.993102	2.2974e-05	0.0010285	0.00102717	2.30688e-05	5.48123e-05	1.18394	1.18368	1.18394	
0.993102	0.993095	0.993102	0.00803326	6.41049e-05	0.993102	0.993102	4.68259e-05	0.0442688	0.993102	0.993102	3.34755e-24	0.993102	0.993102	0.993084	0.00140759	1.30226e-13	1.10942e-13	0.113769	0.11454	0.993101	0.993102	2.28229e-05	0.00102594	0.00102461	2.29232e-05	5.45752e-05	1.18398	1.18368	1.18398	
0.993102	0.993095	0.993102	0.00806335	6.39486e-05	0.993102	0.993102	4.66385e-05	0.0443233	0.993102	0.993102	3.32181e-24	0.993102	0.993102	0.993084	0.00140714	1.29853e-13	1.10497e-13	0.11413	0.114938	0.993101	0.993102	2.26976e-05	0.00102363	0.00102232	2.28056e-05	5.43797e-05	1.18458	1.18431	1.18458	
0.993102	0.993095	0.993102	0.00809055	6.36499e-05	0.993102	0.993102	4.63525e-05	0.0444776	0.993102	0.993102	3.2824e-24	0.993102	0.993102	0.993084	0.00140671	1.29174e-13	1.09819e-13	0.114736	0.115564	0.993101	0.993102	2.25304e-05	0.00102162	0.00102032	2.26416e-05	5.40764e-05	1.18539	1.18515	1.18539	
0.993102	0.993095	0.993102	0.00811944	6.3179e-05	0.993102	0.993102	4.59469e-05	0.0447311	0.993102	0.993102	3.22496e-24	0.993102	0.993102	0.993084	0.0014055	1.28131e-13	1.08857e-13	0.115643	0.116474	0.993101	0.993102	2.22988e-05	0.00101933	0.00101804	2.24088e-05	5.36395e-05	1.18622	1.18602	1.18622	
0.993102	0.993095	0.993102	0.00815387	6.25804e-05	0.993102	0.993102	4.54521e-05	0.0450374	0.993102	0.993102	3.15299e-24	0.993102	0.993102	0.993084	0.00140293	1.26807e-13	1.07684e-13	0.116797	0.117611	0.993101	0.993102	2.20091e-05	0.00101633	0.00101504	2.21132e-05	5.31071e-05	1.18556	1.18529	1.18556	
0.993102	0.993095	0.993102	0.00819518	6.23465e-05	0.993102	0.993102	4.52211e-05	0.0450694	0.993102	0.993102	3.11578e-24	0.993102	0.993102	0.993084	0.0013998	1.26269e-13	1.07136e-13	0.117296	0.118129	0.993101	0.993102	2.183e-05	0.00101252	0.00101125	2.1937e-05	5.28639e-05	1.18656	1.18635	1.18656	
0.993102	0.993094	0.993102	0.00823086	6.18772e-05	0.993102	0.993102	4.48175e-05	0.0452928	0.993102	0.993102	3.05766e-24	0.993102	0.993102	0.993084	0.00139744	1.25212e-13	1.06179e-13	0.118251	0.119072	0.993101	0.993102	2.15866e-05	0.00100952	0.00100825	2.16894e-05	5.24363e-05	1.18714	1.18696	1.18714	
0.993102	0.993094	0.993102	0.00826988	6.13604e-05	0.993102	0.993102	4.43804e-05	0.0455334	0.993102	0.993102	2.99438e-24	0.993102	0.993102	0.993084	0.00139442	1.24048e-13	1.05143e-13	0.119314	0.120112	0.993101	0.993102	2.13205e-05	0.00100614	0.00100489	2.14169e-05	5.19739e-05	1.18667	1.18643	1.18667	
0.993102	0.993094	0.993102	0.00831248	6.11295e-05	0.993102	0.993102	4.41484e-05	0.0455663	0.993102	0.993102	2.95841e-24	0.993102	0.993102	0.993084	0.00139138	1.23498e-13	1.04592e-13	0.119848	0.120654	0.993101	0.993102	2.11457e-05	0.0010024	0.00100117	2.12426e-05	5.17368e-05	1.1868	1.18656	1.1868	
0.993102	0.993094	0.993102	0.00834934	6.09287e-05	0.993102	0.993102	4.39361e-05	0.045614	0.993102	0.993102	2.92782e-24	0.993102	0.993102	0.993084	0.0013895	1.23006e-13	1.04088e-13	0.120341	0.121155	0.993101	0.993102	2.09974e-05	0.000999444	0.000998217	2.10951e-05	5.15237e-05	1.18741	1.1872	1.18741	
0.993102	0.993094	0.993102	0.00838207	6.0608e-05	0.993102	0.993102	4.36388e-05	0.0457638	0.993102	0.993102	2.88729e-24	0.993102	0.993102	0.993084	0.00138801	1.2225e-13	1.03383e-13	0.121076	0.121878	0.993101	0.993102	2.08198e-05	0.00099699	0.000995772	2.09138e-05	5.12204e-05	1.18742	1.18721	1.18742	
0.993102	0.993094	0.993102	0.0084157	6.03724e-05	0.993102	0.993102	4.34054e-05	0.0458477	0.993102	0.993102	2.85489e-24	0.993102	0.993102	0.993084	0.00138635	1.21676e-13	1.0283e-13	0.121652	0.122447	0.993101	0.993102	2.06697e-05	0.000994405	0.000993197	2.07615e-05	5.09876e-05	1.18763	1.18742	1.18763	
0.993102	0.993094	0.993102	0.00844731	6.01442e-05	0.993102	0.993102	4.31791e-05	0.0459378	0.993102	0.993102	2.82424e-24	0.993102	0.993102	0.993084	0.001385	1.21122e-13	1.02293e-13	0.122213	0.123004	0.993101	0.993102	2.05278e-05	0.000992053	0.000990853	2.06179e-05	5.07608e-05	1.18803	1.18786	1.18803	
0.993102	0.993094	0.993102	0.00847752	5.98628e-05	0.993102	0.993102	4.29173e-05	0.0460676	0.993102	0.993102	2.78908e-24	0.993102	0.993102	0.993084	0.00138358	1.20447e-13	1.01672e-13	0.122889	0.12366	0.993101	0.993102	2.03721e-05	0.000989845	0.000988653	2.04574e-05	5.0498e-05	1.18808	1.18789	1.18808	
0.993102	0.993094	0.993102	0.00850828	5.96487e-05	0.993102	0.993102	4.2706e-05	0.0461463	0.993102	0.993102	2.76037e-24	0.993102	0.993102	0.993084	0.00138208	1.1992e-13	1.01171e-13	0.123433	0.124191	0.993101	0.993102	2.02383e-05	0.00098755	0.000986365	2.03206e-05	5.02894e-05	1.18783	1.18763	1.18783	
0.993102	0.993094	0.993102	0.00853734	5.95715e-05	0.993102	0.993102	4.25939e-05	0.0461356	0.993102	0.993102	2.74511e-24	0.993102	0.993102	0.993084	0.00138093	1.19682e-13	1.00905e-13	0.123713	0.124469	0.993101	0.993102	2.01551e-05	0.000985442	0.000984265	2.02365e-05	5.0192e-05	1.18778	1.18758	1.18778	
0.993102	0.993094	0.993102	0.00856113	5.95356e-05	0.993102	0.993102	4.25132e-05	0.0461222	0.993102	0.993102	2.73555e-24	0.993102	0.993102	0.993084	0.00138061	1.19535e-13	1.00713e-13	0.12391	0.124668	0.993101	0.993102	2.00983e-05	0.000983916	0.000982745	2.018e-05	5.01279e-05	1.18754	1.18732	1.18754	
0.993102	0.993094	0.993102	0.00858041	5.95901e-05	0.993102	0.993102	4.25005e-05	0.0460633	0.993102	0.993102	2.73587e-24	0.993102	0.993102	0.993084	0.00138089	1.19582e-13	1.00683e-13	0.123928	0.124695	0.993101	0.993102	2.0082e-05	0.000982839	0.000981674	2.01653e-05	5.01391e-05	1.18787	1.18768	1.18787	
0.993102	0.993094	0.993102	0.00859396	5.95372e-05	0.993102	0.993102	4.24162e-05	0.046099	0.993102	0.993102	2.72768e-24	0.993102	0.993102	0.993084	0.00138156	1.19399e-13	1.00483e-13	0.12415	0.124908	0.993101	0.993102	2.00424e-05	0.000982325	0.000981162	2.01238e-05	5.00714e-05	1.18801	1.18782	1.18801	
0.993102	0.993094	0.993102	0.0086068	5.94604e-05	0.993102	0.993102	4.2321e-05	0.0461483	0.993102	0.993102	2.71749e-24	0.993102	0.993102	0.993084	0.001382	1.1918e-13	1.00257e-13	0.1244	0.125151	0.993101	0.993102	1.99953e-05	0.000981763	0.000980603	2.00752e-05	4.99863e-05	1.18815	1.18795	1.18814	
0.993102	0.993094	0.993102	0.00861966	5.93657e-05	0.993102	0.993102	4.22178e-05	0.0462072	0.993102	0.993102	2.70579e-24	0.993102	0.993102	0.993084	0.00138224	1.1894e-13	1.00013e-13	0.124665	0.125417	0.993101	0.993102	1.99414e-05	0.000981099	0.000979941	2.00211e-05	4.98855e-05	1.18832	1.18814	1.18832	
0.993102	0.993094	0.993102	0.00863294	5.92456e-05	0.993102	0.993102	4.21003e-05	0.0462746	0.993102	0.993102	2.69143e-24	0.993102	0.993102	0.993084	0.00138209	1.18645e-13	9.9734e-14	0.124978	0.125722	0.993101	0.993102	1.98775e-05	0.000980311	0.000979156	1.99554e-05	4.97693e-05	1.18852	1.18834	1.18852	
0.993102	0.993094	0.993102	0.00864696	5.91027e-05	0.993102	0.993102	4.19692e-05	0.0463516	0.993102	0.993102	2.67478e-24	0.993102	0.993102	0.993084	0.00138165	1.18307e-13	9.94232e-14	0.125329	0.126065	0.993101	0.993102	1.9804e-05	0.000979389	0.000978237	1.98799e-05	4.9636e-05	1.18877	1.18861	1.18877	
0.993102	0.993094	0.993102	0.00866201	5.89241e-05	0.993102	0.993102	4.18144e-05	0.0464473	0.993102	0.993102	2.65459e-24	0.993102	0.993102	0.993084	0.00138091	1.17896e-13	9.90563e-14	0.125749	0.126473	0.993101	0.993102	1.97161e-05	0.000978321	0.000977171	1.97894e-05	4.9475e-05	1.1888	1.18863	1.1888	
0.993102	0.993094	0.993102	0.00867875	5.87881e-05	0.993102	0.993102	4.16906e-05	0.0465023	0.993102	0.993102	2.63782e-24	0.993102	0.993102	0.993083	0.0013799	1.17575e-13	9.87628e-14	0.126085	0.1268	0.993101	0.993102	1.96387e-05	0.000977051	0.000975905	1.97099e-05	4.93492e-05	1.18864	1.18847	1.18863	
0.993102	0.993094	0.993102	0.00869514	5.8739e-05	0.993102	0.993102	4.16283e-05	0.0464951	0.993102	0.993102	2.62901e-24	0.993102	0.993102	0.993083	0.001379	1.1743e-13	9.86149e-14	0.126256	0.126964	0.993101	0.993102	1.95913e-05	0.00097583	0.000974688	1.9661e-05	4.92948e-05	1.18866	1.1885	1.18866	
0.993102	0.993094	0.993102	0.00870853	5.86992e-05	0.993102	0.993102	4.15726e-05	0.0464961	0.993102	0.993102	2.62195e-24	0.993102	0.993102	0.993083	0.00137856	1.17302e-13	9.84827e-14	0.126411	0.12711	0.993101	0.993102	1.95538e-05	0.000974951	0.000973812	1.96219e-05	4.92488e-05	1.18895	1.1888	1.18895	
0.993102	0.993094	0.993102	0.00871975	5.85883e-05	0.993102	0.993102	4.14681e-05	0.0465584	0.993102	0.993102	2.60914e-24	0.993102	0.993102	0.993083	0.00137833	1.1703e-13	9.82349e-14	0.126702	0.127389	0.993101	0.993102	1.94975e-05	0.000974288	0.000973152	1.95631e-05	4.91462e-05	1.1889	1.18874	1.1889	
0.993102	0.993094	0.993102	0.00873187	5.85246e-05	0.993102	0.993102	4.13987e-05	0.0465799	0.993102	0.993102	2.60035e-24	0.993102	0.993102	0.993083	0.00137791	1.1686e-13	9.80704e-14	0.126895	0.127574	0.993101	0.993102	1.94545e-05	0.000973486	0.000972352	1.95187e-05	4.90817e-05	1.18887	1.18872	1.18886	
0.993102	0.993094	0.993102	0.00874294	5.84898e-05	0.993102	0.993102	4.1351e-05	0.0465825	0.993102	0.993102	2.59439e-24	0.993102	0.993102	0.993083	0.00137757	1.16748e-13	9.79571e-14	0.127031	0.127701	0.993101	0.993102	1.94234e-05	0.00097278	0.000971649	1.94858e-05	4.90429e-05	1.18929	1.18917	1.18929	
0.993102	0.993094	0.993102	0.00875231	5.83416e-05	0.993102	0.993102	4.12244e-05	0.0466754	0.993102	0.993102	2.57874e-24	0.993102	0.993102	0.993083	0.00137731	1.16402e-13	9.76571e-14	0.127392	0.128044	0.993101	0.993102	1.93583e-05	0.00097224	0.00097111	1.94173e-05	4.89137e-05	1.18936	1.18924	1.18936	
0.993102	0.993094	0.993102	0.00876422	5.8214e-05	0.993102	0.993102	4.1114e-05	0.0467382	0.993102	0.993102	2.56425e-24	0.993102	0.993102	0.993083	0.00137658	1.16103e-13	9.73956e-14	0.127706	0.128344	0.993101	0.993102	1.92943e-05	0.000971381	0.000970254	1.93503e-05	4.88016e-05	1.18946	1.18934	1.18946	
0.993102	0.993094	0.993102	0.00877695	5.80927e-05	0.993102	0.993102	4.10083e-05	0.0467933	0.993102	0.993102	2.55016e-24	0.993102	0.993102	0.993083	0.00137574	1.15819e-13	9.71449e-14	0.128007	0.128632	0.993101	0.993102	1.92306e-05	0.000970431	0.000969307	1.92842e-05	4.86937e-05	1.18961	1.1895	1.18961	
0.993102	0.993094	0.993102	0.00879002	5.79611e-05	0.993102	0.993102	4.08952e-05	0.0468542	0.993102	0.993102	2.5351e-24	0.993102	0.993102	0.993083	0.00137485	1.15512e-13	9.68768e-14	0.128332	0.128942	0.993101	0.993102	1.91631e-05	0.000969452	0.00096833	1.92137e-05	4.85781e-05	1.18943	1.18932	1.18943	
0.993102	0.993094	0.993102	0.00880364	5.79193e-05	0.993102	0.993102	4.08452e-05	0.0468454	0.993102	0.993102	2.52783e-24	0.993102	0.993102	0.993083	0.00137395	1.15388e-13	9.6758e-14	0.128479	0.129078	0.993101	0.993102	1.91241e-05	0.000968422	0.000967303	1.91727e-05	4.85356e-05	1.18952	1.18942	1.18952	
0.993102	0.993093	0.993102	0.00881466	5.78658e-05	0.993102	0.993102	4.07865e-05	0.0468586	0.993102	0.993102	2.52026e-24	0.993102	0.993102	0.993083	0.00137345	1.15237e-13	9.66189e-14	0.128654	0.129239	0.993101	0.993102	1.90871e-05	0.000967693	0.000966577	1.91333e-05	4.84845e-05	1.18986	1.18977	1.18986	
0.993102	0.993093	0.993102	0.00882445	5.77308e-05	0.993102	0.993102	4.06712e-05	0.0469402	0.993102	0.993102	2.506e-24	0.993102	0.993102	0.993083	0.00137308	1.14924e-13	9.63456e-14	0.128988	0.129558	0.993101	0.993102	1.90259e-05	0.000967084	0.00096597	1.90693e-05	4.83659e-05	1.18957	1.18947	1.18957	
0.993102	0.993093	0.993102	0.00883626	5.77157e-05	0.993102	0.993102	4.06414e-05	0.0469213	0.993102	0.993102	2.50177e-24	0.993102	0.993102	0.993083	0.00137248	1.14863e-13	9.62749e-14	0.129073	0.129639	0.993101	0.993102	1.89997e-05	0.000966231	0.000965119	1.90425e-05	4.83432e-05	1.18978	1.18968	1.18978	
0.993102	0.993093	0.993102	0.00884531	5.76485e-05	0.993102	0.993102	4.0575e-05	0.046955	0.993102	0.993102	2.49374e-24	0.993102	0.993102	0.993083	0.00137224	1.14694e-13	9.61174e-14	0.129265	0.129823	0.993101	0.993102	1.89623e-05	0.000965684	0.000964574	1.90036e-05	4.82793e-05	1.18983	1.18974	1.18983	
0.993102	0.993093	0.993102	0.00885437	5.75858e-05	0.993102	0.993102	4.05129e-05	0.046984	0.993102	0.993102	2.48611e-24	0.993102	0.993102	0.993083	0.00137195	1.14536e-13	9.597e-14	0.129445	0.129996	0.993101	0.993102	1.89263e-05	0.000965111	0.000964003	1.89662e-05	4.82192e-05	1.18985	1.18976	1.18985	
0.993102	0.993093	0.993102	0.00886325	5.75351e-05	0.993102	0.993102	4.046e-05	0.0470039	0.993102	0.993102	2.47959e-24	0.993102	0.993102	0.993083	0.00137165	1.14404e-13	9.58448e-14	0.129598	0.130143	0.993101	0.993102	1.88945e-05	0.000964541	0.000963435	1.89332e-05	4.81692e-05	1.18972	1.18963	1.18972	
0.993102	0.993093	0.993102	0.00887157	5.7538e-05	0.993102	0.993102	4.04455e-05	0.0469849	0.993102	0.993102	2.47787e-24	0.993102	0.993102	0.993083	0.00137142	1.14383e-13	9.58103e-14	0.129642	0.130183	0.993101	0.993102	1.88813e-05	0.000964017	0.000962913	1.89194e-05	4.81632e-05	1.18966	1.18956	1.18965	
0.993102	0.993093	0.993102	0.00887769	5.75619e-05	0.993102	0.993102	4.04466e-05	0.0469603	0.993102	0.993102	2.47862e-24	0.993102	0.993102	0.993083	0.00137151	1.14406e-13	9.58127e-14	0.12964	0.130179	0.993101	0.993102	1.88795e-05	0.000963717	0.000962614	1.89174e-05	4.81746e-05	1.18995	1.18986	1.18995	
0.993102	0.993093	0.993102	0.00888172	5.74968e-05	0.993102	0.993102	4.03867e-05	0.0470106	0.993102	0.993102	2.47212e-24	0.993102	0.993102	0.993083	0.00137174	1.14248e-13	9.56707e-14	0.129817	0.130347	0.993101	0.993102	1.88528e-05	0.000963613	0.00096251	1.88891e-05	4.81153e-05	1.18995	1.18986	1.18995	
0.993102	0.993093	0.993102	0.00888733	5.74486e-05	0.993102	0.993102	4.03405e-05	0.0470377	0.993102	0.993102	2.46664e-24	0.993102	0.993102	0.993083	0.00137163	1.14129e-13	9.55612e-14	0.129952	0.130477	0.993101	0.993102	1.88278e-05	0.00096329	0.000962188	1.88631e-05	4.80701e-05	1.19	1.18992	1.19	
0.993102	0.993093	0.993102	0.00889323	5.74e-05	0.993102	0.993102	4.02949e-05	0.0470617	0.993102	0.993102	2.46101e-24	0.993102	0.993102	0.993083	0.0013714	1.14009e-13	9.54531e-14	0.130087	0.130605	0.993101	0.993102	1.8802e-05	0.000962917	0.000961817	1.8836e-05	4.80257e-05	1.19004	1.18996	1.19004	
0.993102	0.993093	0.993102	0.00889924	5.73545e-05	0.993102	0.993102	4.02519e-05	0.0470822	0.993102	0.993102	2.45561e-24	0.993102	0.993102	0.993083	0.00137113	1.13896e-13	9.53514e-14	0.130214	0.130725	0.993101	0.993102	1.87768e-05	0.000962522	0.000961422	1.88096e-05	4.79839e-05	1.19012	1.19004	1.19012	
0.993102	0.993093	0.993102	0.00890518	5.72996e-05	0.993102	0.993102	4.02028e-05	0.0471096	0.993102	0.993102	2.44942e-24	0.993102	0.993102	0.993083	0.00137084	1.13764e-13	9.52349e-14	0.130361	0.130864	0.993101	0.993102	1.87487e-05	0.000962126	0.000961028	1.87802e-05	4.79349e-05	1.19023	1.19016	1.19023	
0.993102	0.993093	0.993102	0.00891139	5.72279e-05	0.993102	0.993102	4.01421e-05	0.0471489	0.993102	0.993102	2.44174e-24	0.993102	0.993102	0.993083	0.0013705	1.136e-13	9.5091e-14	0.130539	0.131036	0.993101	0.993102	1.87145e-05	0.000961698	0.0009606	1.87448e-05	4.78716e-05	1.1902	1.19012	1.1902	
0.993102	0.993093	0.993102	0.00891834	5.71842e-05	0.993102	0.993102	4.01012e-05	0.047164	0.993102	0.993102	2.43636e-24	0.993102	0.993102	0.993083	0.00137009	1.13496e-13	9.49941e-14	0.130658	0.131152	0.993101	0.993102	1.86879e-05	0.000961186	0.00096009	1.87177e-05	4.783e-05	1.19029	1.19021	1.19029	
0.993102	0.993093	0.993102	0.00892483	5.71285e-05	0.993102	0.993102	4.00517e-05	0.0471908	0.993102	0.993102	2.43006e-24	0.993102	0.993102	0.993083	0.00136976	1.13367e-13	9.48766e-14	0.130802	0.131293	0.993101	0.993102	1.86584e-05	0.000960731	0.000959636	1.86876e-05	4.77788e-05	1.19028	1.19021	1.19028	
0.993102	0.993093	0.993102	0.00893147	5.70909e-05	0.993102	0.993102	4.00148e-05	0.0472025	0.993102	0.993102	2.42525e-24	0.993102	0.993102	0.993083	0.0013694	1.13273e-13	9.47892e-14	0.130911	0.131397	0.993101	0.993102	1.86345e-05	0.00096026	0.000959166	1.8663e-05	4.77428e-05	1.19057	1.19052	1.19057	
0.993102	0.993093	0.993102	0.00893756	5.69803e-05	0.993102	0.993102	3.99269e-05	0.0472724	0.993102	0.993102	2.41432e-24	0.993102	0.993102	0.993083	0.00136904	1.13028e-13	9.45807e-14	0.131174	0.13165	0.993101	0.993102	1.85881e-05	0.000959851	0.000958758	1.86147e-05	4.76487e-05	1.19061	1.19056	1.19061	
0.993102	0.993093	0.993102	0.00894578	5.68885e-05	0.993102	0.993102	3.98522e-05	0.0473175	0.993102	0.993102	2.40446e-24	0.993102	0.993102	0.993083	0.00136838	1.12823e-13	9.44038e-14	0.131396	0.131864	0.993101	0.993102	1.85434e-05	0.000959207	0.000958117	1.85685e-05	4.75692e-05	1.19071	1.19065	1.19071	
0.993102	0.993093	0.993102	0.00895469	5.67953e-05	0.993102	0.993102	3.9776e-05	0.0473612	0.993102	0.993102	2.39435e-24	0.993102	0.993102	0.993083	0.00136766	1.12614e-13	9.42231e-14	0.131624	0.132083	0.993101	0.993102	1.84971e-05	0.000958508	0.000957419	1.85207e-05	4.74884e-05	1.19066	1.1906	1.19066	
0.993102	0.993093	0.993102	0.00896413	5.67425e-05	0.993102	0.993102	3.97272e-05	0.0473728	0.993102	0.993102	2.38757e-24	0.993102	0.993102	0.993083	0.00136695	1.12486e-13	9.41074e-14	0.131771	0.132223	0.993101	0.993102	1.8463e-05	0.000957774	0.000956687	1.84856e-05	4.74396e-05	1.19067	1.19062	1.19067	
0.993102	0.993093	0.993102	0.00897256	5.67019e-05	0.993102	0.993102	3.96862e-05	0.047381	0.993102	0.993102	2.38212e-24	0.993102	0.993102	0.993083	0.00136644	1.12382e-13	9.40101e-14	0.131895	0.132341	0.993101	0.993102	1.84352e-05	0.000957168	0.000956083	1.84567e-05	4.74009e-05	1.19069	1.19064	1.19069	
0.993102	0.993093	0.993102	0.00897999	5.66695e-05	0.993102	0.993102	3.96506e-05	0.0473883	0.993102	0.993102	2.37765e-24	0.993102	0.993102	0.993083	0.00136611	1.12293e-13	9.39258e-14	0.132004	0.132444	0.993101	0.993102	1.84122e-05	0.000956675	0.000955592	1.84327e-05	4.73686e-05	1.19086	1.19081	1.19086	
0.993102	0.993093	0.993102	0.00898655	5.65987e-05	0.993102	0.993102	3.95886e-05	0.0474298	0.993102	0.993102	2.37018e-24	0.993102	0.993102	0.993083	0.00136587	1.12127e-13	9.37787e-14	0.132191	0.132624	0.993101	0.993102	1.83785e-05	0.000956271	0.000955189	1.83977e-05	4.73051e-05	1.19086	1.19082	1.19086	
0.993102	0.993093	0.993102	0.00899391	5.65455e-05	0.993102	0.993102	3.95394e-05	0.0474523	0.993102	0.993102	2.36396e-24	0.993102	0.993102	0.993083	0.00136548	1.11998e-13	9.36622e-14	0.132342	0.132767	0.993101	0.993102	1.83488e-05	0.000955769	0.000954688	1.83668e-05	4.72566e-05	1.19086	1.19082	1.19086	
0.993102	0.993093	0.993102	0.00900111	5.65099e-05	0.993102	0.993102	3.95026e-05	0.0474627	0.993102	0.993102	2.35932e-24	0.993102	0.993102	0.993083	0.00136514	1.11905e-13	9.35748e-14	0.132454	0.132874	0.993101	0.993102	1.83252e-05	0.000955284	0.000954205	1.83424e-05	4.72217e-05	1.19101	1.19098	1.19101	
0.993102	0.993093	0.993102	0.0090076	5.64415e-05	0.993102	0.993102	3.9443e-05	0.0475021	0.993102	0.993102	2.35212e-24	0.993102	0.993102	0.993083	0.00136488	1.11747e-13	9.34337e-14	0.132634	0.133047	0.993101	0.993102	1.82925e-05	0.000954872	0.000953794	1.83085e-05	4.71602e-05	1.19107	1.19104	1.19107	
0.993102	0.993093	0.993102	0.00901483	5.63755e-05	0.993102	0.993102	3.93856e-05	0.0475354	0.993102	0.993102	2.34493e-24	0.993102	0.993102	0.993083	0.00136449	1.11594e-13	9.32974e-14	0.132809	0.133216	0.993101	0.993102	1.82589e-05	0.000954374	0.000953297	1.82739e-05	4.71009e-05	1.19102	1.19099	1.19102	
0.993102	0.993093	0.993102	0.00902239	5.6341e-05	0.993102	0.993102	3.935e-05	0.0475428	0.993102	0.993102	2.34032e-24	0.993102	0.993102	0.993083	0.00136408	1.11505e-13	9.32131e-14	0.132917	0.13332	0.993101	0.993102	1.82349e-05	0.000953841	0.000952766	1.82492e-05	4.70669e-05	1.19102	1.19098	1.19102	
0.993102	0.993093	0.993102	0.00902907	5.6319e-05	0.993102	0.993102	3.93232e-05	0.047545	0.993102	0.993102	2.33701e-24	0.993102	0.993102	0.993083	0.00136382	1.11442e-13	9.31494e-14	0.132999	0.133398	0.993101	0.993102	1.82168e-05	0.000953406	0.000952333	1.82306e-05	4.7043e-05	1.19111	1.19108	1.19111	
0.993102	0.993093	0.993102	0.00903477	5.62792e-05	0.993102	0.993102	3.92841e-05	0.0475661	0.993102	0.993102	2.33247e-24	0.993102	0.993102	0.993083	0.00136369	1.11344e-13	9.30567e-14	0.133117	0.133513	0.993101	0.993102	1.81949e-05	0.000953071	0.000951998	1.82081e-05	4.70045e-05	1.19114	1.19111	1.19114	
0.993102	0.993093	0.993102	0.0090405	5.6242e-05	0.993102	0.993102	3.92475e-05	0.0475841	0.993102	0.993102	2.32814e-24	0.993102	0.993102	0.993083	0.00136352	1.11252e-13	9.29699e-14	0.133228	0.13362	0.993101	0.993102	1.81737e-05	0.000952718	0.000951647	1.81864e-05	4.69684e-05	1.19117	1.19114	1.19117	
