0.25	1.27727e-12	0.25	0.000618156	0.000618156	0.748882	0.998264	0.998263	0.748264	0.25	0.25	1.27727e-12	1.27727e-12	0.25	0.25	5.42631e-30	0.25	0.000618156	5.42631e-30	1.27727e-12	0.25	0.000618156	0.000618156	0.000618156	0.000618156	0.000618156	0.25	0	0	0	
0.993102	0.9931	0.993102	0.00640191	0.000116624	0.993102	0.993102	9.27369e-05	0.0391005	0.993102	0.993102	2.01255e-23	1.27727e-12	0.25	0.25	5.42631e-30	0.25	0.000618156	5.42631e-30	1.27727e-12	0.25	0.000618156	0.000618156	0.000618156	0.000618156	0.000618156	0.25	1.15551	1.12854	1.15551	
0.993102	0.9931	0.993102	0.00652484	0.000114572	0.993102	0.993102	9.0569e-05	0.0412244	0.993102	0.993102	1.97274e-23	0.25	0.437066	0.437063	0.000625655	0.187066	0.000462543	0.0100849	0.0169055	0.437065	0.250463	0.000473556	0.000746908	0.000746246	0.000481429	0.18708	0.993102	0.9931	0.993102	
0.993102	0.993099	0.993102	0.00670047	0.000788541	0.993101	0.993102	0.000610464	0.0311193	0.993102	0.993102	1.74795e-21	0.437066	0.57704	0.577038	0.000819941	0.139974	0.000346104	0.00824609	0.0133539	0.57704	0.437412	0.000625758	0.000831411	0.000830293	0.000631659	0.140603	0.995909	0.995907	0.995909	
0.993102	0.993099	0.993102	0.00649618	0.00125003	0.993101	0.993102	0.00096812	0.0236467	0.993102	0.993102	3.21066e-21	0.57704	0.681778	0.681777	0.00104385	0.104738	0.000258977	0.00688811	0.0107394	0.681778	0.577299	0.000782244	0.000963648	0.000957474	0.000786668	0.105793	0.998632	0.99863	0.998632	
0.993102	0.993099	0.993102	0.00611925	0.00155349	0.993101	0.993102	0.00121068	0.018144	0.993102	0.993102	4.37583e-21	0.681778	0.76015	0.760148	0.00127406	0.0783715	0.000193783	0.00589145	0.00882162	0.760149	0.681972	0.00093059	0.0011241	0.00110955	0.000933907	0.0797143	1.00124	1.00124	1.00124	
0.993102	0.993099	0.993102	0.0056845	0.00174199	0.993101	0.993102	0.00137097	0.0141116	0.993102	0.993102	5.24396e-21	0.76015	0.818792	0.818791	0.00149336	0.0586425	0.000145001	0.00516723	0.00742235	0.818792	0.760295	0.00106212	0.0012959	0.00127112	0.00106461	0.0601728	1.00543	1.00543	1.00543	
0.993102	0.993099	0.993102	0.00525315	0.00183029	0.993101	0.993102	0.00145736	0.0111939	0.993102	0.993102	5.71419e-21	0.818792	0.862673	0.862671	0.00169113	0.0438801	0.000108499	0.004676	0.0064391	0.862672	0.818901	0.00115943	0.00146601	0.00143051	0.0011613	0.0455084	1.00839	1.00839	1.00839	
0.993102	0.9931	0.993102	0.00485627	0.00186104	0.993101	0.993102	0.00150076	0.00909224	0.993102	0.993102	5.94723e-21	0.862673	0.895506	0.895505	0.00186212	0.0328339	8.11858e-05	0.00434585	0.00574911	0.895506	0.862754	0.00123193	0.0016249	0.0015794	0.00123333	0.0345079	1.0113	1.0113	1.0113	
0.993102	0.9931	0.993102	0.00450665	0.00185223	0.993101	0.993102	0.00151313	0.0075961	0.993102	0.993102	5.98938e-21	0.895506	0.920075	0.920074	0.00200516	0.0245684	6.07484e-05	0.00414028	0.00528068	0.920074	0.895567	0.00128033	0.00176722	0.00171307	0.00128138	0.0262509	1.01417	1.01416	1.01417	
0.993102	0.9931	0.993102	0.00420746	0.00181695	0.993101	0.993102	0.00150326	0.00654867	0.993102	0.993102	5.88604e-21	0.920075	0.938459	0.938457	0.00212157	0.0183836	4.54558e-05	0.00403185	0.00498047	0.938458	0.92012	0.00130687	0.00189046	0.00182933	0.00130766	0.0200485	1.01698	1.01698	1.01698	
0.993102	0.9931	0.993102	0.00395679	0.00176461	0.993101	0.993102	0.00147767	0.00583333	0.993102	0.993102	5.67787e-21	0.938459	0.952214	0.952213	0.00221408	0.0137558	3.40129e-05	0.00399986	0.00480881	0.952213	0.938493	0.0013146	0.00199415	0.00192777	0.0013152	0.0153853	1.01976	1.01975	1.01976	
0.993102	0.9931	0.993102	0.00375026	0.00170193	0.993101	0.993102	0.0014412	0.00536364	0.993102	0.993102	5.39914e-21	0.952214	0.962507	0.962506	0.00228597	0.010293	2.54506e-05	0.00402867	0.00473605	0.962506	0.95224	0.00130684	0.00207916	0.00200919	0.0013073	0.0118754	1.02248	1.02248	1.02248	
0.993102	0.9931	0.993102	0.0035825	0.00163361	0.993101	0.993102	0.00139747	0.00507565	0.993102	0.993102	5.0773e-21	0.962507	0.970209	0.970208	0.0023406	0.00770185	1.90438e-05	0.00410638	0.00474004	0.970208	0.962526	0.00128681	0.00214713	0.00207502	0.00128716	0.00922977	1.02515	1.02515	1.02515	
0.993102	0.993101	0.993102	0.00344805	0.00156294	0.993101	0.993102	0.00134919	0.00492211	0.993102	0.993102	4.73362e-21	0.970209	0.975972	0.975971	0.00238112	0.00576301	1.42498e-05	0.00422389	0.00480413	0.975971	0.970223	0.00125746	0.00220006	0.00212708	0.00125774	0.00723231	1.02777	1.02777	1.02777	
0.993102	0.993101	0.993102	0.00334175	0.00149214	0.993101	0.993102	0.00129836	0.00486822	0.993102	0.993102	4.38382e-21	0.975972	0.980284	0.980283	0.00241031	0.00431225	1.06626e-05	0.00437422	0.00491581	0.980283	0.975983	0.00122134	0.00224008	0.00216724	0.00122156	0.00572106	1.03034	1.03033	1.03034	
0.993102	0.993101	0.993102	0.00325893	0.0014227	0.993102	0.993102	0.00124647	0.00488833	0.993102	0.993102	4.03913e-21	0.980284	0.983511	0.983509	0.00243056	0.0032267	7.97842e-06	0.004552	0.00506565	0.98351	0.980292	0.00118059	0.00226922	0.00219732	0.00118075	0.00457479	1.03284	1.03284	1.03284	
0.993102	0.993101	0.993102	0.00319555	0.0013556	0.993102	0.993102	0.00119464	0.00496344	0.993102	0.993102	3.70737e-21	0.983511	0.985926	0.985924	0.00244382	0.00241442	5.96996e-06	0.00475288	0.00524633	0.985925	0.983517	0.00113695	0.00228936	0.00221901	0.00113708	0.00370271	1.03535	1.03534	1.03535	
0.993102	0.993101	0.993102	0.00314813	0.00129114	0.993102	0.993102	0.00114341	0.00508097	0.993102	0.993102	3.39217e-21	0.985926	0.987732	0.98773	0.00245168	0.00180662	4.46711e-06	0.00497493	0.00545383	0.987731	0.98593	0.00109158	0.00230214	0.00223378	0.00109168	0.00303653	1.0377	1.03769	1.0377	
0.993102	0.993101	0.993102	0.00311376	0.00123022	0.993102	0.993102	0.00109384	0.00522775	0.993102	0.993102	3.09898e-21	0.987732	0.989084	0.989082	0.0024554	0.00135183	3.34257e-06	0.00521252	0.00568072	0.989083	0.987735	0.00104603	0.00230897	0.00224291	0.00104612	0.00252585	1.04004	1.04004	1.04004	
0.993102	0.993101	0.993102	0.00308998	0.00117263	0.993102	0.993102	0.00104601	0.00539797	0.993102	0.993102	2.82757e-21	0.989084	0.990096	0.990094	0.00245599	0.00101153	2.50113e-06	0.00546526	0.00592561	0.990095	0.989086	0.00100082	0.00231107	0.0022475	0.00100089	0.00213212	1.04233	1.04233	1.04233	
0.993102	0.993101	0.993102	0.00307477	0.00111837	0.993102	0.993102	0.00100013	0.00558615	0.993102	0.993102	2.5781e-21	0.990096	0.990852	0.99085	0.00245422	0.000756888	1.8715e-06	0.00573154	0.00618606	0.990851	0.990097	0.000956515	0.00230945	0.00224847	0.000956578	0.00182667	1.04467	1.04467	1.04467	
0.993102	0.993101	0.993102	0.00306649	0.00106691	0.993102	0.993102	0.000955937	0.00579128	0.993102	0.993102	2.34845e-21	0.990852	0.991419	0.991417	0.00245067	0.000566352	1.40038e-06	0.00601335	0.00646367	0.991418	0.990854	0.000913141	0.00230491	0.00224655	0.000913195	0.00158755	1.04673	1.04673	1.04673	
0.993102	0.993101	0.993102	0.00306386	0.00101928	0.993102	0.993102	0.000914527	0.00600212	0.993102	0.993102	2.14177e-21	0.991419	0.991843	0.99184	0.00244575	0.00042378	1.04785e-06	0.00630096	0.0067477	0.991842	0.99142	0.000871945	0.00229806	0.00224231	0.000871992	0.00139972	1.04886	1.04886	1.04886	
0.993102	0.993101	0.993102	0.00306569	0.000974616	0.993102	0.993102	0.000875267	0.00622151	0.993102	0.993102	1.95428e-21	0.991843	0.99216	0.992157	0.00243987	0.000317099	7.8407e-07	0.00659858	0.00704246	0.992159	0.991843	0.000832512	0.00228951	0.00223633	0.000832554	0.00125037	1.05088	1.05088	1.05088	
0.993102	0.993101	0.993102	0.00307111	0.000932953	0.993102	0.993102	0.000838304	0.00644591	0.993102	0.993102	1.7852e-21	0.99216	0.992397	0.992394	0.00243326	0.000237274	5.86692e-07	0.00690346	0.00734486	0.992396	0.99216	0.000795102	0.00227967	0.00222897	0.00079514	0.00113055	1.0529	1.05289	1.0529	
0.993102	0.993101	0.993102	0.00307939	0.000893919	0.993102	0.993102	0.000803401	0.00667559	0.993102	0.993102	1.63242e-21	0.992397	0.992574	0.992572	0.00242612	0.000177543	4.39e-07	0.00721654	0.00765581	0.992573	0.992397	0.000759586	0.0022689	0.00222058	0.00075962	0.00103322	1.05491	1.05491	1.05491	
0.993102	0.993101	0.993102	0.00308999	0.000857132	0.993102	0.993102	0.000770294	0.00691158	0.993102	0.993102	1.49389e-21	0.992574	0.992707	0.992705	0.00241857	0.000132849	3.28488e-07	0.00753953	0.00797703	0.992706	0.992575	0.000725777	0.00225744	0.00221139	0.000725808	0.000952988	1.05684	1.05684	1.05684	
0.993102	0.993101	0.993102	0.00310247	0.000822661	0.993102	0.993102	0.000739103	0.00715073	0.993102	0.993102	1.36891e-21	0.992707	0.992807	0.992804	0.0024107	9.94063e-05	2.45796e-07	0.00786945	0.00830529	0.992806	0.992708	0.000693826	0.00224545	0.00220156	0.000693855	0.000886165	1.05884	1.05884	1.05884	
0.993102	0.993101	0.993102	0.00311648	0.000789899	0.993102	0.993102	0.000709334	0.00739756	0.993102	0.993102	1.255e-21	0.992807	0.992881	0.992878	0.00240259	7.43821e-05	1.83921e-07	0.00821164	0.00864617	0.99288	0.992807	0.000663305	0.00223311	0.00219127	0.000663332	0.000829366	1.06049	1.06048	1.06049	
0.993102	0.993101	0.993102	0.00313181	0.000759902	0.993102	0.993102	0.000681969	0.00763709	0.993102	0.993102	1.15409e-21	0.992881	0.992937	0.992934	0.00239422	5.56574e-05	1.37622e-07	0.00854958	0.00898232	0.992936	0.992881	0.000635126	0.00222047	0.00218058	0.000635152	0.000781495	1.06235	1.06234	1.06235	
0.993102	0.993101	0.993102	0.00314804	0.000731434	0.993102	0.993102	0.000655931	0.00788248	0.993102	0.993102	1.06227e-21	0.992937	0.992978	0.992975	0.00238577	4.16464e-05	1.02978e-07	0.00889764	0.00932887	0.992977	0.992937	0.000608337	0.00220777	0.0021697	0.000608361	0.000739804	1.0644	1.06439	1.0644	
0.993102	0.993101	0.993102	0.00316507	0.00070373	0.993102	0.993102	0.000630557	0.0081426	0.993102	0.993102	9.77093e-22	0.992978	0.99301	0.993006	0.00237721	3.11625e-05	7.70547e-08	0.00926658	0.00969697	0.993009	0.992978	0.000582324	0.00219501	0.00215866	0.000582347	0.000702386	1.06609	1.06609	1.06609	
0.993102	0.993101	0.993102	0.00318299	0.000677916	0.993102	0.993102	0.000606867	0.00839958	0.993102	0.993102	9.0058e-22	0.99301	0.993033	0.99303	0.00236841	2.33178e-05	5.76575e-08	0.00963677	0.010066	0.993032	0.99301	0.000557985	0.00218207	0.00214735	0.000558007	0.000669427	1.06801	1.06801	1.06801	
0.993102	0.993101	0.993102	0.00320155	0.000653027	0.993102	0.993102	0.000584013	0.00866674	0.993102	0.993102	8.30061e-22	0.993033	0.99305	0.993047	0.00235949	1.74478e-05	4.31434e-08	0.0100234	0.0104518	0.993049	0.993033	0.00053457	0.0021691	0.00213592	0.000534591	0.000639353	1.06947	1.06947	1.06947	
0.993102	0.993101	0.993102	0.0032208	0.000630319	0.993102	0.993102	0.00056312	0.00892143	0.993102	0.993102	7.67685e-22	0.99305	0.993063	0.99306	0.00235036	1.30556e-05	3.22829e-08	0.0104003	0.0108273	0.993062	0.99305	0.00051307	0.00215604	0.00212431	0.00051309	0.000612859	1.07098	1.07097	1.07098	
0.993102	0.993101	0.993102	0.00324039	0.000609242	0.993102	0.993102	0.000543705	0.00917087	0.993102	0.993102	7.11805e-22	0.993063	0.993073	0.99307	0.00234124	9.76901e-06	2.41564e-08	0.0107748	0.0112001	0.993072	0.993063	0.000493076	0.0021431	0.00211274	0.000493095	0.000589053	1.07333	1.07333	1.07333	
0.993102	0.993101	0.993102	0.00326017	0.00058724	0.993102	0.993102	0.000523499	0.00946178	0.993102	0.993102	6.57056e-22	0.993073	0.99308	0.993077	0.00233217	7.3098e-06	1.80756e-08	0.0112027	0.0116279	0.993079	0.993073	0.000472572	0.00213036	0.00210128	0.00047259	0.000565234	1.07471	1.07471	1.07471	
0.993102	0.993101	0.993102	0.00328082	0.000567311	0.993102	0.993102	0.000505167	0.00973373	0.993102	0.993102	6.08782e-22	0.99308	0.993086	0.993082	0.0023227	5.46966e-06	1.35256e-08	0.0116146	0.0120389	0.993085	0.99308	0.000453831	0.00211734	0.00208949	0.000453848	0.000544031	1.07615	1.07615	1.07615	
0.993102	0.993101	0.993102	0.00330186	0.00054887	0.993102	0.993102	0.000488188	0.00999713	0.993102	0.993102	5.65556e-22	0.993086	0.99309	0.993086	0.00231316	4.09274e-06	1.0121e-08	0.012021	0.0124438	0.993089	0.993086	0.000436438	0.00210437	0.00207767	0.000436455	0.000524732	1.07753	1.07753	1.07753	
0.993102	0.993101	0.993102	0.00332306	0.000531768	0.993102	0.993102	0.000472429	0.0102531	0.993102	0.993102	5.2678e-22	0.99309	0.993093	0.993089	0.00230365	3.06245e-06	7.57342e-09	0.0124223	0.0128435	0.993092	0.99309	0.000420284	0.00209157	0.00206596	0.0004203	0.00050708	1.07975	1.07975	1.07975	
0.993102	0.993101	0.993102	0.00334428	0.000513809	0.993102	0.993102	0.00045595	0.0105525	0.993102	0.993102	4.88531e-22	0.993093	0.993095	0.993091	0.00229427	2.29152e-06	5.66716e-09	0.0128807	0.0133018	0.993094	0.993093	0.000403676	0.00207901	0.00205444	0.000403692	0.000488911	1.07855	1.07855	1.07855	
0.993102	0.993101	0.993102	0.0033663	0.000503273	0.993102	0.993102	0.000446061	0.0106904	0.993102	0.993102	4.63999e-22	0.993095	0.993097	0.993093	0.0022845	1.71466e-06	4.24078e-09	0.0131448	0.01356	0.993096	0.993095	0.000392869	0.00206621	0.00204262	0.000392884	0.000477973	1.07877	1.07877	1.07877	
0.993102	0.993101	0.993102	0.00338609	0.000494941	0.993102	0.993102	0.000438154	0.0107971	0.993102	0.993102	4.4455e-22	0.993097	0.993098	0.993094	0.00227624	1.28302e-06	3.17347e-09	0.0133614	0.0137705	0.993097	0.993097	0.000384133	0.00205502	0.00203228	0.000384148	0.000469294	1.08468	1.08468	1.08468	
0.993102	0.993101	0.993102	0.00340356	0.000475574	0.993102	0.993102	0.000420567	0.0112159	0.993102	0.993102	4.09365e-22	0.993098	0.993099	0.993095	0.00226938	9.60037e-07	2.37482e-09	0.0139623	0.014377	0.993098	0.993098	0.000367376	0.0020454	0.0020234	0.00036739	0.000450357	1.08345	1.08345	1.08345	
0.993102	0.993101	0.993102	0.00342485	0.000463789	0.993102	0.993102	0.000409691	0.0114263	0.993102	0.993102	3.86278e-22	0.993099	0.9931	0.993096	0.0022601	7.18361e-07	1.77721e-09	0.0143222	0.0147344	0.993099	0.993099	0.000356153	0.0020336	0.00201239	0.000356166	0.000438668	1.08724	1.08724	1.08724	
0.993102	0.993101	0.993102	0.00344541	0.000447154	0.993102	0.993102	0.000394579	0.0118047	0.993102	0.993102	3.57488e-22	0.9931	0.993101	0.993096	0.00225139	5.37524e-07	1.33004e-09	0.0148963	0.0153116	0.9931	0.9931	0.000341504	0.00202243	0.00200196	0.000341518	0.000422497	1.0943	1.0943	1.0943	
0.993102	0.9931	0.993102	0.00346847	0.000421591	0.993102	0.993102	0.000371654	0.0125438	0.993102	0.993102	3.18738e-22	0.993101	0.993101	0.993096	0.00224127	4.02209e-07	9.95399e-10	0.0159537	0.0163826	0.9931	0.993101	0.000320179	0.00201	0.00199027	0.000320192	0.00039799	1.08388	1.08388	1.08388	
0.993102	0.9931	0.993102	0.00350018	0.000422717	0.993102	0.993102	0.000372159	0.0123605	0.993102	0.993102	3.15144e-22	0.993101	0.993101	0.993097	0.00222627	3.00959e-07	7.45046e-10	0.0158619	0.0162739	0.9931	0.993101	0.000318032	0.00199294	0.00197409	0.000318044	0.000398615	1.07363	1.07363	1.07363	
0.993102	0.9931	0.993102	0.00352174	0.000448035	0.993102	0.993102	0.000393857	0.0116862	0.993102	0.993102	3.51799e-22	0.993101	0.993102	0.993097	0.00221776	2.25197e-07	5.57766e-10	0.015077	0.0154601	0.993101	0.993101	0.000334622	0.00198198	0.00196377	0.000334636	0.000422013	1.06668	1.06667	1.06668	
0.993102	0.9931	0.993102	0.00352621	0.000486616	0.993102	0.993102	0.000427236	0.0108986	0.993102	0.993102	4.18552e-22	0.993102	0.993102	0.993097	0.00221915	1.68507e-07	4.17673e-10	0.0140753	0.0144312	0.993101	0.993102	0.000362952	0.0019809	0.00196285	0.000362968	0.000457967	1.06007	1.06007	1.06007	
0.993102	0.9931	0.993102	0.00351524	0.000536749	0.993102	0.993102	0.000470907	0.0100772	0.993102	0.993102	5.18702e-22	0.993102	0.993102	0.993098	0.00222883	1.26088e-07	3.12891e-10	0.0129786	0.0133108	0.993101	0.993102	0.000402079	0.00198869	0.00197032	0.000402098	0.000504942	1.05593	1.05593	1.05593	
0.993102	0.9931	0.993102	0.00349168	0.000588946	0.993102	0.993102	0.000516663	0.0093434	0.993102	0.993102	6.34607e-22	0.993102	0.993102	0.993098	0.00224479	9.43475e-08	2.34518e-10	0.0119587	0.0122741	0.993101	0.993102	0.000444957	0.00200386	0.00198464	0.00044498	0.000554086	1.06244	1.06243	1.06243	
0.993102	0.993101	0.993102	0.00345997	0.00060494	0.993102	0.993102	0.000530938	0.0090769	0.993102	0.993102	6.67586e-22	0.993102	0.993102	0.993098	0.00226423	7.05971e-08	1.75827e-10	0.0114961	0.0118153	0.993101	0.993102	0.000461342	0.00202384	0.00200336	0.000461367	0.000569373	1.0457	1.0457	1.0457	
0.993102	0.993101	0.993102	0.00343045	0.000681928	0.993102	0.993102	0.000599075	0.0082967	0.993102	0.993102	8.777e-22	0.993102	0.993102	0.993099	0.00228101	5.28258e-08	1.32049e-10	0.0104278	0.0107282	0.993101	0.993102	0.000525558	0.00204189	0.00202028	0.000525588	0.00064228	1.02068	1.02068	1.02068	
0.993102	0.993101	0.993102	0.00339328	0.000887447	0.993102	0.993102	0.000781111	0.00713967	0.993102	0.993102	1.70102e-21	0.993102	0.993102	0.993099	0.00230136	3.95285e-08	9.96065e-11	0.00890756	0.00917445	0.993101	0.993102	0.000695238	0.00206522	0.00204184	0.000695285	0.00083705	1.02519	1.02519	1.02519	
0.993102	0.993101	0.993102	0.0033425	0.00100726	0.993102	0.993102	0.000888899	0.00639325	0.993102	0.993102	2.16458e-21	0.993102	0.993102	0.9931	0.00232765	2.95785e-08	7.52659e-11	0.00785919	0.00811857	0.993101	0.993102	0.000802659	0.00209949	0.00207234	0.000802717	0.00095211	1.02008	1.02008	1.02007	
0.993102	0.993101	0.993102	0.00328935	0.00113262	0.993102	0.993102	0.00100263	0.00575156	0.993102	0.993102	2.72918e-21	0.993102	0.993102	0.9931	0.00235399	2.21333e-08	5.71346e-11	0.0069509	0.00720602	0.993101	0.993102	0.00091811	0.00213601	0.00210451	0.000918181	0.00107324	1.01684	1.01684	1.01684	
0.993102	0.993101	0.993102	0.00323614	0.00125035	0.993102	0.993102	0.00111063	0.0052271	0.993102	0.993102	3.31976e-21	0.993102	0.993102	0.9931	0.00237902	1.65625e-08	4.36252e-11	0.00619645	0.00645155	0.993101	0.993102	0.00103005	0.00217334	0.002137	0.00103013	0.00118794	0.999418	0.999416	0.999414	
0.993102	0.993101	0.993102	0.003185	0.00150421	0.993102	0.993102	0.00134196	0.00457347	0.993102	0.993102	5.07361e-21	0.993102	0.993102	0.9931	0.0024017	1.23944e-08	3.3885e-11	0.00533443	0.00557534	0.993101	0.993102	0.00126168	0.00220994	0.00216845	0.00126179	0.00143392	1.01808	1.01808	1.01808	
0.993102	0.993101	0.993102	0.00313185	0.00151512	0.993102	0.993102	0.0013565	0.00440486	0.993102	0.993102	5.03889e-21	0.993102	0.993102	0.9931	0.00242294	9.27516e-09	2.62153e-11	0.00498847	0.00525547	0.993101	0.993102	0.00128674	0.00225075	0.00220213	0.00128686	0.00144846	1.01181	1.01181	1.01181	
0.993102	0.993101	0.993102	0.00308778	0.00157465	0.993101	0.993102	0.0014148	0.00416664	0.993102	0.993102	5.37075e-21	0.993102	0.993102	0.993101	0.00243938	6.94127e-09	2.05924e-11	0.0046109	0.00488789	0.993101	0.993102	0.00135252	0.0022836	0.00222946	0.00135264	0.00150942	1.01407	1.01406	1.01406	
0.993102	0.993101	0.993102	0.00304911	0.0015989	0.993101	0.993102	0.00144115	0.00403494	0.993102	0.993102	5.48661e-21	0.993102	0.993102	0.993101	0.00245284	5.19486e-09	1.63439e-11	0.00436476	0.0046559	0.993101	0.993102	0.00138633	0.00231245	0.00225335	0.00138645	0.00153628	1.02851	1.0285	1.0285	
0.993102	0.993101	0.993102	0.00301671	0.00151125	0.993102	0.993102	0.00136524	0.00424644	0.993102	0.993102	4.93078e-21	0.993102	0.993102	0.993101	0.00246324	3.88784e-09	1.29311e-11	0.00448253	0.00481384	0.993101	0.993102	0.00131859	0.00233625	0.00227308	0.00131871	0.00145445	1.02223	1.02223	1.02223	
0.993102	0.993101	0.993102	0.00299574	0.00148801	0.993102	0.993102	0.00134696	0.00425254	0.993102	0.993102	4.74516e-21	0.993102	0.993102	0.993101	0.00246837	2.90995e-09	1.04704e-11	0.00443223	0.00477516	0.993101	0.993102	0.00130411	0.00234953	0.00228449	0.00130423	0.00143393	1.01979	1.01979	1.01979	
0.993102	0.993101	0.993102	0.0029798	0.00148845	0.993102	0.993102	0.00134968	0.00420511	0.993102	0.993102	4.71392e-21	0.993102	0.993102	0.993101	0.00247178	2.17827e-09	8.66885e-12	0.00434423	0.00469009	0.993101	0.993102	0.0013091	0.0023589	0.00229274	0.00130922	0.00143584	1.03577	1.03576	1.03576	
0.993102	0.993101	0.993102	0.00296666	0.00138622	0.993102	0.993102	0.00125841	0.00455399	0.993102	0.993102	4.14166e-21	0.993102	0.993102	0.9931	0.00247446	1.63054e-09	7.09287e-12	0.00466245	0.00504384	0.993101	0.993102	0.00122201	0.00236653	0.00229949	0.00122211	0.00133813	1.03213	1.03213	1.03213	
0.993102	0.993101	0.993102	0.00296293	0.00133068	0.993102	0.993102	0.00120889	0.00470293	0.993102	0.993102	3.80437e-21	0.993102	0.993102	0.9931	0.0024728	1.22074e-09	5.95812e-12	0.00480931	0.00520131	0.993101	0.993102	0.00117327	0.00236576	0.00229944	0.00117337	0.00128486	0.990208	0.990207	0.990204	
0.993102	0.993101	0.993102	0.00296298	0.00167397	0.993101	0.993102	0.00152192	0.00407788	0.993102	0.993102	6.60844e-21	0.993102	0.993102	0.993101	0.00247016	9.14988e-10	5.96192e-12	0.00417303	0.00451096	0.993101	0.993102	0.00147411	0.00236216	0.00229712	0.00147424	0.00161638	0.962172	0.96217	0.962168	
0.993102	0.993101	0.993101	0.00294919	0.00243107	0.993101	0.993102	0.00221837	0.0033789	0.993102	0.993102	1.66363e-20	0.993102	0.993102	0.993101	0.00247243	6.87366e-10	7.11362e-12	0.00344441	0.00372908	0.993101	0.993102	0.00215872	0.00237479	0.00230627	0.00215892	0.0023547	0.966024	0.966022	0.96602	
0.993102	0.993101	0.993101	0.00291839	0.00289526	0.993101	0.993102	0.00266004	0.00289761	0.993102	0.993102	2.26087e-20	0.993102	0.993102	0.993101	0.00247458	5.16841e-10	7.81688e-12	0.00291025	0.0031722	0.993101	0.993102	0.00260673	0.0024109	0.00232971	0.00260698	0.00282259	0.996359	0.996357	0.996355	
0.993102	0.993101	0.993101	0.00288151	0.00274872	0.993101	0.993102	0.00253695	0.00286378	0.993102	0.993102	1.99641e-20	0.993102	0.993102	0.993101	0.00247619	3.881e-10	7.22222e-12	0.00277112	0.00307281	0.993101	0.993102	0.00249721	0.00245571	0.00235847	0.00249744	0.00269136	1.01195	1.01195	1.01195	
0.993102	0.993101	0.993101	0.00285413	0.00248404	0.993101	0.993102	0.00229893	0.00308766	0.993102	0.993102	1.65711e-20	0.993102	0.993102	0.993101	0.00247815	2.91403e-10	6.40712e-12	0.0028893	0.00325267	0.993101	0.993102	0.00226928	0.00248619	0.00237889	0.00226949	0.00243818	1.03164	1.03163	1.03163	
0.993102	0.993101	0.993101	0.00283933	0.00214833	0.993101	0.993102	0.00199075	0.00368833	0.993102	0.993102	1.31389e-20	0.993102	0.993102	0.993101	0.00247878	2.18722e-10	5.46763e-12	0.00338657	0.00384379	0.993101	0.993102	0.00196728	0.00249967	0.00238854	0.00196746	0.00211082	1.02895	1.02893	1.02895	
0.993102	0.993101	0.993101	0.0028407	0.00191487	0.993101	0.993102	0.00177513	0.00403461	0.993102	0.993102	1.06446e-20	0.993102	0.993102	0.993101	0.00247511	1.64376e-10	4.79722e-12	0.00371649	0.00421244	0.993101	0.993102	0.00175273	0.00249408	0.00238483	0.00175298	0.00188154	1.0086	1.00858	1.0086	
0.993102	0.993101	0.993102	0.00284984	0.00189632	0.993101	0.993102	0.00175699	0.00385546	0.993102	0.993102	9.78793e-21	0.993102	0.993102	0.993101	0.00247052	1.24069e-10	4.64532e-12	0.00357975	0.00404305	0.993101	0.993102	0.00173008	0.00248008	0.00237539	0.00173042	0.0018615	1.02716	1.02715	1.02716	
0.993102	0.993101	0.993102	0.00285462	0.00173904	0.993101	0.993102	0.00161054	0.00409917	0.993102	0.993102	8.19475e-21	0.993102	0.993102	0.993101	0.00246977	9.35766e-11	4.2038e-12	0.0038364	0.00431509	0.993101	0.993102	0.00158449	0.00247135	0.00237023	0.00158485	0.00170598	1.00897	1.00895	1.00896	
0.993102	0.993101	0.993102	0.00286398	0.00176301	0.993101	0.993102	0.00163057	0.00390318	0.993102	0.993102	7.92638e-21	0.993102	0.993102	0.993101	0.00246799	7.10852e-11	4.18956e-12	0.00368371	0.00412667	0.993101	0.993102	0.00160058	0.00245813	0.00236177	0.00160102	0.00172681	0.909638	0.909619	0.909633	
0.993102	0.993101	0.993101	0.00286812	0.00464637	0.9931	0.993102	0.0042887	0.00303616	0.993102	0.993102	1.01713e-19	0.993102	0.993102	0.993101	0.00246914	6.09569e-11	1.07486e-11	0.0028681	0.0032114	0.993101	0.993102	0.00420328	0.0024511	0.00235798	0.00420501	0.00453833	0.63606	0.636025	0.636053	
0.993102	0.993101	0.992826	0.0028221	0.191629	0.992827	0.993102	0.190004	0.0022724	0.993102	0.993102	5.51471e-15	0.993101	0.993102	0.993101	0.00245115	1.88505e-09	1.92613e-09	0.00214649	0.00240349	0.993101	0.993102	0.189767	0.00252921	0.00239819	0.189807	0.192834	0.493856	0.493798	0.49385	
0.993102	0.993101	0.992778	0.00212792	0.283404	0.992896	0.993102	0.38735	0.00175706	0.993102	0.993102	1.65719e-12	0.993099	0.993102	0.993102	0.00184944	3.2245e-08	1.38993e-06	0.00160614	0.00179847	0.992591	0.993102	0.387223	0.209439	0.0257318	0.387233	0.389698	0.478457	0.478369	0.478437	
0.993102	0.993101	0.992857	0.00159254	0.220048	0.992948	0.993102	0.536326	0.0142658	0.993102	0.993102	4.29147e-12	0.9931	0.993102	0.993102	0.00138391	3.7098e-07	1.30477e-05	0.00120182	0.00134575	0.974133	0.993102	0.536255	0.40656	0.231023	0.536255	0.538209	0.476899	0.476812	0.476867	
0.993102	0.993101	0.992918	0.00119166	0.165081	0.992987	0.993102	0.647943	0.0571417	0.993102	0.993102	5.71304e-12	0.993098	0.993102	0.993102	0.00103553	2.52827e-05	1.32898e-05	0.000899275	0.001007	0.977327	0.993101	0.646928	0.554178	0.419955	0.646926	0.649443	0.5602	0.559921	0.560163	
0.993102	0.993099	0.992965	0.000891682	0.123533	0.993016	0.993102	0.718102	0.196455	0.993102	0.993102	4.31261e-12	0.993099	0.993102	0.993102	0.000774847	0.000151639	1.01681e-05	0.000672895	0.000753611	0.981122	0.992997	0.689003	0.664643	0.563495	0.68915	0.719483	0.646448	0.645935	0.646408	
0.993102	0.992472	0.992999	0.000667232	0.0924356	0.993038	0.993102	0.715888	0.270905	0.993102	0.993102	3.22704e-12	0.9931	0.993102	0.993102	0.00057979	0.000335267	7.62586e-06	0.000503503	0.000564514	0.984104	0.99132	0.527449	0.747077	0.668707	0.527664	0.717261	0.689003	0.688321	0.688964	
0.993102	0.981038	0.993025	0.000499352	0.0691664	0.993054	0.993102	0.66501	0.255468	0.993102	0.993102	2.41468e-12	0.9931	0.993102	0.993102	0.000433835	0.000420215	5.71018e-06	0.000376753	0.000423837	0.98636	0.990216	0.395868	0.80686	0.737327	0.396045	0.665985	0.721376	0.720619	0.721338	
0.993102	0.977749	0.993045	0.000373822	0.0517549	0.993066	0.993102	0.587641	0.225294	0.993102	0.993102	1.80682e-12	0.993101	0.993102	0.993102	0.000324623	0.000365556	4.27405e-06	0.00028191	0.00031987	0.988053	0.990739	0.297068	0.846915	0.776571	0.297213	0.588062	0.708824	0.707337	0.708788	
0.993102	0.979753	0.993059	0.000280166	0.0387278	0.993075	0.993102	0.544807	0.176867	0.993102	0.993102	1.35198e-12	0.993101	0.993102	0.993102	0.000242904	0.000293635	3.19932e-06	0.000210943	0.000241465	0.989322	0.991325	0.224283	0.86053	0.775272	0.224452	0.543768	0.81377	0.811282	0.813739	
0.993102	0.982855	0.99307	0.000210037	0.028979	0.993082	0.993102	0.428105	0.181679	0.993102	0.993102	1.01164e-12	0.993101	0.993102	0.993102	0.000181756	0.000221101	2.39405e-06	0.000157841	0.000197925	0.990273	0.991771	0.168472	0.867399	0.778999	0.168631	0.426516	0.910735	0.908013	0.910712	
0.993102	0.985125	0.993078	0.000161686	0.0216845	0.993087	0.993102	0.323501	0.1636	0.993102	0.993102	7.56972e-13	0.993102	0.993102	0.993102	0.000136001	0.000165466	1.79139e-06	0.000118107	0.000267826	0.990984	0.992106	0.126146	0.743851	0.646677	0.12627	0.322158	0.919709	0.916722	0.919686	
0.993102	0.986985	0.993084	0.000146455	0.0162299	0.993091	0.993102	0.244718	0.128016	0.993102	0.993102	5.66415e-13	0.993102	0.993102	0.993102	0.000101765	0.000123815	1.34044e-06	8.83752e-05	0.000343528	0.991517	0.992357	0.0944927	0.577984	0.498189	0.0945917	0.243569	0.951682	0.948701	0.951662	
0.993102	0.988489	0.993089	0.000169975	0.0121549	0.993094	0.993102	0.184521	0.0998255	0.993102	0.993102	4.23827e-13	0.993102	0.993102	0.993102	7.6151e-05	9.26464e-05	1.00301e-06	6.61383e-05	0.000528136	0.991915	0.992544	0.070815	0.441023	0.379012	0.0708958	0.183584	0.976527	0.973711	0.976509	
0.993102	0.989639	0.993092	0.00024181	0.00911672	0.993096	0.993102	0.138928	0.0779192	0.993102	0.993102	3.17135e-13	0.993102	0.993102	0.993102	5.70522e-05	6.9324e-05	7.50518e-07	4.96951e-05	0.000840664	0.992214	0.992685	0.0531054	0.334225	0.286928	0.0531727	0.138183	1.0148	1.01239	1.01478	
0.993102	0.990506	0.993095	0.000365499	0.00684678	0.993097	0.993102	0.104354	0.0623189	0.993102	0.993102	2.373e-13	0.993102	0.993102	0.993102	4.33302e-05	5.18727e-05	5.61587e-07	4.01312e-05	0.00158624	0.992437	0.99279	0.0398213	0.252581	0.216779	0.0398758	0.10378	1.04465	1.04256	1.04464	
0.993102	0.991157	0.993097	0.000544473	0.00515082	0.993099	0.993102	0.0783033	0.0513551	0.993102	0.993102	1.77563e-13	0.993102	0.993102	0.993102	3.57489e-05	3.88144e-05	4.20215e-07	5.25545e-05	0.00292468	0.992604	0.992868	0.0298604	0.190633	0.163636	0.0299039	0.0778664	1.07152	1.06977	1.07151	
0.993102	0.991645	0.993098	0.00077632	0.00388144	0.993099	0.993102	0.0587192	0.0441443	0.993102	0.993102	1.32864e-13	0.993102	0.993102	0.993101	3.81034e-05	2.90434e-05	3.14432e-07	0.000153533	0.00515854	0.992729	0.992927	0.0223896	0.143815	0.123501	0.0224238	0.0583893	1.07511	1.07341	1.0751	
0.993102	0.99201	0.993099	0.00105758	0.00294206	0.9931	0.993102	0.0440557	0.0377228	0.993102	0.993102	9.94173e-14	0.993102	0.993102	0.993101	5.67308e-05	2.17321e-05	2.35278e-07	0.000391749	0.00706315	0.992823	0.992971	0.016803	0.108505	0.0932379	0.0168304	0.0438068	1.08472	1.08323	1.08472	
0.993102	0.992284	0.9931	0.00135961	0.0022434	0.993101	0.993102	0.0330624	0.0329388	0.993102	0.993102	7.43904e-14	0.993102	0.993102	0.993101	9.94594e-05	1.62614e-05	1.76051e-07	0.000912994	0.00917853	0.992893	0.993004	0.0126197	0.0819337	0.0704679	0.0126416	0.0328752	1.06517	1.06351	1.06516	
0.993102	0.992489	0.9931	0.00166836	0.00175642	0.993101	0.993102	0.024882	0.027454	0.993102	0.993102	5.56636e-14	0.993102	0.993102	0.9931	0.000171939	1.21678e-05	1.31733e-07	0.00134472	0.00953056	0.992945	0.993029	0.00951872	0.0619558	0.0533483	0.00953764	0.0247411	1.06907	1.06749	1.06906	
0.993102	0.992643	0.993101	0.00194385	0.00139949	0.993101	0.993102	0.0187494	0.0233856	0.993102	0.993102	4.1651e-14	0.993102	0.993102	0.9931	0.000279725	9.10471e-06	9.8571e-08	0.00201441	0.0100251	0.992985	0.993047	0.00720079	0.0469672	0.0405058	0.00721747	0.0186443	1.07132	1.06986	1.07131	
0.993102	0.992758	0.993101	0.00218723	0.00113982	0.993101	0.993102	0.0141542	0.0203246	0.993102	0.993102	3.1166e-14	0.993102	0.993102	0.9931	0.000418989	6.81272e-06	7.37574e-08	0.00287358	0.0105431	0.993014	0.993061	0.00546927	0.0357232	0.0308725	0.00548416	0.0140767	1.07301	1.07163	1.07301	
0.993102	0.992844	0.993101	0.00239947	0.000951517	0.993102	0.993102	0.010711	0.0180242	0.993102	0.993102	2.33204e-14	0.993102	0.993102	0.9931	0.000582155	5.09771e-06	5.51903e-08	0.00386615	0.0110493	0.993036	0.993071	0.00417589	0.0272893	0.0236474	0.00418938	0.010655	1.08505	1.08384	1.08505	
0.993102	0.992908	0.993102	0.0025825	0.000795398	0.993102	0.993102	0.00810851	0.0169543	0.993102	0.993102	1.74498e-14	0.993102	0.993102	0.993099	0.000758771	3.81443e-06	4.12971e-08	0.00541897	0.0122915	0.993052	0.993079	0.00319334	0.0209639	0.0182287	0.00320512	0.0080689	1.08838	1.08724	1.08838	
0.993102	0.992957	0.993102	0.00274981	0.000677674	0.993102	0.993102	0.00615481	0.016263	0.993102	0.993102	1.3057e-14	0.993102	0.993102	0.993099	0.000935112	2.8542e-06	3.09013e-08	0.00706964	0.0135088	0.993065	0.993085	0.0024551	0.0162129	0.014158	0.00246543	0.00612774	1.09531	1.09426	1.0953	
0.993102	0.992993	0.993102	0.00290145	0.000582025	0.993102	0.993102	0.00468136	0.0161514	0.993102	0.993102	9.7701e-15	0.993102	0.993102	0.993098	0.00110339	2.1357e-06	2.31225e-08	0.00905132	0.0150641	0.993074	0.993089	0.001895	0.0126435	0.0110991	0.00190397	0.00466374	1.10644	1.10557	1.10644	
0.993102	0.99302	0.993102	0.00304339	0.000497477	0.993102	0.993102	0.00356348	0.0168857	0.993102	0.993102	7.31061e-15	0.993102	0.993102	0.993098	0.00125505	1.59806e-06	1.73019e-08	0.0117741	0.0174516	0.993081	0.993093	0.00146444	0.00995801	0.00879677	0.00147198	0.00355281	1.08498	1.08421	1.08498	
0.993102	0.99304	0.993102	0.00318753	0.000469845	0.993102	0.993102	0.00275922	0.015657	0.993102	0.993102	5.47026e-15	0.993102	0.993102	0.993098	0.00138245	1.19577e-06	1.29466e-08	0.0122592	0.017128	0.993086	0.993095	0.00116614	0.0079297	0.00705615	0.00117288	0.00275555	1.09862	1.09797	1.09861	
0.993102	0.993055	0.993102	0.00329292	0.000427303	0.993102	0.993102	0.00213508	0.0156913	0.993102	0.993102	4.0932e-15	0.993102	0.993102	0.993097	0.00150491	8.94754e-07	9.68763e-09	0.0138557	0.0181495	0.99309	0.993097	0.000927478	0.00641581	0.00575773	0.000933244	0.002136	1.10896	1.10828	1.10896	
0.993102	0.993067	0.993102	0.00338765	0.000382226	0.993102	0.993102	0.00165477	0.0165496	0.993102	0.993102	3.06279e-15	0.993102	0.993102	0.993097	0.00161004	6.69512e-07	7.24903e-09	0.0162562	0.0201209	0.993093	0.993098	0.000738608	0.00527632	0.00477993	0.000743542	0.00165853	1.11644	1.11576	1.11643	
0.993102	0.993075	0.993102	0.00348708	0.000340443	0.993102	0.993102	0.00128735	0.0177998	0.993102	0.993102	2.29177e-15	0.993102	0.993102	0.993096	0.00169096	5.00971e-07	5.42431e-09	0.0191253	0.0226327	0.993095	0.993099	0.000590436	0.00441072	0.00403585	0.000594641	0.0012929	1.12237	1.1218	1.12237	
0.993102	0.993081	0.993102	0.00359657	0.000303542	0.993102	0.993102	0.00100683	0.0191952	0.993102	0.993102	1.71485e-15	0.993102	0.993102	0.993095	0.00174704	3.74859e-07	4.05891e-09	0.0222717	0.0254507	0.993096	0.9931	0.000474512	0.00374797	0.00346448	0.000478033	0.00101361	1.11609	1.11546	1.11608	
0.993102	0.993086	0.993102	0.00371648	0.000282896	0.993102	0.993102	0.000802652	0.0193945	0.993102	0.993102	1.28316e-15	0.993102	0.993102	0.993095	0.00178336	2.80493e-07	3.03725e-09	0.0238012	0.0266	0.993098	0.9931	0.000391129	0.003237	0.00302232	0.000394223	0.000810739	1.11093	1.11028	1.11093	
0.993102	0.993089	0.993102	0.00381942	0.000273903	0.993102	0.993102	0.000655091	0.0190244	0.993102	0.993102	9.60143e-16	0.993102	0.993102	0.993095	0.00181487	2.09883e-07	2.2728e-09	0.0243311	0.0267563	0.993099	0.993101	0.000332492	0.00285101	0.00268802	0.000335335	0.000664587	1.11899	1.11835	1.11898	
0.993102	0.993092	0.993102	0.00389611	0.000258185	0.993102	0.993102	0.000536476	0.0195395	0.993102	0.993102	7.1844e-16	0.993102	0.993102	0.993095	0.0018466	1.57048e-07	1.70076e-09	0.0258958	0.0280483	0.993099	0.993101	0.000282945	0.00256402	0.00243977	0.000285512	0.000546627	1.12442	1.12379	1.12442	
0.993102	0.993094	0.993102	0.00396989	0.000241124	0.993102	0.993102	0.000442885	0.020445	0.993102	0.993102	5.37582e-16	0.993102	0.993102	0.993095	0.00186892	1.17513e-07	1.27272e-09	0.0279756	0.0299179	0.9931	0.993101	0.000242037	0.00234374	0.00224863	0.000244344	0.000453282	1.12603	1.12533	1.12603	
0.993102	0.993095	0.993102	0.00404946	0.000226998	0.993102	0.993102	0.000371485	0.0211988	0.993102	0.993102	4.02253e-16	0.993102	0.993102	0.993094	0.00188065	8.79311e-08	9.52423e-10	0.0298377	0.0316109	0.9931	0.993102	0.000209941	0.00217037	0.00209725	0.000212078	0.000381972	1.13659	1.13596	1.13658	
0.993102	0.993097	0.993102	0.00413035	0.00020768	0.993102	0.993102	0.000310379	0.0229815	0.993102	0.993102	3.00991e-16	0.993102	0.993102	0.993093	0.00188424	6.57957e-08	7.1274e-10	0.0332979	0.0349648	0.9931	0.993102	0.00018009	0.00203373	0.0019772	0.00018198	0.000320523	1.13788	1.13726	1.13788	
0.993102	0.993097	0.993102	0.00423571	0.000192363	0.993102	0.993102	0.000263775	0.0242365	0.993102	0.993102	2.25221e-16	0.993102	0.993102	0.993093	0.00187262	4.92326e-08	5.33392e-10	0.0362114	0.0377755	0.993101	0.993102	0.00015638	0.00191652	0.00187263	0.000158066	0.000273659	1.13988	1.13925	1.13987	
0.993102	0.993098	0.993102	0.00434954	0.000179564	0.993102	0.993102	0.000227607	0.0252699	0.993102	0.993102	1.68525e-16	0.993102	0.993102	0.993092	0.00185515	3.6839e-08	3.9919e-10	0.0388761	0.0403527	0.993101	0.993102	0.000137278	0.00181858	0.00178429	0.000138796	0.000237265	1.14039	1.13979	1.14039	
0.993102	0.993098	0.993102	0.00446559	0.000169726	0.993102	0.993102	0.000200164	0.0259619	0.993102	0.993102	1.26101e-16	0.993102	0.993102	0.993092	0.00183515	2.75654e-08	2.9877e-10	0.0410372	0.0424271	0.993101	0.993102	0.000122366	0.00173707	0.0017101	0.000123742	0.000209714	1.14521	1.14468	1.14521	
0.993102	0.993098	0.993102	0.00457557	0.000159208	0.993102	0.993102	0.000176823	0.0270518	0.993102	0.993102	9.43567e-17	0.993102	0.993102	0.993092	0.00181585	2.06262e-08	2.23623e-10	0.0438633	0.0451804	0.993101	0.993102	0.000109157	0.00167064	0.00164924	0.000110375	0.000186185	1.14694	1.14644	1.14694	
0.993102	0.993098	0.993102	0.00469105	0.000150325	0.993102	0.993102	0.000158381	0.0279529	0.993102	0.993102	7.06037e-17	0.993102	0.993102	0.993091	0.00179384	1.54339e-08	1.67391e-10	0.0464666	0.047716	0.993101	0.993102	9.83093e-05	0.00161271	0.00159557	9.93886e-05	0.000167601	1.15247	1.15195	1.15246	
0.993102	0.993099	0.993102	0.0048068	0.000140491	0.993102	0.993102	0.000141801	0.0293469	0.993102	0.993102	5.28302e-17	0.993102	0.993102	0.993091	0.00177196	1.15487e-08	1.25308e-10	0.0499532	0.051171	0.993101	0.993102	8.8187e-05	0.0015627	0.00154883	8.91469e-05	0.000150729	1.1581	1.15768	1.15809	
0.993102	0.993099	0.993102	0.00493648	0.000130217	0.993102	0.993102	0.000126868	0.0310846	0.993102	0.993102	3.95309e-17	0.993102	0.993102	0.99309	0.00174504	8.64154e-09	9.38125e-11	0.0543328	0.0555097	0.993101	0.993102	7.86965e-05	0.00151533	0.001504	7.95199e-05	0.000135456	1.15878	1.15827	1.15877	
0.993102	0.993098	0.993102	0.00508821	0.000122262	0.993102	0.993102	0.000115359	0.0322121	0.993102	0.993102	2.95795e-17	0.993102	0.993102	0.99309	0.0017136	6.4662e-09	7.02449e-11	0.0578515	0.0590178	0.993101	0.993102	7.0995e-05	0.00146791	0.00145858	7.17335e-05	0.000123681	1.16138	1.16098	1.16138	
0.993102	0.993098	0.993102	0.00524233	0.000115126	0.993102	0.993102	0.000105652	0.0332936	0.993102	0.993102	2.21333e-17	0.993102	0.993102	0.993089	0.00168276	4.83847e-09	5.26076e-11	0.0614325	0.0625611	0.993101	0.993102	6.43612e-05	0.00142486	0.0014171	6.50049e-05	0.000113779	1.16173	1.16132	1.16173	
0.993102	0.993098	0.993102	0.00539813	0.000109698	0.993102	0.993102	9.8194e-05	0.0339733	0.993102	0.993102	1.65615e-17	0.993102	0.993102	0.993089	0.00165371	3.6205e-09	3.94097e-11	0.0642887	0.0653857	0.993101	0.993102	5.90797e-05	0.00138557	0.00137905	5.96521e-05	0.000106216	1.16285	1.16234	1.16285	
0.993102	0.993098	0.993102	0.00554431	0.000105193	0.993102	0.993102	9.21337e-05	0.0345714	0.993102	0.993102	1.23924e-17	0.993102	0.993102	0.993089	0.00162986	2.70914e-09	2.95331e-11	0.0668374	0.0679402	0.993101	0.993102	5.47432e-05	0.00135178	0.00134622	5.5278e-05	0.000100056	1.16518	1.16471	1.16518	
0.993102	0.993098	0.993102	0.00568075	0.000100837	0.993102	0.993102	8.66976e-05	0.0353206	0.993102	0.993102	9.27278e-18	0.993102	0.993102	0.993088	0.00160941	2.0272e-09	2.21407e-11	0.0696403	0.0707403	0.993101	0.993102	5.0899e-05	0.00132269	0.00131789	5.13924e-05	9.45244e-05	1.1663	1.16587	1.1663	
0.993102	0.993098	0.993102	0.00581446	9.71478e-05	0.993102	0.993102	8.21884e-05	0.0359401	0.993102	0.993102	6.93848e-18	0.993102	0.993102	0.993088	0.00159014	1.51693e-09	1.66081e-11	0.0722184	0.0733015	0.993101	0.993102	4.76576e-05	0.00129624	0.00129205	4.81086e-05	8.99645e-05	1.16624	1.1659	1.16624	
0.993102	0.993098	0.993102	0.00594246	9.44738e-05	0.993102	0.993102	7.8789e-05	0.0362628	0.993102	0.993102	5.19182e-18	0.993102	0.993102	0.993088	0.0015724	1.13511e-09	1.24682e-11	0.0742118	0.0752455	0.993101	0.993102	4.51256e-05	0.00127263	0.00126892	4.55275e-05	8.66094e-05	1.16556	1.16522	1.16555	
0.993102	0.993098	0.993102	0.00605676	9.28306e-05	0.993102	0.993102	7.64383e-05	0.0363226	0.993102	0.993102	3.88485e-18	0.993102	0.993102	0.993088	0.0015586	8.49406e-10	9.37097e-12	0.0755039	0.0764932	0.993101	0.993102	4.32995e-05	0.00125298	0.00124965	4.3664e-05	8.43663e-05	1.16668	1.16636	1.16668	
0.993102	0.993097	0.993102	0.00615161	9.11582e-05	0.993102	0.993102	7.42507e-05	0.0365551	0.993102	0.993102	2.90689e-18	0.993102	0.993102	0.993088	0.0015495	6.35625e-10	7.05238e-12	0.076939	0.0778924	0.993101	0.993102	4.17094e-05	0.00123789	0.00123486	4.20421e-05	8.22567e-05	1.16644	1.16607	1.16644	
0.993102	0.993097	0.993102	0.0062363	9.00551e-05	0.993102	0.993102	7.26645e-05	0.0366521	0.993102	0.993102	2.17512e-18	0.993102	0.993102	0.993088	0.00154277	4.75661e-10	5.31759e-12	0.07794	0.0788832	0.993101	0.993102	4.05216e-05	0.00122519	0.00122239	4.08402e-05	8.07519e-05	1.16256	1.16221	1.16256	
0.993102	0.993097	0.993102	0.00630839	9.10325e-05	0.993102	0.993102	7.28263e-05	0.0360351	0.993102	0.993102	1.62757e-18	0.993102	0.993102	0.993088	0.00153818	3.5597e-10	4.0227e-12	0.0773211	0.0782349	0.993101	0.993102	4.03644e-05	0.00121508	0.00121248	4.06746e-05	8.1182e-05	1.15968	1.15933	1.15968	
0.993102	0.993097	0.993102	0.00634698	9.32038e-05	0.993102	0.993102	7.40146e-05	0.0352037	0.993102	0.993102	1.21785e-18	0.993102	0.993102	0.993088	0.00154058	2.66412e-10	3.05632e-12	0.0758956	0.0767762	0.993101	0.993102	4.09749e-05	0.00121122	0.00120875	4.12828e-05	8.2739e-05	1.16361	1.16323	1.1636	
0.993102	0.993097	0.993102	0.00635161	9.29504e-05	0.993102	0.993102	7.3415e-05	0.0353809	0.993102	0.993102	9.11277e-19	0.993102	0.993102	0.993088	0.00154976	1.99395e-10	2.32968e-12	0.0761898	0.0770722	0.993101	0.993102	4.07849e-05	0.00121341	0.00121102	4.10929e-05	8.22294e-05	1.1675	1.1671	1.1675	
0.993102	0.993097	0.993102	0.00636105	9.10243e-05	0.993102	0.993102	7.16139e-05	0.0361878	0.993102	0.993102	6.81877e-19	0.993102	0.993102	0.993088	0.00155548	1.49245e-10	1.78275e-12	0.0778441	0.0787507	0.993101	0.993102	3.98511e-05	0.00121396	0.00121163	4.01572e-05	8.03177e-05	1.16746	1.16707	1.16746	
0.993102	0.993097	0.993102	0.00639478	8.96039e-05	0.993102	0.993102	7.02754e-05	0.0366319	0.993102	0.993102	5.10226e-19	0.993102	0.993102	0.993088	0.00155348	1.1172e-10	1.37353e-12	0.0790789	0.079996	0.993101	0.993102	3.90097e-05	0.00120946	0.00120719	3.93107e-05	7.89065e-05	1.16677	1.16632	1.16677	
0.993102	0.993097	0.993102	0.00643676	8.8857e-05	0.993102	0.993102	6.94959e-05	0.036768	0.993102	0.993102	3.81785e-19	0.993102	0.993102	0.993088	0.00154957	8.36419e-11	1.06785e-12	0.0797298	0.0806743	0.993101	0.993102	3.84262e-05	0.00120341	0.00120121	3.87355e-05	7.80899e-05	1.16564	1.16524	1.16564	
0.993102	0.993097	0.993102	0.00647544	8.88141e-05	0.993102	0.993102	6.92834e-05	0.0366361	0.993102	0.993102	2.85678e-19	0.993102	0.993102	0.993088	0.00154586	6.2633e-11	8.39996e-13	0.0798305	0.0807716	0.993101	0.993102	3.81744e-05	0.00119806	0.00119592	3.84821e-05	7.79321e-05	1.16575	1.16533	1.16575	
0.993102	0.993097	0.993102	0.00650259	8.87516e-05	0.993102	0.993102	6.90742e-05	0.0365824	0.993102	0.993102	2.13764e-19	0.993102	0.993102	0.993088	0.00154483	4.69128e-11	6.69383e-13	0.0799539	0.0808992	0.993101	0.993102	3.79906e-05	0.00119485	0.00119274	3.83004e-05	7.77658e-05	1.16754	1.16707	1.16754	
0.993102	0.993097	0.993102	0.00652293	8.7932e-05	0.993102	0.993102	6.83021e-05	0.036883	0.993102	0.993102	1.59954e-19	0.993102	0.993102	0.993088	0.0015453	3.51483e-11	5.40261e-13	0.0807135	0.0816885	0.993101	0.993102	3.7531e-05	0.00119276	0.00119068	3.7849e-05	7.69379e-05	1.16815	1.1677	1.16815	
0.993102	0.993097	0.993102	0.00654946	8.70672e-05	0.993102	0.993102	6.75166e-05	0.0371598	0.993102	0.993102	1.19689e-19	0.993102	0.993102	0.993087	0.00154345	2.63448e-11	4.4315e-13	0.081534	0.082524	0.993101	0.993102	3.70231e-05	0.00118939	0.00118735	3.73414e-05	7.61002e-05	1.16905	1.1686	1.16905	
0.993102	0.993097	0.993102	0.0065803	8.60525e-05	0.993102	0.993102	6.66279e-05	0.0374825	0.993102	0.993102	8.95608e-20	0.993102	0.993102	0.993087	0.00154038	1.97567e-11	3.69772e-13	0.0825085	0.0835142	0.993101	0.993102	3.64353e-05	0.00118523	0.00118322	3.67525e-05	7.51418e-05	1.16825	1.16776	1.16825	
0.993102	0.993097	0.993102	0.00661629	8.56421e-05	0.993102	0.993102	6.62113e-05	0.0375258	0.993102	0.993102	6.70168e-20	0.993102	0.993102	0.993087	0.00153643	1.48278e-11	3.15453e-13	0.0829227	0.0839531	0.993101	0.993102	3.60784e-05	0.00118021	0.00117823	3.64036e-05	7.47002e-05	1.16778	1.16728	1.16778	
0.993102	0.993097	0.993102	0.0066471	8.55519e-05	0.993102	0.993102	6.60426e-05	0.0374655	0.993102	0.993102	5.0148e-20	0.993102	0.993102	0.993087	0.00153373	1.11401e-11	2.75147e-13	0.083063	0.0841113	0.993101	0.993102	3.58871e-05	0.00117619	0.00117424	3.62199e-05	7.4543e-05	1.16783	1.16736	1.16782	
0.993102	0.993097	0.993102	0.00667021	8.54782e-05	0.993102	0.993102	6.58912e-05	0.0374328	0.993102	0.993102	3.75256e-20	0.993102	0.993102	0.993087	0.00153237	8.38063e-12	2.44928e-13	0.0832116	0.0842594	0.993101	0.993102	3.57467e-05	0.00117354	0.00117161	3.60786e-05	7.4422e-05	1.1695	1.16905	1.1695	
0.993102	0.993097	0.993102	0.00668797	8.47254e-05	0.993102	0.993102	6.52277e-05	0.0377206	0.993102	0.993102	2.80807e-20	0.993102	0.993102	0.993087	0.00153189	6.31435e-12	2.21012e-13	0.0839909	0.0850421	0.993101	0.993102	3.53542e-05	0.00117174	0.00116983	3.56812e-05	7.37202e-05	1.17076	1.17031	1.17076	
0.993102	0.993097	0.993102	0.00671221	8.3653e-05	0.993102	0.993102	6.43295e-05	0.038119	0.993102	0.993102	2.10133e-20	0.993102	0.993102	0.993087	0.00152961	4.76715e-12	2.02164e-13	0.0850863	0.0861456	0.993101	0.993102	3.47983e-05	0.00116871	0.00116681	3.51195e-05	7.27457e-05	1.17059	1.17017	1.17059	
0.993102	0.993097	0.993102	0.0067456	8.29311e-05	0.993102	0.993102	6.37038e-05	0.0383023	0.993102	0.993102	1.5725e-20	0.993102	0.993102	0.993087	0.00152498	3.60956e-12	1.8817e-13	0.0858606	0.0869104	0.993101	0.993102	3.43448e-05	0.00116412	0.00116224	3.46557e-05	7.20896e-05	1.17276	1.17234	1.17276	
0.993102	0.993097	0.993102	0.00677919	8.15403e-05	0.993102	0.993102	6.25642e-05	0.0388199	0.993102	0.993102	1.17679e-20	0.993102	0.993102	0.993087	0.00152066	2.74157e-12	1.76107e-13	0.0873476	0.0883998	0.993101	0.993102	3.36236e-05	0.00115962	0.00115776	3.39237e-05	7.08479e-05	1.17406	1.17367	1.17406	
0.993102	0.993097	0.993102	0.0068246	8.00108e-05	0.993102	0.993102	6.13181e-05	0.0393565	0.993102	0.993102	8.8068e-21	0.993102	0.993102	0.993087	0.00151384	2.09101e-12	1.66147e-13	0.0890399	0.0900875	0.993101	0.993102	3.28003e-05	0.00115327	0.00115143	3.30862e-05	6.94913e-05	1.17572	1.17534	1.17571	
0.993102	0.993097	0.993102	0.00688058	7.8266e-05	0.993102	0.993102	5.99014e-05	0.0399755	0.993102	0.993102	6.59103e-21	0.993102	0.993102	0.993086	0.00150524	1.60292e-12	1.57546e-13	0.0910561	0.0920955	0.993101	0.993102	3.1857e-05	0.00114546	0.00114365	3.21261e-05	6.79479e-05	1.17763	1.1773	1.17763	
0.993102	0.993096	0.993102	0.00694846	7.62881e-05	0.993102	0.993102	5.82985e-05	0.0406956	0.993102	0.993102	4.93295e-21	0.993102	0.993102	0.993086	0.00149479	1.23624e-12	1.49823e-13	0.0934683	0.0944907	0.993101	0.993102	3.07893e-05	0.00113613	0.00113436	3.10379e-05	6.6204e-05	1.17729	1.17696	1.17729	
0.993102	0.993096	0.993102	0.00703015	7.49558e-05	0.993102	0.993102	5.7174e-05	0.0410145	0.993102	0.993102	3.69227e-21	0.993102	0.993102	0.993086	0.00148265	9.62107e-13	1.4422e-13	0.095153	0.0961559	0.993101	0.993102	2.99384e-05	0.00112514	0.00112341	3.01703e-05	6.50078e-05	1.17851	1.1782	1.17851	
0.993102	0.993096	0.993102	0.00710894	7.35557e-05	0.993102	0.993102	5.59834e-05	0.0414338	0.993102	0.993102	2.76386e-21	0.993102	0.993102	0.993086	0.00147233	7.56077e-13	1.39199e-13	0.0970207	0.0980049	0.993101	0.993102	2.90922e-05	0.00111516	0.00111347	2.9308e-05	6.37435e-05	1.18006	1.17975	1.18006	
0.993102	0.993096	0.993102	0.00718923	7.20015e-05	0.993102	0.993102	5.46691e-05	0.0419818	0.993102	0.993102	2.06909e-21	0.993102	0.993102	0.993085	0.0014627	6.00807e-13	1.34438e-13	0.0991858	0.100159	0.993101	0.993102	2.82004e-05	0.0011054	0.00110375	2.84022e-05	6.23368e-05	1.18101	1.1807	1.181	
0.993102	0.993096	0.993102	0.00727584	7.05493e-05	0.993102	0.993102	5.34271e-05	0.0424728	0.993102	0.993102	1.54917e-21	0.993102	0.993102	0.993085	0.00145268	4.83965e-13	1.30262e-13	0.101301	0.102265	0.993101	0.993102	2.73444e-05	0.00109513	0.00109353	2.75337e-05	6.10129e-05	1.18054	1.18025	1.18054	
0.993102	0.993096	0.993102	0.00736586	6.96471e-05	0.993102	0.993102	5.25921e-05	0.0426379	0.993102	0.993102	1.16014e-21	0.993102	0.993102	0.993085	0.00144285	3.9685e-13	1.2736e-13	0.102709	0.103658	0.993101	0.993102	2.67003e-05	0.00108482	0.00108326	2.68791e-05	6.01585e-05	1.18054	1.18021	1.18054	
0.993102	0.993096	0.993102	0.00744646	6.90026e-05	0.993102	0.993102	5.19446e-05	0.0427338	0.993102	0.993102	8.69049e-22	0.993102	0.993102	0.993085	0.00143585	3.31688e-13	1.25134e-13	0.10379	0.104744	0.993101	0.993102	2.61977e-05	0.00107622	0.0010747	2.63727e-05	5.95095e-05	1.18049	1.18018	1.18049	
0.993102	0.993096	0.993102	0.00751669	6.85661e-05	0.993102	0.993102	5.14535e-05	0.0427692	0.993102	0.993102	6.51235e-22	0.993102	0.993102	0.993085	0.0014309	2.8295e-13	1.23452e-13	0.104626	0.105569	0.993101	0.993102	2.58164e-05	0.00106927	0.00106778	2.59854e-05	5.90466e-05	1.18112	1.18084	1.18112	
0.993102	0.993095	0.993102	0.00757606	6.80498e-05	0.993102	0.993102	5.091e-05	0.0429159	0.993102	0.993102	4.88229e-22	0.993102	0.993102	0.993085	0.00142782	2.4603e-13	1.21777e-13	0.105601	0.10653	0.993101	0.993102	2.54486e-05	0.00106388	0.00106242	2.56103e-05	5.85227e-05	1.18232	1.18205	1.18232	
0.993102	0.993095	0.993102	0.00763081	6.72873e-05	0.993102	0.993102	5.01955e-05	0.0432422	0.993102	0.993102	3.66213e-22	0.993102	0.993102	0.993085	0.00142517	2.1758e-13	1.19794e-13	0.106959	0.107871	0.993101	0.993102	2.50108e-05	0.00105907	0.00105763	2.51637e-05	5.77974e-05	1.18197	1.1817	1.18197	
0.993102	0.993095	0.993102	0.00768884	6.68508e-05	0.993102	0.993102	4.97332e-05	0.043343	0.993102	0.993102	2.74919e-22	0.993102	0.993102	0.993085	0.00142167	1.9653e-13	1.1848e-13	0.107827	0.108725	0.993101	0.993102	2.46864e-05	0.00105375	0.00105234	2.48329e-05	5.73532e-05	1.18133	1.18104	1.18132	
0.993102	0.993095	0.993102	0.00774082	6.67567e-05	0.993102	0.993102	4.95301e-05	0.0432673	0.993102	0.993102	2.06631e-22	0.993102	0.993102	0.993085	0.00141929	1.81227e-13	1.17836e-13	0.108182	0.109076	0.993101	0.993102	2.45085e-05	0.00104925	0.00104785	2.46529e-05	5.71975e-05	1.18209	1.18182	1.18209	
0.993102	0.993095	0.993102	0.00778084	6.64489e-05	0.993102	0.993102	4.91781e-05	0.0433829	0.993102	0.993102	1.55508e-22	0.993102	0.993102	0.993085	0.00141867	1.69244e-13	1.1688e-13	0.108859	0.109744	0.993101	0.993102	2.42926e-05	0.00104627	0.00104488	2.44327e-05	5.68687e-05	1.18371	1.1835	1.18371	
0.993102	0.993095	0.993102	0.00781853	6.57048e-05	0.993102	0.993102	4.85185e-05	0.0437789	0.993102	0.993102	1.17195e-22	0.993102	0.993102	0.993085	0.00141757	1.59169e-13	1.15226e-13	0.110229	0.111085	0.993101	0.993102	2.39277e-05	0.00104343	0.00104206	2.40573e-05	5.61882e-05	1.18447	1.18426	1.18447	
0.993102	0.993095	0.993102	0.00786552	6.49189e-05	0.993102	0.993102	4.78394e-05	0.0441531	0.993102	0.993102	8.8497e-23	0.993102	0.993102	0.993084	0.00141445	1.51136e-13	1.13548e-13	0.111666	0.112499	0.993101	0.993102	2.35232e-05	0.00103925	0.00103789	2.3644e-05	5.54742e-05	1.18403	1.18383	1.18403	
0.993102	0.993095	0.993102	0.00791951	6.44864e-05	0.993102	0.993102	4.74231e-05	0.0442544	0.993102	0.993102	6.70319e-23	0.993102	0.993102	0.993084	0.00141008	1.45406e-13	1.12509e-13	0.112544	0.113353	0.993101	0.993102	2.32283e-05	0.00103419	0.00103285	2.33415e-05	5.50619e-05	1.1843	1.1841	1.18429	
0.993102	0.993095	0.993102	0.00796839	6.40961e-05	0.993102	0.993102	4.70378e-05	0.0443636	0.993102	0.993102	5.0961e-23	0.993102	0.993102	0.993084	0.00140682	1.40944e-13	1.11557e-13	0.113367	0.114156	0.993101	0.993102	2.29667e-05	0.00102988	0.00102856	2.30733e-05	5.46838e-05	1.18453	1.18433	1.18453	
0.993102	0.993095	0.993102	0.00801338	6.37461e-05	0.993102	0.993102	4.66847e-05	0.0444723	0.993102	0.993102	3.89273e-23	0.993102	0.993102	0.993084	0.00140432	1.37457e-13	1.10691e-13	0.114128	0.114903	0.993101	0.993102	2.27329e-05	0.0010261	0.00102479	2.28348e-05	5.43375e-05	1.18443	1.18422	1.18443	
0.993102	0.993095	0.993102	0.00805515	6.35308e-05	0.993102	0.993102	4.64336e-05	0.0445101	0.993102	0.993102	2.99254e-23	0.993102	0.993102	0.993084	0.00140239	1.3492e-13	1.10074e-13	0.114663	0.115432	0.993101	0.993102	2.25572e-05	0.00102271	0.00102141	2.26566e-05	5.41033e-05	1.18452	1.18431	1.18452	
0.993102	0.993095	0.993102	0.00809139	6.3352e-05	0.993102	0.993102	4.62136e-05	0.0445525	0.993102	0.993102	2.31866e-23	0.993102	0.993102	0.993084	0.0014013	1.32962e-13	1.09536e-13	0.115134	0.115901	0.993101	0.993102	2.24107e-05	0.00101997	0.00101869	2.25087e-05	5.39002e-05	1.18443	1.18421	1.18443	
0.993102	0.993095	0.993102	0.00812322	6.32591e-05	0.993102	0.993102	4.60619e-05	0.0445565	0.993102	0.993102	1.81471e-23	0.993102	0.993102	0.993084	0.00140075	1.3156e-13	1.09164e-13	0.115454	0.116222	0.993101	0.993102	2.23067e-05	0.00101771	0.00101643	2.24044e-05	5.37714e-05	1.1844	1.18418	1.1844	
0.993102	0.993095	0.993102	0.00814982	6.32102e-05	0.993102	0.993102	4.59487e-05	0.0445517	0.993102	0.993102	1.43778e-23	0.993102	0.993102	0.993084	0.00140076	1.30533e-13	1.08886e-13	0.115692	0.116462	0.993101	0.993102	2.2232e-05	0.001016	0.00101473	2.23297e-05	5.36837e-05	1.18527	1.1851	1.18527	
0.993102	0.993095	0.993102	0.00817172	6.29076e-05	0.993102	0.993102	4.56595e-05	0.0447265	0.993102	0.993102	1.15297e-23	0.993102	0.993102	0.993084	0.00140083	1.29179e-13	1.08194e-13	0.116365	0.117112	0.993101	0.993102	2.20809e-05	0.00101474	0.00101347	2.21726e-05	5.33988e-05	1.18583	1.18567	1.18583	
0.993102	0.993094	0.993102	0.00819712	6.25143e-05	0.993102	0.993102	4.53128e-05	0.0449382	0.993102	0.993102	9.37898e-24	0.993102	0.993102	0.993084	0.00139988	1.27807e-13	1.07367e-13	0.117182	0.117906	0.993101	0.993102	2.18885e-05	0.00101291	0.00101165	2.19742e-05	5.30417e-05	1.18613	1.18597	1.18612	
0.993102	0.993094	0.993102	0.00822702	6.21367e-05	0.993102	0.993102	4.49818e-05	0.0451147	0.993102	0.993102	7.75805e-24	0.993102	0.993102	0.993084	0.00139802	1.26595e-13	1.06579e-13	0.117965	0.118672	0.993101	0.993102	2.16903e-05	0.00101046	0.00100921	2.17711e-05	5.26976e-05	1.18545	1.18529	1.18545	
0.993102	0.993094	0.993102	0.00825924	6.20723e-05	0.993102	0.993102	4.4878e-05	0.0450632	0.993102	0.993102	6.56331e-24	0.993102	0.993102	0.993084	0.00139588	1.26115e-13	1.06329e-13	0.118206	0.118902	0.993101	0.993102	2.15952e-05	0.00100774	0.0010065	2.16733e-05	5.26147e-05	1.18557	1.1854	1.18557	
0.993102	0.993094	0.993102	0.00828389	6.1998e-05	0.993102	0.993102	4.4767e-05	0.0450609	0.993102	0.993102	5.66709e-24	0.993102	0.993102	0.993084	0.00139509	1.25682e-13	1.06064e-13	0.118465	0.119153	0.993101	0.993102	2.15171e-05	0.00100596	0.00100473	2.15933e-05	5.2522e-05	1.18537	1.1852	1.18537	
0.993102	0.993094	0.993102	0.0083043	6.20119e-05	0.993102	0.993102	4.47229e-05	0.0450181	0.993102	0.993102	5.003e-24	0.993102	0.993102	0.993084	0.0013949	1.25487e-13	1.05957e-13	0.118564	0.119249	0.993101	0.993102	2.14802e-05	0.00100464	0.00100341	2.15556e-05	5.25034e-05	1.1856	1.18544	1.1856	
0.993102	0.993094	0.993102	0.0083195	6.19555e-05	0.993102	0.993102	4.46328e-05	0.0450444	0.993102	0.993102	4.49979e-24	0.993102	0.993102	0.993084	0.00139529	1.25188e-13	1.05742e-13	0.118776	0.119456	0.993101	0.993102	2.14319e-05	0.00100387	0.00100264	2.15059e-05	5.24297e-05	1.18662	1.18648	1.18662	
0.993102	0.993094	0.993102	0.00833324	6.16047e-05	0.993102	0.993102	4.43371e-05	0.0452762	0.993102	0.993102	4.09263e-24	0.993102	0.993102	0.993084	0.00139547	1.24322e-13	1.05041e-13	0.119498	0.120163	0.993101	0.993102	2.12852e-05	0.00100316	0.00100194	2.13554e-05	5.21152e-05	1.18643	1.18629	1.18643	
0.993102	0.993094	0.993102	0.00835439	6.1404e-05	0.993102	0.993102	4.4154e-05	0.0453574	0.993102	0.993102	3.7903e-24	0.993102	0.993102	0.993084	0.00139418	1.23789e-13	1.04606e-13	0.119944	0.120599	0.993101	0.993102	2.11708e-05	0.00100146	0.00100024	2.12383e-05	5.19283e-05	1.18682	1.18669	1.18682	
0.993102	0.993094	0.993102	0.00837543	6.11414e-05	0.993102	0.993102	4.39272e-05	0.045483	0.993102	0.993102	3.55175e-24	0.993102	0.993102	0.993084	0.00139285	1.23144e-13	1.04068e-13	0.120506	0.121147	0.993101	0.993102	2.1036e-05	0.000999782	0.000998566	2.11001e-05	5.16912e-05	1.18688	1.18675	1.18688	
0.993102	0.993094	0.993102	0.00839826	6.0935e-05	0.993102	0.993102	4.37412e-05	0.0455614	0.993102	0.993102	3.37025e-24	0.993102	0.993102	0.993084	0.00139128	1.2263e-13	1.03626e-13	0.120966	0.121597	0.993101	0.993102	2.09166e-05	0.000997895	0.000996685	2.09781e-05	5.14997e-05	1.18755	1.18744	1.18755	
0.993102	0.993094	0.993102	0.0084206	6.05835e-05	0.993102	0.993102	4.3451e-05	0.0457489	0.993102	0.993102	3.21446e-24	0.993102	0.993102	0.993084	0.00138978	1.21826e-13	1.02938e-13	0.121699	0.122316	0.993101	0.993102	2.07497e-05	0.000996091	0.000994886	2.08076e-05	5.11878e-05	1.18759	1.18747	1.18759	
0.993102	0.993094	0.993102	0.00844718	6.03163e-05	0.993102	0.993102	4.32213e-05	0.0458552	0.993102	0.993102	3.09455e-24	0.993102	0.993102	0.993084	0.00138766	1.21202e-13	1.02393e-13	0.12228	0.122885	0.993101	0.993102	2.0602e-05	0.000993805	0.000992607	2.0657e-05	5.09456e-05	1.18721	1.18709	1.18721	
0.993102	0.993094	0.993102	0.00847388	6.02375e-05	0.993102	0.993102	4.31245e-05	0.0458295	0.993102	0.993102	3.01425e-24	0.993102	0.993102	0.993084	0.00138574	1.20965e-13	1.02163e-13	0.122523	0.123121	0.993101	0.993102	2.05189e-05	0.000991565	0.000990374	2.05724e-05	5.08584e-05	1.18742	1.1873	1.18741	
0.993102	0.993094	0.993102	0.00849504	6.01257e-05	0.993102	0.993102	4.30028e-05	0.0458591	0.993102	0.993102	2.94918e-24	0.993102	0.993102	0.993084	0.00138481	1.20662e-13	1.01875e-13	0.122832	0.123422	0.993101	0.993102	2.04388e-05	0.000990016	0.00098883	2.04905e-05	5.07431e-05	1.18764	1.18753	1.18764	
0.993102	0.993094	0.993102	0.00851396	5.99799e-05	0.993102	0.993102	4.28584e-05	0.0459243	0.993102	0.993102	2.89404e-24	0.993102	0.993102	0.993084	0.00138419	1.20297e-13	1.01532e-13	0.123201	0.123784	0.993101	0.993102	2.03527e-05	0.000988708	0.000987527	2.04027e-05	5.06e-05	1.18802	1.18792	1.18802	
0.993102	0.993094	0.993102	0.00853253	5.97631e-05	0.993102	0.993102	4.26655e-05	0.0460409	0.993102	0.993102	2.84166e-24	0.993102	0.993102	0.993084	0.00138347	1.19791e-13	1.01075e-13	0.123701	0.124274	0.993101	0.993102	2.02435e-05	0.000987407	0.00098623	2.02912e-05	5.03996e-05	1.18794	1.18783	1.18794	
0.993102	0.993094	0.993102	0.00855304	5.96315e-05	0.993102	0.993102	4.25351e-05	0.0460838	0.993102	0.993102	2.80345e-24	0.993102	0.993102	0.993084	0.00138239	1.19463e-13	1.00765e-13	0.124039	0.124605	0.993101	0.993102	2.01585e-05	0.000985854	0.000984682	2.02047e-05	5.02703e-05	1.18772	1.18762	1.18772	
0.993102	0.993094	0.993102	0.008572	5.9604e-05	0.993102	0.993102	4.24792e-05	0.0460588	0.993102	0.993102	2.78046e-24	0.993102	0.993102	0.993084	0.00138158	1.19349e-13	1.00633e-13	0.124183	0.124744	0.993101	0.993102	2.01123e-05	0.00098448	0.000983312	2.01575e-05	5.02277e-05	1.18755	1.18744	1.18755	
0.993102	0.993094	0.993102	0.00858675	5.964e-05	0.993102	0.993102	4.24695e-05	0.0460089	0.993102	0.993102	2.76856e-24	0.993102	0.993102	0.993084	0.00138144	1.19367e-13	1.00609e-13	0.124207	0.124766	0.993101	0.993102	2.00974e-05	0.000983574	0.00098241	2.01423e-05	5.02378e-05	1.18782	1.18772	1.18782	
0.993102	0.993094	0.993102	0.0085969	5.95907e-05	0.993102	0.993102	4.24018e-05	0.0460411	0.993102	0.993102	2.75311e-24	0.993102	0.993102	0.993084	0.00138186	1.19216e-13	1.00449e-13	0.124383	0.124938	0.993101	0.993102	2.00642e-05	0.000983143	0.000981981	2.01083e-05	5.01785e-05	1.18779	1.18768	1.18779	
0.993102	0.993094	0.993102	0.00860677	5.95663e-05	0.993102	0.993102	4.23557e-05	0.0460518	0.993102	0.993102	2.74217e-24	0.993102	0.993102	0.993084	0.00138211	1.19125e-13	1.00339e-13	0.1245	0.125055	0.993101	0.993102	2.00392e-05	0.000982661	0.000981501	2.00832e-05	5.01412e-05	1.18798	1.18787	1.18798	
0.993102	0.993094	0.993102	0.00861546	5.94945e-05	0.993102	0.993102	4.2279e-05	0.0460994	0.993102	0.993102	2.72882e-24	0.993102	0.993102	0.993084	0.00138237	1.18944e-13	1.00157e-13	0.124698	0.125253	0.993101	0.993102	2.00005e-05	0.000982247	0.000981088	2.00443e-05	5.00657e-05	1.18764	1.18754	1.18764	
0.993102	0.993094	0.993102	0.00862478	5.95435e-05	0.993102	0.993102	4.22908e-05	0.0460503	0.993102	0.993102	2.72742e-24	0.993102	0.993102	0.993084	0.00138234	1.19008e-13	1.00185e-13	0.124667	0.125221	0.993101	0.993102	2.00004e-05	0.000981702	0.000980545	2.00441e-05	5.00936e-05	1.18789	1.18779	1.18789	
0.993102	0.993094	0.993102	0.00863043	5.95099e-05	0.993102	0.993102	4.22458e-05	0.0460764	0.993102	0.993102	2.72039e-24	0.993102	0.993102	0.993084	0.00138274	1.18905e-13	1.00079e-13	0.124788	0.125336	0.993101	0.993102	1.99807e-05	0.000981536	0.00098038	2.00234e-05	5.00551e-05	1.18804	1.18794	1.18804	
0.993102	0.993094	0.993102	0.00863628	5.94405e-05	0.993102	0.993102	4.21783e-05	0.046124	0.993102	0.993102	2.71066e-24	0.993102	0.993102	0.993084	0.00138292	1.18735e-13	9.99188e-14	0.124967	0.125511	0.993101	0.993102	1.99479e-05	0.000981284	0.000980128	1.99897e-05	4.99881e-05	1.18772	1.18762	1.18772	
0.993102	0.993094	0.993102	0.00864322	5.94879e-05	0.993102	0.993102	4.21958e-05	0.0460759	0.993102	0.993102	2.71162e-24	0.993102	0.993102	0.993084	0.00138277	1.188e-13	9.996e-14	0.124928	0.125465	0.993101	0.993102	1.99513e-05	0.000980859	0.000979705	1.9992e-05	5.0021e-05	1.18794	1.18786	1.18794	
0.993102	0.993094	0.993102	0.00864693	5.94576e-05	0.993102	0.993102	4.21593e-05	0.0460993	0.993102	0.993102	2.70683e-24	0.993102	0.993102	0.993084	0.00138306	1.18709e-13	9.98736e-14	0.12503	0.12556	0.993101	0.993102	1.9936e-05	0.00098078	0.000979625	1.99752e-05	4.99902e-05	1.18802	1.18793	1.18802	
0.993102	0.993094	0.993102	0.00865104	5.94129e-05	0.993102	0.993102	4.21149e-05	0.0461287	0.993102	0.993102	2.7009e-24	0.993102	0.993102	0.993084	0.00138316	1.18596e-13	9.97683e-14	0.125151	0.125675	0.993101	0.993102	1.99145e-05	0.000980604	0.00097945	1.99526e-05	4.99477e-05	1.18775	1.18767	1.18775	
0.993102	0.993094	0.993102	0.00865575	5.94605e-05	0.993102	0.993102	4.21372e-05	0.0460854	0.993102	0.993102	2.70336e-24	0.993102	0.993102	0.993084	0.00138309	1.1867e-13	9.98212e-14	0.125096	0.125616	0.993101	0.993102	1.99221e-05	0.000980328	0.000979174	1.99595e-05	4.99827e-05	1.18803	1.18795	1.18803	
0.993102	0.993094	0.993102	0.0086578	5.94144e-05	0.993102	0.993102	4.20941e-05	0.0461229	0.993102	0.993102	2.69823e-24	0.993102	0.993102	0.993084	0.00138337	1.18557e-13	9.97189e-14	0.125214	0.125729	0.993101	0.993102	1.99043e-05	0.000980335	0.000979181	1.99406e-05	4.99404e-05	1.18795	1.18787	1.18795	
0.993102	0.993094	0.993102	0.00866114	5.94047e-05	0.993102	0.993102	4.20785e-05	0.0461248	0.993102	0.993102	2.69613e-24	0.993102	0.993102	0.993084	0.00138335	1.18521e-13	9.96821e-14	0.125258	0.125769	0.993101	0.993102	1.98953e-05	0.000980155	0.000979001	1.99309e-05	4.99289e-05	1.18808	1.188	1.18807	
0.993102	0.993094	0.993102	0.00866402	5.93612e-05	0.993102	0.993102	4.20397e-05	0.0461528	0.993102	0.993102	2.69114e-24	0.993102	0.993102	0.993084	0.00138335	1.18417e-13	9.95902e-14	0.125364	0.12587	0.993101	0.993102	1.9876e-05	0.000980011	0.000978857	1.99106e-05	4.98898e-05	1.18834	1.18825	1.18833	
0.993102	0.993094	0.993102	0.00866762	5.92521e-05	0.993102	0.993102	4.19554e-05	0.0462254	0.993102	0.993102	2.68012e-24	0.993102	0.993102	0.993084	0.00138319	1.18186e-13	9.93903e-14	0.125589	0.126092	0.993101	0.993102	1.98328e-05	0.000979765	0.000978612	1.98668e-05	4.97954e-05	1.18847	1.1884	1.18847	
0.993102	0.993094	0.993102	0.00867379	5.91305e-05	0.993102	0.993102	4.18624e-05	0.0462935	0.993102	0.993102	2.6672e-24	0.993102	0.993102	0.993084	0.0013826	1.17928e-13	9.917e-14	0.125839	0.126337	0.993101	0.993102	1.97796e-05	0.000979223	0.000978071	1.98126e-05	4.96913e-05	1.18834	1.18826	1.18834	
0.993102	0.993094	0.993102	0.0086819	5.908e-05	0.993102	0.993102	4.18189e-05	0.0463009	0.993102	0.993102	2.66023e-24	0.993102	0.993102	0.993084	0.00138178	1.17815e-13	9.90669e-14	0.125955	0.126452	0.993101	0.993102	1.9746e-05	0.000978481	0.000977331	1.97785e-05	4.96451e-05	1.18848	1.1884	1.18848	
0.993102	0.993094	0.993102	0.00868899	5.90054e-05	0.993102	0.993102	4.17569e-05	0.0463328	0.993102	0.993102	2.65143e-24	0.993102	0.993102	0.993084	0.0013812	1.17648e-13	9.89199e-14	0.126123	0.126615	0.993101	0.993102	1.9707e-05	0.00097789	0.000976742	1.97387e-05	4.95791e-05	1.18836	1.18829	1.18836	
0.993102	0.993094	0.993102	0.00869631	5.8985e-05	0.993102	0.993102	4.17325e-05	0.0463248	0.993102	0.993102	2.64749e-24	0.993102	0.993102	0.993084	0.00138064	1.1759e-13	9.8862e-14	0.126191	0.126679	0.993101	0.993102	1.96857e-05	0.00097729	0.000976143	1.97168e-05	4.95575e-05	1.18845	1.18838	1.18845	
0.993102	0.993094	0.993102	0.00870207	5.89458e-05	0.993102	0.993102	4.16944e-05	0.0463395	0.993102	0.993102	2.6424e-24	0.993102	0.993102	0.993084	0.00138036	1.17493e-13	9.87716e-14	0.126295	0.12678	0.993101	0.993102	1.9662e-05	0.00097688	0.000975735	1.96923e-05	4.95201e-05	1.18819	1.18811	1.18819	
0.993102	0.993094	0.993102	0.00870753	5.89972e-05	0.993102	0.993102	4.17205e-05	0.0462881	0.993102	0.993102	2.64553e-24	0.993102	0.993102	0.993084	0.00138013	1.17577e-13	9.88332e-14	0.126229	0.126711	0.993101	0.993102	1.96691e-05	0.000976501	0.000975357	1.96988e-05	4.95585e-05	1.18851	1.18844	1.18851	
0.993102	0.993094	0.993102	0.00870985	5.8941e-05	0.993102	0.993102	4.16707e-05	0.046333	0.993102	0.993102	2.64e-24	0.993102	0.993102	0.993084	0.00138038	1.17448e-13	9.87154e-14	0.126364	0.126843	0.993101	0.993102	1.96473e-05	0.00097647	0.000975326	1.96766e-05	4.95065e-05	1.18858	1.18851	1.18858	
0.993102	0.993094	0.993102	0.00871375	5.88794e-05	0.993102	0.993102	4.16188e-05	0.0463723	0.993102	0.993102	2.63352e-24	0.993102	0.993102	0.993083	0.0013803	1.17313e-13	9.85922e-14	0.126503	0.126981	0.993101	0.993102	1.96199e-05	0.000976226	0.000975083	1.9649e-05	4.94501e-05	1.18873	1.18865	1.18873	
0.993102	0.993094	0.993102	0.00871872	5.87906e-05	0.993102	0.993102	4.15481e-05	0.0464261	0.993102	0.993102	2.62431e-24	0.993102	0.993102	0.993083	0.00138003	1.17124e-13	9.84247e-14	0.126692	0.12717	0.993101	0.993102	1.9581e-05	0.00097585	0.000974708	1.96098e-05	4.93712e-05	1.18906	1.18899	1.18906	
0.993102	0.993094	0.993102	0.00872522	5.86288e-05	0.993102	0.993102	4.14258e-05	0.046527	0.993102	0.993102	2.60815e-24	0.993102	0.993102	0.993083	0.00137949	1.16787e-13	9.81349e-14	0.127024	0.127499	0.993101	0.993102	1.95144e-05	0.000975305	0.000974164	1.95426e-05	4.9232e-05	1.18924	1.18918	1.18924	
0.993102	0.993094	0.993102	0.00873506	5.84548e-05	0.993102	0.993102	4.12942e-05	0.0466218	0.993102	0.993102	2.59003e-24	0.993102	0.993102	0.993083	0.00137847	1.16425e-13	9.78229e-14	0.127382	0.127855	0.993101	0.993102	1.94365e-05	0.000974402	0.000973263	1.94641e-05	4.90819e-05	1.18922	1.18916	1.18922	
0.993102	0.993094	0.993102	0.00874745	5.83348e-05	0.993102	0.993102	4.11988e-05	0.0466652	0.993102	0.993102	2.57598e-24	0.993102	0.993102	0.993083	0.00137717	1.16167e-13	9.75968e-14	0.127643	0.128113	0.993101	0.993102	1.93716e-05	0.000973262	0.000972126	1.93984e-05	4.89764e-05	1.18895	1.18889	1.18895	
0.993102	0.993094	0.993102	0.00875971	5.83277e-05	0.993102	0.993102	4.11807e-05	0.0466262	0.993102	0.993102	2.57194e-24	0.993102	0.993102	0.993083	0.00137603	1.16128e-13	9.75536e-14	0.127697	0.12816	0.993101	0.993102	1.93449e-05	0.000972196	0.000971063	1.93707e-05	4.89652e-05	1.1891	1.18904	1.1891	
0.993102	0.993094	0.993102	0.00876825	5.82825e-05	0.993102	0.993102	4.11339e-05	0.0466379	0.993102	0.993102	2.56569e-24	0.993102	0.993102	0.993083	0.00137558	1.1601e-13	9.74427e-14	0.12783	0.128287	0.993101	0.993102	1.93143e-05	0.000971588	0.000970458	1.93389e-05	4.89214e-05	1.18914	1.18909	1.18914	
0.993102	0.993094	0.993102	0.0087759	5.82382e-05	0.993102	0.993102	4.1088e-05	0.0466541	0.993102	0.993102	2.55986e-24	0.993102	0.993102	0.993083	0.00137529	1.15896e-13	9.73338e-14	0.127959	0.128411	0.993101	0.993102	1.9286e-05	0.000971076	0.000969948	1.93098e-05	4.88775e-05	1.18953	1.18947	1.18953	
0.993102	0.993094	0.993102	0.00878302	5.80955e-05	0.993102	0.993102	4.09733e-05	0.0467482	0.993102	0.993102	2.5456e-24	0.993102	0.993102	0.993083	0.00137505	1.15587e-13	9.7062e-14	0.128278	0.128725	0.993101	0.993102	1.92264e-05	0.000970614	0.000969487	1.92491e-05	4.87516e-05	1.18961	1.18956	1.18961	
0.993102	0.993094	0.993102	0.00879311	5.79659e-05	0.993102	0.993102	4.08684e-05	0.046817	0.993102	0.993102	2.53168e-24	0.993102	0.993102	0.993083	0.00137433	1.15307e-13	9.68133e-14	0.128569	0.129013	0.993101	0.993102	1.91645e-05	0.000969809	0.000968684	1.91866e-05	4.86361e-05	1.18998	1.18993	1.18998	
0.993102	0.993093	0.993102	0.00880459	5.77658e-05	0.993102	0.993102	4.07132e-05	0.0469357	0.993102	0.993102	2.5114e-24	0.993102	0.993102	0.993083	0.00137345	1.14886e-13	9.64455e-14	0.129002	0.129444	0.993101	0.993102	1.90767e-05	0.00096887	0.000967748	1.90983e-05	4.8461e-05	1.19002	1.18998	1.19002	
0.993102	0.993093	0.993102	0.00881944	5.76061e-05	0.993102	0.993102	4.05854e-05	0.0470066	0.993102	0.993102	2.4937e-24	0.993102	0.993102	0.993083	0.00137209	1.14541e-13	9.61425e-14	0.129362	0.129799	0.993101	0.993102	1.89954e-05	0.000967591	0.000966472	1.9016e-05	4.83203e-05	1.18989	1.18984	1.18989	
0.993102	0.993093	0.993102	0.00883501	5.75309e-05	0.993102	0.993102	4.05148e-05	0.0470129	0.993102	0.993102	2.4832e-24	0.993102	0.993102	0.993083	0.00137081	1.14364e-13	9.59751e-14	0.12956	0.129994	0.993101	0.993102	1.8941e-05	0.000966288	0.000965174	1.8961e-05	4.82478e-05	1.18994	1.18989	1.18994	
0.993102	0.993093	0.993102	0.00884833	5.74634e-05	0.993102	0.993102	4.04479e-05	0.0470279	0.993102	0.993102	2.4741e-24	0.993102	0.993102	0.993083	0.00137	1.14199e-13	9.58163e-14	0.129749	0.13018	0.993101	0.993102	1.88946e-05	0.000965282	0.000964171	1.8914e-05	4.8181e-05	1.18997	1.18992	1.18997	
0.993102	0.993093	0.993102	0.00886014	5.74093e-05	0.993102	0.993102	4.03898e-05	0.0470416	0.993102	0.993102	2.46662e-24	0.993102	0.993102	0.993083	0.00136948	1.14061e-13	9.56785e-14	0.129914	0.130342	0.993101	0.993102	1.88559e-05	0.000964456	0.000963348	1.88749e-05	4.81247e-05	1.19019	1.19015	1.19019	
0.993102	0.993093	0.993102	0.00887064	5.73072e-05	0.993102	0.993102	4.02983e-05	0.0470995	0.993102	0.993102	2.45545e-24	0.993102	0.993102	0.993083	0.00136915	1.13828e-13	9.54615e-14	0.130173	0.130599	0.993101	0.993102	1.88045e-05	0.000963772	0.000962666	1.88229e-05	4.80285e-05	1.19025	1.19021	1.19025	
0.993102	0.993093	0.993102	0.00888201	5.72167e-05	0.993102	0.993102	4.02157e-05	0.0471429	0.993102	0.993102	2.44504e-24	0.993102	0.993102	0.993083	0.00136864	1.13618e-13	9.52656e-14	0.130409	0.130831	0.993101	0.993102	1.87549e-05	0.000962979	0.000961875	1.87729e-05	4.79425e-05	1.19017	1.19013	1.19017	
0.993102	0.993093	0.993102	0.00889346	5.71769e-05	0.993102	0.993102	4.01688e-05	0.0471455	0.993102	0.993102	2.43891e-24	0.993102	0.993102	0.993083	0.0013681	1.13509e-13	9.51544e-14	0.130544	0.130963	0.993101	0.993102	1.87218e-05	0.000962175	0.000961074	1.87391e-05	4.78993e-05	1.18988	1.18984	1.18988	
0.993102	0.993093	0.993102	0.00890317	5.72323e-05	0.993102	0.993102	4.01889e-05	0.0470832	0.993102	0.993102	2.44143e-24	0.993102	0.993102	0.993083	0.00136785	1.1359e-13	9.52018e-14	0.130489	0.130905	0.993101	0.993102	1.87235e-05	0.00096156	0.000960461	1.87406e-05	4.79351e-05	1.18984	1.1898	1.18984	
0.993102	0.993093	0.993102	0.00890852	5.72887e-05	0.993102	0.993102	4.02105e-05	0.0470406	0.993102	0.993102	2.44522e-24	0.993102	0.993102	0.993083	0.00136821	1.13674e-13	9.52529e-14	0.13043	0.130843	0.993101	0.993102	1.87347e-05	0.000961402	0.000960304	1.87513e-05	4.79726e-05	1.18978	1.18974	1.18978	
0.993102	0.993093	0.993102	0.00891111	5.73494e-05	0.993102	0.993102	4.02374e-05	0.047005	0.993102	0.993102	2.45008e-24	0.993102	0.993102	0.993083	0.00136883	1.1377e-13	9.53166e-14	0.130356	0.130767	0.993101	0.993102	1.87525e-05	0.000961489	0.000960392	1.87688e-05	4.80151e-05	1.18989	1.18985	1.18989	
0.993102	0.993093	0.993102	0.00891169	5.73642e-05	0.993102	0.993102	4.02351e-05	0.0470111	0.993102	0.993102	2.45154e-24	0.993102	0.993102	0.993083	0.0013696	1.13781e-13	9.53111e-14	0.130363	0.130773	0.993101	0.993102	1.8759e-05	0.000961728	0.00096063	1.87752e-05	4.80203e-05	1.19012	1.19009	1.19012	
0.993102	0.993093	0.993102	0.00891245	5.73081e-05	0.993102	0.993102	4.0186e-05	0.0470661	0.993102	0.993102	2.44674e-24	0.993102	0.993102	0.993083	0.0013701	1.13652e-13	9.51948e-14	0.130505	0.130912	0.993101	0.993102	1.87413e-05	0.000961876	0.000960778	1.87569e-05	4.79689e-05	1.19008	1.19004	1.19008	
0.993102	0.993093	0.993102	0.00891553	5.728e-05	0.993102	0.993102	4.01587e-05	0.0470841	0.993102	0.993102	2.44366e-24	0.993102	0.993102	0.993083	0.00137011	1.13583e-13	9.51301e-14	0.130584	0.130989	0.993101	0.993102	1.87273e-05	0.000961722	0.000960624	1.87425e-05	4.79418e-05	1.18989	1.18986	1.18989	
0.993102	0.993093	0.993102	0.00891892	5.73129e-05	0.993102	0.993102	4.01747e-05	0.0470518	0.993102	0.993102	2.44567e-24	0.993102	0.993102	0.993083	0.00137003	1.13636e-13	9.51682e-14	0.13054	0.130943	0.993101	0.993102	1.87325e-05	0.000961518	0.000960421	1.87473e-05	4.79661e-05	1.18984	1.1898	1.18984	
0.993102	0.993093	0.993102	0.00892031	5.73539e-05	0.993102	0.993102	4.01969e-05	0.0470229	0.993102	0.993102	2.44894e-24	0.993102	0.993102	0.993083	0.00137024	1.13707e-13	9.52208e-14	0.13048	0.13088	0.993101	0.993102	1.87444e-05	0.000961522	0.000960425	1.87589e-05	4.79973e-05	1.19	1.18996	1.19	
0.993102	0.993093	0.993102	0.00892019	5.73394e-05	0.993102	0.993102	4.01813e-05	0.0470438	0.993102	0.993102	2.4479e-24	0.993102	0.993102	0.993083	0.00137063	1.1367e-13	9.51838e-14	0.130524	0.130924	0.993101	0.993102	1.87412e-05	0.000961665	0.000960568	1.87557e-05	4.7982e-05	1.1901	1.19006	1.1901	
0.993102	0.993093	0.993102	0.00892102	5.73002e-05	0.993102	0.993102	4.01498e-05	0.0470768	0.993102	0.993102	2.44443e-24	0.993102	0.993102	0.993083	0.00137077	1.13586e-13	9.51092e-14	0.130613	0.131013	0.993101	0.993102	1.87276e-05	0.000961672	0.000960574	1.8742e-05	4.79469e-05	1.19027	1.19023	1.19027	
0.993102	0.993093	0.993102	0.00892319	5.72207e-05	0.993102	0.993102	4.00907e-05	0.0471337	0.993102	0.993102	2.43715e-24	0.993102	0.993102	0.993083	0.00137066	1.13423e-13	9.49692e-14	0.130781	0.131181	0.993101	0.993102	1.86978e-05	0.000961516	0.000960419	1.87121e-05	4.78786e-05	1.1903	1.19026	1.1903	
0.993102	0.993093	0.993102	0.00892754	5.71547e-05	0.993102	0.993102	4.00411e-05	0.0471689	0.993102	0.993102	2.43044e-24	0.993102	0.993102	0.993083	0.00137021	1.13287e-13	9.48515e-14	0.130923	0.131322	0.993101	0.993102	1.86678e-05	0.000961124	0.000960028	1.8682e-05	4.78215e-05	1.19024	1.1902	1.19024	
0.993102	0.993093	0.993102	0.00893276	5.71222e-05	0.993102	0.993102	4.0014e-05	0.047175	0.993102	0.993102	2.42636e-24	0.993102	0.993102	0.993083	0.0013697	1.13216e-13	9.47873e-14	0.131	0.131399	0.993101	0.993102	1.86472e-05	0.00096066	0.000959565	1.86613e-05	4.77919e-05	1.1904	1.19036	1.1904	
0.993102	0.993093	0.993102	0.00893741	5.70553e-05	0.993102	0.993102	3.99618e-05	0.0472127	0.993102	0.993102	2.41956e-24	0.993102	0.993102	0.993083	0.00136933	1.13075e-13	9.46636e-14	0.13115	0.131548	0.993101	0.993102	1.86169e-05	0.000960284	0.000959189	1.86308e-05	4.77332e-05	1.19037	1.19033	1.19037	
0.993102	0.993093	0.993102	0.00894299	5.70138e-05	0.993102	0.993102	3.99269e-05	0.0472263	0.993102	0.993102	2.41467e-24	0.993102	0.993102	0.993083	0.00136885	1.12983e-13	9.45809e-14	0.131251	0.131648	0.993101	0.993102	1.8593e-05	0.00095982	0.000958727	1.86067e-05	4.76956e-05	1.19039	1.19036	1.19039	
0.993102	0.993093	0.993102	0.00894827	5.69774e-05	0.993102	0.993102	3.98948e-05	0.0472387	0.993102	0.993102	2.41031e-24	0.993102	0.993102	0.993083	0.00136847	1.129e-13	9.45047e-14	0.131345	0.13174	0.993101	0.993102	1.85716e-05	0.000959406	0.000958315	1.8585e-05	4.76618e-05	1.19028	1.19024	1.19028	
0.993102	0.993093	0.993102	0.00895325	5.69849e-05	0.993102	0.993102	3.98929e-05	0.0472188	0.993102	0.993102	2.40976e-24	0.993102	0.993102	0.993083	0.00136817	1.12903e-13	9.45002e-14	0.131351	0.131745	0.993101	0.993102	1.85652e-05	0.000959037	0.000957947	1.85784e-05	4.76644e-05	1.19031	1.19028	1.19031	
0.993102	0.993093	0.993102	0.00895653	5.69824e-05	0.993102	0.993102	3.98839e-05	0.0472159	0.993102	0.993102	2.40885e-24	0.993102	0.993102	0.993083	0.00136816	1.12887e-13	9.44788e-14	0.131378	0.13177	0.993101	0.993102	1.85592e-05	0.000958856	0.000957767	1.85722e-05	4.76585e-05	1.1905	1.19047	1.1905	
0.993102	0.993093	0.993102	0.00895915	5.69287e-05	0.993102	0.993102	3.98395e-05	0.0472554	0.993102	0.993102	2.40374e-24	0.993102	0.993102	0.993083	0.00136818	1.12768e-13	9.43736e-14	0.131509	0.131898	0.993101	0.993102	1.85378e-05	0.000958735	0.000957646	1.85503e-05	4.76107e-05	1.19043	1.1904	1.19043	
0.993102	0.993093	0.993102	0.00896312	5.69084e-05	0.993102	0.993102	3.98192e-05	0.0472613	0.993102	0.993102	2.40111e-24	0.993102	0.993102	0.993083	0.00136798	1.12718e-13	9.43254e-14	0.131568	0.131956	0.993101	0.993102	1.85244e-05	0.000958454	0.000957366	1.85367e-05	4.75904e-05	1.1904	1.19037	1.1904	
0.993102	0.993093	0.993102	0.00896671	5.69017e-05	0.993102	0.993102	3.98084e-05	0.0472584	0.993102	0.993102	2.39974e-24	0.993102	0.993102	0.993083	0.00136784	1.12695e-13	9.42997e-14	0.1316	0.131987	0.993101	0.993102	1.85161e-05	0.000958215	0.000957127	1.85283e-05	4.75816e-05	1.19052	1.19049	1.19052	
0.993102	0.993093	0.993102	0.00896958	5.68644e-05	0.993102	0.993102	3.97762e-05	0.0472834	0.993102	0.993102	2.39598e-24	0.993102	0.993102	0.993083	0.00136781	1.12612e-13	9.42234e-14	0.131693	0.13208	0.993101	0.993102	1.84994e-05	0.00095805	0.000956963	1.85114e-05	4.7547e-05	1.19046	1.19042	1.19046	
0.993102	0.993093	0.993102	0.00897312	5.68555e-05	0.993102	0.993102	3.97642e-05	0.0472823	0.993102	0.993102	2.39445e-24	0.993102	0.993102	0.993083	0.00136766	1.12586e-13	9.4195e-14	0.131727	0.132114	0.993101	0.993102	1.84905e-05	0.000957805	0.000956719	1.85025e-05	4.7536e-05	1.19055	1.19052	1.19055	
0.993102	0.993093	0.993102	0.00897603	5.68233e-05	0.993102	0.993102	3.97361e-05	0.0473023	0.993102	0.993102	2.39111e-24	0.993102	0.993102	0.993083	0.00136759	1.12514e-13	9.41283e-14	0.131809	0.132195	0.993101	0.993102	1.84753e-05	0.000957628	0.000956542	1.84872e-05	4.75061e-05	1.1905	1.19047	1.1905	
0.993102	0.993093	0.993102	0.00897936	5.68129e-05	0.993102	0.993102	3.97234e-05	0.0473023	0.993102	0.993102	2.38948e-24	0.993102	0.993102	0.993083	0.00136744	1.12484e-13	9.40982e-14	0.131847	0.132232	0.993101	0.993102	1.84662e-05	0.000957398	0.000956314	1.8478e-05	4.74946e-05	1.19064	1.19061	1.19064	
0.993102	0.993093	0.993102	0.00898216	5.67669e-05	0.993102	0.993102	3.96859e-05	0.0473332	0.993102	0.993102	2.38499e-24	0.993102	0.993102	0.993083	0.00136736	1.12384e-13	9.40093e-14	0.131957	0.13234	0.993101	0.993102	1.84467e-05	0.000957227	0.000956142	1.84582e-05	4.74536e-05	1.19064	1.19061	1.19064	
0.993102	0.993093	0.993102	0.00898589	5.67326e-05	0.993102	0.993102	3.96567e-05	0.0473498	0.993102	0.993102	2.38124e-24	0.993102	0.993102	0.993083	0.00136713	1.12308e-13	9.39402e-14	0.132042	0.132425	0.993101	0.993102	1.8429e-05	0.000956949	0.000955866	1.84403e-05	4.74223e-05	1.19081	1.19078	1.19081	
0.993102	0.993093	0.993102	0.00898977	5.66609e-05	0.993102	0.993102	3.96013e-05	0.0473956	0.993102	0.993102	2.37431e-24	0.993102	0.993102	0.993083	0.00136687	1.12156e-13	9.38088e-14	0.132205	0.132586	0.993101	0.993102	1.8399e-05	0.000956661	0.000955578	1.84099e-05	4.73601e-05	1.19091	1.19089	1.19091	
0.993102	0.993093	0.993102	0.00899507	5.65787e-05	0.993102	0.993102	3.95383e-05	0.0474427	0.993102	0.993102	2.36615e-24	0.993102	0.993102	0.993083	0.00136641	1.11983e-13	9.36596e-14	0.132391	0.132769	0.993101	0.993102	1.83627e-05	0.000956225	0.000955144	1.83731e-05	4.72893e-05	1.19089	1.19086	1.19089	
0.993102	0.993093	0.993102	0.00900165	5.65266e-05	0.993102	0.993102	3.94956e-05	0.0474611	0.993102	0.993102	2.3602e-24	0.993102	0.993102	0.993083	0.00136582	1.11869e-13	9.35583e-14	0.132518	0.132893	0.993101	0.993102	1.83337e-05	0.000955672	0.000954592	1.83438e-05	4.72426e-05	1.19087	1.19084	1.19087	
0.993102	0.993093	0.993102	0.00900798	5.64953e-05	0.993102	0.993102	3.94665e-05	0.0474661	0.993102	0.993102	2.35611e-24	0.993102	0.993102	0.993083	0.00136535	1.11796e-13	9.34891e-14	0.132603	0.132978	0.993101	0.993102	1.83123e-05	0.00095517	0.000954091	1.83222e-05	4.72124e-05	1.19093	1.1909	1.19092	
0.993102	0.993093	0.993102	0.00901352	5.64568e-05	0.993102	0.993102	3.94316e-05	0.0474822	0.993102	0.993102	2.35166e-24	0.993102	0.993102	0.993083	0.00136504	1.11707e-13	9.34064e-14	0.132706	0.13308	0.993101	0.993102	1.82903e-05	0.000954769	0.000953692	1.83001e-05	4.71758e-05	1.191	1.19097	1.191	
0.993102	0.993093	0.993102	0.00901889	5.64092e-05	0.993102	0.993102	3.93901e-05	0.0475069	0.993102	0.993102	2.3465e-24	0.993102	0.993102	0.993083	0.00136478	1.11601e-13	9.33081e-14	0.132828	0.133201	0.993101	0.993102	1.82657e-05	0.000954392	0.000953316	1.82754e-05	4.71314e-05	1.19099	1.19097	1.19099	
0.993102	0.993093	0.993102	0.00902451	5.63757e-05	0.993102	0.993102	3.93585e-05	0.0475192	0.993102	0.993102	2.34247e-24	0.993102	0.993102	0.993083	0.00136449	1.11522e-13	9.32331e-14	0.132921	0.133294	0.993101	0.993102	1.82453e-05	0.000953991	0.000952917	1.82549e-05	4.70987e-05	1.19114	1.19111	1.19114	
0.993102	0.993093	0.993102	0.00902978	5.63122e-05	0.993102	0.993102	3.93058e-05	0.0475574	0.993102	0.993102	2.33604e-24	0.993102	0.993102	0.993083	0.00136424	1.11383e-13	9.31083e-14	0.133078	0.133449	0.993101	0.993102	1.8216e-05	0.000953632	0.000952559	1.82253e-05	4.70414e-05	1.19107	1.19105	1.19107	
0.993102	0.993093	0.993102	0.00903592	5.62837e-05	0.993102	0.993102	3.92775e-05	0.0475633	0.993102	0.993102	2.3323e-24	0.993102	0.993102	0.993083	0.00136388	1.11314e-13	9.30411e-14	0.133162	0.133532	0.993101	0.993102	1.81962e-05	0.00095318	0.000952108	1.82054e-05	4.70128e-05	1.19109	1.19107	1.19109	
0.993102	0.993093	0.993102	0.00904135	5.62593e-05	0.993102	0.993102	3.92518e-05	0.0475703	0.993102	0.993102	2.32911e-24	0.993102	0.993102	0.993083	0.00136365	1.11253e-13	9.29801e-14	0.133238	0.133607	0.993101	0.993102	1.81793e-05	0.000952813	0.000951742	1.81884e-05	4.69873e-05	1.19117	1.19114	1.19117	
0.993102	0.993093	0.993102	0.00904621	5.62212e-05	0.993102	0.993102	3.92165e-05	0.0475909	0.993102	0.993102	2.32492e-24	0.993102	0.993102	0.993083	0.0013635	1.11164e-13	9.28966e-14	0.133343	0.133711	0.993101	0.993102	1.81591e-05	0.000952504	0.000951434	1.8168e-05	4.69508e-05	1.19114	1.19111	1.19114	
0.993102	0.993093	0.993102	0.00905122	5.62023e-05	0.993102	0.993102	3.9195e-05	0.0475951	0.993102	0.993102	2.3223e-24	0.993102	0.993102	0.993083	0.00136332	1.11115e-13	9.28455e-14	0.133407	0.133775	0.993101	0.993102	1.81448e-05	0.000952175	0.000951106	1.81537e-05	4.69302e-05	1.19114	1.19112	1.19114	
0.993102	0.993093	0.993102	0.00905562	5.61886e-05	0.993102	0.993102	3.91772e-05	0.0475981	0.993102	0.993102	2.32026e-24	0.993102	0.993102	0.993083	0.00136322	1.11076e-13	9.28032e-14	0.133459	0.133827	0.993101	0.993102	1.81334e-05	0.000951908	0.00095084	1.81422e-05	4.69138e-05	1.19121	1.19119	1.19121	
0.993102	0.993093	0.993102	0.00905944	5.616e-05	0.993102	0.993102	3.91493e-05	0.0476152	0.993102	0.993102	2.31712e-24	0.993102	0.993102	0.993083	0.00136318	1.11007e-13	9.27371e-14	0.133543	0.13391	0.993101	0.993102	1.81183e-05	0.000951693	0.000950626	1.81269e-05	4.68855e-05	1.19118	1.19116	1.19118	
0.993102	0.993093	0.993102	0.00906343	5.61472e-05	0.993102	0.993102	3.91329e-05	0.0476183	0.993102	0.993102	2.31525e-24	0.993102	0.993102	0.993083	0.0013631	1.10971e-13	9.26982e-14	0.133591	0.133958	0.993101	0.993102	1.81078e-05	0.000951451	0.000950385	1.81164e-05	4.68704e-05	1.1912	1.19117	1.1912	
0.993102	0.993093	0.993102	0.00906691	5.6135e-05	0.993102	0.993102	3.91173e-05	0.0476227	0.993102	0.993102	2.31355e-24	0.993102	0.993102	0.993083	0.00136306	1.10937e-13	9.26613e-14	0.133638	0.134004	0.993101	0.993102	1.80985e-05	0.000951254	0.000950189	1.81071e-05	4.68561e-05	1.1912	1.19117	1.1912	
0.993102	0.993093	0.993102	0.00907003	5.61274e-05	0.993102	0.993102	3.91053e-05	0.0476248	0.993102	0.993102	2.3123e-24	0.993102	0.993102	0.993083	0.00136305	1.10912e-13	9.26326e-14	0.133674	0.13404	0.993101	0.993102	1.80913e-05	0.000951086	0.000950021	1.80998e-05	4.68457e-05	1.19122	1.19119	1.19122	
0.993102	0.993093	0.993102	0.00907274	5.61167e-05	0.993102	0.993102	3.90916e-05	0.0476305	0.993102	0.993102	2.31091e-24	0.993102	0.993102	0.993083	0.00136308	1.10882e-13	9.26002e-14	0.133714	0.13408	0.993101	0.993102	1.80838e-05	0.000950951	0.000949886	1.80924e-05	4.6833e-05	1.19124	1.19121	1.19124	
0.993102	0.993093	0.993102	0.00907527	5.61036e-05	0.993102	0.993102	3.90767e-05	0.0476382	0.993102	0.993102	2.30934e-24	0.993102	0.993102	0.993083	0.00136309	1.10848e-13	9.25649e-14	0.133758	0.134124	0.993101	0.993102	1.80758e-05	0.000950821	0.000949757	1.80843e-05	4.68187e-05	1.19127	1.19125	1.19127	
0.993102	0.993093	0.993102	0.00907775	5.60857e-05	0.993102	0.993102	3.90589e-05	0.0476492	0.993102	0.993102	2.30737e-24	0.993102	0.993102	0.993083	0.00136308	1.10804e-13	9.25228e-14	0.133812	0.134177	0.993101	0.993102	1.80663e-05	0.000950688	0.000949624	1.80747e-05	4.68009e-05	1.19136	1.19134	1.19136	
0.993102	0.993093	0.993102	0.00908033	5.60476e-05	0.993102	0.993102	3.90275e-05	0.0476749	0.993102	0.993102	2.30369e-24	0.993102	0.993102	0.993083	0.00136301	1.1072e-13	9.24482e-14	0.133907	0.134271	0.993101	0.993102	1.805e-05	0.000950536	0.000949472	1.80581e-05	4.67669e-05	1.19136	1.19134	1.19136	
0.993102	0.993093	0.993102	0.00908365	5.60183e-05	0.993102	0.993102	3.90024e-05	0.0476895	0.993102	0.993102	2.30055e-24	0.993102	0.993102	0.993083	0.00136282	1.10654e-13	9.23888e-14	0.133983	0.134346	0.993101	0.993102	1.8035e-05	0.000950298	0.000949236	1.80429e-05	4.67401e-05	1.19135	1.19133	1.19135	
0.993102	0.993093	0.993102	0.00908711	5.60017e-05	0.993102	0.993102	3.8986e-05	0.0476938	0.993102	0.993102	2.29843e-24	0.993102	0.993102	0.993083	0.00136263	1.10614e-13	9.23499e-14	0.134032	0.134394	0.993101	0.993102	1.80238e-05	0.000950051	0.000948989	1.80317e-05	4.67235e-05	1.19131	1.19128	1.19131	
0.993102	0.993093	0.993102	0.0090902	5.60021e-05	0.993102	0.993102	3.89813e-05	0.0476867	0.993102	0.993102	2.29783e-24	0.993102	0.993102	0.993083	0.00136252	1.10608e-13	9.23387e-14	0.134046	0.134408	0.993101	0.993102	1.80189e-05	0.000949845	0.000948784	1.80268e-05	4.67207e-05	1.19134	1.19132	1.19134	
0.993102	0.993093	0.993102	0.00909248	5.59926e-05	0.993102	0.993102	3.89697e-05	0.0476914	0.993102	0.993102	2.2966e-24	0.993102	0.993102	0.993083	0.00136251	1.10582e-13	9.23113e-14	0.134081	0.134443	0.993101	0.993102	1.80124e-05	0.000949725	0.000948664	1.80203e-05	4.67099e-05	1.19137	1.19135	1.19137	
0.993102	0.993093	0.993102	0.0090946	5.59796e-05	0.993102	0.993102	3.89561e-05	0.047699	0.993102	0.993102	2.29512e-24	0.993102	0.993102	0.993083	0.00136251	1.1055e-13	9.2279e-14	0.134122	0.134483	0.993101	0.993102	1.80051e-05	0.000949612	0.000948552	1.80129e-05	4.66965e-05	1.19132	1.1913	1.19132	
0.993102	0.993093	0.993102	0.00909673	5.59828e-05	0.993102	0.993102	3.8954e-05	0.0476933	0.993102	0.993102	2.29497e-24	0.993102	0.993102	0.993083	0.00136249	1.1055e-13	9.2274e-14	0.134128	0.13449	0.993101	0.993102	1.80028e-05	0.000949492	0.000948432	1.80106e-05	4.66964e-05	1.19133	1.19131	1.19133	
0.993102	0.993093	0.993102	0.00909826	5.59839e-05	0.993102	0.993102	3.89508e-05	0.0476918	0.993102	0.993102	2.29479e-24	0.993102	0.993102	0.993083	0.00136254	1.10547e-13	9.22664e-14	0.134137	0.134499	0.993101	0.993102	1.8001e-05	0.000949428	0.000948369	1.80089e-05	4.66949e-05	1.1913	1.19127	1.1913	
0.993102	0.993093	0.993102	0.00909947	5.5995e-05	0.993102	0.993102	3.89549e-05	0.0476834	0.993102	0.993102	2.29552e-24	0.993102	0.993102	0.993083	0.00136262	1.10564e-13	9.2276e-14	0.134124	0.134487	0.993101	0.993102	1.8003e-05	0.000949388	0.000948329	1.8011e-05	4.67016e-05	1.19134	1.19132	1.19134	
0.993102	0.993093	0.993102	0.00910011	5.59918e-05	0.993102	0.993102	3.89495e-05	0.0476883	0.993102	0.993102	2.29519e-24	0.993102	0.993102	0.993083	0.00136275	1.10554e-13	9.22633e-14	0.13414	0.134503	0.993101	0.993102	1.80014e-05	0.000949399	0.000948339	1.80095e-05	4.6697e-05	1.19132	1.19129	1.19132	
0.993102	0.993093	0.993102	0.00910086	5.59959e-05	0.993102	0.993102	3.89497e-05	0.0476859	0.993102	0.993102	2.29541e-24	0.993102	0.993102	0.993083	0.00136282	1.10558e-13	9.22638e-14	0.134139	0.134502	0.993101	0.993102	1.80019e-05	0.000949383	0.000948324	1.80099e-05	4.66987e-05	1.19135	1.19133	1.19135	
0.993102	0.993093	0.993102	0.00910139	5.59892e-05	0.993102	0.993102	3.89428e-05	0.0476925	0.993102	0.993102	2.29479e-24	0.993102	0.993102	0.993083	0.0013629	1.10542e-13	9.22474e-14	0.13416	0.134523	0.993101	0.993102	1.79992e-05	0.000949383	0.000948323	1.80072e-05	4.66919e-05	1.19138	1.19136	1.19138	
0.993102	0.993093	0.993102	0.00910213	5.59767e-05	0.993102	0.993102	3.89322e-05	0.047702	0.993102	0.993102	2.29362e-24	0.993102	0.993102	0.993083	0.00136291	1.10514e-13	9.22223e-14	0.134193	0.134555	0.993101	0.993102	1.79941e-05	0.000949351	0.000948292	1.8002e-05	4.66806e-05	1.19139	1.19136	1.19139	
0.993102	0.993093	0.993102	0.00910318	5.59654e-05	0.993102	0.993102	3.89226e-05	0.0477086	0.993102	0.993102	2.29246e-24	0.993102	0.993102	0.993083	0.00136286	1.10488e-13	9.21995e-14	0.134222	0.134583	0.993101	0.993102	1.79888e-05	0.000949282	0.000948223	1.79966e-05	4.66703e-05	1.1914	1.19138	1.1914	
0.993102	0.993093	0.993102	0.00910437	5.59527e-05	0.993102	0.993102	3.89121e-05	0.0477156	0.993102	0.993102	2.29116e-24	0.993102	0.993102	0.993083	0.00136279	1.1046e-13	9.21747e-14	0.134254	0.134615	0.993101	0.993102	1.79827e-05	0.000949198	0.000948139	1.79904e-05	4.66591e-05	1.1914	1.19138	1.1914	
0.993102	0.993093	0.993102	0.00910568	5.59437e-05	0.993102	0.993102	3.89041e-05	0.0477191	0.993102	0.993102	2.29013e-24	0.993102	0.993102	0.993083	0.00136271	1.10439e-13	9.21557e-14	0.134278	0.134639	0.993101	0.993102	1.79776e-05	0.000949102	0.000948044	1.79852e-05	4.66508e-05	1.19144	1.19142	1.19144	
0.993102	0.993093	0.993102	0.00910694	5.59264e-05	0.993102	0.993102	3.88902e-05	0.0477296	0.993102	0.993102	2.28842e-24	0.993102	0.993102	0.993083	0.00136264	1.10401e-13	9.21228e-14	0.134321	0.13468	0.993101	0.993102	1.797e-05	0.000949014	0.000947955	1.79774e-05	4.66356e-05	1.19142	1.1914	1.19142	
0.993102	0.993093	0.993102	0.00910848	5.59206e-05	0.993102	0.993102	3.88843e-05	0.0477297	0.993102	0.993102	2.2876e-24	0.993102	0.993102	0.993083	0.00136253	1.10387e-13	9.21088e-14	0.134339	0.134698	0.993101	0.993102	1.79655e-05	0.000948897	0.000947839	1.79728e-05	4.66298e-05	1.19145	1.19143	1.19145	
0.993102	0.993093	0.993102	0.00910977	5.59063e-05	0.993102	0.993102	3.88724e-05	0.0477379	0.993102	0.993102	2.28615e-24	0.993102	0.993102	0.993083	0.00136246	1.10355e-13	9.20806e-14	0.134376	0.134733	0.993101	0.993102	1.79588e-05	0.00094881	0.000947752	1.7966e-05	4.66171e-05	1.19145	1.19143	1.19145	
0.993102	0.993093	0.993102	0.00911123	5.58963e-05	0.993102	0.993102	3.88635e-05	0.0477419	0.993102	0.993102	2.28501e-24	0.993102	0.993102	0.993083	0.00136238	1.10332e-13	9.20594e-14	0.134403	0.13476	0.993101	0.993102	1.79531e-05	0.000948705	0.000947647	1.79603e-05	4.66078e-05	1.19148	1.19146	1.19148	
