0.25	5.42631e-30	0.25	0.998264	0.25	0.748264	0.998264	0.748882	0.748264	0.25	0.25	0.000618156	0.000618156	0.25	0.25	1.27727e-12	0.25	1.27727e-12	2.63265e-21	0.000618156	0.25	1.27727e-12	0.000618156	0.000618156	0.000618156	0.000618156	0.25	0	0	0	
0.993102	0.9931	0.993102	0.00640191	0.000116624	0.993102	0.993102	9.27369e-05	0.0391005	0.993102	0.993102	2.01255e-23	0.000618156	0.25	0.25	1.27727e-12	0.25	1.27727e-12	2.63265e-21	0.000618156	0.25	1.27727e-12	0.000618156	0.000618156	0.000618156	0.000618156	0.25	1.15551	1.12854	1.15551	
0.993102	0.9931	0.993102	0.00652484	0.000114572	0.993102	0.993102	9.0569e-05	0.0412244	0.993102	0.993102	1.97274e-23	0.250463	0.437066	0.437063	0.000625655	0.187066	1.00596e-12	0.0100849	0.0173681	0.437065	0.25	0.000473556	0.000746908	0.000746246	0.000481429	0.18708	0.993102	0.9931	0.993102	
0.993102	0.993099	0.993102	0.00670047	0.000788541	0.993101	0.993102	0.000610464	0.0311193	0.993102	0.993102	1.74795e-21	0.437412	0.57704	0.577038	0.000819941	0.139974	2.04252e-12	0.00824609	0.0137	0.57704	0.437066	0.000625758	0.000831411	0.000830293	0.000631659	0.140603	0.995699	0.995697	0.995699	
0.993102	0.993099	0.993102	0.00649618	0.00125281	0.993101	0.993102	0.000970272	0.0236451	0.993102	0.993102	3.22674e-21	0.577299	0.681778	0.681777	0.00104385	0.104738	2.76513e-12	0.0068851	0.0109953	0.681778	0.57704	0.000783567	0.000963648	0.000957474	0.000787991	0.105795	0.998269	0.998267	0.998269	
0.993102	0.993099	0.993102	0.00611916	0.00156003	0.993101	0.993102	0.00121582	0.0181397	0.993102	0.993102	4.41678e-21	0.681972	0.76015	0.760148	0.00127406	0.0783715	3.25968e-12	0.00588378	0.0090074	0.760149	0.681778	0.000934102	0.00112415	0.00110957	0.000937419	0.0797202	1.00064	1.00063	1.00064	
0.993102	0.993099	0.993102	0.00568421	0.00175386	0.993101	0.993102	0.00138047	0.0141021	0.993102	0.993102	5.32301e-21	0.760295	0.818792	0.818791	0.00149336	0.0586425	3.5903e-12	0.00515214	0.00755152	0.818792	0.76015	0.00106923	0.00129608	0.00127122	0.00107172	0.0601835	1.0038	1.0038	1.0038	
0.993102	0.993099	0.993102	0.00525255	0.00185648	0.993101	0.993102	0.00147874	0.0111669	0.993102	0.993102	5.89424e-21	0.818901	0.862673	0.862671	0.00169115	0.0438801	3.78084e-12	0.00463835	0.00650746	0.862672	0.818792	0.00117688	0.00146645	0.00143077	0.00117874	0.0455325	1.00581	1.00581	1.00581	
0.993102	0.9931	0.993102	0.0048549	0.00190634	0.993101	0.993102	0.00153841	0.00903717	0.993102	0.993102	6.26437e-21	0.862754	0.895506	0.895505	0.00186225	0.0328339	3.89152e-12	0.00427417	0.00575367	0.895506	0.862673	0.00126443	0.00162602	0.00158008	0.00126583	0.0345499	1.0074	1.0074	1.0074	
0.993102	0.9931	0.993102	0.00450397	0.00192293	0.993101	0.993102	0.00157289	0.00749765	0.993102	0.993102	6.48827e-21	0.895567	0.920075	0.920074	0.00200552	0.0245684	3.9503e-12	0.00401825	0.00521093	0.920074	0.895506	0.00133409	0.00176958	0.00171457	0.00133515	0.0263171	1.00908	1.00907	1.00908	
0.993102	0.9931	0.993102	0.00420274	0.00191535	0.993101	0.993102	0.0015877	0.00639513	0.993102	0.993102	6.57977e-21	0.92012	0.938459	0.938457	0.0021224	0.0183836	3.96752e-12	0.00384722	0.004829	0.938458	0.920075	0.00138518	0.00189483	0.00183218	0.00138598	0.0201415	1.01024	1.01024	1.01024	
0.993102	0.9931	0.993102	0.00394928	0.00189582	0.993101	0.993102	0.00159177	0.00560654	0.993102	0.993102	6.59643e-21	0.938493	0.952214	0.952213	0.00221562	0.0137558	3.96297e-12	0.00373343	0.00455931	0.952213	0.938459	0.00142294	0.00200132	0.00193257	0.00142355	0.0155102	1.01215	1.01215	1.01215	
0.993102	0.9931	0.993102	0.00373905	0.00186162	0.993101	0.993102	0.0015817	0.00506156	0.993102	0.993102	6.50259e-21	0.95224	0.962507	0.962506	0.00228856	0.010293	3.92681e-12	0.00367715	0.00438924	0.962506	0.952214	0.00144265	0.00209008	0.00201664	0.00144311	0.0120284	1.01214	1.01214	1.01214	
0.993102	0.9931	0.993102	0.00356695	0.00183433	0.993101	0.993102	0.00157586	0.00466233	0.993102	0.993102	6.44337e-21	0.962526	0.970209	0.970208	0.00234453	0.00770185	3.90329e-12	0.00363217	0.00425775	0.970208	0.962507	0.00146158	0.00216245	0.00208567	0.00146194	0.00942313	1.01313	1.01313	1.01313	
0.993102	0.993101	0.993102	0.00342695	0.00180386	0.993101	0.993102	0.00156515	0.00438754	0.993102	0.993102	6.34482e-21	0.970223	0.975972	0.975971	0.00238691	0.00576301	3.86956e-12	0.00361364	0.00417531	0.975971	0.970209	0.00147129	0.00222098	0.00214187	0.00147156	0.00746544	1.01398	1.01398	1.01398	
0.993102	0.993101	0.993102	0.00331401	0.00177265	0.993101	0.993102	0.00155165	0.00420166	0.993102	0.993102	6.22374e-21	0.975983	0.980284	0.980283	0.00241844	0.00431225	3.83024e-12	0.0036136	0.00412785	0.980283	0.975972	0.00147419	0.0022676	0.00218699	0.0014744	0.00599355	1.01473	1.01473	1.01473	
0.993102	0.993101	0.993102	0.00322357	0.0017422	0.993101	0.993102	0.00153675	0.00407901	0.993102	0.993102	6.09166e-21	0.980292	0.983511	0.98351	0.00244147	0.0032267	3.78843e-12	0.00362624	0.00410514	0.98351	0.980284	0.00147218	0.00230419	0.00222277	0.00147236	0.00488614	1.01539	1.01539	1.01539	
0.993102	0.993101	0.993102	0.00315163	0.00171339	0.993101	0.993102	0.00152139	0.00400097	0.993102	0.993102	5.95665e-21	0.983517	0.985926	0.985924	0.00245797	0.00241442	3.74624e-12	0.00364725	0.00409963	0.985925	0.983511	0.00146678	0.00233251	0.0022508	0.00146692	0.0040523	1.01596	1.01596	1.01596	
0.993102	0.993101	0.993102	0.00309476	0.00168671	0.993101	0.993102	0.00150619	0.00395413	0.993102	0.993102	5.82409e-21	0.98593	0.987732	0.987731	0.00246951	0.00180662	3.70505e-12	0.00367346	0.00410582	0.987731	0.985926	0.00145914	0.00235411	0.00227251	0.00145926	0.00342385	1.01647	1.01646	1.01647	
0.993102	0.993101	0.993102	0.00305007	0.00166237	0.993101	0.993102	0.00149155	0.00392886	0.993102	0.993102	5.69735e-21	0.987735	0.989084	0.989083	0.00247734	0.00135183	3.66573e-12	0.00370261	0.00411975	0.989083	0.987732	0.00145014	0.00237033	0.00228913	0.00145024	0.00294968	1.0169	1.0169	1.0169	
0.993102	0.993101	0.993102	0.00301517	0.00164045	0.993101	0.993102	0.00147777	0.00391813	0.993102	0.993102	5.5789e-21	0.989086	0.990096	0.990094	0.00248247	0.00101153	3.62893e-12	0.00373289	0.00413834	0.990094	0.989084	0.00144049	0.0023823	0.00230168	0.00144057	0.00259153	1.01727	1.01726	1.01727	
0.993102	0.993101	0.993102	0.00298808	0.00162099	0.993101	0.993102	0.00146507	0.00391677	0.993102	0.993102	5.47051e-21	0.990097	0.990852	0.990851	0.00248563	0.000756888	3.59516e-12	0.00376288	0.00415924	0.990851	0.990096	0.00143075	0.00239095	0.00231105	0.00143082	0.00232074	1.01758	1.01757	1.01758	
0.993102	0.993101	0.993102	0.00296719	0.00160391	0.993102	0.993102	0.00145355	0.00392122	0.993102	0.993102	5.37284e-21	0.990854	0.991419	0.991417	0.00248741	0.000566352	3.5646e-12	0.00379165	0.00418085	0.991418	0.990852	0.00142131	0.00239705	0.00231792	0.00142137	0.00211577	1.01747	1.01747	1.01747	
0.993102	0.993101	0.993102	0.00295118	0.00159185	0.993102	0.993102	0.00144582	0.00392187	0.993102	0.993102	5.3044e-21	0.99142	0.991843	0.991841	0.00248824	0.00042378	3.54362e-12	0.00381154	0.00419439	0.991842	0.991419	0.00141493	0.00240122	0.00232287	0.00141499	0.00196318	1.01765	1.01764	1.01765	
0.993102	0.993101	0.993102	0.00293885	0.00158142	0.993102	0.993102	0.00143892	0.00392536	0.993102	0.993102	5.24392e-21	0.991843	0.99216	0.992158	0.00248849	0.000317099	3.52496e-12	0.00383001	0.00420785	0.992159	0.991843	0.00140894	0.00240409	0.00232648	0.001409	0.00184769	1.01817	1.01816	1.01817	
0.993102	0.993101	0.993102	0.00292942	0.00156954	0.993102	0.993102	0.00143014	0.00393787	0.993102	0.993102	5.17201e-21	0.99216	0.992397	0.992395	0.00248837	0.000237274	3.50199e-12	0.00385426	0.0042288	0.992396	0.99216	0.00140082	0.00240598	0.00232906	0.00140087	0.00175736	1.01825	1.01825	1.01825	
0.993102	0.993101	0.993102	0.0029224	0.00156	0.993102	0.993102	0.00142306	0.00394823	0.993102	0.993102	5.11351e-21	0.992397	0.992574	0.992573	0.00248796	0.000177543	3.48332e-12	0.00387443	0.00424606	0.992573	0.992397	0.00139408	0.002407	0.00233074	0.00139413	0.00168915	1.01828	1.01828	1.01828	
0.993102	0.993101	0.993102	0.0029172	0.00155263	0.993102	0.993102	0.00141759	0.00395606	0.993102	0.993102	5.06777e-21	0.992575	0.992707	0.992706	0.0024874	0.000132849	3.46878e-12	0.00389047	0.00425949	0.992706	0.992574	0.00138875	0.00240743	0.00233179	0.0013888	0.00163788	1.01778	1.01778	1.01778	
0.993102	0.993101	0.993102	0.00291335	0.00155099	0.993102	0.993102	0.00141709	0.00395157	0.993102	0.993102	5.05834e-21	0.992708	0.992807	0.992805	0.00248681	9.94063e-05	3.46654e-12	0.00389288	0.00425868	0.992806	0.992707	0.00138818	0.0024075	0.00233242	0.00138823	0.00160328	1.0182	1.01819	1.0182	
0.993102	0.993101	0.993102	0.00291029	0.0015465	0.993102	0.993102	0.00141377	0.00395653	0.993102	0.993102	5.03032e-21	0.992807	0.992881	0.99288	0.00248631	7.43821e-05	3.45766e-12	0.00390286	0.00426695	0.99288	0.992807	0.00138489	0.00240759	0.00233294	0.00138494	0.00157425	1.01809	1.01809	1.01809	
0.993102	0.993101	0.993102	0.00290804	0.00154398	0.993102	0.993102	0.00141208	0.00395784	0.993102	0.993102	5.01457e-21	0.992881	0.992937	0.992935	0.00248583	5.56574e-05	3.45286e-12	0.00390835	0.00427073	0.992936	0.992881	0.00138315	0.0024075	0.00233323	0.00138319	0.00155334	1.01981	1.01981	1.01981	
0.993102	0.993101	0.993102	0.00290633	0.00152899	0.993102	0.993102	0.00139883	0.00399358	0.993102	0.993102	4.91927e-21	0.992937	0.992978	0.992977	0.0024854	4.16464e-05	3.4199e-12	0.0039471	0.00431121	0.992977	0.992937	0.00137007	0.00240736	0.00233341	0.00137012	0.00152498	1.01759	1.01759	1.01759	
0.993102	0.993101	0.993102	0.00290572	0.00153484	0.993102	0.993102	0.00140448	0.00397432	0.993102	0.993102	4.95567e-21	0.992978	0.99301	0.993008	0.00248474	3.11625e-05	3.43306e-12	0.00393252	0.0042931	0.993009	0.992978	0.00137528	0.00240649	0.00233298	0.00137532	0.00152023	1.01941	1.01941	1.01941	
0.993102	0.993101	0.993102	0.00290488	0.00152522	0.993102	0.993102	0.00139594	0.00399695	0.993102	0.993102	4.89379e-21	0.99301	0.993033	0.993031	0.0024844	2.33178e-05	3.41176e-12	0.00395742	0.00431895	0.993032	0.99301	0.00136679	0.0024062	0.00233294	0.00136684	0.00150315	1.017	1.017	1.017	
0.993102	0.993101	0.993102	0.00290468	0.00153663	0.993102	0.993102	0.00140653	0.00396522	0.993102	0.993102	4.96665e-21	0.993033	0.99305	0.993049	0.00248394	1.74478e-05	3.43722e-12	0.00392906	0.0042865	0.993049	0.993033	0.00137691	0.0024055	0.00233255	0.00137695	0.00150835	1.01677	1.01676	1.01677	
0.993102	0.993101	0.993102	0.00290391	0.00154696	0.993102	0.993102	0.00141618	0.00393791	0.993102	0.993102	5.03448e-21	0.99305	0.993063	0.993062	0.00248386	1.30556e-05	3.46069e-12	0.00390263	0.00425723	0.993062	0.99305	0.00138639	0.00240562	0.00233275	0.00138644	0.00151408	1.01647	1.01646	1.01647	
0.993102	0.993101	0.993102	0.00290277	0.00155699	0.993102	0.993102	0.0014256	0.00391259	0.993102	0.993102	5.10185e-21	0.993063	0.993073	0.993072	0.00248401	9.76902e-06	3.4838e-12	0.00387653	0.00422906	0.993072	0.993063	0.00139583	0.00240628	0.00233334	0.00139587	0.00152068	1.01613	1.01613	1.01613	
0.993102	0.993101	0.993102	0.00290138	0.00156711	0.993102	0.993102	0.00143512	0.00388804	0.993102	0.993102	5.17104e-21	0.993073	0.99308	0.993079	0.00248431	7.3098e-06	3.50735e-12	0.00385004	0.00420098	0.993079	0.993073	0.00140549	0.00240732	0.00233418	0.00140553	0.00152824	1.01576	1.01576	1.01576	
0.993102	0.993101	0.993102	0.00289981	0.00157756	0.993102	0.993102	0.00144497	0.00386351	0.993102	0.993102	5.24348e-21	0.99308	0.993086	0.993084	0.00248468	5.46966e-06	3.53181e-12	0.00382272	0.00417237	0.993085	0.99308	0.00141555	0.00240863	0.00233522	0.00141559	0.00153676	1.01537	1.01536	1.01537	
0.993102	0.993101	0.993102	0.00289808	0.00158848	0.993102	0.993102	0.00145529	0.00383853	0.993102	0.993102	5.32019e-21	0.993086	0.99309	0.993089	0.00248512	4.09275e-06	3.55753e-12	0.00379431	0.00414289	0.993089	0.993086	0.00142614	0.00241016	0.00233639	0.00142618	0.00154626	1.01495	1.01495	1.01495	
0.993102	0.993101	0.993102	0.00289623	0.00159999	0.993102	0.993102	0.00146617	0.00381281	0.993102	0.993102	5.40186e-21	0.99309	0.993093	0.993092	0.00248559	3.06245e-06	3.58471e-12	0.00376467	0.0041123	0.993092	0.99309	0.00143734	0.00241186	0.00233769	0.00143738	0.00155669	0.992826	0.992824	0.992826	
0.993102	0.993101	0.993102	0.00289426	0.00183678	0.993101	0.993102	0.00168376	0.00345869	0.993102	0.993102	7.48613e-21	0.993093	0.993095	0.993094	0.00248609	2.29152e-06	4.11892e-12	0.00341197	0.0037284	0.993094	0.993093	0.00165155	0.00241371	0.00233909	0.00165159	0.00178637	1.00094	1.00093	1.00094	
0.993102	0.993101	0.993101	0.00288448	0.00191602	0.993101	0.993102	0.00175892	0.00331164	0.993102	0.993102	8.10911e-21	0.993095	0.993097	0.993096	0.00248836	1.71467e-06	4.30938e-12	0.0032432	0.00355545	0.993096	0.993095	0.00172922	0.00242501	0.0023469	0.00172927	0.00186535	0.984988	0.984987	0.984988	
0.993102	0.993101	0.993101	0.00287371	0.00217694	0.993101	0.993102	0.00200226	0.00300759	0.993102	0.993102	1.08263e-20	0.993097	0.993098	0.993097	0.00249077	1.28302e-06	4.91601e-12	0.00292643	0.00321732	0.993097	0.993097	0.00197421	0.00243719	0.0023554	0.00197426	0.00212249	1.02256	1.02256	1.02256	
0.993102	0.993101	0.993101	0.00285758	0.00197829	0.993101	0.993102	0.00182241	0.00338874	0.993102	0.993102	9.16598e-21	0.993098	0.993099	0.993098	0.00249328	9.6004e-07	4.48069e-12	0.00323081	0.00358482	0.993098	0.993098	0.00180055	0.00245643	0.00236834	0.00180059	0.00193151	0.98069	0.980688	0.980689	
0.993102	0.993101	0.993101	0.00285301	0.00228859	0.993101	0.993102	0.00211159	0.0030222	0.993102	0.993102	1.24982e-20	0.993099	0.9931	0.993099	0.002492	7.18365e-07	5.19934e-12	0.00287409	0.00319322	0.993099	0.993099	0.00208734	0.0024613	0.00237128	0.00208739	0.00223704	1.01593	1.01593	1.01593	
0.993102	0.993101	0.993101	0.00284018	0.00211022	0.993101	0.993102	0.00195022	0.00326309	0.993102	0.993102	1.07392e-20	0.9931	0.993101	0.993099	0.00249216	5.37527e-07	4.80877e-12	0.00305657	0.00342086	0.9931	0.9931	0.00193083	0.00247708	0.00238137	0.00193087	0.00206579	1.00525	1.00525	1.00525	
0.993102	0.993101	0.993101	0.00283589	0.00207281	0.993101	0.993102	0.00191766	0.00324189	0.993102	0.993102	1.01521e-20	0.993101	0.993101	0.9931	0.00249075	4.02213e-07	4.73159e-12	0.00302644	0.00339314	0.9931	0.993101	0.00189928	0.00248156	0.00238407	0.00189933	0.00203085	1.02579	1.02579	1.02579	
0.993102	0.993101	0.993102	0.00283272	0.00187886	0.993101	0.993102	0.00173908	0.00362946	0.993102	0.993102	8.52729e-21	0.993101	0.993101	0.9931	0.0024902	3.00962e-07	4.29151e-12	0.00338002	0.00379362	0.9931	0.993101	0.00172286	0.00248431	0.00238595	0.00172291	0.00184149	0.947101	0.9471	0.947101	
0.993102	0.993101	0.993101	0.00283833	0.00298525	0.993101	0.993102	0.00276207	0.00296246	0.993102	0.993102	2.78803e-20	0.993101	0.993102	0.9931	0.00248691	2.25203e-07	6.82088e-12	0.00276372	0.0030997	0.9931	0.993101	0.00272695	0.00247692	0.00238059	0.00272702	0.00292327	0.919244	0.919243	0.919244	
0.993102	0.993101	0.9931	0.00281886	0.0049232	0.9931	0.993102	0.00460546	0.00236619	0.993102	0.993102	8.72664e-20	0.993102	0.993102	0.993101	0.0024812	1.68517e-07	1.15454e-11	0.00219422	0.00246903	0.993101	0.993102	0.00457291	0.00250685	0.002397	0.00457299	0.00487266	0.917082	0.91708	0.917081	
0.993102	0.993101	0.9931	0.00277077	0.00638931	0.9931	0.993102	0.00609686	0.00192679	0.993102	0.993102	1.38543e-19	0.993102	0.993102	0.993101	0.00246236	1.26102e-07	1.56339e-11	0.00174985	0.00199073	0.993101	0.993102	0.0060963	0.00258886	0.00243998	0.00609635	0.00644865	0.89106	0.891058	0.891059	
0.993102	0.993101	0.993099	0.00270857	0.00916552	0.993099	0.993102	0.00899479	0.00154115	0.993102	0.993102	3.12703e-19	0.993102	0.993102	0.993101	0.00243424	9.43689e-08	2.3831e-11	0.00136802	0.00157465	0.993101	0.993102	0.00906836	0.0027002	0.00249753	0.00906836	0.00950558	0.861589	0.861588	0.861588	
0.993102	0.993101	0.993097	0.00262026	0.0142187	0.993098	0.993102	0.0146197	0.00121544	0.993102	0.993102	9.17881e-19	0.993102	0.993102	0.993102	0.00238151	7.06331e-08	4.0984e-11	0.00105102	0.00122538	0.993101	0.993102	0.0148549	0.00288148	0.00258605	0.0148547	0.0154259	0.855459	0.855458	0.855458	
0.993102	0.993101	0.993095	0.00248588	0.0180596	0.993097	0.993102	0.0198362	0.000978095	0.993102	0.993102	1.5649e-18	0.993102	0.993102	0.993102	0.00227838	5.28753e-08	5.96731e-11	0.000803896	0.000958526	0.993101	0.993102	0.0202562	0.00322818	0.00274265	0.0202556	0.0208993	0.850244	0.850243	0.850243	
0.993102	0.993101	0.993094	0.00232863	0.0209141	0.993097	0.993102	0.0247046	0.000806331	0.993102	0.993102	2.25494e-18	0.993102	0.993102	0.993102	0.00213973	3.95911e-08	7.95103e-11	0.000613315	0.000754625	0.993101	0.993102	0.0253081	0.00370548	0.00295256	0.025307	0.0259809	0.837902	0.837901	0.837901	
0.993102	0.993101	0.993093	0.00216346	0.0241766	0.993097	0.993102	0.0310081	0.000671472	0.993102	0.993102	3.46377e-18	0.993102	0.993102	0.993102	0.00197906	2.96599e-08	1.06884e-10	0.000466059	0.000593782	0.9931	0.993102	0.0318262	0.0042819	0.00320474	0.0318247	0.0325275	0.848561	0.848559	0.848559	
0.993102	0.993101	0.993093	0.00198664	0.024205	0.993097	0.993102	0.0334514	0.000604786	0.993102	0.993102	3.75095e-18	0.993102	0.993102	0.993102	0.00179327	2.22237e-08	1.20986e-10	0.000355145	0.000480229	0.9931	0.993102	0.0343602	0.00503398	0.00352962	0.0343585	0.0350211	0.831446	0.831444	0.831444	
0.993102	0.993101	0.993092	0.00183389	0.0262159	0.993097	0.993102	0.0392731	0.000529012	0.993102	0.993102	5.10019e-18	0.993102	0.993102	0.993102	0.00162373	1.66739e-08	1.48514e-10	0.000269853	0.00038476	0.9931	0.993102	0.0403278	0.00569129	0.00383069	0.040326	0.0409896	0.854645	0.854644	0.854643	
0.993102	0.993101	0.993093	0.00167912	0.0242039	0.993098	0.993102	0.0385625	0.000538268	0.993102	0.993102	4.72162e-18	0.993102	0.993102	0.993102	0.00144645	1.25068e-08	1.49199e-10	0.000206882	0.000328207	0.9931	0.993102	0.0395844	0.00650992	0.0042041	0.0395827	0.0401759	0.843209	0.843207	0.843206	
0.993102	0.993101	0.993093	0.00156583	0.0239131	0.993098	0.993102	0.040315	0.000510063	0.993102	0.993102	4.95882e-18	0.993102	0.993102	0.993102	0.00130964	9.39757e-09	1.57751e-10	0.000159016	0.000277553	0.9931	0.993102	0.0413307	0.00700377	0.00446449	0.0413292	0.0418944	0.830803	0.830802	0.8308	
0.993102	0.993101	0.993092	0.0014689	0.0250183	0.993098	0.993102	0.0446976	0.00046792	0.993102	0.993102	6.04844e-18	0.993102	0.993102	0.993102	0.00118982	7.08415e-09	1.76926e-10	0.000122062	0.00023257	0.9931	0.993102	0.0457478	0.00743722	0.00470688	0.0457465	0.0463132	0.806971	0.80697	0.806969	
0.993102	0.993101	0.993091	0.00137017	0.0290731	0.993097	0.993102	0.0560878	0.000409953	0.993102	0.993102	1.05841e-17	0.993102	0.993102	0.993102	0.00106984	5.39073e-09	2.2954e-10	9.28997e-05	0.000189446	0.9931	0.993102	0.0572869	0.0080159	0.00501391	0.0572858	0.0579078	0.860937	0.860936	0.860934	
0.993102	0.993101	0.993093	0.00124003	0.0246375	0.993098	0.993102	0.0501679	0.000546623	0.993102	0.993102	8.61873e-18	0.993102	0.993102	0.993102	0.000923659	4.06908e-09	2.07632e-10	7.22004e-05	0.000187044	0.9931	0.993102	0.0512179	0.00932795	0.00562465	0.0512169	0.0517494	0.796071	0.79607	0.796068	
0.993102	0.993101	0.99309	0.00116902	0.0298713	0.993097	0.993102	0.0652015	0.000462196	0.993102	0.993102	1.5761e-17	0.993102	0.993102	0.993102	0.000832793	3.17045e-09	2.75816e-10	5.5039e-05	0.000152303	0.9931	0.993102	0.0663271	0.00968619	0.00586939	0.0663265	0.0669999	0.861327	0.861326	0.861324	
0.993102	0.993101	0.993092	0.0010525	0.024731	0.993098	0.993102	0.0569575	0.000640224	0.993102	0.993102	1.24781e-17	0.993102	0.993102	0.993102	0.000709272	2.4138e-09	2.42698e-10	4.30272e-05	0.000159422	0.993099	0.993102	0.0579112	0.0112918	0.00663356	0.0579107	0.0584895	0.813238	0.813237	0.813235	
0.993102	0.993101	0.993092	0.000996925	0.0256872	0.993098	0.993102	0.0629651	0.00056491	0.993102	0.993102	1.39968e-17	0.993102	0.993102	0.993102	0.000637893	1.90812e-09	2.67532e-10	3.32791e-05	0.000136627	0.9931	0.993102	0.0638308	0.0115444	0.00686049	0.0638306	0.0645077	0.766429	0.766428	0.766425	
0.993102	0.993101	0.993088	0.000930962	0.0348784	0.993097	0.993102	0.0932301	0.000461464	0.993102	0.993102	4.07916e-17	0.993102	0.993102	0.993102	0.000563163	1.71544e-09	4.23807e-10	2.52289e-05	0.000109024	0.9931	0.993102	0.0941986	0.0121946	0.00727359	0.0941988	0.0951378	0.783454	0.783453	0.78345	
0.993102	0.993101	0.993089	0.000797157	0.0324133	0.993098	0.993102	0.104452	0.000465458	0.993102	0.993102	4.58788e-17	0.993102	0.993102	0.993102	0.000452132	1.59553e-09	5.08565e-10	1.89919e-05	9.1111e-05	0.993099	0.993102	0.105454	0.0168379	0.00934308	0.105454	0.106438	0.850028	0.850026	0.850024	
0.993102	0.993101	0.993092	0.000676405	0.0256096	0.993099	0.993102	0.0883876	0.000889423	0.993102	0.993102	3.53974e-17	0.993102	0.993102	0.993102	0.000356891	1.3022e-09	4.28795e-10	1.44995e-05	0.000104172	0.993099	0.993102	0.089201	0.0217339	0.0118536	0.0892009	0.0900307	0.854782	0.85478	0.854777	
0.993102	0.993101	0.993094	0.000616724	0.0208565	0.993099	0.993102	0.0754957	0.00103926	0.993102	0.993102	2.73601e-17	0.993102	0.993102	0.993102	0.000297468	1.05623e-09	3.59241e-10	1.15393e-05	0.00011744	0.993099	0.993102	0.0760645	0.0220747	0.0123854	0.0760647	0.0768477	0.801207	0.801206	0.801203	
0.993102	0.993101	0.993094	0.000604663	0.0218804	0.993099	0.993102	0.08201	0.000867416	0.993102	0.993102	2.78876e-17	0.993102	0.993102	0.993102	0.000268658	9.9339e-10	3.70848e-10	9.06906e-06	0.000101388	0.993099	0.993102	0.0822388	0.0206178	0.0119849	0.0822401	0.0833058	0.781134	0.781133	0.78113	
0.993102	0.993101	0.993093	0.000577665	0.0245352	0.993098	0.993102	0.0976687	0.000719169	0.993102	0.993102	3.74715e-17	0.993102	0.993102	0.993102	0.000237375	1.08189e-09	4.33135e-10	7.00563e-06	8.49063e-05	0.9931	0.993102	0.0976719	0.0201982	0.0120692	0.0976741	0.099015	0.72638	0.726379	0.726376	
0.993102	0.993101	0.993088	0.000523438	0.0355264	0.993097	0.993102	0.157313	0.000572063	0.993102	0.993102	1.76782e-16	0.993102	0.993102	0.993102	0.000198148	2.12231e-09	8.15017e-10	5.27927e-06	6.65552e-05	0.9931	0.993102	0.157148	0.0219567	0.0132659	0.157151	0.158966	0.747342	0.747341	0.747338	
0.993102	0.993101	0.99309	0.000419198	0.0302028	0.993098	0.993102	0.180373	0.00064049	0.993102	0.993102	1.96712e-16	0.993102	0.993102	0.993102	0.000150622	3.87214e-09	1.01245e-09	3.95446e-06	5.4393e-05	0.993099	0.993102	0.180196	0.0423998	0.0234018	0.180198	0.1821	0.752821	0.75282	0.752816	
0.993102	0.993101	0.993092	0.00033098	0.0246538	0.993099	0.993102	0.192717	0.000816579	0.993102	0.993102	1.98766e-16	0.993102	0.993102	0.993102	0.000113542	6.50869e-09	1.08263e-09	2.96104e-06	4.58137e-05	0.993099	0.993102	0.19238	0.0671438	0.038202	0.192382	0.194382	0.770815	0.770814	0.77081	
0.993102	0.993101	0.993094	0.000261183	0.0195695	0.993099	0.993102	0.187587	0.0011624	0.993102	0.993102	1.73706e-16	0.993102	0.993102	0.993102	8.54137e-05	8.47426e-09	1.01344e-09	2.21764e-06	4.15961e-05	0.993099	0.993102	0.186981	0.0898768	0.0543891	0.186984	0.189071	0.753278	0.753277	0.753273	
0.993102	0.993101	0.993096	0.00021048	0.0164017	0.9931	0.993102	0.19785	0.00118442	0.993102	0.993102	1.79932e-16	0.993102	0.993102	0.993102	6.44107e-05	1.14545e-08	1.01953e-09	1.6613e-06	3.62691e-05	0.993099	0.993102	0.196593	0.100339	0.064075	0.196599	0.199194	0.760147	0.760146	0.76014	
0.993102	0.993101	0.993097	0.000169729	0.0135225	0.9931	0.993102	0.199718	0.00130192	0.993102	0.993102	1.72534e-16	0.993102	0.993102	0.993102	4.85059e-05	1.44018e-08	9.76797e-10	1.24464e-06	3.30347e-05	0.9931	0.993102	0.197972	0.112442	0.0760393	0.19798	0.200899	0.663609	0.663608	0.663594	
0.993102	0.993101	0.993095	0.000138797	0.018186	0.993099	0.993102	0.310098	0.00103321	0.993102	0.993102	1.92496e-15	0.993102	0.993102	0.993102	3.65655e-05	5.49893e-08	2.12443e-09	9.31541e-07	2.55731e-05	0.9931	0.993102	0.307451	0.120776	0.0858766	0.307474	0.31119	0.592637	0.592636	0.592617	
0.993102	0.993101	0.993095	0.000105145	0.0173399	0.993099	0.993102	0.452415	0.000916337	0.993102	0.993102	3.22904e-14	0.993095	0.993102	0.993102	2.73642e-05	1.55569e-06	7.91888e-09	6.97039e-07	1.9342e-05	0.9931	0.993102	0.449944	0.248571	0.200558	0.44997	0.453313	0.548151	0.54815	0.548133	
0.993102	0.993101	0.993097	7.87507e-05	0.0135088	0.9931	0.993102	0.575454	0.00168099	0.993102	0.993102	2.07298e-13	0.992986	0.993102	0.993102	2.04757e-05	6.5739e-05	2.10851e-08	5.21569e-07	1.45577e-05	0.9931	0.993102	0.573393	0.427733	0.388548	0.573417	0.576155	0.511502	0.511497	0.511483	
0.993102	0.993101	0.993098	5.89328e-05	0.0102031	0.9931	0.993102	0.674138	0.00628543	0.993102	0.993102	9.36023e-13	0.991857	0.993102	0.993102	1.53212e-05	0.00173804	4.50169e-08	3.90271e-07	1.09337e-05	0.9931	0.993097	0.672387	0.56926	0.539693	0.672407	0.674675	0.581464	0.581189	0.581444	
0.993102	0.993101	0.993099	4.40982e-05	0.00763787	0.993101	0.993102	0.730205	0.0895464	0.993102	0.993102	7.43985e-13	0.99215	0.993102	0.993102	1.14643e-05	0.00450294	4.04415e-08	2.92026e-07	8.34617e-06	0.9931	0.992808	0.726009	0.675826	0.653673	0.726166	0.730519	0.62838	0.628133	0.628363	
0.993102	0.993093	0.9931	3.29988e-05	0.00571556	0.993101	0.993102	0.742587	0.171958	0.993102	0.993102	5.57958e-13	0.992388	0.993102	0.993102	8.57831e-06	0.00740123	3.27733e-08	2.18512e-07	6.66645e-06	0.9931	0.990176	0.637818	0.75546	0.738846	0.638245	0.742663	0.649113	0.648776	0.649097	
0.993102	0.992866	0.993101	2.46986e-05	0.00427696	0.993101	0.993102	0.732328	0.180295	0.993102	0.993102	4.17606e-13	0.992568	0.993102	0.993102	6.41884e-06	0.00909659	2.61204e-08	1.63505e-07	5.62593e-06	0.993101	0.986503	0.495201	0.814292	0.801741	0.495637	0.732085	0.691399	0.691052	0.691384	
0.993102	0.992607	0.993101	1.8491e-05	0.0032004	0.993102	0.993102	0.675091	0.207124	0.993102	0.993102	3.12496e-13	0.992702	0.993102	0.993102	4.80298e-06	0.00809912	2.02113e-08	1.22345e-07	5.69499e-06	0.993101	0.985222	0.377372	0.857828	0.848307	0.377748	0.674524	0.694234	0.69393	0.694219	
0.993102	0.991799	0.993101	1.38896e-05	0.00239508	0.993102	0.993102	0.628727	0.173125	0.993102	0.993102	2.33838e-13	0.992803	0.993102	0.993102	3.5939e-06	0.00645854	1.57397e-08	9.1546e-08	5.83313e-06	0.993101	0.986905	0.286196	0.883984	0.876359	0.2865	0.627964	0.724324	0.723876	0.724309	
0.993102	0.991889	0.993101	1.04615e-05	0.00179261	0.993102	0.993102	0.557647	0.154331	0.993102	0.993102	1.74977e-13	0.992878	0.993102	0.993102	2.68918e-06	0.00492077	1.21097e-08	6.85005e-08	7.23356e-06	0.993101	0.988418	0.218277	0.901272	0.895094	0.218543	0.556601	0.76652	0.76602	0.766505	
0.993102	0.992082	0.993102	8.02258e-06	0.00134217	0.993102	0.993102	0.464069	0.135906	0.993102	0.993102	1.30931e-13	0.992935	0.993102	0.993102	2.01222e-06	0.0036913	9.20238e-09	5.12565e-08	1.20835e-05	0.993101	0.989594	0.165929	0.897153	0.891663	0.166155	0.462925	0.746255	0.745773	0.746239	
0.993102	0.992285	0.993102	6.87783e-06	0.00101235	0.993102	0.993102	0.411435	0.104919	0.993102	0.993102	9.79751e-14	0.992977	0.993102	0.993102	1.50567e-06	0.00276422	7.09564e-09	3.83534e-08	1.34894e-05	0.993101	0.990477	0.129729	0.832119	0.826501	0.129952	0.410142	0.600416	0.599985	0.6004	
0.993102	0.992475	0.993102	6.49518e-06	0.00118289	0.993101	0.993102	0.524008	0.0786211	0.993102	0.993102	7.6158e-14	0.992999	0.993102	0.993102	1.12664e-06	0.00208235	9.16207e-09	2.86984e-08	1.03343e-05	0.993101	0.991138	0.206837	0.756997	0.751573	0.207554	0.522801	0.634721	0.634099	0.634705	
0.993102	0.992628	0.993102	4.944e-06	0.000907693	0.993101	0.993102	0.582783	0.0624373	0.993102	0.993102	5.82123e-14	0.993024	0.993102	0.993102	8.43026e-07	0.00162509	8.80225e-09	2.1474e-08	8.21068e-06	0.993101	0.991632	0.25479	0.80377	0.799431	0.25609	0.581335	0.72147	0.72034	0.721454	
0.993102	0.992744	0.993102	3.71815e-06	0.000680423	0.993101	0.993102	0.526551	0.114697	0.993102	0.993102	4.36114e-14	0.993044	0.993102	0.993102	6.30806e-07	0.00125486	6.92791e-09	1.60682e-08	8.85292e-06	0.993101	0.991994	0.225615	0.848472	0.845174	0.227283	0.52419	0.769308	0.767753	0.769292	
0.993102	0.992812	0.993102	2.94618e-06	0.00051059	0.993102	0.993102	0.438721	0.110895	0.993102	0.993102	3.26356e-14	0.993058	0.993102	0.993102	4.72009e-07	0.000943879	5.3145e-09	1.20233e-08	1.36767e-05	0.993101	0.992272	0.174193	0.861044	0.858295	0.175608	0.435837	0.760216	0.758525	0.7602	
0.993102	0.992866	0.993102	3.08508e-06	0.000392159	0.993102	0.993102	0.380074	0.0872296	0.993102	0.993102	2.44244e-14	0.993069	0.993102	0.993102	3.53189e-07	0.000707294	4.13275e-09	8.99671e-09	1.61136e-05	0.993101	0.992481	0.137252	0.803753	0.801143	0.138544	0.376556	0.827737	0.825773	0.827721	
0.993102	0.992919	0.993102	4.08104e-06	0.000301899	0.993102	0.993102	0.300251	0.0733191	0.993102	0.993102	1.82764e-14	0.993078	0.993102	0.993102	2.64307e-07	0.000529325	3.13275e-09	6.73731e-09	3.47461e-05	0.993101	0.992638	0.105622	0.717938	0.715537	0.106705	0.297051	0.89918	0.896729	0.899165	
0.993102	0.992961	0.993102	9.67781e-06	0.000235904	0.993102	0.993102	0.228658	0.0638866	0.993102	0.993102	1.36756e-14	0.993084	0.993102	0.993102	1.9869e-07	0.000396078	2.35377e-09	5.58656e-09	0.000120676	0.993101	0.992755	0.0799649	0.584479	0.582475	0.0808226	0.226076	0.916229	0.91381	0.916214	
0.993102	0.992994	0.993102	3.02092e-05	0.0002063	0.993102	0.993102	0.173947	0.0515381	0.993102	0.993102	1.0233e-14	0.993088	0.993102	0.993102	1.68095e-07	0.000296372	1.76809e-09	1.76479e-08	0.000223439	0.993101	0.992842	0.0606355	0.453081	0.451521	0.0613171	0.171884	0.942061	0.939845	0.942046	
0.993102	0.993019	0.993102	7.62304e-05	0.000207446	0.993102	0.993102	0.131866	0.0412459	0.993102	0.993102	7.65695e-15	0.993092	0.993102	0.993102	3.46741e-07	0.000221764	1.32708e-09	2.15643e-07	0.000390399	0.993101	0.992908	0.0459832	0.346016	0.344825	0.0465211	0.13025	0.968327	0.966236	0.968313	
0.993102	0.993039	0.993102	0.00015848	0.000228112	0.993102	0.993102	0.0996821	0.0332609	0.993102	0.993102	5.72942e-15	0.993094	0.993102	0.993102	1.71981e-06	0.000165938	9.95422e-10	2.01035e-06	0.00066968	0.993101	0.992957	0.0348524	0.262663	0.261759	0.0352739	0.0984334	0.969079	0.967297	0.969065	
0.993102	0.993054	0.993102	0.000283671	0.000307546	0.993102	0.993102	0.0755836	0.0263852	0.993102	0.993102	4.28712e-15	0.993096	0.993102	0.993102	7.47863e-06	0.000124166	7.47212e-10	8.35546e-06	0.000884997	0.993101	0.992993	0.0265927	0.198868	0.198182	0.0269269	0.0746178	0.972876	0.971115	0.972862	
0.993102	0.993065	0.993102	0.00044634	0.000435985	0.993102	0.993102	0.0574767	0.0208906	0.993102	0.993102	3.2079e-15	0.993098	0.993102	0.993102	2.43386e-05	9.29086e-05	5.6131e-10	2.56582e-05	0.00107738	0.993101	0.993021	0.0204449	0.150462	0.149939	0.0207146	0.0567276	0.974026	0.972115	0.974013	
0.993102	0.993074	0.993102	0.000637102	0.000616045	0.993102	0.993102	0.0439042	0.0165501	0.993102	0.993102	2.40036e-15	0.993099	0.993102	0.993102	6.18942e-05	6.95201e-05	4.22154e-10	6.00714e-05	0.00123236	0.993101	0.993041	0.0158942	0.113877	0.113476	0.0161194	0.0433181	0.994106	0.992483	0.994095	
0.993102	0.993081	0.993102	0.000844009	0.000716406	0.993102	0.993102	0.0334503	0.0135214	0.993102	0.993102	1.79611e-15	0.9931	0.993102	0.993102	0.000128746	5.20194e-05	3.17319e-10	0.000150656	0.00156085	0.993101	0.993057	0.0123284	0.0862892	0.0859761	0.0125113	0.0330002	1.02576	1.02392	1.02575	
0.993102	0.993086	0.993102	0.00106107	0.000703989	0.993102	0.993102	0.0253464	0.0119704	0.993102	0.993102	1.34396e-15	0.9931	0.993102	0.993102	0.000231305	3.89242e-05	2.382e-10	0.000414275	0.00237304	0.993101	0.993068	0.00947071	0.0654997	0.0652525	0.0096168	0.0250035	1.03398	1.0325	1.03397	
0.993102	0.99309	0.993102	0.00128777	0.000695011	0.993102	0.993102	0.0192334	0.0108588	0.993102	0.993102	1.00564e-15	0.993101	0.993102	0.993101	0.000365833	2.91256e-05	1.78879e-10	0.000806892	0.00320121	0.993101	0.993077	0.0073017	0.0498293	0.0496332	0.00741754	0.0189746	1.01442	1.01296	1.01442	
0.993102	0.993092	0.993102	0.0015142	0.000802334	0.993102	0.993102	0.0147854	0.00929148	0.993102	0.993102	7.52484e-16	0.993101	0.993102	0.993101	0.000527477	2.17936e-05	1.34794e-10	0.00103526	0.00336555	0.993101	0.993083	0.0057887	0.038026	0.0378693	0.00588505	0.0145904	1.0177	1.01645	1.01769	
0.993102	0.993094	0.993102	0.00172151	0.000890637	0.993102	0.993102	0.0114305	0.00812551	0.993102	0.993102	5.63057e-16	0.993101	0.993102	0.993101	0.000709606	1.63074e-05	1.01746e-10	0.00132844	0.0035586	0.993101	0.993088	0.00464568	0.0291541	0.029026	0.00472575	0.0112866	1.02917	1.02799	1.02917	
0.993102	0.993096	0.993102	0.001908	0.000914255	0.993102	0.993102	0.0088437	0.0074919	0.993102	0.993102	4.21316e-16	0.993102	0.993102	0.993101	0.000902794	1.22022e-05	7.68334e-11	0.00179284	0.00397546	0.993101	0.993091	0.00373192	0.0224869	0.0223794	0.003798	0.00873919	1.05205	1.0509	1.05204	
0.993102	0.993097	0.993102	0.00207699	0.000849946	0.993102	0.993102	0.00680079	0.00774415	0.993102	0.993102	3.15256e-16	0.993102	0.993102	0.993101	0.00109602	9.13046e-06	5.79338e-11	0.00274369	0.00505016	0.993101	0.993094	0.00295643	0.0174727	0.0173807	0.00300969	0.00672543	1.03524	1.03416	1.03523	
0.993102	0.993098	0.993102	0.00223846	0.000878522	0.993102	0.993102	0.00534449	0.0072542	0.993102	0.993102	2.35895e-16	0.993102	0.993102	0.993101	0.00127598	6.83199e-06	4.39657e-11	0.00314789	0.00527027	0.993101	0.993096	0.00244048	0.0136911	0.013612	0.00248534	0.00529326	1.02034	1.01913	1.02033	
0.993102	0.993099	0.993102	0.0023771	0.000994727	0.993102	0.993102	0.00434235	0.0064957	0.993102	0.993102	1.76513e-16	0.993102	0.993102	0.993101	0.00144736	5.11213e-06	3.37255e-11	0.00321782	0.00505588	0.993101	0.993098	0.00213659	0.01085	0.0107804	0.00217779	0.00431117	0.983929	0.982865	0.983924	
0.993102	0.993099	0.993102	0.00248817	0.00145813	0.993101	0.993102	0.00395719	0.00537428	0.993102	0.993102	1.32083e-16	0.993102	0.993102	0.993101	0.00160611	3.82522e-06	2.6949e-11	0.00284336	0.00432289	0.993101	0.993099	0.00225075	0.00872256	0.00865874	0.00229562	0.00395271	1.00089	0.999985	1.00089	
0.993102	0.9931	0.993102	0.00256404	0.001605	0.993101	0.993102	0.00346461	0.00475718	0.993102	0.993102	9.88351e-17	0.993102	0.993102	0.993101	0.00175076	2.86228e-06	2.13941e-11	0.00274573	0.00399342	0.993101	0.9931	0.00215947	0.00714533	0.00707994	0.00220174	0.00347746	0.983127	0.982242	0.983123	
0.993102	0.9931	0.993102	0.0026212	0.00194183	0.993101	0.993102	0.00330913	0.00407848	0.993102	0.993102	7.39598e-17	0.993102	0.993102	0.993101	0.00187999	2.14174e-06	1.77644e-11	0.00249633	0.00352131	0.993101	0.9931	0.00230176	0.00596851	0.00590008	0.00234565	0.0033432	0.968297	0.9675	0.968293	
0.993102	0.9931	0.993101	0.00265826	0.00245288	0.993101	0.993102	0.00343821	0.00344365	0.993102	0.993102	5.53506e-17	0.993102	0.993102	0.993101	0.00199229	1.60259e-06	1.56679e-11	0.00219725	0.00303186	0.993101	0.993101	0.00265675	0.00509871	0.00502356	0.00270461	0.00349936	0.974848	0.974135	0.974845	
0.993102	0.9931	0.993101	0.00267647	0.00271131	0.993101	0.993102	0.00341641	0.00303415	0.993102	0.993102	4.1424e-17	0.993102	0.993102	0.993101	0.00208666	1.19916e-06	1.38274e-11	0.00201467	0.00272144	0.993101	0.993101	0.00281845	0.00446417	0.00437703	0.0028662	0.00349555	0.982735	0.981964	0.982731	
0.993102	0.993101	0.993101	0.0026853	0.00277784	0.993101	0.993102	0.00327707	0.00281329	0.993102	0.993102	3.10014e-17	0.993102	0.993102	0.993101	0.00216693	8.9729e-07	1.21518e-11	0.00193906	0.00256655	0.993101	0.993101	0.00282442	0.0039978	0.00389806	0.00287127	0.00336423	0.954328	0.953518	0.954325	
0.993102	0.993101	0.993101	0.00269103	0.00340152	0.993101	0.993102	0.0037211	0.00241414	0.993102	0.993102	2.32138e-17	0.993102	0.993102	0.993101	0.00223457	6.71413e-07	1.22828e-11	0.00169651	0.00222118	0.993101	0.993102	0.00337901	0.00365078	0.00354068	0.00343467	0.00383462	0.940693	0.939997	0.94069	
0.993102	0.993101	0.993101	0.00268411	0.00426502	0.9931	0.993102	0.00444834	0.00204823	0.993102	0.993102	1.73988e-17	0.993102	0.993102	0.993102	0.00228557	5.02398e-07	1.34329e-11	0.00145132	0.00189107	0.993101	0.993102	0.00420135	0.00341069	0.00328385	0.00426633	0.00460062	0.986076	0.985394	0.986073	
0.993102	0.993101	0.993101	0.00266428	0.00387797	0.993101	0.993102	0.00400265	0.00215477	0.993102	0.993102	1.30236e-17	0.993102	0.993102	0.993101	0.00232065	3.75928e-07	1.1793e-11	0.00151598	0.00198186	0.993101	0.993102	0.00382637	0.00325807	0.00310566	0.00388436	0.00414407	0.923876	0.923289	0.923874	
0.993102	0.993101	0.9931	0.00265619	0.00528788	0.9931	0.993102	0.00531931	0.0017883	0.993102	0.993102	9.80164e-18	0.993102	0.993102	0.993102	0.00235011	2.81299e-07	1.48226e-11	0.00126185	0.00164653	0.993101	0.993102	0.00521073	0.00313077	0.00296522	0.00528163	0.00552284	0.948527	0.947996	0.948524	
0.993102	0.993101	0.9931	0.00262805	0.00538154	0.9931	0.993102	0.00540526	0.0016441	0.993102	0.993102	7.35543e-18	0.993102	0.993102	0.993102	0.00236088	2.10489e-07	1.48603e-11	0.00113686	0.0014997	0.993101	0.993102	0.00534867	0.0030796	0.00288203	0.00541713	0.00561908	0.960799	0.96025	0.960797	
0.993102	0.993101	0.9931	0.00260334	0.00514037	0.9931	0.993102	0.00516143	0.00162387	0.993102	0.993102	5.51682e-18	0.993102	0.993102	0.993102	0.00236928	1.57504e-07	1.40753e-11	0.00109535	0.001464	0.993101	0.993102	0.00514107	0.00304609	0.00282284	0.00520483	0.00536862	0.950299	0.949734	0.950296	
0.993102	0.993101	0.9931	0.00258707	0.0052247	0.9931	0.993102	0.00523922	0.00153141	0.993102	0.993102	4.14786e-18	0.993102	0.993102	0.993102	0.00237837	1.17858e-07	1.4163e-11	0.00102073	0.00137247	0.993101	0.993102	0.00525093	0.00301418	0.00277558	0.00531452	0.00545125	0.955745	0.955191	0.955743	
0.993102	0.993101	0.9931	0.00257232	0.00514394	0.9931	0.993102	0.0051564	0.00150031	0.993102	0.993102	3.11966e-18	0.993102	0.993102	0.993102	0.00238491	8.81922e-08	1.38604e-11	0.000986917	0.00133573	0.993101	0.993102	0.00519128	0.00299403	0.00274248	0.00525289	0.00536609	0.956165	0.955525	0.956162	
0.993102	0.993101	0.9931	0.00256156	0.00507491	0.9931	0.993102	0.00508452	0.00147967	0.993102	0.993102	2.35006e-18	0.993102	0.993102	0.993102	0.00239188	6.59941e-08	1.36025e-11	0.000964153	0.00131074	0.993101	0.993102	0.00513694	0.00297702	0.00271702	0.00519909	0.00528952	0.935595	0.934998	0.935593	
0.993102	0.993101	0.9931	0.00255389	0.00564475	0.9931	0.993102	0.00565053	0.00134316	0.993102	0.993102	1.79426e-18	0.993102	0.993102	0.993102	0.00239748	4.93857e-08	1.50482e-11	0.000871783	0.0011871	0.993101	0.993102	0.00572964	0.00296252	0.0026973	0.00579868	0.00587733	0.926018	0.925517	0.926015	
0.993102	0.993101	0.9931	0.00253909	0.00643244	0.9931	0.993102	0.00646066	0.00120454	0.993102	0.993102	1.39511e-18	0.993102	0.993102	0.993102	0.00239519	3.69592e-08	1.72266e-11	0.000772534	0.00105862	0.993101	0.993102	0.0065738	0.00297054	0.00269191	0.00664831	0.00672312	0.892673	0.892136	0.89267	
0.993102	0.993101	0.993099	0.00251587	0.0090117	0.993099	0.993102	0.00914849	0.00100746	0.993102	0.993102	1.24395e-18	0.993102	0.993102	0.993102	0.00238529	2.76663e-08	2.47022e-11	0.000636815	0.000879573	0.993101	0.993102	0.00934717	0.00300308	0.00270074	0.00945007	0.00951801	0.89169	0.891147	0.891686	
0.993102	0.993101	0.993098	0.00246351	0.0108014	0.993099	0.993102	0.0112459	0.000869945	0.993102	0.993102	1.13961e-18	0.993102	0.993102	0.993102	0.00234744	2.07129e-08	3.11742e-11	0.000525619	0.000743855	0.993101	0.993102	0.0115263	0.00311722	0.00274801	0.0116519	0.0116964	0.821038	0.820821	0.821035	
0.993102	0.993101	0.993093	0.00239782	0.0233272	0.993095	0.993102	0.0255725	0.000681388	0.993102	0.993102	4.36035e-18	0.993102	0.993102	0.993102	0.00228962	1.55451e-08	7.7421e-11	0.000403967	0.000577443	0.993101	0.993102	0.0262967	0.00327532	0.00281652	0.0264618	0.0266415	0.777463	0.777245	0.77746	
0.993102	0.993101	0.993084	0.00220812	0.0435225	0.993092	0.993102	0.0566187	0.00053173	0.993102	0.993102	2.33563e-17	0.993102	0.993102	0.993102	0.00210006	1.17468e-08	2.24275e-10	0.000304229	0.000440787	0.993101	0.993102	0.0582638	0.00406563	0.00312283	0.058527	0.0588266	0.793399	0.7932	0.793396	
0.993102	0.993101	0.993084	0.00187254	0.0434043	0.993094	0.993102	0.0708779	0.000481906	0.993102	0.993102	2.80865e-17	0.993102	0.993102	0.993102	0.00173805	8.89356e-09	3.49639e-10	0.000228161	0.000341755	0.9931	0.993102	0.0729633	0.00750377	0.00422489	0.0732602	0.0735573	0.816773	0.8166	0.816769	
0.993102	0.993101	0.993087	0.00156444	0.0376694	0.993096	0.993102	0.0718117	0.000538554	0.993102	0.993102	2.51556e-17	0.993102	0.993102	0.993102	0.00139333	6.74141e-09	3.76044e-10	0.000171189	0.000274636	0.993099	0.993102	0.0738578	0.0115059	0.00566886	0.0741403	0.074414	0.766335	0.766185	0.76633	
0.993102	0.993101	0.993085	0.00132911	0.0416072	0.993096	0.993102	0.0994957	0.000461866	0.993102	0.993102	4.97109e-17	0.993102	0.993102	0.993102	0.0011212	5.31586e-09	5.62881e-10	0.000128277	0.000212355	0.993099	0.993102	0.101792	0.0139667	0.00679326	0.102115	0.102509	0.797204	0.797045	0.797199	
0.993102	0.993101	0.993088	0.00108466	0.0354341	0.993097	0.993102	0.101517	0.00055133	0.993102	0.993102	4.61554e-17	0.993102	0.993102	0.993102	0.000866849	4.21316e-09	5.86226e-10	9.60872e-05	0.000171548	0.993098	0.993102	0.103651	0.0203617	0.00949517	0.103971	0.104341	0.773149	0.773004	0.773144	
0.993102	0.993101	0.993089	0.000897492	0.0331023	0.993098	0.993102	0.117176	0.000529363	0.993102	0.993102	5.78222e-17	0.993102	0.993102	0.993102	0.000671106	3.60128e-09	6.75813e-10	7.19644e-05	0.000136144	0.993098	0.993102	0.119134	0.0243701	0.0116875	0.119474	0.11994	0.737281	0.737189	0.737276	
0.993102	0.993101	0.993088	0.000733859	0.034476	0.993098	0.993102	0.159868	0.000470499	0.993102	0.993102	1.40605e-16	0.993102	0.993102	0.993102	0.000513539	4.01093e-09	9.71227e-10	5.38663e-05	0.000105655	0.993098	0.993102	0.161701	0.0300326	0.014974	0.162051	0.162768	0.703866	0.703803	0.70386	
0.993102	0.993101	0.993089	0.000575445	0.0338879	0.993098	0.993102	0.230321	0.000444162	0.993102	0.993102	4.747e-16	0.993102	0.993102	0.993102	0.000386369	8.8654e-09	1.66333e-09	4.03078e-05	8.0991e-05	0.993098	0.993102	0.232004	0.0491986	0.0253736	0.232345	0.233321	0.551192	0.551154	0.551187	
0.993102	0.993101	0.993076	0.000436974	0.0621609	0.993095	0.993102	0.408368	0.000349936	0.993102	0.993102	1.65726e-13	0.993055	0.993102	0.993102	0.000289229	5.20858e-07	2.09203e-08	3.01609e-05	6.06935e-05	0.993098	0.993102	0.409659	0.118392	0.0683428	0.409924	0.410754	0.570852	0.570804	0.570847	
0.993102	0.993101	0.993082	0.000327152	0.0473353	0.993097	0.993102	0.535456	0.0018694	0.993102	0.993102	1.99278e-13	0.993062	0.993102	0.993102	0.00021642	7.33016e-06	3.90929e-08	2.25683e-05	4.55491e-05	0.993096	0.993102	0.536451	0.330541	0.275297	0.536666	0.537384	0.539136	0.539009	0.539131	
0.993102	0.993101	0.993087	0.00024481	0.0355415	0.993098	0.993102	0.639603	0.00903006	0.993102	0.993102	4.08608e-13	0.993015	0.993102	0.993102	0.000161939	0.00022927	6.21826e-08	1.6887e-05	3.41538e-05	0.993096	0.993101	0.640013	0.496427	0.453677	0.640203	0.641087	0.613368	0.613295	0.613362	
0.993102	0.993101	0.993091	0.000183185	0.0265978	0.993099	0.993102	0.686242	0.11493	0.993102	0.993102	3.1726e-13	0.993036	0.993102	0.993102	0.000121173	0.000685745	5.24325e-08	1.26359e-05	2.58694e-05	0.993097	0.993028	0.679996	0.621293	0.589134	0.680196	0.687476	0.684764	0.684695	0.684757	
0.993102	0.993078	0.993094	0.000137077	0.0199025	0.9931	0.993102	0.64867	0.198098	0.993102	0.993102	2.37473e-13	0.993053	0.993102	0.993102	9.06695e-05	0.000888083	4.04186e-08	9.45502e-06	2.06619e-05	0.993097	0.992575	0.535324	0.714246	0.689733	0.535508	0.649739	0.736081	0.735998	0.736074	
0.993102	0.992425	0.993096	0.000102646	0.0148926	0.9931	0.993102	0.559597	0.185901	0.993102	0.993102	1.77695e-13	0.993065	0.993102	0.993102	6.78447e-05	0.000737083	3.06156e-08	7.07485e-06	1.90987e-05	0.993098	0.992603	0.40256	0.776442	0.754374	0.402701	0.560458	0.717632	0.717527	0.717623	
0.993102	0.992191	0.993097	7.71595e-05	0.0111457	0.993101	0.993102	0.513554	0.144929	0.993102	0.993102	1.32968e-13	0.993074	0.993102	0.993102	5.07657e-05	0.00057108	2.33954e-08	5.29385e-06	1.68047e-05	0.993099	0.992725	0.304883	0.794642	0.767883	0.304997	0.514204	0.679996	0.679812	0.679985	
0.993102	0.992342	0.993099	5.81262e-05	0.00835118	0.993101	0.993102	0.525482	0.110783	0.993102	0.993102	9.95477e-14	0.993081	0.993102	0.993102	3.79861e-05	0.000445156	1.84652e-08	3.96119e-06	1.3758e-05	0.993099	0.99282	0.244836	0.80243	0.774025	0.244982	0.525848	0.796637	0.796307	0.796627	
0.993102	0.992514	0.9931	4.3649e-05	0.00624974	0.993101	0.993102	0.421169	0.129947	0.993102	0.993102	7.44889e-14	0.993087	0.993102	0.993102	2.84236e-05	0.000335424	1.39049e-08	2.96402e-06	2.24894e-05	0.9931	0.99289	0.186594	0.830763	0.806269	0.186725	0.421313	0.831042	0.830495	0.831031	
0.993102	0.992619	0.9931	3.4495e-05	0.00467994	0.993102	0.993102	0.330034	0.106294	0.993102	0.993102	5.57375e-14	0.993091	0.993102	0.993102	2.12684e-05	0.000251138	1.04469e-08	2.21787e-06	4.10866e-05	0.9931	0.992943	0.140793	0.743442	0.717357	0.140905	0.330005	0.893312	0.892736	0.893303	
0.993102	0.992725	0.993101	3.28806e-05	0.00350803	0.993102	0.993102	0.251429	0.0874867	0.993102	0.993102	4.17064e-14	0.993093	0.993102	0.993102	1.59145e-05	0.000187925	7.8289e-09	1.65969e-06	0.000114991	0.9931	0.992983	0.105893	0.604489	0.581447	0.105983	0.25136	0.925338	0.924731	0.925329	
0.993102	0.992812	0.993101	4.79768e-05	0.00264068	0.993102	0.993102	0.190514	0.0699855	0.993102	0.993102	3.12074e-14	0.993096	0.993102	0.993102	1.19133e-05	0.000140618	5.86418e-09	1.2482e-06	0.000245845	0.9931	0.993013	0.0796531	0.468793	0.45051	0.0797255	0.190436	0.95443	0.953751	0.954421	
0.993102	0.992881	0.993101	9.16195e-05	0.00200569	0.993102	0.993102	0.143889	0.055726	0.993102	0.993102	2.33513e-14	0.993097	0.993102	0.993102	8.9945e-06	0.000105219	4.3913e-09	1.06529e-06	0.000469837	0.993101	0.993036	0.0599323	0.357851	0.343818	0.059991	0.143815	0.982204	0.981314	0.982196	
0.993102	0.992935	0.993102	0.000175166	0.00154422	0.993102	0.993102	0.108434	0.0447395	0.993102	0.993102	1.7473e-14	0.993099	0.993102	0.993102	7.41459e-06	7.87319e-05	3.28774e-09	2.28834e-06	0.000849802	0.993101	0.993052	0.0450976	0.271471	0.260829	0.0451462	0.108366	0.972892	0.971747	0.972882	
0.993102	0.992975	0.993102	0.000305519	0.00126197	0.993102	0.993102	0.0820592	0.0350276	0.993102	0.993102	1.30744e-14	0.993099	0.993102	0.993102	9.06582e-06	5.89122e-05	2.46236e-09	6.85385e-06	0.00105028	0.993101	0.993065	0.0341237	0.205395	0.197364	0.0341688	0.0819909	0.965286	0.9637	0.965274	
0.993102	0.993006	0.993102	0.000473258	0.00115486	0.993102	0.993102	0.0624719	0.0271696	0.993102	0.993102	9.78308e-15	0.9931	0.993102	0.993102	1.91556e-05	4.40819e-05	1.8451e-09	1.78033e-05	0.00114283	0.993101	0.993074	0.0260687	0.155306	0.149258	0.0261198	0.062394	0.952361	0.950372	0.952347	
0.993102	0.99303	0.993102	0.000665453	0.00126867	0.993102	0.993102	0.0481247	0.0209205	0.993102	0.993102	7.32034e-15	0.993101	0.993102	0.993102	4.64257e-05	3.29849e-05	1.38398e-09	3.46925e-05	0.00113178	0.993101	0.993081	0.0203163	0.117488	0.112933	0.0203876	0.0480259	0.96162	0.959286	0.961607	
0.993102	0.993048	0.993102	0.000866741	0.0013988	0.993101	0.993102	0.0371528	0.0162639	0.993102	0.993102	5.47755e-15	0.993101	0.993102	0.993102	0.00010038	2.46814e-05	1.03836e-09	7.13666e-05	0.001181	0.993101	0.993087	0.0159649	0.0890016	0.0855672	0.0160547	0.0370417	0.967183	0.96535	0.967169	
0.993102	0.993061	0.993102	0.0010703	0.00154944	0.993101	0.993102	0.0288189	0.0127661	0.993102	0.993102	4.09866e-15	0.993101	0.993102	0.993102	0.000186909	1.84682e-05	7.79459e-10	0.000133009	0.0012586	0.993101	0.993091	0.0126952	0.0675602	0.0649643	0.0127905	0.0287167	0.952483	0.950454	0.952468	
0.993102	0.993071	0.993102	0.00126916	0.00195868	0.993101	0.993102	0.0229239	0.009959	0.993102	0.993102	3.06689e-15	0.993102	0.993102	0.993102	0.000309691	1.38191e-05	5.86576e-10	0.000182092	0.00122241	0.993101	0.993093	0.0105761	0.0514304	0.0494618	0.0106921	0.0228221	0.950166	0.948445	0.950152	
0.993102	0.993078	0.993101	0.00145171	0.00241076	0.993101	0.993102	0.0185713	0.00781771	0.993102	0.993102	2.29486e-15	0.993102	0.993102	0.993102	0.000461375	1.03403e-05	4.42422e-10	0.00023623	0.0011837	0.993101	0.993096	0.00910604	0.0393154	0.037811	0.00923472	0.0184828	0.944986	0.94315	0.944972	
0.993102	0.993084	0.993101	0.00161479	0.0029508	0.993101	0.993102	0.0154626	0.00616885	0.993102	0.993102	1.71718e-15	0.993102	0.993102	0.993102	0.000635797	7.73729e-06	3.34961e-10	0.00028322	0.00112917	0.993101	0.993097	0.00819308	0.0302216	0.0290586	0.00834101	0.0153849	0.960064	0.958403	0.960051	
0.993102	0.993088	0.993101	0.00175599	0.00311454	0.993101	0.993102	0.0127268	0.00503788	0.993102	0.993102	1.28492e-15	0.993102	0.993102	0.993102	0.000820479	5.78954e-06	2.53555e-10	0.000374214	0.00117502	0.993101	0.993099	0.00718644	0.0234024	0.0224876	0.00733289	0.0126678	0.851565	0.849888	0.851551	
0.993102	0.993092	0.993098	0.00188267	0.0104956	0.993098	0.993102	0.019276	0.00381655	0.993102	0.993102	9.62422e-16	0.993102	0.993102	0.993102	0.00101091	4.33213e-06	2.15275e-10	0.00030068	0.000917067	0.993101	0.993099	0.0145282	0.0182775	0.0175473	0.0149407	0.0192492	0.709651	0.707921	0.709636	
0.993102	0.993094	0.993054	0.00189823	0.0920006	0.993062	0.993102	0.11666	0.00285951	0.993102	0.993102	1.01022e-15	0.993102	0.993102	0.993102	0.00112154	3.2421e-06	6.65785e-10	0.000225792	0.000688428	0.993101	0.9931	0.110742	0.0147129	0.0139713	0.113146	0.116838	0.610558	0.608488	0.610546	
0.993102	0.993096	0.993019	0.00148902	0.15492	0.99307	0.993102	0.295755	0.00215852	0.993102	0.993102	1.64349e-14	0.993102	0.993102	0.993102	0.000878176	2.43121e-06	1.91856e-08	0.000168953	0.000515432	0.993092	0.993101	0.290639	0.0439778	0.0163464	0.293852	0.29575	0.407059	0.403855	0.407051	
0.993102	0.993097	0.992961	0.00111603	0.230676	0.993078	0.993102	0.470462	0.00165737	0.993102	0.993102	5.53281e-11	0.990904	0.993102	0.993102	0.000657216	5.03785e-06	3.8975e-06	0.000126421	0.000385684	0.992977	0.993101	0.466622	0.270707	0.129238	0.469078	0.470428	0.386652	0.38352	0.386643	
0.993102	0.993098	0.992993	0.000835139	0.181869	0.993084	0.993102	0.601474	0.00541204	0.993102	0.993102	1.66669e-10	0.991091	0.993102	0.993102	0.000491771	3.87428e-05	2.96858e-05	9.45963e-05	0.000288597	0.990604	0.993101	0.598594	0.452476	0.338441	0.600466	0.601425	0.396853	0.393532	0.396841	
0.993102	0.993099	0.99302	0.000624908	0.136652	0.993089	0.993102	0.699384	0.0268388	0.993102	0.993102	2.01842e-10	0.990191	0.993102	0.993102	0.000367974	0.00106876	3.04841e-05	7.07829e-05	0.000215951	0.990889	0.993085	0.697164	0.588553	0.502575	0.698612	0.699313	0.414906	0.410897	0.414892	
0.993102	0.993099	0.993041	0.000467597	0.102307	0.993092	0.993102	0.772357	0.0736435	0.993102	0.993102	1.75672e-10	0.987983	0.993102	0.993102	0.000275342	0.0130807	2.51536e-05	5.29643e-05	0.000161594	0.99139	0.992285	0.770033	0.690384	0.625913	0.771242	0.772237	0.488261	0.484596	0.488247	
0.993102	0.993096	0.993056	0.000349886	0.0765559	0.993095	0.993102	0.823802	0.179922	0.993102	0.993102	1.31957e-10	0.989128	0.993102	0.993102	0.000206028	0.0327627	1.90943e-05	3.96312e-05	0.000120941	0.991807	0.978434	0.80928	0.766578	0.718262	0.811305	0.823444	0.554284	0.550085	0.55427	
0.993102	0.992824	0.993068	0.000261809	0.0572843	0.993097	0.993102	0.851674	0.242027	0.993102	0.993102	9.87432e-11	0.990121	0.993102	0.993102	0.000154163	0.0528644	1.43312e-05	2.96546e-05	9.05917e-05	0.992128	0.902738	0.68187	0.823546	0.787192	0.687917	0.850304	0.6073	0.6027	0.607286	
0.993102	0.989721	0.993077	0.000195905	0.0428638	0.993098	0.993102	0.849021	0.288388	0.993102	0.993102	7.38861e-11	0.990871	0.993102	0.993102	0.000115355	0.0652695	1.07338e-05	2.21895e-05	6.80641e-05	0.992371	0.778946	0.520743	0.866067	0.838517	0.526236	0.845105	0.669016	0.663013	0.669002	
0.993102	0.972602	0.993083	0.000146597	0.0320734	0.993099	0.993102	0.789616	0.32269	0.993102	0.993102	5.52863e-11	0.991432	0.993102	0.993102	8.63158e-05	0.0592421	8.03396e-06	1.66036e-05	5.18823e-05	0.992553	0.692886	0.390911	0.89747	0.876077	0.395182	0.779752	0.789812	0.779242	0.789799	
0.993102	0.92714	0.993088	0.000109748	0.0239994	0.9931	0.993102	0.622339	0.374299	0.993102	0.993102	4.13687e-11	0.991853	0.993102	0.993102	6.4587e-05	0.0447297	6.01168e-06	1.24238e-05	4.94788e-05	0.992691	0.742062	0.292562	0.916956	0.896968	0.295771	0.609656	0.863786	0.853257	0.863775	
0.993102	0.777051	0.993091	8.64819e-05	0.0179579	0.9931	0.993102	0.473626	0.292688	0.993102	0.993102	3.09547e-11	0.992167	0.993102	0.993102	4.83281e-05	0.0334734	4.49835e-06	9.29631e-06	8.37746e-05	0.992794	0.805222	0.218918	0.777033	0.736495	0.22132	0.46268	0.890317	0.876862	0.890308	
0.993102	0.815531	0.993094	8.13851e-05	0.0134376	0.993101	0.993102	0.359139	0.224432	0.993102	0.993102	2.31623e-11	0.992403	0.993102	0.993102	3.61621e-05	0.025047	3.36597e-06	6.95609e-06	0.000142117	0.992871	0.852518	0.163822	0.610642	0.572246	0.165624	0.349853	0.875785	0.851084	0.875777	
0.993102	0.859528	0.993096	0.000102918	0.0100598	0.993101	0.993102	0.275032	0.169802	0.993102	0.993102	1.73315e-11	0.992579	0.993102	0.993102	2.70588e-05	0.0187418	2.51865e-06	5.20501e-06	0.000165738	0.992929	0.887908	0.122655	0.468362	0.437034	0.12405	0.265672	0.887212	0.855109	0.887204	
0.993102	0.893094	0.993098	0.000152834	0.00754847	0.993101	0.993102	0.210835	0.12847	0.993102	0.993102	1.29685e-11	0.99271	0.993102	0.993102	2.02479e-05	0.0140238	1.88463e-06	3.89525e-06	0.000198692	0.992972	0.914389	0.0919506	0.356522	0.331999	0.0931493	0.201475	0.894554	0.860639	0.894547	
0.993102	0.918259	0.993099	0.000234367	0.00571403	0.993101	0.993102	0.162118	0.0971524	0.993102	0.993102	9.70387e-12	0.992809	0.993102	0.993102	1.51746e-05	0.0104935	1.41021e-06	2.92289e-06	0.000235243	0.993004	0.934204	0.0691434	0.270459	0.2516	0.0703696	0.152994	0.892168	0.859142	0.892161	
0.993102	0.937097	0.9931	0.000345846	0.00445863	0.9931	0.993102	0.125866	0.0733489	0.993102	0.993102	7.26105e-12	0.992883	0.993102	0.993102	1.16515e-05	0.00785192	1.05522e-06	2.24527e-06	0.000258694	0.993029	0.949031	0.052404	0.204895	0.190515	0.0539422	0.116868	0.90284	0.871785	0.902834	
0.993102	0.951194	0.9931	0.000478388	0.00364204	0.9931	0.993102	0.0978689	0.0554756	0.993102	0.993102	5.43318e-12	0.992938	0.993102	0.993102	1.06372e-05	0.0058753	7.89595e-07	2.00831e-06	0.000296132	0.993047	0.960125	0.040078	0.155237	0.144314	0.0419699	0.089457	0.746556	0.723775	0.74655	
0.993102	0.961743	0.993099	0.000628226	0.0143939	0.993081	0.993102	0.136678	0.0415281	0.993102	0.993102	4.06549e-12	0.992979	0.993102	0.993102	1.50057e-05	0.00439628	5.91041e-07	1.55586e-06	0.000226101	0.993061	0.968427	0.0554087	0.117704	0.109424	0.0692753	0.111638	0.516196	0.504238	0.51619	
0.993102	0.969636	0.993005	0.000564802	0.184183	0.992725	0.993102	0.345124	0.0310744	0.993102	0.993102	3.41664e-12	0.991951	0.993102	0.993102	1.32094e-05	0.00328987	4.69054e-07	1.1643e-06	0.000169229	0.993071	0.974638	0.275827	0.0934944	0.0859653	0.289358	0.324632	0.370996	0.364648	0.370991	
0.993102	0.975543	0.992996	0.000423807	0.235219	0.99282	0.993102	0.507842	0.0233114	0.993102	0.993102	1.39785e-10	0.985996	0.993102	0.993102	9.89964e-06	0.00247223	1.49592e-05	8.71206e-07	0.00012663	0.992698	0.979286	0.455652	0.315302	0.206772	0.46586	0.492455	0.403243	0.396457	0.403232	
0.993102	0.979963	0.993022	0.000317158	0.179188	0.992891	0.993102	0.629236	0.0266779	0.993102	0.993102	1.48984e-10	0.987663	0.993102	0.993102	7.40761e-06	0.00190195	3.25246e-05	6.51892e-07	9.47573e-05	0.989907	0.982764	0.589743	0.485873	0.398633	0.597528	0.617615	0.440378	0.433557	0.440362	
0.993102	0.98327	0.993042	0.000237322	0.134215	0.992944	0.993102	0.71924	0.0743953	0.993102	0.993102	1.20862e-10	0.988908	0.993102	0.993102	5.54285e-06	0.00228226	2.7654e-05	4.87787e-07	7.09133e-05	0.990401	0.985318	0.688592	0.613544	0.547695	0.694748	0.710318	0.499968	0.492367	0.499951	
0.993102	0.985742	0.993057	0.000177581	0.100435	0.992984	0.993102	0.783014	0.172785	0.993102	0.993102	9.07742e-11	0.989942	0.993102	0.993102	4.14751e-06	0.00560109	2.11029e-05	3.64993e-07	5.30941e-05	0.99103	0.985519	0.743963	0.709076	0.659568	0.7513	0.775521	0.575894	0.568064	0.575875	
0.993102	0.987418	0.993069	0.00013288	0.0751523	0.993014	0.993102	0.813955	0.256043	0.993102	0.993102	6.79253e-11	0.990737	0.993102	0.993102	3.10343e-06	0.0101682	1.58363e-05	2.73111e-07	3.98759e-05	0.991538	0.966634	0.61856	0.780508	0.743026	0.631526	0.805039	0.594398	0.586997	0.59438	
0.993102	0.98393	0.993077	9.94383e-05	0.0562339	0.993036	0.993102	0.828503	0.251119	0.993102	0.993102	5.08262e-11	0.991331	0.993102	0.993102	2.32218e-06	0.0198839	1.18689e-05	2.04359e-07	3.00512e-05	0.991927	0.913777	0.473147	0.833706	0.80455	0.484398	0.817673	0.600312	0.593755	0.600293	
0.993102	0.982056	0.993083	7.44121e-05	0.0420778	0.993053	0.993102	0.836093	0.252662	0.993102	0.993102	3.80316e-11	0.991776	0.993102	0.993102	1.73761e-06	0.035119	8.89266e-06	1.52914e-07	2.27265e-05	0.992221	0.844126	0.364146	0.873515	0.851045	0.373906	0.823998	0.683798	0.676608	0.683782	
0.993102	0.980507	0.993088	5.56852e-05	0.0314853	0.993065	0.993102	0.762143	0.342839	0.993102	0.993102	2.84577e-11	0.99211	0.993102	0.993102	1.30019e-06	0.0326021	6.6557e-06	1.1442e-07	1.82813e-05	0.992441	0.773946	0.274385	0.903248	0.885946	0.28198	0.74419	0.780128	0.772364	0.780113	
0.993102	0.886662	0.993092	4.18088e-05	0.0235593	0.993074	0.993102	0.60757	0.319548	0.993102	0.993102	2.12938e-11	0.99236	0.993102	0.993102	9.72883e-07	0.0246639	4.98042e-06	8.56165e-08	2.24381e-05	0.992607	0.819669	0.205359	0.914181	0.891861	0.211049	0.589493	0.856516	0.848273	0.856503	
0.993102	0.864284	0.993094	3.32391e-05	0.0176286	0.993081	0.993102	0.463787	0.261179	0.993102	0.993102	1.59334e-11	0.992547	0.993102	0.993102	7.27973e-07	0.0184582	3.7267e-06	6.40637e-08	5.71407e-05	0.992731	0.863308	0.153678	0.823429	0.777446	0.157939	0.448915	0.892497	0.877457	0.892485	
0.993102	0.892279	0.993096	3.56588e-05	0.0131913	0.993087	0.993102	0.351583	0.204271	0.993102	0.993102	1.19224e-11	0.992686	0.993102	0.993102	5.44716e-07	0.0138117	2.78857e-06	4.79369e-08	0.000125607	0.992824	0.895982	0.115017	0.658285	0.612932	0.118214	0.339291	0.936412	0.915492	0.936401	
0.993102	0.917294	0.993098	5.92809e-05	0.00987228	0.993091	0.993102	0.264987	0.160141	0.993102	0.993102	8.92108e-12	0.992791	0.993102	0.993102	4.07607e-07	0.0103348	2.08659e-06	3.59482e-08	0.000293326	0.992894	0.92043	0.0860953	0.507032	0.469898	0.0885042	0.25514	0.974351	0.951511	0.974341	
0.993102	0.936319	0.993099	0.000120634	0.00739157	0.993093	0.993102	0.199177	0.126325	0.993102	0.993102	6.67532e-12	0.992869	0.993102	0.993102	3.06208e-07	0.00773316	1.56132e-06	3.24258e-08	0.000645058	0.992946	0.938725	0.0644586	0.38539	0.356553	0.0662823	0.191482	0.995742	0.972209	0.995733	
0.993102	0.950599	0.9931	0.000235221	0.00554182	0.993096	0.993102	0.149622	0.0996252	0.993102	0.993102	4.9949e-12	0.992928	0.993102	0.993102	2.61154e-07	0.00578644	1.16828e-06	1.46598e-07	0.0011357	0.992985	0.952413	0.048279	0.291419	0.269428	0.0496719	0.143646	1.00462	0.981404	1.00461	
0.993102	0.961294	0.9931	0.000405935	0.00417155	0.993097	0.993102	0.112446	0.0782599	0.993102	0.993102	3.7375e-12	0.992972	0.993102	0.993102	5.76926e-07	0.00432978	8.74184e-07	1.21968e-06	0.00163115	0.993014	0.962656	0.0361925	0.219926	0.203276	0.0372744	0.107794	1.0278	1.00646	1.02779	
0.993102	0.969299	0.993101	0.000621241	0.00315435	0.993098	0.993102	0.084446	0.0625867	0.993102	0.993102	2.79664e-12	0.993005	0.993102	0.993102	2.87325e-06	0.00323982	6.54121e-07	9.27091e-06	0.00246462	0.993036	0.970321	0.0271462	0.165889	0.153326	0.0279902	0.0808601	1.0437	1.02358	1.04369	
0.993102	0.975289	0.993101	0.000874476	0.00240242	0.993099	0.993102	0.0634102	0.0509658	0.993102	0.993102	2.09262e-12	0.993029	0.993102	0.993102	1.20233e-05	0.00242424	4.89456e-07	4.39129e-05	0.00355823	0.993052	0.976056	0.0203769	0.125147	0.115684	0.0210403	0.0606553	1.0629	1.04535	1.0629	
0.993102	0.979773	0.993101	0.00115369	0.00184157	0.9931	0.993102	0.0475982	0.0428307	0.993102	0.993102	1.56583e-12	0.993048	0.993102	0.993102	3.63108e-05	0.00181397	3.66242e-07	0.000168057	0.00518367	0.993065	0.980347	0.0153027	0.0944735	0.0873545	0.0158223	0.0454941	1.07758	1.06149	1.07758	
0.993102	0.983127	0.993102	0.00145181	0.00142315	0.9931	0.993102	0.0357278	0.0372255	0.993102	0.993102	1.17165e-12	0.993061	0.993102	0.993101	8.59154e-05	0.00135733	2.74046e-07	0.00048284	0.00726754	0.993074	0.983558	0.011499	0.0713962	0.066044	0.0119062	0.0341245	1.07501	1.06008	1.07501	
0.993102	0.985638	0.993102	0.00176122	0.00112556	0.993101	0.993102	0.0268507	0.0320744	0.993102	0.993102	8.76707e-13	0.993072	0.993102	0.993101	0.00016787	0.00101564	2.05059e-07	0.000926943	0.00867813	0.993081	0.98596	0.00866145	0.0540403	0.0500183	0.00898609	0.0256234	1.0747	1.06111	1.0747	
0.993102	0.987516	0.993102	0.00205383	0.000915562	0.993101	0.993102	0.0202083	0.0277744	0.993102	0.993102	6.56008e-13	0.993079	0.993102	0.993101	0.000286048	0.000759965	1.53438e-07	0.00152636	0.00973376	0.993086	0.987758	0.00654482	0.0410059	0.0379838	0.00680766	0.0192654	1.0857	1.074	1.0857	
0.993102	0.988922	0.993102	0.00231702	0.000752708	0.993101	0.993102	0.0152145	0.025076	0.993102	0.993102	4.90867e-13	0.993085	0.993102	0.9931	0.000435215	0.000568654	1.14813e-07	0.00255862	0.0113311	0.99309	0.989104	0.00495303	0.0312245	0.0289534	0.00516441	0.0144925	1.08203	1.07121	1.08203	
0.993102	0.989974	0.993102	0.0025591	0.000644057	0.993101	0.993102	0.0114843	0.0225042	0.993102	0.993102	3.67298e-13	0.993089	0.993102	0.9931	0.000607717	0.000425503	8.59103e-08	0.00356294	0.0122641	0.993093	0.99011	0.00376953	0.0238795	0.0221725	0.003943	0.0109285	1.08661	1.07671	1.08661	
0.993102	0.990761	0.993102	0.00276771	0.00056178	0.993102	0.993102	0.00868399	0.0207606	0.993102	0.993102	2.74835e-13	0.993093	0.993102	0.993099	0.000795686	0.000318389	6.42838e-08	0.00481269	0.0133391	0.993095	0.990863	0.00288146	0.0183706	0.017087	0.0030246	0.00825571	1.09741	1.08882	1.09741	
0.993102	0.99135	0.993102	0.00294923	0.000488697	0.993102	0.993102	0.00657069	0.0201555	0.993102	0.993102	2.05649e-13	0.993095	0.993102	0.993099	0.000982573	0.000238239	4.81014e-08	0.00666678	0.0151475	0.993096	0.991427	0.00220687	0.0142372	0.0132714	0.0023235	0.00624223	1.10898	1.10147	1.10897	
0.993102	0.991791	0.993102	0.00311843	0.000422451	0.993102	0.993102	0.00497415	0.0205827	0.993102	0.993102	1.5388e-13	0.993097	0.993102	0.993098	0.0011549	0.000178265	3.59926e-08	0.0092853	0.0178329	0.993098	0.991849	0.00169211	0.0111291	0.0104018	0.00178599	0.00472336	1.10664	1.09988	1.10663	
0.993102	0.99212	0.993102	0.00328896	0.000377739	0.993102	0.993102	0.00378207	0.0203713	0.993102	0.993102	1.15143e-13	0.993098	0.993102	0.993098	0.00130343	0.000133389	2.69321e-08	0.011403	0.0195731	0.993099	0.992164	0.00130852	0.00878401	0.00823603	0.0013849	0.00359021	1.10522	1.09884	1.10521	
0.993102	0.992367	0.993102	0.00344206	0.000347808	0.993102	0.993102	0.00289161	0.0199454	0.993102	0.993102	8.61571e-14	0.993099	0.993102	0.993097	0.00143717	9.98104e-05	2.01525e-08	0.0131261	0.0207254	0.993099	0.9924	0.0010229	0.00701998	0.00660664	0.00108601	0.00274436	1.12004	1.11429	1.12004	
0.993102	0.992552	0.993102	0.0035718	0.000309715	0.993102	0.993102	0.00220935	0.0210739	0.993102	0.993102	6.44682e-14	0.9931	0.993102	0.993096	0.00155474	7.46845e-05	1.50795e-08	0.0162796	0.0236422	0.9931	0.992577	0.000798229	0.00569564	0.00538334	0.000849452	0.00209711	1.13093	1.1261	1.13092	
0.993102	0.99269	0.993102	0.00371083	0.000272191	0.993102	0.993102	0.00168982	0.0229692	0.993102	0.993102	4.82392e-14	0.9931	0.993102	0.993095	0.00163823	5.58837e-05	1.12835e-08	0.0205479	0.0277478	0.9931	0.992709	0.000623105	0.00468865	0.00445236	0.000664051	0.00160493	1.13557	1.13113	1.13557	
0.993102	0.992793	0.993102	0.00387204	0.000241016	0.993102	0.993102	0.00129773	0.0246432	0.993102	0.993102	3.60957e-14	0.993101	0.993102	0.993094	0.00169125	4.18157e-05	8.44312e-09	0.0248137	0.0317848	0.9931	0.992808	0.000488902	0.00391475	0.00373578	0.000521642	0.00123373	1.1355	1.1312	1.13549	
0.993102	0.99287	0.993102	0.00404603	0.000218159	0.993102	0.993102	0.00100429	0.0255686	0.993102	0.993102	2.70091e-14	0.993101	0.993102	0.993094	0.00172409	3.12892e-05	6.31776e-09	0.0281976	0.0348243	0.993101	0.992882	0.000387768	0.00331901	0.00318325	0.000414234	0.000956121	1.14143	1.13755	1.14142	
0.993102	0.992928	0.993102	0.00421261	0.000197143	0.993102	0.993102	0.000780893	0.0268775	0.993102	0.993102	2.02099e-14	0.993101	0.993102	0.993093	0.00174477	2.34126e-05	4.72742e-09	0.0321399	0.0384611	0.993101	0.992938	0.000309283	0.00286369	0.00276049	0.000330629	0.000744953	1.14595	1.14273	1.14595	
0.993102	0.992971	0.993102	0.00438208	0.000178728	0.993102	0.993102	0.000611103	0.0282108	0.993102	0.993102	1.51223e-14	0.993102	0.993102	0.993092	0.00174937	1.75188e-05	3.53742e-09	0.0363851	0.0423356	0.993101	0.992979	0.000248449	0.00251139	0.00243274	0.000265554	0.000584749	1.14711	1.14399	1.14711	
0.993102	0.993003	0.993102	0.00455481	0.000164438	0.993102	0.993102	0.000483349	0.029139	0.993102	0.993102	1.13155e-14	0.993102	0.993102	0.993092	0.00174611	1.31087e-05	2.64698e-09	0.0399863	0.0455812	0.993101	0.99301	0.0002021	0.00223674	0.00217664	0.000215945	0.000464293	1.15065	1.14789	1.15064	
0.993102	0.993027	0.993102	0.00472014	0.000151823	0.993102	0.993102	0.000385892	0.0301649	0.993102	0.993102	8.46697e-15	0.993102	0.993102	0.993091	0.0017375	9.80873e-06	1.9807e-09	0.0437756	0.0490153	0.993101	0.993033	0.000166037	0.00202367	0.00197757	0.000177236	0.000372522	1.14567	1.14332	1.14567	
0.993102	0.993045	0.993102	0.00488235	0.00014556	0.993102	0.993102	0.000315413	0.0299422	0.993102	0.993102	6.33552e-15	0.993102	0.993102	0.993091	0.00172327	7.33952e-06	1.48215e-09	0.0455519	0.0502928	0.993101	0.993051	0.000140268	0.00185638	0.00182088	0.000149422	0.0003067	1.1454	1.14311	1.14539	
0.993102	0.993059	0.993102	0.00500836	0.000141202	0.993102	0.993102	0.000262738	0.0297469	0.993102	0.993102	4.74064e-15	0.993102	0.993102	0.993091	0.00171783	5.49189e-06	1.1091e-09	0.0469055	0.051219	0.993101	0.993064	0.000121148	0.00173221	0.00170467	0.000128756	0.000257643	1.14247	1.14034	1.14246	
0.993102	0.993069	0.993102	0.0051056	0.000140011	0.993102	0.993102	0.000224864	0.0291908	0.993102	0.993102	3.54725e-15	0.993102	0.993102	0.993091	0.00171705	4.10938e-06	8.29966e-10	0.0473172	0.0512094	0.993101	0.993073	0.000107885	0.00164024	0.00161869	0.000114325	0.000222732	1.1445	1.14269	1.1445	
0.993102	0.993076	0.993102	0.00516964	0.000137839	0.993102	0.993102	0.000195344	0.0290837	0.993102	0.993102	2.65428e-15	0.993102	0.993102	0.993091	0.00172092	3.0749e-06	6.21098e-10	0.0482247	0.0517338	0.993101	0.993081	9.74576e-05	0.00157499	0.00155792	0.000102894	0.000195594	1.14368	1.14202	1.14368	
0.993102	0.993082	0.993102	0.00521892	0.000136824	0.993102	0.993102	0.000173669	0.0288789	0.993102	0.993102	1.9861e-15	0.993102	0.993102	0.993091	0.00172509	2.30084e-06	4.6481e-10	0.0487706	0.051935	0.993101	0.993086	8.99692e-05	0.0015267	0.00151299	9.46149e-05	0.000175853	1.14421	1.14268	1.14421	
0.993102	0.993086	0.993102	0.00525352	0.000135759	0.993102	0.993102	0.000157135	0.0288058	0.993102	0.993102	1.48613e-15	0.993102	0.993102	0.993091	0.00173007	1.72163e-06	3.47865e-10	0.0493617	0.0522307	0.993101	0.99309	8.42564e-05	0.00149183	0.00148064	8.82601e-05	0.000160851	1.14679	1.14534	1.14679	
0.993102	0.993089	0.993102	0.00527975	0.000133312	0.993102	0.993102	0.000143375	0.0291178	0.993102	0.993102	1.11201e-15	0.993102	0.993102	0.993091	0.00173462	1.28823e-06	2.60356e-10	0.0504884	0.0531309	0.993101	0.993093	7.91518e-05	0.00146613	0.00145683	8.26224e-05	0.000148194	1.15267	1.15129	1.15267	
0.993102	0.993092	0.993102	0.00530956	0.000127986	0.993102	0.993102	0.000130207	0.0301969	0.993102	0.993102	8.32079e-16	0.993102	0.993102	0.993091	0.00173531	9.63939e-07	1.94869e-10	0.0529568	0.0554543	0.993101	0.993095	7.34573e-05	0.00144461	0.00143675	7.64517e-05	0.000135675	1.15868	1.15738	1.15868	
0.993102	0.993093	0.993102	0.00536336	0.000120824	0.993102	0.993102	0.000117744	0.0318267	0.993102	0.993102	6.22615e-16	0.993102	0.993102	0.99309	0.00172653	7.21281e-07	1.45862e-10	0.0566552	0.0590672	0.993101	0.993097	6.73149e-05	0.00142098	0.00141425	6.98808e-05	0.000123533	1.15767	1.15641	1.15767	
0.993102	0.993095	0.993102	0.00545286	0.000116009	0.993102	0.993102	0.00010881	0.0325795	0.993102	0.993102	4.6588e-16	0.993102	0.993102	0.99309	0.00170701	5.39708e-07	1.09192e-10	0.0591433	0.0614617	0.993101	0.993098	6.2566e-05	0.00139227	0.00138646	6.47985e-05	0.000114912	1.15511	1.15386	1.15511	
0.993102	0.993095	0.993102	0.005547	0.000113805	0.993102	0.993102	0.000103175	0.0325957	0.993102	0.993102	3.48601e-16	0.993102	0.993102	0.99309	0.00168772	4.03844e-07	8.17561e-11	0.0602576	0.0624753	0.993101	0.993099	5.94619e-05	0.00136579	0.00136072	6.14546e-05	0.000109646	1.15561	1.15438	1.1556	
0.993102	0.993096	0.993102	0.00562359	0.000111944	0.993102	0.993102	9.87042e-05	0.0326785	0.993102	0.993102	2.60845e-16	0.993102	0.993102	0.99309	0.00167456	3.02182e-07	6.12261e-11	0.0612804	0.0634158	0.993101	0.9931	5.70109e-05	0.00134583	0.00134131	5.88142e-05	0.000105485	1.15526	1.15412	1.15525	
0.993102	0.993097	0.993102	0.00568796	0.000110783	0.993102	0.993102	9.54766e-05	0.0326557	0.993102	0.993102	1.95181e-16	0.993102	0.993102	0.99309	0.00166458	2.26112e-07	4.58645e-11	0.0619946	0.0640347	0.993101	0.993101	5.52439e-05	0.00133031	0.00132623	5.68831e-05	0.000102581	1.15544	1.15434	1.15544	
0.993102	0.993097	0.993102	0.00573934	0.000109853	0.993102	0.993102	9.29555e-05	0.0326634	0.993102	0.993102	1.46047e-16	0.993102	0.993102	0.99309	0.00165804	1.69191e-07	3.43698e-11	0.0626189	0.064574	0.993101	0.993101	5.38819e-05	0.00131881	0.00131507	5.53862e-05	0.000100342	1.15963	1.15859	1.15963	
0.993102	0.993097	0.993102	0.00578112	0.000107015	0.993102	0.993102	8.93184e-05	0.0333518	0.993102	0.993102	1.09282e-16	0.993102	0.993102	0.993089	0.00165352	1.266e-07	2.57645e-11	0.0644427	0.066347	0.993101	0.993101	5.18521e-05	0.00131014	0.00130665	5.32201e-05	9.67942e-05	1.15592	1.15492	1.15591	
0.993102	0.993097	0.993102	0.00583548	0.00010683	0.993102	0.993102	8.81031e-05	0.0331326	0.993102	0.993102	8.17714e-17	0.993102	0.993102	0.993089	0.00164486	9.473e-08	1.93291e-11	0.06466	0.0664828	0.993101	0.993102	5.10527e-05	0.0012992	0.00129592	5.23232e-05	9.58339e-05	1.15642	1.15544	1.15642	
0.993102	0.993097	0.993102	0.00587288	0.000106453	0.993102	0.993102	8.69575e-05	0.0330815	0.993102	0.993102	6.11866e-17	0.993102	0.993102	0.993089	0.00164098	7.0883e-08	1.45131e-11	0.0649997	0.0667607	0.993101	0.993102	5.0385e-05	0.0012924	0.00128928	5.15779e-05	9.48862e-05	1.16373	1.16286	1.16373	
0.993102	0.993098	0.993102	0.00590162	0.000102581	0.993102	0.993102	8.3225e-05	0.0342877	0.993102	0.993102	4.57837e-17	0.993102	0.993102	0.993089	0.00163821	5.30393e-08	1.09027e-11	0.0677247	0.0694527	0.993101	0.993102	4.82385e-05	0.00128763	0.00128464	4.93167e-05	9.10681e-05	1.16666	1.16592	1.16665	
0.993102	0.993098	0.993102	0.00596157	9.83955e-05	0.993102	0.993102	7.93913e-05	0.0354838	0.993102	0.993102	3.42583e-17	0.993102	0.993102	0.993088	0.00162581	3.96874e-08	8.19868e-12	0.0708842	0.0725552	0.993101	0.993102	4.57971e-05	0.00127639	0.00127352	4.67488e-05	8.71216e-05	1.16934	1.16862	1.16934	
0.993102	0.993098	0.993102	0.0060475	9.41593e-05	0.993102	0.993102	7.56087e-05	0.0366576	0.993102	0.993102	2.56342e-17	0.993102	0.993102	0.993088	0.00160787	2.96967e-08	6.17319e-12	0.0743046	0.0759373	0.993101	0.993102	4.3246e-05	0.00126054	0.0012578	4.40881e-05	8.31849e-05	1.16907	1.16839	1.16907	
0.993102	0.993097	0.993102	0.00615493	9.11387e-05	0.993102	0.993102	7.28389e-05	0.0372502	0.993102	0.993102	1.91812e-17	0.993102	0.993102	0.993088	0.00158643	2.2221e-08	4.65773e-12	0.0768114	0.0783944	0.993101	0.993102	4.11768e-05	0.00124155	0.00123896	4.19274e-05	8.03518e-05	1.17027	1.16964	1.17027	
0.993102	0.993097	0.993102	0.00626177	8.84322e-05	0.993102	0.993102	7.03462e-05	0.0377984	0.993102	0.993102	1.43526e-17	0.993102	0.993102	0.993087	0.00156714	1.66272e-08	3.52276e-12	0.0792241	0.0807544	0.993101	0.993102	3.93177e-05	0.0012238	0.00122134	3.99871e-05	7.78198e-05	1.16886	1.16824	1.16886	
0.993102	0.993097	0.993102	0.00636705	8.70286e-05	0.993102	0.993102	6.88973e-05	0.0378408	0.993102	0.993102	1.07395e-17	0.993102	0.993102	0.993087	0.00155013	1.24416e-08	2.6745e-12	0.0805259	0.0820035	0.993101	0.993102	3.80734e-05	0.00120728	0.00120493	3.86824e-05	7.64318e-05	1.16982	1.16923	1.16982	
0.993102	0.993097	0.993102	0.00645434	8.56275e-05	0.993102	0.993102	6.74719e-05	0.0380353	0.993102	0.993102	8.03598e-18	0.993102	0.993102	0.993087	0.00153845	9.30961e-09	2.03896e-12	0.0819302	0.08336	0.993101	0.993102	3.69714e-05	0.00119465	0.0011924	3.75277e-05	7.50601e-05	1.17263	1.17207	1.17263	
0.993102	0.993097	0.993102	0.00653215	8.34907e-05	0.993102	0.993102	6.55075e-05	0.0386776	0.993102	0.993102	6.01303e-18	0.993102	0.993102	0.993087	0.0015294	6.96609e-09	1.56128e-12	0.0841692	0.085568	0.993101	0.993102	3.56513e-05	0.00118406	0.00118189	3.61587e-05	7.30629e-05	1.17298	1.17246	1.17298	
0.993102	0.993097	0.993102	0.00661764	8.1788e-05	0.993102	0.993102	6.39103e-05	0.0390922	0.993102	0.993102	4.49933e-18	0.993102	0.993102	0.993087	0.00151868	5.21251e-09	1.20355e-12	0.0860411	0.0873999	0.993101	0.993102	3.45069e-05	0.00117241	0.00117032	3.49696e-05	7.14645e-05	1.17208	1.17158	1.17208	
0.993102	0.993097	0.993102	0.0067019	8.08991e-05	0.993102	0.993102	6.29599e-05	0.0391445	0.993102	0.993102	3.36669e-18	0.993102	0.993102	0.993087	0.0015087	3.90037e-09	9.3645e-13	0.0871139	0.0884276	0.993101	0.993102	3.3727e-05	0.00116131	0.00115929	3.41536e-05	7.05812e-05	1.17138	1.17089	1.17137	
0.993102	0.993097	0.993102	0.00677267	8.05487e-05	0.993102	0.993102	6.24385e-05	0.0390362	0.993102	0.993102	2.51917e-18	0.993102	0.993102	0.993087	0.00150195	2.91855e-09	7.37038e-13	0.0876702	0.0889375	0.993101	0.993102	3.32477e-05	0.0011527	0.00115074	3.3645e-05	7.01711e-05	1.17282	1.17238	1.17282	
0.993102	0.993097	0.993102	0.0068268	7.97433e-05	0.993102	0.993102	6.159e-05	0.0392426	0.993102	0.993102	1.88501e-18	0.993102	0.993102	0.993087	0.00149846	2.18388e-09	5.86739e-13	0.0887332	0.0899552	0.993101	0.993102	3.26774e-05	0.00114686	0.00114495	3.30442e-05	6.93829e-05	1.17524	1.17483	1.17523	
0.993102	0.993097	0.993102	0.00687837	7.82436e-05	0.993102	0.993102	6.02393e-05	0.0398237	0.993102	0.993102	1.41048e-18	0.993102	0.993102	0.993086	0.00149487	1.63416e-09	4.72579e-13	0.0906013	0.0917847	0.993101	0.993102	3.18526e-05	0.00114132	0.00113945	3.21881e-05	6.80088e-05	1.17106	1.17061	1.17106	
0.993102	0.993096	0.993102	0.00694122	7.87612e-05	0.993102	0.993102	6.04458e-05	0.0393525	0.993102	0.993102	1.05541e-18	0.993102	0.993102	0.993087	0.00148895	1.22282e-09	3.9004e-13	0.090239	0.0913915	0.993101	0.993102	3.17873e-05	0.00113389	0.00113206	3.21105e-05	6.8368e-05	1.16596	1.16543	1.16596	
0.993102	0.993096	0.993102	0.00697597	8.13449e-05	0.993102	0.993102	6.22279e-05	0.0381991	0.993102	0.993102	7.8973e-19	0.993102	0.993102	0.993087	0.00148957	9.15041e-10	3.32137e-13	0.0879645	0.0891028	0.993101	0.993102	3.26749e-05	0.00113097	0.00112917	3.30119e-05	7.04811e-05	1.16464	1.1641	1.16464	
0.993102	0.993096	0.993102	0.00696396	8.38944e-05	0.993102	0.993102	6.40051e-05	0.0373102	0.993102	0.993102	5.90928e-19	0.993102	0.993102	0.993087	0.0014994	6.8474e-10	2.89865e-13	0.0857773	0.0869059	0.993101	0.993102	3.37904e-05	0.0011354	0.0011336	3.41449e-05	7.25756e-05	1.15581	1.15517	1.15581	
0.993102	0.993097	0.993102	0.00692357	9.02399e-05	0.993102	0.993102	6.87073e-05	0.0354182	0.993102	0.993102	4.42173e-19	0.993102	0.993102	0.993088	0.00151426	5.12423e-10	2.66229e-13	0.0810914	0.082209	0.993101	0.993102	3.66283e-05	0.00114392	0.0011421	3.70419e-05	7.79233e-05	1.14459	1.14371	1.14458	
0.993102	0.993097	0.993102	0.00682738	0.000101871	0.993102	0.993102	7.74866e-05	0.0327865	0.993102	0.993102	3.30866e-19	0.993102	0.993102	0.993089	0.00154168	3.835e-10	2.6102e-13	0.0742972	0.0754209	0.993101	0.993102	4.21549e-05	0.00116169	0.0011598	4.27261e-05	8.7735e-05	1.14733	1.14651	1.14733	
0.993102	0.993097	0.993102	0.00666526	0.000108669	0.993102	0.993102	8.27092e-05	0.0315069	0.993102	0.993102	2.4758e-19	0.993102	0.993102	0.99309	0.00158209	2.87027e-10	2.53944e-13	0.0699187	0.0710547	0.993101	0.993102	4.62562e-05	0.00119162	0.00118958	4.69291e-05	9.35322e-05	1.14209	1.14125	1.14209	
0.993102	0.993097	0.993102	0.00649495	0.000117219	0.993102	0.993102	8.94378e-05	0.030036	0.993102	0.993102	1.8526e-19	0.993102	0.993102	0.99309	0.00162072	2.14848e-10	2.55347e-13	0.0652428	0.0663696	0.993101	0.993102	5.13738e-05	0.00122244	0.00122022	5.21634e-05	0.000100939	1.13761	1.13676	1.1376	
0.993102	0.993097	0.993102	0.00631399	0.00012685	0.993102	0.993102	9.71627e-05	0.0285687	0.993102	0.993102	1.3863e-19	0.993102	0.993102	0.993091	0.00165959	1.60845e-10	2.62789e-13	0.0606421	0.0617461	0.993101	0.993102	5.73248e-05	0.00125547	0.00125304	5.82401e-05	0.000109383	1.14433	1.14347	1.14432	
0.993102	0.993098	0.993102	0.00612643	0.000129006	0.993102	0.993102	9.92362e-05	0.0285277	0.993102	0.993102	1.03737e-19	0.993102	0.993102	0.993091	0.00169869	1.20427e-10	2.59577e-13	0.0587544	0.0598826	0.993101	0.993102	5.98947e-05	0.00129044	0.00128776	6.0875e-05	0.000111439	1.14724	1.14643	1.14724	
0.993102	0.993098	0.993102	0.00597447	0.000128569	0.993102	0.993102	9.93808e-05	0.0289114	0.993102	0.993102	7.76277e-20	0.993102	0.993102	0.993091	0.00172439	9.01796e-11	2.53839e-13	0.0580617	0.05921	0.993101	0.993102	6.08692e-05	0.00131693	0.00131404	6.18635e-05	0.000111335	1.14683	1.14605	1.14683	
0.993102	0.993098	0.993102	0.00586297	0.000128405	0.993102	0.993102	9.977e-05	0.0290809	0.993102	0.993102	5.80907e-20	0.993102	0.993102	0.993091	0.00173726	6.75469e-11	2.50212e-13	0.0574014	0.0585565	0.993101	0.993102	6.1605e-05	0.00133407	0.00133104	6.26035e-05	0.000111494	1.15227	1.15156	1.15227	
0.993102	0.993098	0.993102	0.00577805	0.000124899	0.993102	0.993102	9.74945e-05	0.0299953	0.993102	0.993102	4.3471e-20	0.993102	0.993102	0.99309	0.0017427	5.06045e-11	2.41408e-13	0.0584014	0.0595684	0.993101	0.993102	6.04524e-05	0.00134571	0.00134258	6.14042e-05	0.000108749	1.15277	1.15205	1.15276	
0.993102	0.993098	0.993102	0.00573532	0.000121945	0.993102	0.993102	9.56056e-05	0.0306132	0.993102	0.993102	3.25314e-20	0.993102	0.993102	0.99309	0.00173736	3.79265e-11	2.34375e-13	0.059269	0.0604467	0.993101	0.993102	5.91911e-05	0.0013481	0.00134493	6.01045e-05	0.000106442	1.14841	1.14751	1.14841	
0.993102	0.993098	0.993102	0.00571842	0.000122304	0.993102	0.993102	9.62758e-05	0.0303507	0.993102	0.993102	2.43464e-20	0.993102	0.993102	0.99309	0.0017289	2.84458e-11	2.34051e-13	0.058634	0.059845	0.993101	0.993102	5.9331e-05	0.00134567	0.0013425	6.02875e-05	0.000106898	1.15435	1.15353	1.15434	
0.993102	0.993098	0.993102	0.00569738	0.000119085	0.993102	0.993102	9.40148e-05	0.0310911	0.993102	0.993102	1.82209e-20	0.993102	0.993102	0.99309	0.00172383	2.13442e-11	2.27257e-13	0.0598638	0.0611121	0.993101	0.993102	5.78219e-05	0.00134563	0.00134245	5.87591e-05	0.000104226	1.15588	1.15499	1.15588	
0.993102	0.993098	0.993102	0.00570154	0.000115832	0.993102	0.993102	9.16672e-05	0.031786	0.993102	0.993102	1.36372e-20	0.993102	0.993102	0.99309	0.001714	1.60286e-11	2.20614e-13	0.0612236	0.0625289	0.993101	0.993102	5.60952e-05	0.0013406	0.00133744	5.70272e-05	0.00010146	1.15603	1.15517	1.15602	
0.993102	0.993098	0.993102	0.00572497	0.000113325	0.993102	0.993102	8.98474e-05	0.0322096	0.993102	0.993102	1.02073e-20	0.993102	0.993102	0.99309	0.00170061	1.20509e-11	2.1549e-13	0.0622991	0.0636356	0.993101	0.993102	5.45896e-05	0.00133219	0.00132909	5.55055e-05	9.93379e-05	1.15686	1.15597	1.15686	
0.993102	0.993098	0.993102	0.00575627	0.000111021	0.993102	0.993102	8.81246e-05	0.0325983	0.993102	0.993102	7.64073e-21	0.993102	0.993102	0.993089	0.00168774	9.07369e-12	2.10797e-13	0.0633614	0.064735	0.993101	0.993102	5.31499e-05	0.0013231	0.00132006	5.40566e-05	9.73476e-05	1.15245	1.15163	1.15245	
0.993102	0.993098	0.993102	0.005793	0.000111732	0.993102	0.993102	8.87462e-05	0.0321249	0.993102	0.993102	5.7208e-21	0.993102	0.993102	0.99309	0.00167484	6.85103e-12	2.11815e-13	0.0628617	0.0642137	0.993101	0.993102	5.3102e-05	0.00131375	0.00131077	5.40013e-05	9.80143e-05	1.15934	1.15862	1.15933	
0.993102	0.993098	0.993102	0.00580871	0.000108597	0.993102	0.993102	8.62642e-05	0.0329357	0.993102	0.993102	4.28336e-21	0.993102	0.993102	0.993089	0.00166888	5.17988e-12	2.05588e-13	0.0646518	0.0659968	0.993101	0.993102	5.14624e-05	0.00130984	0.0013069	5.23057e-05	9.53199e-05	1.15756	1.15686	1.15756	
0.993102	0.993098	0.993102	0.00584543	0.000107165	0.993102	0.993102	8.51188e-05	0.0331041	0.993102	0.993102	3.20792e-21	0.993102	0.993102	0.993089	0.00165783	3.93133e-12	2.02613e-13	0.0654332	0.0667531	0.993101	0.993102	5.04642e-05	0.00130163	0.00129874	5.12633e-05	9.41095e-05	1.16338	1.16271	1.16338	
0.993102	0.993098	0.993102	0.00588015	0.000103263	0.993102	0.993102	8.19872e-05	0.0341987	0.993102	0.993102	2.40262e-21	0.993102	0.993102	0.993089	0.00164854	2.99096e-12	1.94992e-13	0.0679891	0.0693113	0.993101	0.993102	4.83673e-05	0.00129439	0.00129156	4.91079e-05	9.07114e-05	1.16336	1.16273	1.16336	
0.993102	0.993098	0.993102	0.0059415	0.00010037	0.993102	0.993102	7.96381e-05	0.0348112	0.993102	0.993102	1.79999e-21	0.993102	0.993102	0.993089	0.0016331	2.28731e-12	1.89272e-13	0.0699215	0.0712312	0.993101	0.993102	4.65725e-05	0.001282	0.00127925	4.72598e-05	8.81887e-05	1.16825	1.16773	1.16825	
0.993102	0.993098	0.993102	0.00601016	9.60782e-05	0.993102	0.993102	7.61552e-05	0.0360375	0.993102	0.993102	1.34865e-21	0.993102	0.993102	0.993088	0.00161677	1.7561e-12	1.809e-13	0.0732324	0.0745138	0.993101	0.993102	4.41473e-05	0.00126888	0.00126622	4.47593e-05	8.445e-05	1.16807	1.16753	1.16807	
0.993102	0.993098	0.993102	0.00610463	9.29739e-05	0.993102	0.993102	7.35868e-05	0.0366911	0.993102	0.993102	1.0109e-21	0.993102	0.993102	0.993088	0.00159625	1.35879e-12	1.74721e-13	0.0756623	0.076926	0.993101	0.993102	4.21405e-05	0.00125153	0.00124897	4.26981e-05	8.17118e-05	1.16716	1.16669	1.16716	
0.993102	0.993097	0.993102	0.00620253	9.10802e-05	0.993102	0.993102	7.1938e-05	0.0368788	0.993102	0.993102	7.58219e-22	0.993102	0.993102	0.993088	0.00157683	1.06227e-12	1.70742e-13	0.0771989	0.0784169	0.993101	0.993102	4.06857e-05	0.00123459	0.00123213	4.11908e-05	8.00284e-05	1.16545	1.16493	1.16545	
0.993102	0.993097	0.993102	0.00628835	9.04558e-05	0.993102	0.993102	7.12573e-05	0.0366875	0.993102	0.993102	5.69272e-22	0.993102	0.993102	0.993088	0.00156268	8.4201e-13	1.69075e-13	0.0777349	0.0789244	0.993101	0.993102	3.98801e-05	0.00122078	0.00121842	4.03564e-05	7.941e-05	1.16847	1.16803	1.16847	
0.993102	0.993097	0.993102	0.00635194	8.8717e-05	0.993102	0.993102	6.96976e-05	0.0371112	0.993102	0.993102	4.27678e-22	0.993102	0.993102	0.993088	0.00155434	6.74371e-13	1.65336e-13	0.0793364	0.0804912	0.993101	0.993102	3.87579e-05	0.00121158	0.00120928	3.91945e-05	7.7828e-05	1.16943	1.16899	1.16943	
0.993102	0.993097	0.993102	0.0064177	8.70427e-05	0.993102	0.993102	6.81986e-05	0.0375267	0.993102	0.993102	3.21651e-22	0.993102	0.993102	0.993087	0.00154579	5.48085e-13	1.61751e-13	0.0809391	0.0820684	0.993101	0.993102	3.76749e-05	0.00120216	0.00119993	3.80785e-05	7.62961e-05	1.17396	1.17357	1.17396	
0.993102	0.993097	0.993102	0.00648514	8.40275e-05	0.993102	0.993102	6.56691e-05	0.0386283	0.993102	0.993102	2.42034e-22	0.993102	0.993102	0.993087	0.00153689	4.49791e-13	1.5573e-13	0.0840402	0.0851496	0.993101	0.993102	3.60483e-05	0.00119265	0.00119048	3.64127e-05	7.36021e-05	1.17195	1.17157	1.17195	
0.993102	0.993097	0.993102	0.00657754	8.2575e-05	0.993102	0.993102	6.4357e-05	0.0388373	0.993102	0.993102	1.82542e-22	0.993102	0.993102	0.993087	0.00152287	3.77859e-13	1.52599e-13	0.0855552	0.0866324	0.993101	0.993102	3.49756e-05	0.00117913	0.00117703	3.53096e-05	7.22693e-05	1.17183	1.17145	1.17183	
0.993102	0.993097	0.993102	0.00666027	8.15718e-05	0.993102	0.993102	6.3383e-05	0.0389301	0.993102	0.993102	1.3803e-22	0.993102	0.993102	0.993087	0.00151218	3.2413e-13	1.50273e-13	0.0866818	0.0877312	0.993101	0.993102	3.41584e-05	0.00116779	0.00116577	3.44688e-05	7.13142e-05	1.17388	1.17356	1.17388	
0.993102	0.993097	0.993102	0.00673115	8.00571e-05	0.993102	0.993102	6.20176e-05	0.0393678	0.993102	0.993102	1.04608e-22	0.993102	0.993102	0.993087	0.00150435	2.82221e-13	1.47023e-13	0.088443	0.0894577	0.993101	0.993102	3.32115e-05	0.00115878	0.0011568	3.3494e-05	6.99226e-05	1.17364	1.1733	1.17364	
0.993102	0.993097	0.993102	0.00680445	7.90423e-05	0.993102	0.993102	6.10449e-05	0.0395654	0.993102	0.993102	7.96029e-23	0.993102	0.993102	0.993086	0.00149641	2.51064e-13	1.44707e-13	0.0896854	0.0906776	0.993101	0.993102	3.24725e-05	0.00114953	0.00114761	3.27361e-05	6.8956e-05	1.17444	1.17411	1.17444	
0.993102	0.993096	0.993102	0.00687147	7.80102e-05	0.993102	0.993102	6.00658e-05	0.0398258	0.993102	0.993102	6.08474e-23	0.993102	0.993102	0.993086	0.00148998	2.2711e-13	1.42377e-13	0.0909943	0.0919648	0.993101	0.993102	3.17701e-05	0.00114149	0.00113962	3.20161e-05	6.79763e-05	1.17576	1.17545	1.17576	
0.993102	0.993096	0.993102	0.00693564	7.67681e-05	0.993102	0.993102	5.89371e-05	0.0402297	0.993102	0.993102	4.6742e-23	0.993102	0.993102	0.993086	0.00148417	2.08149e-13	1.39695e-13	0.0925895	0.0935432	0.993101	0.993102	3.10108e-05	0.001134	0.00113217	3.12407e-05	6.68171e-05	1.17876	1.1785	1.17876	
0.993102	0.993096	0.993102	0.00700276	7.47921e-05	0.993102	0.993102	5.72624e-05	0.041051	0.993102	0.993102	3.60423e-23	0.993102	0.993102	0.993086	0.00147743	1.91704e-13	1.35719e-13	0.0951938	0.096121	0.993101	0.993102	2.99671e-05	0.00112614	0.00112435	3.0175e-05	6.50375e-05	1.17967	1.17941	1.17967	
0.993102	0.993096	0.993102	0.00708777	7.30226e-05	0.993102	0.993102	5.57533e-05	0.0416839	0.993102	0.993102	2.79823e-23	0.993102	0.993102	0.993086	0.00146738	1.78746e-13	1.32137e-13	0.0976057	0.0985128	0.993101	0.993102	2.89554e-05	0.00111572	0.00111398	2.91452e-05	6.34341e-05	1.17943	1.17916	1.17943	
0.993102	0.993096	0.993102	0.00718112	7.18127e-05	0.993102	0.993102	5.46661e-05	0.0419741	0.993102	0.993102	2.19502e-23	0.993102	0.993102	0.993085	0.00145655	1.69226e-13	1.29555e-13	0.0993354	0.100226	0.993101	0.993102	2.81482e-05	0.00110447	0.00110278	2.83245e-05	6.23069e-05	1.17994	1.1797	1.17994	
0.993102	0.993096	0.993102	0.00726887	7.0763e-05	0.993102	0.993102	5.36955e-05	0.0422341	0.993102	0.993102	1.74117e-23	0.993102	0.993102	0.993085	0.00144759	1.61726e-13	1.2725e-13	0.100928	0.101798	0.993101	0.993102	2.74404e-05	0.00109448	0.00109284	2.76039e-05	6.13159e-05	1.1818	1.18157	1.1818	
0.993102	0.993096	0.993102	0.00735103	6.93868e-05	0.993102	0.993102	5.24821e-05	0.042759	0.993102	0.993102	1.39416e-23	0.993102	0.993102	0.993085	0.00144015	1.54823e-13	1.2437e-13	0.103068	0.103918	0.993101	0.993102	2.66468e-05	0.00108561	0.00108401	2.67969e-05	6.00451e-05	1.18258	1.18238	1.18258	
0.993102	0.993096	0.993102	0.00743888	6.81281e-05	0.993102	0.993102	5.13626e-05	0.0432025	0.993102	0.993102	1.13087e-23	0.993102	0.993102	0.993085	0.00143189	1.49118e-13	1.21713e-13	0.105109	0.105935	0.993101	0.993102	2.58948e-05	0.00107618	0.00107462	2.60319e-05	5.88791e-05	1.18278	1.18258	1.18278	
0.993102	0.993095	0.993102	0.00752862	6.71509e-05	0.993102	0.993102	5.0456e-05	0.0434795	0.993102	0.993102	9.32542e-24	0.993102	0.993102	0.993085	0.00142376	1.44712e-13	1.19561e-13	0.106785	0.107587	0.993101	0.993102	2.52563e-05	0.00106678	0.00106526	2.53822e-05	5.7954e-05	1.18304	1.18285	1.18304	
0.993102	0.993095	0.993102	0.00761366	6.63648e-05	0.993102	0.993102	4.96936e-05	0.0436825	0.993102	0.993102	7.82916e-24	0.993102	0.993102	0.993085	0.00141699	1.41241e-13	1.17751e-13	0.108217	0.109	0.993101	0.993102	2.47155e-05	0.00105829	0.00105682	2.48326e-05	5.719e-05	1.18438	1.18421	1.18438	
0.993102	0.993095	0.993102	0.00769204	6.5377e-05	0.993102	0.993102	4.87875e-05	0.0440733	0.993102	0.993102	6.66279e-24	0.993102	0.993102	0.993085	0.00141151	1.37755e-13	1.15601e-13	0.110027	0.110785	0.993101	0.993102	2.41341e-05	0.00105088	0.00104944	2.42408e-05	5.62596e-05	1.18426	1.1841	1.18426	
0.993102	0.993095	0.993102	0.00777252	6.47022e-05	0.993102	0.993102	4.81202e-05	0.0442519	0.993102	0.993102	5.78889e-24	0.993102	0.993102	0.993084	0.00140572	1.35221e-13	1.14017e-13	0.111363	0.112097	0.993101	0.993102	2.3669e-05	0.00104332	0.0010419	2.3767e-05	5.55994e-05	1.18446	1.18432	1.18446	
0.993102	0.993095	0.993102	0.00784639	6.4158e-05	0.993102	0.993102	4.75547e-05	0.0443875	0.993102	0.993102	5.12658e-24	0.993102	0.993102	0.993084	0.00140115	1.33183e-13	1.12675e-13	0.11252	0.113227	0.993101	0.993102	2.32781e-05	0.00103673	0.00103535	2.33676e-05	5.50544e-05	1.18348	1.18333	1.18348	
0.993102	0.993095	0.993102	0.00791314	6.40865e-05	0.993102	0.993102	4.73428e-05	0.044253	0.993102	0.993102	4.66195e-24	0.993102	0.993102	0.993084	0.00139789	1.32298e-13	1.1217e-13	0.112917	0.113606	0.993101	0.993102	2.30805e-05	0.0010311	0.00102975	2.3165e-05	5.49101e-05	1.18365	1.18349	1.18365	
0.993102	0.993095	0.993102	0.00796305	6.40018e-05	0.993102	0.993102	4.71301e-05	0.0442165	0.993102	0.993102	4.31226e-24	0.993102	0.993102	0.993084	0.00139736	1.31532e-13	1.11665e-13	0.113329	0.114007	0.993101	0.993102	2.29293e-05	0.00102758	0.00102624	2.30106e-05	5.4756e-05	1.18432	1.18417	1.18432	
0.993102	0.993095	0.993102	0.00800297	6.37395e-05	0.993102	0.993102	4.68028e-05	0.0443391	0.993102	0.993102	4.02995e-24	0.993102	0.993102	0.993084	0.00139787	1.30518e-13	1.10888e-13	0.114013	0.114681	0.993101	0.993102	2.27445e-05	0.00102513	0.0010238	2.28223e-05	5.44599e-05	1.1835	1.18333	1.1835	
0.993102	0.993095	0.993102	0.00804108	6.3819e-05	0.993102	0.993102	4.67398e-05	0.0442323	0.993102	0.993102	3.84443e-24	0.993102	0.993102	0.993084	0.00139806	1.30301e-13	1.10737e-13	0.114117	0.114782	0.993101	0.993102	2.26849e-05	0.00102266	0.00102135	2.2762e-05	5.44581e-05	1.18333	1.18317	1.18333	
