0.25	0.25	0.25	0.000618156	1.27727e-12	0.748264	0.998264	0.748882	0.748264	0.25	0.25	1.27727e-12	0.000618156	0.25	0.25	5.42631e-30	0.000618156	0.000618156	5.42631e-30	1.27727e-12	0.25	0.000618156	0.25	0.25	0.000618156	0.000618156	1.27727e-12	0	0	0	
0.25	0.25	0.25	0.000618156	1.27727e-12	0.748264	0.998264	0.748882	0.748264	0.25	0.25	1.27727e-12	0.000618156	0.25	0.25	5.42631e-30	0.000618156	0.000618156	5.42631e-30	1.27727e-12	0.25	0.000618156	0.25	0.25	0.000618156	0.000618156	1.27727e-12	0	0	0	
0.437034	0.187066	0.437066	0.00108837	0.0672354	0.560509	0.996964	0.810361	0.559898	0.437066	0.437066	1.9966e-10	0.000462573	0.437066	0.437066	1.96865e-23	0.250431	0.00107312	1.94446e-23	9.64757e-13	0.437034	0.245799	0.254301	0.187692	0.00108837	0.0010807	0.249968	0.00472961	0.00456233	0.00472961	
0.577011	0.139974	0.57704	0.000818708	0.0722607	0.632282	0.995992	0.856363	0.418957	0.57704	0.57704	7.35553e-09	0.0013744	0.57704	0.57704	3.0043e-22	0.43735	0.0029018	3.50297e-23	7.2214e-13	0.558413	0.386128	0.423736	0.287337	0.0685052	0.00137994	0.435545	0.0127857	0.00799344	0.0127862	
0.681754	0.10475	0.681778	0.000612711	0.0617863	0.722333	0.995265	0.890785	0.313566	0.681778	0.681778	1.00956e-07	0.00113149	0.681778	0.681778	1.13703e-21	0.577234	0.00415828	2.69572e-23	5.4161e-13	0.662125	0.387385	0.565806	0.461286	0.286212	0.0337479	0.575442	0.0233473	0.010531	0.0233484	
0.760131	0.0849794	0.76015	0.000458476	0.0493708	0.790427	0.99472	0.916542	0.234871	0.76015	0.76015	6.77591e-07	0.000849565	0.76015	0.76015	2.64011e-21	0.681916	0.00442502	2.02112e-23	4.14925e-13	0.74481	0.324334	0.673179	0.59488	0.463188	0.244513	0.680472	0.0354857	0.0122227	0.0354873	
0.818779	0.261129	0.818792	0.000343061	0.0384026	0.841434	0.994313	0.935814	0.176356	0.818792	0.818792	2.70335e-06	0.000635891	0.818792	0.818792	4.91995e-21	0.760249	0.00411904	1.51282e-23	3.59437e-13	0.807215	0.25595	0.753664	0.695082	0.596466	0.43105	0.759128	0.0473654	0.0130443	0.0473672	
0.862662	0.443928	0.862673	0.000256701	0.0295124	0.87961	0.994008	0.950235	0.133282	0.862673	0.862673	7.50085e-06	0.000475841	0.862673	0.862673	8.05903e-21	0.818864	0.00359552	1.13209e-23	4.4361e-13	0.853987	0.197747	0.813919	0.770093	0.696288	0.57232	0.818002	0.0610196	0.0175251	0.0610217	
0.895499	0.582091	0.895506	0.00019208	0.0225234	0.908179	0.99378	0.961025	0.102286	0.895506	0.895506	1.46177e-05	0.000356062	0.895506	0.895506	1.18623e-20	0.862725	0.00301827	8.47135e-24	8.29583e-13	0.889	0.151468	0.859014	0.826228	0.770999	0.678199	0.862063	0.0754085	0.0252711	0.0754107	
0.920069	0.685547	0.920075	0.000143726	0.0171182	0.929556	0.993609	0.969099	0.0809142	0.920075	0.920075	2.16749e-05	0.000266432	0.920075	0.920075	1.58499e-20	0.895544	0.00247264	6.33898e-24	1.80499e-12	0.915203	0.115606	0.892761	0.868234	0.826907	0.757455	0.895034	0.0891001	0.0350307	0.0891024	
0.938454	0.762967	0.938458	0.000107545	0.0129796	0.945552	0.993482	0.97514	0.0670556	0.938459	0.938459	2.65083e-05	0.000199364	0.938459	0.938459	1.93624e-20	0.920102	0.00199655	4.74333e-24	3.75272e-12	0.934811	0.0881399	0.918013	0.899666	0.868742	0.816767	0.919706	0.103055	0.0463871	0.103058	
0.952211	0.8209	0.952214	8.04721e-05	0.0098262	0.957522	0.993386	0.97966	0.0591086	0.952214	0.952214	2.80126e-05	0.000149179	0.952214	0.952214	2.20154e-20	0.938478	0.00159597	3.54935e-24	7.19995e-12	0.949484	0.0672331	0.936909	0.923187	0.900047	0.861151	0.938168	0.116756	0.0586859	0.116759	
0.962505	0.864249	0.962507	6.02144e-05	0.00743162	0.966479	0.993315	0.983041	0.0555726	0.962507	0.962507	2.66569e-05	0.000111629	0.962507	0.962507	2.35767e-20	0.952228	0.00126708	2.65593e-24	1.27504e-11	0.960464	0.0513749	0.951047	0.940786	0.923471	0.894363	0.951981	0.128223	0.0704388	0.128225	
0.970207	0.896685	0.970209	4.50562e-05	0.00561944	0.973181	0.993261	0.985571	0.0544808	0.970209	0.970209	2.37874e-05	8.35315e-05	0.970209	0.970209	2.39482e-20	0.962516	0.00100336	1.98741e-24	2.06454e-11	0.968679	0.039372	0.961624	0.953955	0.940999	0.919214	0.962316	0.141817	0.0838938	0.14182	
0.975971	0.920957	0.975972	3.37139e-05	0.00424723	0.978195	0.993221	0.987463	0.0560066	0.975972	0.975972	2.0084e-05	6.251e-05	0.975972	0.975972	2.35501e-20	0.970214	0.000791397	1.48718e-24	3.21438e-11	0.974827	0.0302999	0.969536	0.963809	0.954115	0.937809	0.970046	0.154941	0.0973751	0.154944	
0.980283	0.939118	0.980284	2.52269e-05	0.00320942	0.981948	0.993191	0.988877	0.0591974	0.980284	0.980284	1.63295e-05	4.67848e-05	0.980284	0.980284	2.25106e-20	0.975974	0.000622576	1.11289e-24	4.80818e-11	0.979427	0.0234496	0.975453	0.971183	0.963928	0.951721	0.975828	0.167536	0.110715	0.167538	
0.98351	0.952708	0.983511	1.88764e-05	0.00242519	0.984756	0.993169	0.989934	0.0633644	0.983511	0.983511	1.29455e-05	3.50268e-05	0.983511	0.983511	2.10249e-20	0.980283	0.000489003	8.32842e-25	6.93345e-11	0.982869	0.0182803	0.979873	0.9767	0.971272	0.962129	0.98015	0.180367	0.124275	0.180369	
0.985925	0.962876	0.985926	1.41245e-05	0.00183261	0.986857	0.993152	0.990723	0.0684741	0.985926	0.985926	1.0081e-05	2.62462e-05	0.985926	0.985926	1.93089e-20	0.983507	0.000383539	6.23312e-25	9.75217e-11	0.985445	0.0143815	0.983172	0.980828	0.976766	0.969914	0.983379	0.192669	0.13754	0.192671	
0.987732	0.970485	0.987732	1.05689e-05	0.00138508	0.988429	0.993139	0.99131	0.0740267	0.987732	0.987732	7.7567e-06	1.97097e-05	0.987732	0.987732	1.74807e-20	0.985918	0.000300617	4.66556e-25	1.33885e-10	0.987372	0.0114421	0.985628	0.983917	0.980878	0.975735	0.985788	0.204695	0.150611	0.204697	
0.989084	0.976178	0.989084	7.90831e-06	0.00104712	0.989605	0.99313	0.991747	0.0798923	0.989084	0.989084	5.9197e-06	1.48848e-05	0.989084	0.989084	1.56526e-20	0.987722	0.000235561	3.49298e-25	1.80167e-10	0.988814	0.00922648	0.987447	0.986228	0.983954	0.980084	0.987583	0.218627	0.165061	0.218629	
0.990095	0.980437	0.990095	5.9175e-06	0.000791563	0.990486	0.993123	0.992069	0.0872935	0.990096	0.990096	4.48779e-06	1.14377e-05	0.990096	0.990096	1.39219e-20	0.989069	0.000184245	2.61614e-25	2.43049e-10	0.989894	0.00755696	0.988777	0.987957	0.986256	0.983326	0.988913	0.227622	0.175752	0.227624	
0.990852	0.983625	0.990852	4.42786e-06	0.00059897	0.991144	0.993118	0.992307	0.0923864	0.990852	0.990852	3.39196e-06	9.06707e-06	0.990852	0.990852	1.22263e-20	0.990076	0.0001445	1.96055e-25	3.13768e-10	0.990701	0.00629922	0.989736	0.989251	0.987978	0.985739	0.9899	0.238484	0.187854	0.238486	
0.991419	0.986009	0.991419	3.31322e-06	0.00045353	0.991637	0.993114	0.992479	0.0981459	0.991419	0.991419	2.55743e-06	7.75145e-06	0.991419	0.991419	1.07211e-20	0.990827	0.000113444	1.47073e-25	4.00894e-10	0.991305	0.0053519	0.990405	0.990219	0.989266	0.987525	0.990626	0.24991	0.200279	0.249911	
0.991842	0.987793	0.991843	2.47917e-06	0.000343597	0.992006	0.993111	0.9926	0.104681	0.991843	0.991843	1.92433e-06	7.70844e-06	0.991843	0.991843	9.38257e-21	0.991387	8.91065e-05	1.10521e-25	5.1083e-10	0.991757	0.00463861	0.990833	0.990943	0.99023	0.988833	0.991151	0.261858	0.213114	0.26186	
0.99216	0.989127	0.99216	1.85508e-06	0.000260429	0.992282	0.993109	0.992682	0.111923	0.99216	0.99216	1.44563e-06	9.67039e-06	0.99216	0.99216	8.18505e-21	0.991801	6.99915e-05	8.33024e-26	6.52018e-10	0.992096	0.00410175	0.99104	0.991485	0.990951	0.989767	0.991521	0.270471	0.223146	0.270473	
0.992397	0.990125	0.992397	1.38811e-06	0.000197666	0.992488	0.993107	0.992734	0.117153	0.992397	0.992397	1.08512e-06	1.3871e-05	0.992397	0.992397	7.09896e-21	0.992108	5.5159e-05	6.30644e-26	8.1018e-10	0.992349	0.00369794	0.99106	0.99189	0.99149	0.99041	0.991779	0.28073	0.234464	0.280732	
0.992574	0.99087	0.992574	1.03868e-06	0.000150181	0.992643	0.993106	0.992761	0.123299	0.992574	0.992574	8.13949e-07	2.27856e-05	0.992574	0.992574	6.16822e-21	0.992332	4.35407e-05	4.81024e-26	1.00359e-09	0.992538	0.00339443	0.990894	0.992192	0.991894	0.990814	0.991945	0.292109	0.246674	0.292111	
0.992707	0.991427	0.992707	7.77227e-07	0.000114186	0.992758	0.993105	0.992765	0.13056	0.992707	0.992707	6.10148e-07	4.18146e-05	0.992707	0.992707	5.35871e-21	0.992492	3.43839e-05	3.71559e-26	1.25142e-09	0.99268	0.00316663	0.990486	0.992419	0.992195	0.990997	0.992031	0.300363	0.256136	0.300365	
0.992807	0.991841	0.992807	5.81591e-07	8.69766e-05	0.992845	0.993104	0.992753	0.135758	0.992807	0.992807	4.57219e-07	7.26626e-05	0.992807	0.992807	4.63664e-21	0.992605	2.72566e-05	2.92048e-26	1.52807e-09	0.992786	0.00299606	0.989831	0.992587	0.99242	0.990979	0.992064	0.312726	0.269109	0.312727	
0.992881	0.992149	0.992881	4.35206e-07	6.62807e-05	0.99291	0.993104	0.992717	0.143985	0.992881	0.992881	3.42483e-07	0.000141891	0.992881	0.992881	4.02754e-21	0.992678	2.15881e-05	2.36694e-26	1.90239e-09	0.992865	0.00286871	0.988793	0.992713	0.992588	0.990728	0.992027	0.318998	0.2767	0.319	
0.992937	0.992375	0.992937	3.25675e-07	5.0654e-05	0.992958	0.993103	0.992673	0.147804	0.992937	0.992937	2.56501e-07	0.000236623	0.992937	0.992937	3.47526e-21	0.992724	1.72054e-05	1.98265e-26	2.28505e-09	0.992925	0.00277432	0.987396	0.992807	0.992713	0.99025	0.991969	0.335215	0.293096	0.335217	
0.992978	0.992541	0.992978	2.43719e-07	3.86686e-05	0.992994	0.993103	0.992587	0.159494	0.992978	0.992978	1.92042e-07	0.000522278	0.992978	0.992978	3.02714e-21	0.992735	1.36345e-05	1.77753e-26	2.90263e-09	0.992969	0.00270478	0.985145	0.992877	0.992807	0.989362	0.991802	0.345165	0.303782	0.345166	
0.99301	0.992656	0.99301	1.82402e-07	2.95632e-05	0.993022	0.993103	0.992479	0.166219	0.99301	0.99301	1.43757e-07	0.00102527	0.99301	0.99301	2.599e-21	0.992722	1.08251e-05	1.69517e-26	3.62844e-09	0.993002	0.00265491	0.981509	0.992928	0.992875	0.987802	0.991585	0.353815	0.313322	0.353816	
0.993033	0.992732	0.993033	1.36526e-07	2.26512e-05	0.993042	0.993103	0.992354	0.171934	0.993033	0.993033	1.07604e-07	0.00184892	0.993033	0.993033	2.23265e-21	0.992691	8.62391e-06	1.71204e-26	4.44757e-09	0.993027	0.00262031	0.97682	0.992965	0.992926	0.985687	0.991333	0.360632	0.321245	0.360634	
0.99305	0.992777	0.99305	1.02204e-07	1.74128e-05	0.993057	0.993103	0.992219	0.176091	0.99305	0.99305	8.054e-08	0.00304264	0.99305	0.99305	1.92304e-21	0.992645	6.91e-06	1.8033e-26	5.31441e-09	0.993046	0.00259758	0.971228	0.992992	0.992962	0.983045	0.991068	0.370505	0.331714	0.370506	
0.993063	0.992801	0.993063	7.65259e-08	1.3411e-05	0.993068	0.993102	0.992047	0.183135	0.993063	0.993063	6.02797e-08	0.00529376	0.993063	0.993063	1.66969e-21	0.992575	5.54561e-06	1.99658e-26	6.3974e-09	0.99306	0.00258401	0.964064	0.993011	0.992989	0.979575	0.990725	0.376818	0.339076	0.376819	
0.993073	0.992797	0.993073	5.73199e-08	1.03725e-05	0.993077	0.993102	0.991866	0.186819	0.993073	0.993073	4.51147e-08	0.00843178	0.993073	0.993073	1.44697e-21	0.992493	4.48017e-06	2.24892e-26	7.53419e-09	0.99307	0.00257825	0.955076	0.993025	0.993008	0.975039	0.990375	0.38737	0.350065	0.387371	
0.99308	0.992779	0.99308	4.29534e-08	8.03569e-06	0.993083	0.993102	0.991626	0.194737	0.99308	0.99308	3.37635e-08	0.0146651	0.99308	0.99308	1.26599e-21	0.992378	3.62003e-06	2.63004e-26	9.03088e-09	0.993078	0.00257862	0.943438	0.993034	0.993022	0.969053	0.989901	0.39325	0.356946	0.393252	
0.993086	0.992726	0.993086	3.22147e-08	6.25786e-06	0.993088	0.993102	0.991378	0.197896	0.993086	0.993086	2.52679e-08	0.0229203	0.993086	0.993086	1.10211e-21	0.992251	2.9467e-06	3.06538e-26	1.05748e-08	0.993084	0.00258514	0.928722	0.993039	0.99303	0.96115	0.989428	0.402734	0.366943	0.402735	
0.99309	0.992664	0.99309	2.41845e-08	4.88625e-06	0.993092	0.993102	0.991063	0.204996	0.99309	0.99309	1.89095e-08	0.0376973	0.99309	0.99309	9.6995e-22	0.992086	2.40175e-06	3.64733e-26	1.25278e-08	0.993088	0.00259656	0.910945	0.993042	0.993035	0.951337	0.988825	0.41018	0.375113	0.410182	
0.993093	0.992561	0.993093	1.81886e-08	3.83285e-06	0.993094	0.993102	0.990707	0.209699	0.993093	0.993093	1.41508e-08	0.0592932	0.993093	0.993093	8.51587e-22	0.991892	1.96675e-06	4.34319e-26	1.47306e-08	0.993092	0.00261347	0.888163	0.993042	0.993037	0.938221	0.988155	0.449273	0.417149	0.449274	
0.993095	0.992407	0.993095	1.37118e-08	2.94938e-06	0.993096	0.993102	0.989419	0.244714	0.993095	0.993095	1.05888e-08	0.197168	0.993095	0.993095	7.46725e-22	0.991149	1.54925e-06	7.04476e-26	2.27299e-08	0.993094	0.0026357	0.830661	0.993041	0.993037	0.899536	0.985828	0.483417	0.454041	0.483418	
0.993097	0.991275	0.993097	1.04708e-08	2.24911e-06	0.993098	0.993102	0.986629	0.265404	0.993097	0.993097	7.92326e-09	0.379524	0.993097	0.993097	6.12926e-22	0.989404	1.19845e-06	1.36276e-25	4.01846e-08	0.993096	0.00268821	0.704476	0.993022	0.993019	0.791024	0.981049	0.522451	0.495114	0.522451	
0.993098	0.988516	0.993098	8.17195e-09	1.70336e-06	0.993099	0.993102	0.980286	0.296428	0.993098	0.993098	5.92869e-09	0.532206	0.993098	0.993098	4.97076e-22	0.985024	9.1471e-07	3.144e-25	8.06635e-08	0.993097	0.00281174	0.559801	0.992987	0.992985	0.643427	0.970621	0.554405	0.528786	0.554405	
0.993099	0.978144	0.993099	6.82641e-09	1.28681e-06	0.9931	0.993102	0.968825	0.311292	0.993099	0.993099	4.43622e-09	0.647976	0.993099	0.993099	3.97687e-22	0.975535	6.93922e-07	7.72135e-25	1.56225e-07	0.993098	0.00313435	0.429106	0.9929	0.992899	0.498069	0.95269	0.625614	0.598162	0.625611	
0.9931	0.963089	0.9931	6.31274e-09	9.66582e-07	0.9931	0.993102	0.923462	0.379583	0.9931	0.9931	3.31946e-09	0.734853	0.9931	0.9931	3.28948e-22	0.931028	5.21518e-07	3.97842e-24	5.15174e-07	0.993099	0.00397115	0.322977	0.992755	0.992754	0.375945	0.8854	0.638262	0.610758	0.638257	
0.993101	0.831867	0.993101	1.64212e-08	7.3039e-07	0.993101	0.993102	0.878413	0.323665	0.993101	0.993101	2.48383e-09	0.799862	0.993101	0.993101	2.95332e-22	0.837455	3.92004e-07	2.98307e-23	8.98414e-07	0.9931	0.0126284	0.242049	0.990953	0.990952	0.281959	0.820866	0.645229	0.616612	0.645222	
0.993101	0.844189	0.993101	2.16997e-08	5.61801e-07	0.993101	0.993102	0.837945	0.296144	0.993101	0.993101	1.85856e-09	0.848507	0.993101	0.993101	1.15387e-21	0.706089	2.94863e-07	2.05315e-22	1.26187e-06	0.9931	0.0584123	0.182118	0.989971	0.989971	0.21275	0.763017	0.666801	0.627331	0.666793	
0.993101	0.874992	0.993101	2.84313e-08	4.42668e-07	0.993101	0.993102	0.784152	0.293826	0.993101	0.993101	1.39069e-09	0.884906	0.993101	0.993101	1.10058e-20	0.564183	2.21636e-07	1.29792e-21	1.85192e-06	0.9931	0.181555	0.1374	0.98879	0.98879	0.161662	0.679589	0.687118	0.639954	0.687108	
0.993102	0.900207	0.993102	5.5414e-08	3.74779e-07	0.993102	0.993102	0.719236	0.27052	0.993102	0.993102	1.04061e-09	0.912143	0.993102	0.993102	1.14792e-19	0.432772	1.66509e-07	1.36379e-20	2.74849e-06	0.993101	0.364244	0.103599	0.984437	0.98444	0.122979	0.584784	0.688777	0.638639	0.688765	
0.993102	0.921994	0.993102	1.19929e-07	4.34748e-07	0.993102	0.993102	0.668597	0.229467	0.993102	0.993102	7.78648e-10	0.932523	0.993102	0.993102	2.50443e-18	0.326897	1.25238e-07	1.75755e-19	3.46534e-06	0.993101	0.5208	0.0787313	0.974463	0.974471	0.0952986	0.509027	0.730995	0.677212	0.730969	
0.993102	0.939625	0.993102	1.84786e-07	5.07979e-07	0.993102	0.993102	0.580093	0.221799	0.993102	0.993102	5.82634e-10	0.947773	0.993102	0.993102	4.66957e-17	0.245126	9.3988e-08	2.84586e-18	5.87038e-06	0.993101	0.639463	0.0600959	0.964573	0.964593	0.0747505	0.415372	0.763102	0.708451	0.763066	
0.993102	0.952896	0.993102	6.16984e-07	9.44545e-07	0.993102	0.993102	0.483545	0.187908	0.993102	0.993102	4.35964e-10	0.959184	0.993102	0.993102	1.86771e-15	0.183466	7.04737e-08	1.76906e-16	1.06214e-05	0.993101	0.72848	0.0456951	0.91229	0.912369	0.0580924	0.32992	0.759135	0.706891	0.759094	
0.993102	0.962963	0.993102	2.13783e-06	4.92108e-06	0.993102	0.993102	0.41453	0.14651	0.993102	0.993102	3.26216e-10	0.967722	0.993102	0.993102	1.65e-13	0.137288	5.28908e-08	8.18885e-15	1.37013e-05	0.993101	0.795095	0.0357379	0.802081	0.802242	0.0478175	0.268359	0.739005	0.690518	0.73897	
0.993102	0.970538	0.993102	4.51181e-06	2.87406e-05	0.993101	0.993102	0.38155	0.111769	0.993102	0.993102	2.44095e-10	0.974111	0.993102	0.993102	5.61528e-12	0.10273	3.98125e-08	9.79216e-14	1.40992e-05	0.993101	0.844941	0.0319557	0.686428	0.686622	0.0490865	0.233717	0.71984	0.674991	0.719808	
0.993102	0.976215	0.993102	6.18766e-06	9.25932e-05	0.993101	0.993102	0.377884	0.0850429	0.993102	0.993102	1.82648e-10	0.978892	0.993102	0.993102	4.2488e-11	0.076871	3.01369e-08	3.2486e-13	1.31722e-05	0.993101	0.882238	0.038642	0.601923	0.60211	0.0700233	0.223139	0.715022	0.67391	0.714983	
0.993102	0.980465	0.993102	6.40293e-06	0.000153528	0.993101	0.993102	0.380827	0.0655182	0.993102	0.993102	1.36669e-10	0.982469	0.993102	0.993102	1.02097e-10	0.0575215	2.29326e-08	5.27816e-13	1.22377e-05	0.993101	0.910147	0.055231	0.566481	0.566604	0.105224	0.222249	0.725136	0.686997	0.725089	
0.993102	0.983645	0.993102	5.92228e-06	0.000179776	0.993101	0.993102	0.371279	0.052414	0.993102	0.993102	1.02264e-10	0.985146	0.993102	0.993102	1.63523e-10	0.0430426	1.74722e-08	7.23387e-13	1.20724e-05	0.993101	0.93103	0.0724114	0.567938	0.567957	0.137127	0.215692	0.748851	0.712886	0.748786	
0.993102	0.986025	0.993102	5.48496e-06	0.000183425	0.993101	0.993102	0.339605	0.0447716	0.993102	0.993102	7.65207e-11	0.987149	0.993102	0.993102	2.81281e-10	0.0322079	1.32685e-08	1.34847e-12	1.37178e-05	0.993101	0.946656	0.0799281	0.573334	0.573287	0.150339	0.195903	0.731474	0.699477	0.731417	
0.993102	0.987807	0.993102	5.80783e-06	0.000267625	0.993101	0.993102	0.333429	0.0357716	0.993102	0.993102	5.72577e-11	0.988647	0.993102	0.993102	8.17713e-10	0.0241004	1.02039e-08	3.20029e-12	1.35738e-05	0.993101	0.958348	0.0996132	0.547639	0.547517	0.178607	0.195839	0.778088	0.747751	0.778013	
0.993102	0.989139	0.993102	5.95589e-06	0.000258362	0.993101	0.993102	0.288163	0.0325954	0.993102	0.993102	4.28439e-11	0.989769	0.993102	0.993102	1.51373e-09	0.0180336	7.74384e-09	9.74943e-12	1.85632e-05	0.993101	0.967097	0.0950153	0.531998	0.531759	0.168852	0.169248	0.813323	0.784686	0.81323	
0.993102	0.990137	0.993102	8.19285e-06	0.000264363	0.993101	0.993102	0.236364	0.0293195	0.993102	0.993102	3.20585e-11	0.990608	0.993102	0.993102	6.81113e-09	0.0134939	5.84813e-09	1.01442e-10	3.08979e-05	0.993101	0.973643	0.0823128	0.470996	0.470743	0.1456	0.138802	0.81249	0.786775	0.812408	
0.993102	0.990883	0.993102	1.59916e-05	0.00040121	0.993101	0.993102	0.197919	0.023694	0.993102	0.993102	2.39882e-11	0.991236	0.993102	0.993102	5.05154e-08	0.010097	4.43054e-09	8.55283e-10	3.98472e-05	0.993101	0.978542	0.0737248	0.38619	0.385942	0.128627	0.116914	0.797177	0.773885	0.797085	
0.993102	0.991441	0.993102	3.0982e-05	0.000895547	0.993101	0.993102	0.17586	0.0183726	0.993102	0.993102	1.79495e-11	0.991706	0.993102	0.993102	2.63863e-07	0.00755525	3.38957e-09	3.43598e-09	4.21329e-05	0.993101	0.982207	0.0731515	0.307742	0.307481	0.123776	0.105696	0.654921	0.637618	0.654859	
0.993102	0.991859	0.993098	4.97742e-05	0.0156675	0.993089	0.993102	0.302159	0.0137716	0.993102	0.993102	1.34335e-11	0.992057	0.993102	0.993102	7.42183e-07	0.00565337	3.82785e-09	3.00951e-09	3.22427e-05	0.993101	0.98495	0.204104	0.24414	0.243744	0.261987	0.22996	0.70249	0.685363	0.702424	
0.993102	0.992172	0.993099	3.91857e-05	0.0122155	0.993092	0.993102	0.339414	0.0114419	0.993102	0.993102	1.00522e-11	0.99232	0.993102	0.993102	5.60468e-07	0.00423043	3.53425e-09	2.25734e-09	2.59807e-05	0.993101	0.987002	0.249204	0.312583	0.292933	0.313488	0.264821	0.623843	0.610263	0.623794	
0.993102	0.992406	0.993099	3.02005e-05	0.010263	0.993094	0.993102	0.453934	0.00901543	0.993102	0.993102	7.53114e-12	0.992515	0.993102	0.993102	4.20428e-07	0.00316763	5.65964e-09	1.68938e-09	1.98251e-05	0.993101	0.988538	0.376592	0.406483	0.378272	0.436209	0.386437	0.631779	0.619541	0.631734	
0.993102	0.992581	0.9931	2.26827e-05	0.00777676	0.993096	0.993102	0.532975	0.0118146	0.993102	0.993102	5.64228e-12	0.992662	0.993102	0.993102	3.14602e-07	0.00238863	6.70941e-09	1.2641e-09	1.52852e-05	0.993101	0.989687	0.466755	0.543398	0.519989	0.522468	0.4711	0.544344	0.535187	0.54432	
0.993102	0.992712	0.9931	1.69911e-05	0.00593411	0.993098	0.993102	0.636666	0.0124863	0.993102	0.993102	4.42753e-12	0.992527	0.993102	0.993102	2.35405e-07	0.00229401	1.8554e-08	9.45881e-10	1.15158e-05	0.993101	0.990545	0.58407	0.654062	0.636125	0.628173	0.588079	0.482815	0.475984	0.482805	
0.993102	0.99281	0.993101	1.27162e-05	0.00448978	0.993099	0.993102	0.722721	0.0169112	0.993102	0.993102	5.58201e-12	0.982955	0.993102	0.993102	1.76145e-07	0.014695	5.85407e-08	7.07769e-10	8.63973e-06	0.993101	0.991124	0.682342	0.739072	0.725608	0.715934	0.685838	0.544028	0.537394	0.544018	
0.993102	0.992883	0.993101	9.5155e-06	0.00336214	0.9931	0.993102	0.778718	0.0988106	0.993102	0.993102	4.35558e-12	0.985239	0.993102	0.993102	1.31803e-07	0.0321144	5.65593e-08	5.29597e-10	6.54271e-06	0.993101	0.989612	0.743967	0.802952	0.792871	0.771047	0.749506	0.598634	0.592168	0.598621	
0.993102	0.992929	0.993101	7.12088e-06	0.00251605	0.9931	0.993102	0.799859	0.193028	0.993102	0.993102	3.26302e-12	0.987207	0.993102	0.993102	9.86235e-08	0.0460765	4.65056e-08	3.96278e-10	5.12791e-06	0.993101	0.972802	0.676243	0.850703	0.843151	0.704597	0.774147	0.655257	0.648862	0.655241	
0.993102	0.992556	0.993102	5.33161e-06	0.00188273	0.993101	0.993102	0.768685	0.242252	0.993102	0.993102	2.44166e-12	0.988691	0.993102	0.993102	7.37963e-08	0.0459991	3.61242e-08	2.96521e-10	4.55769e-06	0.993101	0.940252	0.516744	0.886037	0.88036	0.539357	0.742366	0.662904	0.65707	0.662886	
0.993102	0.989674	0.993102	4.00604e-06	0.00140888	0.993101	0.993102	0.736834	0.213208	0.993102	0.993102	1.82702e-12	0.989801	0.993102	0.993102	5.52191e-08	0.0398631	2.81539e-08	2.21876e-10	4.25008e-06	0.993101	0.941433	0.390206	0.910415	0.906071	0.40756	0.710391	0.733059	0.72705	0.733035	
0.993102	0.989591	0.993102	3.01511e-06	0.00105425	0.993101	0.993102	0.62892	0.24927	0.993102	0.993102	1.3671e-12	0.990632	0.993102	0.993102	4.13185e-08	0.030559	2.13402e-08	1.66021e-10	6.59591e-06	0.993101	0.950926	0.293548	0.928483	0.925158	0.306733	0.602883	0.742925	0.737231	0.742896	
0.993102	0.98647	0.993102	2.56844e-06	0.000789179	0.993102	0.993102	0.538033	0.195624	0.993102	0.993102	1.02295e-12	0.991254	0.993102	0.993102	3.09171e-08	0.0229358	1.61911e-08	1.24228e-10	9.09625e-06	0.993101	0.961496	0.22028	0.903205	0.900022	0.230222	0.51312	0.84166	0.835255	0.841607	
0.993102	0.987677	0.993102	2.57967e-06	0.000590786	0.993102	0.993102	0.414789	0.175228	0.993102	0.993102	7.65435e-13	0.991719	0.993102	0.993102	2.31341e-08	0.0171636	1.2146e-08	9.29669e-11	3.67794e-05	0.993101	0.969451	0.165083	0.851595	0.848499	0.172558	0.394755	0.870041	0.863557	0.86998	
0.993102	0.988839	0.993102	7.07554e-06	0.000443878	0.993102	0.993102	0.317437	0.138244	0.993102	0.993102	5.72747e-13	0.992067	0.993102	0.993102	1.73118e-08	0.012843	9.10578e-09	7.24229e-11	8.03899e-05	0.993101	0.975405	0.123744	0.695113	0.69238	0.129367	0.301616	0.882402	0.875888	0.882344	
0.993102	0.989865	0.993102	2.25061e-05	0.00034207	0.993102	0.993102	0.243077	0.106215	0.993102	0.993102	4.28566e-13	0.992328	0.993102	0.993102	1.3091e-08	0.00960993	6.82706e-09	2.34423e-10	0.000127852	0.993101	0.97986	0.0929491	0.540739	0.53857	0.0972068	0.230581	0.910251	0.903585	0.910178	
0.993102	0.990667	0.993102	5.69935e-05	0.00028115	0.993102	0.993102	0.185097	0.0815588	0.993102	0.993102	3.2068e-13	0.992523	0.993102	0.993102	1.49027e-08	0.00719076	5.11618e-09	6.32965e-09	0.000213841	0.993101	0.983193	0.0699376	0.413868	0.41221	0.0731793	0.175355	0.921595	0.914658	0.921522	
0.993102	0.991276	0.993102	0.000120936	0.00027443	0.993102	0.993102	0.141065	0.0623788	0.993102	0.993102	2.39953e-13	0.992669	0.993102	0.993102	9.66558e-08	0.00538059	3.83441e-09	8.29718e-08	0.000308365	0.993101	0.985688	0.0528369	0.314515	0.313262	0.0553383	0.133453	0.936481	0.92978	0.936404	
0.993102	0.991733	0.993102	0.000219491	0.00032022	0.993102	0.993102	0.107461	0.0477786	0.993102	0.993102	1.79548e-13	0.992778	0.993102	0.993102	8.00919e-07	0.0040261	2.87371e-09	6.79074e-07	0.000430756	0.993101	0.987554	0.0400861	0.238302	0.237357	0.0420375	0.101533	0.970783	0.964744	0.970665	
0.993102	0.992077	0.993102	0.000353587	0.000353208	0.993102	0.993102	0.0813716	0.037228	0.993102	0.993102	1.34349e-13	0.992859	0.993102	0.993102	4.30981e-06	0.00301258	2.15259e-09	5.27453e-06	0.000719989	0.993101	0.988951	0.030366	0.180344	0.179633	0.0318747	0.076833	0.983581	0.977729	0.983445	
0.993102	0.992334	0.993102	0.000524255	0.000412913	0.993102	0.993102	0.0616316	0.0292507	0.993102	0.993102	1.00529e-13	0.992921	0.993102	0.993102	1.62645e-05	0.00225421	1.61248e-09	2.1528e-05	0.00105355	0.993101	0.989996	0.0230763	0.136436	0.135902	0.0242503	0.05816	0.994748	0.98918	0.994586	
0.993102	0.992527	0.993102	0.000722992	0.000486063	0.993102	0.993102	0.0467106	0.023259	0.993102	0.993102	7.52221e-14	0.992966	0.993102	0.993102	4.59338e-05	0.00168674	1.20797e-09	6.49001e-05	0.00143383	0.993101	0.990778	0.0175997	0.103271	0.10287	0.0185184	0.0440578	1.0195	1.01395	1.01928	
0.993102	0.992671	0.993102	0.000939409	0.000509953	0.993102	0.993102	0.0353131	0.0192846	0.993102	0.993102	5.62859e-14	0.993	0.993102	0.993102	0.000104123	0.00126213	9.04743e-10	0.000194325	0.00213435	0.993101	0.991363	0.0133975	0.0782615	0.0779601	0.0141129	0.0332964	1.04077	1.03511	1.04051	
0.993102	0.992779	0.993102	0.001169	0.000502247	0.993102	0.993102	0.0266589	0.0169111	0.993102	0.993102	4.21167e-14	0.993026	0.993102	0.993101	0.000198383	0.000944403	6.77547e-10	0.000497569	0.00322455	0.993101	0.991801	0.0101864	0.0594111	0.0591857	0.0107419	0.0251298	1.04969	1.04446	1.0494	
0.993102	0.99286	0.993102	0.00140792	0.000496479	0.993102	0.993102	0.0201441	0.0152462	0.993102	0.993102	3.15144e-14	0.993045	0.993102	0.993101	0.000327087	0.000706662	5.0745e-10	0.000974714	0.0043647	0.993101	0.992128	0.00776365	0.0452047	0.0450373	0.00819586	0.0189857	1.07029	1.06483	1.06995	
0.993102	0.992921	0.993102	0.0016465	0.000463068	0.993102	0.993102	0.0152026	0.0149615	0.993102	0.993102	2.35811e-14	0.99306	0.993102	0.993101	0.000487709	0.00052877	3.80014e-10	0.00190738	0.00621501	0.993101	0.992374	0.00590613	0.0345042	0.0343814	0.00624143	0.0143265	1.09196	1.08634	1.09153	
0.993102	0.992966	0.993102	0.00188897	0.000412478	0.993102	0.993102	0.0114593	0.0161741	0.993102	0.993102	1.76449e-14	0.99307	0.993102	0.9931	0.000666303	0.000395659	2.84549e-10	0.00363694	0.00919213	0.993101	0.992557	0.00448238	0.0264343	0.0263475	0.0047414	0.010798	1.09018	1.08411	1.0898	
0.993102	0.993	0.993102	0.00214571	0.000382603	0.993102	0.993102	0.00866079	0.0164984	0.993102	0.993102	1.3203e-14	0.993078	0.993102	0.993099	0.000846232	0.000296057	2.13122e-10	0.00518792	0.0112843	0.993101	0.992694	0.00341784	0.0203386	0.0202775	0.00362044	0.00815968	1.10359	1.09765	1.10317	
0.993102	0.993025	0.993102	0.00239288	0.00034647	0.993102	0.993102	0.00654623	0.0177059	0.993102	0.993102	9.87933e-15	0.993084	0.993102	0.993098	0.00102215	0.000221529	1.59627e-10	0.00750284	0.0142027	0.993101	0.992797	0.00260591	0.0157425	0.0157016	0.00276408	0.00616699	1.10335	1.09662	1.1029	
0.993102	0.993044	0.993102	0.00264007	0.000322676	0.993102	0.993102	0.004964	0.0183227	0.993102	0.993102	7.39234e-15	0.993089	0.993102	0.993098	0.00118842	0.000165762	1.19598e-10	0.00949178	0.0163871	0.993101	0.992874	0.00199743	0.012269	0.0122437	0.00212311	0.00467531	1.11161	1.10516	1.11112	
0.993102	0.993058	0.993102	0.00287188	0.000297266	0.993102	0.993102	0.00376985	0.0193895	0.993102	0.993102	5.53142e-15	0.993092	0.993102	0.993097	0.00133662	0.000124034	8.96216e-11	0.0120094	0.0190613	0.993101	0.992931	0.00153436	0.0096478	0.00963499	0.00163431	0.00355027	1.11705	1.11014	1.11646	
0.993102	0.993069	0.993102	0.00309535	0.000274053	0.993102	0.993102	0.00287046	0.020604	0.993102	0.993102	4.13896e-15	0.993095	0.993102	0.993096	0.00146783	9.28099e-05	6.71773e-11	0.0146828	0.0218545	0.993101	0.992974	0.00118293	0.00766375	0.00766211	0.00126336	0.00270285	1.1232	1.11662	1.12264	
0.993102	0.993077	0.993102	0.0033121	0.000251721	0.993102	0.993102	0.00219152	0.0219678	0.993102	0.993102	3.09703e-15	0.993097	0.993102	0.993096	0.00157246	6.94462e-05	5.03691e-11	0.0177132	0.0249417	0.993101	0.993006	0.000915219	0.00616102	0.00616718	0.000980028	0.00206363	1.12262	1.11568	1.12207	
0.993102	0.993083	0.993102	0.00352464	0.000236397	0.993102	0.993102	0.0016838	0.0227015	0.993102	0.993102	2.3174e-15	0.993098	0.993102	0.993095	0.00165798	5.19641e-05	3.77928e-11	0.0200676	0.0271909	0.993101	0.993031	0.000714442	0.00501959	0.00503123	0.000767724	0.00158548	1.12777	1.12086	1.12721	
0.993102	0.993087	0.993102	0.00371898	0.000220867	0.993102	0.993102	0.00129943	0.023741	0.993102	0.993102	1.73402e-15	0.993099	0.993102	0.993095	0.0017284	3.88828e-05	2.83718e-11	0.0227345	0.0298035	0.993101	0.993049	0.000560912	0.00415516	0.00417104	0.000605028	0.00122369	1.12749	1.12078	1.12699	
0.993102	0.99309	0.993102	0.00390416	0.000209952	0.993102	0.993102	0.00101184	0.0242712	0.993102	0.993102	1.29751e-15	0.9931	0.993102	0.993094	0.00178016	2.90946e-05	2.13226e-11	0.0248654	0.0317428	0.993101	0.993062	0.000445666	0.00349798	0.00351601	0.000482707	0.000953244	1.12566	1.1188	1.12515	
0.993102	0.993093	0.993102	0.00406956	0.0002039	0.993102	0.993102	0.000797979	0.0243566	0.993102	0.993102	9.70877e-16	0.9931	0.993102	0.993094	0.00182425	2.17704e-05	1.6051e-11	0.0262787	0.0328994	0.993101	0.993072	0.000360112	0.00299974	0.00301947	0.000392059	0.000752181	1.12412	1.11721	1.12367	
0.993102	0.993095	0.993102	0.00420781	0.000201141	0.993102	0.993102	0.000639038	0.024206	0.993102	0.993102	7.26472e-16	0.993101	0.993102	0.993094	0.00186428	1.629e-05	1.21092e-11	0.0271905	0.0335248	0.993101	0.99308	0.00029692	0.00262561	0.00264561	0.000325172	0.00060281	1.13202	1.12486	1.13152	
0.993102	0.993096	0.993102	0.00431787	0.000192272	0.993102	0.993102	0.000513919	0.0251209	0.993102	0.993102	5.43592e-16	0.993101	0.993102	0.993094	0.00190423	1.21892e-05	9.14495e-12	0.0291507	0.0354813	0.993101	0.993085	0.00024567	0.0023448	0.00236581	0.000270695	0.000485099	1.13475	1.12742	1.13428	
0.993102	0.993097	0.993102	0.00442993	0.000183576	0.993102	0.993102	0.0004183	0.0260639	0.993102	0.993102	4.0675e-16	0.993101	0.993102	0.993094	0.00193133	9.12076e-06	6.92227e-12	0.0311285	0.0375273	0.993101	0.99309	0.00020568	0.00212721	0.0021485	0.000228095	0.000395059	1.13812	1.12915	1.13757	
0.993102	0.993098	0.993102	0.0045443	0.0001747	0.993102	0.993102	0.000344536	0.0273486	0.993102	0.993102	3.04357e-16	0.993102	0.993102	0.993093	0.0019628	6.82473e-06	5.25376e-12	0.0329829	0.0398125	0.993101	0.993093	0.000173918	0.00195546	0.00197813	0.000194886	0.00032473	1.14099	1.12923	1.14036	
0.993102	0.993098	0.993102	0.00466933	0.000166168	0.993102	0.993102	0.000287564	0.0289897	0.993102	0.993102	2.27739e-16	0.993102	0.993102	0.993093	0.00200608	5.1067e-06	4.00098e-12	0.0344361	0.0422085	0.993101	0.993095	0.000148524	0.00181596	0.00184074	0.000169385	0.000269076	1.14874	1.13491	1.14807	
0.993102	0.993099	0.993102	0.00481304	0.000154826	0.993102	0.993102	0.000240614	0.0316607	0.993102	0.993102	1.70409e-16	0.993102	0.993102	0.993092	0.00204697	3.82116e-06	3.05338e-12	0.0366974	0.045998	0.993101	0.993097	0.000126363	0.00169927	0.0017259	0.000147096	0.000222808	1.14762	1.13493	1.14703	
0.993102	0.993099	0.993102	0.00500183	0.000147101	0.993102	0.993102	0.000205945	0.0327478	0.993102	0.993102	1.27511e-16	0.993102	0.993102	0.993092	0.00204139	2.85923e-06	2.34549e-12	0.0384448	0.0485705	0.993101	0.993098	0.000109339	0.00159489	0.00162156	0.000129353	0.000189108	1.14339	1.1301	1.14284	
0.993102	0.993099	0.993102	0.00518549	0.000144201	0.993102	0.993102	0.000182159	0.0327658	0.993102	0.993102	9.54116e-17	0.993102	0.993102	0.993092	0.00203671	2.13946e-06	1.8209e-12	0.0388329	0.0494544	0.993101	0.993099	9.75723e-05	0.00151012	0.00153617	0.000117575	0.000165537	1.14833	1.13425	1.1478	
0.993102	0.993099	0.993102	0.00533469	0.000138937	0.993102	0.993102	0.000161619	0.0337377	0.993102	0.993102	7.1393e-17	0.993102	0.993102	0.993092	0.00204541	1.60088e-06	1.42196e-12	0.0400044	0.0514484	0.993101	0.9931	8.7287e-05	0.00144667	0.00147201	0.000107102	0.000145279	1.15124	1.13695	1.15074	
0.993102	0.993099	0.993102	0.00548415	0.000133327	0.993102	0.993102	0.000144734	0.0348481	0.993102	0.993102	5.34208e-17	0.993102	0.993102	0.993091	0.00204742	1.19788e-06	1.11991e-12	0.0415054	0.0537961	0.993101	0.993101	7.85313e-05	0.00139328	0.00141767	9.79077e-05	0.000128806	1.15023	1.13542	1.14975	
0.993102	0.993099	0.993102	0.0056389	0.000129815	0.993102	0.993102	0.000132501	0.0353814	0.993102	0.993102	3.99728e-17	0.993102	0.993102	0.993091	0.00204614	8.9633e-07	8.94868e-13	0.0423361	0.0553058	0.993101	0.993101	7.19625e-05	0.00134672	0.00136997	9.11777e-05	0.00011666	1.15214	1.13361	1.15165	
0.993102	0.993099	0.993102	0.00578101	0.000126164	0.993102	0.993102	0.000122374	0.0367363	0.993102	0.993102	2.99102e-17	0.993102	0.993102	0.993091	0.00208262	6.70691e-07	7.2417e-13	0.042612	0.057031	0.993101	0.993101	6.64139e-05	0.00130841	0.00133092	8.66059e-05	0.000105419	1.14938	1.13032	1.14894	
0.993102	0.9931	0.993102	0.00593938	0.000125144	0.993102	0.993102	0.000116022	0.0370676	0.993102	0.993102	2.23807e-17	0.993102	0.993102	0.993091	0.00210427	5.01854e-07	5.99365e-13	0.0421829	0.057573	0.993101	0.993101	6.2629e-05	0.0012721	0.00129348	8.39114e-05	9.77984e-05	1.15318	1.13219	1.15274	
0.993102	0.9931	0.993102	0.006079	0.000122224	0.993102	0.993102	0.000109408	0.0383587	0.993102	0.993102	1.67467e-17	0.993102	0.993102	0.993091	0.00214184	3.75519e-07	5.01603e-13	0.042273	0.0591266	0.993101	0.993102	5.87723e-05	0.00124299	0.00126346	8.10719e-05	9.00479e-05	1.14516	1.12514	1.14477	
0.993102	0.9931	0.993102	0.0062355	0.000125076	0.993102	0.993102	0.000108287	0.0374183	0.993102	0.993102	1.25309e-17	0.993102	0.993102	0.993092	0.00214808	2.80987e-07	4.37513e-13	0.0410129	0.0580792	0.993101	0.993102	5.76152e-05	0.00121431	0.00123344	8.11786e-05	8.75292e-05	1.14418	1.12167	1.1438	
0.993102	0.9931	0.993102	0.00633175	0.000127979	0.993102	0.993102	0.000107884	0.0371346	0.993102	0.993102	9.37646e-18	0.993102	0.993102	0.993092	0.00219504	2.10253e-07	3.906e-13	0.0394896	0.0570802	0.993101	0.993102	5.72884e-05	0.00119839	0.00121642	8.315e-05	8.50409e-05	1.14725	1.11369	1.14683	
0.993102	0.9931	0.993102	0.00640076	0.000128191	0.993102	0.993102	0.000105954	0.0398281	0.993102	0.993102	7.01607e-18	0.993102	0.993102	0.993092	0.00238223	1.57325e-07	3.51617e-13	0.0371041	0.0571726	0.993101	0.993102	5.62635e-05	0.00118765	0.00120536	8.86532e-05	7.83921e-05	1.14254	1.11168	1.14217	
0.993102	0.9931	0.993102	0.00654868	0.000131565	0.993102	0.993102	0.000106934	0.0397266	0.993102	0.993102	5.24988e-18	0.993102	0.993102	0.993093	0.00244871	1.1772e-07	3.28223e-13	0.0350404	0.0560273	0.993101	0.993102	5.60637e-05	0.00116497	0.00118161	9.24115e-05	7.57387e-05	1.13765	1.0977	1.13727	
0.993102	0.9931	0.993102	0.00666613	0.000137876	0.993102	0.993102	0.000110425	0.0405045	0.993102	0.993102	3.92831e-18	0.993102	0.993102	0.993093	0.00263716	8.8086e-08	3.17198e-13	0.0317767	0.0540301	0.993101	0.993102	5.73757e-05	0.00114845	0.00116441	0.000103701	7.23854e-05	1.13545	1.08749	1.13507	
0.993102	0.993101	0.993102	0.00678977	0.000144463	0.993102	0.993102	0.000114328	0.0421737	0.993102	0.993102	2.93942e-18	0.993102	0.993102	0.993093	0.00290726	6.59118e-08	3.12013e-13	0.0283358	0.0520633	0.993101	0.993102	5.88072e-05	0.00113197	0.00114724	0.000119324	6.81504e-05	1.14199	1.08784	1.14164	
0.993102	0.993101	0.993102	0.00695201	0.000144399	0.993102	0.993102	0.00011328	0.0461964	0.993102	0.993102	2.19948e-18	0.993102	0.993102	0.993094	0.00320261	4.93196e-08	2.98816e-13	0.0258023	0.0521646	0.993101	0.993102	5.74772e-05	0.00111092	0.00112536	0.000129364	6.18265e-05	1.12791	1.06062	1.12755	
0.993102	0.993101	0.993102	0.00724206	0.000156316	0.993102	0.993102	0.000121398	0.0478955	0.993102	0.993102	1.64582e-18	0.993102	0.993102	0.993094	0.00363599	3.69045e-08	3.09914e-13	0.0220053	0.0491614	0.993101	0.993102	5.9483e-05	0.00107477	0.00108837	0.000160524	5.73024e-05	1.11622	1.05107	1.1159	
0.993102	0.993101	0.993102	0.00755309	0.000178241	0.993102	0.993102	0.000136817	0.0457519	0.993102	0.993102	1.23155e-18	0.993102	0.993102	0.993095	0.00388226	2.76147e-08	3.40362e-13	0.0187107	0.0449154	0.993101	0.993102	6.46475e-05	0.00104009	0.00105251	0.000194677	5.74115e-05	1.11479	1.0441	1.11449	
0.993102	0.993101	0.993102	0.00772175	0.000196776	0.993101	0.993102	0.000149378	0.0454173	0.993102	0.993102	9.21571e-19	0.993102	0.993102	0.993096	0.00427499	2.06636e-08	3.65647e-13	0.0159658	0.0415642	0.993101	0.993102	7.00106e-05	0.00102481	0.00103617	0.000235129	5.63377e-05	1.1149	1.03698	1.11462	
0.993102	0.993101	0.993102	0.00784754	0.000210682	0.993101	0.993102	0.0001585	0.0469345	0.993102	0.993102	6.89638e-19	0.993102	0.993102	0.993096	0.00480181	1.54624e-08	3.83992e-13	0.0136569	0.0390996	0.993101	0.993102	7.41287e-05	0.00101536	0.00102568	0.000279783	5.36989e-05	1.08968	1.01966	1.08943	
0.993102	0.993101	0.993102	0.00801518	0.000262853	0.993101	0.993102	0.000195716	0.0417733	0.993102	0.993102	5.16166e-19	0.993102	0.993102	0.993097	0.00492895	1.15709e-08	4.69715e-13	0.0114332	0.0341613	0.993101	0.993102	9.04171e-05	0.00100131	0.0010104	0.000351776	6.25337e-05	1.07049	1.00576	1.07028	
0.993102	0.993102	0.993102	0.00794352	0.000351387	0.993101	0.993102	0.000259177	0.0358249	0.993102	0.993102	3.8652e-19	0.993102	0.993102	0.993098	0.00502882	8.65919e-09	6.1859e-13	0.00947653	0.0289348	0.993101	0.993102	0.000124573	0.00101789	0.00102555	0.000471674	8.32178e-05	1.10523	1.02268	1.105	
0.993102	0.993102	0.993102	0.00766605	0.000339987	0.993101	0.993102	0.00025031	0.0409911	0.993102	0.993102	2.89336e-19	0.993102	0.993102	0.993098	0.0059047	6.48017e-09	5.96638e-13	0.00837419	0.0283086	0.993101	0.993102	0.000125212	0.001065	0.00107128	0.000520345	7.50072e-05	1.11126	1.02653	1.11106	
0.993102	0.993102	0.993102	0.00762388	0.000322311	0.993101	0.993102	0.000237529	0.0456881	0.993102	0.993102	2.16585e-19	0.993102	0.993102	0.993098	0.00641512	4.84963e-09	5.65649e-13	0.00764462	0.0286276	0.993101	0.993102	0.000119282	0.00107062	0.00107565	0.000529163	6.69254e-05	1.10592	1.02001	1.10573	
0.993102	0.993102	0.993102	0.00777378	0.000316664	0.993101	0.993102	0.000233652	0.0468838	0.993102	0.993102	1.62162e-19	0.993102	0.993102	0.993098	0.00665977	3.62966e-09	5.55949e-13	0.00693103	0.0281275	0.993101	0.993102	0.000115181	0.00105029	0.0010543	0.000540948	6.18062e-05	1.10675	1.01865	1.10659	
0.993102	0.993102	0.993102	0.0079484	0.00031139	0.993101	0.993102	0.00022964	0.0482205	0.993102	0.993102	1.21438e-19	0.993102	0.993102	0.993098	0.006891	2.71682e-09	5.46108e-13	0.00636869	0.027882	0.993101	0.993102	0.000111098	0.00102941	0.00103243	0.000550229	5.72791e-05	1.10644	0.980518	1.10626	
0.993102	0.993102	0.993102	0.00815168	0.000308203	0.9931	0.993102	0.000226808	0.0617342	0.993102	0.993102	9.10742e-20	0.993102	0.993102	0.993098	0.00910913	2.03479e-09	5.39089e-13	0.00532042	0.02768	0.993101	0.993102	0.000107529	0.00100716	0.00100962	0.000715174	4.80732e-05	1.08405	0.97176	1.08388	
0.993102	0.993102	0.993102	0.00900332	0.000348732	0.993099	0.993102	0.000255361	0.0563744	0.993102	0.993102	6.84428e-20	0.993102	0.993102	0.993099	0.00914699	1.52481e-09	6.06686e-13	0.00444902	0.025129	0.993101	0.993102	0.000109605	0.000934526	0.000936434	0.000811092	4.66807e-05	1.06236	0.941328	1.0622	
0.993102	0.993102	0.993102	0.0094365	0.000446161	0.993097	0.993102	0.000320972	0.0509933	0.993102	0.993102	5.21615e-20	0.993102	0.993102	0.993099	0.0100299	1.14509e-09	7.62624e-13	0.00358773	0.0217325	0.993101	0.993102	0.000132074	0.000900938	0.000902247	0.00117082	4.88004e-05	1.05198	0.935122	1.05183	
0.993102	0.993102	0.993102	0.00952664	0.000563367	0.993095	0.993102	0.00039859	0.0455579	0.993102	0.993102	4.05147e-20	0.993102	0.993102	0.9931	0.0108216	8.61509e-10	9.47962e-13	0.00291404	0.0186676	0.993101	0.993102	0.000167447	0.000899552	0.000899842	0.0015866	5.50607e-05	1.04366	0.919254	1.04352	
0.993102	0.993102	0.993102	0.00934687	0.0006926	0.993093	0.993102	0.000484961	0.0422227	0.993102	0.993102	3.30044e-20	0.993102	0.993102	0.9931	0.0123927	6.51054e-10	1.15517e-12	0.00234698	0.0160121	0.993101	0.993102	0.000215643	0.000925408	0.000924212	0.00227349	6.00265e-05	1.06561	0.939376	1.06549	
0.993102	0.993102	0.993102	0.0090521	0.000692078	0.993093	0.993102	0.000483676	0.0453196	0.993102	0.993102	2.59305e-20	0.993102	0.993102	0.9931	0.0139895	4.91447e-10	1.15357e-12	0.00200271	0.0151263	0.993101	0.993102	0.000223642	0.000963443	0.000960198	0.0024786	5.661e-05	1.06452	0.93277	1.0644	
0.993102	0.993102	0.993102	0.00893653	0.000694457	0.993093	0.993102	0.000486092	0.0479837	0.993102	0.993102	2.07484e-20	0.993102	0.993102	0.9931	0.0153565	3.72624e-10	1.16051e-12	0.00171336	0.0143784	0.993101	0.993102	0.000227191	0.000975721	0.000971	0.0026884	5.30607e-05	1.02247	0.877033	1.02235	
0.993102	0.993102	0.993102	0.00895681	0.00092778	0.993086	0.993102	0.000652127	0.0436742	0.993102	0.993102	2.45225e-20	0.993102	0.993102	0.993101	0.0175286	2.93736e-10	1.55939e-12	0.00135237	0.0120847	0.993101	0.993102	0.000301517	0.000971698	0.000966005	0.00440656	5.85743e-05	1.04071	0.907653	1.04061	
0.993102	0.993102	0.993102	0.00878093	0.000976842	0.993086	0.993102	0.00068814	0.0422102	0.993102	0.993102	2.20418e-20	0.993102	0.993102	0.993101	0.0182666	2.27863e-10	1.64868e-12	0.00114025	0.0109483	0.993101	0.993102	0.000325191	0.000992675	0.000984665	0.00471768	6.06007e-05	1.02613	0.893402	1.02603	
0.993102	0.993102	0.993102	0.00857434	0.00110745	0.993085	0.993102	0.000783697	0.0389459	0.993102	0.993102	2.32373e-20	0.993102	0.993102	0.993101	0.0188962	1.81231e-10	1.88153e-12	0.000949147	0.00961368	0.993101	0.993102	0.000380577	0.00101679	0.00100659	0.00547097	6.79372e-05	1.00697	0.924407	1.00689	
0.993102	0.993102	0.993102	0.00827519	0.00137711	0.993086	0.993102	0.000982009	0.0311579	0.993102	0.993102	2.30456e-20	0.993102	0.993102	0.993101	0.0161923	1.41372e-10	2.36487e-12	0.000886646	0.00816017	0.993101	0.993102	0.000499757	0.0010549	0.00104173	0.0052118	0.000141131	0.975372	0.892268	0.975297	
0.993102	0.993102	0.993102	0.00775986	0.00204997	0.993086	0.993102	0.00148237	0.024596	0.993102	0.993102	4.07569e-20	0.993102	0.993102	0.993101	0.0145032	1.1673e-10	3.59043e-12	0.000754473	0.00661767	0.993101	0.993102	0.000846084	0.00113617	0.00111793	0.0063711	0.000273567	0.962691	0.895589	0.962626	
0.993102	0.993102	0.993102	0.00714121	0.00281971	0.993087	0.993102	0.00208148	0.0192487	0.993102	0.993102	6.24951e-20	0.993102	0.993102	0.993101	0.0127792	9.75498e-11	5.08958e-12	0.000657657	0.00534495	0.993101	0.993102	0.00132639	0.0012551	0.00122621	0.00740227	0.000502518	0.956357	0.902753	0.956303	
0.993102	0.993102	0.993101	0.00650049	0.00353313	0.993088	0.993102	0.00267394	0.0150532	0.993102	0.993102	8.13552e-20	0.993102	0.993102	0.993102	0.0111478	8.18039e-11	6.61263e-12	0.000594134	0.00434165	0.993101	0.993102	0.00186776	0.00140237	0.00135636	0.00808083	0.00081838	0.927416	0.878912	0.927366	
0.993102	0.993102	0.993101	0.00588935	0.00511021	0.993088	0.993102	0.00401075	0.0116316	0.993102	0.993102	1.67612e-19	0.993102	0.993102	0.993102	0.00984556	7.53691e-11	1.0088e-11	0.00050478	0.00343821	0.993101	0.993102	0.00309029	0.00156644	0.00149776	0.0104663	0.00148463	0.930315	0.871932	0.930264	
0.993102	0.993102	0.993101	0.00531689	0.00606448	0.993089	0.993102	0.00492185	0.0092421	0.993102	0.993102	2.4793e-19	0.993102	0.993102	0.993102	0.0092378	7.25976e-11	1.2616e-11	0.000425224	0.00277107	0.993101	0.993102	0.00402269	0.00175887	0.00165167	0.0132512	0.00178699	0.93345	0.897013	0.933412	
0.993102	0.993102	0.9931	0.00481137	0.00658194	0.99309	0.993102	0.00550789	0.00731834	0.993102	0.993102	2.57774e-19	0.993102	0.993102	0.993102	0.00813074	6.41221e-11	1.43471e-11	0.000391555	0.0022823	0.993101	0.993102	0.00469563	0.00195516	0.00180299	0.0133854	0.00232037	0.915798	0.870305	0.915758	
0.993102	0.993102	0.9931	0.00437665	0.00776275	0.993091	0.993102	0.00673724	0.00583645	0.993102	0.993102	3.73394e-19	0.993102	0.993102	0.993102	0.0075504	6.47227e-11	1.78645e-11	0.000334152	0.00185302	0.993101	0.993102	0.00599885	0.00214177	0.00194534	0.0161028	0.00290318	0.926153	0.885089	0.926118	
0.993102	0.993102	0.9931	0.00399786	0.00804515	0.993092	0.993102	0.00719017	0.00480566	0.993102	0.993102	3.9089e-19	0.993102	0.993102	0.993102	0.00697485	6.08973e-11	1.93531e-11	0.000301031	0.00156367	0.993101	0.993102	0.00657345	0.00233635	0.00208499	0.016741	0.00320917	0.918364	0.873438	0.91833	
0.993102	0.993102	0.993099	0.00368282	0.0085869	0.993092	0.993102	0.00790653	0.00401583	0.993102	0.993102	4.5912e-19	0.993102	0.993102	0.993102	0.00664005	6.13599e-11	2.15691e-11	0.000264402	0.00132048	0.993101	0.993102	0.00740161	0.00250826	0.00220839	0.0185405	0.00352247	0.929238	0.887591	0.929208	
0.993102	0.993102	0.993099	0.00341825	0.00845261	0.993093	0.993102	0.00796539	0.00351397	0.993102	0.993102	4.45521e-19	0.993102	0.993102	0.993102	0.00628058	5.78535e-11	2.19405e-11	0.000247475	0.00117386	0.993101	0.993102	0.00757166	0.00266871	0.0023205	0.0185028	0.00359936	0.93658	0.891447	0.936551	
0.993102	0.993102	0.993099	0.00320603	0.00806593	0.993094	0.993102	0.00774083	0.00326661	0.993102	0.993102	4.15271e-19	0.993102	0.993102	0.993102	0.00609803	5.4386e-11	2.14392e-11	0.000238521	0.00109239	0.993101	0.993102	0.00744084	0.00279558	0.00241191	0.0181796	0.00346981	0.911505	0.870621	0.911479	
0.993102	0.993102	0.993099	0.00304148	0.00889797	0.993094	0.993102	0.0087309	0.00279659	0.993102	0.993102	5.15989e-19	0.993102	0.993102	0.993102	0.00584515	5.75782e-11	2.43055e-11	0.000214092	0.000946509	0.993101	0.993102	0.00849994	0.00288483	0.00248061	0.0201504	0.0039887	0.869382	0.83945	0.869361	
0.993102	0.993102	0.993097	0.00289582	0.0130597	0.993093	0.993102	0.0132735	0.0022203	0.993102	0.993102	1.28058e-18	0.993102	0.993102	0.993102	0.00538428	7.46729e-11	3.77612e-11	0.000178189	0.000763676	0.993101	0.993102	0.0131272	0.00298882	0.00255198	0.0271272	0.00696689	0.913391	0.870013	0.913368	
0.993102	0.993102	0.993098	0.00272338	0.0122285	0.993093	0.993102	0.0127805	0.00214584	0.993102	0.993102	1.16126e-18	0.993102	0.993102	0.993102	0.00523312	7.31488e-11	3.71033e-11	0.000158696	0.000704675	0.993101	0.993102	0.0127068	0.00323524	0.00268018	0.0270597	0.00648906	0.892506	0.853083	0.892486	
0.993102	0.993102	0.993097	0.00259518	0.0128846	0.993093	0.993102	0.0138774	0.00189339	0.993102	0.993102	1.30064e-18	0.993102	0.993102	0.993102	0.0050263	7.91331e-11	4.10224e-11	0.000137429	0.000614748	0.993101	0.993102	0.0138679	0.00339514	0.00276969	0.0296452	0.00694554	0.876497	0.835127	0.876477	
0.993102	0.993102	0.993097	0.00248167	0.0146347	0.993093	0.993102	0.0163026	0.00164289	0.993102	0.993102	1.82691e-18	0.993102	0.993102	0.993102	0.00488052	9.44618e-11	4.92477e-11	0.000115125	0.000523337	0.993101	0.993102	0.0163725	0.00355453	0.00285751	0.0354887	0.00795837	0.882479	0.829572	0.882459	
0.993102	0.993102	0.993097	0.00236635	0.0151749	0.993092	0.993102	0.0174756	0.00157989	0.993102	0.993102	2.21574e-18	0.993102	0.993102	0.993102	0.00497674	1.10608e-10	5.39354e-11	9.57616e-05	0.000462824	0.993101	0.993102	0.0176111	0.00376725	0.00296624	0.0414017	0.00790637	0.899596	0.870146	0.899581	
0.993102	0.993102	0.993097	0.00226536	0.0142933	0.993094	0.993102	0.0168549	0.00150221	0.993102	0.993102	1.92539e-18	0.993102	0.993102	0.993102	0.00452227	1.00724e-10	5.26501e-11	9.20443e-05	0.00044638	0.993101	0.993102	0.0170129	0.00396647	0.00306825	0.0378078	0.0081285	0.909188	0.879256	0.909174	
0.993102	0.993102	0.993097	0.00219318	0.0131507	0.993095	0.993102	0.0157453	0.00150442	0.993102	0.993102	1.62459e-18	0.993102	0.993102	0.993102	0.0041937	9.04143e-11	4.93855e-11	9.43463e-05	0.000454986	0.993101	0.993102	0.0159093	0.00408348	0.00313544	0.0340161	0.00789391	0.900955	0.866848	0.900941	
0.993102	0.993102	0.993097	0.00214888	0.0127901	0.993095	0.993102	0.0154728	0.00146102	0.993102	0.993102	1.4931e-18	0.993102	0.993102	0.993102	0.0040346	8.69508e-11	4.84813e-11	9.18219e-05	0.00044292	0.993101	0.993102	0.0156438	0.00412209	0.00316732	0.0327445	0.00787033	0.899605	0.86939	0.899592	
0.993102	0.993102	0.993097	0.00211716	0.0126137	0.993095	0.993102	0.0153716	0.00139166	0.993102	0.993102	1.38816e-18	0.993102	0.993102	0.993102	0.00385093	8.34344e-11	4.80456e-11	9.14278e-05	0.000431075	0.993101	0.993102	0.0155494	0.00413858	0.00318743	0.0314476	0.00806777	0.88457	0.852286	0.884557	
0.993102	0.993102	0.993097	0.0020931	0.0135373	0.993095	0.993102	0.0166028	0.0012707	0.993102	0.993102	1.55434e-18	0.993102	0.993102	0.993102	0.00374907	8.83356e-11	5.18023e-11	8.46631e-05	0.000396293	0.993101	0.993102	0.0168064	0.00414658	0.00320196	0.0332136	0.00885322	0.874735	0.852127	0.874724	
0.993102	0.993102	0.993096	0.00206107	0.0149807	0.993095	0.993102	0.0186082	0.00111336	0.993102	0.993102	1.79398e-18	0.993102	0.993102	0.993102	0.00350003	9.22447e-11	5.84281e-11	7.84822e-05	0.000357075	0.993101	0.993102	0.0188578	0.00420131	0.00323515	0.0345872	0.0107627	0.912894	0.890669	0.912884	
0.993102	0.993102	0.993097	0.00201559	0.0134043	0.993096	0.993102	0.0168475	0.00120464	0.993102	0.993102	1.47879e-18	0.993102	0.993102	0.993102	0.0032752	8.12558e-11	5.31623e-11	8.80332e-05	0.000396936	0.993101	0.993102	0.0170884	0.00432407	0.00329695	0.0304943	0.0100145	0.930659	0.913966	0.93065	
0.993102	0.993102	0.993098	0.00199849	0.0116259	0.993097	0.993102	0.0146648	0.00134435	0.993102	0.993102	1.16636e-18	0.993102	0.993102	0.993102	0.00305942	6.84487e-11	4.61988e-11	0.000117535	0.000481909	0.993101	0.993102	0.0148777	0.0043381	0.00331144	0.0257281	0.00903154	0.899227	0.887032	0.899219	
0.993102	0.993102	0.993098	0.00200861	0.0118051	0.993097	0.993102	0.0148063	0.00120504	0.993102	0.993102	1.06444e-18	0.993102	0.993102	0.993102	0.00287318	6.42188e-11	4.61889e-11	0.000122025	0.000459207	0.993101	0.993102	0.015014	0.00426216	0.00328408	0.0241844	0.00989303	0.883835	0.872814	0.883827	
0.993102	0.993102	0.993097	0.00201352	0.0130291	0.993097	0.993102	0.0162643	0.00104599	0.993102	0.993102	1.14409e-18	0.993102	0.993102	0.993102	0.00272092	6.53165e-11	5.0424e-11	0.00011672	0.000416113	0.993101	0.993102	0.0165004	0.00421471	0.00326814	0.0246272	0.0117478	0.891917	0.880899	0.89191	
0.993102	0.993102	0.993097	0.00200108	0.0132266	0.993097	0.993102	0.0165946	0.000962189	0.993102	0.993102	1.10848e-18	0.993102	0.993102	0.993102	0.00258988	6.36293e-11	5.15583e-11	0.000114839	0.000396592	0.993101	0.993102	0.0168549	0.00423892	0.00328276	0.0240227	0.0124967	0.863956	0.853926	0.863949	
0.993102	0.993102	0.993096	0.00198745	0.015877	0.993097	0.993102	0.0200575	0.000821849	0.993102	0.993102	1.58778e-18	0.993102	0.993102	0.993102	0.00247664	7.2985e-11	6.28704e-11	0.000101689	0.000345472	0.993101	0.993102	0.0204057	0.00427035	0.00330065	0.0274353	0.0158877	0.88455	0.875614	0.884544	
0.993102	0.993102	0.993096	0.00194299	0.0156094	0.993097	0.993102	0.0201234	0.000785434	0.993102	0.993102	1.51444e-18	0.993102	0.993102	0.993102	0.00233825	7.13248e-11	6.40147e-11	9.61636e-05	0.000332022	0.993101	0.993102	0.0205008	0.00443953	0.00337689	0.0267592	0.0163515	0.829786	0.821863	0.82978	
0.993102	0.993102	0.993093	0.00190799	0.0224859	0.993096	0.993102	0.0297658	0.000643423	0.993102	0.993102	3.99198e-18	0.993102	0.993102	0.993102	0.00222072	1.02667e-10	9.84176e-11	7.88194e-05	0.000273011	0.993101	0.993102	0.0303685	0.00456204	0.0034358	0.0374524	0.0253727	0.800931	0.795407	0.800925	
0.993102	0.993101	0.993089	0.00180069	0.0323691	0.993094	0.993102	0.0473313	0.000523062	0.993102	0.993102	1.16475e-17	0.993102	0.993102	0.993102	0.0020127	1.65259e-10	1.76946e-10	6.13723e-05	0.000218072	0.9931	0.993102	0.0483533	0.00514076	0.00367548	0.0563082	0.0424599	0.749908	0.744573	0.749902	
0.993102	0.993101	0.99308	0.00160826	0.0528194	0.993092	0.993102	0.0945392	0.000417324	0.993102	0.993102	7.51477e-17	0.993102	0.993102	0.993102	0.0017168	4.08697e-10	4.82405e-10	4.62741e-05	0.000168134	0.9931	0.993102	0.0964549	0.00682921	0.00432062	0.107419	0.0877607	0.742585	0.738784	0.74258	
0.993102	0.993101	0.99308	0.00130396	0.0532169	0.993094	0.993102	0.136914	0.000396501	0.993102	0.993102	1.4243e-16	0.993102	0.993102	0.993102	0.00133095	8.52323e-10	9.73281e-10	3.46566e-05	0.000130075	0.993099	0.993102	0.139502	0.016292	0.00723877	0.151506	0.129726	0.78224	0.777242	0.782234	
0.993102	0.993101	0.993085	0.00101826	0.0425811	0.993096	0.993102	0.137646	0.000744778	0.993102	0.993102	1.24546e-16	0.993102	0.993102	0.993102	0.00100458	1.22414e-09	1.00922e-09	2.59445e-05	0.000106704	0.993097	0.993102	0.140127	0.0370033	0.0145733	0.152281	0.130091	0.789837	0.785083	0.789829	
0.993102	0.993101	0.993088	0.000803681	0.0341899	0.993097	0.993102	0.134	0.000980156	0.993102	0.993102	1.06224e-16	0.993102	0.993102	0.993102	0.000758351	1.54521e-09	9.51387e-10	1.94304e-05	9.06917e-05	0.993097	0.993102	0.135998	0.0482795	0.0201294	0.147779	0.126375	0.764366	0.760308	0.764358	
0.993102	0.993101	0.99309	0.000646101	0.0297028	0.993098	0.993102	0.148108	0.000929617	0.993102	0.993102	1.1476e-16	0.993102	0.993102	0.993102	0.000573785	2.29182e-09	9.89199e-10	1.45533e-05	7.43524e-05	0.993098	0.993102	0.149455	0.0525295	0.0236215	0.161482	0.139937	0.800281	0.79612	0.800274	
0.993102	0.993101	0.993093	0.000516948	0.0237515	0.993099	0.993102	0.136758	0.0011843	0.993102	0.993102	9.4257e-17	0.993102	0.993102	0.993102	0.000432627	2.51967e-09	8.64177e-10	1.09077e-05	6.89062e-05	0.993098	0.993102	0.137628	0.0589352	0.0289102	0.148619	0.129056	0.804116	0.799806	0.804109	
0.993102	0.993101	0.993094	0.000428837	0.0195396	0.993099	0.993102	0.126593	0.00125888	0.993102	0.993102	7.76887e-17	0.993102	0.993102	0.993102	0.000328278	2.55646e-09	7.48849e-10	8.19618e-06	6.58521e-05	0.993098	0.993102	0.126947	0.0582452	0.0306242	0.137107	0.119219	0.811765	0.807782	0.811759	
0.993102	0.993101	0.993096	0.000372275	0.0164753	0.9931	0.993102	0.115869	0.0012652	0.993102	0.993102	6.33526e-17	0.993102	0.993102	0.993102	0.00025186	2.4208e-09	6.41109e-10	6.19858e-06	6.59002e-05	0.993099	0.993102	0.11581	0.0543309	0.0302907	0.124986	0.109017	0.82308	0.819137	0.823074	
0.993102	0.993101	0.993097	0.000342107	0.0141586	0.9931	0.993102	0.103875	0.00125407	0.993102	0.993102	5.07181e-17	0.993102	0.993102	0.993102	0.000197414	2.15863e-09	5.40372e-10	4.77258e-06	7.01343e-05	0.993099	0.993102	0.103543	0.0488961	0.0286508	0.111696	0.0976413	0.842845	0.838515	0.842839	
0.993102	0.993101	0.993097	0.000336639	0.0121623	0.9931	0.993102	0.0895645	0.00128385	0.993102	0.993102	3.94645e-17	0.993102	0.993102	0.993102	0.000161626	1.80942e-09	4.43364e-10	3.90608e-06	8.33786e-05	0.9931	0.993102	0.0891099	0.0428307	0.0261723	0.0962097	0.0840331	0.833851	0.829212	0.833845	
0.993102	0.993101	0.993098	0.000359303	0.01159	0.9931	0.993102	0.0810599	0.00117022	0.993102	0.993102	3.17114e-17	0.993102	0.993102	0.993102	0.000144755	1.53677e-09	3.76644e-10	3.4357e-06	8.81995e-05	0.9931	0.993102	0.080468	0.0365835	0.0231542	0.0870413	0.0758242	0.837958	0.832154	0.837953	
0.993102	0.993101	0.993098	0.000395993	0.0113893	0.9931	0.993102	0.0736409	0.0010703	0.993102	0.993102	2.56284e-17	0.993102	0.993102	0.993102	0.000142286	1.29701e-09	3.2269e-10	3.34439e-06	9.40287e-05	0.9931	0.993102	0.0729972	0.0311761	0.020351	0.0794004	0.0684467	0.853525	0.849203	0.85352	
0.993102	0.993101	0.993098	0.000443693	0.010836	0.9931	0.993102	0.0647421	0.00102282	0.993102	0.993102	2.0169e-17	0.993102	0.993102	0.993102	0.000150816	1.06105e-09	2.71245e-10	3.97323e-06	0.000108656	0.9931	0.993102	0.0641346	0.0266061	0.0178457	0.0697498	0.0601539	0.862189	0.858683	0.862185	
0.993102	0.993101	0.993098	0.000508244	0.010435	0.9931	0.993102	0.0565924	0.000980497	0.993102	0.993102	1.57833e-17	0.993102	0.993102	0.993102	0.00017462	8.57332e-10	2.27712e-10	5.54155e-06	0.000126889	0.9931	0.993102	0.0560457	0.0226306	0.0155501	0.0608127	0.0526903	0.809179	0.803255	0.809175	
0.993102	0.993101	0.993096	0.00058808	0.0155517	0.993098	0.993102	0.0644805	0.000799691	0.993102	0.993102	1.78725e-17	0.993102	0.993102	0.993102	0.000220057	8.06002e-10	2.41176e-10	5.33195e-06	0.000110759	0.9931	0.993102	0.063878	0.0192338	0.0135061	0.0699361	0.0594714	0.799439	0.792859	0.799435	
0.993102	0.993101	0.993095	0.000617439	0.0196755	0.993097	0.993102	0.0746031	0.000670044	0.993102	0.993102	2.24894e-17	0.993102	0.993102	0.993102	0.00023835	8.1715e-10	2.7559e-10	4.62476e-06	9.59113e-05	0.9931	0.993102	0.0740487	0.0173779	0.0123013	0.0818381	0.0681604	0.819864	0.812975	0.81986	
0.993102	0.993101	0.993095	0.000606709	0.0191538	0.993097	0.993102	0.0739713	0.000645966	0.993102	0.993102	2.08929e-17	0.993102	0.993102	0.993102	0.000232267	7.7284e-10	2.74835e-10	4.04415e-06	9.13885e-05	0.9931	0.993102	0.0735359	0.0169682	0.011894	0.0818216	0.0671488	0.848519	0.839272	0.848515	
0.993102	0.993101	0.993096	0.000600385	0.016881	0.993098	0.993102	0.0659185	0.000746082	0.993102	0.993102	1.69881e-17	0.993102	0.993102	0.993102	0.000231165	6.73462e-10	2.43943e-10	4.04927e-06	0.000103177	0.9931	0.993102	0.0655831	0.0165744	0.011557	0.0738197	0.0591963	0.877111	0.868688	0.877106	
0.993102	0.993101	0.993097	0.000621522	0.0143273	0.993099	0.993102	0.0554029	0.00092975	0.993102	0.993102	1.31353e-17	0.993102	0.993102	0.993102	0.000247216	5.51005e-10	2.03192e-10	5.69078e-06	0.000138828	0.9931	0.993102	0.0551336	0.0155591	0.0109088	0.062377	0.0495109	0.847805	0.841903	0.847801	
0.993102	0.993101	0.993097	0.000678588	0.0144522	0.993099	0.993102	0.052167	0.000846622	0.993102	0.993102	1.11255e-17	0.993102	0.993102	0.993102	0.000286837	4.80895e-10	1.87301e-10	6.75512e-06	0.000138192	0.9931	0.993102	0.0519009	0.0140715	0.00999128	0.0585911	0.0467264	0.871695	0.866112	0.871691	
0.993102	0.993101	0.993097	0.000735693	0.0132982	0.993099	0.993102	0.0457794	0.000861038	0.993102	0.993102	8.82179e-18	0.993102	0.993102	0.993102	0.000330559	3.99359e-10	1.62047e-10	9.66038e-06	0.000158791	0.9931	0.993102	0.0455573	0.0128169	0.00919379	0.0513336	0.0410938	0.89288	0.887504	0.892877	
0.993102	0.993101	0.993098	0.000810117	0.0118051	0.993099	0.993102	0.0387068	0.000941814	0.993102	0.993102	6.81328e-18	0.993102	0.993102	0.993102	0.00039328	3.2203e-10	1.35244e-10	1.65736e-05	0.000203515	0.9931	0.993102	0.038529	0.0115598	0.00839187	0.0433454	0.0348125	0.867272	0.861952	0.867268	
0.993102	0.993101	0.993097	0.000906582	0.0123797	0.993099	0.993102	0.0362944	0.00085461	0.993102	0.993102	5.68858e-18	0.993102	0.993102	0.993102	0.000482242	2.75561e-10	1.23826e-10	2.00772e-05	0.000203116	0.9931	0.993102	0.0361415	0.0103085	0.00759126	0.0405398	0.0327652	0.867132	0.861459	0.867128	
0.993102	0.993101	0.993097	0.000994261	0.0129997	0.993099	0.993102	0.0344954	0.00078482	0.993102	0.993102	4.85673e-18	0.993102	0.993102	0.993102	0.00057289	2.39107e-10	1.15564e-10	2.33139e-05	0.000202773	0.993101	0.993102	0.0343874	0.00931554	0.00693288	0.0385319	0.0312055	0.820848	0.814887	0.820844	
0.993102	0.993101	0.993095	0.00107212	0.0192874	0.993097	0.993102	0.0435074	0.00064393	0.993102	0.993102	7.49049e-18	0.993102	0.993102	0.993102	0.000661838	2.58511e-10	1.44906e-10	2.0918e-05	0.000171891	0.993101	0.993102	0.0434933	0.0085376	0.00639786	0.0486649	0.0394805	0.888628	0.879451	0.888624	
0.993102	0.993101	0.993096	0.00107639	0.0165571	0.993098	0.993102	0.0373624	0.000800805	0.993102	0.993102	5.87937e-18	0.993102	0.993102	0.993102	0.000693061	2.16542e-10	1.25483e-10	2.34331e-05	0.000206936	0.9931	0.993102	0.0373917	0.00851765	0.00623924	0.0422151	0.0336415	0.896979	0.888827	0.896975	
0.993102	0.993101	0.993097	0.00111643	0.0144232	0.993098	0.993102	0.0320366	0.000907498	0.993102	0.993102	4.59129e-18	0.993102	0.993102	0.993102	0.000752518	1.79923e-10	1.07558e-10	3.02093e-05	0.0002474	0.9931	0.993102	0.0320801	0.00815331	0.00594948	0.0364015	0.0287217	0.900392	0.89211	0.900388	
0.993102	0.993101	0.993097	0.00118258	0.012907	0.993099	0.993102	0.0277835	0.000963519	0.993102	0.993102	3.60319e-18	0.993102	0.993102	0.993102	0.00084098	1.50349e-10	9.27014e-11	4.0097e-05	0.000284293	0.9931	0.993102	0.0278311	0.00763225	0.0056014	0.0317416	0.0248008	0.899543	0.893484	0.899539	
0.993102	0.993101	0.993098	0.00126429	0.0120005	0.993099	0.993102	0.0246602	0.000959105	0.993102	0.993102	2.86211e-18	0.993102	0.993102	0.993102	0.000935402	1.26979e-10	8.14066e-11	5.20023e-05	0.000310359	0.9931	0.993102	0.024712	0.00707486	0.00524642	0.0281301	0.0220738	0.857413	0.851037	0.857409	
0.993102	0.993101	0.993097	0.00135112	0.0147011	0.993098	0.993102	0.0272477	0.000812929	0.993102	0.993102	3.04404e-18	0.993102	0.993102	0.993102	0.00104383	1.27385e-10	8.83313e-11	4.97901e-05	0.000274349	0.993101	0.993102	0.027337	0.00655282	0.00491725	0.0310498	0.024485	0.823365	0.817101	0.823361	
0.993102	0.993101	0.993094	0.00139591	0.0215414	0.993096	0.993102	0.0371622	0.000661927	0.993102	0.993102	5.8091e-18	0.993102	0.993102	0.993102	0.00110973	1.58987e-10	1.23174e-10	4.19787e-05	0.000226641	0.993101	0.993102	0.0373957	0.00630593	0.00472643	0.0422625	0.0336214	0.76573	0.758922	0.765726	
0.993102	0.993101	0.993085	0.00135989	0.0417885	0.993092	0.993102	0.0741491	0.000519313	0.993102	0.993102	4.02881e-17	0.993102	0.993102	0.993102	0.00108794	3.35724e-10	2.99233e-10	3.22773e-05	0.000176338	0.9931	0.993102	0.0748746	0.00668107	0.00481594	0.083924	0.0675501	0.763317	0.756826	0.763313	
0.993102	0.993101	0.993084	0.00116753	0.0448104	0.993094	0.993102	0.103702	0.000460221	0.993102	0.993102	6.95626e-17	0.993102	0.993102	0.993102	0.000901646	5.67135e-10	5.49923e-10	2.4278e-05	0.000138374	0.9931	0.993102	0.104897	0.0110794	0.00627687	0.11697	0.0948914	0.699173	0.692392	0.699169	
0.993102	0.993101	0.993078	0.000955947	0.0591027	0.993094	0.993102	0.19357	0.000382739	0.993102	0.993102	5.66495e-16	0.993102	0.993102	0.993102	0.000703181	2.37289e-09	1.66552e-09	1.81763e-05	0.000105315	0.993099	0.993102	0.195332	0.0197126	0.00948877	0.212826	0.180027	0.708167	0.702511	0.708162	
0.993102	0.993101	0.993082	0.000728814	0.0480911	0.993096	0.993102	0.249992	0.00064713	0.993102	0.993102	7.73965e-16	0.993102	0.993102	0.993102	0.000527177	8.99088e-09	2.64639e-09	1.3601e-05	8.09193e-05	0.993097	0.993102	0.251997	0.0842503	0.0335058	0.27204	0.234173	0.734851	0.729366	0.734845	
0.993102	0.993101	0.993087	0.0005497	0.0367244	0.993097	0.993102	0.261948	0.00198945	0.993102	0.993102	6.97942e-16	0.993102	0.993102	0.993102	0.000394551	2.29726e-08	2.64199e-09	1.01772e-05	6.41406e-05	0.993097	0.993102	0.263521	0.184822	0.0916641	0.284399	0.245218	0.751634	0.744685	0.751628	
0.993102	0.993101	0.993091	0.000414818	0.0278949	0.993098	0.993102	0.254701	0.00361899	0.993102	0.993102	5.8289e-16	0.993102	0.993102	0.993102	0.000295269	3.62547e-08	2.35515e-09	7.61525e-06	5.30006e-05	0.993097	0.993102	0.254584	0.259135	0.146051	0.276582	0.236631	0.786672	0.777723	0.786666	
0.993102	0.993101	0.993093	0.000314548	0.0211105	0.993099	0.993102	0.223693	0.00583126	0.993102	0.993102	4.51159e-16	0.993102	0.993102	0.993102	0.000220985	3.72911e-08	1.92e-09	5.6984e-06	4.97207e-05	0.993098	0.993102	0.221801	0.292988	0.177589	0.243502	0.20557	0.758826	0.751825	0.75882	
0.993102	0.993101	0.993095	0.000243405	0.0165645	0.9931	0.993102	0.220059	0.00514394	0.993102	0.993102	3.79552e-16	0.993102	0.993102	0.993102	0.000165483	3.84126e-08	1.6775e-09	4.26433e-06	4.29583e-05	0.993098	0.993102	0.214193	0.276182	0.173405	0.236119	0.201155	0.764804	0.7587	0.764798	
0.993102	0.993101	0.993097	0.000190636	0.0131268	0.9931	0.993102	0.212595	0.00459298	0.993102	0.993102	3.16862e-16	0.993102	0.993102	0.993102	0.000123958	3.80702e-08	1.45062e-09	3.19146e-06	3.86198e-05	0.993099	0.993102	0.204515	0.257286	0.168314	0.225545	0.194074	0.696473	0.69257	0.696468	
0.993102	0.993101	0.993097	0.000152391	0.0131186	0.9931	0.993102	0.279633	0.00358468	0.993102	0.993102	7.25596e-16	0.993102	0.993102	0.993102	9.29157e-05	6.07855e-08	1.80167e-09	2.38829e-06	3.05471e-05	0.993099	0.993102	0.268091	0.235301	0.160207	0.288692	0.261152	0.720659	0.716047	0.720655	
0.993102	0.993101	0.993098	0.000116524	0.0103534	0.9931	0.993102	0.300468	0.00362825	0.993102	0.993102	7.34929e-16	0.993102	0.993102	0.993102	6.95369e-05	1.22684e-07	1.78993e-09	1.7871e-06	2.55307e-05	0.9931	0.993102	0.287882	0.287567	0.215497	0.308609	0.281539	0.731145	0.726949	0.73114	
0.993102	0.993101	0.993099	8.88345e-05	0.00803428	0.993101	0.993102	0.304323	0.00436936	0.993102	0.993102	6.74897e-16	0.993102	0.993102	0.993102	5.20366e-05	1.91321e-07	1.67853e-09	1.33723e-06	2.23985e-05	0.9931	0.993102	0.291137	0.349141	0.2823	0.311151	0.285806	0.756075	0.751734	0.756071	
0.993102	0.993101	0.9931	6.80145e-05	0.00617326	0.993101	0.993102	0.282908	0.00603267	0.993102	0.993102	5.50534e-16	0.993102	0.993102	0.993102	3.89409e-05	2.11748e-07	1.45277e-09	1.00063e-06	2.21816e-05	0.9931	0.993102	0.269441	0.396203	0.336177	0.288064	0.265484	0.754444	0.750076	0.75444	
0.993102	0.993101	0.9931	5.33387e-05	0.00487509	0.993101	0.993102	0.268317	0.00614652	0.993102	0.993102	4.58963e-16	0.993102	0.993102	0.993102	2.91463e-05	2.06396e-07	1.28302e-09	7.48784e-07	2.18432e-05	0.9931	0.993102	0.25318	0.400466	0.348147	0.270785	0.251604	0.743828	0.740231	0.743825	
0.993102	0.993101	0.993101	4.31917e-05	0.00407103	0.993101	0.993102	0.267247	0.00554577	0.993102	0.993102	4.14036e-16	0.993102	0.993102	0.993102	2.18233e-05	1.99197e-07	1.19622e-09	5.60366e-07	2.05854e-05	0.993101	0.993102	0.250139	0.384882	0.340353	0.266682	0.251343	0.711727	0.708465	0.711724	
0.993102	0.993101	0.993101	3.56286e-05	0.00386629	0.993101	0.993102	0.301908	0.00463293	0.993102	0.993102	5.66106e-16	0.993102	0.993102	0.993102	1.63442e-05	2.3309e-07	1.33684e-09	4.19345e-07	1.76345e-05	0.993101	0.993102	0.282527	0.371797	0.334012	0.298786	0.286147	0.668829	0.666761	0.668826	
0.993102	0.993101	0.993101	2.8284e-05	0.00385926	0.993101	0.993102	0.380628	0.00387264	0.993102	0.993102	1.84088e-15	0.993102	0.993102	0.993102	1.22334e-05	5.63047e-07	2.03801e-09	3.13785e-07	1.41412e-05	0.993101	0.993102	0.360641	0.404621	0.371523	0.375286	0.366429	0.619267	0.617912	0.619265	
0.993102	0.993101	0.993101	2.14952e-05	0.00342788	0.993101	0.993102	0.488309	0.00362483	0.993102	0.993102	1.16761e-14	0.993099	0.993102	0.993102	9.15398e-06	5.40605e-06	4.32111e-09	2.34794e-07	1.09324e-05	0.993101	0.993102	0.470368	0.511191	0.483685	0.482395	0.476673	0.474548	0.47386	0.474545	
0.993102	0.993101	0.993101	1.61223e-05	0.00369508	0.993101	0.993102	0.612262	0.00305363	0.993102	0.993102	3.34387e-12	0.977859	0.993102	0.993102	6.84959e-06	0.000774204	5.33397e-08	1.75688e-07	8.19971e-06	0.993101	0.993102	0.598608	0.626829	0.605855	0.607653	0.603514	0.51641	0.515934	0.516408	
0.993102	0.993101	0.993101	1.20669e-05	0.00280608	0.993101	0.993102	0.701041	0.0114722	0.993102	0.993102	3.13154e-12	0.980406	0.993102	0.993102	5.1253e-06	0.00446964	6.17216e-08	1.31461e-07	6.1804e-06	0.993101	0.993078	0.690392	0.718556	0.702825	0.697229	0.694431	0.556233	0.555829	0.55623	
0.993102	0.993101	0.993101	9.02986e-06	0.00210283	0.993102	0.993102	0.75936	0.0817858	0.993102	0.993102	2.45121e-12	0.983479	0.993102	0.993102	3.83508e-06	0.0135993	5.58459e-08	9.83674e-08	4.72403e-06	0.993101	0.992235	0.747768	0.787571	0.775795	0.753025	0.754302	0.609374	0.608937	0.60937	
0.993102	0.993095	0.993102	6.75752e-06	0.00157381	0.993102	0.993102	0.778744	0.181681	0.993102	0.993102	1.83731e-12	0.985896	0.993102	0.993102	2.86965e-06	0.0216593	4.50791e-08	7.36048e-08	3.82271e-06	0.993101	0.983976	0.686951	0.839185	0.830368	0.691434	0.774676	0.650354	0.649931	0.65035	
0.993102	0.992761	0.993102	5.06045e-06	0.00117773	0.993102	0.993102	0.758104	0.209563	0.993102	0.993102	1.37488e-12	0.98771	0.993102	0.993102	2.14725e-06	0.0238609	3.51661e-08	5.50758e-08	3.51376e-06	0.993101	0.968569	0.528641	0.877296	0.870678	0.532114	0.754629	0.677777	0.677347	0.677772	
0.993102	0.991826	0.993102	3.79721e-06	0.000881338	0.993102	0.993102	0.71127	0.210202	0.993102	0.993102	1.02879e-12	0.989067	0.993102	0.993102	1.60671e-06	0.0208616	2.71363e-08	4.12112e-08	3.75987e-06	0.993101	0.966669	0.400597	0.904766	0.899775	0.403239	0.708156	0.704953	0.704481	0.704947	
0.993102	0.991101	0.993102	2.86885e-06	0.000659604	0.993102	0.993102	0.642476	0.19543	0.993102	0.993102	7.69809e-13	0.990083	0.993102	0.993102	1.20224e-06	0.0163055	2.078e-08	3.08368e-08	4.76039e-06	0.993101	0.972048	0.302664	0.922675	0.918865	0.304668	0.639576	0.789809	0.789106	0.789803	
0.993102	0.99103	0.993102	2.2278e-06	0.000493653	0.993102	0.993102	0.512316	0.208776	0.993102	0.993102	5.7602e-13	0.990843	0.993102	0.993102	8.99595e-07	0.0122334	1.56356e-08	2.30741e-08	1.41887e-05	0.993101	0.977267	0.227195	0.928015	0.925011	0.228705	0.509765	0.899074	0.897855	0.899069	
0.993102	0.990593	0.993102	3.09816e-06	0.000369527	0.993102	0.993102	0.387346	0.192435	0.993102	0.993102	4.31015e-13	0.991412	0.993102	0.993102	6.73134e-07	0.00915407	1.17092e-08	1.72656e-08	0.000105091	0.993101	0.981252	0.170064	0.824426	0.821576	0.171196	0.385343	0.935042	0.93339	0.935037	
0.993102	0.990733	0.993102	1.4885e-05	0.000277359	0.993102	0.993102	0.291801	0.153573	0.993102	0.993102	3.22513e-13	0.991837	0.993102	0.993102	5.03684e-07	0.00684967	8.76632e-09	1.2954e-08	0.000272526	0.993101	0.984235	0.127295	0.644294	0.641986	0.128143	0.290239	0.979945	0.977267	0.97994	
0.993102	0.99123	0.993102	5.01981e-05	0.000209893	0.993102	0.993102	0.219147	0.122684	0.993102	0.993102	2.41324e-13	0.992156	0.993102	0.993102	3.77149e-07	0.00512536	6.56143e-09	1.35235e-08	0.000679468	0.993101	0.986468	0.0952876	0.491614	0.489838	0.0959241	0.217937	0.997147	0.993891	0.997142	
0.993102	0.991673	0.993102	0.000127723	0.0001642	0.993102	0.993102	0.16455	0.0966615	0.993102	0.993102	1.80574e-13	0.992394	0.993102	0.993102	2.9113e-07	0.00383512	4.91104e-09	1.07992e-07	0.00117919	0.993101	0.988138	0.0713494	0.372068	0.370723	0.071829	0.163609	0.999139	0.994858	0.999134	
0.993102	0.992023	0.993102	0.00025569	0.000143358	0.993102	0.993102	0.123673	0.0752643	0.993102	0.993102	1.35117e-13	0.992572	0.993102	0.993102	3.54266e-07	0.00286968	3.67605e-09	9.6915e-07	0.00158138	0.993101	0.989387	0.0534676	0.280798	0.279784	0.0538335	0.122926	0.998987	0.994994	0.998981	
0.993102	0.99229	0.993102	0.000428858	0.000153939	0.993102	0.993102	0.0930871	0.0582956	0.993102	0.993102	1.01103e-13	0.992706	0.993102	0.993102	1.33754e-06	0.00214728	2.75196e-09	5.30815e-06	0.00188199	0.993101	0.990323	0.04013	0.211737	0.210974	0.040414	0.0924886	0.98479	0.98074	0.984784	
0.993102	0.992493	0.993102	0.000634864	0.000229845	0.993102	0.993102	0.0703772	0.0447599	0.993102	0.993102	7.56519e-14	0.992805	0.993102	0.993102	6.16129e-06	0.00160673	2.06091e-09	1.5723e-05	0.0019364	0.993101	0.991022	0.0302556	0.159675	0.1591	0.0304874	0.069879	0.966083	0.962326	0.966077	
0.993102	0.992645	0.993102	0.000855263	0.000435424	0.993102	0.993102	0.0537068	0.0341431	0.993102	0.993102	5.66076e-14	0.99288	0.993102	0.993102	2.14541e-05	0.00120226	1.5446e-09	3.19843e-05	0.001814	0.993101	0.991546	0.023073	0.120513	0.120079	0.0232802	0.0532711	0.970249	0.966032	0.970244	
0.993102	0.992759	0.993102	0.00107282	0.00066549	0.993102	0.993102	0.0411454	0.0261832	0.993102	0.993102	4.23574e-14	0.992936	0.993102	0.993102	5.75318e-05	0.000899605	1.15806e-09	6.63597e-05	0.00175583	0.993101	0.991938	0.0177581	0.0910967	0.090764	0.0179565	0.0407574	0.93653	0.931634	0.936524	
0.993102	0.992845	0.993102	0.00128141	0.00135706	0.993101	0.993102	0.0326541	0.0198929	0.993102	0.993102	3.16945e-14	0.992978	0.993102	0.993102	0.000125611	0.000673142	8.71046e-10	8.48903e-05	0.00151788	0.993101	0.992231	0.0144204	0.0690083	0.0687484	0.014685	0.0322275	0.974358	0.969217	0.974352	
0.993102	0.992909	0.993102	0.00146316	0.00149595	0.993101	0.993102	0.0253096	0.0155097	0.993102	0.993102	2.37158e-14	0.993009	0.993102	0.993102	0.000229071	0.000503687	6.53908e-10	0.000167422	0.00157202	0.993101	0.99245	0.0113943	0.0524554	0.0522393	0.0116576	0.0249257	0.929052	0.92318	0.929045	
0.993102	0.992957	0.993102	0.00163376	0.00249669	0.993101	0.993102	0.0210866	0.0118478	0.993102	0.993102	1.77457e-14	0.993033	0.993102	0.993102	0.000374103	0.000376891	4.94578e-10	0.000180839	0.00135339	0.993101	0.992614	0.0101511	0.0400246	0.0398403	0.0105494	0.0206196	0.856512	0.850706	0.856504	
0.993102	0.992994	0.9931	0.0017712	0.00815767	0.993098	0.993102	0.024665	0.00892254	0.993102	0.993102	1.32792e-14	0.99305	0.993102	0.993102	0.000544771	0.000282014	3.92989e-10	0.000150504	0.00105437	0.993101	0.992737	0.014886	0.0307299	0.0305543	0.0160534	0.0236285	0.816519	0.811119	0.816512	
0.993102	0.993021	0.993096	0.0018099	0.018824	0.993094	0.993102	0.0373572	0.00670898	0.993102	0.993102	9.94029e-15	0.993063	0.993102	0.993102	0.000679435	0.000211021	3.51003e-10	0.000117957	0.000807724	0.993101	0.992829	0.0276832	0.0239892	0.0237088	0.0303064	0.0353529	0.608844	0.606397	0.608836	
0.993102	0.993041	0.992875	0.00171468	0.195583	0.992946	0.993102	0.237646	0.00502089	0.993102	0.993102	2.30755e-14	0.99307	0.993102	0.993102	0.000708287	0.000157904	4.74599e-09	8.83064e-05	0.000604686	0.993101	0.992898	0.226972	0.0196055	0.0188791	0.230673	0.235714	0.544969	0.543517	0.544959	
0.993102	0.993056	0.992917	0.00128936	0.183178	0.992986	0.993102	0.415132	0.00418583	0.993102	0.993102	2.20967e-13	0.993078	0.993102	0.993102	0.000532284	0.000118181	5.56337e-07	6.60764e-05	0.000452546	0.992505	0.992949	0.40632	0.246794	0.0656968	0.409419	0.413714	0.517674	0.516073	0.517652	
0.993102	0.993067	0.992963	0.00096496	0.139172	0.993015	0.993102	0.55318	0.0098351	0.993102	0.993102	7.79104e-13	0.993083	0.993102	0.993102	0.00039829	9.05418e-05	1.16718e-06	4.94426e-05	0.000338671	0.992292	0.992988	0.546149	0.433971	0.274643	0.548695	0.55206	0.498489	0.49573	0.498463	
0.993102	0.993076	0.992998	0.000722056	0.104333	0.993037	0.993102	0.658834	0.0326361	0.993102	0.993102	1.78373e-12	0.993071	0.993102	0.993102	0.000298026	0.000188631	1.33341e-06	3.69961e-05	0.000253447	0.992433	0.993014	0.652602	0.574606	0.453596	0.654818	0.657807	0.557093	0.553876	0.557065	
0.993102	0.993082	0.993024	0.000540291	0.0780761	0.993053	0.993102	0.727331	0.146676	0.993102	0.993102	1.40802e-12	0.993077	0.993102	0.993102	0.000223002	0.000767393	1.06907e-06	2.76828e-05	0.000189748	0.992586	0.992877	0.71023	0.679911	0.589043	0.713435	0.725803	0.692875	0.689111	0.692848	
0.993102	0.993013	0.993044	0.000404286	0.0584216	0.993066	0.993102	0.668877	0.303918	0.993102	0.993102	1.0536e-12	0.993083	0.993102	0.993102	0.000166864	0.000853295	8.02749e-07	2.0714e-05	0.000143525	0.992711	0.990495	0.544118	0.758561	0.68985	0.547447	0.663677	0.699993	0.695937	0.699966	
0.993102	0.959055	0.993058	0.000302938	0.0437151	0.993075	0.993102	0.616427	0.236195	0.993102	0.993102	7.88372e-13	0.993088	0.993102	0.993102	0.000124858	0.000750621	6.02312e-07	1.54996e-05	0.000109171	0.992807	0.990914	0.407641	0.798044	0.712613	0.410175	0.607998	0.74584	0.739067	0.745814	
0.993102	0.965308	0.993069	0.00022699	0.0327108	0.993082	0.993102	0.525563	0.198898	0.993102	0.993102	5.8991e-13	0.993091	0.993102	0.993102	9.3427e-05	0.000583917	4.51179e-07	1.15978e-05	8.61234e-05	0.99288	0.991436	0.305794	0.827792	0.741389	0.307801	0.51327	0.896451	0.880045	0.896432	
0.993102	0.971948	0.993078	0.000170758	0.0244764	0.993087	0.993102	0.397453	0.248138	0.993102	0.993102	4.41408e-13	0.993094	0.993102	0.993102	6.99081e-05	0.000437192	3.3762e-07	8.67818e-06	0.000154457	0.992935	0.991855	0.228894	0.810946	0.712318	0.230427	0.387109	0.967469	0.953232	0.967454	
0.993102	0.974522	0.993084	0.000159261	0.0183152	0.993091	0.993102	0.298427	0.200669	0.993102	0.993102	3.3029e-13	0.993096	0.993102	0.993102	5.23097e-05	0.000327141	2.52633e-07	6.49359e-06	0.000487307	0.992976	0.992169	0.171281	0.625336	0.544704	0.17243	0.290436	0.955489	0.941891	0.955474	
0.993102	0.978773	0.993088	0.000207411	0.013708	0.993094	0.993102	0.224606	0.154001	0.993102	0.993102	2.47144e-13	0.993098	0.993102	0.993102	3.91415e-05	0.000244789	1.89041e-07	4.85993e-06	0.000657213	0.993008	0.992404	0.128187	0.474072	0.411885	0.129054	0.21832	0.947644	0.936464	0.94763	
0.993102	0.982307	0.993092	0.000307337	0.0102745	0.993096	0.993102	0.169587	0.116908	0.993102	0.993102	1.84929e-13	0.993099	0.993102	0.993102	2.92941e-05	0.000183167	1.41457e-07	3.65562e-06	0.000742163	0.993031	0.99258	0.0959881	0.35803	0.310716	0.0966549	0.164586	0.900868	0.8917	0.900855	
0.993102	0.985007	0.993095	0.000448525	0.0078207	0.993097	0.993102	0.130733	0.0878916	0.993102	0.993102	1.38375e-13	0.9931	0.993102	0.993102	2.20209e-05	0.000137057	1.05858e-07	2.81102e-06	0.000653843	0.993049	0.992711	0.072202	0.270064	0.234262	0.0727769	0.126376	0.675752	0.671011	0.67574	
0.993102	0.987038	0.993095	0.00060315	0.0295075	0.993051	0.993102	0.243766	0.0657694	0.993102	0.993102	1.03758e-13	0.9931	0.993102	0.993102	1.72266e-05	0.000102566	8.01798e-08	2.10795e-06	0.000490343	0.993062	0.99281	0.103043	0.203773	0.176741	0.107322	0.235264	0.568484	0.564337	0.568472	
0.993102	0.988562	0.993094	0.000469369	0.0434389	0.993052	0.993102	0.413092	0.0492216	0.993102	0.993102	1.01993e-13	0.993079	0.993102	0.993102	1.29095e-05	7.73105e-05	7.27437e-08	1.57731e-06	0.000367034	0.993071	0.992883	0.268194	0.186433	0.152291	0.275014	0.405415	0.527335	0.522868	0.527324	
0.993102	0.989703	0.993096	0.000351648	0.0342852	0.993065	0.993102	0.550262	0.0370413	0.993102	0.993102	2.52826e-13	0.992938	0.993102	0.993102	9.65973e-06	8.6783e-05	9.2893e-08	1.18024e-06	0.000274694	0.993078	0.992938	0.428526	0.363319	0.309456	0.435354	0.543802	0.453462	0.448793	0.453452	
0.993102	0.990558	0.993097	0.000263147	0.0261581	0.993074	0.993102	0.659672	0.0285109	0.993102	0.993102	4.52029e-12	0.976203	0.993102	0.993102	7.22802e-06	0.00241838	2.10176e-07	8.83131e-07	0.000205557	0.993083	0.992978	0.566377	0.520099	0.478088	0.571859	0.654652	0.449509	0.444432	0.4495	
0.993102	0.991198	0.993099	0.000196905	0.0196342	0.993081	0.993102	0.741699	0.0278332	0.993102	0.993102	9.43776e-12	0.952183	0.993102	0.993102	5.40847e-06	0.0263419	2.86898e-07	6.60815e-07	0.000153822	0.993087	0.992845	0.670457	0.638974	0.607404	0.674877	0.73775	0.50351	0.497723	0.503501	
0.993102	0.991677	0.993099	0.000147338	0.0146956	0.993086	0.993102	0.799452	0.0877828	0.993102	0.993102	7.77894e-12	0.960848	0.993102	0.993102	4.04696e-06	0.0648345	2.53362e-07	4.94464e-07	0.000115134	0.99309	0.988638	0.742211	0.728078	0.704435	0.746516	0.795857	0.597631	0.591211	0.597621	
0.993102	0.992029	0.9931	0.000110248	0.0109964	0.99309	0.993102	0.815862	0.235294	0.993102	0.993102	5.82577e-12	0.96896	0.993102	0.993102	3.02819e-06	0.0750932	1.94922e-07	3.69989e-07	8.63791e-05	0.993093	0.952531	0.689948	0.794745	0.777037	0.701091	0.809469	0.659745	0.653147	0.659735	
0.993102	0.990066	0.993101	8.25e-05	0.00822823	0.993093	0.993102	0.775583	0.258812	0.993102	0.993102	4.35923e-12	0.975038	0.993102	0.993102	2.26589e-06	0.0684425	1.47286e-07	2.76849e-07	6.54241e-05	0.993095	0.899718	0.520591	0.843947	0.830518	0.529527	0.763378	0.676681	0.67046	0.676672	
0.993102	0.985112	0.993101	6.17519e-05	0.00615695	0.993096	0.993102	0.725595	0.23215	0.993102	0.993102	3.26186e-12	0.979585	0.993102	0.993102	1.69548e-06	0.0554441	1.11176e-07	2.07156e-07	5.00622e-05	0.993096	0.90747	0.391485	0.878747	0.868214	0.398427	0.708926	0.700297	0.694385	0.700289	
0.993102	0.985102	0.993101	4.62389e-05	0.00460713	0.993097	0.993102	0.658892	0.210857	0.993102	0.993102	2.44074e-12	0.982988	0.993102	0.993102	1.26867e-06	0.0425055	8.37674e-08	1.55008e-07	3.92354e-05	0.993098	0.926772	0.295001	0.903001	0.894539	0.300452	0.639185	0.75667	0.750155	0.756662	
0.993102	0.986271	0.993102	3.46786e-05	0.00344748	0.993098	0.993102	0.547748	0.201714	0.993102	0.993102	1.82631e-12	0.985534	0.993102	0.993102	9.49296e-07	0.0318964	6.28619e-08	1.15987e-07	3.484e-05	0.993098	0.943312	0.221768	0.914405	0.907043	0.225989	0.527675	0.792695	0.786045	0.792688	
0.993102	0.987407	0.993102	2.65613e-05	0.00258022	0.993099	0.993102	0.439861	0.164155	0.993102	0.993102	1.36656e-12	0.987439	0.993102	0.993102	7.10324e-07	0.0238719	4.71236e-08	8.67885e-08	3.73339e-05	0.993099	0.955844	0.166543	0.866454	0.857502	0.169787	0.421522	0.773591	0.767606	0.773585	
0.993102	0.988707	0.993102	2.23745e-05	0.00193824	0.9931	0.993102	0.370772	0.125074	0.993102	0.993102	1.02255e-12	0.988865	0.993102	0.993102	5.3151e-07	0.0178633	3.53854e-08	6.49408e-08	3.56219e-05	0.9931	0.965223	0.126479	0.746597	0.736853	0.129141	0.353079	0.761595	0.75611	0.761589	
0.993102	0.989785	0.993102	2.12966e-05	0.00148857	0.9931	0.993102	0.328083	0.0945395	0.993102	0.993102	7.65142e-13	0.989931	0.993102	0.993102	3.97731e-07	0.0133667	2.66338e-08	4.85947e-08	3.2701e-05	0.9931	0.972241	0.09974	0.623577	0.614452	0.102311	0.310577	0.786238	0.781027	0.786232	
0.993102	0.990611	0.993102	2.17431e-05	0.00116873	0.993101	0.993102	0.27908	0.0719427	0.993102	0.993102	5.7253e-13	0.99073	0.993102	0.993102	2.97822e-07	0.0100019	2.00237e-08	3.6379e-08	3.43664e-05	0.9931	0.977493	0.080356	0.520159	0.512097	0.0828928	0.263078	0.819334	0.814333	0.819329	
0.993102	0.991235	0.993102	2.61179e-05	0.000949947	0.993101	0.993102	0.227357	0.0551912	0.993102	0.993102	4.28404e-13	0.991327	0.993102	0.993102	2.2521e-07	0.00748406	1.50314e-08	2.74617e-08	4.49011e-05	0.993101	0.981422	0.0647876	0.423654	0.41694	0.0671663	0.213747	0.813727	0.809258	0.813722	
0.993102	0.991703	0.993102	3.93665e-05	0.000948094	0.993101	0.993102	0.190671	0.0418941	0.993102	0.993102	3.20561e-13	0.991774	0.993102	0.993102	1.94262e-07	0.00560006	1.13015e-08	2.22773e-08	5.07502e-05	0.993101	0.984362	0.0556904	0.335316	0.329976	0.0581238	0.178874	0.810805	0.806773	0.8108	
0.993102	0.992054	0.993102	6.11186e-05	0.00123292	0.993101	0.993102	0.164345	0.0316975	0.993102	0.993102	2.39866e-13	0.992108	0.993102	0.993102	2.89878e-07	0.00419032	8.51369e-09	2.3807e-08	5.41577e-05	0.993101	0.986563	0.0515378	0.262697	0.258492	0.0541526	0.153989	0.815671	0.812008	0.815666	
0.993102	0.992317	0.993102	8.9485e-05	0.00172611	0.993101	0.993102	0.142787	0.0239968	0.993102	0.993102	1.79486e-13	0.992358	0.993102	0.993102	7.24446e-07	0.00313547	6.42267e-09	4.04128e-08	5.83689e-05	0.993101	0.988209	0.0494921	0.205268	0.201918	0.0522409	0.133765	0.869408	0.865804	0.869404	
0.993102	0.992514	0.993102	0.000124745	0.00171465	0.993101	0.993102	0.113975	0.0185794	0.993102	0.993102	1.34303e-13	0.992546	0.993102	0.993102	1.95827e-06	0.00234616	4.82383e-09	1.85766e-07	9.59691e-05	0.993101	0.989441	0.0415027	0.16031	0.157582	0.0438874	0.106753	0.908133	0.904647	0.908129	
0.993102	0.992662	0.993102	0.000185723	0.00163035	0.993101	0.993102	0.0886202	0.0147465	0.993102	0.993102	1.00494e-13	0.992686	0.993102	0.993102	6.45616e-06	0.00175554	3.61777e-09	1.21079e-06	0.000185315	0.993101	0.990362	0.033371	0.124202	0.122021	0.0353211	0.0830023	0.917169	0.914044	0.917164	
0.993102	0.992772	0.993102	0.000281364	0.00170165	0.993101	0.993102	0.0690992	0.0116866	0.993102	0.993102	7.51961e-14	0.992791	0.993102	0.993102	1.95911e-05	0.00131361	2.71394e-09	4.48244e-06	0.000274805	0.993101	0.991052	0.0270594	0.0957093	0.0939898	0.0286522	0.0647382	0.894391	0.891649	0.894385	
0.993102	0.992855	0.993102	0.000409161	0.0023951	0.993101	0.993102	0.0560649	0.00904083	0.993102	0.993102	5.62667e-14	0.992869	0.993102	0.993102	4.88346e-05	0.000982926	2.0416e-09	8.34579e-06	0.000292135	0.993101	0.991568	0.0237302	0.0736204	0.0722677	0.0251159	0.0525963	0.810174	0.807956	0.810163	
0.993102	0.992917	0.993099	0.000551861	0.00945209	0.993098	0.993102	0.0637295	0.00680977	0.993102	0.993102	4.21069e-14	0.992928	0.993102	0.993102	9.77432e-05	0.000735488	1.58686e-09	7.80378e-06	0.000234693	0.993101	0.991954	0.0363312	0.0567408	0.0556524	0.0381484	0.060429	0.482144	0.481056	0.482122	
0.993102	0.992963	0.991495	0.00061571	0.24471	0.991608	0.993102	0.294024	0.00509559	0.993102	0.993102	2.38424e-12	0.985157	0.993102	0.993102	0.000126467	0.00055046	4.92307e-08	5.84073e-06	0.000175635	0.993101	0.992243	0.273039	0.0447705	0.0435623	0.274488	0.291517	0.422861	0.42191	0.422834	
0.993102	0.992998	0.991845	0.000462678	0.279688	0.991984	0.993102	0.468876	0.00412541	0.993102	0.993102	2.78259e-11	0.987135	0.993102	0.993102	9.524e-05	0.000412249	1.73905e-05	4.37041e-06	0.000131428	0.988794	0.99246	0.453066	0.281183	0.143813	0.454138	0.466958	0.379779	0.378514	0.379681	
0.993102	0.993024	0.992158	0.000346263	0.220059	0.992265	0.993102	0.600365	0.0117257	0.993102	0.993102	1.7007e-10	0.988564	0.993102	0.993102	7.12658e-05	0.000322549	9.59267e-05	3.27022e-06	9.83457e-05	0.973415	0.992621	0.588498	0.460364	0.348674	0.589302	0.598913	0.396413	0.394545	0.396294	
0.993102	0.993043	0.992395	0.000259101	0.165242	0.992476	0.993102	0.698568	0.0472033	0.993102	0.993102	1.93809e-10	0.989407	0.993102	0.993102	5.33256e-05	0.000707711	8.98644e-05	2.44698e-06	7.35926e-05	0.976767	0.992727	0.689515	0.594464	0.510125	0.690136	0.697451	0.456704	0.451483	0.456566	
0.993102	0.993057	0.992573	0.000193877	0.123669	0.992634	0.993102	0.770516	0.143002	0.993102	0.993102	1.48153e-10	0.990259	0.993102	0.993102	3.99016e-05	0.00368268	6.90549e-05	1.83099e-06	5.50801e-05	0.9807	0.992049	0.760367	0.694808	0.631486	0.761324	0.76943	0.576571	0.567625	0.576425	
0.993102	0.993016	0.992706	0.000145073	0.0925373	0.992752	0.993102	0.804375	0.283777	0.993102	0.993102	1.10862e-10	0.990975	0.993102	0.993102	2.98569e-05	0.00575012	5.17431e-05	1.37006e-06	4.1363e-05	0.983788	0.97927	0.661447	0.769869	0.722161	0.672418	0.799611	0.639441	0.62859	0.639299	
0.993102	0.980323	0.992806	0.000108572	0.0692424	0.99284	0.993102	0.788184	0.301701	0.993102	0.993102	8.29539e-11	0.99151	0.993102	0.993102	2.23408e-05	0.00754465	3.87285e-05	1.02517e-06	3.14734e-05	0.986123	0.938842	0.497412	0.825587	0.78737	0.506201	0.773717	0.760253	0.745652	0.760127	
0.993102	0.962039	0.992881	8.12774e-05	0.0518116	0.992906	0.993102	0.641537	0.395807	0.993102	0.993102	6.20714e-11	0.991911	0.993102	0.993102	1.67168e-05	0.00600899	2.89797e-05	7.67095e-07	2.94162e-05	0.987876	0.927441	0.372351	0.866256	0.833301	0.37898	0.619722	0.815185	0.799147	0.815071	
0.993102	0.771718	0.992936	6.53793e-05	0.0387688	0.992955	0.993102	0.500063	0.305209	0.993102	0.993102	4.64458e-11	0.992211	0.993102	0.993102	1.25086e-05	0.00450573	2.16846e-05	5.7399e-07	3.96215e-05	0.98919	0.943892	0.278625	0.769832	0.68665	0.283588	0.478571	0.824699	0.811958	0.824601	
0.993102	0.801456	0.992978	6.15335e-05	0.0290101	0.992992	0.993102	0.390967	0.231297	0.993102	0.993102	3.47537e-11	0.992435	0.993102	0.993102	9.35973e-06	0.00337203	1.62259e-05	4.29495e-07	5.09627e-05	0.990174	0.956279	0.208525	0.628267	0.540999	0.21225	0.371313	0.889384	0.86495	0.889305	
0.993102	0.84876	0.993009	7.15305e-05	0.0217092	0.99302	0.993102	0.297385	0.178489	0.993102	0.993102	2.60049e-11	0.992603	0.993102	0.993102	7.00355e-06	0.0025232	1.21413e-05	3.2138e-07	0.000115889	0.99091	0.965549	0.15608	0.494391	0.419052	0.158898	0.280832	0.913526	0.880906	0.913451	
0.993102	0.885014	0.993033	0.000111147	0.0162521	0.993041	0.993102	0.22553	0.137532	0.993102	0.993102	1.94585e-11	0.992729	0.993102	0.993102	5.24085e-06	0.00188802	9.08488e-06	2.40768e-07	0.000212802	0.991461	0.972485	0.116874	0.379813	0.320069	0.119062	0.211714	0.904397	0.871101	0.904329	
0.993102	0.912208	0.99305	0.000190216	0.0122012	0.993056	0.993102	0.172353	0.104547	0.993102	0.993102	1.45601e-11	0.992823	0.993102	0.993102	3.93448e-06	0.00141274	6.7979e-06	1.84889e-07	0.000264412	0.991874	0.977675	0.0876857	0.289075	0.243047	0.0895422	0.160283	0.884416	0.85317	0.884356	
0.993102	0.932568	0.993063	0.000303117	0.0093039	0.993067	0.993102	0.134283	0.0788801	0.993102	0.993102	1.08948e-11	0.992893	0.993102	0.993102	3.13054e-06	0.0010571	5.08664e-06	1.68458e-07	0.000268524	0.992183	0.981559	0.0662825	0.21933	0.184245	0.0682513	0.122821	0.854861	0.82728	0.854808	
0.993102	0.947805	0.993073	0.000433755	0.00763547	0.993074	0.993102	0.1099	0.0592702	0.993102	0.993102	8.15218e-12	0.992946	0.993102	0.993102	3.6012e-06	0.00079099	3.80617e-06	2.13398e-07	0.000240163	0.992414	0.984465	0.0516096	0.166352	0.139727	0.054545	0.0974514	0.852614	0.827728	0.852568	
0.993102	0.959207	0.99308	0.000553413	0.00686158	0.993079	0.993102	0.0920442	0.0445466	0.993102	0.993102	6.09998e-12	0.992985	0.993102	0.993102	7.24673e-06	0.000591869	2.84805e-06	4.01941e-07	0.000217321	0.992587	0.986639	0.0417208	0.126443	0.106247	0.0458798	0.07903	0.740458	0.720488	0.740416	
0.993102	0.967739	0.993083	0.000658894	0.0197919	0.993068	0.993102	0.138226	0.0333501	0.993102	0.993102	4.56445e-12	0.993015	0.993102	0.993102	1.66149e-05	0.000442876	2.13135e-06	3.59739e-07	0.000166616	0.992716	0.988266	0.0655139	0.0964342	0.0810925	0.0822514	0.110796	0.67116	0.655241	0.671124	
0.993102	0.974123	0.993083	0.000571106	0.0373475	0.993065	0.993102	0.254682	0.0249712	0.993102	0.993102	3.41638e-12	0.993037	0.993102	0.993102	1.50801e-05	0.000331402	1.59616e-06	2.71131e-07	0.000125675	0.992813	0.989483	0.159779	0.079429	0.0656266	0.192139	0.215473	0.569942	0.558662	0.569913	
0.993102	0.9789	0.993084	0.000433748	0.0449361	0.993071	0.993102	0.420753	0.0187192	0.993102	0.993102	2.61624e-12	0.993036	0.993102	0.993102	1.13222e-05	0.000248648	1.20884e-06	2.02879e-07	9.41704e-05	0.992885	0.990394	0.338776	0.144619	0.0983313	0.368577	0.387134	0.556511	0.546276	0.556487	
0.993102	0.982475	0.993088	0.000324761	0.0344796	0.993079	0.993102	0.549436	0.0149399	0.993102	0.993102	2.07105e-12	0.993026	0.993102	0.993102	8.47207e-06	0.000206555	9.26658e-07	1.51807e-07	7.05651e-05	0.992938	0.991076	0.481865	0.345642	0.294828	0.507878	0.52119	0.511304	0.502934	0.511285	
