0.25	1.27727e-12	0.25	0.998264	0.000618156	0.748264	0.998264	0.748264	0.748264	0.25	0.25	0.000618156	0.25	0.25	0.25	1.27727e-12	0.000618156	1.27727e-12	2.63265e-21	0.000618156	0.25	1.27727e-12	0.25	0.25	0.000618156	0.000618156	1.27727e-12	0	0	0	
0.993102	0.9931	0.993102	0.00640191	0.000116624	0.993102	0.993102	9.27369e-05	0.0391005	0.993102	0.993102	2.01255e-23	0.25	0.25	0.25	1.27727e-12	0.000618156	1.27727e-12	2.63265e-21	0.000618156	0.25	1.27727e-12	0.25	0.25	0.000618156	0.000618156	1.27727e-12	1.15551	1.12854	1.15551	
0.993102	0.9931	0.993102	0.00652484	0.000114572	0.993102	0.993102	9.0569e-05	0.0412244	0.993102	0.993102	1.97274e-23	0.437066	0.437066	0.437063	0.000625655	0.000462543	1.00596e-12	0.0100849	0.0173681	0.437065	0.25	0.187077	0.18735	0.000746246	0.000481429	1.40356e-05	0.993102	0.9931	0.993102	
0.993102	0.993099	0.993102	0.00670047	0.000788541	0.993101	0.993102	0.000610464	0.0311193	0.993102	0.993102	1.74795e-21	0.57704	0.57704	0.577038	0.000819941	0.000346104	2.04252e-12	0.00824609	0.0137	0.57704	0.437066	0.140254	0.14046	0.000830293	0.000631659	0.000628633	0.996258	0.996256	0.996258	
0.993102	0.993099	0.993102	0.00649618	0.00124546	0.993101	0.993102	0.000964574	0.0236492	0.993102	0.993102	3.18431e-21	0.681778	0.681778	0.681777	0.00104385	0.000258977	2.75137e-12	0.00689312	0.0110036	0.681778	0.57704	0.105259	0.105443	0.000957474	0.000784489	0.00105079	0.999363	0.999361	0.999363	
0.993102	0.993099	0.993102	0.0061194	0.00154115	0.993101	0.993102	0.00120097	0.0181525	0.993102	0.993102	4.29908e-21	0.76015	0.76015	0.760148	0.00127406	0.000193783	3.22343e-12	0.00590621	0.00903086	0.760149	0.681778	0.0791016	0.0793018	0.0011095	0.000927249	0.00133179	1.00242	1.00242	1.00242	
0.993102	0.993099	0.993102	0.00568502	0.0017194	0.993101	0.993102	0.0013529	0.0141303	0.993102	0.993102	5.09555e-21	0.818792	0.818792	0.818791	0.00149335	0.000145001	3.52243e-12	0.00519681	0.00759843	0.818792	0.76015	0.0595461	0.0597931	0.00127092	0.00105106	0.00150977	1.00543	1.00543	1.00543	
0.993102	0.993099	0.993102	0.00525429	0.00181359	0.993101	0.993102	0.00144383	0.0112072	0.993102	0.993102	5.60249e-21	0.862673	0.862673	0.862671	0.00169107	0.000108499	3.69422e-12	0.00469908	0.00657086	0.862672	0.818792	0.0449207	0.0452368	0.00143001	0.00115102	0.00161304	1.00839	1.00839	1.00839	
0.993102	0.9931	0.993102	0.00485766	0.00184868	0.993101	0.993102	0.00149062	0.00910153	0.993102	0.993102	5.86324e-21	0.895506	0.895506	0.895505	0.00186207	8.11858e-05	3.77245e-12	0.00436389	0.00584773	0.895506	0.862673	0.0339768	0.0343765	0.00157875	0.00122555	0.00166258	1.0113	1.0113	1.0113	
0.993102	0.9931	0.993102	0.00450807	0.00184309	0.993101	0.993102	0.00150553	0.00760255	0.993102	0.993102	5.92628e-21	0.920075	0.920075	0.920074	0.00200514	6.07484e-05	3.78218e-12	0.00415438	0.0053545	0.920074	0.895506	0.0257821	0.0262737	0.00171238	0.00127549	0.00167391	1.01417	1.01416	1.01417	
0.993102	0.9931	0.993102	0.00420881	0.00181017	0.993101	0.993102	0.00149756	0.00655311	0.993102	0.993102	5.83862e-21	0.938458	0.938459	0.938457	0.00212159	4.54558e-05	3.74225e-12	0.0040429	0.00503576	0.938458	0.920075	0.0196406	0.0202275	0.00182866	0.0013032	0.00165848	1.01699	1.01699	1.01699	
0.993102	0.9931	0.993102	0.00395801	0.00175958	0.993101	0.993102	0.00147338	0.0058364	0.993102	0.993102	5.64216e-21	0.952214	0.952214	0.952213	0.00221413	3.40129e-05	3.66694e-12	0.00400857	0.00485028	0.952213	0.938459	0.015033	0.0157149	0.00192716	0.00131181	0.0016247	1.01976	1.01976	1.01976	
0.993102	0.9931	0.993102	0.00375132	0.00169814	0.993101	0.993102	0.00143792	0.00536585	0.993102	0.993102	5.37199e-21	0.962507	0.962507	0.962506	0.00228604	2.54506e-05	3.56707e-12	0.00403566	0.00476729	0.962506	0.952214	0.0115717	0.0123458	0.00200864	0.00130469	0.00157872	1.0225	1.02249	1.0225	
0.993102	0.9931	0.993102	0.00358341	0.00163068	0.993101	0.993102	0.0013949	0.00507749	0.993102	0.993102	5.05622e-21	0.970209	0.970209	0.970208	0.00234068	1.90438e-05	3.45083e-12	0.00411225	0.00476387	0.970208	0.962507	0.00896754	0.00982913	0.00207455	0.00128509	0.00152505	1.02518	1.02518	1.02518	
0.993102	0.993101	0.993102	0.00344883	0.00156053	0.993101	0.993102	0.00134704	0.00492411	0.993102	0.993102	4.71652e-21	0.975972	0.975972	0.975971	0.00238121	1.42498e-05	3.32442e-12	0.00422929	0.00482286	0.975971	0.970209	0.00700445	0.00794814	0.00212668	0.00125597	0.00146692	1.02783	1.02783	1.02783	
0.993102	0.993101	0.993102	0.00334242	0.00148997	0.993101	0.993102	0.0012964	0.00487097	0.993102	0.993102	4.36898e-21	0.980284	0.980284	0.980283	0.0024104	1.06626e-05	3.19251e-12	0.0043799	0.00493143	0.980283	0.975972	0.00552126	0.00654108	0.00216689	0.00121988	0.00140666	1.03043	1.03043	1.03043	
0.993102	0.993101	0.993102	0.00325953	0.00142051	0.993102	0.993102	0.00124448	0.00489262	0.993102	0.993102	4.02507e-21	0.983511	0.983511	0.983509	0.00243063	7.97842e-06	3.05851e-12	0.00455888	0.00508003	0.98351	0.980284	0.00439753	0.00548742	0.00219701	0.00117897	0.00134591	1.03299	1.03299	1.03299	
0.993102	0.993101	0.993102	0.00319611	0.00135312	0.993102	0.993102	0.00119238	0.00497026	0.993102	0.993102	3.69277e-21	0.985926	0.985926	0.985924	0.00244386	5.96996e-06	2.92501e-12	0.00476217	0.00526137	0.985925	0.983511	0.0035433	0.00469732	0.0022187	0.00113498	0.00128583	1.03551	1.03551	1.03551	
0.993102	0.993101	0.993102	0.0031487	0.00128839	0.993102	0.993102	0.00114089	0.00509022	0.993102	0.993102	3.37714e-21	0.987732	0.987732	0.98773	0.00245166	4.46711e-06	2.79381e-12	0.00498671	0.00547008	0.987731	0.985926	0.00289134	0.00410379	0.00223345	0.00108929	0.00122721	1.03799	1.03798	1.03799	
0.993102	0.993101	0.993102	0.00311438	0.00122666	0.993102	0.993102	0.00109058	0.00524249	0.993102	0.993102	3.08118e-21	0.989084	0.989084	0.989082	0.00245531	3.34257e-06	2.66618e-12	0.00523019	0.00570213	0.989083	0.987732	0.00239137	0.00365691	0.00224252	0.00104297	0.00117054	1.04043	1.04043	1.04043	
0.993102	0.993101	0.993102	0.00309073	0.00116804	0.993102	0.993102	0.00104181	0.00541985	0.993102	0.993102	2.80628e-21	0.990096	0.990096	0.990094	0.0024558	2.50113e-06	2.54295e-12	0.00549091	0.00595459	0.990095	0.989084	0.00200574	0.00331944	0.00224701	0.000996788	0.00111612	1.04282	1.04282	1.04282	
0.993102	0.993101	0.993102	0.00307575	0.00111263	0.993102	0.993102	0.000994889	0.00561655	0.993102	0.993102	2.5531e-21	0.990852	0.990852	0.99085	0.00245387	1.8715e-06	2.42479e-12	0.00576709	0.00622473	0.990851	0.990096	0.00170637	0.00306362	0.0022478	0.000951414	0.0010642	1.04517	1.04517	1.04517	
0.993102	0.993101	0.993102	0.0030678	0.00106035	0.993102	0.993102	0.000949938	0.00582886	0.993102	0.993102	2.32115e-21	0.991419	0.991419	0.991417	0.00245012	1.40038e-06	2.31195e-12	0.00605784	0.00651104	0.991418	0.990852	0.00147214	0.00286875	0.00224565	0.000907239	0.00101482	1.0475	1.0475	1.0475	
0.993102	0.993101	0.993102	0.00306555	0.00101104	0.993102	0.993102	0.000906999	0.00605421	0.993102	0.993102	2.10945e-21	0.991843	0.991843	0.99184	0.00244498	1.04785e-06	2.20448e-12	0.00636265	0.00681254	0.991842	0.991419	0.00128721	0.00271939	0.00224115	0.000864522	0.00096794	1.04977	1.04976	1.04976	
0.993102	0.993101	0.993102	0.00306792	0.00096468	0.993102	0.993102	0.000866197	0.00628957	0.993102	0.993102	1.91722e-21	0.99216	0.99216	0.992157	0.00243878	7.8407e-07	2.10262e-12	0.00667991	0.00712724	0.992159	0.991843	0.00113982	0.002604	0.0022348	0.000823546	0.000923634	1.052	1.052	1.052	
0.993102	0.993101	0.993102	0.00307405	0.000921066	0.993102	0.993102	0.00082746	0.00653383	0.993102	0.993102	1.74296e-21	0.992397	0.992397	0.992394	0.00243177	5.86692e-07	2.00616e-12	0.00700959	0.00745488	0.992396	0.99216	0.00102102	0.00251402	0.00222697	0.000784369	0.000881768	1.05422	1.05422	1.05422	
0.993102	0.993101	0.993102	0.00308323	0.000879952	0.993102	0.993102	0.000790668	0.00678665	0.993102	0.993102	1.585e-21	0.992574	0.992574	0.992572	0.00242413	4.39e-07	1.91476e-12	0.00735217	0.00779584	0.992573	0.992397	0.000924041	0.00244301	0.00221799	0.00074697	0.000842163	1.05639	1.05638	1.05639	
0.993102	0.993101	0.993102	0.00309492	0.000841285	0.993102	0.993102	0.000755849	0.0070461	0.993102	0.993102	1.44228e-21	0.992707	0.992707	0.992705	0.00241599	3.28488e-07	1.82846e-12	0.00770628	0.00814854	0.992706	0.992574	0.00084393	0.00238618	0.0022081	0.00071144	0.000804811	1.05851	1.05851	1.05851	
0.993102	0.993101	0.993102	0.00310867	0.000804909	0.993102	0.993102	0.000722929	0.00731149	0.993102	0.993102	1.31343e-21	0.992807	0.992807	0.992804	0.00240743	2.45796e-07	1.74703e-12	0.00807158	0.00851259	0.992806	0.992707	0.000776886	0.00233996	0.00219748	0.000677754	0.000769599	1.0606	1.0606	1.0606	
0.993102	0.993101	0.993102	0.00312413	0.000770679	0.993102	0.993102	0.000691822	0.00758223	0.993102	0.993102	1.19717e-21	0.992881	0.992881	0.992878	0.00239854	1.83921e-07	1.67025e-12	0.00844781	0.00888763	0.99288	0.992807	0.000720038	0.00230168	0.0021863	0.000645867	0.000736409	1.06265	1.06265	1.06265	
0.993102	0.993101	0.993102	0.003141	0.000738454	0.993102	0.993102	0.000662442	0.00785782	0.993102	0.993102	1.09229e-21	0.992937	0.992937	0.992934	0.00238937	1.37622e-07	1.59785e-12	0.0088347	0.00927338	0.992936	0.992881	0.000671211	0.00226936	0.00217468	0.000615716	0.000705127	1.06462	1.06462	1.06462	
0.993102	0.993101	0.993102	0.00315908	0.000708225	0.993102	0.993102	0.00063481	0.00813608	0.993102	0.993102	9.97955e-22	0.992978	0.992978	0.992975	0.00237996	1.02978e-07	1.52988e-12	0.00922995	0.00966742	0.992977	0.992937	0.000628852	0.00224151	0.00216271	0.000587332	0.000675757	1.0666	1.06659	1.0666	
0.993102	0.993101	0.993102	0.00317813	0.000679726	0.993102	0.993102	0.000608707	0.00841864	0.993102	0.993102	9.12798e-22	0.99301	0.99301	0.993006	0.00237036	7.70547e-08	1.46578e-12	0.00963553	0.0100718	0.993009	0.992978	0.000591586	0.00221703	0.0021505	0.000560523	0.000648055	1.06862	1.06862	1.06862	
0.993102	0.993101	0.993102	0.00319804	0.0006526	0.993102	0.993102	0.000583832	0.00870914	0.993102	0.993102	8.35376e-22	0.993033	0.993033	0.99303	0.00236058	5.76576e-08	1.40481e-12	0.0100559	0.0104912	0.993032	0.99301	0.000558254	0.0021951	0.00213809	0.000535015	0.000621688	1.07052	1.07051	1.07052	
0.993102	0.993101	0.993102	0.00321876	0.000627068	0.993102	0.993102	0.000560392	0.00900187	0.993102	0.993102	7.65545e-22	0.99305	0.99305	0.993047	0.0023506	4.31434e-08	1.34744e-12	0.0104849	0.0109191	0.993049	0.993033	0.000528365	0.00217503	0.00212549	0.000510981	0.000596867	1.07236	1.07236	1.07236	
0.993102	0.993101	0.993102	0.00324018	0.000603066	0.993102	0.993102	0.000538338	0.00929583	0.993102	0.993102	7.02609e-22	0.993063	0.993063	0.99306	0.00234046	3.22829e-08	1.29353e-12	0.0109213	0.0113543	0.993062	0.99305	0.000501379	0.0021564	0.00211276	0.000488375	0.000573535	1.07413	1.07412	1.07412	
0.993102	0.993101	0.993102	0.00326217	0.000580571	0.993102	0.993102	0.000517654	0.00958916	0.993102	0.993102	6.45998e-22	0.993073	0.993073	0.993069	0.0023302	2.41564e-08	1.24303e-12	0.0113627	0.0117944	0.993072	0.993063	0.000476905	0.00213888	0.00209994	0.000467178	0.00055167	1.07599	1.07599	1.07599	
0.993102	0.993101	0.993102	0.00328463	0.00055911	0.993102	0.993102	0.000497922	0.00988959	0.993102	0.993102	5.94383e-22	0.99308	0.99308	0.993077	0.00231986	1.80756e-08	1.19492e-12	0.0118184	0.0122489	0.993079	0.993073	0.000454292	0.00212225	0.00208711	0.000447017	0.000530822	1.07776	1.07775	1.07776	
0.993102	0.993101	0.993102	0.00330759	0.000538828	0.993102	0.993102	0.000479275	0.0101919	0.993102	0.993102	5.4762e-22	0.993086	0.993086	0.993082	0.0023094	1.35256e-08	1.14952e-12	0.0122826	0.0127119	0.993085	0.99308	0.000433429	0.00210627	0.00207422	0.000427989	0.00051113	1.07957	1.07956	1.07957	
0.993102	0.993101	0.993102	0.00333101	0.000519472	0.993102	0.993102	0.000461487	0.0105003	0.993102	0.993102	5.04917e-22	0.99309	0.99309	0.993086	0.00229884	1.0121e-08	1.10626e-12	0.0127604	0.0131887	0.993089	0.993086	0.000413955	0.00209079	0.00206131	0.000409888	0.000492349	1.08124	1.08123	1.08124	
0.993102	0.993101	0.993102	0.00335492	0.000501261	0.993102	0.993102	0.00044475	0.0108074	0.993102	0.993102	4.66307e-22	0.993093	0.993093	0.993089	0.00228815	7.57341e-09	1.0656e-12	0.0132432	0.0136703	0.993092	0.99309	0.000395905	0.00207567	0.00204834	0.000392865	0.000474686	1.08911	1.08911	1.08911	
0.993102	0.993101	0.993102	0.00337923	0.000471325	0.993102	0.993102	0.000417708	0.01151	0.993102	0.993102	4.13149e-22	0.993095	0.993095	0.993091	0.0022774	5.66712e-09	1.00036e-12	0.0142299	0.0146693	0.993094	0.993093	0.000369403	0.00206088	0.00203538	0.000367132	0.000445996	1.09602	1.09602	1.09602	
0.993102	0.993101	0.993102	0.003411	0.000436581	0.993102	0.993102	0.000386471	0.0124774	0.993102	0.993102	3.57195e-22	0.993097	0.993097	0.993092	0.00226229	4.24069e-09	9.25127e-13	0.015607	0.0160646	0.993096	0.993095	0.000339235	0.00204217	0.00201841	0.000337538	0.000412801	1.10185	1.10185	1.10185	
0.993102	0.993101	0.993102	0.00345365	0.000401451	0.993102	0.993102	0.000354928	0.0135835	0.993102	0.993102	3.04631e-22	0.993098	0.993098	0.993093	0.00224131	3.17332e-09	8.492e-13	0.0172507	0.0177267	0.993097	0.993097	0.000308681	0.00201796	0.00199594	0.000307414	0.000379267	1.10531	1.10531	1.10531	
0.993102	0.9931	0.993102	0.00350779	0.000370265	0.993102	0.993102	0.000326873	0.0146067	0.993102	0.993102	2.59782e-22	0.993099	0.993099	0.993094	0.00221485	2.37464e-09	7.81654e-13	0.0188873	0.0193747	0.993098	0.993098	0.00028103	0.00198851	0.00196821	0.000280083	0.000349465	1.10912	1.10911	1.10912	
0.993102	0.9931	0.993102	0.0035699	0.00034192	0.993102	0.993102	0.000301332	0.015616	0.993102	0.993102	2.21206e-22	0.9931	0.9931	0.993094	0.00218558	1.777e-09	7.20172e-13	0.02059	0.021085	0.993099	0.993099	0.000255735	0.00195624	0.00193761	0.000255028	0.000322357	1.1115	1.1115	1.1115	
0.993102	0.9931	0.993102	0.00363845	0.000317804	0.993102	0.993102	0.000279515	0.0164941	0.993102	0.993102	1.89447e-22	0.993101	0.993101	0.993094	0.00215467	1.3298e-09	6.67642e-13	0.0221891	0.0226855	0.9931	0.9931	0.000233828	0.00192227	0.00190521	0.000233301	0.000299243	1.11841	1.1184	1.11841	
0.993102	0.9931	0.993102	0.00370993	0.000291862	0.993102	0.993102	0.000256153	0.0177493	0.993102	0.993102	1.59614e-22	0.993101	0.993101	0.993094	0.00212411	9.9516e-10	6.11511e-13	0.02438	0.0248849	0.9931	0.993101	0.000211312	0.00188846	0.00187286	0.000210919	0.00027446	1.12232	1.12232	1.12232	
0.993102	0.9931	0.993102	0.00379178	0.000268479	0.993102	0.993102	0.000235074	0.0189714	0.993102	0.993102	1.34347e-22	0.993101	0.993101	0.993094	0.00209022	7.44752e-10	5.60886e-13	0.0266542	0.027164	0.9931	0.993101	0.000190896	0.0018516	0.00183738	0.000190604	0.000252113	1.12418	1.12418	1.12418	
0.993102	0.9931	0.993102	0.00388189	0.00024925	0.993102	0.993102	0.000217646	0.0199525	0.993102	0.993102	1.14059e-22	0.993102	0.993102	0.993094	0.00205457	5.57378e-10	5.19019e-13	0.0286889	0.0291962	0.993101	0.993101	0.000173659	0.00181306	0.00180014	0.000173441	0.000233683	1.12822	1.12822	1.12822	
0.993102	0.9931	0.993102	0.00397413	0.000231205	0.993102	0.993102	0.000201296	0.0210365	0.993102	0.993102	9.66551e-23	0.993102	0.993102	0.993093	0.00202027	4.17164e-10	4.79781e-13	0.0309457	0.0314512	0.993101	0.993102	0.000157817	0.00177562	0.00176388	0.000157656	0.000216397	1.13159	1.13159	1.13159	
0.993102	0.9931	0.993102	0.00407086	0.000214881	0.993102	0.993102	0.000186491	0.0221217	0.993102	0.993102	8.20124e-23	0.993102	0.993102	0.993093	0.00198615	3.1224e-10	4.44275e-13	0.0332962	0.0337989	0.993101	0.993102	0.000143588	0.00173836	0.00172769	0.000143468	0.000200756	1.13937	1.13937	1.13937	
0.993102	0.9931	0.993102	0.00417187	0.00019671	0.993102	0.993102	0.000170184	0.0238175	0.993102	0.993102	6.83248e-23	0.993102	0.993102	0.993093	0.00195237	2.33717e-10	4.05249e-13	0.0367148	0.0372242	0.993101	0.993102	0.000128797	0.00170144	0.00169175	0.000128708	0.000183455	1.13948	1.13948	1.13948	
0.993102	0.9931	0.993102	0.00429118	0.00018312	0.993102	0.993102	0.000157853	0.024861	0.993102	0.993102	5.78353e-23	0.993102	0.993102	0.993092	0.00191353	1.7496e-10	3.75717e-13	0.0393314	0.0398349	0.993101	0.993102	0.000116972	0.00166021	0.00165144	0.000116907	0.000170437	1.14215	1.14215	1.14215	
0.993102	0.9931	0.993102	0.00441098	0.000171172	0.993102	0.993102	0.000146972	0.0258642	0.993102	0.993102	4.91962e-23	0.993102	0.993102	0.993092	0.00187735	1.30991e-10	3.49668e-13	0.0419447	0.0424411	0.993101	0.993102	0.00010665	0.00162118	0.00161324	0.000106602	0.000158972	1.14018	1.14018	1.14018	
0.993102	0.993099	0.993102	0.00453094	0.000163696	0.993102	0.993102	0.000139916	0.0262043	0.993102	0.993102	4.31046e-23	0.993102	0.993102	0.993092	0.00184362	9.80928e-11	3.3274e-13	0.0434757	0.043955	0.993101	0.993102	9.92989e-05	0.00158429	0.00157709	9.92638e-05	0.000151655	1.1435	1.1435	1.1435	
0.993102	0.993099	0.993102	0.00463516	0.000155901	0.993102	0.993102	0.000132647	0.026865	0.993102	0.993102	3.77401e-23	0.993102	0.993102	0.993091	0.00181756	7.34717e-11	3.15339e-13	0.0454427	0.0459109	0.993101	0.993102	9.24229e-05	0.00155407	0.00154748	9.23975e-05	0.000144081	1.14323	1.14323	1.14323	
0.993102	0.993099	0.993102	0.00473505	0.000150322	0.993102	0.993102	0.000127299	0.0272277	0.993102	0.993102	3.37237e-23	0.993102	0.993102	0.993091	0.00179419	5.5049e-11	3.02525e-13	0.04688	0.0473342	0.993101	0.993102	8.71359e-05	0.00152651	0.00152046	8.71178e-05	0.000138577	1.14519	1.14518	1.14519	
0.993102	0.993099	0.993102	0.00482418	0.000144926	0.993102	0.993102	0.00012217	0.027721	0.993102	0.993102	3.02797e-23	0.993102	0.993102	0.993091	0.00177533	4.12611e-11	2.90252e-13	0.0484704	0.0489138	0.993101	0.993102	8.23662e-05	0.00150319	0.00149758	8.23535e-05	0.000133281	1.14709	1.14709	1.14709	
0.993102	0.993099	0.993102	0.00490824	0.000139736	0.993102	0.993102	0.00011728	0.0282924	0.993102	0.993102	2.72951e-23	0.993102	0.993102	0.993091	0.00175855	3.09416e-11	2.78566e-13	0.0501788	0.0506138	0.993101	0.993102	7.79938e-05	0.00148213	0.0014769	7.79852e-05	0.000128212	1.15171	1.15171	1.15171	
0.993102	0.993099	0.993102	0.00499052	0.000133142	0.993102	0.993102	0.0001113	0.029334	0.993102	0.993102	2.42423e-23	0.993102	0.993102	0.993091	0.00174259	2.32139e-11	2.64307e-13	0.0527495	0.0531829	0.993101	0.993102	7.31092e-05	0.00146224	0.00145735	7.31036e-05	0.000121907	1.15312	1.15312	1.15312	
0.993102	0.993099	0.993102	0.00508424	0.000127462	0.993102	0.993102	0.000106133	0.03017	0.993102	0.993102	2.16798e-23	0.993102	0.993102	0.99309	0.00172328	1.74298e-11	2.51986e-13	0.0551106	0.0555402	0.993101	0.993102	6.87482e-05	0.00144	0.00143542	6.87448e-05	0.000116466	1.15652	1.15652	1.15652	
0.993102	0.993099	0.993102	0.00518228	0.000121434	0.993102	0.993102	0.000100724	0.0312113	0.993102	0.993102	1.92668e-23	0.993102	0.993102	0.99309	0.00170348	1.30979e-11	2.39103e-13	0.0579384	0.0583669	0.993101	0.993102	6.43444e-05	0.00141755	0.00141327	6.43427e-05	0.000110736	1.15757	1.15757	1.15757	
0.993102	0.993099	0.993102	0.00529012	0.000116433	0.993102	0.993102	9.61915e-05	0.0319908	0.993102	0.993102	1.72809e-23	0.993102	0.993102	0.993089	0.00168177	9.85532e-12	2.28305e-13	0.0604227	0.0608472	0.993101	0.993102	6.05196e-05	0.00139369	0.00138968	6.0519e-05	0.000105956	1.15449	1.15449	1.15449	
0.993102	0.993098	0.993102	0.00539918	0.000114375	0.993102	0.993102	9.40744e-05	0.0319518	0.993102	0.993102	1.61269e-23	0.993102	0.993102	0.993089	0.001661	7.43248e-12	2.23243e-13	0.0613649	0.0617769	0.993101	0.993102	5.82396e-05	0.00137062	0.00136687	5.824e-05	0.000103845	1.15388	1.15388	1.15388	
0.993102	0.993098	0.993102	0.00548598	0.000113232	0.993102	0.993102	9.27139e-05	0.0318336	0.993102	0.993102	1.53525e-23	0.993102	0.993102	0.99309	0.00164755	5.62027e-12	2.19983e-13	0.0619204	0.0623203	0.993101	0.993102	5.67035e-05	0.00135358	0.00135003	5.67046e-05	0.000102569	1.15889	1.15889	1.15889	
0.993102	0.993098	0.993102	0.00555256	0.000109787	0.993102	0.993102	8.95342e-05	0.0325701	0.993102	0.993102	1.41878e-23	0.993102	0.993102	0.993089	0.00163987	4.25866e-12	2.12416e-13	0.0639325	0.0643307	0.993101	0.993102	5.43317e-05	0.0013416	0.00133821	5.43334e-05	9.92448e-05	1.16138	1.16137	1.16138	
0.993102	0.993098	0.993102	0.00562773	0.000106026	0.993102	0.993102	8.61506e-05	0.0334209	0.993102	0.993102	1.3028e-23	0.993102	0.993102	0.993089	0.00162927	3.23723e-12	2.04369e-13	0.0662961	0.0666941	0.993101	0.993102	5.18135e-05	0.00132779	0.00132454	5.18155e-05	9.5665e-05	1.16134	1.16134	1.16134	
0.993102	0.993098	0.993102	0.00571368	0.000103265	0.993102	0.993102	8.36028e-05	0.0339033	0.993102	0.993102	1.21262e-23	0.993102	0.993102	0.993089	0.00161577	2.47297e-12	1.98306e-13	0.0680826	0.0684769	0.993101	0.993102	4.97483e-05	0.00131195	0.00130885	4.97506e-05	9.30008e-05	1.16409	1.16409	1.16409	
0.993102	0.993098	0.993102	0.00579775	9.99592e-05	0.993102	0.993102	8.06416e-05	0.0346605	0.993102	0.993102	1.1187e-23	0.993102	0.993102	0.993088	0.00160324	1.89839e-12	1.91265e-13	0.0704158	0.0708094	0.993101	0.993102	4.7516e-05	0.00129701	0.00129405	4.75185e-05	8.98616e-05	1.16496	1.16496	1.16496	
0.993102	0.993098	0.993102	0.00588901	9.71332e-05	0.993102	0.993102	7.8084e-05	0.0352462	0.993102	0.993102	1.03847e-23	0.993102	0.993102	0.993088	0.00158928	1.46763e-12	1.85184e-13	0.0725104	0.0729018	0.993101	0.993102	4.55161e-05	0.00128106	0.00127823	4.55188e-05	8.71629e-05	1.16481	1.16481	1.16481	
0.993102	0.993098	0.993102	0.00598123	9.51273e-05	0.993102	0.993102	7.61907e-05	0.0355527	0.993102	0.993102	9.7764e-24	0.993102	0.993102	0.993088	0.00157573	1.14544e-12	1.8068e-13	0.0740596	0.0744463	0.993101	0.993102	4.39331e-05	0.00126548	0.00126277	4.39358e-05	8.5203e-05	1.16354	1.16354	1.16354	
0.993102	0.993098	0.993102	0.00606573	9.42486e-05	0.993102	0.993102	7.51986e-05	0.035506	0.993102	0.993102	9.41706e-24	0.993102	0.993102	0.993088	0.00156466	9.05584e-13	1.78314e-13	0.0747944	0.0751737	0.993101	0.993102	4.29413e-05	0.00125192	0.00124932	4.29442e-05	8.42519e-05	1.16293	1.16292	1.16293	
0.993102	0.993097	0.993102	0.00613287	9.39157e-05	0.993102	0.993102	7.46495e-05	0.0353741	0.993102	0.993102	9.206e-24	0.993102	0.993102	0.993088	0.00155805	7.26704e-13	1.77002e-13	0.0751571	0.075529	0.993101	0.993102	4.23329e-05	0.00124205	0.00123954	4.23359e-05	8.3793e-05	1.16447	1.16447	1.16447	
0.993102	0.993097	0.993102	0.0061832	9.29857e-05	0.993102	0.993102	7.36557e-05	0.0355646	0.993102	0.993102	8.92679e-24	0.993102	0.993102	0.993088	0.00155517	5.91362e-13	1.74637e-13	0.076008	0.0763764	0.993101	0.993102	4.15935e-05	0.00123547	0.00123302	4.15965e-05	8.28184e-05	1.16348	1.16348	1.16348	
0.993102	0.993097	0.993102	0.00623013	9.27678e-05	0.993102	0.993102	7.32496e-05	0.0355021	0.993102	0.993102	8.79427e-24	0.993102	0.993102	0.993088	0.00155233	4.91042e-13	1.73667e-13	0.0763062	0.0766695	0.993101	0.993102	4.12e-05	0.00122937	0.00122697	4.12032e-05	8.24914e-05	1.16777	1.16777	1.16777	
0.993102	0.993097	0.993102	0.00626627	9.07191e-05	0.993102	0.993102	7.14397e-05	0.0362323	0.993102	0.993102	8.36571e-24	0.993102	0.993102	0.993088	0.00155143	4.11986e-13	1.69371e-13	0.0781414	0.0785073	0.993101	0.993102	4.0089e-05	0.00122518	0.00122283	4.00922e-05	8.05601e-05	1.16779	1.16779	1.16779	
0.993102	0.993097	0.993102	0.00631916	8.91938e-05	0.993102	0.993102	7.00668e-05	0.0366468	0.993102	0.993102	8.01902e-24	0.993102	0.993102	0.993088	0.00154568	3.52814e-13	1.6611e-13	0.0795385	0.0799041	0.993101	0.993102	3.91198e-05	0.0012176	0.0012153	3.9123e-05	7.91075e-05	1.16745	1.16744	1.16745	
0.993102	0.993097	0.993102	0.00637572	8.82219e-05	0.993102	0.993102	6.91357e-05	0.0368187	0.993102	0.993102	7.77096e-24	0.993102	0.993102	0.993087	0.00153902	3.08843e-13	1.63897e-13	0.0804743	0.0808377	0.993101	0.993102	3.83813e-05	0.00120943	0.00120719	3.83846e-05	7.81496e-05	1.16916	1.16915	1.16916	
0.993102	0.993097	0.993102	0.00642743	8.67973e-05	0.993102	0.993102	6.78597e-05	0.0372288	0.993102	0.993102	7.46463e-24	0.993102	0.993102	0.993087	0.00153359	2.74436e-13	1.60868e-13	0.0818632	0.0822266	0.993101	0.993102	3.74926e-05	0.00120228	0.00120009	3.74959e-05	7.67963e-05	1.16975	1.16975	1.16975	
0.993102	0.993097	0.993102	0.00648315	8.55078e-05	0.993102	0.993102	6.66982e-05	0.0375694	0.993102	0.993102	7.18518e-24	0.993102	0.993102	0.993087	0.00152721	2.48178e-13	1.58109e-13	0.0831606	0.0835234	0.993101	0.993102	3.66532e-05	0.0011945	0.00119235	3.66566e-05	7.55674e-05	1.1699	1.16989	1.16989	
0.993102	0.993097	0.993102	0.00653998	8.45067e-05	0.993102	0.993102	6.57652e-05	0.0377874	0.993102	0.993102	6.9578e-24	0.993102	0.993102	0.993087	0.00152071	2.28407e-13	1.55893e-13	0.0842132	0.0845744	0.993101	0.993102	3.59421e-05	0.00118665	0.00118455	3.59454e-05	7.45954e-05	1.16835	1.16834	1.16835	
0.993102	0.993097	0.993102	0.00659369	8.44269e-05	0.993102	0.993102	6.55468e-05	0.0376271	0.993102	0.993102	6.88318e-24	0.993102	0.993102	0.993087	0.00151507	2.14955e-13	1.55371e-13	0.0844116	0.0847684	0.993101	0.993102	3.56393e-05	0.0011795	0.00117744	3.56427e-05	7.44353e-05	1.16739	1.16739	1.16739	
0.993102	0.993097	0.993102	0.00663211	8.48007e-05	0.993102	0.993102	6.56817e-05	0.0373645	0.993102	0.993102	6.90037e-24	0.993102	0.993102	0.993087	0.00151287	2.05742e-13	1.55687e-13	0.0842088	0.0845607	0.993101	0.993102	3.56106e-05	0.00117508	0.00117306	3.56141e-05	7.46759e-05	1.16609	1.16608	1.16609	
0.993102	0.993097	0.993102	0.0066546	8.56675e-05	0.993102	0.993102	6.6208e-05	0.0369856	0.993102	0.993102	7.01783e-24	0.993102	0.993102	0.993087	0.00151381	2.00031e-13	1.56933e-13	0.0835753	0.083922	0.993101	0.993102	3.58732e-05	0.00117332	0.00117131	3.58767e-05	7.53561e-05	1.16579	1.16578	1.16579	
0.993102	0.993097	0.993102	0.00666022	8.64593e-05	0.993102	0.993102	6.66965e-05	0.0367162	0.993102	0.993102	7.14319e-24	0.993102	0.993102	0.993088	0.00151775	1.96035e-13	1.5809e-13	0.0829962	0.0833394	0.993101	0.993102	3.61957e-05	0.00117424	0.00117224	3.61993e-05	7.59821e-05	1.16376	1.16376	1.16376	
0.993102	0.993097	0.993102	0.00665582	8.79804e-05	0.993102	0.993102	6.77708e-05	0.036213	0.993102	0.993102	7.40835e-24	0.993102	0.993102	0.993088	0.00152286	1.94965e-13	1.60636e-13	0.0818144	0.0821529	0.993101	0.993102	3.68772e-05	0.00117653	0.00117453	3.68809e-05	7.72624e-05	1.16606	1.16606	1.16606	
0.993102	0.993097	0.993102	0.00663556	8.80692e-05	0.993102	0.993102	6.7773e-05	0.0363224	0.993102	0.993102	7.44424e-24	0.993102	0.993102	0.993088	0.00153053	1.91993e-13	1.60642e-13	0.0817788	0.0821184	0.993101	0.993102	3.70413e-05	0.00118128	0.00117926	3.70451e-05	7.73026e-05	1.16425	1.16424	1.16425	
0.993102	0.993097	0.993102	0.00662267	8.89473e-05	0.993102	0.993102	6.84118e-05	0.0360686	0.993102	0.993102	7.60878e-24	0.993102	0.993102	0.993088	0.00153509	1.91472e-13	1.62158e-13	0.0810708	0.0814086	0.993101	0.993102	3.74916e-05	0.00118417	0.00118214	3.74955e-05	7.80525e-05	1.16953	1.16952	1.16952	
0.993102	0.993097	0.993102	0.00660382	8.72899e-05	0.993102	0.993102	6.71207e-05	0.036878	0.993102	0.993102	7.3519e-24	0.993102	0.993102	0.993087	0.00154029	1.86292e-13	1.59099e-13	0.0825541	0.0828993	0.993101	0.993102	3.68941e-05	0.00118787	0.00118582	3.6898e-05	7.65888e-05	1.17034	1.17033	1.17034	
0.993102	0.993097	0.993102	0.00661523	8.5709e-05	0.993102	0.993102	6.59044e-05	0.0374834	0.993102	0.993102	7.08037e-24	0.993102	0.993102	0.993087	0.00153762	1.81725e-13	1.56215e-13	0.0839843	0.0843345	0.993101	0.993102	3.6165e-05	0.00118578	0.00118374	3.6169e-05	7.5201e-05	1.16939	1.16939	1.16939	
0.993102	0.993097	0.993102	0.00664483	8.49207e-05	0.993102	0.993102	6.52899e-05	0.0376454	0.993102	0.993102	6.91871e-24	0.993102	0.993102	0.993087	0.00153117	1.79116e-13	1.54757e-13	0.0846807	0.0850317	0.993101	0.993102	3.5678e-05	0.00118063	0.00117861	3.56819e-05	7.45043e-05	1.16817	1.16816	1.16817	
0.993102	0.993097	0.993102	0.00667445	8.48575e-05	0.993102	0.993102	6.52153e-05	0.0375144	0.993102	0.993102	6.87434e-24	0.993102	0.993102	0.993087	0.00152557	1.78229e-13	1.54579e-13	0.0847326	0.0850816	0.993101	0.993102	3.5498e-05	0.00117582	0.00117382	3.55019e-05	7.44335e-05	1.16934	1.16934	1.16934	
0.993102	0.993097	0.993102	0.0066942	8.43291e-05	0.993102	0.993102	6.47713e-05	0.0376535	0.993102	0.993102	6.76869e-24	0.993102	0.993102	0.993087	0.00152282	1.76543e-13	1.53525e-13	0.0852453	0.0855946	0.993101	0.993102	3.51821e-05	0.00117299	0.001171	3.5186e-05	7.3948e-05	1.1657	1.1657	1.1657	
0.993102	0.993097	0.993102	0.00671503	8.55151e-05	0.993102	0.993102	6.56377e-05	0.0370849	0.993102	0.993102	6.93966e-24	0.993102	0.993102	0.993087	0.00152001	1.7854e-13	1.55577e-13	0.0842295	0.0845731	0.993101	0.993102	3.55705e-05	0.00117005	0.00116808	3.55745e-05	7.49624e-05	1.1671	1.16709	1.1671	
0.993102	0.993097	0.993102	0.00671283	8.57944e-05	0.993102	0.993102	6.58065e-05	0.0370036	0.993102	0.993102	6.98685e-24	0.993102	0.993102	0.993087	0.00152257	1.78757e-13	1.55977e-13	0.0840062	0.0843488	0.993101	0.993102	3.57095e-05	0.0011712	0.00116923	3.57136e-05	7.51812e-05	1.16644	1.16643	1.16644	
0.993102	0.993097	0.993102	0.0067083	8.62911e-05	0.993102	0.993102	6.61547e-05	0.0368406	0.993102	0.993102	7.07291e-24	0.993102	0.993102	0.993087	0.00152508	1.79516e-13	1.56802e-13	0.0835866	0.0839277	0.993101	0.993102	3.5949e-05	0.00117255	0.00117057	3.59531e-05	7.55977e-05	1.16583	1.16583	1.16583	
0.993102	0.993097	0.993102	0.00669916	8.69298e-05	0.993102	0.993102	6.66227e-05	0.0366412	0.993102	0.993102	7.18853e-24	0.993102	0.993102	0.993088	0.00152814	1.80642e-13	1.57912e-13	0.0830414	0.083381	0.993101	0.993102	3.62711e-05	0.00117452	0.00117254	3.62752e-05	7.61449e-05	1.16397	1.16397	1.16397	
0.993102	0.993097	0.993102	0.00668505	8.8251e-05	0.993102	0.993102	6.76254e-05	0.0362059	0.993102	0.993102	7.42934e-24	0.993102	0.993102	0.993088	0.00153183	1.83241e-13	1.6029e-13	0.0819402	0.0822766	0.993101	0.993102	3.69062e-05	0.0011772	0.0011752	3.69105e-05	7.72967e-05	1.15992	1.15991	1.15992	
0.993102	0.993097	0.993102	0.00665913	9.11927e-05	0.993102	0.993102	6.9883e-05	0.0352868	0.993102	0.993102	7.99111e-24	0.993102	0.993102	0.993088	0.00153776	1.89247e-13	1.65643e-13	0.0796806	0.0800102	0.993101	0.993102	3.82993e-05	0.00118181	0.0011798	3.83038e-05	7.98758e-05	1.16089	1.16088	1.16089	
0.993102	0.993097	0.993102	0.006608	9.28957e-05	0.993102	0.993102	7.12108e-05	0.0349051	0.993102	0.993102	8.36088e-24	0.993102	0.993102	0.993088	0.00154902	1.92737e-13	1.68795e-13	0.0783118	0.0786403	0.993101	0.993102	3.93304e-05	0.00119088	0.00118882	3.93351e-05	8.13811e-05	1.162	1.16199	1.162	
0.993102	0.993097	0.993102	0.00655415	9.3604e-05	0.993102	0.993102	7.18085e-05	0.0348683	0.993102	0.993102	8.54942e-24	0.993102	0.993102	0.993088	0.00155967	1.94227e-13	1.70216e-13	0.0776549	0.0779858	0.993101	0.993102	3.9948e-05	0.00120002	0.00119792	3.99528e-05	8.20334e-05	1.16288	1.16287	1.16288	
0.993102	0.993097	0.993102	0.00650922	9.36879e-05	0.993102	0.993102	7.19522e-05	0.0349973	0.993102	0.993102	8.61047e-24	0.993102	0.993102	0.993088	0.00156708	1.94471e-13	1.7056e-13	0.0774552	0.0777901	0.993101	0.993102	4.02342e-05	0.0012071	0.00120496	4.02394e-05	8.21523e-05	1.16155	1.16154	1.16155	
0.993102	0.993097	0.993102	0.00647684	9.43674e-05	0.993102	0.993102	7.25686e-05	0.0348468	0.993102	0.993102	8.76937e-24	0.993102	0.993102	0.993088	0.00157091	1.95984e-13	1.72024e-13	0.0768184	0.0771556	0.993101	0.993102	4.07002e-05	0.00121161	0.00120944	4.07065e-05	8.28005e-05	1.1652	1.16518	1.16519	
0.993102	0.993097	0.993102	0.00644574	9.31533e-05	0.993102	0.993102	7.17229e-05	0.0353931	0.993102	0.993102	8.57716e-24	0.993102	0.993102	0.993088	0.00157447	1.93567e-13	1.70022e-13	0.0776409	0.0779871	0.993101	0.993102	4.0333e-05	0.00121591	0.00121372	4.03405e-05	8.17834e-05	1.16176	1.16174	1.16176	
0.993102	0.993097	0.993102	0.00643796	9.38334e-05	0.993102	0.993102	7.23409e-05	0.0351137	0.993102	0.993102	8.70393e-24	0.993102	0.993102	0.993088	0.00157236	1.95101e-13	1.71488e-13	0.0770073	0.0773556	0.993101	0.993102	4.06459e-05	0.00121577	0.00121356	4.06555e-05	8.24304e-05	1.14349	1.14344	1.14349	
0.993102	0.993097	0.993102	0.00642268	0.000104976	0.993102	0.993102	8.10413e-05	0.0323649	0.993102	0.993102	1.12886e-23	0.993102	0.993102	0.993089	0.00157314	2.18464e-13	1.92117e-13	0.0710454	0.0713804	0.993101	0.993102	4.55794e-05	0.00121737	0.00121516	4.56032e-05	9.22564e-05	1.14375	1.14369	1.14375	
0.993102	0.993097	0.993102	0.0063247	0.000113121	0.993102	0.993102	8.7423e-05	0.0306788	0.993102	0.993102	1.34406e-23	0.993102	0.993102	0.99309	0.00159585	2.35584e-13	2.07262e-13	0.0666363	0.0669707	0.993101	0.993102	5.00466e-05	0.00123606	0.00123375	5.0084e-05	9.94493e-05	1.13952	1.13946	1.13952	
0.993102	0.993097	0.993102	0.00619543	0.000122185	0.993102	0.993102	9.46168e-05	0.0291077	0.993102	0.993102	1.61621e-23	0.993102	0.993102	0.993091	0.00162551	2.54763e-13	2.24341e-13	0.0622696	0.062604	0.993101	0.993102	5.53897e-05	0.00126129	0.00125881	5.54425e-05	0.000107509	1.14311	1.14307	1.14311	
0.993102	0.993098	0.993102	0.00604622	0.00012627	0.993102	0.993102	9.80463e-05	0.0285823	0.993102	0.993102	1.75338e-23	0.993102	0.993102	0.993091	0.00165892	2.63639e-13	2.325e-13	0.0598443	0.0601844	0.993101	0.993102	5.86774e-05	0.001291	0.00128831	5.87331e-05	0.000111259	1.14495	1.1449	1.14495	
0.993102	0.993098	0.993102	0.00591156	0.00012797	0.993102	0.993102	9.97097e-05	0.0285101	0.993102	0.993102	1.82142e-23	0.993102	0.993102	0.993091	0.00168594	2.67657e-13	2.36468e-13	0.0584547	0.0588058	0.993101	0.993102	6.06924e-05	0.00131694	0.00131407	6.07514e-05	0.000112953	1.14788	1.14784	1.14788	
0.993102	0.993098	0.993102	0.00580137	0.000127249	0.993102	0.993102	9.95214e-05	0.0288822	0.993102	0.993102	1.81527e-23	0.993102	0.993102	0.993091	0.00170428	2.66637e-13	2.3604e-13	0.0581585	0.0585205	0.993101	0.993102	6.12673e-05	0.00133689	0.00133385	6.13235e-05	0.000112537	1.15086	1.15082	1.15085	
0.993102	0.993098	0.993102	0.00572308	0.000124826	0.993102	0.993102	9.7993e-05	0.0295504	0.993102	0.993102	1.75601e-23	0.993102	0.993102	0.99309	0.00171275	2.62034e-13	2.32427e-13	0.0587375	0.0591109	0.993101	0.993102	6.06709e-05	0.0013492	0.00134606	6.07225e-05	0.00011061	1.15046	1.15043	1.15045	
0.993102	0.993098	0.993102	0.00567868	0.000123204	0.993102	0.993102	9.70754e-05	0.0298866	0.993102	0.993102	1.71206e-23	0.993102	0.993102	0.99309	0.00171191	2.59088e-13	2.30257e-13	0.0590373	0.0594158	0.993101	0.993102	6.01452e-05	0.00135377	0.00135057	6.01922e-05	0.000109382	1.14808	1.14805	1.14808	
0.993102	0.993098	0.993102	0.00565237	0.000123413	0.993102	0.993102	9.75665e-05	0.02974	0.993102	0.993102	1.71558e-23	0.993102	0.993102	0.99309	0.00170768	2.59956e-13	2.31425e-13	0.0585898	0.058968	0.993101	0.993102	6.03658e-05	0.00135486	0.00135165	6.04109e-05	0.000109756	1.14758	1.14755	1.14758	
0.993102	0.993098	0.993102	0.00562712	0.000123869	0.993102	0.993102	9.81994e-05	0.0295791	0.993102	0.993102	1.72808e-23	0.993102	0.993102	0.99309	0.00170529	2.6127e-13	2.32929e-13	0.0581123	0.0584889	0.993101	0.993102	6.07317e-05	0.00135669	0.00135345	6.07746e-05	0.00011032	1.13988	1.13985	1.13988	
0.993102	0.993098	0.993102	0.00560235	0.000129437	0.993102	0.993102	0.000102881	0.0284597	0.993102	0.993102	1.89935e-23	0.993102	0.993102	0.993091	0.00170444	2.73368e-13	2.44039e-13	0.0558123	0.0561762	0.993101	0.993102	6.36544e-05	0.00135916	0.00135591	6.36975e-05	0.000115434	1.12891	1.12888	1.1289	
0.993102	0.993098	0.993102	0.0055517	0.000142593	0.993102	0.993102	0.000113616	0.0265149	0.993102	0.993102	2.38227e-23	0.993102	0.993102	0.993092	0.00171299	3.01518e-13	2.69517e-13	0.0517524	0.0520941	0.993101	0.993102	7.08226e-05	0.00136886	0.00136554	7.08674e-05	0.000127331	1.13019	1.13016	1.13018	
0.993102	0.993098	0.993102	0.00545929	0.000151226	0.993102	0.993102	0.000120759	0.025402	0.993102	0.993102	2.73087e-23	0.993102	0.993102	0.993092	0.0017357	3.20122e-13	2.86494e-13	0.0489466	0.0492797	0.993101	0.993102	7.64967e-05	0.00139023	0.00138672	7.65418e-05	0.000135201	1.12466	1.12464	1.12466	
0.993102	0.993099	0.993102	0.00535669	0.000162785	0.993102	0.993102	0.00013035	0.0241112	0.993102	0.993102	3.25048e-23	0.993102	0.993102	0.993093	0.00176113	3.45075e-13	3.09292e-13	0.0457973	0.0461204	0.993101	0.993102	8.40768e-05	0.00141456	0.00141083	8.41242e-05	0.000145749	1.12982	1.1298	1.12982	
0.993102	0.993099	0.993102	0.00524238	0.00016647	0.993102	0.993102	0.000133681	0.0238335	0.993102	0.993102	3.43776e-23	0.993102	0.993102	0.993093	0.00179018	3.53389e-13	3.17242e-13	0.0443721	0.0447002	0.993101	0.993102	8.77513e-05	0.0014427	0.00143868	8.77972e-05	0.000149275	1.1119	1.11187	1.1119	
0.993102	0.993099	0.993102	0.0051444	0.000188329	0.993102	0.993102	0.000151873	0.0219328	0.993102	0.993102	4.63889e-23	0.993102	0.993102	0.993094	0.00181242	4.00665e-13	3.60476e-13	0.0403307	0.0406402	0.993101	0.993102	0.000101406	0.00146595	0.00146168	0.000101461	0.000169241	1.11369	1.11366	1.11369	
0.993102	0.993099	0.993102	0.00502072	0.000202302	0.993102	0.993102	0.000163761	0.0208228	0.993102	0.993102	5.46578e-23	0.993102	0.993102	0.993094	0.00184533	4.31254e-13	3.88787e-13	0.0375357	0.0378423	0.993101	0.993102	0.000111704	0.00149861	0.00149393	0.000111768	0.000182155	1.12776	1.12773	1.12776	
0.993102	0.993099	0.993102	0.00489668	0.000197579	0.993102	0.993102	0.000160459	0.0215226	0.993102	0.993102	5.24859e-23	0.993102	0.993102	0.993094	0.00187833	4.21892e-13	3.81016e-13	0.0377136	0.0380469	0.993101	0.993102	0.00011123	0.00153227	0.00152714	0.000111295	0.000178204	1.11756	1.11753	1.11756	
0.993102	0.993099	0.993102	0.00481423	0.000204356	0.993102	0.993102	0.000166679	0.0209047	0.993102	0.993102	5.6411e-23	0.993102	0.993102	0.993094	0.00189374	4.37331e-13	3.95844e-13	0.0361095	0.0364434	0.993101	0.993102	0.000116656	0.00155169	0.00154627	0.000116726	0.000184722	1.10867	1.10864	1.10867	
0.993102	0.993099	0.993102	0.00473461	0.000220303	0.993102	0.993102	0.000180494	0.0197233	0.993102	0.993102	6.69301e-23	0.993102	0.993102	0.993094	0.00190964	4.72553e-13	4.28727e-13	0.0336452	0.0339685	0.993101	0.993102	0.000127717	0.00157135	0.00156565	0.000127795	0.000199596	1.12176	1.12173	1.12176	
0.993102	0.993099	0.993102	0.00464491	0.000216626	0.993102	0.993102	0.000178061	0.0201605	0.993102	0.993102	6.50543e-23	0.993102	0.993102	0.993094	0.00193155	4.65441e-13	4.23013e-13	0.0336953	0.0340381	0.993101	0.993102	0.000127431	0.00159611	0.00159003	0.000127507	0.000196599	1.1247	1.12467	1.1247	
0.993102	0.993099	0.993102	0.00458352	0.000210828	0.993102	0.993102	0.000173853	0.0207591	0.993102	0.993102	6.18486e-23	0.993102	0.993102	0.993094	0.00194185	4.53734e-13	4.13057e-13	0.0342161	0.0345782	0.993101	0.993102	0.000125132	0.00161093	0.0016046	0.00012521	0.00019165	1.13493	1.1349	1.13493	
0.993102	0.993099	0.993102	0.00454822	0.000197427	0.993102	0.993102	0.00016323	0.0223779	0.993102	0.993102	5.49113e-23	0.993102	0.993102	0.993093	0.00194247	4.25458e-13	3.87832e-13	0.0365511	0.036946	0.993101	0.993102	0.000117614	0.00161699	0.00161055	0.000117687	0.000179707	1.1438	1.14377	1.1438	
0.993102	0.993099	0.993102	0.00455706	0.000180938	0.993102	0.993102	0.000149917	0.024619	0.993102	0.993102	4.69459e-23	0.993102	0.993102	0.993092	0.00192676	3.90336e-13	3.56189e-13	0.0403125	0.0407445	0.993101	0.993102	0.000107451	0.00160825	0.00160188	0.000107518	0.000164874	1.13634	1.13631	1.13633	
0.993102	0.993099	0.993102	0.00461706	0.000173962	0.993102	0.993102	0.00014442	0.0249395	0.993102	0.993102	4.26788e-23	0.993102	0.993102	0.993092	0.00189456	3.75651e-13	3.43096e-13	0.0414214	0.0418549	0.993101	0.993102	0.000101988	0.00158404	0.00157792	0.000102051	0.000158668	1.13597	1.13593	1.13597	
0.993102	0.993099	0.993102	0.00467272	0.000169075	0.993102	0.993102	0.000140504	0.0250933	0.993102	0.993102	3.95592e-23	0.993102	0.993102	0.993092	0.00186883	3.65302e-13	3.33755e-13	0.0421865	0.04262	0.993101	0.993102	9.79188e-05	0.00156341	0.00155754	9.79862e-05	0.000154271	1.13433	1.13428	1.13433	
0.993102	0.993099	0.993102	0.0047209	0.000166764	0.993102	0.993102	0.000138618	0.0249871	0.993102	0.993102	3.77272e-23	0.993102	0.993102	0.993092	0.00184929	3.60382e-13	3.29238e-13	0.0424261	0.0428554	0.993101	0.993102	9.55259e-05	0.00154674	0.0015411	9.56004e-05	0.000152161	1.13993	1.13989	1.13993	
0.993102	0.993099	0.993102	0.00475676	0.000160804	0.993102	0.993102	0.000133629	0.0256368	0.993102	0.993102	3.47442e-23	0.993102	0.993102	0.993092	0.00183646	3.47466e-13	3.17359e-13	0.0438445	0.0442794	0.993101	0.993102	9.14184e-05	0.00153504	0.00152958	9.14937e-05	0.000146693	1.1447	1.14465	1.1447	
0.993102	0.993099	0.993102	0.00480143	0.000153096	0.993102	0.993102	0.000127156	0.0266992	0.993102	0.993102	3.13153e-23	0.993102	0.993102	0.993092	0.00182171	3.30726e-13	3.01959e-13	0.0460651	0.0465105	0.993101	0.993102	8.62976e-05	0.00152134	0.00151607	8.63714e-05	0.000139615	1.15069	1.15064	1.15069	
0.993102	0.993099	0.993102	0.0048638	0.00014366	0.993102	0.993102	0.000119227	0.0282435	0.993102	0.993102	2.7533e-23	0.993102	0.993102	0.993091	0.00180208	3.10219e-13	2.83099e-13	0.0493315	0.0497918	0.993101	0.993102	8.01138e-05	0.00150316	0.00149812	8.01835e-05	0.000130952	1.15337	1.15332	1.15336	
0.993102	0.993099	0.993102	0.00495361	0.000135122	0.993102	0.993102	0.00011201	0.02958	0.993102	0.993102	2.4179e-23	0.993102	0.993102	0.99309	0.00177522	2.9161e-13	2.6593e-13	0.0525664	0.0530381	0.993101	0.993102	7.42284e-05	0.00147835	0.00147358	7.42951e-05	0.000123087	1.15557	1.15553	1.15557	
0.993102	0.993099	0.993102	0.00506124	0.000127591	0.993102	0.993102	0.000105585	0.0307203	0.993102	0.993102	2.12861e-23	0.993102	0.993102	0.99309	0.0017454	2.75113e-13	2.50644e-13	0.0556833	0.0561606	0.993101	0.993102	6.88472e-05	0.00145037	0.00144589	6.89096e-05	0.00011612	1.15686	1.1568	1.15686	
0.993102	0.993099	0.993102	0.00517897	0.000121342	0.993102	0.993102	0.000100179	0.0315978	0.993102	0.993102	1.89001e-23	0.993102	0.993102	0.99309	0.00171561	2.61339e-13	2.37778e-13	0.0584487	0.0589313	0.993101	0.993102	6.41903e-05	0.00142159	0.00141739	6.42526e-05	0.000110289	1.16009	1.16003	1.16009	
0.993102	0.993099	0.993102	0.00529837	0.000115107	0.993102	0.993102	9.47633e-05	0.0326519	0.993102	0.993102	1.67149e-23	0.993102	0.993102	0.993089	0.00168812	2.47561e-13	2.24891e-13	0.0616036	0.0620911	0.993101	0.993102	5.97062e-05	0.00139414	0.0013902	5.97666e-05	0.000104464	1.16408	1.16403	1.16408	
0.993102	0.993098	0.993102	0.00542494	0.000108632	0.993102	0.993102	8.91472e-05	0.0339627	0.993102	0.993102	1.46593e-23	0.993102	0.993102	0.993089	0.00166104	2.33258e-13	2.11535e-13	0.0653846	0.0658783	0.993101	0.993102	5.523e-05	0.00136663	0.00136296	5.52872e-05	9.84218e-05	1.16511	1.16505	1.16511	
0.993102	0.993098	0.993102	0.00556593	0.000103388	0.993102	0.993102	8.45282e-05	0.0348902	0.993102	0.993102	1.29862e-23	0.993102	0.993102	0.993088	0.00163252	2.21581e-13	2.00547e-13	0.0686348	0.06913	0.993101	0.993102	5.13982e-05	0.00133762	0.00133419	5.14529e-05	9.34874e-05	1.16743	1.16737	1.16743	
0.993102	0.993098	0.993102	0.00570823	9.85232e-05	0.993102	0.993102	8.02166e-05	0.0358399	0.993102	0.993102	1.15271e-23	0.993102	0.993102	0.993088	0.00160625	2.10715e-13	1.90293e-13	0.0719828	0.0724802	0.993101	0.993102	4.78979e-05	0.00131007	0.00130687	4.79507e-05	8.88948e-05	1.16839	1.16833	1.16839	
0.993102	0.993098	0.993102	0.00585317	9.45402e-05	0.993102	0.993102	7.6619e-05	0.0365528	0.993102	0.993102	1.03391e-23	0.993102	0.993102	0.993088	0.00158159	2.01733e-13	1.81735e-13	0.0749132	0.0754121	0.993101	0.993102	4.49244e-05	0.00128359	0.00128061	4.49765e-05	8.50941e-05	1.16746	1.16738	1.16746	
0.993102	0.993098	0.993102	0.00599359	9.20162e-05	0.993102	0.993102	7.41916e-05	0.0367825	0.993102	0.993102	9.4957e-24	0.993102	0.993102	0.993088	0.00156003	1.95852e-13	1.75956e-13	0.0768043	0.0773013	0.993101	0.993102	4.274e-05	0.00125944	0.00125665	4.2793e-05	8.2598e-05	1.16646	1.16635	1.16646	
0.993102	0.993097	0.993102	0.00611519	9.06194e-05	0.993102	0.993102	7.26675e-05	0.0367385	0.993102	0.993102	8.93432e-24	0.993102	0.993102	0.993088	0.00154454	1.92388e-13	1.72323e-13	0.0778854	0.0783885	0.993101	0.993102	4.1247e-05	0.00123997	0.00123734	4.1307e-05	8.11003e-05	1.16965	1.16952	1.16965	
0.993102	0.993097	0.993102	0.00621269	8.82791e-05	0.993102	0.993102	7.04278e-05	0.0373007	0.993102	0.993102	8.30116e-24	0.993102	0.993102	0.993087	0.00153529	1.86981e-13	1.66997e-13	0.0799644	0.0804863	0.993101	0.993102	3.95648e-05	0.00122565	0.00122315	3.96325e-05	7.87791e-05	1.1682	1.16806	1.1682	
0.993102	0.993097	0.993102	0.00631054	8.71715e-05	0.993102	0.993102	6.91913e-05	0.0373502	0.993102	0.993102	7.9082e-24	0.993102	0.993102	0.993087	0.00152568	1.84206e-13	1.64052e-13	0.0809904	0.0815238	0.993101	0.993102	3.84616e-05	0.00121158	0.0012092	3.85369e-05	7.75706e-05	1.16747	1.16732	1.16747	
0.993102	0.993097	0.993102	0.0063919	8.66942e-05	0.993102	0.993102	6.84749e-05	0.0372497	0.993102	0.993102	7.66645e-24	0.993102	0.993102	0.993087	0.00151973	1.82793e-13	1.62341e-13	0.0815111	0.0820564	0.993101	0.993102	3.77568e-05	0.00120074	0.00119846	3.78411e-05	7.69329e-05	1.17067	1.17052	1.17067	
0.993102	0.993097	0.993102	0.00645488	8.50421e-05	0.993102	0.993102	6.688e-05	0.0377806	0.993102	0.993102	7.28112e-24	0.993102	0.993102	0.993087	0.00151719	1.78946e-13	1.58552e-13	0.0831951	0.0837526	0.993101	0.993102	3.6691e-05	0.00119322	0.00119101	3.67787e-05	7.52906e-05	1.17046	1.1703	1.17046	
0.993102	0.993097	0.993102	0.00652402	8.39164e-05	0.993102	0.993102	6.57322e-05	0.0380398	0.993102	0.993102	6.99157e-24	0.993102	0.993102	0.993087	0.00151234	1.76252e-13	1.55823e-13	0.0843937	0.0849627	0.993101	0.993102	3.58393e-05	0.00118446	0.00118232	3.59312e-05	7.41316e-05	1.17158	1.17142	1.17158	
0.993102	0.993097	0.993102	0.00658922	8.26542e-05	0.993102	0.993102	6.45058e-05	0.0383954	0.993102	0.993102	6.70195e-24	0.993102	0.993102	0.993087	0.0015078	1.73303e-13	1.52909e-13	0.0857749	0.0863542	0.993101	0.993102	3.49745e-05	0.00117639	0.00117431	3.50689e-05	7.28716e-05	1.17054	1.17035	1.17054	
0.993102	0.993097	0.993102	0.00665461	8.21522e-05	0.993102	0.993102	6.38883e-05	0.0384051	0.993102	0.993102	6.53948e-24	0.993102	0.993102	0.993087	0.00150297	1.71989e-13	1.5144e-13	0.0864009	0.0869969	0.993101	0.993102	3.4439e-05	0.00116829	0.00116626	3.4541e-05	7.22814e-05	1.17028	1.17006	1.17028	
0.993102	0.993097	0.993102	0.00670838	8.19107e-05	0.993102	0.993102	6.34881e-05	0.0383663	0.993102	0.993102	6.43655e-24	0.993102	0.993102	0.993087	0.00150046	1.71251e-13	1.50486e-13	0.0867798	0.0873975	0.993101	0.993102	3.40803e-05	0.00116216	0.00116017	3.41924e-05	7.19242e-05	1.17029	1.17007	1.17029	
0.993102	0.993097	0.993102	0.00675099	8.17453e-05	0.993102	0.993102	6.31666e-05	0.0383487	0.993102	0.993102	6.36158e-24	0.993102	0.993102	0.993087	0.00149973	1.7069e-13	1.4972e-13	0.0870894	0.0877258	0.993101	0.993102	3.38156e-05	0.00115779	0.00115584	3.39364e-05	7.16487e-05	1.17357	1.17339	1.17357	
0.993102	0.993097	0.993102	0.00678521	8.03414e-05	0.993102	0.993102	6.19207e-05	0.0389557	0.993102	0.993102	6.11617e-24	0.993102	0.993102	0.993087	0.00149963	1.67537e-13	1.46764e-13	0.0887174	0.0893578	0.993101	0.993102	3.30932e-05	0.00115462	0.0011527	3.32111e-05	7.03273e-05	1.17339	1.17321	1.17339	
0.993102	0.993097	0.993102	0.00683427	7.93724e-05	0.993102	0.993102	6.10303e-05	0.0392569	0.993102	0.993102	5.92669e-24	0.993102	0.993102	0.993087	0.00149555	1.65321e-13	1.4465e-13	0.089875	0.0905179	0.993101	0.993102	3.24859e-05	0.00114876	0.00114687	3.26019e-05	6.93965e-05	1.17445	1.17428	1.17445	
0.993102	0.993096	0.993102	0.006885	7.82641e-05	0.993102	0.993102	6.00431e-05	0.0396272	0.993102	0.993102	5.72234e-24	0.993102	0.993102	0.993086	0.00149092	1.62821e-13	1.42307e-13	0.0912211	0.0918632	0.993101	0.993102	3.18248e-05	0.00114266	0.0011408	3.19372e-05	6.83531e-05	1.17572	1.17556	1.17571	
0.993102	0.993096	0.993102	0.00693967	7.69813e-05	0.993102	0.993102	5.89301e-05	0.0400801	0.993102	0.993102	5.49773e-24	0.993102	0.993102	0.993086	0.0014854	1.59964e-13	1.39667e-13	0.0928114	0.093451	0.993101	0.993102	3.10879e-05	0.001136	0.00113417	3.11953e-05	6.7164e-05	1.17527	1.1751	1.17527	
0.993102	0.993096	0.993102	0.00700069	7.62072e-05	0.993102	0.993102	5.82074e-05	0.0402424	0.993102	0.993102	5.34201e-24	0.993102	0.993102	0.993086	0.00147882	1.58176e-13	1.37951e-13	0.0938253	0.0944653	0.993101	0.993102	3.05354e-05	0.00112846	0.00112667	3.06408e-05	6.64143e-05	1.17512	1.17492	1.17512	
0.993102	0.993096	0.993102	0.0070566	7.57062e-05	0.993102	0.993102	5.76912e-05	0.0403091	0.993102	0.993102	5.2311e-24	0.993102	0.993102	0.993086	0.00147386	1.56978e-13	1.36724e-13	0.0945322	0.0951857	0.993101	0.993102	3.012e-05	0.00112192	0.00112016	3.02286e-05	6.58905e-05	1.17506	1.17485	1.17506	
0.993102	0.993096	0.993102	0.00710492	7.53759e-05	0.993102	0.993102	5.73069e-05	0.0403347	0.993102	0.993102	5.15108e-24	0.993102	0.993102	0.993086	0.00147052	1.56135e-13	1.35811e-13	0.0950562	0.0957218	0.993101	0.993102	2.98085e-05	0.00111665	0.00111492	2.99204e-05	6.5517e-05	1.17503	1.1748	1.17503	
0.993102	0.993096	0.993102	0.00714552	7.51563e-05	0.993102	0.993102	5.70127e-05	0.040348	0.993102	0.993102	5.09352e-24	0.993102	0.993102	0.993086	0.0014687	1.55539e-13	1.35111e-13	0.0954499	0.0961333	0.993101	0.993102	2.95754e-05	0.00111255	0.00111085	2.96928e-05	6.52387e-05	1.17411	1.17385	1.17411	
0.993102	0.993096	0.993102	0.00717935	7.53562e-05	0.993102	0.993102	5.70435e-05	0.0401831	0.993102	0.993102	5.09843e-24	0.993102	0.993102	0.993086	0.00146807	1.55837e-13	1.35183e-13	0.0953478	0.0960549	0.993101	0.993102	2.95341e-05	0.00110942	0.00110773	2.96608e-05	6.53217e-05	1.17263	1.17228	1.17263	
0.993102	0.993096	0.993102	0.00720113	7.60929e-05	0.993102	0.993102	5.74882e-05	0.0398279	0.993102	0.993102	5.18849e-24	0.993102	0.993102	0.993086	0.00147	1.57319e-13	1.36235e-13	0.0946146	0.0953737	0.993101	0.993102	2.97506e-05	0.00110798	0.00110631	2.98997e-05	6.58482e-05	1.17367	1.17333	1.17367	
0.993102	0.993096	0.993102	0.00720612	7.62476e-05	0.993102	0.993102	5.75105e-05	0.0398249	0.993102	0.993102	5.20969e-24	0.993102	0.993102	0.993086	0.00147433	1.57582e-13	1.36288e-13	0.0945212	0.0953191	0.993101	0.993102	2.98088e-05	0.0011089	0.00110722	2.99723e-05	6.58971e-05	1.17415	1.17378	1.17415	
0.993102	0.993096	0.993102	0.00721011	7.61829e-05	0.993102	0.993102	5.73889e-05	0.0399203	0.993102	0.993102	5.20153e-24	0.993102	0.993102	0.993086	0.00147787	1.57424e-13	1.36e-13	0.0946461	0.0954867	0.993101	0.993102	2.97816e-05	0.0011096	0.00110792	2.99594e-05	6.57678e-05	1.17431	1.17391	1.17431	
0.993102	0.993096	0.993102	0.00721683	7.60727e-05	0.993102	0.993102	5.72493e-05	0.040012	0.993102	0.993102	5.18534e-24	0.993102	0.993102	0.993086	0.00148012	1.57202e-13	1.35668e-13	0.0947982	0.0956864	0.993101	0.993102	2.97222e-05	0.00110959	0.00110792	2.99157e-05	6.56051e-05	1.17412	1.17366	1.17412	
0.993102	0.993096	0.993102	0.00722568	7.60645e-05	0.993102	0.993102	5.71966e-05	0.0400387	0.993102	0.993102	5.18239e-24	0.993102	0.993102	0.993086	0.0014817	1.57234e-13	1.35543e-13	0.0948066	0.0957568	0.993101	0.993102	2.96921e-05	0.00110907	0.0011074	2.99069e-05	6.55242e-05	1.17535	1.17489	1.17535	
0.993102	0.993096	0.993102	0.00723391	7.55989e-05	0.993102	0.993102	5.68075e-05	0.0402909	0.993102	0.993102	5.11722e-24	0.993102	0.993102	0.993086	0.00148272	1.56291e-13	1.34621e-13	0.0953559	0.0963529	0.993101	0.993102	2.94855e-05	0.00110853	0.00110686	2.97127e-05	6.50702e-05	1.17675	1.17632	1.17675	
0.993102	0.993096	0.993102	0.00724985	7.47389e-05	0.993102	0.993102	5.61282e-05	0.0407029	0.993102	0.993102	4.99474e-24	0.993102	0.993102	0.993086	0.00148153	1.545e-13	1.33011e-13	0.0964064	0.0974316	0.993101	0.993102	2.90951e-05	0.00110672	0.00110506	2.93255e-05	6.42972e-05	1.17789	1.17749	1.17789	
0.993102	0.993096	0.993102	0.00727807	7.36902e-05	0.993102	0.993102	5.53074e-05	0.0411544	0.993102	0.993102	4.84157e-24	0.993102	0.993102	0.993086	0.00147762	1.5229e-13	1.31065e-13	0.0977336	0.098772	0.993101	0.993102	2.85874e-05	0.00110309	0.00110144	2.88148e-05	6.33739e-05	1.17778	1.17734	1.17778	
0.993102	0.993096	0.993102	0.00731799	7.29543e-05	0.993102	0.993102	5.47146e-05	0.0413856	0.993102	0.993102	4.72324e-24	0.993102	0.993102	0.993086	0.00147209	1.50745e-13	1.29659e-13	0.0986736	0.0997378	0.993101	0.993102	2.8161e-05	0.00109789	0.00109626	2.83908e-05	6.27043e-05	1.17756	1.17707	1.17756	
0.993102	0.993096	0.993102	0.00735948	7.24978e-05	0.993102	0.993102	5.43199e-05	0.0414768	0.993102	0.993102	4.64142e-24	0.993102	0.993102	0.993086	0.00146721	1.4979e-13	1.28722e-13	0.0992712	0.100376	0.993101	0.993102	2.78407e-05	0.00109274	0.00109113	2.80793e-05	6.22562e-05	1.1788	1.17836	1.1788	
0.993102	0.993096	0.993102	0.00739707	7.173e-05	0.993102	0.993102	5.36844e-05	0.0417702	0.993102	0.993102	4.52434e-24	0.993102	0.993102	0.993086	0.00146316	1.48131e-13	1.27214e-13	0.100335	0.101454	0.993101	0.993102	2.74224e-05	0.00108838	0.00108679	2.76596e-05	6.15573e-05	1.17892	1.17845	1.17892	
0.993102	0.993096	0.993102	0.00743909	7.1129e-05	0.993102	0.993102	5.31694e-05	0.0419574	0.993102	0.993102	4.42708e-24	0.993102	0.993102	0.993085	0.00145871	1.46825e-13	1.25992e-13	0.101192	0.102333	0.993101	0.993102	2.7056e-05	0.00108354	0.00108197	2.72946e-05	6.09934e-05	1.17925	1.17877	1.17925	
0.993102	0.993096	0.993102	0.00748084	7.05791e-05	0.993102	0.993102	5.26875e-05	0.0421289	0.993102	0.993102	4.33787e-24	0.993102	0.993102	0.993085	0.00145472	1.45618e-13	1.24849e-13	0.102004	0.103167	0.993101	0.993102	2.67144e-05	0.0010789	0.00107735	2.6955e-05	6.04699e-05	1.18139	1.18103	1.18139	
0.993102	0.993096	0.993102	0.0075218	6.94537e-05	0.993102	0.993102	5.17755e-05	0.0426453	0.993102	0.993102	4.18236e-24	0.993102	0.993102	0.993085	0.00145028	1.43138e-13	1.22686e-13	0.103713	0.104847	0.993101	0.993102	2.61663e-05	0.00107451	0.00107297	2.63914e-05	5.94881e-05	1.18094	1.18054	1.18094	
0.993102	0.993096	0.993102	0.00757548	6.87763e-05	0.993102	0.993102	5.11946e-05	0.0428347	0.993102	0.993102	4.07464e-24	0.993102	0.993102	0.993085	0.00144408	1.41615e-13	1.21308e-13	0.104777	0.105903	0.993101	0.993102	2.5748e-05	0.00106847	0.00106696	2.59658e-05	5.88726e-05	1.18201	1.18165	1.18201	
0.993102	0.993095	0.993102	0.00762716	6.79322e-05	0.993102	0.993102	5.04838e-05	0.043152	0.993102	0.993102	3.9513e-24	0.993102	0.993102	0.993085	0.00143855	1.39718e-13	1.19622e-13	0.106143	0.107246	0.993101	0.993102	2.52819e-05	0.00106294	0.00106145	2.54877e-05	5.81208e-05	1.18176	1.18137	1.18176	
0.993102	0.993095	0.993102	0.00768228	6.74016e-05	0.993102	0.993102	5.00011e-05	0.0432755	0.993102	0.993102	3.86394e-24	0.993102	0.993102	0.993085	0.00143312	1.38491e-13	1.18476e-13	0.107052	0.108151	0.993101	0.993102	2.49254e-05	0.00105714	0.00105567	2.5126e-05	5.76206e-05	1.18196	1.18158	1.18196	
0.993102	0.993095	0.993102	0.00773272	6.69539e-05	0.993102	0.993102	4.95756e-05	0.0433851	0.993102	0.993102	3.78977e-24	0.993102	0.993102	0.993085	0.00142895	1.37431e-13	1.17467e-13	0.107863	0.10896	0.993101	0.993102	2.46189e-05	0.00105214	0.0010507	2.48151e-05	5.7188e-05	1.18304	1.18269	1.18304	
0.993102	0.993095	0.993102	0.00777879	6.62853e-05	0.993102	0.993102	4.89874e-05	0.0436619	0.993102	0.993102	3.69484e-24	0.993102	0.993102	0.993085	0.00142547	1.35893e-13	1.16072e-13	0.109051	0.110128	0.993101	0.993102	2.42502e-05	0.00104783	0.0010464	2.44371e-05	5.65779e-05	1.18376	1.18346	1.18376	
0.993102	0.993095	0.993102	0.00782792	6.55658e-05	0.993102	0.993102	4.83646e-05	0.043957	0.993102	0.993102	3.59463e-24	0.993102	0.993102	0.993085	0.00142127	1.34238e-13	1.14594e-13	0.110353	0.111396	0.993101	0.993102	2.38584e-05	0.00104316	0.00104175	2.40329e-05	5.59329e-05	1.18424	1.18395	1.18424	
0.993102	0.993095	0.993102	0.00788044	6.48927e-05	0.993102	0.993102	4.77769e-05	0.0442139	0.993102	0.993102	3.49991e-24	0.993102	0.993102	0.993085	0.00141667	1.32686e-13	1.132e-13	0.1116	0.112614	0.993101	0.993102	2.34781e-05	0.00103813	0.00103674	2.36416e-05	5.53249e-05	1.18352	1.18319	1.18352	
0.993102	0.993095	0.993102	0.00793434	6.4634e-05	0.993102	0.993102	4.74915e-05	0.0442055	0.993102	0.993102	3.44975e-24	0.993102	0.993102	0.993085	0.00141242	1.32013e-13	1.12522e-13	0.112177	0.113185	0.993101	0.993102	2.32452e-05	0.00103305	0.00103168	2.3405e-05	5.50537e-05	1.18348	1.18316	1.18348	
0.993102	0.993095	0.993102	0.0079787	6.44718e-05	0.993102	0.993102	4.72754e-05	0.044189	0.993102	0.993102	3.41447e-24	0.993102	0.993102	0.993085	0.00140997	1.31529e-13	1.12009e-13	0.112622	0.113618	0.993101	0.993102	2.30768e-05	0.00102928	0.00102793	2.32324e-05	5.48661e-05	1.18296	1.1826	1.18296	
0.993102	0.993095	0.993102	0.00801483	6.45322e-05	0.993102	0.993102	4.72252e-05	0.0440809	0.993102	0.993102	3.40732e-24	0.993102	0.993102	0.993085	0.00140922	1.31539e-13	1.11889e-13	0.112691	0.113701	0.993101	0.993102	2.30118e-05	0.00102655	0.00102521	2.31701e-05	5.48546e-05	1.18292	1.18257	1.18292	
0.993102	0.993095	0.993102	0.00804041	6.46033e-05	0.993102	0.993102	4.71893e-05	0.04401	0.993102	0.993102	3.4056e-24	0.993102	0.993102	0.993085	0.00140981	1.31564e-13	1.11803e-13	0.112749	0.11376	0.993101	0.993102	2.29805e-05	0.00102505	0.00102373	2.3139e-05	5.48628e-05	1.1835	1.18318	1.1835	
0.993102	0.993095	0.993102	0.00805876	6.44763e-05	0.993102	0.993102	4.70195e-05	0.0440892	0.993102	0.993102	3.38581e-24	0.993102	0.993102	0.993085	0.00141092	1.31181e-13	1.114e-13	0.113113	0.114113	0.993101	0.993102	2.28986e-05	0.0010243	0.00102298	2.30536e-05	5.47169e-05	1.18419	1.18389	1.18418	
0.993102	0.993095	0.993102	0.00807719	6.41678e-05	0.993102	0.993102	4.6729e-05	0.0442727	0.993102	0.993102	3.34697e-24	0.993102	0.993102	0.993084	0.00141128	1.30432e-13	1.10712e-13	0.113759	0.11474	0.993101	0.993102	2.27509e-05	0.00102333	0.00102201	2.28998e-05	5.44288e-05	1.1839	1.18359	1.1839	
0.993102	0.993095	0.993102	0.00809996	6.40334e-05	0.993102	0.993102	4.65729e-05	0.0443132	0.993102	0.993102	3.32474e-24	0.993102	0.993102	0.993084	0.00141062	1.30067e-13	1.10341e-13	0.114098	0.115072	0.993101	0.993102	2.26516e-05	0.00102166	0.00102035	2.2798e-05	5.42854e-05	1.18306	1.18272	1.18306	
0.993102	0.993095	0.993102	0.00812052	6.42129e-05	0.993102	0.993102	4.66484e-05	0.044163	0.993102	0.993102	3.33653e-24	0.993102	0.993102	0.993085	0.0014104	1.30368e-13	1.1052e-13	0.113917	0.114899	0.993101	0.993102	2.26684e-05	0.0010202	0.0010189	2.28173e-05	5.43997e-05	1.18324	1.18293	1.18324	
0.993102	0.993095	0.993102	0.00813145	6.42941e-05	0.993102	0.993102	4.66567e-05	0.0441156	0.993102	0.993102	3.34157e-24	0.993102	0.993102	0.993085	0.00141141	1.30454e-13	1.10539e-13	0.113898	0.114874	0.993101	0.993102	2.26772e-05	0.00101988	0.00101858	2.28248e-05	5.44419e-05	1.18419	1.18391	1.18419	
0.993102	0.993095	0.993102	0.00813859	6.40518e-05	0.993102	0.993102	4.64386e-05	0.0442876	0.993102	0.993102	3.31424e-24	0.993102	0.993102	0.993084	0.00141245	1.2988e-13	1.10022e-13	0.114391	0.115352	0.993101	0.993102	2.25812e-05	0.00101989	0.00101859	2.27241e-05	5.42219e-05	1.18451	1.18423	1.18451	
0.993102	0.993095	0.993102	0.00815154	6.37728e-05	0.993102	0.993102	4.62015e-05	0.0444449	0.993102	0.993102	3.28082e-24	0.993102	0.993102	0.993084	0.00141205	1.29241e-13	1.0946e-13	0.114932	0.115876	0.993101	0.993102	2.2455e-05	0.00101901	0.00101771	2.2593e-05	5.39751e-05	1.18478	1.18453	1.18478	
0.993102	0.993095	0.993102	0.00816875	6.34837e-05	0.993102	0.993102	4.596e-05	0.04458	0.993102	0.993102	3.24455e-24	0.993102	0.993102	0.993084	0.00141061	1.28574e-13	1.08888e-13	0.115497	0.116415	0.993101	0.993102	2.23136e-05	0.00101754	0.00101625	2.24444e-05	5.37268e-05	1.18456	1.18432	1.18456	
0.993102	0.993095	0.993102	0.0081886	6.33417e-05	0.993102	0.993102	4.58252e-05	0.044603	0.993102	0.993102	3.22231e-24	0.993102	0.993102	0.993084	0.00140877	1.28209e-13	1.08568e-13	0.115821	0.116714	0.993101	0.993102	2.22169e-05	0.00101576	0.00101447	2.23414e-05	5.36015e-05	1.18465	1.18441	1.18465	
0.993102	0.993095	0.993102	0.00820605	6.32141e-05	0.993102	0.993102	4.56997e-05	0.044633	0.993102	0.993102	3.20275e-24	0.993102	0.993102	0.993084	0.00140747	1.27876e-13	1.0827e-13	0.116121	0.116993	0.993101	0.993102	2.21324e-05	0.0010143	0.00101302	2.22516e-05	5.34856e-05	1.18516	1.18492	1.18516	
0.993102	0.993094	0.993102	0.00822179	6.29634e-05	0.993102	0.993102	4.5486e-05	0.0447588	0.993102	0.993102	3.1719e-24	0.993102	0.993102	0.993084	0.00140652	1.27301e-13	1.07764e-13	0.116623	0.11748	0.993101	0.993102	2.20099e-05	0.00101306	0.00101178	2.21246e-05	5.32636e-05	1.18478	1.18453	1.18478	
0.993102	0.993094	0.993102	0.00824008	6.28996e-05	0.993102	0.993102	4.54081e-05	0.0447466	0.993102	0.993102	3.15906e-24	0.993102	0.993102	0.993084	0.00140523	1.27119e-13	1.07579e-13	0.116804	0.117653	0.993101	0.993102	2.19458e-05	0.00101149	0.00101022	2.20586e-05	5.31947e-05	1.18465	1.18439	1.18465	
0.993102	0.993094	0.993102	0.00825477	6.28979e-05	0.993102	0.993102	4.53746e-05	0.0447158	0.993102	0.993102	3.15417e-24	0.993102	0.993102	0.993084	0.0014047	1.27072e-13	1.07499e-13	0.116875	0.117726	0.993101	0.993102	2.19131e-05	0.00101038	0.00100911	2.20261e-05	5.31734e-05	1.18321	1.18294	1.18321	
0.993102	0.993094	0.993102	0.00826571	6.33656e-05	0.993102	0.993102	4.56802e-05	0.0443957	0.993102	0.993102	3.1985e-24	0.993102	0.993102	0.993084	0.00140482	1.27982e-13	1.08223e-13	0.116187	0.11704	0.993101	0.993102	2.20531e-05	0.0010097	0.00100844	2.21685e-05	5.35461e-05	1.18284	1.18255	1.18284	
0.993102	0.993094	0.993102	0.00826156	6.38381e-05	0.993102	0.993102	4.5992e-05	0.0441525	0.993102	0.993102	3.25006e-24	0.993102	0.993102	0.993084	0.00140752	1.2892e-13	1.08962e-13	0.115479	0.116347	0.993101	0.993102	2.22358e-05	0.00101082	0.00100956	2.23563e-05	5.39183e-05	1.18429	1.18401	1.18429	
0.993102	0.993094	0.993102	0.00824812	6.3722e-05	0.993102	0.993102	4.58894e-05	0.0443265	0.993102	0.993102	3.24412e-24	0.993102	0.993102	0.993084	0.00141111	1.28667e-13	1.08719e-13	0.115694	0.116571	0.993101	0.993102	2.22361e-05	0.00101291	0.00101164	2.23581e-05	5.38057e-05	1.18397	1.18367	1.18397	
0.993102	0.993094	0.993102	0.0082441	6.37336e-05	0.993102	0.993102	4.58898e-05	0.0443529	0.993102	0.993102	3.24728e-24	0.993102	0.993102	0.993084	0.00141245	1.28693e-13	1.0872e-13	0.115676	0.116565	0.993101	0.993102	2.22529e-05	0.00101358	0.00101231	2.23774e-05	5.3805e-05	1.18335	1.18306	1.18335	
0.993102	0.993094	0.993102	0.00824184	6.39391e-05	0.993102	0.993102	4.60335e-05	0.0442375	0.993102	0.993102	3.26957e-24	0.993102	0.993102	0.993084	0.00141323	1.29115e-13	1.09061e-13	0.115345	0.116242	0.993101	0.993102	2.23317e-05	0.00101395	0.00101268	2.24589e-05	5.39706e-05	1.18488	1.18464	1.18488	
0.993102	0.993094	0.993102	0.00823523	6.36043e-05	0.993102	0.993102	4.57905e-05	0.0444902	0.993102	0.993102	3.23746e-24	0.993102	0.993102	0.993084	0.00141419	1.28409e-13	1.08485e-13	0.115911	0.11679	0.993101	0.993102	2.22329e-05	0.00101482	0.00101354	2.23548e-05	5.36983e-05	1.1841	1.18385	1.1841	
0.993102	0.993094	0.993102	0.00824013	6.35995e-05	0.993102	0.993102	4.57885e-05	0.0444591	0.993102	0.993102	3.23445e-24	0.993102	0.993102	0.993084	0.0014131	1.28388e-13	1.0848e-13	0.115922	0.11679	0.993101	0.993102	2.22175e-05	0.00101418	0.0010129	2.23369e-05	5.37009e-05	1.18319	1.18294	1.18319	
0.993102	0.993094	0.993102	0.00824292	6.38925e-05	0.993102	0.993102	4.59983e-05	0.0442485	0.993102	0.993102	3.26297e-24	0.993102	0.993102	0.993084	0.00141256	1.28965e-13	1.08977e-13	0.115466	0.116321	0.993101	0.993102	2.23124e-05	0.00101385	0.00101258	2.24302e-05	5.39527e-05	1.18284	1.18259	1.18284	
0.993102	0.993094	0.993102	0.00823658	6.42265e-05	0.993102	0.993102	4.62367e-05	0.0440616	0.993102	0.993102	3.29973e-24	0.993102	0.993102	0.993085	0.00141367	1.29625e-13	1.09542e-13	0.114951	0.115795	0.993101	0.993102	2.24473e-05	0.00101469	0.00101341	2.25638e-05	5.42382e-05	1.18339	1.18318	1.18339	
0.993102	0.993095	0.993102	0.00822364	6.42932e-05	0.993102	0.993102	4.62861e-05	0.0440718	0.993102	0.993102	3.31094e-24	0.993102	0.993102	0.993085	0.00141552	1.29734e-13	1.0966e-13	0.114859	0.115681	0.993101	0.993102	2.25061e-05	0.00101627	0.00101499	2.2618e-05	5.43073e-05	1.18424	1.18402	1.18424	
0.993102	0.993095	0.993102	0.00821332	6.40659e-05	0.993102	0.993102	4.61295e-05	0.044259	0.993102	0.993102	3.2909e-24	0.993102	0.993102	0.993084	0.00141666	1.29266e-13	1.09289e-13	0.115218	0.116027	0.993101	0.993102	2.24529e-05	0.00101741	0.00101612	2.25612e-05	5.41275e-05	1.18348	1.18324	1.18348	
0.993102	0.993095	0.993102	0.00821242	6.41355e-05	0.993102	0.993102	4.61897e-05	0.0442024	0.993102	0.993102	3.29793e-24	0.993102	0.993102	0.993084	0.0014162	1.2942e-13	1.09432e-13	0.115082	0.11589	0.993101	0.993102	2.24773e-05	0.0010173	0.00101601	2.25857e-05	5.41923e-05	1.18378	1.18356	1.18378	
0.993102	0.993095	0.993102	0.00820936	6.40904e-05	0.993102	0.993102	4.61652e-05	0.0442317	0.993102	0.993102	3.29383e-24	0.993102	0.993102	0.993084	0.0014161	1.29328e-13	1.09374e-13	0.115143	0.115942	0.993101	0.993102	2.2468e-05	0.0010175	0.00101621	2.25741e-05	5.41642e-05	1.18394	1.18374	1.18394	
0.993102	0.993095	0.993102	0.00820801	6.40053e-05	0.993102	0.993102	4.61113e-05	0.0442777	0.993102	0.993102	3.28483e-24	0.993102	0.993102	0.993084	0.00141568	1.29147e-13	1.09246e-13	0.115275	0.11606	0.993101	0.993102	2.24401e-05	0.00101751	0.00101622	2.25427e-05	5.41045e-05	1.18493	1.18474	1.18492	
0.993102	0.993095	0.993102	0.00820878	6.36286e-05	0.993102	0.993102	4.58459e-05	0.0445104	0.993102	0.993102	3.24543e-24	0.993102	0.993102	0.993084	0.00141489	1.28371e-13	1.08617e-13	0.115892	0.116661	0.993101	0.993102	2.23044e-05	0.00101727	0.00101599	2.24022e-05	5.38e-05	1.18432	1.18414	1.18432	
0.993102	0.993094	0.993102	0.00821899	6.35371e-05	0.993102	0.993102	4.57841e-05	0.0445041	0.993102	0.993102	3.23131e-24	0.993102	0.993102	0.993084	0.00141264	1.28171e-13	1.0847e-13	0.116044	0.116796	0.993101	0.993102	2.22436e-05	0.00101591	0.00101462	2.23375e-05	5.37337e-05	1.18559	1.18541	1.18559	
0.993102	0.993094	0.993102	0.00822722	6.30752e-05	0.993102	0.993102	4.54496e-05	0.0447715	0.993102	0.993102	3.18134e-24	0.993102	0.993102	0.993084	0.00141108	1.27216e-13	1.07678e-13	0.116828	0.117566	0.993101	0.993102	2.20605e-05	0.00101492	0.00101364	2.21498e-05	5.33511e-05	1.18544	1.18527	1.18544	
0.993102	0.993094	0.993102	0.00824512	6.27776e-05	0.993102	0.993102	4.52303e-05	0.0448803	0.993102	0.993102	3.14439e-24	0.993102	0.993102	0.993084	0.00140811	1.2659e-13	1.07158e-13	0.117345	0.118069	0.993101	0.993102	2.19103e-05	0.00101282	0.00101154	2.19958e-05	5.31044e-05	1.1861	1.18595	1.1861	
0.993102	0.993094	0.993102	0.00826452	6.23575e-05	0.993102	0.993102	4.4916e-05	0.0450762	0.993102	0.993102	3.09528e-24	0.993102	0.993102	0.993084	0.00140522	1.25698e-13	1.06413e-13	0.118101	0.118804	0.993101	0.993102	2.17159e-05	0.00101069	0.00100942	2.17959e-05	5.27537e-05	1.18599	1.18584	1.18599	
0.993102	0.993094	0.993102	0.00828882	6.20813e-05	0.993102	0.993102	4.46995e-05	0.0451567	0.993102	0.993102	3.05898e-24	0.993102	0.993102	0.993084	0.00140195	1.25095e-13	1.05899e-13	0.118622	0.119309	0.993101	0.993102	2.15607e-05	0.00100811	0.00100685	2.16363e-05	5.25188e-05	1.18587	1.18573	1.18587	
0.993102	0.993094	0.993102	0.00831241	6.19183e-05	0.993102	0.993102	4.45582e-05	0.0451727	0.993102	0.993102	3.0344e-24	0.993102	0.993102	0.993084	0.00139924	1.24713e-13	1.05564e-13	0.118967	0.119637	0.993101	0.993102	2.14485e-05	0.00100577	0.00100452	2.15203e-05	5.2375e-05	1.18636	1.18623	1.18636	
0.993102	0.993094	0.993102	0.00833272	6.16553e-05	0.993102	0.993102	4.43406e-05	0.0452831	0.993102	0.993102	3.00167e-24	0.993102	0.993102	0.993084	0.00139733	1.2412e-13	1.05048e-13	0.119501	0.120153	0.993101	0.993102	2.13118e-05	0.00100394	0.00100269	2.13792e-05	5.21456e-05	1.1865	1.18637	1.1865	
0.993102	0.993094	0.993102	0.00835426	6.14203e-05	0.993102	0.993102	4.41415e-05	0.045374	0.993102	0.993102	2.97167e-24	0.993102	0.993102	0.993084	0.00139544	1.23589e-13	1.04576e-13	0.119989	0.120628	0.993101	0.993102	2.11827e-05	0.00100201	0.00100077	2.12469e-05	5.19357e-05	1.18659	1.18648	1.18659	
0.993102	0.993094	0.993102	0.00837601	6.12232e-05	0.993102	0.993102	4.39677e-05	0.045439	0.993102	0.993102	2.94538e-24	0.993102	0.993102	0.993084	0.0013936	1.23127e-13	1.04163e-13	0.120423	0.121045	0.993101	0.993102	2.10671e-05	0.00100011	0.000998883	2.11274e-05	5.17585e-05	1.1864	1.18629	1.1864	
0.993102	0.993094	0.993102	0.00839688	6.11402e-05	0.993102	0.993102	4.38744e-05	0.0454307	0.993102	0.993102	2.93048e-24	0.993102	0.993102	0.993084	0.00139203	1.22894e-13	1.03942e-13	0.120661	0.121267	0.993101	0.993102	2.09935e-05	0.000998366	0.000997142	2.10504e-05	5.16763e-05	1.18686	1.18676	1.18686	
0.993102	0.993094	0.993102	0.00841391	6.09443e-05	0.993102	0.993102	4.36996e-05	0.0455255	0.993102	0.993102	2.90641e-24	0.993102	0.993102	0.993084	0.00139116	1.22434e-13	1.03527e-13	0.121101	0.121692	0.993101	0.993102	2.08914e-05	0.000997099	0.00099588	2.0945e-05	5.14981e-05	1.18689	1.18679	1.18689	
0.993102	0.993094	0.993102	0.00843212	6.07951e-05	0.993102	0.993102	4.35595e-05	0.0455805	0.993102	0.993102	2.88652e-24	0.993102	0.993102	0.993084	0.00139006	1.22073e-13	1.03195e-13	0.121455	0.122034	0.993101	0.993102	2.08026e-05	0.000995676	0.000994462	2.08534e-05	5.13588e-05	1.18694	1.18684	1.18694	
0.993102	0.993094	0.993102	0.00844962	6.06735e-05	0.993102	0.993102	4.34396e-05	0.0456207	0.993102	0.993102	2.86965e-24	0.993102	0.993102	0.993084	0.00138911	1.21771e-13	1.02911e-13	0.121759	0.122327	0.993101	0.993102	2.07252e-05	0.000994335	0.000993127	2.07737e-05	5.12416e-05	1.18663	1.18652	1.18663	
0.993102	0.993094	0.993102	0.00846591	6.06836e-05	0.993102	0.993102	4.34144e-05	0.0455738	0.993102	0.993102	2.86572e-24	0.993102	0.993102	0.993084	0.00138839	1.21739e-13	1.02851e-13	0.121824	0.122385	0.993101	0.993102	2.06956e-05	0.000993131	0.000991927	2.07428e-05	5.12338e-05	1.18643	1.18633	1.18643	
0.993102	0.993094	0.993102	0.0084775	6.07565e-05	0.993102	0.993102	4.34352e-05	0.0455052	0.993102	0.993102	2.86934e-24	0.993102	0.993102	0.993084	0.00138838	1.21833e-13	1.02899e-13	0.121777	0.122332	0.993101	0.993102	2.06988e-05	0.000992462	0.000991262	2.07448e-05	5.12799e-05	1.18672	1.18663	1.18672	
0.993102	0.993094	0.993102	0.00848424	6.07251e-05	0.993102	0.993102	4.33843e-05	0.0455315	0.993102	0.993102	2.86467e-24	0.993102	0.993102	0.993084	0.00138897	1.21721e-13	1.02779e-13	0.121909	0.122456	0.993101	0.993102	2.06779e-05	0.000992305	0.000991107	2.07224e-05	5.12403e-05	1.18635	1.18625	1.18635	
0.993102	0.993094	0.993102	0.00849097	6.08165e-05	0.993102	0.993102	4.34251e-05	0.0454665	0.993102	0.993102	2.87165e-24	0.993102	0.993102	0.993084	0.00138937	1.21868e-13	1.02875e-13	0.12181	0.122353	0.993101	0.993102	2.06979e-05	0.000992056	0.000990859	2.0742e-05	5.1304e-05	1.18703	1.18694	1.18703	
0.993102	0.993094	0.993102	0.00849382	6.06794e-05	0.993102	0.993102	4.33063e-05	0.045579	0.993102	0.993102	2.85824e-24	0.993102	0.993102	0.993084	0.00139016	1.21556e-13	1.02594e-13	0.12211	0.122648	0.993101	0.993102	2.06491e-05	0.000992194	0.000990998	2.06918e-05	5.1179e-05	1.18755	1.18747	1.18755	
0.993102	0.993094	0.993102	0.00850098	6.04216e-05	0.993102	0.993102	4.31056e-05	0.04575	0.993102	0.993102	2.83201e-24	0.993102	0.993102	0.993084	0.00138992	1.21004e-13	1.02118e-13	0.122625	0.123153	0.993101	0.993102	2.0548e-05	0.000991736	0.000990541	2.05883e-05	5.09569e-05	1.1881	1.18803	1.1881	
0.993102	0.993094	0.993102	0.00851425	6.0067e-05	0.993102	0.993102	4.28371e-05	0.0459597	0.993102	0.993102	2.79496e-24	0.993102	0.993102	0.993084	0.00138858	1.20256e-13	1.01482e-13	0.123321	0.123837	0.993101	0.993102	2.03994e-05	0.00099054	0.000989348	2.04369e-05	5.06551e-05	1.18818	1.18811	1.18817	
0.993102	0.993094	0.993102	0.00853429	5.9783e-05	0.993102	0.993102	4.26173e-05	0.0460861	0.993102	0.993102	2.76251e-24	0.993102	0.993102	0.993084	0.00138628	1.1965e-13	1.00961e-13	0.123894	0.124399	0.993101	0.993102	2.02597e-05	0.000988604	0.000987417	2.02946e-05	5.04109e-05	1.18856	1.18849	1.18856	
0.993102	0.993094	0.993102	0.00855645	5.94635e-05	0.993102	0.993102	4.23681e-05	0.0462368	0.993102	0.993102	2.72658e-24	0.993102	0.993102	0.993084	0.00138394	1.18968e-13	1.0037e-13	0.124548	0.125043	0.993101	0.993102	2.01045e-05	0.000986529	0.000985348	2.01371e-05	5.01339e-05	1.18875	1.18869	1.18875	
0.993102	0.993094	0.993102	0.00858145	5.9173e-05	0.993102	0.993102	4.21357e-05	0.0463592	0.993102	0.993102	2.69278e-24	0.993102	0.993102	0.993083	0.00138143	1.1834e-13	9.98191e-14	0.125162	0.125647	0.993101	0.993102	1.99541e-05	0.000984231	0.000983057	1.99846e-05	4.98785e-05	1.18879	1.18873	1.18879	
0.993102	0.993094	0.993102	0.00860763	5.89539e-05	0.993102	0.993102	4.19502e-05	0.0464296	0.993102	0.993102	2.66539e-24	0.993102	0.993102	0.993083	0.00137904	1.1785e-13	9.93791e-14	0.125654	0.126131	0.993101	0.993102	1.98265e-05	0.000981909	0.000980741	1.98552e-05	4.96803e-05	1.18875	1.18869	1.18875	
0.993102	0.993094	0.993102	0.00863256	5.88093e-05	0.993102	0.993102	4.18142e-05	0.0464575	0.993102	0.993102	2.64534e-24	0.993102	0.993102	0.993083	0.00137712	1.17507e-13	9.90564e-14	0.126016	0.126485	0.993101	0.993102	1.97281e-05	0.000979824	0.000978663	1.97553e-05	4.9542e-05	1.1888	1.18875	1.1888	
0.993102	0.993094	0.993102	0.00865459	5.86915e-05	0.993102	0.993102	4.16951e-05	0.0464847	0.993102	0.993102	2.62877e-24	0.993102	0.993102	0.993083	0.00137582	1.17215e-13	9.87739e-14	0.126333	0.126796	0.993101	0.993102	1.9646e-05	0.000978126	0.000976971	1.9672e-05	4.94245e-05	1.18885	1.1888	1.18885	
0.993102	0.993094	0.993102	0.00867419	5.8595e-05	0.993102	0.993102	4.15909e-05	0.0465099	0.993102	0.993102	2.61498e-24	0.993102	0.993102	0.993083	0.00137496	1.16966e-13	9.85267e-14	0.126613	0.12707	0.993101	0.993102	1.9577e-05	0.000976721	0.000975572	1.96019e-05	4.93245e-05	1.18896	1.18891	1.18896	
0.993102	0.993094	0.993102	0.00869167	5.84962e-05	0.993102	0.993102	4.1486e-05	0.0465472	0.993102	0.993102	2.6017e-24	0.993102	0.993102	0.993083	0.0013744	1.16714e-13	9.82779e-14	0.126896	0.127348	0.993101	0.993102	1.95122e-05	0.000975545	0.000974401	1.9536e-05	4.92231e-05	1.18903	1.18898	1.18903	
0.993102	0.993094	0.993102	0.00870791	5.84094e-05	0.993102	0.993102	4.13911e-05	0.0465799	0.993102	0.993102	2.58988e-24	0.993102	0.993102	0.993083	0.00137395	1.16488e-13	9.80528e-14	0.127154	0.1276	0.993101	0.993102	1.9454e-05	0.000974483	0.000973342	1.94768e-05	4.91327e-05	1.18874	1.18869	1.18874	
0.993102	0.993094	0.993102	0.00872291	5.84327e-05	0.993102	0.993102	4.13757e-05	0.046534	0.993102	0.993102	2.5882e-24	0.993102	0.993102	0.993083	0.00137362	1.16486e-13	9.8016e-14	0.127197	0.127639	0.993101	0.993102	1.9435e-05	0.000973527	0.00097239	1.94572e-05	4.91347e-05	1.18865	1.18859	1.18865	
0.993102	0.993094	0.993102	0.00873344	5.84826e-05	0.993102	0.993102	4.13809e-05	0.0464887	0.993102	0.993102	2.59023e-24	0.993102	0.993102	0.993083	0.00137389	1.16541e-13	9.80281e-14	0.127183	0.127622	0.993101	0.993102	1.94346e-05	0.000973036	0.000971902	1.94563e-05	4.91598e-05	1.1887	1.18865	1.1887	
0.993102	0.993094	0.993102	0.00874026	5.85083e-05	0.993102	0.993102	4.13722e-05	0.0464757	0.993102	0.993102	2.59115e-24	0.993102	0.993102	0.993083	0.00137455	1.16551e-13	9.80073e-14	0.127208	0.127644	0.993101	0.993102	1.94338e-05	0.00097289	0.000971757	1.94551e-05	4.91664e-05	1.18913	1.18909	1.18913	
0.993102	0.993094	0.993102	0.00874539	5.84018e-05	0.993102	0.993102	4.12741e-05	0.0465651	0.993102	0.993102	2.58076e-24	0.993102	0.993102	0.993083	0.0013752	1.16302e-13	9.77748e-14	0.127477	0.127909	0.993101	0.993102	1.93921e-05	0.000972845	0.000971713	1.94126e-05	4.90654e-05	1.18925	1.1892	1.18924	
0.993102	0.993094	0.993102	0.0087536	5.82906e-05	0.993102	0.993102	4.11764e-05	0.0466368	0.993102	0.993102	2.569e-24	0.993102	0.993102	0.993083	0.00137512	1.16049e-13	9.75433e-14	0.127746	0.128173	0.993101	0.993102	1.93413e-05	0.000972373	0.000971242	1.93609e-05	4.89627e-05	1.18919	1.18915	1.18919	
0.993102	0.993094	0.993102	0.0087636	5.82245e-05	0.993102	0.993102	4.11119e-05	0.0466629	0.993102	0.993102	2.56066e-24	0.993102	0.993102	0.993083	0.00137467	1.15888e-13	9.73904e-14	0.127924	0.128348	0.993101	0.993102	1.93012e-05	0.000971669	0.00097054	1.93201e-05	4.88981e-05	1.18958	1.18954	1.18958	
0.993102	0.993094	0.993102	0.00877312	5.80652e-05	0.993102	0.993102	4.0982e-05	0.046763	0.993102	0.993102	2.54435e-24	0.993102	0.993102	0.993083	0.00137427	1.15541e-13	9.70826e-14	0.128284	0.128703	0.993101	0.993102	1.92314e-05	0.000971015	0.000969888	1.92495e-05	4.87561e-05	1.18958	1.18954	1.18958	
0.993102	0.993094	0.993102	0.00878548	5.79498e-05	0.993102	0.993102	4.08837e-05	0.0468141	0.993102	0.993102	2.53109e-24	0.993102	0.993102	0.993083	0.00137341	1.15283e-13	9.68495e-14	0.128557	0.128973	0.993101	0.993102	1.917e-05	0.000970036	0.000968912	1.91872e-05	4.86509e-05	1.18988	1.18984	1.18988	
0.993102	0.993093	0.993102	0.00879808	5.77812e-05	0.993102	0.993102	4.07471e-05	0.0469071	0.993102	0.993102	2.51324e-24	0.993102	0.993102	0.993083	0.00137256	1.14918e-13	9.65257e-14	0.128939	0.12935	0.993101	0.993102	1.90909e-05	0.000969055	0.000967933	1.91072e-05	4.85009e-05	1.18966	1.18962	1.18966	
0.993102	0.993093	0.993102	0.00881273	5.77216e-05	0.993102	0.993102	4.06865e-05	0.0469069	0.993102	0.993102	2.50431e-24	0.993102	0.993102	0.993083	0.00137147	1.1477e-13	9.6382e-14	0.129108	0.129516	0.993101	0.993102	1.90435e-05	0.000967867	0.000966749	1.90593e-05	4.84411e-05	1.18945	1.18941	1.18945	
0.993102	0.993093	0.993102	0.00882498	5.77412e-05	0.993102	0.993102	4.06804e-05	0.0468607	0.993102	0.993102	2.50299e-24	0.993102	0.993102	0.993083	0.00137086	1.14779e-13	9.63673e-14	0.129126	0.129532	0.993101	0.993102	1.90277e-05	0.000966978	0.000965863	1.90432e-05	4.84463e-05	1.18972	1.18968	1.18972	
0.993102	0.993093	0.993102	0.00883319	5.76822e-05	0.993102	0.993102	4.0619e-05	0.0468957	0.993102	0.993102	2.49605e-24	0.993102	0.993102	0.993083	0.00137088	1.14631e-13	9.62218e-14	0.129298	0.129701	0.993101	0.993102	1.8995e-05	0.000966538	0.000965425	1.901e-05	4.83861e-05	1.18961	1.18957	1.18961	
0.993102	0.993093	0.993102	0.00884161	5.7672e-05	0.993102	0.993102	4.05936e-05	0.0468895	0.993102	0.993102	2.49325e-24	0.993102	0.993102	0.993083	0.00137076	1.14584e-13	9.61616e-14	0.129369	0.129771	0.993101	0.993102	1.89775e-05	0.000966038	0.000964927	1.89923e-05	4.83675e-05	1.18989	1.18985	1.18989	
0.993102	0.993093	0.993102	0.00884838	5.75863e-05	0.993102	0.993102	4.05163e-05	0.0469485	0.993102	0.993102	2.48437e-24	0.993102	0.993102	0.993083	0.00137082	1.14386e-13	9.59782e-14	0.129587	0.129986	0.993101	0.993102	1.89386e-05	0.000965694	0.000964584	1.89528e-05	4.82865e-05	1.18983	1.1898	1.18983	
0.993102	0.993093	0.993102	0.00885666	5.75397e-05	0.993102	0.993102	4.0468e-05	0.0469673	0.993102	0.993102	2.47843e-24	0.993102	0.993102	0.993083	0.00137056	1.1427e-13	9.58637e-14	0.129723	0.13012	0.993101	0.993102	1.8909e-05	0.000965149	0.000964041	1.89229e-05	4.82389e-05	1.19016	1.19013	1.19016	
0.993102	0.993093	0.993102	0.00886443	5.74134e-05	0.993102	0.993102	4.03643e-05	0.0470502	0.993102	0.993102	2.46581e-24	0.993102	0.993102	0.993083	0.00137033	1.13996e-13	9.56179e-14	0.130017	0.130412	0.993101	0.993102	1.88543e-05	0.000964651	0.000963544	1.88678e-05	4.81252e-05	1.19029	1.19026	1.19029	
0.993102	0.993093	0.993102	0.00887461	5.72831e-05	0.993102	0.993102	4.02584e-05	0.047123	0.993102	0.993102	2.45219e-24	0.993102	0.993102	0.993083	0.00136968	1.13714e-13	9.53669e-14	0.130319	0.130711	0.993101	0.993102	1.87931e-05	0.000963876	0.000962771	1.88061e-05	4.80088e-05	1.19023	1.1902	1.19023	
0.993102	0.993093	0.993102	0.00888638	5.72057e-05	0.993102	0.993102	4.01891e-05	0.0471477	0.993102	0.993102	2.44271e-24	0.993102	0.993102	0.993083	0.00136884	1.13537e-13	9.52026e-14	0.130515	0.130906	0.993101	0.993102	1.87461e-05	0.000962942	0.00096184	1.87588e-05	4.79356e-05	1.1903	1.19027	1.1903	
0.993102	0.993093	0.993102	0.00889734	5.7131e-05	0.993102	0.993102	4.01208e-05	0.0471759	0.993102	0.993102	2.43373e-24	0.993102	0.993102	0.993083	0.0013682	1.13364e-13	9.50406e-14	0.130711	0.131099	0.993101	0.993102	1.87021e-05	0.000962124	0.000961024	1.87143e-05	4.78645e-05	1.19032	1.19029	1.19032	
0.993102	0.993093	0.993102	0.00890778	5.7074e-05	0.993102	0.993102	4.00644e-05	0.047194	0.993102	0.993102	2.42642e-24	0.993102	0.993102	0.993083	0.00136766	1.13226e-13	9.49069e-14	0.130873	0.131259	0.993101	0.993102	1.86651e-05	0.000961375	0.000960277	1.86769e-05	4.78079e-05	1.19035	1.19032	1.19035	
0.993102	0.993093	0.993102	0.00891732	5.7024e-05	0.993102	0.993102	4.00129e-05	0.0472115	0.993102	0.993102	2.41999e-24	0.993102	0.993102	0.993083	0.00136729	1.13102e-13	9.47848e-14	0.13102	0.131405	0.993101	0.993102	1.86324e-05	0.000960727	0.000959631	1.86439e-05	4.77568e-05	1.19021	1.19019	1.19021	
0.993102	0.993093	0.993102	0.00892611	5.7029e-05	0.993102	0.993102	4.00003e-05	0.0471892	0.993102	0.993102	2.41844e-24	0.993102	0.993102	0.993083	0.00136701	1.13088e-13	9.47548e-14	0.131057	0.13144	0.993101	0.993102	1.86192e-05	0.000960156	0.000959063	1.86305e-05	4.77519e-05	1.19037	1.19034	1.19037	
0.993102	0.993093	0.993102	0.00893247	5.69907e-05	0.993102	0.993102	3.99578e-05	0.0472128	0.993102	0.993102	2.41387e-24	0.993102	0.993102	0.993083	0.00136708	1.12988e-13	9.4654e-14	0.131179	0.131561	0.993101	0.993102	1.85968e-05	0.000959837	0.000958745	1.8608e-05	4.77109e-05	1.19041	1.19038	1.19041	
0.993102	0.993093	0.993102	0.00893886	5.69528e-05	0.993102	0.993102	3.9917e-05	0.0472336	0.993102	0.993102	2.40931e-24	0.993102	0.993102	0.993083	0.00136705	1.12892e-13	9.45573e-14	0.131297	0.131677	0.993101	0.993102	1.85743e-05	0.000959484	0.000958393	1.85852e-05	4.76713e-05	1.19031	1.19028	1.19031	
0.993102	0.993093	0.993102	0.00894513	5.69555e-05	0.993102	0.993102	3.99057e-05	0.0472219	0.993102	0.993102	2.40822e-24	0.993102	0.993102	0.993083	0.00136699	1.12879e-13	9.45303e-14	0.131329	0.131709	0.993101	0.993102	1.8565e-05	0.00095912	0.00095803	1.8576e-05	4.76655e-05	1.19028	1.19025	1.19028	
0.993102	0.993093	0.993102	0.00894987	5.69679e-05	0.993102	0.993102	3.99019e-05	0.047209	0.993102	0.993102	2.40834e-24	0.993102	0.993102	0.993083	0.00136711	1.12886e-13	9.45214e-14	0.131339	0.131719	0.993101	0.993102	1.8562e-05	0.000958903	0.000957815	1.8573e-05	4.76683e-05	1.19026	1.19022	1.19026	
0.993102	0.993093	0.993102	0.00895326	5.69847e-05	0.993102	0.993102	3.99025e-05	0.0471979	0.993102	0.993102	2.40919e-24	0.993102	0.993102	0.993083	0.00136737	1.12905e-13	9.45226e-14	0.131336	0.131718	0.993101	0.993102	1.85629e-05	0.000958803	0.000957715	1.85741e-05	4.76751e-05	1.19021	1.19018	1.19021	
0.993102	0.993093	0.993102	0.00895561	5.70108e-05	0.993102	0.993102	3.9911e-05	0.0471826	0.993102	0.993102	2.41109e-24	0.993102	0.993102	0.993083	0.0013677	1.12945e-13	9.45427e-14	0.13131	0.131693	0.993101	0.993102	1.85687e-05	0.000958782	0.000957695	1.85803e-05	4.76901e-05	1.19055	1.19052	1.19055	
0.993102	0.993093	0.993102	0.00895689	5.69345e-05	0.993102	0.993102	3.98494e-05	0.0472496	0.993102	0.993102	2.4045e-24	0.993102	0.993102	0.993083	0.00136804	1.1278e-13	9.43968e-14	0.131489	0.13187	0.993101	0.993102	1.85431e-05	0.00095884	0.000957753	1.85543e-05	4.76223e-05	1.19062	1.19059	1.19062	
0.993102	0.993093	0.993102	0.00896096	5.68576e-05	0.993102	0.993102	3.97889e-05	0.0473004	0.993102	0.993102	2.39708e-24	0.993102	0.993102	0.993083	0.00136785	1.12616e-13	9.42535e-14	0.131665	0.132044	0.993101	0.993102	1.85111e-05	0.00095856	0.000957473	1.8522e-05	4.75548e-05	1.19082	1.19079	1.19082	
0.993102	0.993093	0.993102	0.00896665	5.67452e-05	0.993102	0.993102	3.97037e-05	0.0473709	0.993102	0.993102	2.38625e-24	0.993102	0.993102	0.993083	0.00136739	1.12381e-13	9.40515e-14	0.131914	0.132291	0.993101	0.993102	1.84643e-05	0.000958106	0.00095702	1.84746e-05	4.74582e-05	1.19089	1.19086	1.19089	
0.993102	0.993093	0.993102	0.00897459	5.66433e-05	0.993102	0.993102	3.96252e-05	0.0474231	0.993102	0.993102	2.37575e-24	0.993102	0.993102	0.993083	0.00136664	1.12166e-13	9.38655e-14	0.132144	0.132519	0.993101	0.993102	1.84164e-05	0.000957426	0.000956341	1.84263e-05	4.73698e-05	1.19094	1.19092	1.19094	
0.993102	0.993093	0.993102	0.00898359	5.65544e-05	0.993102	0.993102	3.95544e-05	0.0474621	0.993102	0.993102	2.36613e-24	0.993102	0.993102	0.993083	0.00136582	1.11976e-13	9.36978e-14	0.132352	0.132724	0.993101	0.993102	1.8371e-05	0.000956665	0.000955582	1.83805e-05	4.72913e-05	1.19097	1.19095	1.19097	
0.993102	0.993093	0.993102	0.00899289	5.64824e-05	0.993102	0.993102	3.94941e-05	0.0474884	0.993102	0.993102	2.35789e-24	0.993102	0.993102	0.993083	0.00136506	1.11816e-13	9.35547e-14	0.13253	0.1329	0.993101	0.993102	1.83308e-05	0.000955908	0.000954828	1.83398e-05	4.72262e-05	1.191	1.19097	1.191	
0.993102	0.993093	0.993102	0.00900187	5.6423e-05	0.993102	0.993102	3.94413e-05	0.0475086	0.993102	0.993102	2.35083e-24	0.993102	0.993102	0.993083	0.00136443	1.11681e-13	9.34297e-14	0.132686	0.133053	0.993101	0.993102	1.82957e-05	0.000955215	0.000954137	1.83043e-05	4.71707e-05	1.19095	1.19093	1.19095	
0.993102	0.993093	0.993102	0.00901032	5.63925e-05	0.993102	0.993102	3.94081e-05	0.04751	0.993102	0.993102	2.34638e-24	0.993102	0.993102	0.993083	0.00136395	1.11602e-13	9.33508e-14	0.132785	0.13315	0.993101	0.993102	1.82712e-05	0.000954599	0.000953522	1.82796e-05	4.71386e-05	1.191	1.19098	1.191	
0.993102	0.993093	0.993102	0.00901746	5.63589e-05	0.993102	0.993102	3.93723e-05	0.0475213	0.993102	0.993102	2.34203e-24	0.993102	0.993102	0.993083	0.00136369	1.11517e-13	9.32659e-14	0.13289	0.133254	0.993101	0.993102	1.82485e-05	0.000954131	0.000953056	1.82567e-05	4.71037e-05	1.19102	1.191	1.19102	
0.993102	0.993093	0.993102	0.00902396	5.63318e-05	0.993102	0.993102	3.93414e-05	0.0475301	0.993102	0.993102	2.33839e-24	0.993102	0.993102	0.993083	0.00136352	1.11445e-13	9.31925e-14	0.132982	0.133345	0.993101	0.993102	1.82293e-05	0.000953727	0.000952653	1.82372e-05	4.70744e-05	1.19106	1.19104	1.19106	
0.993102	0.993093	0.993102	0.00902981	5.63008e-05	0.993102	0.993102	3.93081e-05	0.0475449	0.993102	0.993102	2.33459e-24	0.993102	0.993102	0.993083	0.00136341	1.11366e-13	9.31136e-14	0.133081	0.133442	0.993101	0.993102	1.82099e-05	0.000953382	0.000952309	1.82177e-05	4.7042e-05	1.19109	1.19107	1.19109	
0.993102	0.993093	0.993102	0.00903539	5.62716e-05	0.993102	0.993102	3.92768e-05	0.0475586	0.993102	0.993102	2.33101e-24	0.993102	0.993102	0.993083	0.00136331	1.11291e-13	9.30393e-14	0.133174	0.133534	0.993101	0.993102	1.81917e-05	0.000953052	0.000951981	1.81993e-05	4.70113e-05	1.1911	1.19108	1.1911	
0.993102	0.993093	0.993102	0.00904068	5.62484e-05	0.993102	0.993102	3.92502e-05	0.0475681	0.993102	0.993102	2.32801e-24	0.993102	0.993102	0.993083	0.00136322	1.1123e-13	9.29763e-14	0.133253	0.133612	0.993101	0.993102	1.81758e-05	0.00095274	0.000951669	1.81833e-05	4.6986e-05	1.19111	1.19109	1.19111	
0.993102	0.993093	0.993102	0.00904556	5.62303e-05	0.993102	0.993102	3.92277e-05	0.047575	0.993102	0.993102	2.32552e-24	0.993102	0.993102	0.993083	0.00136317	1.1118e-13	9.29229e-14	0.133319	0.133678	0.993101	0.993102	1.81623e-05	0.00095246	0.00095139	1.81698e-05	4.6965e-05	1.1911	1.19108	1.1911	
0.993102	0.993093	0.993102	0.00904996	5.62191e-05	0.993102	0.993102	3.92105e-05	0.0475779	0.993102	0.993102	2.32372e-24	0.993102	0.993102	0.993083	0.00136314	1.11145e-13	9.28821e-14	0.13337	0.133729	0.993101	0.993102	1.81519e-05	0.000952218	0.000951149	1.81594e-05	4.69501e-05	1.19106	1.19104	1.19106	
0.993102	0.993093	0.993102	0.00905377	5.62226e-05	0.993102	0.993102	3.92042e-05	0.047571	0.993102	0.993102	2.32328e-24	0.993102	0.993102	0.993083	0.00136318	1.1114e-13	9.28672e-14	0.133388	0.133747	0.993101	0.993102	1.81473e-05	0.000952022	0.000950955	1.81549e-05	4.69475e-05	1.19104	1.19101	1.19104	
0.993102	0.993093	0.993102	0.00905667	5.62343e-05	0.993102	0.993102	3.92043e-05	0.0475613	0.993102	0.993102	2.32375e-24	0.993102	0.993102	0.993083	0.00136331	1.11153e-13	9.28674e-14	0.133386	0.133747	0.993101	0.993102	1.81471e-05	0.000951909	0.000950842	1.81548e-05	4.6952e-05	1.19111	1.19109	1.19111	
0.993102	0.993093	0.993102	0.00905865	5.62225e-05	0.993102	0.993102	3.91889e-05	0.0475731	0.993102	0.993102	2.32246e-24	0.993102	0.993102	0.993083	0.0013635	1.11119e-13	9.2831e-14	0.133432	0.133792	0.993101	0.993102	1.81409e-05	0.000951871	0.000950804	1.81486e-05	4.69379e-05	1.19119	1.19117	1.19119	
0.993102	0.993093	0.993102	0.00906086	5.61922e-05	0.993102	0.993102	3.91617e-05	0.0475968	0.993102	0.993102	2.31956e-24	0.993102	0.993102	0.993083	0.00136359	1.1105e-13	9.27664e-14	0.133513	0.133873	0.993101	0.993102	1.81281e-05	0.000951786	0.000950719	1.81357e-05	4.69091e-05	1.19121	1.19119	1.19121	
0.993102	0.993093	0.993102	0.00906378	5.6164e-05	0.993102	0.993102	3.91366e-05	0.0476139	0.993102	0.993102	2.31662e-24	0.993102	0.993102	0.993083	0.00136351	1.10986e-13	9.27069e-14	0.133588	0.133947	0.993101	0.993102	1.81143e-05	0.000951608	0.000950542	1.81218e-05	4.68827e-05	1.19126	1.19124	1.19126	
0.993102	0.993093	0.993102	0.009067	5.61288e-05	0.993102	0.993102	3.91068e-05	0.0476348	0.993102	0.993102	2.31303e-24	0.993102	0.993102	0.993083	0.00136338	1.10908e-13	9.26364e-14	0.133677	0.134035	0.993101	0.993102	1.80977e-05	0.000951394	0.000950328	1.8105e-05	4.68505e-05	1.19132	1.1913	1.19132	
0.993102	0.993093	0.993102	0.00907066	5.60882e-05	0.993102	0.993102	3.90734e-05	0.0476578	0.993102	0.993102	2.30888e-24	0.993102	0.993102	0.993083	0.00136318	1.10819e-13	9.25571e-14	0.133777	0.134135	0.993101	0.993102	1.80785e-05	0.000951133	0.000950067	1.80856e-05	4.68139e-05	1.1913	1.19128	1.1913	
0.993102	0.993093	0.993102	0.00907477	5.60637e-05	0.993102	0.993102	3.90509e-05	0.047666	0.993102	0.993102	2.30595e-24	0.993102	0.993102	0.993083	0.00136292	1.10763e-13	9.25038e-14	0.133844	0.134201	0.993101	0.993102	1.80635e-05	0.000950827	0.000949762	1.80706e-05	4.67903e-05	1.19131	1.19129	1.19131	
0.993102	0.993093	0.993102	0.00907859	5.60442e-05	0.993102	0.993102	3.90318e-05	0.047672	0.993102	0.993102	2.30352e-24	0.993102	0.993102	0.993083	0.00136273	1.10716e-13	9.24584e-14	0.133902	0.134258	0.993101	0.993102	1.80509e-05	0.000950559	0.000949495	1.80579e-05	4.6771e-05	1.19133	1.19131	1.19133	
0.993102	0.993093	0.993102	0.00908206	5.60242e-05	0.993102	0.993102	3.90121e-05	0.0476804	0.993102	0.993102	2.30115e-24	0.993102	0.993102	0.993083	0.00136259	1.10668e-13	9.24119e-14	0.133961	0.134317	0.993101	0.993102	1.80388e-05	0.00095033	0.000949267	1.80457e-05	4.6751e-05	1.19137	1.19135	1.19137	
0.993102	0.993093	0.993102	0.00908536	5.60009e-05	0.993102	0.993102	3.89903e-05	0.0476922	0.993102	0.993102	2.29854e-24	0.993102	0.993102	0.993083	0.00136248	1.10613e-13	9.23601e-14	0.134026	0.134382	0.993101	0.993102	1.8026e-05	0.000950118	0.000949056	1.80328e-05	4.67284e-05	1.19134	1.19132	1.19134	
0.993102	0.993093	0.993102	0.00908867	5.59912e-05	0.993102	0.993102	3.8978e-05	0.0476929	0.993102	0.993102	2.29705e-24	0.993102	0.993102	0.993083	0.00136236	1.10586e-13	9.23309e-14	0.134063	0.134418	0.993101	0.993102	1.80175e-05	0.000949903	0.000948841	1.80243e-05	4.67171e-05	1.19139	1.19137	1.19139	
0.993102	0.993093	0.993102	0.00909147	5.59714e-05	0.993102	0.993102	3.89588e-05	0.0477041	0.993102	0.993102	2.29487e-24	0.993102	0.993102	0.993083	0.00136231	1.10539e-13	9.22854e-14	0.134121	0.134475	0.993101	0.993102	1.80068e-05	0.000949739	0.000948677	1.80135e-05	4.66975e-05	1.19139	1.19138	1.19139	
