0.25	5.42631e-30	0.25	0.998264	0.25	0.748264	0.998264	0.748882	0.748264	0.25	0.25	0.000618156	0.000618156	0.25	0.25	1.27727e-12	0.25	1.27727e-12	2.63265e-21	0.000618156	0.25	1.27727e-12	0.000618156	0.000618156	0.000618156	0.000618156	0.25	0	0	0	
0.25	5.42631e-30	0.25	0.998264	0.25	0.748264	0.998264	0.748882	0.748264	0.25	0.25	0.000618156	0.000618156	0.25	0.25	1.27727e-12	0.25	1.27727e-12	2.63265e-21	0.000618156	0.25	1.27727e-12	0.000618156	0.000618156	0.000618156	0.000618156	0.25	0	0	0	
0.437034	8.97827e-28	0.432469	0.996964	0.437066	0.559898	0.996964	0.560979	0.559898	0.437066	0.437066	0.0676979	0.250462	0.437066	0.437066	0.000624352	0.432469	1.97218e-10	6.0643e-17	0.000466719	0.252608	2.84176e-08	0.0676979	0.0683071	0.00108837	0.0010807	0.437034	0.00466749	1.78077e-15	0.00466749	
0.5759	4.97622e-26	0.331456	0.995992	0.57704	0.418952	0.995992	0.420323	0.419017	0.57704	0.57704	0.284127	0.437412	0.57704	0.57704	0.250439	0.330776	7.88176e-09	1.11467e-13	0.000349337	0.189019	5.08842e-05	0.284127	0.286272	0.00144601	0.0014268	0.575362	0.0124667	0	0.0123829	
0.667908	1.19876e-24	0.248051	0.995265	0.681778	0.313486	0.995265	0.314995	0.336039	0.681778	0.681778	0.461348	0.577299	0.681778	0.681778	0.437394	0.247535	1.16795e-07	3.10155e-11	0.000261404	0.141436	0.0131621	0.461346	0.463251	0.00171648	0.00168497	0.647532	0.0229515	0	0.0182938	
0.684081	5.97575e-24	0.185609	0.99472	0.76015	0.23457	0.99472	0.236129	0.467858	0.76015	0.76015	0.59491	0.681972	0.76015	0.760149	0.577286	0.185222	8.28551e-07	2.11319e-09	0.0001956	0.105831	0.206537	0.59488	0.596413	0.00169052	0.00165489	0.581151	0.0348724	0	0.0225262	
0.613623	4.47794e-24	0.138887	0.994313	0.818792	0.17552	0.994313	0.177081	0.545348	0.818792	0.818792	0.689888	0.760295	0.818792	0.81879	0.681962	0.138595	3.45018e-06	5.05814e-08	0.000146361	0.0791897	0.401656	0.688431	0.692095	0.00127098	0.00124413	0.459576	0.0479099	3.38497e-35	0.0261029	
0.508042	3.35079e-24	0.103929	0.994008	0.862673	0.131336	0.994008	0.13287	0.609261	0.862672	0.862673	0.736967	0.818901	0.862673	0.862667	0.760287	0.103705	9.6851e-06	5.57801e-07	0.000109517	0.0592547	0.550267	0.722604	0.74151	0.000951416	0.000931316	0.350976	0.058204	9.91167e-17	0.0280468	
0.404626	2.50728e-24	0.077773	0.99378	0.895506	0.0982736	0.99378	0.0997751	0.6575	0.895506	0.895506	0.708867	0.862754	0.895506	0.895494	0.818895	0.0775989	2.12374e-05	3.46511e-06	8.19474e-05	0.0443382	0.661697	0.661183	0.711594	0.000711955	0.000696914	0.265382	0.066403	6.13107e-14	0.0294116	
0.316724	1.8761e-24	0.0582046	0.993609	0.920075	0.0735345	0.993609	0.0750017	0.69434	0.920074	0.920075	0.618865	0.895567	0.920075	0.920051	0.86275	0.0580644	3.88934e-05	1.40448e-05	6.13183e-05	0.0331766	0.745111	0.546523	0.614087	0.000532739	0.000521484	0.199933	0.073692	2.03148e-12	0.0307559	
0.246149	1.40382e-24	0.0435653	0.993482	0.938458	0.0550232	0.993482	0.0564556	0.723633	0.938458	0.938458	0.509113	0.92012	0.938459	0.938419	0.895564	0.0434475	6.17104e-05	4.13558e-05	4.58823e-05	0.0248249	0.807535	0.430766	0.498027	0.000398632	0.00039021	0.150388	0.0775303	2.69971e-11	0.0310143	
0.19064	1.05043e-24	0.0326145	0.993386	0.952214	0.0411719	0.993386	0.0425765	0.743052	0.952213	0.952214	0.406948	0.938492	0.952214	0.952157	0.920118	0.0325102	8.99028e-05	9.5708e-05	3.43321e-05	0.0185755	0.854247	0.33327	0.392791	0.000298283	0.000291981	0.113067	0.0806421	1.91216e-10	0.0312568	
0.147618	7.85996e-25	0.0244224	0.993315	0.962507	0.0308074	0.993315	0.0321896	0.757997	0.962506	0.962507	0.321691	0.95224	0.962507	0.96243	0.938491	0.0243262	0.000121473	0.000184425	2.56895e-05	0.0138994	0.8892	0.256063	0.306456	0.000223195	0.000218479	0.0850079	0.0820587	9.34186e-10	0.0310816	
0.114481	5.88132e-25	0.0182942	0.993261	0.970209	0.0230521	0.993261	0.0244187	0.767735	0.970208	0.970209	0.253324	0.962526	0.970209	0.970112	0.952238	0.0182024	0.000155715	0.000308876	1.92225e-05	0.0104004	0.915355	0.196305	0.238159	0.000167009	0.00016348	0.0639389	0.0830344	3.56132e-09	0.0308916	
0.0890891	4.40078e-25	0.0137095	0.993221	0.975972	0.017249	0.993221	0.0186053	0.774942	0.975971	0.975971	0.199824	0.970223	0.975972	0.975854	0.962525	0.0136202	0.000190748	0.000464236	1.43835e-05	0.00778225	0.934926	0.150607	0.185201	0.000124967	0.000122327	0.0481284	0.0847167	1.17773e-08	0.0310405	
0.0697356	3.29294e-25	0.0102796	0.993191	0.980284	0.0129068	0.993191	0.0142543	0.781835	0.980283	0.980283	0.158171	0.975983	0.980284	0.980145	0.970223	0.0101915	0.000223336	0.000641444	1.07627e-05	0.00582318	0.949571	0.115719	0.144299	9.35082e-05	9.15326e-05	0.0362653	0.0844965	3.29311e-08	0.0306261	
0.054955	2.46399e-25	0.00771401	0.993169	0.983511	0.0096577	0.993168	0.0110014	0.784597	0.98351	0.983509	0.125951	0.980292	0.983511	0.983354	0.975982	0.00762592	0.000255419	0.000829869	8.05332e-06	0.00435727	0.960529	0.0892278	0.11293	6.99689e-05	6.84907e-05	0.0273714	0.084112	7.69034e-08	0.0302267	
0.0436815	1.84371e-25	0.00579392	0.993152	0.985926	0.0072265	0.993151	0.00857001	0.786416	0.985924	0.985923	0.101496	0.983517	0.985926	0.985752	0.980292	0.0057062	0.00028608	0.0010194	6.02601e-06	0.00326039	0.968728	0.0692823	0.0891916	5.23553e-05	5.12492e-05	0.0207052	0.0833226	1.68427e-07	0.0295921	
0.035065	1.37958e-25	0.00435666	0.993139	0.987732	0.00540733	0.993139	0.00675503	0.786977	0.987731	0.98773	0.0830513	0.98593	0.987732	0.987543	0.983517	0.00426974	0.000315337	0.00120185	4.50906e-06	0.00243963	0.974864	0.0543138	0.0712903	3.91757e-05	3.8348e-05	0.015712	0.0823392	3.38471e-07	0.0289716	
0.0284778	1.03229e-25	0.00328043	0.99313	0.989084	0.00404611	0.993129	0.00540122	0.786808	0.989083	0.989081	0.0693067	0.987735	0.989084	0.988881	0.98593	0.00319489	0.000343065	0.00137138	3.37397e-06	0.00182549	0.979455	0.0431515	0.0579094	2.93138e-05	2.86945e-05	0.0119732	0.0812884	6.24549e-07	0.0283879	
0.0234396	7.72427e-26	0.00247428	0.993123	0.990096	0.00302756	0.993122	0.00439227	0.786207	0.990094	0.990092	0.0591924	0.989086	0.990096	0.98988	0.987735	0.00239062	0.000369104	0.00152444	2.52463e-06	0.00136594	0.98289	0.0348839	0.0479968	2.19346e-05	2.14712e-05	0.00917479	0.0802897	1.05621e-06	0.0278664	
0.0195848	5.77979e-26	0.00187026	0.993118	0.990852	0.00226541	0.993117	0.00364098	0.785445	0.990851	0.990849	0.0518543	0.990097	0.990852	0.990625	0.989086	0.00178882	0.000393214	0.00165946	1.88909e-06	0.00102209	0.985461	0.028806	0.0407243	1.64129e-05	1.60662e-05	0.00708094	0.0790674	1.41145e-06	0.0273068	
0.0166259	4.32481e-26	0.00141752	0.993114	0.991419	0.00169512	0.993113	0.0030828	0.784108	0.991417	0.991415	0.0466592	0.990854	0.991419	0.991181	0.990097	0.00133851	0.00041599	0.00177628	1.41355e-06	0.00076479	0.987384	0.0244032	0.0354841	1.22813e-05	1.20218e-05	0.00551574	0.0777241	2.82244e-06	0.0267248	
0.0143457	3.23609e-26	0.00107788	0.993111	0.991843	0.0012684	0.99311	0.00266933	0.782454	0.991841	0.991839	0.0431895	0.99142	0.991843	0.991596	0.990854	0.00100155	0.000437781	0.00187576	1.05771e-06	0.000572264	0.988823	0.021309	0.0318526	9.18976e-06	8.9956e-06	0.00434715	0.0765547	4.22978e-06	0.0262248	
0.012587	2.42145e-26	0.000822887	0.993109	0.99216	0.000949098	0.993107	0.00236358	0.781005	0.992157	0.992156	0.0410564	0.991843	0.99216	0.991904	0.99142	0.000749427	0.000458188	0.0019593	7.91456e-07	0.000428205	0.9899	0.0192113	0.0294561	6.87647e-06	6.73118e-06	0.00347529	0.0752159	6.29327e-06	0.0256841	
0.0112207	1.81188e-26	0.000631348	0.993107	0.992397	0.000710175	0.993106	0.00213877	0.77915	0.992395	0.992393	0.0399424	0.99216	0.992397	0.992134	0.991843	0.000560769	0.000477859	0.00202866	5.92224e-07	0.00032041	0.990706	0.017881	0.0280088	5.14552e-06	5.0368e-06	0.00282632	0.0739641	8.97351e-06	0.0251832	
0.0101553	1.35577e-26	0.000487241	0.993106	0.992574	0.000531399	0.993104	0.00197428	0.777416	0.992572	0.992571	0.0396759	0.992397	0.992574	0.992304	0.99216	0.000419603	0.000496662	0.00208566	4.43146e-07	0.000239751	0.991309	0.0171624	0.0273313	3.85031e-06	3.76896e-06	0.00234421	0.072724	1.24669e-05	0.0246949	
0.00931885	1.01447e-26	0.000378721	0.993105	0.992707	0.000397627	0.993103	0.00185486	0.775635	0.992704	0.992703	0.0400505	0.992575	0.992707	0.99243	0.992397	0.000313974	0.000514733	0.00213209	3.31597e-07	0.000179397	0.99176	0.0169124	0.0272407	2.88116e-06	2.82029e-06	0.00198716	0.0714907	1.69246e-05	0.024219	
0.00865706	7.59092e-27	0.000296864	0.993104	0.992807	0.00029753	0.993103	0.00176911	0.773829	0.992804	0.992803	0.0409453	0.992708	0.992807	0.992523	0.992575	0.000234935	0.000532219	0.00216961	2.48128e-07	0.000134236	0.992098	0.0170386	0.0276241	2.15599e-06	2.11043e-06	0.00172386	0.0701104	2.25065e-05	0.0237554	
0.00812868	5.68001e-27	0.000234993	0.993104	0.992881	0.000222631	0.993102	0.00170849	0.771733	0.992878	0.992877	0.0423021	0.992807	0.992881	0.992592	0.992708	0.000175793	0.000549719	0.00219972	1.85671e-07	0.000100444	0.99235	0.0175008	0.0284428	1.61337e-06	1.57928e-06	0.00153081	0.0688713	2.90165e-05	0.0233331	
0.00770431	4.25014e-27	0.000188051	0.993103	0.992937	0.000166587	0.993102	0.00166639	0.769899	0.992933	0.992933	0.0440802	0.992881	0.992937	0.992642	0.992807	0.00013154	0.000566846	0.00222372	1.38937e-07	7.51586e-05	0.992539	0.0182494	0.0296394	1.20735e-06	1.18184e-06	0.00139013	0.0675858	3.72544e-05	0.0228938	
0.00735789	3.18023e-27	0.000152373	0.993103	0.992978	0.000124651	0.993102	0.0016383	0.767926	0.992974	0.992975	0.0461663	0.992937	0.992978	0.992678	0.992881	9.84264e-05	0.000583887	0.00224275	1.03967e-07	5.62385e-05	0.992681	0.0192255	0.0311259	9.03549e-07	8.84456e-07	0.00128896	0.0660819	4.16703e-05	0.0223928	
0.00706666	2.37965e-27	0.000125107	0.993103	0.99301	9.32723e-05	0.993101	0.00162122	0.765567	0.993005	0.993006	0.048622	0.992978	0.99301	0.992705	0.992937	7.36489e-05	0.000601651	0.00225769	7.78002e-08	4.20812e-05	0.992787	0.0204653	0.0329532	6.7623e-07	6.61939e-07	0.0012181	0.065164	5.87619e-05	0.0220505	
0.00682818	1.7806e-27	0.000104119	0.993103	0.993033	6.97926e-05	0.993101	0.00161115	0.764298	0.993028	0.993029	0.051351	0.99301	0.993033	0.992722	0.992978	5.51088e-05	0.000618099	0.00226945	5.82204e-08	3.14878e-05	0.992866	0.0218671	0.034997	5.06141e-07	4.95443e-07	0.00116849	0.0639141	7.32336e-05	0.0216173	
0.00662399	1.33236e-27	8.80602e-05	0.993103	0.99305	5.22236e-05	0.993101	0.00160708	0.762258	0.993045	0.993047	0.0541136	0.993033	0.99305	0.992735	0.99301	4.12359e-05	0.000634734	0.00227866	4.35695e-08	2.35612e-05	0.992925	0.0233556	0.0371201	3.78874e-07	3.70865e-07	0.00113581	0.0628037	8.91536e-05	0.021225	
0.00644859	9.96958e-28	7.55612e-05	0.993102	0.993063	3.90774e-05	0.993101	0.00160719	0.760581	0.993057	0.99306	0.0571283	0.99305	0.993063	0.992743	0.993033	3.08553e-05	0.000651108	0.00228583	3.26066e-08	1.763e-05	0.992969	0.0250149	0.0394621	2.83651e-07	2.77653e-07	0.00111549	0.0615125	9.54043e-05	0.0207911	
0.00629218	7.45988e-28	6.5809e-05	0.993102	0.993073	2.92405e-05	0.993101	0.00161079	0.758517	0.993067	0.99307	0.060328	0.993063	0.993073	0.992748	0.99305	2.30879e-05	0.000668013	0.00229126	2.44034e-08	1.31919e-05	0.993003	0.0268365	0.0419969	2.12404e-07	2.07911e-07	0.00110488	0.0609447	0.000123544	0.020539	
0.00616225	5.58196e-28	5.80929e-05	0.993102	0.99308	2.188e-05	0.993101	0.00161554	0.757816	0.993073	0.993077	0.0635926	0.993073	0.99308	0.992749	0.993063	1.72759e-05	0.000682762	0.00229557	1.82651e-08	9.871e-06	0.993027	0.0286755	0.0445513	1.59099e-07	1.55732e-07	0.00109978	0.0597879	0.000151467	0.0201172	
0.00604256	4.17678e-28	5.21236e-05	0.993102	0.993086	1.63724e-05	0.993101	0.00162257	0.755805	0.993078	0.993083	0.0666705	0.99308	0.993086	0.992751	0.993073	1.29269e-05	0.000698104	0.00229901	1.3672e-08	7.38611e-06	0.993046	0.0304924	0.0470164	1.19216e-07	1.1669e-07	0.00110072	0.0589562	0.000175684	0.0197984	
0.00593653	3.12534e-28	4.72641e-05	0.993102	0.99309	1.22512e-05	0.993101	0.00163047	0.754615	0.993082	0.993087	0.0699915	0.993086	0.99309	0.99275	0.99308	9.67273e-06	0.000712742	0.0023017	1.0235e-08	5.52676e-06	0.99306	0.032455	0.0496714	8.93791e-08	8.74831e-08	0.00110509	0.0581524	0.000201999	0.0194831	
0.00584123	2.33858e-28	4.33842e-05	0.993102	0.993093	9.16754e-06	0.993101	0.00163901	0.75333	0.993084	0.99309	0.0732158	0.99309	0.993093	0.992749	0.993086	7.23775e-06	0.000726794	0.00230384	7.66318e-09	4.13547e-06	0.99307	0.0343943	0.0522644	6.70577e-08	6.56326e-08	0.00111206	0.0516877	0.000239326	0.0172923	
0.00565526	1.74988e-28	3.99438e-05	0.993102	0.993095	6.86011e-06	0.993101	0.00166414	0.740942	0.993085	0.993092	0.0787716	0.993093	0.993095	0.992757	0.99309	5.41575e-06	0.000764003	0.00230567	5.7382e-09	3.09442e-06	0.993078	0.0384539	0.0572518	5.03601e-08	4.9287e-08	0.00114356	0.0479298	0.000464429	0.0157162	
0.00544948	1.30938e-28	3.55494e-05	0.993102	0.993097	5.13362e-06	0.993101	0.00169693	0.736401	0.993084	0.993094	0.0907772	0.993095	0.993097	0.992747	0.993093	4.05241e-06	0.000809025	0.00230907	4.29751e-09	2.31544e-06	0.993084	0.0467183	0.0675048	3.79175e-08	3.71048e-08	0.00118886	0.0468431	0.000885635	0.0151617	
0.00528984	9.79773e-29	3.17162e-05	0.993102	0.993098	3.84179e-06	0.993101	0.0017265	0.734949	0.993083	0.993096	0.102767	0.993097	0.993098	0.992733	0.993095	3.03227e-06	0.000847932	0.00231578	3.21941e-09	1.73256e-06	0.993088	0.0550656	0.0778002	2.86297e-08	2.80087e-08	0.00123308	0.0443738	0.00119868	0.0142541	
0.00514273	7.33139e-29	2.8615e-05	0.993102	0.993099	2.87517e-06	0.993101	0.00175697	0.730135	0.993081	0.993097	0.11396	0.993098	0.993099	0.992725	0.993097	2.26894e-06	0.000889319	0.00232378	2.41253e-09	1.29641e-06	0.993091	0.063435	0.0878257	2.16877e-08	2.1208e-08	0.00128108	0.0387953	0.00108535	0.0126926	
0.00495691	5.48592e-29	2.57125e-05	0.993102	0.9931	2.15189e-06	0.993101	0.0017945	0.72013	0.993077	0.993098	0.129469	0.993099	0.9931	0.99272	0.993098	1.69777e-06	0.000950337	0.00232772	1.8084e-09	9.70059e-07	0.993094	0.0762674	0.102739	1.65203e-08	1.61451e-08	0.00133918	0.0356597	0.00126231	0.0116694	
0.00478193	4.10508e-29	2.2692e-05	0.993102	0.993101	1.61077e-06	0.993101	0.00183248	0.716399	0.993071	0.993098	0.151308	0.9931	0.993101	0.992702	0.993099	1.27038e-06	0.00101442	0.00233186	1.35615e-09	7.2586e-07	0.993096	0.0946009	0.123828	1.27186e-08	1.24168e-08	0.00139994	0.0350844	0.00187485	0.011241	
0.00465971	3.07186e-29	2.01587e-05	0.993102	0.993101	1.20593e-06	0.993101	0.00186511	0.715655	0.993065	0.993099	0.170859	0.993101	0.993101	0.992681	0.9931	9.50583e-07	0.00106587	0.00234132	1.01771e-09	5.43134e-07	0.993097	0.111249	0.142786	9.90193e-09	9.64856e-09	0.00145724	0.0336764	0.00242098	0.0106378	
0.0045665	2.29874e-29	1.81807e-05	0.993102	0.993101	9.03001e-07	0.993101	0.00189551	0.712454	0.99306	0.993099	0.186926	0.993101	0.993101	0.992667	0.993101	7.11289e-07	0.00111313	0.00235414	7.64394e-10	4.06408e-07	0.993098	0.125753	0.158912	7.80034e-09	7.57864e-09	0.0015147	0.035398	0.00363926	0.0109549	
0.00456553	1.72026e-29	1.65288e-05	0.993102	0.993102	6.76414e-07	0.993101	0.0019151	0.715571	0.993056	0.9931	0.199184	0.993101	0.993102	0.992644	0.993101	5.32234e-07	0.00113783	0.0023778	5.74945e-10	3.041e-07	0.993099	0.136658	0.171327	6.25391e-09	6.0443e-09	0.00156267	0.0364351	0.00415117	0.0109226	
0.00458741	1.28738e-29	1.54801e-05	0.993102	0.993102	5.06846e-07	0.993101	0.00193008	0.71638	0.993055	0.9931	0.204238	0.993102	0.993102	0.992632	0.993101	3.98253e-07	0.00115005	0.00240135	4.33249e-10	2.27547e-07	0.993099	0.141254	0.176411	5.0717e-09	4.87007e-09	0.00160354	0.0417343	0.00549826	0.0119196	
0.0047187	9.63458e-30	1.48109e-05	0.993102	0.993102	3.80036e-07	0.993101	0.00193149	0.725113	0.993057	0.9931	0.201874	0.993102	0.993102	0.992611	0.993102	2.98001e-07	0.0011292	0.00243553	3.27563e-10	1.70265e-07	0.9931	0.13832	0.173318	4.18093e-09	3.97677e-09	0.00162854	0.039197	0.005101	0.0109769	
0.00475018	7.21031e-30	1.48544e-05	0.993102	0.993102	2.84998e-07	0.993101	0.00194181	0.718463	0.993059	0.9931	0.195693	0.993102	0.993102	0.992624	0.993102	2.22986e-07	0.00112757	0.00245603	2.48315e-10	1.27403e-07	0.9931	0.133601	0.167322	3.45255e-09	3.25726e-09	0.00166018	0.0416093	0.00573181	0.0112297	
0.00481764	5.39664e-30	1.44346e-05	0.993102	0.993102	2.14016e-07	0.993101	0.00194703	0.724287	0.993061	0.9931	0.193775	0.993102	0.993102	0.992611	0.993102	1.66855e-07	0.00111305	0.00247913	1.89175e-10	9.53311e-08	0.9931	0.131189	0.164357	2.95371e-09	2.7549e-09	0.00168495	0.0432998	0.00629921	0.0113302	
0.00490228	4.03922e-30	1.45385e-05	0.993102	0.993102	1.60849e-07	0.993101	0.00194994	0.725761	0.993063	0.9931	0.186446	0.993102	0.993102	0.992612	0.993102	1.24854e-07	0.00109324	0.00250358	1.45039e-10	7.13328e-08	0.993101	0.124739	0.156555	2.53977e-09	2.3409e-09	0.00170674	0.0438223	0.006545	0.011209	
0.00497214	3.02343e-30	1.47189e-05	0.993102	0.993102	1.21058e-07	0.993101	0.00195332	0.726208	0.993066	0.9931	0.179433	0.993102	0.993102	0.992615	0.993102	9.34261e-08	0.00107572	0.00252499	1.1205e-10	5.33757e-08	0.993101	0.118684	0.149145	2.22048e-09	2.02166e-09	0.00172741	0.0434633	0.00632633	0.0107799	
0.00499131	2.26333e-30	1.48556e-05	0.993102	0.993102	9.12755e-08	0.993101	0.00196009	0.725615	0.993068	0.9931	0.174274	0.993102	0.993102	0.992619	0.993102	6.99099e-08	0.00106446	0.00253809	8.73399e-11	3.99391e-08	0.993101	0.114082	0.143277	1.97873e-09	1.78155e-09	0.00174866	0.0452295	0.00680346	0.011011	
0.00504216	1.69459e-30	1.49307e-05	0.993102	0.993102	6.90274e-08	0.993101	0.00196287	0.728722	0.993069	0.9931	0.169317	0.993102	0.993102	0.992617	0.993102	5.23137e-08	0.00104704	0.00255391	6.89763e-11	2.9885e-08	0.993101	0.109434	0.137544	1.80167e-09	1.60251e-09	0.0017647	0.0574783	0.0086617	0.0135561	
0.00533052	1.26892e-30	1.54436e-05	0.993102	0.993102	5.25144e-08	0.993101	0.00194037	0.747882	0.993074	0.9931	0.155583	0.993102	0.993102	0.99259	0.993102	3.91475e-08	0.000979608	0.0025904	5.62413e-11	2.23619e-08	0.993101	0.0970427	0.123147	1.64986e-09	1.44308e-09	0.00174819	0.0592301	0.00873711	0.013862	
0.00556937	9.49922e-31	1.78577e-05	0.993102	0.993102	3.99013e-08	0.993101	0.00192066	0.748926	0.993079	0.9931	0.136187	0.993102	0.993102	0.992614	0.993102	2.92958e-08	0.000922404	0.00261934	4.68771e-11	1.67326e-08	0.993101	0.0825225	0.105542	1.44012e-09	1.24586e-09	0.00173128	0.0707126	0.0102944	0.0165418	
0.00603712	7.11227e-31	2.01486e-05	0.993102	0.993102	3.05873e-08	0.993101	0.0018815	0.766425	0.993083	0.9931	0.117115	0.993102	0.993102	0.992607	0.993102	2.19247e-08	0.000840761	0.00266303	4.11078e-11	1.25204e-08	0.993101	0.0683068	0.0883506	1.27886e-09	1.08987e-09	0.00168769	0.0756227	0.0108178	0.0176581	
0.00651131	5.32407e-31	2.49162e-05	0.993102	0.993102	2.34483e-08	0.993101	0.0018424	0.773225	0.993087	0.9931	0.0974691	0.993102	0.993102	0.992631	0.993102	1.64093e-08	0.000765596	0.00270421	3.74132e-11	9.36853e-09	0.993101	0.0550366	0.0718684	1.09864e-09	9.25445e-10	0.00164191	0.0793384	0.0111433	0.0181696	
0.00693185	3.9855e-31	3.00239e-05	0.993102	0.993102	1.80704e-08	0.993101	0.00180873	0.778527	0.99309	0.993099	0.0809126	0.993102	0.993102	0.992655	0.993102	1.22826e-08	0.000699583	0.00274077	3.5162e-11	7.01013e-09	0.993101	0.0441765	0.0582188	9.45678e-10	7.87809e-10	0.00160241	0.0726987	0.00979138	0.0172887	
0.00707062	2.98361e-31	3.48895e-05	0.993102	0.993102	1.39307e-08	0.993101	0.00179116	0.767246	0.993092	0.993099	0.0689501	0.993102	0.993102	0.992693	0.993102	9.19444e-09	0.000668172	0.00274999	3.25862e-11	5.24543e-09	0.993101	0.0365005	0.0485783	8.18709e-10	6.7758e-10	0.00157593	0.073172	0.00932279	0.0175661	
0.00715956	2.23479e-31	3.60727e-05	0.993102	0.993102	1.09337e-08	0.993101	0.0017756	0.770282	0.993094	0.993099	0.0620367	0.993102	0.993102	0.992702	0.993102	6.8837e-09	0.000643306	0.00275087	3.07186e-11	3.92496e-09	0.993101	0.0315576	0.0425524	7.51771e-10	6.18433e-10	0.00154849	0.0679649	0.0080746	0.015635	
0.0070039	1.67416e-31	3.71775e-05	0.993102	0.993102	8.61953e-09	0.993101	0.00178107	0.761521	0.993095	0.993099	0.05757	0.993102	0.993102	0.992722	0.993102	5.1545e-09	0.000640423	0.0027349	2.86945e-11	2.93691e-09	0.993101	0.0283384	0.0384814	6.93445e-10	5.70263e-10	0.00154775	0.0647492	0.00739959	0.0154179	
0.00683024	1.25554e-31	3.63311e-05	0.993102	0.993102	6.93488e-09	0.993101	0.00178713	0.757814	0.993095	0.993099	0.057256	0.993102	0.993102	0.992729	0.993102	3.86044e-09	0.000648824	0.00271376	2.68243e-11	2.19758e-09	0.993101	0.0275378	0.0376357	6.74892e-10	5.56549e-10	0.00154532	0.0524201	0.00567335	0.0118508	
0.00639871	9.42513e-32	3.45462e-05	0.993102	0.993102	5.61282e-09	0.993101	0.0018252	0.735463	0.993094	0.993099	0.0625907	0.993102	0.993102	0.992747	0.993102	2.89168e-09	0.000702501	0.0026752	2.42551e-11	1.64437e-09	0.993101	0.0308384	0.0414332	6.73033e-10	5.6119e-10	0.00158766	0.0439671	0.00454275	0.00992383	
0.00592909	7.12449e-32	3.03827e-05	0.993102	0.993102	4.76877e-09	0.993101	0.00187282	0.725835	0.99309	0.9931	0.0817707	0.993102	0.993102	0.992737	0.993102	2.16648e-09	0.000782597	0.00263102	2.16819e-11	1.23042e-09	0.993101	0.043727	0.0565662	7.6656e-10	6.51427e-10	0.00164344	0.0356365	0.00337977	0.00754274	
0.0054284	5.43181e-32	2.63028e-05	0.993102	0.993102	4.16711e-09	0.993101	0.00193313	0.712401	0.993082	0.9931	0.109267	0.993102	0.993102	0.992727	0.993102	1.6236e-09	0.000889055	0.00258235	1.92143e-11	9.20679e-10	0.993101	0.0644269	0.0796245	8.92683e-10	7.74713e-10	0.00171911	0.035495	0.00309947	0.00723341	
0.00503188	4.23675e-32	2.23957e-05	0.993102	0.993102	3.90067e-09	0.993101	0.00198156	0.716343	0.993073	0.9931	0.141524	0.993102	0.993102	0.992689	0.993102	1.2174e-09	0.000969573	0.00254105	1.73595e-11	6.88911e-10	0.993101	0.0881107	0.106021	1.08591e-09	9.5762e-10	0.00177904	0.0110312	0.000964923	0.00249698	
0.00450349	3.30285e-32	1.94319e-05	0.993102	0.993102	3.38627e-09	0.993101	0.00207083	0.660811	0.993044	0.9931	0.188588	0.993102	0.993102	0.992717	0.993102	9.1271e-10	0.00122151	0.00248364	1.48177e-11	5.15487e-10	0.993101	0.140466	0.158638	1.19919e-09	1.08107e-09	0.0019016	0.00789905	0.000634912	0.00181029	
0.00408003	3.67692e-32	1.54104e-05	0.993102	0.993102	3.87915e-09	0.993101	0.00214574	0.676758	0.992932	0.9931	0.295264	0.993102	0.993102	0.992599	0.993102	6.84652e-10	0.00144203	0.0024348	1.28048e-11	3.8572e-10	0.993101	0.252732	0.270987	2.07336e-09	1.92303e-09	0.00200531	0.00249467	0.000118832	0.000682598	
0.00371909	3.37293e-32	1.27033e-05	0.993102	0.993102	3.79252e-09	0.993101	0.00221536	0.660074	0.992859	0.993101	0.362992	0.993102	0.993102	0.992586	0.993102	5.13883e-10	0.00166716	0.00239065	1.11226e-11	2.8862e-10	0.993101	0.329084	0.346217	2.40761e-09	2.25721e-09	0.00210347	0.002318	0.000112843	0.000624845	
0.00344825	3.73291e-32	1.03452e-05	0.993102	0.993102	4.0788e-09	0.993101	0.00226816	0.666153	0.992758	0.993101	0.433709	0.993102	0.993102	0.992521	0.993102	3.86102e-10	0.00183769	0.00235596	9.85851e-12	2.15964e-10	0.993101	0.406526	0.422588	2.9985e-09	2.8315e-09	0.00217824	0.00170231	6.92831e-05	0.000479358	
0.00324128	3.73744e-32	8.68762e-06	0.993102	0.993102	4.14086e-09	0.993101	0.00230944	0.66277	0.992698	0.993101	0.480352	0.993102	0.993102	0.992496	0.993102	2.90476e-10	0.00197259	0.00232833	8.89381e-12	1.61598e-10	0.993101	0.458653	0.473894	3.30473e-09	3.13131e-09	0.00223718	0.001407	5.18099e-05	0.000402829	
0.00308448	3.8751e-32	7.38473e-06	0.993102	0.993102	4.25899e-09	0.993101	0.00234127	0.663421	0.99264	0.993101	0.519551	0.993102	0.993102	0.992467	0.993102	2.18918e-10	0.00207706	0.00230652	8.16303e-12	1.20918e-10	0.993101	0.502214	0.516735	3.60909e-09	3.42691e-09	0.00228293	0.00142983	5.66846e-05	0.000396241	
0.00296753	3.94992e-32	6.42186e-06	0.993102	0.993102	4.33389e-09	0.993101	0.00236516	0.663267	0.9926	0.993101	0.5481	0.993102	0.993102	0.992448	0.993102	1.65375e-10	0.00215496	0.00228954	7.61691e-12	9.04785e-11	0.993101	0.533994	0.548017	3.82286e-09	3.63398e-09	0.00231738	0.00119415	3.94181e-05	0.000341428	
0.00287844	4.01079e-32	5.69808e-06	0.993102	0.993102	4.38946e-09	0.993101	0.00238371	0.662845	0.992568	0.993101	0.569931	0.993102	0.993102	0.992434	0.993102	1.25307e-10	0.00221608	0.0022761	7.20117e-12	6.77017e-11	0.993101	0.558435	0.572041	3.9868e-09	3.79259e-09	0.00234428	0.00115263	4.00693e-05	0.00032327	
0.00281155	4.0735e-32	5.14899e-06	0.993102	0.993102	4.44067e-09	0.993101	0.00239781	0.662926	0.992542	0.993101	0.5868	0.993102	0.993102	0.992422	0.993102	9.53246e-11	0.00226232	0.00226564	6.88883e-12	5.06587e-11	0.993101	0.577287	0.590572	4.11944e-09	3.92035e-09	0.00236486	0.00140755	5.99505e-05	0.000366533	
0.00276336	4.11797e-32	4.74058e-06	0.993102	0.993102	4.48281e-09	0.993101	0.00240784	0.663455	0.992525	0.993101	0.599013	0.993102	0.993102	0.992412	0.993102	7.28966e-11	0.00229385	0.00225772	6.6628e-12	3.79061e-11	0.993101	0.59076	0.60388	4.21718e-09	4.01378e-09	0.00237945	0.00133465	5.89511e-05	0.000342065	
0.00272675	4.12784e-32	4.44417e-06	0.993102	0.993102	4.50122e-09	0.993101	0.00241564	0.663115	0.992513	0.993101	0.607626	0.993102	0.993102	0.992407	0.993102	5.61134e-11	0.00231831	0.00225155	6.49146e-12	2.83637e-11	0.993101	0.600368	0.613355	4.27859e-09	4.07233e-09	0.00239095	0.0015745	7.78659e-05	0.000381532	
0.002701	4.15044e-32	4.21714e-06	0.993102	0.993102	4.52808e-09	0.993101	0.00242099	0.663756	0.992505	0.993101	0.614165	0.993102	0.993102	0.992401	0.993102	4.35611e-11	0.00233375	0.00224698	6.3705e-12	2.12236e-11	0.993101	0.607441	0.620385	4.33239e-09	4.12304e-09	0.00239882	0.00185244	9.8413e-05	0.000427736	
0.00268357	4.14151e-32	4.05971e-06	0.993102	0.993102	4.53931e-09	0.993101	0.00242443	0.664125	0.992502	0.993101	0.617969	0.993102	0.993102	0.992398	0.993102	3.41755e-11	0.00234199	0.00224366	6.28843e-12	1.58808e-11	0.993101	0.611392	0.624383	4.35834e-09	4.14682e-09	0.00240384	0.00229632	0.00012814	0.000508994	
0.00267351	4.12178e-32	3.95015e-06	0.993102	0.993102	4.54834e-09	0.993101	0.00242601	0.664945	0.992504	0.993101	0.619836	0.993102	0.993102	0.992396	0.993102	2.71633e-11	0.0023429	0.00224144	6.24058e-12	1.1883e-11	0.993101	0.612971	0.626116	4.36964e-09	4.1562e-09	0.00240599	0.0022594	0.00012541	0.000492896	
0.0026655	4.07348e-32	3.88298e-06	0.993102	0.993102	4.53586e-09	0.993101	0.00242739	0.664575	0.992508	0.993101	0.620322	0.993102	0.993102	0.992397	0.993102	2.19158e-11	0.00234401	0.00223971	6.20365e-12	8.89164e-12	0.993101	0.613255	0.626512	4.36009e-09	4.14614e-09	0.00240795	0.00239017	0.000132691	0.000518477	
0.0026604	4.05282e-32	3.82638e-06	0.993102	0.993102	4.53753e-09	0.993101	0.00242811	0.66499	0.992511	0.993101	0.620956	0.993102	0.993102	0.992396	0.993102	1.79924e-11	0.00234331	0.00223847	6.18003e-12	6.65329e-12	0.993101	0.613625	0.626994	4.36108e-09	4.14615e-09	0.00240888	0.00325889	0.00018146	0.000695544	
0.00266262	4.02589e-32	3.79503e-06	0.993102	0.993102	4.54626e-09	0.993101	0.00242649	0.666702	0.992519	0.993101	0.619867	0.993102	0.993102	0.992393	0.993102	1.50773e-11	0.00233265	0.00223807	6.18931e-12	4.97842e-12	0.993101	0.611562	0.625257	4.35274e-09	4.13652e-09	0.0024059	0.00491173	0.000260569	0.00102716	
0.00267536	3.94943e-32	3.81039e-06	0.993102	0.993102	4.54562e-09	0.993101	0.00242126	0.66963	0.992539	0.993101	0.614968	0.993102	0.993102	0.992392	0.993102	1.29366e-11	0.00230589	0.0022387	6.24886e-12	3.72517e-12	0.993101	0.604389	0.618797	4.30981e-09	4.09293e-09	0.00239667	0.00580383	0.000297623	0.00121423	
0.00269095	3.79368e-32	3.88418e-06	0.993102	0.993102	4.49609e-09	0.993101	0.00241509	0.670531	0.992565	0.993101	0.606656	0.993102	0.993102	0.992398	0.993102	1.13569e-11	0.00227597	0.0022397	6.32253e-12	2.78741e-12	0.993101	0.593497	0.608724	4.21771e-09	4.00288e-09	0.00238577	0.00533285	0.0002736	0.0011452	
0.00269998	3.64599e-32	3.95661e-06	0.993102	0.993102	4.43022e-09	0.993101	0.00241131	0.6692	0.992585	0.993101	0.599943	0.993102	0.993102	0.992407	0.993102	1.0162e-11	0.00225878	0.00224032	6.36222e-12	2.08572e-12	0.993101	0.585312	0.601061	4.13093e-09	3.91913e-09	0.00237896	0.00628242	0.000295895	0.00131018	
0.00271183	3.58451e-32	3.98651e-06	0.993102	0.993102	4.42743e-09	0.993101	0.00240649	0.671707	0.992601	0.993101	0.595357	0.993102	0.993102	0.992406	0.993102	9.29339e-12	0.00223549	0.00224112	6.4232e-12	1.56066e-12	0.993101	0.578693	0.595033	4.09222e-09	3.88098e-09	0.00237023	0.00850768	0.0003646	0.00182412	
0.00273689	3.4707e-32	4.07269e-06	0.993102	0.993102	4.40915e-09	0.993101	0.00239674	0.67559	0.992627	0.993101	0.586056	0.993102	0.993102	0.992406	0.993102	8.69967e-12	0.00219438	0.0022426	6.54449e-12	1.16779e-12	0.993101	0.565758	0.583237	4.0142e-09	3.8048e-09	0.00235251	0.0117155	0.00045701	0.00257903	
0.00277983	3.29023e-32	4.24286e-06	0.993102	0.993102	4.36633e-09	0.993101	0.00238053	0.681062	0.992666	0.993101	0.570192	0.993102	0.993102	0.992409	0.993102	8.33944e-12	0.00213126	0.00224498	6.75042e-12	8.73814e-13	0.993101	0.544161	0.563459	3.8845e-09	3.67895e-09	0.00232311	0.0110567	0.00040933	0.00240516	
0.00280529	3.01611e-32	4.50337e-06	0.993102	0.993102	4.21324e-09	0.993101	0.00237045	0.677903	0.992702	0.993101	0.552371	0.993102	0.993102	0.992431	0.993102	8.05339e-12	0.0020905	0.00224658	6.88026e-12	6.53843e-13	0.993101	0.522608	0.543014	3.69589e-09	3.49925e-09	0.00230449	0.0110555	0.000411233	0.0025132	
0.00282737	2.88832e-32	4.61941e-06	0.993102	0.993102	4.15802e-09	0.993101	0.00236163	0.67896	0.992723	0.993101	0.542983	0.993102	0.993102	0.992437	0.993102	7.83494e-12	0.00206002	0.00224803	6.97736e-12	4.89247e-13	0.993101	0.510553	0.531924	3.60606e-09	3.41344e-09	0.00228814	0.0136688	0.000450375	0.00311365	
0.00286258	2.7803e-32	4.74812e-06	0.993102	0.993102	4.13672e-09	0.993101	0.00234803	0.684114	0.992749	0.993101	0.531323	0.993102	0.993102	0.992437	0.993102	7.74399e-12	0.00201202	0.00224976	7.14816e-12	3.66086e-13	0.993101	0.494467	0.517265	3.52112e-09	3.33199e-09	0.00226299	0.014521	0.000473682	0.00350486	
0.00290118	2.59161e-32	4.99553e-06	0.993102	0.993102	4.0291e-09	0.993101	0.00233334	0.684289	0.992777	0.993101	0.51507	0.993102	0.993102	0.99245	0.993102	7.69196e-12	0.00196816	0.00225162	7.3091e-12	2.73928e-13	0.993101	0.474491	0.498731	3.37677e-09	3.19453e-09	0.00223588	0.0157529	0.000474915	0.00384798	
0.00294033	2.45384e-32	5.19526e-06	0.993102	0.993102	3.96175e-09	0.993101	0.00231842	0.686832	0.992801	0.993101	0.501157	0.993102	0.993102	0.992457	0.993102	7.68645e-12	0.0019241	0.00225337	7.47842e-12	2.04971e-13	0.993101	0.456762	0.482437	3.26595e-09	3.08921e-09	0.00220824	0.0152895	0.000410952	0.00371132	
0.00296326	2.29964e-32	5.41608e-06	0.993102	0.993102	3.85713e-09	0.993101	0.00230881	0.685089	0.992821	0.993101	0.488245	0.993102	0.993102	0.992471	0.993102	7.67163e-12	0.00189533	0.00225428	7.58658e-12	1.53372e-13	0.993101	0.441389	0.467909	3.14616e-09	2.9766e-09	0.00218979	0.0189216	0.000447268	0.00467975	
0.00301147	2.23659e-32	5.55755e-06	0.993102	0.993102	3.8616e-09	0.993101	0.00229064	0.693125	0.992841	0.993101	0.476202	0.993102	0.993102	0.992465	0.993102	7.76374e-12	0.00184193	0.0022556	7.81751e-12	1.14763e-13	0.993101	0.424483	0.452663	3.0813e-09	2.91543e-09	0.00215598	0.0310423	0.000583542	0.00774949	
0.00315548	2.09419e-32	6.03699e-06	0.993102	0.993102	3.88731e-09	0.993101	0.00224358	0.714056	0.992881	0.993101	0.443034	0.993102	0.993102	0.992447	0.993102	8.2267e-12	0.00171088	0.00225855	8.57756e-12	8.58728e-14	0.993101	0.380663	0.411677	2.92459e-09	2.76589e-09	0.00207225	0.0276529	0.000493244	0.00683415	
0.00322698	1.74318e-32	7.31785e-06	0.993102	0.993102	3.53185e-09	0.993101	0.00221813	0.702567	0.992917	0.993101	0.39963	0.993102	0.993102	0.992502	0.993102	8.4584e-12	0.00163612	0.0022608	8.96749e-12	6.42555e-14	0.993101	0.334747	0.365603	2.59523e-09	2.45481e-09	0.00202583	0.0307726	0.000493826	0.00758162	
0.00330624	1.59178e-32	7.73371e-06	0.993102	0.993102	3.46452e-09	0.993101	0.00219111	0.712144	0.992941	0.993101	0.375756	0.993102	0.993102	0.992506	0.993102	8.7424e-12	0.00155868	0.00226307	9.42337e-12	4.808e-14	0.993101	0.305354	0.337297	2.45362e-09	2.32154e-09	0.00197712	0.0384175	0.000520381	0.00925052	
0.00342736	1.40033e-32	8.61287e-06	0.993102	0.993102	3.35702e-09	0.993101	0.00215348	0.724524	0.992968	0.993101	0.34085	0.993102	0.993102	0.992514	0.993102	9.25837e-12	0.00145337	0.00226568	1.02128e-11	3.59766e-14	0.993101	0.266051	0.297856	2.25824e-09	2.13712e-09	0.00191117	0.0514829	0.000578247	0.0121899	
0.0036381	1.19092e-32	1.0281e-05	0.993102	0.993102	3.24317e-09	0.993101	0.00209603	0.745109	0.992996	0.9931	0.294662	0.993102	0.993102	0.992518	0.993102	1.0248e-11	0.00130862	0.00226916	1.17476e-11	2.69199e-14	0.993101	0.219046	0.248792	2.01917e-09	1.91102e-09	0.00181444	0.0461922	0.00052217	0.0110563	
0.00374493	9.51286e-33	1.3347e-05	0.993102	0.993102	2.87155e-09	0.993101	0.00206414	0.732103	0.993018	0.9931	0.250964	0.993102	0.993102	0.99258	0.993102	1.07235e-11	0.00122496	0.00227244	1.24838e-11	2.01432e-14	0.993101	0.180146	0.206886	1.72886e-09	1.63682e-09	0.00175942	0.0521128	0.000530006	0.0123267	
0.0038776	8.18281e-33	1.44555e-05	0.993102	0.993102	2.78155e-09	0.993101	0.00202786	0.74573	0.993034	0.9931	0.222261	0.993102	0.993102	0.992586	0.993102	1.13744e-11	0.00113494	0.00227572	1.34989e-11	1.50724e-14	0.993101	0.151793	0.176969	1.57622e-09	1.49306e-09	0.00169843	0.0661402	0.000580359	0.0155078	
0.00412366	6.82255e-33	1.70658e-05	0.993102	0.993102	2.68014e-09	0.993101	0.00197098	0.76677	0.993049	0.9931	0.187353	0.993102	0.993102	0.99259	0.993102	1.26659e-11	0.0010142	0.00227958	1.56051e-11	1.12782e-14	0.993101	0.121749	0.143861	1.39444e-09	1.32129e-09	0.00160757	0.0654741	0.000541761	0.0153283	
0.00429584	5.40493e-33	2.22434e-05	0.993102	0.993102	2.39403e-09	0.993101	0.00193004	0.764721	0.993061	0.9931	0.154606	0.993102	0.993102	0.992637	0.993102	1.35906e-11	0.000926069	0.00228334	1.71082e-11	8.43904e-15	0.993101	0.0966475	0.115415	1.18441e-09	1.12276e-09	0.00154173	0.0877807	0.000645129	0.0212909	
0.00475372	4.45575e-33	2.68807e-05	0.993102	0.993102	2.35342e-09	0.993101	0.00184832	0.795049	0.99307	0.993099	0.125469	0.993102	0.993102	0.992621	0.993102	1.58563e-11	0.000799981	0.00228829	2.12868e-11	6.31463e-15	0.993101	0.0750166	0.0906277	1.03302e-09	9.79525e-10	0.0014212	0.107076	0.000686536	0.0260926	
0.0054199	3.48204e-33	4.07468e-05	0.993102	0.993102	2.17013e-09	0.993101	0.00175021	0.82144	0.993078	0.993098	0.0975986	0.993102	0.993102	0.992636	0.993102	1.94452e-11	0.000671374	0.00229437	2.84097e-11	4.72501e-15	0.993101	0.0568867	0.0691298	8.52868e-10	8.08888e-10	0.00128448	0.0791061	0.000492206	0.0184694	
0.00541821	2.64373e-33	6.04608e-05	0.993102	0.993102	1.78357e-09	0.993101	0.00173718	0.777359	0.993084	0.993098	0.0768763	0.993102	0.993102	0.992717	0.993102	1.96061e-11	0.00062967	0.00229894	2.83918e-11	3.53556e-15	0.993101	0.043734	0.0534732	6.85207e-10	6.50235e-10	0.00125972	0.0323565	0.000192434	0.00617969	
0.00487937	2.11629e-33	5.49456e-05	0.993102	0.993102	1.527e-09	0.993101	0.0018463	0.684411	0.993084	0.993098	0.0795677	0.993102	0.993102	0.99278	0.993102	1.72232e-11	0.000795174	0.00229918	2.40453e-11	2.64553e-15	0.993101	0.0463198	0.0557929	6.26271e-10	5.95804e-10	0.0014275	0.0277125	0.00016623	0.00531756	
0.00444921	7.08248e-33	4.26036e-05	0.993102	0.993102	2.28932e-09	0.993101	0.00193743	0.709246	0.993052	0.993099	0.160844	0.993102	0.993102	0.992662	0.993102	1.52605e-11	0.000950505	0.00229655	2.05445e-11	1.97956e-15	0.993101	0.110658	0.125532	1.1989e-09	1.1473e-09	0.00156976	0.0256987	0.00014205	0.00482364	
0.00411243	7.29799e-33	3.43073e-05	0.993102	0.993102	2.39085e-09	0.993101	0.00201113	0.700006	0.993041	0.993099	0.195754	0.993102	0.993102	0.992656	0.993102	1.37262e-11	0.00108132	0.00229222	1.78242e-11	1.48124e-15	0.993101	0.138288	0.155474	1.34231e-09	1.28556e-09	0.00168595	0.0107996	7.29192e-05	0.00204365	
0.00377733	8.05568e-33	2.75833e-05	0.993102	0.993102	2.42895e-09	0.993101	0.0020983	0.669391	0.993004	0.9931	0.249487	0.993102	0.993102	0.992664	0.993102	1.20867e-11	0.00130743	0.0022865	1.5157e-11	1.10836e-15	0.993101	0.196151	0.21379	1.54078e-09	1.47642e-09	0.00183211	0.00612906	4.18497e-05	0.00113237	
0.00350194	1.45518e-32	2.16594e-05	0.993102	0.993102	2.91373e-09	0.993101	0.00217441	0.671247	0.992913	0.9931	0.333384	0.993102	0.993102	0.9926	0.993102	1.07324e-11	0.0015253	0.00227988	1.29989e-11	8.29347e-16	0.993101	0.28742	0.304578	2.14406e-09	2.05437e-09	0.00196224	0.00222568	1.89288e-05	0.000423201	
0.00327742	1.85885e-32	1.7252e-05	0.993102	0.993102	3.17222e-09	0.993101	0.00223998	0.661917	0.99283	0.9931	0.398663	0.993102	0.993102	0.992571	0.993102	9.61765e-12	0.00173263	0.00227295	1.12596e-11	6.20574e-16	0.993101	0.362115	0.378086	2.56081e-09	2.45265e-09	0.00207631	0.000460589	7.54087e-06	9.84857e-05	
0.00310152	2.49533e-32	1.37717e-05	0.993102	0.993102	3.53645e-09	0.993101	0.00229303	0.661601	0.99273	0.993101	0.460538	0.993102	0.993102	0.992523	0.993102	8.74084e-12	0.00190897	0.00226615	9.90502e-12	4.64356e-16	0.993101	0.432785	0.447387	3.0704e-09	2.93873e-09	0.00216945	0.000285419	4.57677e-06	5.44509e-05	
0.00296937	2.98378e-32	1.11623e-05	0.993102	0.993102	3.81447e-09	0.993101	0.00233326	0.661388	0.992653	0.993101	0.507399	0.993102	0.993102	0.992487	0.993102	8.08244e-12	0.00204306	0.00225983	8.88623e-12	3.47464e-16	0.993101	0.486374	0.499952	3.46025e-09	3.3095e-09	0.00224019	0.000177132	2.42e-06	2.28908e-05	
0.00287013	3.35747e-32	9.20621e-06	0.993102	0.993102	4.02657e-09	0.993101	0.00236375	0.661272	0.992594	0.993101	0.542829	0.993102	0.993102	0.99246	0.993102	7.58872e-12	0.00214472	0.00225417	8.12072e-12	2.59998e-16	0.993101	0.526924	0.539738	3.75785e-09	3.59172e-09	0.00229387	0.00014509	1.74773e-06	1.50693e-05	
0.00279606	3.64202e-32	7.74097e-06	0.993102	0.993102	4.18814e-09	0.993101	0.00238667	0.661278	0.99255	0.993101	0.569509	0.993102	0.993102	0.992439	0.993102	7.21951e-12	0.00222118	0.00224925	7.54697e-12	1.94551e-16	0.993101	0.557461	0.569727	3.98397e-09	3.8055e-09	0.00233423	0.000169707	1.62156e-06	1.32504e-05	
0.00274087	3.8546e-32	6.64505e-06	0.993102	0.993102	4.31006e-09	0.993101	0.00240384	0.661356	0.992517	0.993101	0.589439	0.993102	0.993102	0.992424	0.993102	6.94476e-12	0.0022781	0.00224505	7.11838e-12	1.45579e-16	0.993101	0.580247	0.592127	4.15357e-09	3.96534e-09	0.00236447	0.000654612	2.15366e-06	1.96974e-05	
0.00269998	4.0104e-32	5.82675e-06	0.993102	0.993102	4.41115e-09	0.993101	0.00241661	0.662421	0.992496	0.993101	0.603712	0.993102	0.993102	0.992411	0.993102	6.75453e-12	0.00231475	0.00224152	6.81202e-12	1.08935e-16	0.993101	0.596112	0.607747	4.27905e-09	4.08318e-09	0.00238694	0.000974646	2.21315e-06	2.1621e-05	
0.0026696	4.08008e-32	5.2331e-06	0.993102	0.993102	4.46951e-09	0.993101	0.00242613	0.662762	0.992485	0.993101	0.612811	0.993102	0.993102	0.992404	0.993102	6.62253e-12	0.0023383	0.0022386	6.59232e-12	8.15154e-17	0.993101	0.606031	0.617527	4.34854e-09	4.14783e-09	0.00240371	0.00132488	2.01152e-06	2.03224e-05	
0.00264695	4.11757e-32	4.79501e-06	0.993102	0.993102	4.51365e-09	0.993101	0.00243328	0.663426	0.992481	0.993101	0.618826	0.993102	0.993102	0.992398	0.993102	6.53513e-12	0.00235169	0.0022362	6.43843e-12	6.09984e-17	0.993101	0.612248	0.623667	4.39297e-09	4.18879e-09	0.00241629	0.00145056	2.29781e-06	2.63227e-05	
0.00263026	4.11796e-32	4.47919e-06	0.993102	0.993102	4.53419e-09	0.993101	0.00243856	0.663474	0.992481	0.993101	0.622416	0.993102	0.993102	0.992396	0.993102	6.47374e-12	0.00236021	0.00223425	6.32708e-12	4.56464e-17	0.993101	0.615844	0.627234	4.41135e-09	4.20512e-09	0.00242556	0.001511	2.31479e-06	2.84293e-05	
0.0026179	4.11636e-32	4.24386e-06	0.993102	0.993102	4.54993e-09	0.993101	0.00244248	0.663596	0.992481	0.993101	0.624978	0.993102	0.993102	0.992395	0.993102	6.42982e-12	0.00236586	0.00223267	6.24558e-12	3.4159e-17	0.993101	0.61834	0.629721	4.42415e-09	4.21632e-09	0.00243244	0.00174505	2.60992e-06	3.63024e-05	
0.00260891	4.11041e-32	4.07017e-06	0.993102	0.993102	4.5642e-09	0.993101	0.00244531	0.664074	0.992483	0.993101	0.626481	0.993102	0.993102	0.992393	0.993102	6.40426e-12	0.00236729	0.0022314	6.19169e-12	2.55634e-17	0.993101	0.619528	0.630923	4.43107e-09	4.22207e-09	0.0024374	0.0015453	2.74095e-06	4.19827e-05	
0.00260237	4.08667e-32	3.94895e-06	0.993102	0.993102	4.5592e-09	0.993101	0.00244736	0.663462	0.992485	0.993101	0.627284	0.993102	0.993102	0.992394	0.993102	6.37868e-12	0.00237074	0.00223039	6.14531e-12	1.91316e-17	0.993101	0.620332	0.631749	4.42564e-09	4.21621e-09	0.00244097	0.00132842	3.39534e-06	5.99643e-05	
0.00259799	4.09468e-32	3.84761e-06	0.993102	0.993102	4.56419e-09	0.993101	0.00244868	0.663204	0.992483	0.993101	0.628843	0.993102	0.993102	0.992394	0.993102	6.35216e-12	0.00237593	0.0022296	6.10406e-12	1.4319e-17	0.993101	0.622174	0.633614	4.4353e-09	4.22484e-09	0.00244321	0.00137458	3.15071e-06	5.86155e-05	
0.00259468	4.1114e-32	3.76719e-06	0.993102	0.993102	4.57502e-09	0.993101	0.00244968	0.663401	0.992482	0.993101	0.630255	0.993102	0.993102	0.992392	0.993102	6.33386e-12	0.00237925	0.00222897	6.07458e-12	1.07178e-17	0.993101	0.623744	0.635198	4.44838e-09	4.23684e-09	0.00244492	0.00142153	2.66873e-06	5.1318e-05	
0.00259202	4.11538e-32	3.71041e-06	0.993102	0.993102	4.57982e-09	0.993101	0.00245052	0.663436	0.992481	0.993101	0.63103	0.993102	0.993102	0.992392	0.993102	6.32193e-12	0.00238118	0.00222847	6.05394e-12	8.02323e-18	0.993101	0.624571	0.636034	4.45373e-09	4.2416e-09	0.00244637	0.00143539	2.55108e-06	5.45463e-05	
0.00259012	4.11707e-32	3.66861e-06	0.993102	0.993102	4.58287e-09	0.993101	0.0024511	0.663455	0.992481	0.993101	0.631554	0.993102	0.993102	0.992391	0.993102	6.31337e-12	0.00238245	0.00222808	6.03892e-12	6.00696e-18	0.993101	0.625121	0.636596	4.45698e-09	4.24441e-09	0.00244737	0.00127536	2.30512e-06	5.13086e-05	
0.00258862	4.1174e-32	3.63763e-06	0.993102	0.993102	4.5811e-09	0.993101	0.00245158	0.663094	0.99248	0.993101	0.632108	0.993102	0.993102	0.992392	0.993102	6.30204e-12	0.00238533	0.00222777	6.02285e-12	4.49826e-18	0.993101	0.625879	0.637355	4.45899e-09	4.24611e-09	0.0024482	0.00120095	2.92001e-06	7.78063e-05	
0.0025882	4.13384e-32	3.6085e-06	0.993102	0.993102	4.58581e-09	0.993101	0.00245162	0.663059	0.992477	0.993101	0.633025	0.993102	0.993102	0.992391	0.993102	6.29037e-12	0.00238838	0.00222754	6.00859e-12	3.36935e-18	0.993101	0.627069	0.638568	4.46866e-09	4.25513e-09	0.00244817	0.00110414	3.25244e-06	9.75673e-05	
0.00258841	4.14841e-32	3.58645e-06	0.993102	0.993102	4.58745e-09	0.993101	0.0024514	0.662857	0.992475	0.993101	0.633862	0.993102	0.993102	0.992391	0.993102	6.27796e-12	0.00239182	0.00222737	5.99502e-12	2.52463e-18	0.993101	0.628246	0.639781	4.47667e-09	4.26262e-09	0.00244767	0.00102762	3.02397e-06	9.59039e-05	
0.00258852	4.16785e-32	3.56632e-06	0.993102	0.993102	4.59163e-09	0.993101	0.00245125	0.66276	0.992472	0.993101	0.63481	0.993102	0.993102	0.99239	0.993102	6.26633e-12	0.00239532	0.00222724	5.98257e-12	1.89256e-18	0.993101	0.629537	0.64109	4.48727e-09	4.27261e-09	0.00244734	0.00107164	3.4347e-06	0.000129707	
0.00258949	4.18793e-32	3.55016e-06	0.993102	0.993102	4.59724e-09	0.993101	0.00245073	0.662892	0.992469	0.993101	0.635579	0.993102	0.993102	0.992389	0.993102	6.25793e-12	0.00239741	0.00222715	5.97458e-12	1.4196e-18	0.993101	0.630551	0.642156	4.4974e-09	4.28217e-09	0.00244626	0.000922756	2.82368e-06	0.000106948	
0.0025896	4.19639e-32	3.53998e-06	0.993102	0.993102	4.59543e-09	0.993101	0.00245062	0.662514	0.992467	0.993101	0.636175	0.993102	0.993102	0.992389	0.993102	6.24769e-12	0.00240078	0.00222709	5.96414e-12	1.06571e-18	0.993101	0.631475	0.64309	4.50195e-09	4.28648e-09	0.00244601	0.000825158	2.50423e-06	9.82819e-05	
0.00258944	4.21856e-32	3.52555e-06	0.993102	0.993102	4.60077e-09	0.993101	0.00245064	0.662434	0.992464	0.993101	0.637167	0.993102	0.993102	0.992388	0.993102	6.23726e-12	0.00240448	0.00222705	5.95342e-12	8.00898e-19	0.993101	0.632818	0.64442	4.514e-09	4.29793e-09	0.00244602	0.000783823	2.44029e-06	0.00010365	
0.00258947	4.23882e-32	3.51345e-06	0.993102	0.993102	4.60553e-09	0.993101	0.00245059	0.662371	0.99246	0.993101	0.638047	0.993102	0.993102	0.992388	0.993102	6.22799e-12	0.00240775	0.00222701	5.94416e-12	6.02752e-19	0.993101	0.634015	0.645611	4.52483e-09	4.30823e-09	0.0024459	0.000745562	2.40052e-06	0.000112041	
0.0025897	4.25707e-32	3.50345e-06	0.993102	0.993102	4.60946e-09	0.993101	0.00245045	0.662309	0.992458	0.993101	0.638822	0.993102	0.993102	0.992387	0.993102	6.21961e-12	0.00241066	0.00222698	5.9361e-12	4.54487e-19	0.993101	0.63508	0.646678	4.53438e-09	4.31731e-09	0.00244561	0.000712353	2.25846e-06	0.000115555	
0.00258996	4.27359e-32	3.49493e-06	0.993102	0.993102	4.61299e-09	0.993101	0.00245031	0.662258	0.992455	0.993101	0.639511	0.993102	0.993102	0.992386	0.993102	6.21219e-12	0.00241324	0.00222697	5.92907e-12	3.43545e-19	0.993101	0.636029	0.647631	4.54295e-09	4.32547e-09	0.0024453	0.000763345	2.39512e-06	0.000141606	
0.00259084	4.28931e-32	3.48812e-06	0.993102	0.993102	4.61741e-09	0.993101	0.00244987	0.662389	0.992453	0.993101	0.640026	0.993102	0.993102	0.992386	0.993102	6.2074e-12	0.00241455	0.00222696	5.92534e-12	2.60531e-19	0.993101	0.636711	0.648344	4.55054e-09	4.3327e-09	0.00244443	0.000796329	2.45027e-06	0.00017148	
0.00259227	4.29665e-32	3.48583e-06	0.993102	0.993102	4.61772e-09	0.993101	0.00244918	0.662415	0.992453	0.993101	0.640224	0.993102	0.993102	0.992385	0.993102	6.2039e-12	0.00241513	0.00222696	5.92352e-12	1.98415e-19	0.993101	0.637028	0.648722	4.55318e-09	4.33523e-09	0.00244305	0.000729362	2.03897e-06	0.000153453	
0.00259285	4.30028e-32	3.48424e-06	0.993102	0.993102	4.6162e-09	0.993101	0.00244889	0.662256	0.992452	0.993101	0.64042	0.993102	0.993102	0.992385	0.993102	6.19975e-12	0.00241638	0.00222697	5.92017e-12	1.51936e-19	0.993101	0.63737	0.649087	4.55457e-09	4.33658e-09	0.00244245	0.000873063	2.23906e-06	0.000212183	
0.00259481	4.31245e-32	3.4813e-06	0.993102	0.993102	4.62073e-09	0.993101	0.00244795	0.662632	0.992452	0.993101	0.640584	0.993102	0.993102	0.992384	0.993102	6.19928e-12	0.00241557	0.00222699	5.92194e-12	1.17157e-19	0.993101	0.637545	0.649346	4.55924e-09	4.34105e-09	0.00244057	0.00101802	2.0982e-06	0.000251961	
0.00259731	4.30695e-32	3.48637e-06	0.993102	0.993102	4.61779e-09	0.993101	0.00244676	0.662817	0.992454	0.993101	0.640109	0.993102	0.993102	0.992385	0.993102	6.20219e-12	0.00241321	0.00222703	5.9276e-12	9.11337e-20	0.993101	0.636956	0.648875	4.55409e-09	4.33619e-09	0.00243819	0.00106454	1.77053e-06	0.000259045	
0.00259934	4.29518e-32	3.49355e-06	0.993102	0.993102	4.61218e-09	0.993101	0.00244578	0.662853	0.992456	0.993101	0.639489	0.993102	0.993102	0.992385	0.993102	6.20557e-12	0.00241088	0.00222707	5.93323e-12	7.16612e-20	0.993101	0.636203	0.648221	4.54599e-09	4.32854e-09	0.00243623	0.00136545	1.71258e-06	0.000343996	
0.00260307	4.28851e-32	3.50103e-06	0.993102	0.993102	4.61215e-09	0.993101	0.002444	0.663505	0.99246	0.993101	0.638638	0.993102	0.993102	0.992385	0.993102	6.21484e-12	0.00240552	0.00222713	5.94649e-12	5.70906e-20	0.993101	0.635	0.647199	4.5391e-09	4.32206e-09	0.00243269	0.00131857	1.49275e-06	0.000317377	
0.00260513	4.25471e-32	3.51777e-06	0.993102	0.993102	4.59655e-09	0.993101	0.002443	0.663165	0.992464	0.993101	0.637302	0.993102	0.993102	0.992387	0.993102	6.2211e-12	0.00240207	0.00222721	5.95499e-12	4.61879e-20	0.993101	0.633422	0.645734	4.51916e-09	4.30316e-09	0.00243069	0.00158421	1.81903e-06	0.000413312	
0.00260919	4.24783e-32	3.5259e-06	0.993102	0.993102	4.59662e-09	0.993101	0.00244108	0.663874	0.992468	0.993101	0.636389	0.993102	0.993102	0.992386	0.993102	6.23107e-12	0.0023963	0.0022273	5.96937e-12	3.80299e-20	0.993101	0.63213	0.644637	4.51188e-09	4.29631e-09	0.00242686	0.00197939	1.94357e-06	0.000530158	
0.00261529	4.21775e-32	3.54684e-06	0.993102	0.993102	4.58669e-09	0.993101	0.00243821	0.664492	0.992476	0.993101	0.634427	0.993102	0.993102	0.992387	0.993102	6.24727e-12	0.00238729	0.00222741	5.99214e-12	3.19255e-20	0.993101	0.629551	0.642361	4.49047e-09	4.27602e-09	0.00242117	0.00223286	2.05408e-06	0.000626848	
0.00262238	4.17379e-32	3.57553e-06	0.993102	0.993102	4.56867e-09	0.993101	0.00243488	0.664829	0.992485	0.993101	0.631943	0.993102	0.993102	0.992389	0.993102	6.26428e-12	0.00237754	0.00222755	6.01694e-12	2.73578e-20	0.993101	0.626415	0.639579	4.46069e-09	4.24781e-09	0.00241459	0.00246734	2.14258e-06	0.000718109	
0.00263007	4.13096e-32	3.60486e-06	0.993102	0.993102	4.55072e-09	0.993101	0.00243129	0.665223	0.992494	0.993101	0.629418	0.993102	0.993102	0.99239	0.993102	6.28145e-12	0.00236749	0.00222774	6.04269e-12	2.394e-20	0.993101	0.623226	0.636771	4.43096e-09	4.21966e-09	0.00240747	0.00302767	2.34662e-06	0.000911071	
0.00264095	4.09082e-32	3.63771e-06	0.993102	0.993102	4.53661e-09	0.993101	0.00242625	0.666314	0.992506	0.993101	0.626408	0.993102	0.993102	0.992391	0.993102	6.30594e-12	0.00235343	0.00222796	6.07933e-12	2.13826e-20	0.993101	0.619275	0.63335	4.40004e-09	4.19041e-09	0.00239753	0.00388906	2.65569e-06	0.00120901	
0.00265707	4.02957e-32	3.68868e-06	0.993102	0.993102	4.51408e-09	0.993101	0.00241889	0.667817	0.992522	0.993101	0.62185	0.993102	0.993102	0.992392	0.993102	6.34228e-12	0.00233299	0.00222824	6.13381e-12	1.94689e-20	0.993101	0.613316	0.628178	4.35341e-09	4.14624e-09	0.00238306	0.00469739	2.79553e-06	0.00146072	
0.00267591	3.93645e-32	3.7612e-06	0.993102	0.993102	4.47607e-09	0.993101	0.00241036	0.669057	0.992542	0.993101	0.615682	0.993102	0.993102	0.992396	0.993102	6.38741e-12	0.00230854	0.00222862	6.20041e-12	1.8037e-20	0.993101	0.605395	0.62119	4.28694e-09	4.08325e-09	0.00236634	0.00593474	3.03595e-06	0.0018427	
0.00270045	3.83565e-32	3.8483e-06	0.993102	0.993102	4.43901e-09	0.993101	0.00239941	0.671318	0.992566	0.993101	0.608082	0.993102	0.993102	0.992398	0.993102	6.44921e-12	0.00227652	0.0022291	6.2906e-12	1.69656e-20	0.993101	0.595403	0.612402	4.2118e-09	4.01208e-09	0.00234502	0.00707842	3.06257e-06	0.00218271	
0.00272819	3.69439e-32	3.96846e-06	0.993102	0.993102	4.37975e-09	0.993101	0.00238719	0.673027	0.992594	0.993101	0.598252	0.993102	0.993102	0.992404	0.993102	6.52214e-12	0.00224017	0.0022297	6.39629e-12	1.61639e-20	0.993101	0.58274	0.601105	4.11097e-09	3.91652e-09	0.00232132	0.0111692	3.84469e-06	0.0034091	
0.00278426	3.57292e-32	4.12391e-06	0.993102	0.993102	4.3599e-09	0.993101	0.00236375	0.68113	0.992634	0.993101	0.583749	0.993102	0.993102	0.9924	0.993102	6.67626e-12	0.00217089	0.00223043	6.61939e-12	1.5564e-20	0.993101	0.562474	0.583449	4.00307e-09	3.81428e-09	0.00227652	0.0151498	4.2379e-06	0.00458	
0.00286138	3.28621e-32	4.47486e-06	0.993102	0.993102	4.23584e-09	0.993101	0.00233287	0.687023	0.992688	0.993101	0.557822	0.993102	0.993102	0.992411	0.993102	6.89449e-12	0.00208126	0.00223151	6.93824e-12	1.51151e-20	0.993101	0.528801	0.553082	3.78328e-09	3.60557e-09	0.00221837	0.0154813	3.90975e-06	0.0046167	
0.00291973	2.94374e-32	4.91138e-06	0.993102	0.993102	4.03936e-09	0.993101	0.00230934	0.685893	0.992737	0.993101	0.530675	0.993102	0.993102	0.992437	0.993102	7.06785e-12	0.00201119	0.00223301	7.19004e-12	1.47792e-20	0.993101	0.495689	0.522303	3.53078e-09	3.36585e-09	0.00217411	0.0187916	4.00087e-06	0.00557067	
0.0029932	2.7296e-32	5.23181e-06	0.993102	0.993102	3.9547e-09	0.993101	0.00228111	0.693102	0.992779	0.993101	0.507666	0.993102	0.993102	0.992443	0.993102	7.28874e-12	0.00192972	0.00223466	7.51523e-12	1.45279e-20	0.993101	0.465521	0.494865	3.3575e-09	3.20174e-09	0.00212177	0.0225758	4.18777e-06	0.00668928	
0.00308458	2.45545e-32	5.75266e-06	0.993102	0.993102	3.80991e-09	0.993101	0.00224778	0.69883	0.992823	0.993101	0.477113	0.993102	0.993102	0.992458	0.993102	7.56235e-12	0.00183785	0.00223653	7.92644e-12	1.43398e-20	0.993101	0.427492	0.459457	3.13142e-09	2.98721e-09	0.00206099	0.0275983	4.40313e-06	0.00825208	
0.00320667	2.18692e-32	6.42949e-06	0.993102	0.993102	3.6633e-09	0.993101	0.00220623	0.707343	0.992866	0.993101	0.44182	0.993102	0.993102	0.992471	0.993102	7.91662e-12	0.00173152	0.00223869	8.47749e-12	1.41991e-20	0.993101	0.384516	0.418997	2.89487e-09	2.76266e-09	0.00198688	0.0350765	4.52777e-06	0.0106663	
0.00338796	1.91031e-32	7.4528e-06	0.993102	0.993102	3.49881e-09	0.993101	0.00215047	0.719715	0.992908	0.993101	0.398502	0.993102	0.993102	0.992484	0.993102	8.42029e-12	0.00160251	0.00224124	9.30063e-12	1.40938e-20	0.993101	0.334282	0.370632	2.6311e-09	2.51206e-09	0.00189056	0.0301304	3.93378e-06	0.00917527	
0.00346553	1.58675e-32	8.85712e-06	0.993102	0.993102	3.16951e-09	0.993101	0.00212384	0.706462	0.992941	0.993101	0.358996	0.993102	0.993102	0.992536	0.993102	8.62792e-12	0.00153785	0.0022444	9.63803e-12	1.4015e-20	0.993101	0.293758	0.329725	2.3314e-09	2.22704e-09	0.00184326	0.0274129	3.32024e-06	0.00836795	
0.00349362	1.44615e-32	9.10244e-06	0.993102	0.993102	3.06318e-09	0.993101	0.00211228	0.704896	0.992958	0.993101	0.345303	0.993102	0.993102	0.992551	0.993102	8.69488e-12	0.00150835	0.00224737	9.7488e-12	1.39561e-20	0.993101	0.277839	0.314622	2.21697e-09	2.1192e-09	0.0018219	0.0240391	2.85692e-06	0.00739313	
0.0034801	1.34713e-32	9.16286e-06	0.993102	0.993102	2.97202e-09	0.993101	0.0021139	0.698213	0.992966	0.993101	0.340406	0.993102	0.993102	0.992567	0.993102	8.63962e-12	0.00151121	0.00224984	9.66614e-12	1.39119e-20	0.993101	0.272722	0.309782	2.14626e-09	2.05291e-09	0.00182348	0.0204855	2.47459e-06	0.00627794	
0.00343235	1.33916e-32	8.86851e-06	0.993102	0.993102	2.96407e-09	0.993101	0.00212712	0.692755	0.992964	0.993101	0.348396	0.993102	0.993102	0.992571	0.993102	8.4968e-12	0.00154149	0.00225165	9.44159e-12	1.38789e-20	0.993101	0.281783	0.318776	2.16307e-09	2.07013e-09	0.00184561	0.0266636	2.65262e-06	0.00833504	
0.00346764	1.44933e-32	8.51642e-06	0.993102	0.993102	3.11467e-09	0.993101	0.00211507	0.706674	0.992967	0.993101	0.353533	0.993102	0.993102	0.992539	0.993102	8.56508e-12	0.00151647	0.00225271	9.56407e-12	1.38542e-20	0.993101	0.283475	0.32239	2.24007e-09	2.14461e-09	0.00182424	0.0397685	3.17548e-06	0.0127378	
0.00366626	1.39016e-32	9.08455e-06	0.993102	0.993102	3.13833e-09	0.993101	0.00206202	0.727781	0.992986	0.993101	0.328536	0.993102	0.993102	0.992519	0.993102	9.03513e-12	0.00141414	0.00225378	1.04046e-11	1.38358e-20	0.993101	0.25385	0.294339	2.14655e-09	2.05561e-09	0.00173678	0.0327424	2.66701e-06	0.010451	
0.00372053	1.16012e-32	1.0745e-05	0.993102	0.993102	2.82947e-09	0.993101	0.00204472	0.709236	0.993003	0.993101	0.297361	0.993102	0.993102	0.992573	0.993102	9.14685e-12	0.00137968	0.00225578	1.06078e-11	1.38219e-20	0.993101	0.225584	0.264232	1.91426e-09	1.83375e-09	0.00170689	0.0266539	2.15693e-06	0.00845141	
0.00368596	1.10052e-32	1.06565e-05	0.993102	0.993102	2.75945e-09	0.993101	0.0020522	0.702349	0.993005	0.993101	0.297059	0.993102	0.993102	0.992587	0.993102	9.04233e-12	0.00139547	0.00225766	1.04362e-11	1.38116e-20	0.993101	0.225788	0.264466	1.87863e-09	1.80049e-09	0.00171838	0.0261927	1.98427e-06	0.0082258	
0.00365214	1.12689e-32	1.02437e-05	0.993102	0.993102	2.79855e-09	0.993101	0.00206016	0.703473	0.993003	0.993101	0.304743	0.993102	0.993102	0.992582	0.993102	8.95413e-12	0.00141064	0.0022589	1.02849e-11	1.38038e-20	0.993101	0.232888	0.272092	1.91795e-09	1.83886e-09	0.00173096	0.0285652	1.9379e-06	0.00898359	
0.0036544	1.14221e-32	1.00222e-05	0.993102	0.993102	2.83515e-09	0.993101	0.00205823	0.707979	0.993004	0.993101	0.306675	0.993102	0.993102	0.992574	0.993102	8.96031e-12	0.00140503	0.00225964	1.0292e-11	1.3798e-20	0.993101	0.233458	0.273343	1.93606e-09	1.85664e-09	0.00172711	0.0313406	1.85487e-06	0.00987479	
0.00368936	1.11342e-32	1.01251e-05	0.993102	0.993102	2.82465e-09	0.993101	0.00204769	0.712382	0.993009	0.993101	0.300489	0.993102	0.993102	0.992574	0.993102	9.05165e-12	0.00138199	0.00226024	1.04454e-11	1.37937e-20	0.993101	0.226005	0.266267	1.90643e-09	1.82852e-09	0.00170913	0.0419736	2.03267e-06	0.0135448	
0.00386563	1.08439e-32	1.06616e-05	0.993102	0.993102	2.85358e-09	0.993101	0.00200394	0.730936	0.993021	0.9931	0.281605	0.993102	0.993102	0.992555	0.993102	9.4701e-12	0.00130147	0.00226093	1.12106e-11	1.37905e-20	0.993101	0.204767	0.245527	1.84558e-09	1.77045e-09	0.00163885	0.0453059	1.94803e-06	0.0151711	
0.00407042	9.39082e-33	1.25929e-05	0.993102	0.993102	2.66309e-09	0.993101	0.00195614	0.734291	0.993034	0.9931	0.25056	0.993102	0.993102	0.992581	0.993102	9.8744e-12	0.00122401	0.00226245	1.20171e-11	1.3788e-20	0.993101	0.176725	0.215629	1.66988e-09	1.60231e-09	0.00156362	0.0456584	1.83006e-06	0.0155082	
0.00423842	8.15828e-33	1.43871e-05	0.993102	0.993102	2.48597e-09	0.993101	0.00191731	0.734235	0.993045	0.9931	0.224909	0.993102	0.993102	0.992607	0.993102	1.01751e-11	0.00116428	0.00226466	1.26462e-11	1.37862e-20	0.993101	0.154203	0.191394	1.5194e-09	1.45848e-09	0.00150282	0.0598116	1.98822e-06	0.0209006	
0.00464841	7.51156e-33	1.62844e-05	0.993102	0.993102	2.4481e-09	0.993101	0.00184195	0.757689	0.993055	0.9931	0.197599	0.993102	0.993102	0.992592	0.993102	1.09312e-11	0.0010584	0.00226721	1.43126e-11	1.37849e-20	0.993101	0.129754	0.165164	1.4069e-09	1.35114e-09	0.00139282	0.0660329	1.95753e-06	0.0232687	
0.00509856	6.22598e-33	2.14211e-05	0.993102	0.993102	2.2285e-09	0.993101	0.00176675	0.766955	0.993065	0.9931	0.164942	0.993102	0.993102	0.992621	0.993102	1.17573e-11	0.000957285	0.00227085	1.62022e-11	1.37838e-20	0.993101	0.104652	0.135839	1.22138e-09	1.17355e-09	0.00128628	0.073004	1.87982e-06	0.027324	
0.00571572	5.15013e-33	2.80662e-05	0.993102	0.993102	2.01635e-09	0.993101	0.00168026	0.777467	0.993074	0.993099	0.136007	0.993102	0.993102	0.992648	0.993102	1.25846e-11	0.000860121	0.00227529	1.84378e-11	1.37831e-20	0.993101	0.0835124	0.110807	1.05382e-09	1.01317e-09	0.00117005	0.076758	1.78578e-06	0.0288933	
0.00629618	4.19732e-33	3.63021e-05	0.993102	0.993102	1.80356e-09	0.993101	0.00160449	0.782951	0.99308	0.993099	0.111351	0.993102	0.993102	0.992679	0.993102	1.33659e-11	0.00077702	0.0022806	2.0603e-11	1.37825e-20	0.993101	0.0662571	0.0897702	9.01715e-10	8.67554e-10	0.00107045	0.103385	1.93723e-06	0.0426126	
0.0081812	3.61844e-33	4.95946e-05	0.993102	0.993102	1.69102e-09	0.993101	0.00146456	0.81449	0.993085	0.993098	0.0884542	0.993102	0.993102	0.99266	0.993102	1.5106e-11	0.000659768	0.00228633	2.70098e-11	1.37821e-20	0.993101	0.0511229	0.0708807	7.75991e-10	7.47227e-10	0.000913634	0.125171	2.00521e-06	0.0553854	
0.0118369	2.93306e-33	9.13686e-05	0.993102	0.993102	1.48234e-09	0.9931	0.0013004	0.842302	0.993089	0.993096	0.0679786	0.993102	0.993102	0.992667	0.993102	1.73993e-11	0.000544363	0.00229387	3.81349e-11	1.37818e-20	0.993101	0.0386995	0.0544229	6.34388e-10	6.11312e-10	0.000751236	0.1326	1.93578e-06	0.0585028	
0.015291	2.27869e-33	0.000168739	0.993102	0.993102	1.24437e-09	0.9931	0.0011652	0.858417	0.993093	0.993094	0.0517545	0.993102	0.993102	0.992708	0.993102	1.96426e-11	0.000451014	0.00230334	4.9331e-11	1.37815e-20	0.993101	0.0291599	0.0413909	5.05403e-10	4.87346e-10	0.000621797	0.160285	2.0168e-06	0.0771838	
0.0246134	1.79812e-33	0.000326939	0.993102	0.993102	1.04807e-09	0.993099	0.00100417	0.881835	0.993095	0.993091	0.0390968	0.993102	0.993102	0.99272	0.993102	2.26067e-11	0.000362591	0.0023136	7.30917e-11	1.37814e-20	0.993101	0.0218897	0.0313085	4.00365e-10	3.86342e-10	0.000493538	0.147752	1.79415e-06	0.0703892	
0.0285504	1.37326e-33	0.00052347	0.993102	0.993102	8.49297e-10	0.993099	0.000902909	0.88389	0.993097	0.993089	0.0295531	0.993102	0.993102	0.992774	0.993102	2.39444e-11	0.00030358	0.00232508	8.28501e-11	1.37812e-20	0.993101	0.0164428	0.0236919	3.13426e-10	3.02658e-10	0.000406393	0.20084	2.04869e-06	0.101217	
0.0529634	1.11542e-33	0.000928278	0.993102	0.993102	7.32767e-10	0.993098	0.00075743	0.907817	0.993098	0.993079	0.0222126	0.993102	0.993102	0.992739	0.993102	2.88647e-11	0.000238319	0.00233608	1.43413e-10	1.37811e-20	0.993101	0.0123171	0.017832	2.47789e-10	2.39493e-10	0.0003149	0.215393	2.01326e-06	0.116222	
0.0916766	8.9611e-34	0.00185722	0.993102	0.993102	6.07864e-10	0.993097	0.000627367	0.926058	0.993099	0.993068	0.0166668	0.993102	0.993102	0.992733	0.993102	3.24165e-11	0.000186667	0.00234778	2.16241e-10	1.3781e-20	0.993101	0.00922275	0.0134086	1.93606e-10	1.87275e-10	0.00024156	0.251835	2.10837e-06	0.139185	
0.167728	7.44792e-34	0.00401778	0.993102	0.993102	5.08852e-10	0.993094	0.000507729	0.941841	0.9931	0.99304	0.0124865	0.993102	0.993102	0.992685	0.993102	3.83846e-11	0.000143701	0.00235966	3.87595e-10	1.3781e-20	0.993101	0.00690266	0.0100596	1.50544e-10	1.45736e-10	0.000183118	0.269237	2.09707e-06	0.150731	
0.252973	6.1999e-34	0.00750096	0.993102	0.993102	4.24933e-10	0.993091	0.000410311	0.953995	0.993101	0.993004	0.00935114	0.993102	0.993102	0.992645	0.993102	4.45679e-11	0.000110368	0.00237143	6.09841e-10	1.37809e-20	0.993101	0.00516575	0.00754249	1.16776e-10	1.13136e-10	0.000138513	0.274201	1.95729e-06	0.152719	
0.321597	5.05662e-34	0.0115304	0.993102	0.993102	3.5466e-10	0.993089	0.000336231	0.963053	0.993101	0.992972	0.00700274	0.993102	0.993102	0.992635	0.993102	5.01337e-11	8.51578e-05	0.00238259	8.09561e-10	1.37809e-20	0.993101	0.00386584	0.00565437	9.06107e-11	8.78607e-11	0.000105022	0.315169	1.99044e-06	0.176603	
0.426833	4.53904e-34	0.0198011	0.993102	0.993102	3.08403e-10	0.993084	0.000269705	0.970433	0.993101	0.992875	0.00524196	0.993102	0.993102	0.992515	0.993102	6.11001e-11	6.48546e-05	0.00239275	1.40735e-09	1.37809e-20	0.993101	0.0028928	0.00423541	7.0493e-11	6.84171e-11	7.91139e-05	0.314533	1.75591e-06	0.165798	
0.482924	3.76136e-34	0.0252678	0.993102	0.993102	2.76198e-10	0.993082	0.000224295	0.975921	0.993101	0.992804	0.00392418	0.993102	0.993102	0.99246	0.993102	7.45876e-11	4.96769e-05	0.00240197	1.84468e-09	1.37809e-20	0.993101	0.00216467	0.00317176	5.50671e-11	5.35012e-11	6.00146e-05	0.303003	1.48939e-06	0.148007	
0.481659	2.95832e-34	0.0271467	0.993102	0.993102	2.52765e-10	0.993083	0.000199922	0.979859	0.993102	0.992777	0.00293836	0.993102	0.993102	0.992478	0.993102	8.85003e-11	3.86179e-05	0.00240997	2.00893e-09	1.37809e-20	0.993101	0.00161983	0.00237509	4.32814e-11	4.21004e-11	4.65703e-05	0.337294	1.4391e-06	0.163375	
0.518305	2.4408e-34	0.0322444	0.993102	0.993102	2.51311e-10	0.993081	0.000173194	0.983086	0.993102	0.992657	0.00219962	0.993102	0.993102	0.99237	0.993102	1.13927e-10	2.9625e-05	0.00241656	2.75128e-09	1.37809e-20	0.993101	0.00121209	0.00177797	3.43044e-11	3.3413e-11	3.57465e-05	0.401367	1.564e-06	0.202781	
0.610912	2.79222e-34	0.0504157	0.993102	0.993102	2.83459e-10	0.993073	0.000140325	0.985599	0.993102	0.992042	0.00164614	0.993102	0.993102	0.991664	0.993102	1.63334e-10	2.23696e-05	0.00242214	6.55428e-09	1.37808e-20	0.993101	0.000906968	0.00133066	2.74664e-11	2.67931e-11	2.69338e-05	0.398812	1.4101e-06	0.190928	
0.666506	2.633e-34	0.0599175	0.993102	0.993102	3.21312e-10	0.993069	0.0001186	0.987477	0.993102	0.991617	0.00123199	0.993102	0.993102	0.991221	0.993102	2.16203e-10	1.69512e-05	0.00242712	9.17746e-09	1.37808e-20	0.993101	0.000678655	0.00099586	2.22605e-11	2.17518e-11	2.04524e-05	0.438026	1.37899e-06	0.209609	
0.727676	3.0349e-34	0.0768569	0.993102	0.993102	3.98951e-10	0.993062	9.81029e-05	0.988891	0.993102	0.99048	0.000921965	0.993102	0.993102	0.990002	0.993102	3.03427e-10	1.27811e-05	0.00243138	1.62301e-08	1.37808e-20	0.993101	0.000507814	0.000745241	1.83014e-11	1.79168e-11	1.54453e-05	0.449148	1.27098e-06	0.206614	
0.771011	3.16351e-34	0.0886484	0.993102	0.993102	5.02816e-10	0.993057	8.3342e-05	0.98995	0.993102	0.989254	0.000689957	0.993102	0.993102	0.98873	0.993102	4.14829e-10	9.64145e-06	0.00243507	2.38435e-08	1.37808e-20	0.993101	0.000379979	0.000557678	1.52924e-11	1.50015e-11	1.17167e-05	0.53161	1.45145e-06	0.258629	
0.823724	9.21966e-34	0.139172	0.993102	0.993102	7.43859e-10	0.993026	6.58721e-05	0.990743	0.993102	0.980707	0.000516286	0.993102	0.993102	0.979713	0.993102	6.55539e-10	7.2293e-06	0.00243819	7.87229e-08	1.37808e-20	0.993101	0.000284325	0.000417302	1.3007e-11	1.27867e-11	8.78714e-06	0.532423	1.31283e-06	0.247031	
0.861317	1.10731e-33	0.166327	0.993102	0.993102	1.02021e-09	0.993012	5.37138e-05	0.991337	0.993102	0.974147	0.000386333	0.993102	0.993102	0.972956	0.993102	9.32739e-10	5.42413e-06	0.00244096	1.20861e-07	1.37808e-20	0.993101	0.00021275	0.000312259	1.12717e-11	1.11048e-11	6.60678e-06	0.556492	1.28054e-06	0.260355	
0.891506	1.52318e-33	0.20052	0.993102	0.993102	1.33121e-09	0.992991	4.35803e-05	0.991781	0.993102	0.963608	0.000289089	0.993102	0.993102	0.962212	0.993102	1.24604e-09	4.06777e-06	0.00244333	1.90757e-07	1.37808e-20	0.993101	0.000159193	0.000233657	9.95477e-12	9.82819e-12	4.9622e-06	0.535319	1.15676e-06	0.245306	
0.911681	1.5135e-33	0.211571	0.993102	0.993102	1.49393e-09	0.992987	3.71857e-05	0.992114	0.993102	0.960781	0.000216329	0.993102	0.993102	0.959487	0.993102	1.4172e-09	3.05764e-06	0.00244535	2.0848e-07	1.37808e-20	0.993101	0.000119118	0.000174843	8.95556e-12	8.8595e-12	3.74698e-06	0.568226	1.15198e-06	0.266981	
0.929879	2.01022e-33	0.24241	0.993102	0.993102	1.73686e-09	0.992966	3.07909e-05	0.992363	0.993102	0.949842	0.000161878	0.993102	0.993102	0.94855	0.993102	1.66729e-09	2.29511e-06	0.00244702	2.82982e-07	1.37808e-20	0.993101	8.9132e-05	0.000130832	8.19772e-12	8.12469e-12	2.81799e-06	0.619736	1.20566e-06	0.311203	
0.9454	6.60043e-33	0.319457	0.993102	0.993102	2.01212e-09	0.99288	2.4264e-05	0.992549	0.993102	0.913711	0.00012113	0.993102	0.993102	0.912257	0.993102	1.94958e-09	1.71991e-06	0.00244843	5.67806e-07	1.37808e-20	0.993101	6.66942e-05	9.78996e-05	7.62303e-12	7.56744e-12	2.11104e-06	0.624738	1.0977e-06	0.302776	
0.956855	8.54986e-33	0.366846	0.993102	0.993102	2.43403e-09	0.992833	1.96025e-05	0.992688	0.993102	0.882591	9.06397e-05	0.993102	0.993102	0.881213	0.993102	2.37697e-09	1.28927e-06	0.00244964	8.19756e-07	1.37808e-20	0.993101	4.99048e-05	7.32563e-05	7.18729e-12	7.14494e-12	1.58302e-06	0.633505	1.00507e-06	0.30873	
0.965544	1.0954e-32	0.409893	0.993102	0.993102	2.80065e-09	0.992786	1.59509e-05	0.992792	0.993102	0.851719	6.78243e-05	0.993102	0.993102	0.850539	0.993102	2.74984e-09	9.66663e-07	0.00245066	1.08483e-06	1.37808e-20	0.993101	3.7342e-05	5.48165e-05	6.85697e-12	6.82467e-12	1.1872e-06	0.617215	8.88925e-07	0.299142	
0.971842	1.12887e-32	0.430268	0.993102	0.993102	2.95026e-09	0.99277	1.34883e-05	0.99287	0.993102	0.841906	5.07532e-05	0.993102	0.993102	0.841015	0.993102	2.90693e-09	7.26017e-07	0.00245151	1.15274e-06	1.37808e-20	0.993101	2.79416e-05	4.1019e-05	6.60662e-12	6.58195e-12	8.92279e-07	0.628562	8.30799e-07	0.311371	
0.976801	1.34744e-32	0.460837	0.993102	0.993102	3.04592e-09	0.992732	1.13083e-05	0.992929	0.993102	0.825487	3.79789e-05	0.993102	0.993102	0.824893	0.993102	3.00959e-09	5.45403e-07	0.00245221	1.29069e-06	1.37808e-20	0.993101	2.09077e-05	3.0695e-05	6.41692e-12	6.39804e-12	6.70076e-07	0.629273	7.50285e-07	0.309692	
0.980485	1.47723e-32	0.481703	0.993102	0.993102	3.15747e-09	0.992708	9.71762e-06	0.992972	0.993102	0.812526	2.84204e-05	0.993102	0.993102	0.81224	0.993102	3.12722e-09	4.10225e-07	0.00245279	1.4007e-06	1.37808e-20	0.993101	1.56445e-05	2.29697e-05	6.27319e-12	6.25871e-12	5.03977e-07	0.655381	7.55364e-07	0.336254	
0.983516	2.46004e-32	0.52874	0.993102	0.993102	3.23222e-09	0.992607	8.00939e-06	0.993005	0.993102	0.77717	2.12672e-05	0.993102	0.993102	0.777234	0.993102	3.2073e-09	3.08214e-07	0.00245326	1.78196e-06	1.37808e-20	0.993101	1.17062e-05	1.71891e-05	6.16431e-12	6.15317e-12	3.78001e-07	0.635959	6.48931e-07	0.322115	
0.985674	2.60928e-32	0.547733	0.993102	0.993102	3.20042e-09	0.99258	6.9704e-06	0.993029	0.993102	0.770174	1.59153e-05	0.993102	0.993102	0.770582	0.993102	3.18024e-09	2.3248e-07	0.00245365	1.83304e-06	1.37808e-20	0.993101	8.75933e-06	1.28642e-05	6.08183e-12	6.07324e-12	2.84416e-07	0.638094	6.02252e-07	0.329835	
0.987356	2.99796e-32	0.570998	0.993102	0.993102	3.09363e-09	0.992535	6.05271e-06	0.993048	0.993102	0.76289	1.19106e-05	0.993102	0.993102	0.763613	0.993102	3.07749e-09	1.75734e-07	0.00245397	1.8936e-06	1.37808e-20	0.993101	6.55429e-06	9.62855e-06	6.01936e-12	6.01271e-12	2.13973e-07	0.604426	5.16984e-07	0.307278	
0.98834	2.66708e-32	0.561279	0.993102	0.993102	2.87425e-09	0.992565	5.842e-06	0.993061	0.993102	0.783862	8.91578e-06	0.993102	0.993102	0.78472	0.993102	2.86155e-09	1.3498e-07	0.00245423	1.68361e-06	1.37808e-20	0.993101	4.90435e-06	7.20897e-06	5.97206e-12	5.96689e-12	1.62954e-07	0.594357	4.72067e-07	0.301649	
0.98896	2.33386e-32	0.547002	0.993102	0.993102	2.66241e-09	0.9926	5.8417e-06	0.993072	0.993102	0.805494	6.67562e-06	0.993102	0.993102	0.806402	0.993102	2.65249e-09	1.05263e-07	0.00245443	1.47758e-06	1.37808e-20	0.993101	3.66976e-06	5.39931e-06	5.93625e-12	5.9322e-12	1.25497e-07	0.651497	4.57021e-07	0.33479	
0.989849	3.01892e-32	0.576088	0.993102	0.993102	2.81899e-09	0.992532	5.12947e-06	0.993079	0.993102	0.775863	4.99648e-06	0.993102	0.993102	0.777036	0.993102	2.81105e-09	8.0124e-08	0.00245458	1.78757e-06	1.37808e-20	0.993101	2.74595e-06	4.04206e-06	5.90916e-12	5.90594e-12	9.48516e-08	0.679921	4.73976e-07	0.366488	
0.990625	6.77957e-32	0.628751	0.993102	0.993102	2.88361e-09	0.992308	4.23993e-06	0.993085	0.993102	0.720534	3.73946e-06	0.993102	0.993102	0.72208	0.993102	2.8773e-09	6.07238e-08	0.0024547	2.5449e-06	1.37808e-20	0.993101	2.05469e-06	3.02675e-06	5.88864e-12	5.88607e-12	7.12405e-08	0.675603	4.38524e-07	0.365624	
0.991203	9.43902e-32	0.667443	0.993102	0.993102	2.88019e-09	0.992145	3.5795e-06	0.993089	0.993102	0.683877	2.79894e-06	0.993102	0.993102	0.685975	0.993102	2.87521e-09	4.62768e-08	0.00245482	3.02166e-06	1.37808e-20	0.993101	1.53745e-06	2.26736e-06	5.87309e-12	5.87103e-12	5.35825e-08	0.68081	4.1971e-07	0.380043	
0.991656	1.48346e-31	0.707452	0.993102	0.993102	2.756e-09	0.9919	2.98239e-06	0.993093	0.993102	0.64965	2.0951e-06	0.993102	0.993102	0.652382	0.993102	2.75211e-09	3.53836e-08	0.00245493	3.50916e-06	1.37808e-20	0.993101	1.15042e-06	1.70028e-06	5.86131e-12	5.85965e-12	4.02488e-08	0.703533	4.21476e-07	0.411695	
0.992013	3.8662e-31	0.755171	0.993102	0.993102	2.56476e-09	0.991286	2.39223e-06	0.993095	0.993102	0.595158	1.56817e-06	0.993102	0.993102	0.598666	0.993102	2.56174e-09	2.69564e-08	0.00245502	4.61133e-06	1.37808e-20	0.993101	8.60821e-07	1.27754e-06	5.85239e-12	5.85105e-12	3.01604e-08	0.726214	4.08298e-07	0.44415	
0.992285	1.29868e-30	0.801815	0.993102	0.993102	2.33242e-09	0.989972	1.87292e-06	0.993097	0.993102	0.526368	1.17371e-06	0.993102	0.993102	0.530984	0.993102	2.33009e-09	2.04755e-08	0.0024551	6.65357e-06	1.37808e-20	0.993101	6.44122e-07	9.63737e-07	5.84562e-12	5.84454e-12	2.25798e-08	0.70894	3.95612e-07	0.448278	
0.992489	2.1623e-30	0.837717	0.993102	0.993102	2.01463e-09	0.988787	1.47579e-06	0.993098	0.993102	0.491683	8.78674e-07	0.993102	0.993102	0.49888	0.993102	2.01285e-09	1.5752e-08	0.00245518	7.36834e-06	1.37808e-20	0.993101	4.81975e-07	7.39499e-07	5.84049e-12	5.83961e-12	1.69058e-08	0.704399	3.73081e-07	0.458339	
0.992642	3.39828e-30	0.866724	0.993102	0.993102	1.70861e-09	0.987407	1.16365e-06	0.993099	0.993102	0.468325	6.57952e-07	0.993102	0.993102	0.478931	0.993102	1.70727e-09	1.22586e-08	0.00245524	7.80165e-06	1.37808e-20	0.993101	3.60648e-07	5.8628e-07	5.8366e-12	5.83589e-12	1.26567e-08	0.676179	3.52731e-07	0.451574	
0.992757	3.90097e-30	0.887031	0.993102	0.993102	1.40945e-09	0.986624	9.36848e-07	0.9931	0.993102	0.482341	4.93151e-07	0.993102	0.993102	0.497339	0.993102	1.40843e-09	1.00024e-08	0.0024553	7.21284e-06	1.37808e-20	0.993101	2.69868e-07	5.1639e-07	5.83365e-12	5.83307e-12	9.47944e-09	0.728053	3.59594e-07	0.514919	
0.992844	2.00334e-29	0.910381	0.993102	0.993102	1.15875e-09	0.980443	7.19348e-07	0.993101	0.993102	0.430233	3.69301e-07	0.993102	0.993102	0.448125	0.993102	1.15798e-09	7.77845e-09	0.00245535	9.40126e-06	1.37808e-20	0.993101	2.01936e-07	5.09334e-07	5.83142e-12	5.83095e-12	7.09382e-09	0.728012	3.67746e-07	0.534976	
0.992909	5.31648e-29	0.928951	0.993102	0.993102	9.36697e-10	0.970707	5.49113e-07	0.993101	0.993102	0.379595	2.76629e-07	0.993102	0.993102	0.404966	0.993102	9.36121e-10	6.1146e-09	0.00245539	1.21576e-05	1.37808e-20	0.993101	1.51106e-07	6.55787e-07	5.82972e-12	5.82934e-12	5.30836e-09	0.76958	3.43852e-07	0.57917	
0.992957	2.63397e-28	0.944163	0.993102	0.993102	7.6698e-10	0.941807	4.14572e-07	0.993101	0.993102	0.304352	2.07119e-07	0.993102	0.993102	0.333418	0.993102	7.66546e-10	4.70347e-09	0.00245543	2.64631e-05	1.37808e-20	0.993101	1.13069e-07	7.95794e-07	5.82843e-12	5.82812e-12	3.97211e-09	0.783044	3.55694e-07	0.614288	
0.992994	1.10816e-27	0.956018	0.993102	0.993102	6.16759e-10	0.863277	3.11234e-07	0.993101	0.993102	0.232942	1.55078e-07	0.993102	0.993102	0.263485	0.993102	6.16433e-10	3.61733e-09	0.00245546	9.20106e-05	1.37808e-20	0.993099	8.46066e-08	1.32088e-06	5.82746e-12	5.8272e-12	2.9722e-09	0.801798	3.12639e-07	0.633661	
0.993021	2.80661e-27	0.965038	0.993102	0.993102	5.03826e-10	0.695108	2.3303e-07	0.993102	0.993102	0.17446	1.16106e-07	0.993102	0.993102	0.199258	0.993102	5.03581e-10	2.77399e-09	0.00245548	0.00247666	1.37808e-20	0.993057	6.33082e-08	1.73199e-06	5.82672e-12	5.82651e-12	2.22399e-09	0.789435	2.92481e-07	0.631548	
0.993042	3.91724e-27	0.971773	0.993102	0.993102	4.11477e-10	0.522314	1.74373e-07	0.993102	0.993102	0.130542	8.69643e-08	0.993102	0.993102	0.149191	0.993102	4.11292e-10	2.16182e-09	0.0024555	0.21778	1.37808e-20	0.961719	4.73712e-08	2.41646e-06	5.82616e-12	5.82598e-12	1.66414e-09	0.827118	2.90536e-07	0.680041	
0.993057	1.55722e-26	0.977018	0.993102	0.993097	3.35671e-10	0.390855	1.30477e-07	0.993102	0.993102	0.0976798	6.51127e-08	0.993102	0.993102	0.111636	0.993102	3.35533e-10	1.65815e-09	0.00245552	0.412938	1.37808e-20	0.721344	3.54462e-08	3.53466e-06	5.82573e-12	5.82559e-12	1.24522e-09	0.811028	2.93812e-07	0.681513	
0.993068	2.50603e-26	0.980945	0.993102	0.993018	2.70716e-10	0.292464	9.76313e-08	0.993102	0.993102	0.0730903	4.87774e-08	0.993102	0.993102	0.083533	0.993102	2.70619e-10	1.29666e-09	0.0024556	0.558986	1.37816e-20	0.539764	2.65231e-08	6.1301e-06	5.82541e-12	5.82529e-12	9.31751e-10	0.809504	2.71764e-07	0.683608	
0.993077	3.33316e-26	0.983889	0.993102	0.992445	2.20691e-10	0.218841	7.30539e-08	0.993102	0.993102	0.0546908	3.6556e-08	0.993102	0.993102	0.0625047	0.993102	2.2071e-10	1.02781e-09	0.00245663	0.668269	1.37931e-20	0.403886	1.98462e-08	8.6086e-06	5.82516e-12	5.82506e-12	6.97196e-10	0.797671	2.73963e-07	0.683956	
0.993083	3.97254e-26	0.986093	0.993102	0.990021	1.79019e-10	0.163751	5.46636e-08	0.993102	0.993102	0.0409231	2.74266e-08	0.993102	0.993102	0.04677	0.993102	1.79591e-10	8.41184e-10	0.00246452	0.750041	1.38824e-20	0.302213	1.48502e-08	1.29134e-05	5.82498e-12	5.82489e-12	5.21687e-10	0.817127	2.69246e-07	0.711361	
0.993088	7.39711e-26	0.987791	0.993102	0.977879	1.44702e-10	0.122529	4.09028e-08	0.993102	0.993102	0.0306213	2.05718e-08	0.993102	0.993102	0.0349963	0.993102	1.47312e-10	6.75979e-10	0.00250146	0.811229	1.43119e-20	0.226135	1.11119e-08	1.8136e-05	5.82484e-12	5.82476e-12	3.9036e-10	0.79878	2.53765e-07	0.695514	
0.993092	7.88235e-26	0.989036	0.993102	0.960963	1.14566e-10	0.0916837	3.06061e-08	0.993102	0.993102	0.0229128	1.54646e-08	0.993102	0.993102	0.0261865	0.993102	1.2591e-10	5.58513e-10	0.00270917	0.857013	1.70868e-20	0.169209	8.31462e-09	2.09159e-05	5.82473e-12	5.82467e-12	2.92092e-10	0.816354	2.38534e-07	0.71617	
0.993094	1.12611e-25	0.989999	0.993102	0.918492	8.8732e-11	0.0686036	2.29014e-08	0.993102	0.993102	0.0171448	1.16219e-08	0.993102	0.993102	0.0195944	0.993102	1.14893e-10	4.44355e-10	0.00320015	0.891272	2.53324e-20	0.126613	6.22152e-09	2.15749e-05	5.82465e-12	5.82459e-12	2.18562e-10	0.819057	2.26026e-07	0.724848	
0.993096	1.6015e-25	0.990729	0.993102	0.856367	6.68829e-11	0.0513336	1.71363e-08	0.993102	0.993102	0.0128288	8.74387e-09	0.993102	0.993102	0.0146618	0.993102	1.28878e-10	3.43207e-10	0.00512019	0.916906	8.75559e-20	0.0947397	4.65534e-09	1.93613e-05	5.82459e-12	5.82454e-12	1.63542e-10	0.856814	2.11254e-07	0.768292	
0.993098	5.51216e-25	0.991305	0.993102	0.736522	5.00823e-11	0.038411	1.28225e-08	0.993102	0.993102	0.00959935	6.56511e-09	0.993102	0.993102	0.0109709	0.993102	2.29099e-10	2.58262e-10	0.0130265	0.936087	8.88798e-19	0.0708903	3.48342e-09	1.56534e-05	5.82454e-12	5.8245e-12	1.22373e-10	0.866323	1.99165e-07	0.781462	
0.993099	1.143e-24	0.991741	0.993102	0.618398	3.74751e-11	0.0287416	9.59458e-09	0.993102	0.993102	0.00718284	4.93094e-09	0.993102	0.993102	0.0082091	0.993102	1.52636e-09	1.93358e-10	0.0836449	0.95044	1.00087e-16	0.0530446	2.60652e-09	1.18357e-05	5.82451e-12	5.82447e-12	9.15672e-11	0.819777	1.90015e-07	0.738937	
0.9931	9.88597e-25	0.992045	0.993102	0.566563	2.80412e-11	0.0215063	7.17927e-09	0.993102	0.993102	0.00537466	3.7366e-09	0.993102	0.993102	0.00614272	0.993102	1.44161e-08	1.44709e-10	0.266761	0.96118	1.12821e-14	0.0396913	1.95036e-09	8.86985e-06	5.82448e-12	5.82445e-12	6.85165e-11	0.807168	1.78943e-07	0.730736	
0.9931	8.35771e-25	0.992266	0.993102	0.528952	2.09822e-11	0.0160924	5.37199e-09	0.993102	0.993102	0.00402166	2.85638e-09	0.993102	0.993102	0.00459684	0.993102	4.50596e-08	1.08292e-10	0.431176	0.969216	9.75588e-14	0.0296996	1.45938e-09	6.64273e-06	5.82446e-12	5.82443e-12	5.12685e-11	0.818186	1.8893e-07	0.75518	
0.993101	8.80702e-25	0.992449	0.993102	0.46705	1.57002e-11	0.0120413	4.01966e-09	0.993102	0.993102	0.00300926	2.1858e-09	0.993102	0.993102	0.00344037	0.993102	8.93084e-08	8.10355e-11	0.563593	0.975229	4.74173e-13	0.0222231	1.092e-09	4.97515e-06	5.82445e-12	5.82442e-12	3.83624e-11	0.809337	1.7429e-07	0.747556	
0.993101	8.47207e-25	0.992581	0.993102	0.424426	1.17479e-11	0.00901009	3.00777e-09	0.993102	0.993102	0.00225172	1.69341e-09	0.993102	0.993102	0.00257703	0.993102	2.53917e-07	6.06375e-11	0.669026	0.979728	5.12671e-12	0.0166288	8.17107e-10	3.72413e-06	5.82443e-12	5.82441e-12	2.87052e-11	0.821987	1.66562e-07	0.764562	
0.993101	1.00553e-24	0.992689	0.993102	0.373301	8.79053e-12	0.00674192	2.2506e-09	0.993102	0.993102	0.00168488	1.31204e-09	0.993102	0.993102	0.00193298	0.993102	5.92197e-07	4.53733e-11	0.749454	0.983095	3.00863e-11	0.0124427	6.11411e-10	2.78735e-06	5.82443e-12	5.8244e-12	2.14791e-11	0.833592	1.61539e-07	0.780267	
0.993102	1.44884e-24	0.992776	0.993102	0.321029	6.57764e-12	0.00504473	1.68404e-09	0.993102	0.993102	0.00126074	1.01737e-09	0.993102	0.993102	0.00145624	0.993102	1.47324e-06	3.39514e-11	0.810373	0.985614	2.25403e-10	0.00931041	4.57497e-10	2.08598e-06	5.82442e-12	5.8244e-12	1.60721e-11	0.831473	1.50215e-07	0.779154	
0.993102	1.75024e-24	0.992841	0.993102	0.281511	4.92181e-12	0.00377479	1.26011e-09	0.993102	0.993102	0.000943362	7.98425e-10	0.993102	0.993102	0.00111792	0.993102	3.97437e-06	2.54046e-11	0.856226	0.987499	1.8105e-09	0.00696664	3.42328e-10	1.56097e-06	5.82442e-12	5.8244e-12	1.20262e-11	0.808107	1.37114e-07	0.757079	
0.993102	1.58512e-24	0.99288	0.993102	0.268333	3.68281e-12	0.00282454	9.42894e-10	0.993101	0.993102	0.000705884	6.56731e-10	0.993102	0.993102	0.000933434	0.993102	9.14283e-06	1.90094e-11	0.890616	0.98891	9.33159e-09	0.00521288	2.56152e-10	1.16807e-06	5.82443e-12	5.82441e-12	8.99878e-12	0.786586	1.3509e-07	0.739964	
0.993102	1.32502e-24	0.992898	0.993102	0.27404	2.75571e-12	0.0021135	7.05533e-10	0.993097	0.993102	0.000528187	5.82607e-10	0.993102	0.993102	0.00088875	0.993102	1.41931e-05	1.42241e-11	0.916364	0.989965	2.04953e-08	0.00390061	1.91669e-10	8.74074e-07	5.82447e-12	5.82445e-12	6.73354e-12	0.784655	1.41519e-07	0.744751	
0.993102	1.15973e-24	0.992915	0.993102	0.272747	2.062e-12	0.00158145	5.27925e-10	0.993094	0.993102	0.000395223	5.3074e-10	0.993102	0.993102	0.000838978	0.993102	1.63545e-05	1.06434e-11	0.935625	0.990755	2.60909e-08	0.00291868	1.43419e-10	6.54109e-07	5.82461e-12	5.82459e-12	5.03854e-12	0.776126	1.22503e-07	0.736109	
0.993102	9.86893e-25	0.992922	0.993102	0.280077	1.54292e-12	0.00118335	3.95027e-10	0.99309	0.993102	0.000295731	5.09569e-10	0.993102	0.993102	0.000837215	0.993102	1.81353e-05	7.96414e-12	0.950038	0.991346	3.08487e-08	0.00218395	1.07315e-10	4.89515e-07	5.8248e-12	5.82479e-12	3.77026e-12	0.780081	1.18461e-07	0.741817	
0.993102	8.88135e-25	0.992931	0.993102	0.279261	1.15451e-12	0.000885454	2.95584e-10	0.993089	0.993102	0.000221285	4.85184e-10	0.993102	0.993102	0.000792271	0.993102	1.84881e-05	5.95934e-12	0.960814	0.991788	3.15306e-08	0.00163417	8.03e-11	3.66372e-07	5.82506e-12	5.82504e-12	2.82123e-12	0.771574	1.05362e-07	0.734184	
0.993102	7.74862e-25	0.992932	0.993102	0.286257	8.63877e-13	0.000662554	2.21175e-10	0.993086	0.993102	0.000165579	4.86208e-10	0.993102	0.993102	0.000791408	0.993102	1.87465e-05	4.45924e-12	0.968879	0.992119	3.23212e-08	0.00122279	6.00856e-11	2.74231e-07	5.82529e-12	5.82528e-12	2.11113e-12	0.788248	1.07693e-07	0.75414	
0.993102	8.24877e-25	0.992946	0.993102	0.271732	6.46408e-13	0.000495765	1.65497e-10	0.993087	0.993102	0.000123897	4.52054e-10	0.993102	0.993102	0.000715353	0.993102	1.80271e-05	3.33675e-12	0.974904	0.992366	3.07823e-08	0.000914967	4.49599e-11	2.05312e-07	5.82555e-12	5.82553e-12	1.57973e-12	0.807942	1.00706e-07	0.774348	
0.993102	1.16718e-24	0.992966	0.993102	0.244801	4.83684e-13	0.000370963	1.23835e-10	0.993089	0.993102	9.27076e-05	3.97768e-10	0.993102	0.993102	0.000645986	0.993102	1.87823e-05	2.4968e-12	0.97943	0.992552	3.48285e-08	0.000684637	3.36418e-11	1.53715e-07	5.8257e-12	5.82569e-12	1.18208e-12	0.78338	9.91716e-08	0.753495	
0.993102	1.11216e-24	0.992972	0.993102	0.241025	3.61923e-13	0.000277578	9.26615e-11	0.993085	0.993102	6.93697e-05	3.94895e-10	0.993102	0.993102	0.000792437	0.993102	2.24762e-05	1.86829e-12	0.98284	0.99269	6.06982e-08	0.000512289	2.5173e-11	1.15079e-07	5.82576e-12	5.82574e-12	8.84555e-13	0.809329	9.08273e-08	0.77847	
0.993102	1.48081e-24	0.992987	0.993102	0.218908	2.70814e-13	0.000207702	6.93353e-11	0.993086	0.993102	5.19068e-05	3.53373e-10	0.993102	0.993102	0.000791016	0.993102	2.60794e-05	1.39799e-12	0.985394	0.992794	8.57026e-08	0.000383327	1.8836e-11	8.61621e-08	5.82593e-12	5.82592e-12	6.61899e-13	0.794125	8.26259e-08	0.7639	
0.993102	1.47016e-24	0.992993	0.993102	0.212788	2.0264e-13	0.000155416	5.1881e-11	0.993082	0.993102	3.884e-05	3.42873e-10	0.993102	0.993102	0.00100876	0.993102	3.37463e-05	1.04608e-12	0.987315	0.992871	1.61708e-07	0.00028683	1.40943e-11	6.45068e-08	5.82602e-12	5.82601e-12	4.95308e-13	0.764501	7.78715e-08	0.735531	
0.993102	1.21651e-24	0.992979	0.993102	0.234318	1.51628e-13	0.000116292	3.88207e-11	0.993055	0.993102	2.90626e-05	3.98458e-10	0.993102	0.993102	0.00160442	0.993102	4.09378e-05	7.82769e-13	0.988755	0.99293	2.45644e-07	0.000214624	1.05462e-11	4.83006e-08	5.82622e-12	5.82621e-12	3.70724e-13	0.754888	7.26135e-08	0.72738	
0.993102	9.94401e-25	0.992962	0.993102	0.259217	1.13458e-13	8.70175e-05	2.90481e-11	0.993037	0.993102	2.17465e-05	4.70222e-10	0.993102	0.993102	0.00186957	0.993102	4.05368e-05	5.85762e-13	0.989824	0.992973	2.36488e-07	0.000160595	7.89137e-12	3.61945e-08	5.82714e-12	5.82713e-12	2.77543e-13	0.79196	7.15234e-08	0.766216	
0.993102	1.14212e-24	0.992975	0.993102	0.241059	8.48963e-14	6.51122e-05	2.17356e-11	0.993049	0.993102	1.62721e-05	4.33859e-10	0.993102	0.993102	0.00159284	0.993102	3.61431e-05	4.38339e-13	0.990606	0.993006	1.96414e-07	0.000120168	5.90483e-12	2.71766e-08	5.82837e-12	5.82836e-12	2.07706e-13	0.767809	6.67052e-08	0.742806	
0.993102	1.01058e-24	0.992971	0.993102	0.247967	6.35248e-14	4.87213e-05	1.6264e-11	0.993047	0.993102	1.21758e-05	4.57543e-10	0.993102	0.993102	0.00164325	0.993102	3.52768e-05	3.28032e-13	0.991205	0.99303	1.87199e-07	8.99171e-05	4.41837e-12	2.04023e-08	5.82893e-12	5.82892e-12	1.55496e-13	0.775157	6.65365e-08	0.751701	
0.993102	9.78827e-25	0.992974	0.993102	0.244713	4.75333e-14	3.64566e-05	1.21698e-11	0.99305	0.993102	9.11071e-06	4.57106e-10	0.993102	0.993102	0.00156902	0.993102	3.33479e-05	2.45493e-13	0.991649	0.993048	1.70591e-07	6.72817e-05	3.3061e-12	1.53481e-08	5.82942e-12	5.82941e-12	1.16406e-13	0.797713	6.10274e-08	0.774244	
0.993102	1.28091e-24	0.992987	0.993102	0.224339	3.55674e-14	2.72792e-05	9.10618e-12	0.993059	0.993102	6.81722e-06	4.15112e-10	0.993102	0.993102	0.00140483	0.993102	3.23739e-05	1.83717e-13	0.991983	0.993062	1.62406e-07	5.03445e-05	2.47384e-12	1.15611e-08	5.82967e-12	5.82967e-12	8.71244e-14	0.766889	5.73357e-08	0.744841	
0.993102	1.12759e-24	0.992982	0.993102	0.23343	2.66138e-14	2.04123e-05	6.81383e-12	0.993047	0.993102	5.10108e-06	4.45956e-10	0.993102	0.993102	0.00169269	0.993102	3.50653e-05	1.37497e-13	0.992243	0.993072	2.00049e-07	3.76709e-05	1.85108e-12	8.70471e-09	5.82961e-12	5.8296e-12	6.52633e-14	0.798031	5.4439e-08	0.775831	
0.993102	1.42824e-24	0.992994	0.993102	0.214804	1.99142e-14	1.52739e-05	5.09854e-12	0.993055	0.993102	3.81695e-06	4.06311e-10	0.993102	0.993102	0.00155379	0.993102	3.53046e-05	1.02902e-13	0.992434	0.99308	2.04274e-07	2.81878e-05	1.3851e-12	6.57777e-09	5.82992e-12	5.82991e-12	4.88548e-14	0.831904	5.59178e-08	0.811655	
0.993102	3.51755e-24	0.993012	0.993102	0.182088	1.4901e-14	1.14289e-05	3.81505e-12	0.993065	0.993102	2.85608e-06	3.40904e-10	0.993102	0.993102	0.00137444	0.993102	3.90723e-05	7.70043e-14	0.992585	0.993085	2.67836e-07	2.10919e-05	1.03642e-12	4.96984e-09	5.8299e-12	5.82989e-12	3.65612e-14	0.825264	5.41634e-08	0.806186	
0.993102	4.59904e-24	0.993025	0.993102	0.159841	1.11499e-14	8.55192e-06	2.85466e-12	0.993069	0.993102	2.13711e-06	2.97192e-10	0.993102	0.993102	0.00149335	0.993102	5.30182e-05	5.76233e-14	0.992706	0.993089	6.25991e-07	1.57823e-05	7.75514e-13	3.74485e-09	5.8296e-12	5.82959e-12	2.73635e-14	0.83053	5.36956e-08	0.813074	
0.993102	6.0318e-24	0.993036	0.993102	0.140411	8.34307e-15	6.39914e-06	2.13604e-12	0.993071	0.993102	1.59912e-06	2.60272e-10	0.993102	0.993102	0.00176987	0.993102	7.55939e-05	4.31196e-14	0.9928	0.993093	1.5046e-06	1.18093e-05	5.80289e-13	2.81998e-09	5.82925e-12	5.82925e-12	2.04798e-14	0.855631	5.0245e-08	0.837383	
0.993102	1.13627e-23	0.993047	0.993102	0.118283	6.24281e-15	4.78828e-06	1.59832e-12	0.993075	0.993102	1.19656e-06	2.17688e-10	0.993102	0.993102	0.00190699	0.993102	0.000110389	3.22657e-14	0.992872	0.993095	3.38002e-06	8.83648e-06	4.34209e-13	2.12182e-09	5.82894e-12	5.82894e-12	1.5326e-14	0.833794	4.71414e-08	0.816152	
0.993102	1.14315e-23	0.993053	0.993102	0.108168	4.67127e-15	3.58294e-06	1.19597e-12	0.993069	0.993102	8.95349e-07	1.98383e-10	0.993102	0.993102	0.00282614	0.993102	0.000165371	2.41442e-14	0.992927	0.993097	7.99149e-06	6.61202e-06	3.24903e-13	1.59539e-09	5.82858e-12	5.82858e-12	1.1472e-14	0.851847	4.78175e-08	0.835293	
0.993102	1.48541e-23	0.993059	0.993102	0.0946897	3.49534e-15	2.68102e-06	8.94898e-13	0.99307	0.993102	6.6996e-07	1.73183e-10	0.993102	0.993102	0.00330932	0.993102	0.000222882	1.80667e-14	0.992969	0.993098	1.4166e-05	4.94754e-06	2.43113e-13	1.20036e-09	5.8285e-12	5.8285e-12	8.58601e-15	0.843936	4.40494e-08	0.827527	
0.993102	1.57327e-23	0.993064	0.993102	0.0867677	2.61544e-15	2.00615e-06	6.69619e-13	0.993064	0.993102	5.01311e-07	1.58568e-10	0.993102	0.993102	0.00430395	0.993102	0.000296197	1.35191e-14	0.993001	0.993099	2.46352e-05	3.70206e-06	1.81913e-13	9.03241e-10	5.82843e-12	5.82842e-12	6.42721e-15	0.853797	4.55072e-08	0.838705	
0.993102	1.89956e-23	0.993068	0.993102	0.0778157	1.95704e-15	1.50116e-06	5.01052e-13	0.993062	0.993102	3.75117e-07	1.42448e-10	0.993102	0.993102	0.00497893	0.993102	0.000369322	1.01162e-14	0.993025	0.9931	3.77014e-05	2.77012e-06	1.36119e-13	6.80412e-10	5.82854e-12	5.82853e-12	4.81091e-15	0.827746	4.04657e-08	0.812513	
0.993102	1.67474e-23	0.993068	0.993102	0.0792461	1.46438e-15	1.12332e-06	3.74919e-13	0.993035	0.993102	2.80695e-07	1.46658e-10	0.993102	0.993102	0.00724163	0.993102	0.000453473	7.57002e-15	0.993043	0.993101	5.57737e-05	2.07278e-06	1.01853e-13	5.1291e-10	5.82866e-12	5.82866e-12	3.60459e-15	0.815543	3.69651e-08	0.800305	
0.993102	1.4088e-23	0.993065	0.993102	0.0855193	1.09574e-15	8.40608e-07	2.80538e-13	0.992993	0.993102	2.10044e-07	1.60912e-10	0.993102	0.993102	0.00976299	0.993102	0.000511465	5.66496e-15	0.993057	0.993101	6.77639e-05	1.55099e-06	7.62128e-14	3.87686e-10	5.82956e-12	5.82956e-12	2.70494e-15	0.811158	3.43582e-08	0.795976	
0.993102	1.18528e-23	0.993062	0.993102	0.0923161	8.19903e-16	6.29072e-07	2.09917e-13	0.992958	0.993102	1.57178e-07	1.76315e-10	0.993102	0.993102	0.0114878	0.993102	0.000534403	4.23961e-15	0.993067	0.993101	7.09595e-05	1.16055e-06	5.70273e-14	2.9452e-10	5.83148e-12	5.83148e-12	2.03322e-15	0.830493	3.35312e-08	0.815859	
0.993102	1.17777e-23	0.993064	0.993102	0.088843	6.13504e-16	4.70762e-07	1.57073e-13	0.992969	0.993102	1.17617e-07	1.69936e-10	0.993102	0.993102	0.0110912	0.993102	0.000530857	3.17292e-15	0.993074	0.993101	6.85295e-05	8.68398e-07	4.26715e-14	2.25567e-10	5.83394e-12	5.83393e-12	1.52555e-15	0.822006	3.22283e-08	0.808063	
0.993102	1.09413e-23	0.993064	0.993102	0.0892752	4.59062e-16	3.52314e-07	1.17532e-13	0.992965	0.993102	8.8016e-08	1.72185e-10	0.993102	0.993102	0.011461	0.993102	0.000535692	2.37481e-15	0.99308	0.993102	6.90111e-05	6.49792e-07	3.19296e-14	1.73759e-10	5.83545e-12	5.83544e-12	1.1472e-15	0.802528	2.90461e-08	0.788526	
0.993102	9.16144e-24	0.993059	0.993102	0.0990896	3.435e-16	2.63711e-07	8.79454e-14	0.992918	0.993102	6.58703e-08	1.9532e-10	0.993102	0.993102	0.0131762	0.993102	0.000538281	1.77792e-15	0.993084	0.993102	6.90675e-05	4.86217e-07	2.38919e-14	1.35025e-10	5.8367e-12	5.83669e-12	8.70824e-16	0.816684	2.92372e-08	0.803541	
0.993102	8.63513e-24	0.993059	0.993102	0.0988865	2.57028e-16	1.9739e-07	6.58065e-14	0.992926	0.993102	4.92952e-08	1.96287e-10	0.993102	0.993102	0.012725	0.993102	0.000513809	1.33121e-15	0.993087	0.993102	6.34511e-05	3.6382e-07	1.78775e-14	1.07346e-10	5.83902e-12	5.83901e-12	6.58417e-16	0.808932	2.85662e-08	0.796494	
0.993102	7.80364e-24	0.993058	0.993102	0.102059	1.92325e-16	1.47775e-07	4.92408e-14	0.992918	0.993102	3.68939e-08	2.05409e-10	0.993102	0.993102	0.0128755	0.993102	0.00049439	9.97091e-16	0.993089	0.993102	5.93445e-05	2.72235e-07	1.33772e-14	8.67883e-11	5.84051e-12	5.8405e-12	5.01699e-16	0.819097	2.73481e-08	0.807106	
0.993102	7.89193e-24	0.993059	0.993102	0.0995634	1.4391e-16	1.10635e-07	3.68452e-14	0.992932	0.993102	2.76125e-08	2.01473e-10	0.993102	0.993102	0.0122106	0.993102	0.000472186	7.46954e-16	0.993091	0.993102	5.48576e-05	2.03705e-07	1.00098e-14	7.19545e-11	5.84185e-12	5.84185e-12	3.81309e-16	0.82154	2.54819e-08	0.809633	
0.993102	8.17502e-24	0.993061	0.993102	0.0966546	1.07682e-16	8.28417e-08	2.75701e-14	0.992944	0.993102	2.06676e-08	1.96237e-10	0.993102	0.993102	0.0117164	0.993102	0.000460624	5.59704e-16	0.993092	0.993102	5.25974e-05	1.52426e-07	7.49003e-15	6.05338e-11	5.84245e-12	5.84245e-12	2.90658e-16	0.841359	2.4527e-08	0.829744	
0.993102	1.11887e-23	0.993065	0.993102	0.0875889	8.05748e-17	6.20259e-08	2.06298e-14	0.992969	0.993102	1.54693e-08	1.77428e-10	0.993102	0.993102	0.0106123	0.993102	0.000457733	4.19305e-16	0.993093	0.993102	5.23311e-05	1.14057e-07	5.60458e-15	5.16829e-11	5.84255e-12	5.84255e-12	2.19877e-16	0.841704	2.25693e-08	0.830176	
0.993102	1.3527e-23	0.993068	0.993102	0.0806821	6.02912e-17	4.64498e-08	1.54366e-14	0.992985	0.993102	1.15803e-08	1.63129e-10	0.993102	0.993102	0.0101358	0.993102	0.0004778	3.14164e-16	0.993094	0.993102	5.78026e-05	8.53459e-08	4.19376e-15	4.40166e-11	5.8419e-12	5.8419e-12	1.66873e-16	0.848109	2.29943e-08	0.837344	
0.993102	1.69838e-23	0.993071	0.993102	0.0735987	4.51137e-17	3.47898e-08	1.15507e-14	0.992999	0.993102	8.67045e-09	1.4877e-10	0.993102	0.993102	0.00980183	0.993102	0.000510494	2.35394e-16	0.993095	0.993102	6.78292e-05	6.38627e-08	3.13809e-15	3.77334e-11	5.84094e-12	5.84094e-12	1.26627e-16	0.868824	2.25523e-08	0.858436	
0.993102	2.86537e-23	0.993075	0.993102	0.0639068	3.37569e-17	2.60536e-08	8.64303e-15	0.993017	0.993102	6.49182e-09	1.28961e-10	0.993102	0.993102	0.00902682	0.993102	0.000556898	1.76318e-16	0.993096	0.993102	8.33811e-05	4.77876e-08	2.34815e-15	3.24603e-11	5.83981e-12	5.83981e-12	9.55083e-17	0.813549	2.1406e-08	0.803811	
0.993102	2.32327e-23	0.993072	0.993102	0.0724402	2.52591e-17	1.95596e-08	6.46742e-15	0.992951	0.993102	4.87241e-09	1.49771e-10	0.993102	0.993102	0.0128526	0.993102	0.000626264	1.32384e-16	0.993096	0.993102	0.000110465	3.57592e-08	1.75714e-15	2.78605e-11	5.83844e-12	5.83843e-12	7.82036e-17	0.809836	2.05174e-08	0.80074	
0.993102	1.89734e-23	0.993068	0.993102	0.0802229	1.89005e-17	1.47044e-08	4.8395e-15	0.992904	0.993102	3.6593e-09	1.69525e-10	0.993102	0.993102	0.0151601	0.993102	0.00064306	9.96354e-17	0.993097	0.993102	0.000116831	2.67587e-08	1.31492e-15	2.51991e-11	5.83934e-12	5.83934e-12	6.61359e-17	0.82885	2.02288e-08	0.820054	
0.993102	1.76446e-23	0.993069	0.993102	0.0783196	1.41425e-17	1.10495e-08	3.62133e-15	0.99292	0.993102	2.74599e-09	1.66168e-10	0.993102	0.993102	0.0146142	0.993102	0.000629605	7.50145e-17	0.993097	0.993102	0.000112454	2.00241e-08	9.83982e-16	2.40069e-11	5.84141e-12	5.8414e-12	5.30057e-17	0.853281	1.83448e-08	0.844277	
0.993102	2.22817e-23	0.993073	0.993102	0.0701976	1.05823e-17	8.29669e-09	2.70978e-15	0.992952	0.993102	2.05974e-09	1.48451e-10	0.993102	0.993102	0.01303	0.993102	0.000625933	5.64029e-17	0.993097	0.993102	0.000111158	1.49847e-08	7.36325e-16	2.28799e-11	5.84249e-12	5.84248e-12	4.09976e-17	0.838183	1.72535e-08	0.829436	
0.993102	2.16804e-23	0.993074	0.993102	0.0678808	7.91838e-18	6.24682e-09	2.02772e-15	0.992961	0.993102	1.54921e-09	1.43672e-10	0.993102	0.993102	0.0130684	0.993102	0.000649542	4.25172e-17	0.993097	0.993102	0.000120557	1.1214e-08	5.5103e-16	2.13398e-11	5.84233e-12	5.84233e-12	3.30947e-17	0.843503	1.58333e-08	0.834809	
0.993102	2.24291e-23	0.993075	0.993102	0.0646694	5.92503e-18	4.70903e-09	1.51735e-15	0.992972	0.993102	1.16673e-09	1.36801e-10	0.993102	0.993102	0.0129067	0.993102	0.00067559	3.20828e-17	0.993098	0.993102	0.000131218	8.3925e-09	4.12374e-16	2.00043e-11	5.84195e-12	5.84195e-12	2.67136e-17	0.84612	1.61975e-08	0.838297	
0.993102	2.39151e-23	0.993077	0.993102	0.0613801	4.43349e-18	3.55602e-09	1.13545e-15	0.992982	0.993102	8.80631e-10	1.3016e-10	0.993102	0.993102	0.0128233	0.993102	0.000704161	2.42455e-17	0.993098	0.993102	0.000144816	6.28127e-09	3.08621e-16	1.8887e-11	5.84134e-12	5.84134e-12	2.1685e-17	0.808246	1.48962e-08	0.80069	
0.993102	1.94789e-23	0.993072	0.993102	0.0719701	3.31742e-18	2.72962e-09	8.49782e-16	0.992899	0.993102	6.7627e-10	1.5667e-10	0.993102	0.993102	0.0166929	0.993102	0.000737905	1.86195e-17	0.993098	0.993102	0.000161547	4.70151e-09	2.3105e-16	1.78403e-11	5.84061e-12	5.84061e-12	2.38601e-17	0.780243	1.46096e-08	0.773301	
