0.25	5.42631e-30	0.25	0.998264	0.25	0.748264	0.998264	0.748882	0.748264	0.25	0.25	0.000618156	0.000618156	0.25	0.25	1.27727e-12	0.25	1.27727e-12	2.63265e-21	0.000618156	0.25	1.27727e-12	0.000618156	0.000618156	0.000618156	0.000618156	0.25	0	0	0	
0.993102	0.9931	0.993102	0.00640191	0.000116624	0.993102	0.993102	9.27369e-05	0.0391005	0.993102	0.993102	2.01255e-23	0.000618156	0.25	0.25	1.27727e-12	0.25	1.27727e-12	2.63265e-21	0.000618156	0.25	1.27727e-12	0.000618156	0.000618156	0.000618156	0.000618156	0.25	1.15551	1.12854	1.15551	
0.993102	0.9931	0.993102	0.00652484	0.000114572	0.993102	0.993102	9.0569e-05	0.0412244	0.993102	0.993102	1.97274e-23	0.250463	0.437066	0.437063	0.000625655	0.187066	1.00596e-12	0.0100849	0.0173681	0.437065	0.25	0.000473556	0.000746908	0.000746246	0.000481429	0.18708	0.993102	0.9931	0.993102	
0.993102	0.993099	0.993102	0.00670047	0.000788541	0.993101	0.993102	0.000610464	0.0311193	0.993102	0.993102	1.74795e-21	0.437412	0.57704	0.577038	0.000819941	0.139974	2.04252e-12	0.00824609	0.0137	0.57704	0.437066	0.000625758	0.000831411	0.000830293	0.000631659	0.140603	0.996258	0.996256	0.996258	
0.993102	0.993099	0.993102	0.00649618	0.00124546	0.993101	0.993102	0.000964574	0.0236492	0.993102	0.993102	3.18431e-21	0.577299	0.681778	0.681777	0.00104385	0.104738	2.75137e-12	0.00689312	0.0110036	0.681778	0.57704	0.000780065	0.000963648	0.000957474	0.000784489	0.105789	0.999363	0.999361	0.999363	
0.993102	0.993099	0.993102	0.0061194	0.00154115	0.993101	0.993102	0.00120097	0.0181525	0.993102	0.993102	4.29908e-21	0.681972	0.76015	0.760148	0.00127406	0.0783715	3.22343e-12	0.00590621	0.00903086	0.760149	0.681778	0.000923932	0.00112402	0.0011095	0.000927249	0.0797033	1.00242	1.00242	1.00242	
0.993102	0.993099	0.993102	0.00568502	0.0017194	0.993101	0.993102	0.0013529	0.0141303	0.993102	0.993102	5.09555e-21	0.760295	0.818792	0.818791	0.00149335	0.0586425	3.52243e-12	0.00519681	0.00759843	0.818792	0.76015	0.00104858	0.00129556	0.00127092	0.00105106	0.0601523	1.00543	1.00543	1.00543	
0.993102	0.993099	0.993102	0.00525429	0.00181359	0.993101	0.993102	0.00144383	0.0112072	0.993102	0.993102	5.60249e-21	0.818901	0.862673	0.862671	0.00169107	0.0438801	3.69422e-12	0.00469908	0.00657086	0.862672	0.818792	0.00114916	0.00146517	0.00143001	0.00115102	0.0454931	1.00839	1.00839	1.00839	
0.993102	0.9931	0.993102	0.00485766	0.00184868	0.993101	0.993102	0.00149062	0.00910153	0.993102	0.993102	5.86324e-21	0.862754	0.895506	0.895505	0.00186207	0.0328339	3.77245e-12	0.00436389	0.00584773	0.895506	0.862673	0.00122415	0.00162381	0.00157875	0.00122555	0.0344964	1.0113	1.0113	1.0113	
0.993102	0.9931	0.993102	0.00450807	0.00184309	0.993101	0.993102	0.00150553	0.00760255	0.993102	0.993102	5.92627e-21	0.895567	0.920075	0.920074	0.00200514	0.0245684	3.78218e-12	0.00415438	0.0053545	0.920074	0.895506	0.00127443	0.00176605	0.00171238	0.00127549	0.0262423	1.01417	1.01416	1.01417	
0.993102	0.9931	0.993102	0.00420881	0.00181017	0.993101	0.993102	0.00149756	0.00655311	0.993102	0.993102	5.83862e-21	0.92012	0.938459	0.938457	0.00212159	0.0183836	3.74225e-12	0.0040429	0.00503577	0.938458	0.920075	0.0013024	0.00188933	0.00182866	0.0013032	0.0200421	1.01699	1.01699	1.01699	
0.993102	0.9931	0.993102	0.00395801	0.00175957	0.993101	0.993102	0.00147337	0.0058364	0.993102	0.993102	5.64215e-21	0.938493	0.952214	0.952213	0.00221413	0.0137558	3.66694e-12	0.00400858	0.00485028	0.952213	0.938459	0.00131121	0.00199311	0.00192716	0.00131181	0.0153805	1.01976	1.01976	1.01976	
0.993102	0.9931	0.993102	0.00375132	0.00169814	0.993101	0.993102	0.00143792	0.00536586	0.993102	0.993102	5.37197e-21	0.95224	0.962507	0.962506	0.00228604	0.010293	3.56706e-12	0.00403567	0.0047673	0.962506	0.952214	0.00130422	0.00207824	0.00200864	0.00130469	0.0118717	1.0225	1.02249	1.0225	
0.993102	0.9931	0.993102	0.00358341	0.00163067	0.993101	0.993102	0.00139489	0.0050775	0.993102	0.993102	5.05619e-21	0.962526	0.970209	0.970208	0.00234068	0.00770185	3.45082e-12	0.00411226	0.00476388	0.970208	0.962507	0.00128473	0.00214633	0.00207455	0.00128508	0.00922689	1.02519	1.02518	1.02519	
0.993102	0.993101	0.993102	0.00344883	0.00156052	0.993101	0.993102	0.00134703	0.00492414	0.993102	0.993102	4.71646e-21	0.970223	0.975972	0.975971	0.00238121	0.00576301	3.3244e-12	0.00422932	0.00482289	0.975971	0.970209	0.00125568	0.00219938	0.00212668	0.00125596	0.00722992	1.02783	1.02783	1.02783	
0.993102	0.993101	0.993102	0.00334242	0.00148995	0.993101	0.993102	0.00129638	0.00487105	0.993102	0.993102	4.36885e-21	0.975983	0.980284	0.980283	0.0024104	0.00431225	3.19245e-12	0.00437999	0.00493152	0.980283	0.975972	0.00121965	0.00223949	0.00216689	0.00121986	0.00571889	1.03043	1.03043	1.03043	
0.993102	0.993101	0.993102	0.00325953	0.00142047	0.993102	0.993102	0.00124444	0.00489275	0.993102	0.993102	4.02489e-21	0.980292	0.983511	0.983509	0.00243063	0.0032267	3.05843e-12	0.00455902	0.00508018	0.98351	0.980284	0.00117877	0.0022687	0.00219701	0.00117894	0.00457257	1.033	1.033	1.033	
0.993102	0.993101	0.993102	0.00319611	0.00135305	0.993102	0.993102	0.00119232	0.00497052	0.993102	0.993102	3.69245e-21	0.983517	0.985926	0.985924	0.00244385	0.00241442	2.92487e-12	0.00476245	0.00526167	0.985925	0.983511	0.00113479	0.00228886	0.0022187	0.00113493	0.00370019	1.03552	1.03552	1.03552	
0.993102	0.993101	0.993102	0.00314871	0.00128829	0.993102	0.993102	0.0011408	0.00509068	0.993102	0.993102	3.37665e-21	0.98593	0.987732	0.98773	0.00245166	0.00180662	2.79358e-12	0.00498721	0.00547062	0.987731	0.985926	0.00108909	0.00230163	0.00223344	0.0010892	0.00303373	1.038	1.038	1.038	
0.993102	0.993101	0.993102	0.0031144	0.00122651	0.993102	0.993102	0.00109045	0.0052432	0.993102	0.993102	3.08051e-21	0.987735	0.989084	0.989082	0.00245531	0.00135183	2.66585e-12	0.00523098	0.00570296	0.989083	0.987732	0.00104274	0.00230841	0.00224251	0.00104283	0.00252222	1.04044	1.04044	1.04044	
0.993102	0.993101	0.993102	0.00309076	0.00116787	0.993102	0.993102	0.00104165	0.00542075	0.993102	0.993102	2.80551e-21	0.989086	0.990096	0.990094	0.00245578	0.00101153	2.54255e-12	0.00549193	0.00595566	0.990095	0.989084	0.000996554	0.00231039	0.00224699	0.000996628	0.00212748	1.04284	1.04284	1.04284	
0.993102	0.993101	0.993102	0.00307579	0.00111238	0.993102	0.993102	0.000994661	0.00561796	0.993102	0.993102	2.55206e-21	0.990097	0.990852	0.99085	0.00245385	0.000756888	2.42423e-12	0.0057687	0.00622641	0.990851	0.990096	0.000951125	0.00230857	0.00224778	0.000951187	0.00182085	1.04521	1.0452	1.04521	
0.993102	0.993101	0.993102	0.00306785	0.00106001	0.993102	0.993102	0.000949634	0.00583091	0.993102	0.993102	2.31983e-21	0.990854	0.991419	0.991417	0.00245009	0.000566352	2.31121e-12	0.00606019	0.00651349	0.991418	0.990852	0.000906884	0.00230375	0.00224561	0.000906937	0.00158084	1.04753	1.04753	1.04753	
0.993102	0.993101	0.993102	0.00306562	0.00101066	0.993102	0.993102	0.000906656	0.00605665	0.993102	0.993102	2.108e-21	0.99142	0.991843	0.99184	0.00244494	0.00042378	2.20364e-12	0.00636552	0.00681552	0.991842	0.991419	0.000864132	0.00229659	0.0022411	0.000864179	0.00139135	1.04982	1.04982	1.04982	
0.993102	0.993101	0.993102	0.00306802	0.000964181	0.993102	0.993102	0.000865743	0.00629311	0.993102	0.993102	1.91541e-21	0.991843	0.99216	0.992157	0.00243873	0.000317099	2.10151e-12	0.00668411	0.00713159	0.992159	0.991843	0.000823054	0.0022876	0.00223472	0.000823095	0.00124025	1.05207	1.05207	1.05207	
0.993102	0.993101	0.993102	0.00307419	0.000920431	0.993102	0.993102	0.000826882	0.00653873	0.993102	0.993102	1.74076e-21	0.99216	0.992397	0.992394	0.0024317	0.000237274	2.00475e-12	0.00701544	0.00746094	0.992396	0.99216	0.00078376	0.00227721	0.00222687	0.000783797	0.00111843	1.05428	1.05428	1.05428	
0.993102	0.993101	0.993102	0.00308342	0.000879263	0.993102	0.993102	0.00079004	0.00679223	0.993102	0.993102	1.58269e-21	0.992397	0.992574	0.992572	0.00242403	0.000177543	1.91323e-12	0.00735901	0.00780288	0.992573	0.992397	0.000746311	0.00226575	0.00221786	0.000746344	0.00101904	1.05646	1.05645	1.05645	
0.993102	0.993101	0.993102	0.00309517	0.00084052	0.993102	0.993102	0.000755153	0.0070527	0.993102	0.993102	1.43982e-21	0.992575	0.992707	0.992705	0.00241585	0.000132849	1.82676e-12	0.0077145	0.00815698	0.992706	0.992574	0.000710714	0.00225347	0.00220793	0.000710745	0.000936922	1.05859	1.05859	1.05859	
0.993102	0.993101	0.993102	0.00310898	0.000804077	0.993102	0.993102	0.00072217	0.00731915	0.993102	0.993102	1.31086e-21	0.992708	0.992807	0.992804	0.00240726	9.94063e-05	1.74519e-12	0.00808129	0.00852252	0.992806	0.992707	0.000676968	0.00224057	0.00219727	0.000676996	0.0008682	1.0607	1.06069	1.06069	
0.993102	0.993101	0.993102	0.0031245	0.000769739	0.993102	0.993102	0.000690967	0.00759157	0.993102	0.993102	1.1944e-21	0.992807	0.992881	0.992878	0.00239834	7.43821e-05	1.66816e-12	0.00845976	0.00889984	0.99288	0.992807	0.000644988	0.00222721	0.00218605	0.000645014	0.000809883	1.06276	1.06276	1.06276	
0.993102	0.993101	0.993102	0.00314146	0.000737397	0.993102	0.993102	0.000661481	0.00786912	0.993102	0.993102	1.08931e-21	0.992881	0.992937	0.992934	0.00238913	5.56574e-05	1.59552e-12	0.0088493	0.00928828	0.992936	0.992881	0.000614736	0.00221351	0.00217438	0.000614761	0.000759765	1.06479	1.06479	1.06479	
0.993102	0.993101	0.993102	0.00315963	0.000706919	0.993102	0.993102	0.000633624	0.00815144	0.993102	0.993102	9.94482e-22	0.992937	0.992978	0.992975	0.00237966	4.16464e-05	1.52701e-12	0.00924975	0.00968765	0.992977	0.992937	0.000586142	0.00219957	0.00216236	0.000586165	0.000716146	1.06679	1.06678	1.06679	
0.993102	0.993101	0.993102	0.00317883	0.000678186	0.993102	0.993102	0.000607311	0.0084381	0.993102	0.993102	9.08893e-22	0.992978	0.99301	0.993006	0.00236998	3.11625e-05	1.4624e-12	0.00966085	0.0100977	0.993009	0.992978	0.000559132	0.00218546	0.00215006	0.000559154	0.000677736	1.06874	1.06874	1.06874	
0.993102	0.993101	0.993102	0.00319893	0.000651089	0.993102	0.993102	0.00058246	0.00872869	0.993102	0.993102	8.31625e-22	0.99301	0.993033	0.99303	0.0023601	2.33178e-05	1.40148e-12	0.0100823	0.010518	0.993032	0.99301	0.000533632	0.00217124	0.00213755	0.000533653	0.00064355	1.07067	1.07067	1.07067	
0.993102	0.993101	0.993102	0.0032198	0.000625507	0.993102	0.993102	0.000558975	0.00902316	0.993102	0.993102	7.61804e-22	0.993033	0.99305	0.993047	0.00235005	1.74478e-05	1.344e-12	0.0105142	0.0109488	0.993049	0.993033	0.000509551	0.00215694	0.00212486	0.00050957	0.000612813	1.07256	1.07256	1.07256	
0.993102	0.993101	0.993102	0.00324136	0.000601363	0.993102	0.993102	0.000536793	0.00932084	0.993102	0.993102	6.98707e-22	0.99305	0.993063	0.99306	0.00233984	1.30556e-05	1.28978e-12	0.0109559	0.0113894	0.993062	0.99305	0.000486826	0.0021426	0.00211205	0.000486845	0.000584952	1.07441	1.07441	1.07441	
0.993102	0.993101	0.993102	0.00326354	0.000578574	0.993102	0.993102	0.000515847	0.00962118	0.993102	0.993102	6.41669e-22	0.993063	0.993073	0.993069	0.00232949	9.76901e-06	1.23866e-12	0.0114069	0.0118392	0.993072	0.993063	0.00046539	0.00212826	0.00209914	0.000465409	0.000559522	1.07624	1.07624	1.07624	
0.993102	0.993101	0.993102	0.00328627	0.000556995	0.993102	0.993102	0.00049601	0.00992522	0.993102	0.993102	5.8996e-22	0.993073	0.99308	0.993077	0.00231901	7.3098e-06	1.1903e-12	0.0118685	0.0122997	0.993079	0.993073	0.000445123	0.00211394	0.00208616	0.000445141	0.000536103	1.07803	1.07802	1.07803	
0.993102	0.993101	0.993102	0.00330951	0.00053661	0.993102	0.993102	0.00047727	0.0102312	0.993102	0.993102	5.43142e-22	0.99308	0.993086	0.993082	0.00230842	5.46966e-06	1.14467e-12	0.0123388	0.0127688	0.993085	0.99308	0.000426002	0.00209963	0.00207313	0.000426019	0.000514471	1.07979	1.07978	1.07979	
0.993102	0.993101	0.993102	0.00333322	0.000517308	0.993102	0.993102	0.000459528	0.0105399	0.993102	0.993102	5.00657e-22	0.993086	0.99309	0.993086	0.00229772	4.09274e-06	1.10153e-12	0.0128187	0.0132475	0.993089	0.993086	0.000407931	0.00208538	0.00206007	0.000407947	0.000494364	1.0815	1.08149	1.0815	
0.993102	0.993101	0.993102	0.00335737	0.000499069	0.993102	0.993102	0.000442766	0.0108496	0.993102	0.993102	4.62141e-22	0.99309	0.993093	0.993089	0.00228694	3.06245e-06	1.0608e-12	0.0133063	0.0137339	0.993092	0.99309	0.000390885	0.00207117	0.00204699	0.0003909	0.000475645	1.0896	1.0896	1.0896	
0.993102	0.993101	0.993102	0.00338191	0.000468744	0.993102	0.993102	0.000415382	0.0115721	0.993102	0.993102	4.08721e-22	0.993093	0.993095	0.993091	0.00227609	2.29152e-06	9.94751e-13	0.0143202	0.0147606	0.993094	0.993093	0.000364864	0.00205704	0.00203393	0.000364878	0.000445817	1.09691	1.09691	1.09691	
0.993102	0.993101	0.993102	0.00341423	0.000433187	0.993102	0.993102	0.000383431	0.0125865	0.993102	0.993102	3.52156e-22	0.993095	0.993097	0.993092	0.0022607	1.71466e-06	9.17817e-13	0.0157622	0.0162221	0.993096	0.993095	0.000334661	0.00203863	0.00201669	0.000334674	0.000411281	1.1032	1.1032	1.1032	
0.993102	0.993101	0.993102	0.0034582	0.000396931	0.993102	0.993102	0.000350899	0.0137693	0.993102	0.993102	2.98824e-22	0.993097	0.993098	0.993093	0.00223903	1.28302e-06	8.39532e-13	0.0175172	0.0179972	0.993097	0.993097	0.000303683	0.00201418	0.00199356	0.000303695	0.000376257	1.10807	1.10807	1.10807	
0.993102	0.9931	0.993102	0.00351487	0.000363142	0.993102	0.993102	0.000320562	0.0149753	0.993102	0.993102	2.52005e-22	0.993098	0.993099	0.993094	0.00221128	9.60037e-07	7.6654e-13	0.0194196	0.0199156	0.993098	0.993098	0.000274426	0.00198383	0.00196464	0.000274437	0.000343686	1.11387	1.11387	1.11387	
0.993102	0.9931	0.993102	0.00358255	0.00033072	0.993102	0.993102	0.000291452	0.0163118	0.993102	0.993102	2.10579e-22	0.993099	0.9931	0.993094	0.00217925	7.18361e-07	6.96547e-13	0.0216184	0.0221294	0.993099	0.993099	0.000246365	0.00194919	0.00193147	0.000246374	0.000312509	1.1199	1.1199	1.1199	
0.993102	0.9931	0.993102	0.0036621	0.000299862	0.993102	0.993102	0.000263751	0.0177962	0.993102	0.993102	1.74431e-22	0.9931	0.993101	0.993094	0.00214311	5.37523e-07	6.29989e-13	0.0241673	0.0246924	0.9931	0.9931	0.00021975	0.00191047	0.00189425	0.000219759	0.000282897	1.12454	1.12454	1.12454	
0.993102	0.9931	0.993102	0.00375485	0.000272236	0.993102	0.993102	0.000238914	0.0192551	0.993102	0.993102	1.44142e-22	0.993101	0.993101	0.993093	0.00210294	4.02209e-07	5.70336e-13	0.0268516	0.0273859	0.9931	0.993101	0.000195757	0.00186779	0.00185304	0.000195765	0.000256396	1.12777	1.12776	1.12777	
0.993102	0.9931	0.993102	0.00385855	0.000248678	0.993102	0.993102	0.000217658	0.0205492	0.993102	0.993102	1.19504e-22	0.993101	0.993101	0.993093	0.00206057	3.00959e-07	5.19288e-13	0.0294539	0.0299902	0.9931	0.993101	0.000175001	0.00182283	0.00180949	0.000175008	0.00023377	1.13135	1.13134	1.13135	
0.993102	0.9931	0.993102	0.00396844	0.000228048	0.993102	0.993102	0.000198992	0.0217918	0.993102	0.993102	9.92766e-23	0.993101	0.993102	0.993093	0.00201859	2.25196e-07	4.74479e-13	0.0321009	0.0326354	0.993101	0.993101	0.000156821	0.00177797	0.00176594	0.000156827	0.000213944	1.13544	1.13544	1.13544	
0.993102	0.9931	0.993102	0.00408303	0.000209409	0.993102	0.993102	0.00018211	0.0230831	0.993102	0.993102	8.24642e-23	0.993102	0.993102	0.993093	0.0019777	1.68506e-07	4.33985e-13	0.0349382	0.03547	0.993101	0.993102	0.000140597	0.00173393	0.00172311	0.000140603	0.00019604	1.13748	1.13748	1.13748	
0.993102	0.9931	0.993102	0.00420339	0.000194011	0.993102	0.993102	0.000168077	0.0241441	0.993102	0.993102	6.90678e-23	0.993102	0.993102	0.993092	0.00193743	1.26087e-07	4.00326e-13	0.0375316	0.0380553	0.993101	0.993102	0.000126958	0.00169044	0.0016807	0.000126963	0.000181205	1.14276	1.14275	1.14275	
0.993102	0.9931	0.993102	0.00432392	0.000178846	0.993102	0.993102	0.000154325	0.0255194	0.993102	0.993102	5.75329e-23	0.993102	0.993102	0.993092	0.00189999	9.43466e-08	3.67392e-13	0.0407139	0.0412339	0.993101	0.993102	0.000114165	0.00164942	0.00164065	0.00011417	0.000166652	1.14443	1.14443	1.14443	
0.993102	0.993099	0.993102	0.00445298	0.000166476	0.993102	0.993102	0.000143028	0.0265879	0.993102	0.993102	4.83867e-23	0.993102	0.993102	0.993091	0.001862	7.05962e-08	3.40335e-13	0.0435434	0.0440544	0.993101	0.993102	0.000103458	0.0016081	0.00160021	0.000103463	0.000154738	1.14577	1.14577	1.14577	
0.993102	0.993099	0.993102	0.0045824	0.000156445	0.993102	0.993102	0.000133775	0.0274239	0.993102	0.993102	4.11698e-23	0.993102	0.993102	0.993091	0.00182659	5.28246e-08	3.18176e-13	0.0460391	0.0465377	0.993101	0.993102	9.45979e-05	0.00156912	0.001562	9.4602e-05	0.000145028	1.14488	1.14488	1.14488	
0.993102	0.993099	0.993102	0.00470702	0.000149603	0.993102	0.993102	0.000127264	0.0277982	0.993102	0.993102	3.5878e-23	0.993102	0.993102	0.993091	0.00179521	3.95268e-08	3.0256e-13	0.0477206	0.0482012	0.993101	0.993102	8.79876e-05	0.00153375	0.00152731	8.79915e-05	0.00013829	1.14268	1.14268	1.14268	
0.993102	0.993099	0.993102	0.00481639	0.000146036	0.993102	0.993102	0.000123542	0.0277216	0.993102	0.993102	3.2357e-23	0.993102	0.993102	0.993091	0.00177071	2.95765e-08	2.93597e-13	0.0484719	0.0489302	0.993101	0.993102	8.36805e-05	0.00150451	0.00149863	8.36843e-05	0.000134585	1.13956	1.13955	1.13956	
0.993102	0.993099	0.993102	0.00490199	0.000145647	0.993102	0.993102	0.000122516	0.0272647	0.993102	0.993102	3.04794e-23	0.993102	0.993102	0.993091	0.00175494	2.21311e-08	2.91063e-13	0.0483256	0.0487595	0.993101	0.993102	8.16374e-05	0.00148312	0.00147769	8.16412e-05	0.00013382	1.14129	1.14129	1.14129	
0.993102	0.993099	0.993102	0.00495871	0.000144177	0.993102	0.993102	0.000120674	0.0272069	0.993102	0.993102	2.8718e-23	0.993102	0.993102	0.993091	0.00174858	1.656e-08	2.86614e-13	0.0486413	0.0490595	0.993101	0.993102	7.96286e-05	0.00147039	0.00146528	7.96324e-05	0.000132118	1.14178	1.14177	1.14178	
0.993102	0.993099	0.993102	0.00500263	0.000142778	0.993102	0.993102	0.000118983	0.0272355	0.993102	0.993102	2.72997e-23	0.993102	0.993102	0.993091	0.00174533	1.23913e-08	2.82541e-13	0.0490081	0.0494141	0.993101	0.993102	7.79676e-05	0.00146125	0.0014564	7.79715e-05	0.000130535	1.14303	1.14303	1.14303	
0.993102	0.993099	0.993102	0.00503853	0.000140896	0.993102	0.993102	0.000116981	0.0274227	0.993102	0.993102	2.59552e-23	0.993102	0.993102	0.993091	0.00174344	9.27204e-09	2.77743e-13	0.0495987	0.0499968	0.993101	0.993102	7.62582e-05	0.00145418	0.00144953	7.62621e-05	0.000128565	1.1417	1.14169	1.1417	
0.993102	0.993099	0.993102	0.00507214	0.000140437	0.993102	0.993102	0.00011622	0.0273566	0.993102	0.993102	2.52352e-23	0.993102	0.993102	0.993091	0.00174103	6.938e-09	2.75899e-13	0.049727	0.0501155	0.993101	0.993102	7.53957e-05	0.00144752	0.00144304	7.53997e-05	0.000127927	1.13862	1.13862	1.13862	
0.993102	0.993099	0.993102	0.00509734	0.000142337	0.993102	0.993102	0.000117448	0.0269183	0.993102	0.993102	2.54698e-23	0.993102	0.993102	0.993092	0.0017404	5.19154e-09	2.78784e-13	0.0491149	0.049491	0.993101	0.993102	7.5938e-05	0.001443	0.00143865	7.59422e-05	0.000129461	1.14096	1.14096	1.14096	
0.993102	0.993099	0.993102	0.00510615	0.000142077	0.993102	0.993102	0.000116961	0.0269486	0.993102	0.993102	2.51137e-23	0.993102	0.993102	0.993092	0.00174422	3.88471e-09	2.77609e-13	0.0492028	0.0495744	0.993101	0.993102	7.5617e-05	0.00144281	0.00143853	7.56213e-05	0.000129069	1.14399	1.14398	1.14398	
0.993102	0.993099	0.993102	0.00511399	0.0001398	0.993102	0.993102	0.000114884	0.0273793	0.993102	0.993102	2.41548e-23	0.993102	0.993102	0.993091	0.00174697	2.90686e-09	2.72667e-13	0.0500068	0.0503798	0.993101	0.993102	7.42626e-05	0.00144243	0.00143821	7.4267e-05	0.000126885	1.15911	1.15911	1.15911	
0.993102	0.993099	0.993102	0.00513145	0.000129358	0.993102	0.993102	0.000106182	0.0300718	0.993102	0.993102	2.09776e-23	0.993102	0.993102	0.99309	0.00174541	2.17515e-09	2.52003e-13	0.0549471	0.055348	0.993101	0.993102	6.85209e-05	0.00143902	0.00143486	6.8525e-05	0.000117338	1.15343	1.15343	1.15343	
0.993102	0.993099	0.993102	0.0052175	0.000124538	0.993102	0.993102	0.000102097	0.0306535	0.993102	0.993102	1.91515e-23	0.993102	0.993102	0.99309	0.00172165	1.62765e-09	2.42285e-13	0.0568927	0.0572948	0.993101	0.993102	6.50229e-05	0.0014175	0.00141352	6.50269e-05	0.00011289	1.1536	1.15359	1.15359	
0.993102	0.993099	0.993102	0.00530281	0.000120891	0.993102	0.993102	9.8927e-05	0.0310216	0.993102	0.993102	1.77287e-23	0.993102	0.993102	0.99309	0.00170051	1.21797e-09	2.34742e-13	0.0584262	0.0588259	0.993101	0.993102	6.2202e-05	0.00139741	0.0013936	6.22059e-05	0.00010948	1.15644	1.15643	1.15644	
0.993102	0.993098	0.993102	0.0053818	0.000116678	0.993102	0.993102	9.52743e-05	0.031692	0.993102	0.993102	1.62818e-23	0.993102	0.993102	0.99309	0.00168309	9.11416e-10	2.26055e-13	0.0604685	0.0608684	0.993101	0.993102	5.9249e-05	0.00137986	0.00137621	5.92528e-05	0.000105547	1.15557	1.15557	1.15557	
0.993102	0.993098	0.993102	0.0054645	0.000114027	0.993102	0.993102	9.28775e-05	0.0319445	0.993102	0.993102	1.52686e-23	0.993102	0.993102	0.993089	0.00166591	6.82037e-10	2.20348e-13	0.0617564	0.0621516	0.993101	0.993102	5.70888e-05	0.00136223	0.00135873	5.70926e-05	0.000103016	1.15274	1.15274	1.15274	
0.993102	0.993098	0.993102	0.00553845	0.000113646	0.993102	0.993102	9.23022e-05	0.0316562	0.993102	0.993102	1.48682e-23	0.993102	0.993102	0.99309	0.00165236	5.10403e-10	2.18965e-13	0.0618957	0.0622807	0.993101	0.993102	5.61464e-05	0.00134734	0.00134399	5.61502e-05	0.00010252	1.15102	1.15102	1.15102	
0.993102	0.993098	0.993102	0.00558975	0.000114399	0.993102	0.993102	9.26377e-05	0.0312273	0.993102	0.993102	1.48415e-23	0.993102	0.993102	0.99309	0.00164578	3.81978e-10	2.19746e-13	0.0615217	0.061896	0.993101	0.993102	5.59931e-05	0.00133809	0.00133484	5.59971e-05	0.000103043	1.15623	1.15623	1.15623	
0.993102	0.993098	0.993102	0.00561878	0.000112083	0.993102	0.993102	9.05339e-05	0.0317767	0.993102	0.993102	1.41514e-23	0.993102	0.993102	0.99309	0.00164522	2.85877e-10	2.14746e-13	0.0628159	0.0631912	0.993101	0.993102	5.46032e-05	0.00133402	0.00133083	5.46071e-05	0.000100827	1.15837	1.15837	1.15837	
0.993102	0.993098	0.993102	0.00565802	0.000109256	0.993102	0.993102	8.80582e-05	0.0324499	0.993102	0.993102	1.3356e-23	0.993102	0.993102	0.993089	0.00164079	2.13965e-10	2.08864e-13	0.0644792	0.0648567	0.993101	0.993102	5.28973e-05	0.00132731	0.0013242	5.29012e-05	9.81749e-05	1.15777	1.15776	1.15777	
0.993102	0.993098	0.993102	0.00570934	0.00010747	0.993102	0.993102	8.64365e-05	0.0327414	0.993102	0.993102	1.27927e-23	0.993102	0.993102	0.993089	0.00163265	1.60157e-10	2.05007e-13	0.0655435	0.0659192	0.993101	0.993102	5.16042e-05	0.00131786	0.00131483	5.16082e-05	9.64664e-05	1.15605	1.15605	1.15605	
0.993102	0.993098	0.993102	0.0057594	0.00010706	0.993102	0.993102	8.59182e-05	0.032637	0.993102	0.993102	1.25556e-23	0.993102	0.993102	0.993089	0.00162504	1.19896e-10	2.03768e-13	0.0658133	0.0661835	0.993101	0.993102	5.09838e-05	0.00130888	0.00130593	5.09878e-05	9.59908e-05	1.15527	1.15526	1.15527	
0.993102	0.993098	0.993102	0.00579674	0.000107202	0.993102	0.993102	8.58451e-05	0.0324522	0.993102	0.993102	1.2483e-23	0.993102	0.993102	0.993089	0.00162101	8.97707e-11	2.03587e-13	0.065787	0.0661514	0.993101	0.993102	5.07418e-05	0.00130283	0.00129994	5.07458e-05	9.6012e-05	1.15178	1.15178	1.15178	
0.993102	0.993098	0.993102	0.00582143	0.000109286	0.993102	0.993102	8.73294e-05	0.0318163	0.993102	0.993102	1.29064e-23	0.993102	0.993102	0.99309	0.0016201	6.72335e-11	2.07101e-13	0.0647334	0.0650885	0.993101	0.993102	5.15197e-05	0.00129949	0.00129665	5.15239e-05	9.77739e-05	1.15586	1.15585	1.15586	
0.993102	0.993098	0.993102	0.00582267	0.000108582	0.993102	0.993102	8.6622e-05	0.0320609	0.993102	0.993102	1.27272e-23	0.993102	0.993102	0.993089	0.00162502	5.03649e-11	2.05422e-13	0.0651798	0.0655356	0.993101	0.993102	5.1201e-05	0.00130117	0.00129833	5.12053e-05	9.70627e-05	1.1587	1.15869	1.1587	
0.993102	0.993098	0.993102	0.00583083	0.000106578	0.993102	0.993102	8.4918e-05	0.0326679	0.993102	0.993102	1.22504e-23	0.993102	0.993102	0.993089	0.00162672	3.77397e-11	2.01378e-13	0.0664238	0.0667839	0.993101	0.993102	5.02061e-05	0.00130082	0.00129799	5.02104e-05	9.52114e-05	1.15313	1.15313	1.15313	
0.993102	0.993098	0.993102	0.00585537	0.000108064	0.993102	0.993102	8.6005e-05	0.0321451	0.993102	0.993102	1.25326e-23	0.993102	0.993102	0.993089	0.00162318	2.82989e-11	2.03952e-13	0.0656183	0.0659714	0.993101	0.993102	5.0701e-05	0.00129658	0.00129379	5.07054e-05	9.64839e-05	1.15652	1.15652	1.15652	
0.993102	0.993098	0.993102	0.00585971	0.000107332	0.993102	0.993102	8.53353e-05	0.0323605	0.993102	0.993102	1.23493e-23	0.993102	0.993102	0.993089	0.0016252	2.12309e-11	2.02363e-13	0.0660631	0.0664173	0.993101	0.993102	5.03392e-05	0.00129682	0.00129404	5.03437e-05	9.57811e-05	1.15496	1.15496	1.15496	
0.993102	0.993098	0.993102	0.00586958	0.000107626	0.993102	0.993102	8.5497e-05	0.032241	0.993102	0.993102	1.239e-23	0.993102	0.993102	0.993089	0.00162502	1.59438e-11	2.02744e-13	0.0659113	0.0662633	0.993101	0.993102	5.04065e-05	0.00129559	0.00129283	5.0411e-05	9.60025e-05	1.15897	1.15897	1.15897	
0.993102	0.993098	0.993102	0.00587401	0.000105749	0.993102	0.993102	8.3948e-05	0.0328179	0.993102	0.993102	1.19613e-23	0.993102	0.993102	0.993089	0.00162602	1.19833e-11	1.9907e-13	0.0670774	0.0674343	0.993101	0.993102	4.95043e-05	0.00129546	0.00129269	4.95088e-05	9.4295e-05	1.15837	1.15837	1.15837	
0.993102	0.993098	0.993102	0.00589474	0.000104648	0.993102	0.993102	8.3026e-05	0.0330546	0.993102	0.993102	1.16738e-23	0.993102	0.993102	0.993089	0.00162216	9.02045e-12	1.96881e-13	0.067758	0.0681159	0.993101	0.993102	4.88333e-05	0.00129159	0.00128886	4.88378e-05	9.32859e-05	1.16534	1.16534	1.16534	
0.993102	0.993098	0.993102	0.00591859	0.000100514	0.993102	0.993102	7.96993e-05	0.034409	0.993102	0.993102	1.07872e-23	0.993102	0.993102	0.993088	0.0016177	6.79644e-12	1.88989e-13	0.0706931	0.0710623	0.993101	0.993102	4.67488e-05	0.00128717	0.00128446	4.67532e-05	8.95736e-05	1.16761	1.16761	1.16761	
0.993102	0.993098	0.993102	0.00597915	9.64472e-05	0.993102	0.993102	7.64226e-05	0.0355925	0.993102	0.993102	9.89654e-24	0.993102	0.993102	0.993088	0.00160398	5.13023e-12	1.81214e-13	0.0737531	0.0741307	0.993101	0.993102	4.44755e-05	0.00127526	0.00127261	4.44798e-05	8.59189e-05	1.16733	1.16733	1.16733	
0.993102	0.993098	0.993102	0.0060653	9.35516e-05	0.993102	0.993102	7.40453e-05	0.0362032	0.993102	0.993102	9.20984e-24	0.993102	0.993102	0.993088	0.00158547	3.88371e-12	1.75569e-13	0.0759623	0.0763418	0.993101	0.993102	4.26048e-05	0.00125901	0.00125645	4.2609e-05	8.3291e-05	1.16694	1.16693	1.16694	
0.993102	0.993097	0.993102	0.00615479	9.15921e-05	0.993102	0.993102	7.23705e-05	0.0364761	0.993102	0.993102	8.70552e-24	0.993102	0.993102	0.993088	0.00156829	2.95135e-12	1.7159e-13	0.0775013	0.0778789	0.993101	0.993102	4.11647e-05	0.00124312	0.00124065	4.11688e-05	8.14748e-05	1.1635	1.16349	1.1635	
0.993102	0.993097	0.993102	0.00623639	9.17058e-05	0.993102	0.993102	7.2293e-05	0.0360314	0.993102	0.993102	8.58818e-24	0.993102	0.993102	0.993088	0.00155472	2.25692e-12	1.71398e-13	0.0774195	0.0777887	0.993101	0.993102	4.06943e-05	0.00122957	0.00122718	4.06985e-05	8.14797e-05	1.1645	1.16449	1.1645	
0.993102	0.993097	0.993102	0.00628835	9.1368e-05	0.993102	0.993102	7.1846e-05	0.0359461	0.993102	0.993102	8.43994e-24	0.993102	0.993102	0.993088	0.00154923	1.73634e-12	1.70332e-13	0.0777504	0.078115	0.993101	0.993102	4.02325e-05	0.00122211	0.00121977	4.02369e-05	8.1076e-05	1.16134	1.16134	1.16134	
0.993102	0.993097	0.993102	0.00632784	9.2623e-05	0.993102	0.993102	7.26487e-05	0.0353651	0.993102	0.993102	8.60635e-24	0.993102	0.993102	0.993088	0.00154659	1.34991e-12	1.7223e-13	0.0768941	0.0772507	0.993101	0.993102	4.05423e-05	0.00121703	0.00121474	4.0547e-05	8.20839e-05	1.15976	1.15975	1.15976	
0.993102	0.993097	0.993102	0.00634126	9.43623e-05	0.993102	0.993102	7.38419e-05	0.0347681	0.993102	0.993102	8.91126e-24	0.993102	0.993102	0.993088	0.00154976	1.0624e-12	1.75056e-13	0.0757242	0.0760737	0.993101	0.993102	4.1236e-05	0.00121678	0.00121451	4.12411e-05	8.35273e-05	1.15789	1.15788	1.15789	
0.993102	0.993097	0.993102	0.00633317	9.66256e-05	0.993102	0.993102	7.54723e-05	0.0341202	0.993102	0.993102	9.36441e-24	0.993102	0.993102	0.993089	0.00155707	8.49253e-13	1.78921e-13	0.0742297	0.0745737	0.993101	0.993102	4.23066e-05	0.00122028	0.001218	4.23129e-05	8.54488e-05	1.15831	1.1583	1.15831	
0.993102	0.993097	0.993102	0.00630624	9.80946e-05	0.993102	0.993102	7.65249e-05	0.033806	0.993102	0.993102	9.69242e-24	0.993102	0.993102	0.993089	0.0015676	6.8931e-13	1.81418e-13	0.0732451	0.0735881	0.993101	0.993102	4.31592e-05	0.00122696	0.00122466	4.31669e-05	8.66922e-05	1.15053	1.15051	1.15052	
0.993102	0.993097	0.993102	0.00627463	0.000103522	0.993102	0.993102	8.07035e-05	0.0324558	0.993102	0.993102	1.09403e-23	0.993102	0.993102	0.993089	0.00157758	5.78704e-13	1.91328e-13	0.070103	0.0704358	0.993101	0.993102	4.58198e-05	0.00123394	0.00123162	4.58295e-05	9.14553e-05	1.14674	1.14672	1.14674	
0.993102	0.993097	0.993102	0.00620775	0.000109931	0.993102	0.993102	8.56906e-05	0.0311155	0.993102	0.993102	1.25918e-23	0.993102	0.993102	0.99309	0.00159555	5.00891e-13	2.03162e-13	0.0666874	0.0670114	0.993101	0.993102	4.92741e-05	0.00124787	0.00124547	4.92858e-05	9.71112e-05	1.14731	1.1473	1.14731	
0.993102	0.993098	0.993102	0.00611388	0.00011431	0.993102	0.993102	8.91682e-05	0.0303725	0.993102	0.993102	1.3839e-23	0.993102	0.993102	0.99309	0.00161908	4.41891e-13	2.11421e-13	0.0642637	0.0645857	0.993101	0.993102	5.20912e-05	0.00126717	0.00126465	5.21038e-05	0.000101018	1.14955	1.14953	1.14955	
0.993102	0.993098	0.993102	0.0060166	0.000116123	0.993102	0.993102	9.07174e-05	0.0302413	0.993102	0.993102	1.44466e-23	0.993102	0.993102	0.99309	0.00164144	3.94806e-13	2.15109e-13	0.0630384	0.0633664	0.993101	0.993102	5.37498e-05	0.00128665	0.00128401	5.37642e-05	0.000102697	1.15353	1.15352	1.15353	
0.993102	0.993098	0.993102	0.00593446	0.000115081	0.993102	0.993102	9.0082e-05	0.0307679	0.993102	0.993102	1.43011e-23	0.993102	0.993102	0.99309	0.00165764	3.54664e-13	2.13614e-13	0.06325	0.0635911	0.993101	0.993102	5.38953e-05	0.00130214	0.00129939	5.39117e-05	0.000101875	1.15385	1.15382	1.15385	
0.993102	0.993098	0.993102	0.00588337	0.00011408	0.993102	0.993102	8.95043e-05	0.031129	0.993102	0.993102	1.41075e-23	0.993102	0.993102	0.99309	0.00166394	3.24266e-13	2.12252e-13	0.0634768	0.0638292	0.993101	0.993102	5.37765e-05	0.00131017	0.00130735	5.37959e-05	0.000101101	1.15331	1.15328	1.15331	
0.993102	0.993098	0.993102	0.00585261	0.000113607	0.993102	0.993102	8.93352e-05	0.0312582	0.993102	0.993102	1.40083e-23	0.993102	0.993102	0.99309	0.00166472	3.02156e-13	2.11856e-13	0.0634703	0.0638285	0.993101	0.993102	5.3736e-05	0.00131375	0.00131089	5.37568e-05	0.000100794	1.15391	1.15388	1.1539	
0.993102	0.993098	0.993102	0.00583155	0.000112899	0.993102	0.993102	8.89562e-05	0.0314283	0.993102	0.993102	1.3842e-23	0.993102	0.993102	0.99309	0.00166376	2.84911e-13	2.1096e-13	0.0636346	0.0639995	0.993101	0.993102	5.35107e-05	0.00131557	0.00131268	5.35338e-05	0.000100262	1.15728	1.15725	1.15728	
0.993102	0.993098	0.993102	0.0058195	0.000110541	0.993102	0.993102	8.72398e-05	0.0320683	0.993102	0.993102	1.32823e-23	0.993102	0.993102	0.993089	0.00166125	2.6817e-13	2.0689e-13	0.0648006	0.0651751	0.993101	0.993102	5.24327e-05	0.00131579	0.0013129	5.24564e-05	9.82457e-05	1.14834	1.14831	1.14834	
0.993102	0.993098	0.993102	0.00582847	0.00011387	0.993102	0.993102	9.00084e-05	0.0310984	0.993102	0.993102	1.40666e-23	0.993102	0.993102	0.99309	0.00165391	2.66408e-13	2.13455e-13	0.0630214	0.0633871	0.993101	0.993102	5.38631e-05	0.00131172	0.00130885	5.38889e-05	0.000101281	1.14733	1.14731	1.14732	
0.993102	0.993098	0.993102	0.00580747	0.000117003	0.993102	0.993102	9.25815e-05	0.0303667	0.993102	0.993102	1.49085e-23	0.993102	0.993102	0.99309	0.00165653	2.66425e-13	2.19561e-13	0.0614169	0.0617753	0.993101	0.993102	5.55251e-05	0.00131512	0.00131222	5.5551e-05	0.000104125	1.14082	1.1408	1.14082	
0.993102	0.993098	0.993102	0.0057696	0.000123748	0.993102	0.993102	9.80243e-05	0.0290656	0.993102	0.993102	1.69225e-23	0.993102	0.993102	0.993091	0.00166428	2.75759e-13	2.32477e-13	0.0585574	0.058903	0.993101	0.993102	5.91391e-05	0.00132261	0.00131966	5.9166e-05	0.000110189	1.1268	1.12678	1.1268	
0.993102	0.993098	0.993102	0.00570265	0.000140466	0.993102	0.993102	0.000111429	0.0266969	0.993102	0.993102	2.30251e-23	0.993102	0.993102	0.993092	0.00168058	3.0747e-13	2.6429e-13	0.0534449	0.053767	0.993101	0.993102	6.81497e-05	0.00133721	0.00133416	6.81808e-05	0.000125171	1.11985	1.11983	1.11985	
0.993102	0.993098	0.993102	0.00558492	0.000160025	0.993102	0.993102	0.000127196	0.0245018	0.993102	0.993102	3.15573e-23	0.993102	0.993102	0.993093	0.00171254	3.46271e-13	3.0174e-13	0.048394	0.0486978	0.993101	0.993102	7.97874e-05	0.00136518	0.0013619	7.98241e-05	0.00014275	1.11267	1.11265	1.11267	
0.993102	0.993098	0.993102	0.00543422	0.000182966	0.993102	0.993102	0.000145875	0.02244	0.993102	0.993102	4.35166e-23	0.993102	0.993102	0.993093	0.00175451	3.93234e-13	3.46142e-13	0.0434998	0.0437892	0.993101	0.993102	9.44307e-05	0.00140272	0.00139908	9.4475e-05	0.00016348	1.12743	1.1274	1.12743	
0.993102	0.993099	0.993102	0.00526334	0.000183818	0.993102	0.993102	0.00014701	0.0225072	0.993102	0.993102	4.40234e-23	0.993102	0.993102	0.993093	0.00180276	3.94102e-13	3.48918e-13	0.0422021	0.0425128	0.993101	0.993102	9.76016e-05	0.00144717	0.00144301	9.76518e-05	0.000164504	1.1125	1.11247	1.1125	
0.993102	0.993099	0.993102	0.00512893	0.000200555	0.993102	0.993102	0.000161203	0.0211017	0.993102	0.993102	5.3666e-23	0.993102	0.993102	0.993094	0.00183486	4.29491e-13	3.82694e-13	0.0387874	0.0390912	0.993101	0.993102	0.000109298	0.0014799	0.00147536	0.000109357	0.000179945	1.12669	1.12666	1.12669	
0.993102	0.993099	0.993102	0.004989	0.000197371	0.993102	0.993102	0.000159277	0.0215773	0.993102	0.993102	5.22078e-23	0.993102	0.993102	0.993094	0.00186995	4.22714e-13	3.78194e-13	0.0384752	0.038804	0.993101	0.993102	0.000109868	0.00151595	0.00151094	0.000109931	0.000177448	1.12963	1.1296	1.12963	
0.993102	0.993099	0.993102	0.00488883	0.00019217	0.993102	0.993102	0.000155736	0.0222164	0.993102	0.993102	4.96496e-23	0.993102	0.993102	0.993093	0.00188871	4.11857e-13	3.69831e-13	0.0387657	0.0391161	0.993101	0.993102	0.000108443	0.00153903	0.00153371	0.000108505	0.000173147	1.137	1.13697	1.137	
0.993102	0.993099	0.993102	0.00482411	0.000182106	0.993102	0.993102	0.000148138	0.0235447	0.993102	0.993102	4.49168e-23	0.993102	0.993102	0.993093	0.00189465	3.90639e-13	3.5181e-13	0.0404756	0.0408546	0.993101	0.993102	0.000103494	0.00155109	0.0015456	0.000103553	0.000164393	1.12479	1.12476	1.12479	
0.993102	0.993099	0.993102	0.00480401	0.000185113	0.993102	0.993102	0.000151244	0.0229304	0.993102	0.993102	4.59173e-23	0.993102	0.993102	0.993093	0.00188535	3.97576e-13	3.59192e-13	0.0393534	0.0397264	0.993101	0.993102	0.000105222	0.00154952	0.00154402	0.000105284	0.000167473	1.1292	1.12918	1.1292	
0.993102	0.993099	0.993102	0.00477345	0.00018322	0.993102	0.993102	0.000150174	0.0230195	0.993102	0.993102	4.47984e-23	0.993102	0.993102	0.993093	0.00188373	3.93873e-13	3.56658e-13	0.0393118	0.0396888	0.993101	0.993102	0.000104485	0.0015532	0.00154765	0.000104546	0.000166027	1.12704	1.12701	1.12704	
0.993102	0.993099	0.993102	0.00475125	0.000183753	0.993102	0.993102	0.000151033	0.0228329	0.993102	0.993102	4.48772e-23	0.993102	0.993102	0.993093	0.00188106	3.95361e-13	3.58702e-13	0.0388744	0.0392491	0.993101	0.993102	0.000105024	0.00155523	0.00154966	0.000105083	0.00016675	1.1227	1.12267	1.12269	
0.993102	0.993099	0.993102	0.00472922	0.000188361	0.993102	0.993102	0.000155203	0.0222551	0.993102	0.993102	4.71345e-23	0.993102	0.993102	0.993093	0.00188037	4.05602e-13	3.68609e-13	0.0377839	0.0381497	0.993101	0.993102	0.000107973	0.00155822	0.00155263	0.00010803	0.00017115	1.11981	1.11979	1.1198	
0.993102	0.993099	0.993102	0.00469819	0.000194806	0.993102	0.993102	0.000160852	0.0215945	0.993102	0.993102	5.06541e-23	0.993102	0.993102	0.993094	0.00188488	4.19792e-13	3.8204e-13	0.0364902	0.0368468	0.993101	0.993102	0.000112289	0.00156511	0.00155945	0.000112345	0.000177201	1.11838	1.11836	1.11838	
0.993102	0.993099	0.993102	0.00465828	0.000201143	0.993102	0.993102	0.000166399	0.0210281	0.993102	0.993102	5.43955e-23	0.993102	0.993102	0.993094	0.00189396	4.33768e-13	3.9524e-13	0.0352914	0.0356416	0.993101	0.993102	0.000116859	0.00157566	0.00156988	0.000116915	0.000183148	1.11163	1.11162	1.11163	
0.993102	0.993099	0.993102	0.00461369	0.000213828	0.993102	0.993102	0.000177243	0.0200483	0.993102	0.993102	6.25335e-23	0.993102	0.993102	0.993094	0.00190538	4.61504e-13	4.21038e-13	0.0334068	0.0337442	0.993101	0.993102	0.000125451	0.00158825	0.00158231	0.000125507	0.000194906	1.11184	1.11183	1.11184	
0.993102	0.993099	0.993102	0.00455633	0.000222986	0.993102	0.993102	0.000185185	0.019419	0.993102	0.993102	6.8849e-23	0.993102	0.993102	0.993095	0.00192258	4.81677e-13	4.39963e-13	0.0320146	0.032347	0.993101	0.993102	0.000132471	0.00160595	0.00159975	0.000132525	0.000203465	1.1154	1.11539	1.1154	
0.993102	0.9931	0.993102	0.00449699	0.000225435	0.993102	0.993102	0.000187572	0.0193283	0.993102	0.993102	7.08676e-23	0.993102	0.993102	0.993095	0.00194051	4.87398e-13	4.45695e-13	0.0314631	0.0318008	0.993101	0.993102	0.000135527	0.00162462	0.00161813	0.000135579	0.000205911	1.11265	1.11263	1.11265	
0.993102	0.9931	0.993102	0.00444802	0.000230508	0.993102	0.993102	0.000192195	0.0190166	0.993102	0.993102	7.46457e-23	0.993102	0.993102	0.993095	0.00195362	4.98873e-13	4.56733e-13	0.0306502	0.0309884	0.993101	0.993102	0.000139944	0.0016394	0.00163266	0.000139996	0.000210779	1.09974	1.09972	1.09974	
0.993102	0.9931	0.993102	0.00440248	0.000252427	0.993102	0.993102	0.000210989	0.017784	0.993102	0.993102	9.22772e-23	0.993102	0.993102	0.993095	0.00196554	5.46984e-13	5.01472e-13	0.0284535	0.0287749	0.993101	0.993102	0.000154912	0.00165318	0.00164621	0.000154967	0.000231124	1.0786	1.07858	1.07859	
0.993102	0.9931	0.993102	0.00434006	0.000310725	0.993102	0.993102	0.000260485	0.0157073	0.993102	0.993102	1.55928e-22	0.993102	0.993102	0.993096	0.00198587	6.74366e-13	6.19331e-13	0.0249271	0.0252171	0.993101	0.993102	0.000194432	0.00167447	0.00166709	0.000194495	0.000284969	1.08073	1.08072	1.08073	
0.993102	0.9931	0.993102	0.0042475	0.000348997	0.993102	0.993102	0.000293357	0.0143675	0.993102	0.993102	1.99724e-22	0.993102	0.993102	0.993097	0.0020211	7.58554e-13	6.97886e-13	0.0224284	0.0227085	0.993101	0.993102	0.000223913	0.0017099	0.00170159	0.00022398	0.000320581	1.07847	1.07846	1.07847	
0.993102	0.9931	0.993102	0.00414769	0.000382703	0.993102	0.993102	0.000322687	0.0133216	0.993102	0.993102	2.42632e-22	0.993102	0.993102	0.993097	0.00205963	8.33235e-13	7.6813e-13	0.0203806	0.0206578	0.993101	0.993102	0.000251818	0.00174946	0.00174002	0.000251888	0.000352184	1.07953	1.07952	1.07953	
0.993102	0.9931	0.993102	0.00404868	0.00040508	0.993102	0.993102	0.000342682	0.0126515	0.993102	0.993102	2.72595e-22	0.993102	0.993102	0.993097	0.00209751	8.83551e-13	8.16199e-13	0.0189099	0.019193	0.993101	0.993102	0.000272683	0.00178959	0.0017789	0.000272757	0.000373485	1.07095	1.07094	1.07095	
0.993102	0.9931	0.993102	0.00395803	0.000443694	0.993102	0.993102	0.000376816	0.0117631	0.993102	0.993102	3.33751e-22	0.993102	0.993102	0.993098	0.00213092	9.69856e-13	8.98044e-13	0.0172299	0.0175094	0.993101	0.993102	0.000305405	0.00182649	0.00181461	0.000305486	0.000409992	1.06525	1.06524	1.06525	
0.993102	0.9931	0.993102	0.00386999	0.000489173	0.993102	0.993102	0.000417143	0.0108922	0.993102	0.993102	4.15388e-22	0.993102	0.993102	0.993098	0.00216355	1.0717e-12	9.94839e-13	0.0156337	0.015909	0.993101	0.993102	0.000344168	0.00186354	0.00185032	0.000344255	0.000453078	1.02379	1.02379	1.02379	
0.993102	0.9931	0.993102	0.00378465	0.000724932	0.993102	0.993102	0.0006222	0.00908452	0.993102	0.993102	1.19413e-21	0.993102	0.993102	0.993099	0.00219549	1.59455e-12	1.48612e-12	0.0128969	0.0131351	0.993101	0.993102	0.000526977	0.00190082	0.00188608	0.000527101	0.000673975	1.03322	1.03322	1.03322	
0.993102	0.9931	0.993102	0.00368294	0.000838008	0.993102	0.993102	0.000722835	0.00797656	0.993102	0.993102	1.52052e-21	0.993102	0.993102	0.993099	0.00223647	1.84916e-12	1.7302e-12	0.0110755	0.0113109	0.993101	0.993102	0.000625706	0.00195197	0.0019334	0.000625851	0.000781749	0.979241	0.979233	0.979237	
0.993102	0.9931	0.993102	0.00358321	0.00149164	0.993101	0.993102	0.00129822	0.00638105	0.993102	0.993102	6.6813e-21	0.993102	0.993102	0.9931	0.00227688	3.31427e-12	3.12225e-12	0.00876935	0.00896803	0.993101	0.993102	0.00116328	0.00200438	0.00198155	0.00116355	0.00139993	0.972476	0.972467	0.972472	
0.993102	0.993101	0.993101	0.0034704	0.00209229	0.993101	0.993102	0.00183984	0.00515598	0.993102	0.993102	1.24864e-20	0.993102	0.993102	0.9931	0.00231804	4.68686e-12	4.46044e-12	0.00696716	0.00715036	0.993101	0.993102	0.00169163	0.00207512	0.00204126	0.00169202	0.00198013	1.00502	1.005	1.00501	
0.993102	0.993101	0.993101	0.00335526	0.0020691	0.993101	0.993102	0.00183146	0.00462329	0.993102	0.993102	1.14264e-20	0.993102	0.993102	0.9931	0.00235526	4.65694e-12	4.46154e-12	0.00596188	0.00619044	0.993101	0.993102	0.00170545	0.0021559	0.00210598	0.00170588	0.00196896	1.02351	1.02349	1.0235	
0.993102	0.993101	0.993102	0.00325777	0.00189557	0.993101	0.993102	0.0016855	0.00457687	0.993102	0.993102	9.55275e-21	0.993102	0.993102	0.9931	0.00238688	4.27941e-12	4.11634e-12	0.0055414	0.00584347	0.993101	0.993102	0.00158329	0.0022224	0.00216049	0.00158375	0.0018101	1.04298	1.04295	1.04298	
0.993102	0.993101	0.993102	0.0031834	0.00165399	0.993101	0.993102	0.00147512	0.00506223	0.993102	0.993102	7.60769e-21	0.993102	0.993102	0.9931	0.00241026	3.74087e-12	3.60625e-12	0.0057495	0.00615328	0.993101	0.993102	0.00139305	0.00226887	0.00220012	0.00139353	0.00158263	1.04765	1.04762	1.04765	
0.993102	0.993101	0.993102	0.00313593	0.00145284	0.993102	0.993102	0.00129895	0.00555141	0.993102	0.993102	6.06978e-21	0.993102	0.993102	0.9931	0.00242217	3.29024e-12	3.17609e-12	0.00608144	0.00655504	0.993101	0.993102	0.00123033	0.00229241	0.00222173	0.00123081	0.00139209	1.07262	1.07256	1.07261	
0.993102	0.993101	0.993102	0.00310904	0.0012181	0.993102	0.993102	0.00109056	0.00699846	0.993102	0.993102	4.67932e-21	0.993102	0.993102	0.9931	0.00242601	2.76029e-12	2.66557e-12	0.00749687	0.00809997	0.993101	0.993102	0.00103361	0.00229984	0.00223031	0.00103409	0.0011678	1.07167	1.07162	1.07167	
0.993102	0.993101	0.993102	0.00311366	0.00104544	0.993102	0.993102	0.000936955	0.00792605	0.993102	0.993102	3.64003e-21	0.993102	0.993102	0.993099	0.00241294	2.36959e-12	2.28785e-12	0.00853744	0.00919525	0.993101	0.993102	0.000885283	0.00228377	0.00221828	0.000885767	0.00100237	1.07888	1.07882	1.07888	
0.993102	0.993101	0.993102	0.00313442	0.000898641	0.993102	0.993102	0.000805786	0.00895608	0.993102	0.993102	2.82576e-21	0.993102	0.993102	0.993099	0.00239391	2.03653e-12	1.96496e-12	0.00979602	0.010494	0.993101	0.993102	0.000757509	0.00225784	0.00219755	0.000757978	0.000861344	1.08597	1.08591	1.08596	
0.993102	0.993101	0.993102	0.00316948	0.000773728	0.993102	0.993102	0.000693765	0.0100928	0.993102	0.993102	2.18974e-21	0.993102	0.993102	0.993098	0.00236956	1.75259e-12	1.68917e-12	0.0112816	0.0120086	0.993101	0.993102	0.000647655	0.00222429	0.00216972	0.000648104	0.000741101	1.09945	1.09938	1.09944	
0.993102	0.993101	0.993102	0.00321766	0.000656553	0.993102	0.993102	0.000588437	0.0118576	0.993102	0.993102	1.68149e-21	0.993102	0.993102	0.993098	0.00234043	1.48616e-12	1.43055e-12	0.0136285	0.0144041	0.993101	0.993102	0.000544969	0.00218473	0.00213596	0.000545392	0.000628289	1.11366	1.11358	1.11366	
0.993102	0.993101	0.993102	0.00328753	0.000549857	0.993102	0.993102	0.000492425	0.0143456	0.993102	0.993102	1.28172e-21	0.993102	0.993102	0.993097	0.00230116	1.24361e-12	1.1954e-12	0.0170925	0.0179339	0.993101	0.993102	0.000451627	0.00213489	0.00209192	0.000452014	0.000525623	1.10596	1.10589	1.10595	
0.993102	0.993101	0.993102	0.00338889	0.000480006	0.993102	0.993102	0.000429179	0.015197	0.993102	0.993102	9.89564e-22	0.993102	0.993102	0.993096	0.00224735	1.08403e-12	1.03975e-12	0.0187677	0.0195868	0.993101	0.993102	0.000386603	0.00207145	0.00203416	0.000386958	0.000458062	1.11553	1.11546	1.11552	
0.993102	0.9931	0.993102	0.00348565	0.000415982	0.993102	0.993102	0.000371177	0.0166524	0.993102	0.993102	7.60942e-22	0.993102	0.993102	0.993096	0.0022009	9.37891e-13	8.9756e-13	0.0212879	0.0221007	0.993101	0.993102	0.000328793	0.00201476	0.00198245	0.00032911	0.000396231	1.1114	1.11132	1.1114	
0.993102	0.9931	0.993102	0.00359091	0.000373152	0.993102	0.993102	0.000331975	0.0171839	0.993102	0.993102	5.92907e-22	0.993102	0.993102	0.993096	0.00215387	8.39497e-13	8.01034e-13	0.0226498	0.0234212	0.993101	0.993102	0.000287703	0.00195793	0.00193006	0.000288005	0.000354551	1.11553	1.11544	1.11553	
0.993102	0.9931	0.993102	0.00368508	0.000336362	0.993102	0.993102	0.000298236	0.0179203	0.993102	0.993102	4.63425e-22	0.993102	0.993102	0.993095	0.00211594	7.54993e-13	7.1819e-13	0.0242611	0.0249999	0.993101	0.993102	0.000253246	0.00190992	0.00188579	0.000253541	0.000318744	1.1238	1.12371	1.1238	
0.993102	0.9931	0.993102	0.00377479	0.00030025	0.993102	0.993102	0.000265317	0.0192667	0.993102	0.993102	3.60789e-22	0.993102	0.993102	0.993095	0.00208236	6.72436e-13	6.37831e-13	0.0267698	0.0274939	0.993101	0.993102	0.000221207	0.00186689	0.00184594	0.000221484	0.000283809	1.13202	1.13192	1.13202	
0.993102	0.9931	0.993102	0.003874	0.000265969	0.993102	0.993102	0.000234232	0.0211069	0.993102	0.993102	2.79812e-22	0.993102	0.993102	0.993094	0.00204616	5.94397e-13	5.62264e-13	0.0301587	0.0308832	0.993101	0.993102	0.000191713	0.0018225	0.0018043	0.000191973	0.000250791	1.13621	1.13611	1.13621	
0.993102	0.9931	0.993102	0.00399239	0.000237096	0.993102	0.993102	0.000208036	0.0227882	0.993102	0.993102	2.17416e-22	0.993102	0.993102	0.993093	0.00200361	5.28672e-13	4.98675e-13	0.0335823	0.0343019	0.993101	0.993102	0.000166667	0.0017734	0.00175763	0.000166909	0.000222995	1.14017	1.14006	1.14017	
0.993102	0.9931	0.993102	0.00412414	0.000212695	0.993102	0.993102	0.000185868	0.0243556	0.993102	0.993102	1.69338e-22	0.993102	0.993102	0.993093	0.0019586	4.73116e-13	4.44947e-13	0.0370529	0.037765	0.993101	0.993102	0.000145449	0.00172269	0.00170904	0.000145676	0.000199503	1.1435	1.14342	1.1435	
0.993102	0.9931	0.993102	0.00426545	0.000192264	0.993102	0.993102	0.00016726	0.0257723	0.993102	0.993102	1.32365e-22	0.993102	0.993102	0.993092	0.00191307	4.26516e-13	3.99908e-13	0.040484	0.041179	0.993101	0.993102	0.000127638	0.0016722	0.00166039	0.000127838	0.000179836	1.14429	1.14418	1.14429	
0.993102	0.9931	0.993102	0.00441221	0.000176564	0.993102	0.993102	0.000152818	0.0267384	0.993102	0.993102	1.04389e-22	0.993102	0.993102	0.993092	0.00186934	3.9055e-13	3.64947e-13	0.0432865	0.043963	0.993101	0.993102	0.000113499	0.00162345	0.00161319	0.000113688	0.000164629	1.14965	1.14956	1.14965	
0.993102	0.993099	0.993102	0.00455337	0.000161588	0.993102	0.993102	0.000139128	0.0281162	0.993102	0.993102	8.23533e-23	0.993102	0.993102	0.993091	0.00183074	3.56361e-13	3.31918e-13	0.0468254	0.0474875	0.993101	0.993102	0.000100782	0.00157963	0.00157069	0.000100952	0.000150204	1.15105	1.15097	1.15105	
0.993102	0.993099	0.993102	0.00470139	0.000149654	0.993102	0.993102	0.000128129	0.029146	0.993102	0.993102	6.55342e-23	0.993102	0.993102	0.993091	0.00179257	3.28997e-13	3.05395e-13	0.0499133	0.0505554	0.993101	0.993102	9.04085e-05	0.00153674	0.00152892	9.05601e-05	0.000138665	1.14968	1.14959	1.14968	
0.993102	0.993099	0.993102	0.00484703	0.00014162	0.993102	0.993102	0.000120496	0.0295456	0.993102	0.993102	5.30984e-23	0.993102	0.993102	0.993091	0.00175801	3.1027e-13	2.8695e-13	0.0518916	0.0525086	0.993101	0.993102	8.27496e-05	0.00149727	0.0014904	8.28907e-05	0.000130758	1.14882	1.14872	1.14882	
0.993102	0.993099	0.993102	0.00497461	0.00013621	0.993102	0.993102	0.000115134	0.0296584	0.993102	0.993102	4.39138e-23	0.993102	0.993102	0.99309	0.00173141	2.97375e-13	2.73971e-13	0.0531826	0.053776	0.993101	0.993102	7.71561e-05	0.00146486	0.00145876	7.72932e-05	0.000125299	1.15186	1.15174	1.15185	
0.993102	0.993099	0.993102	0.00508012	0.000130459	0.993102	0.993102	0.000109594	0.0301822	0.993102	0.993102	3.65655e-23	0.993102	0.993102	0.99309	0.00171282	2.83903e-13	2.60625e-13	0.0550293	0.055611	0.993101	0.993102	7.20421e-05	0.00143976	0.00143428	7.21773e-05	0.000119594	1.15481	1.1547	1.15481	
0.993102	0.993099	0.993102	0.00517921	0.00012458	0.993102	0.993102	0.000104058	0.0309556	0.993102	0.993102	3.06267e-23	0.993102	0.993102	0.99309	0.00169632	2.70299e-13	2.47335e-13	0.057316	0.0578899	0.993101	0.993102	6.72549e-05	0.00141732	0.00141236	6.73852e-05	0.000113847	1.15084	1.15069	1.15084	
0.993102	0.993099	0.993102	0.0052804	0.000122468	0.993102	0.993102	0.000101689	0.0308048	0.993102	0.993102	2.66961e-23	0.993102	0.993102	0.99309	0.00167961	2.64947e-13	2.41589e-13	0.0578914	0.0584572	0.993101	0.993102	6.45526e-05	0.00139525	0.00139072	6.46929e-05	0.000111536	1.15056	1.15036	1.15056	
0.993102	0.993098	0.993102	0.00535762	0.000121115	0.993102	0.993102	0.000100004	0.0306781	0.993102	0.993102	2.38209e-23	0.993102	0.993102	0.99309	0.0016704	2.61356e-13	2.37495e-13	0.0582601	0.0588297	0.993101	0.993102	6.26549e-05	0.00137971	0.00137552	6.28157e-05	0.000109934	1.1507	1.1505	1.1507	
0.993102	0.993098	0.993102	0.00541622	0.000120062	0.993102	0.993102	9.86354e-05	0.030625	0.993102	0.993102	2.16633e-23	0.993102	0.993102	0.99309	0.00166594	2.58496e-13	2.34176e-13	0.0585974	0.0591722	0.993101	0.993102	6.12289e-05	0.0013689	0.00136498	6.14082e-05	0.000108651	1.15185	1.15166	1.15184	
0.993102	0.993098	0.993102	0.00546191	0.000118645	0.993102	0.993102	9.70471e-05	0.0307619	0.993102	0.993102	1.98844e-23	0.993102	0.993102	0.99309	0.00166389	2.54913e-13	2.30352e-13	0.0591982	0.0597739	0.993101	0.993102	5.98529e-05	0.00136116	0.00135744	6.00399e-05	0.000107105	1.14952	1.14929	1.14952	
0.993102	0.993098	0.993102	0.00550255	0.000118984	0.993102	0.993102	9.6943e-05	0.0305052	0.993102	0.993102	1.89082e-23	0.993102	0.993102	0.99309	0.00166239	2.55224e-13	2.30061e-13	0.0589913	0.0595742	0.993101	0.993102	5.94514e-05	0.00135442	0.00135087	5.96609e-05	0.000107151	1.15294	1.1527	1.15294	
0.993102	0.993098	0.993102	0.00552804	0.000117265	0.993102	0.993102	9.52391e-05	0.0308662	0.993102	0.993102	1.76838e-23	0.993102	0.993102	0.99309	0.00166412	2.51196e-13	2.25987e-13	0.0598227	0.060421	0.993101	0.993102	5.82523e-05	0.00135111	0.00134768	5.84749e-05	0.000105399	1.15188	1.15157	1.15188	
0.993102	0.993098	0.993102	0.00555876	0.0001166	0.993102	0.993102	9.44388e-05	0.0309279	0.993102	0.993102	1.69012e-23	0.993102	0.993102	0.99309	0.00166341	2.49557e-13	2.24062e-13	0.060125	0.0607503	0.993101	0.993102	5.75489e-05	0.00134618	0.00134286	5.78014e-05	0.000104594	1.14514	1.14471	1.14513	
0.993102	0.993098	0.993102	0.00558526	0.000120289	0.993102	0.993102	9.71698e-05	0.0300207	0.993102	0.993102	1.74602e-23	0.993102	0.993102	0.99309	0.00166389	2.57395e-13	2.30519e-13	0.0584955	0.0591514	0.993101	0.993102	5.90184e-05	0.00134207	0.00133884	5.93445e-05	0.000107635	1.14528	1.1448	1.14528	
0.993102	0.993098	0.993102	0.00558099	0.000122969	0.993102	0.993102	9.91226e-05	0.029493	0.993102	0.993102	1.79466e-23	0.993102	0.993102	0.993091	0.00167285	2.63138e-13	2.3514e-13	0.0573025	0.0579993	0.993101	0.993102	6.03632e-05	0.00134515	0.00134195	6.07658e-05	0.000109791	1.1426	1.14209	1.1426	
0.993102	0.993098	0.993102	0.00556288	0.000126785	0.993102	0.993102	0.00010204	0.0288143	0.993102	0.993102	1.89232e-23	0.993102	0.993102	0.993091	0.00168425	2.7136e-13	2.42056e-13	0.0557306	0.0564568	0.993101	0.993102	6.24425e-05	0.0013511	0.0013479	6.29228e-05	0.000112998	1.14565	1.14517	1.14565	
0.993102	0.993098	0.993102	0.00552966	0.000127567	0.993102	0.993102	0.000102583	0.0288113	0.993102	0.993102	1.90845e-23	0.993102	0.993102	0.993091	0.00169811	2.73063e-13	2.43342e-13	0.0553192	0.0560745	0.993101	0.993102	6.31975e-05	0.0013603	0.00135706	6.37187e-05	0.000113586	1.1482	1.14777	1.1482	
0.993102	0.993098	0.993102	0.0055029	0.000126506	0.993102	0.993102	0.000101701	0.0291694	0.993102	0.993102	1.87204e-23	0.993102	0.993102	0.993091	0.00170746	2.70787e-13	2.41253e-13	0.0556875	0.0564606	0.993101	0.993102	6.29447e-05	0.00136722	0.00136394	6.34719e-05	0.000112612	1.1498	1.14936	1.1498	
0.993102	0.993098	0.993102	0.0054912	0.000124718	0.993102	0.993102	0.000100268	0.0296246	0.993102	0.993102	1.81414e-23	0.993102	0.993102	0.993091	0.001711	2.67004e-13	2.37853e-13	0.0563912	0.057186	0.993101	0.993102	6.21537e-05	0.0013699	0.0013666	6.26836e-05	0.000111006	1.15464	1.15421	1.15463	
0.993102	0.993098	0.993102	0.00549434	0.000120605	0.993102	0.993102	9.69747e-05	0.0306514	0.993102	0.993102	1.69489e-23	0.993102	0.993102	0.99309	0.00170939	2.58222e-13	2.30038e-13	0.0583181	0.0591419	0.993101	0.993102	6.00512e-05	0.00136874	0.00136545	6.05651e-05	0.000107348	1.15441	1.15397	1.15441	
0.993102	0.993098	0.993102	0.00552553	0.000117653	0.993102	0.993102	9.46067e-05	0.0312189	0.993102	0.993102	1.60189e-23	0.993102	0.993102	0.99309	0.0016997	2.51934e-13	2.24415e-13	0.0596919	0.0605385	0.993101	0.993102	5.82619e-05	0.00136085	0.00135761	5.87666e-05	0.000104711	1.1594	1.15903	1.1594	
0.993102	0.993098	0.993102	0.00556677	0.000112857	0.993102	0.993102	9.07283e-05	0.0323688	0.993102	0.993102	1.46862e-23	0.993102	0.993102	0.993089	0.00168766	2.41576e-13	2.15208e-13	0.062322	0.063181	0.993101	0.993102	5.5521e-05	0.00135112	0.00134794	5.59891e-05	0.000100453	1.16171	1.16135	1.16171	
0.993102	0.993098	0.993102	0.00563327	0.000108173	0.993102	0.993102	8.69136e-05	0.0334273	0.993102	0.993102	1.33968e-23	0.993102	0.993102	0.993089	0.00166978	2.31424e-13	2.06149e-13	0.0650842	0.0659522	0.993101	0.993102	5.26745e-05	0.00133622	0.00133313	5.31059e-05	9.62779e-05	1.16583	1.1655	1.16583	
0.993102	0.993098	0.993102	0.00571833	0.000102822	0.993102	0.993102	8.25307e-05	0.0347695	0.993102	0.993102	1.20245e-23	0.993102	0.993102	0.993088	0.00164867	2.19784e-13	1.95743e-13	0.0686528	0.0695256	0.993101	0.993102	4.94495e-05	0.00131822	0.00131525	4.98377e-05	9.14984e-05	1.16477	1.16442	1.16476	
0.993102	0.993098	0.993102	0.00582799	9.93277e-05	0.993102	0.993102	7.95964e-05	0.0353348	0.993102	0.993102	1.10335e-23	0.993102	0.993102	0.993088	0.00162384	2.12097e-13	1.8877e-13	0.0709646	0.07184	0.993101	0.993102	4.69802e-05	0.00129627	0.00129343	4.734e-05	8.83315e-05	1.16686	1.16653	1.16686	
0.993102	0.993098	0.993102	0.00593448	9.58431e-05	0.993102	0.993102	7.66314e-05	0.036032	0.993102	0.993102	1.01108e-23	0.993102	0.993102	0.993088	0.00160246	2.04377e-13	1.81726e-13	0.0735148	0.074391	0.993101	0.993102	4.46157e-05	0.00127633	0.00127361	4.49476e-05	8.51529e-05	1.16787	1.16754	1.16787	
0.993102	0.993098	0.993102	0.00604298	9.28505e-05	0.993102	0.993102	7.40351e-05	0.0366122	0.993102	0.993102	9.32606e-24	0.993102	0.993102	0.993088	0.00158281	1.97692e-13	1.75556e-13	0.0758472	0.0767275	0.993101	0.993102	4.25283e-05	0.00125713	0.00125454	4.28386e-05	8.23897e-05	1.16954	1.1692	1.16953	
0.993102	0.993097	0.993102	0.00614983	8.99652e-05	0.993102	0.993102	7.15111e-05	0.037248	0.993102	0.993102	8.61006e-24	0.993102	0.993102	0.993087	0.00156535	1.91224e-13	1.69559e-13	0.0782833	0.0791696	0.993101	0.993102	4.05652e-05	0.00123925	0.00123677	4.08564e-05	7.97115e-05	1.16755	1.16716	1.16755	
0.993102	0.993097	0.993102	0.00625758	8.86817e-05	0.993102	0.993102	7.02385e-05	0.0372488	0.993102	0.993102	8.1923e-24	0.993102	0.993102	0.993087	0.00154951	1.88185e-13	1.6653e-13	0.0793614	0.0802631	0.993101	0.993102	3.9335e-05	0.00122207	0.00121971	3.96234e-05	7.84176e-05	1.16926	1.16889	1.16925	
0.993102	0.993097	0.993102	0.00634539	8.70509e-05	0.993102	0.993102	6.86912e-05	0.0375572	0.993102	0.993102	7.76729e-24	0.993102	0.993102	0.993087	0.00153913	1.84383e-13	1.62852e-13	0.0808786	0.0817892	0.993101	0.993102	3.81136e-05	0.0012092	0.00120692	3.83938e-05	7.68284e-05	1.16869	1.1683	1.16869	
0.993102	0.993097	0.993102	0.0064272	8.61052e-05	0.993102	0.993102	6.76896e-05	0.0376287	0.993102	0.993102	7.48028e-24	0.993102	0.993102	0.993087	0.00153052	1.82054e-13	1.60469e-13	0.0818196	0.0827408	0.993101	0.993102	3.72452e-05	0.00119774	0.00119554	3.7523e-05	7.584e-05	1.1684	1.16799	1.1684	
0.993102	0.993097	0.993102	0.00649632	8.55535e-05	0.993102	0.993102	6.70074e-05	0.0376199	0.993102	0.993102	7.28586e-24	0.993102	0.993102	0.993087	0.00152493	1.80584e-13	1.58845e-13	0.082437	0.0833719	0.993101	0.993102	3.66331e-05	0.00118873	0.0011866	3.69131e-05	7.51991e-05	1.16977	1.16937	1.16977	
0.993102	0.993097	0.993102	0.00655241	8.45965e-05	0.993102	0.993102	6.60313e-05	0.0378677	0.993102	0.993102	7.05241e-24	0.993102	0.993102	0.993087	0.00152185	1.78277e-13	1.56525e-13	0.0834684	0.0844174	0.993101	0.993102	3.5939e-05	0.00118204	0.00117996	3.6218e-05	7.42203e-05	1.17034	1.16992	1.17034	
0.993102	0.993097	0.993102	0.00660654	8.36728e-05	0.993102	0.993102	6.5105e-05	0.0381136	0.993102	0.993102	6.83631e-24	0.993102	0.993102	0.993087	0.00151859	1.76075e-13	1.54324e-13	0.0844857	0.0854502	0.993101	0.993102	3.52823e-05	0.00117557	0.00117354	3.55609e-05	7.32832e-05	1.17098	1.17057	1.17098	
0.993102	0.993097	0.993102	0.00665911	8.27432e-05	0.993102	0.993102	6.41944e-05	0.0383717	0.993102	0.993102	6.62905e-24	0.993102	0.993102	0.993087	0.00151508	1.73878e-13	1.52161e-13	0.0855314	0.0865079	0.993101	0.993102	3.4643e-05	0.0011693	0.00116731	3.49194e-05	7.23564e-05	1.17098	1.17055	1.17097	
0.993102	0.993097	0.993102	0.0067109	8.20717e-05	0.993102	0.993102	6.34987e-05	0.0385168	0.993102	0.993102	6.46851e-24	0.993102	0.993102	0.993087	0.00151141	1.7225e-13	1.50508e-13	0.0863289	0.0873183	0.993101	0.993102	3.41232e-05	0.00116311	0.00116115	3.43998e-05	7.16607e-05	1.17174	1.17132	1.17174	
0.993102	0.993097	0.993102	0.00675823	8.12827e-05	0.993102	0.993102	6.27266e-05	0.0387425	0.993102	0.993102	6.29991e-24	0.993102	0.993102	0.993087	0.00150832	1.70386e-13	1.48675e-13	0.0872637	0.088264	0.993101	0.993102	3.35858e-05	0.00115763	0.00115571	3.38606e-05	7.08743e-05	1.17266	1.17226	1.17266	
0.993102	0.993097	0.993102	0.00680476	8.03509e-05	0.993102	0.993102	6.18589e-05	0.03904	0.993102	0.993102	6.11582e-24	0.993102	0.993102	0.993087	0.0015049	1.68225e-13	1.46615e-13	0.0883709	0.0893755	0.993101	0.993102	3.30021e-05	0.00115223	0.00115034	3.32714e-05	6.99788e-05	1.17701	1.17669	1.17701	
0.993102	0.993097	0.993102	0.00685321	7.80422e-05	0.993102	0.993102	5.99526e-05	0.0400585	0.993102	0.993102	5.74633e-24	0.993102	0.993102	0.993086	0.00150024	1.63154e-13	1.42094e-13	0.0911458	0.0921364	0.993101	0.993102	3.18663e-05	0.00114649	0.00114463	3.21146e-05	6.79197e-05	1.17771	1.1774	1.17771	
0.993102	0.993096	0.993102	0.00692899	7.60826e-05	0.993102	0.993102	5.83226e-05	0.0407524	0.993102	0.993102	5.41537e-24	0.993102	0.993102	0.993086	0.00148987	1.58833e-13	1.38227e-13	0.0935693	0.0945453	0.993101	0.993102	3.07738e-05	0.00113644	0.00113463	3.10035e-05	6.61648e-05	1.17865	1.17835	1.17865	
0.993102	0.993096	0.993102	0.00701623	7.43159e-05	0.993102	0.993102	5.68337e-05	0.0413176	0.993102	0.993102	5.11332e-24	0.993102	0.993102	0.993086	0.00147806	1.5491e-13	1.34694e-13	0.0958557	0.0968156	0.993101	0.993102	2.97344e-05	0.00112507	0.0011233	2.99468e-05	6.4572e-05	1.1791	1.1788	1.1791	
0.993102	0.993096	0.993102	0.00710866	7.28665e-05	0.993102	0.993102	5.55769e-05	0.041717	0.993102	0.993102	4.85817e-24	0.993102	0.993102	0.993086	0.0014664	1.51646e-13	1.31712e-13	0.0978224	0.0987695	0.993101	0.993102	2.88209e-05	0.00111346	0.00111174	2.90195e-05	6.32435e-05	1.18011	1.17982	1.18011	
0.993102	0.993096	0.993102	0.00719956	7.14712e-05	0.993102	0.993102	5.4354e-05	0.0421375	0.993102	0.993102	4.62033e-24	0.993102	0.993102	0.993085	0.00145604	1.48484e-13	1.2881e-13	0.0998191	0.100752	0.993101	0.993102	2.79558e-05	0.0011026	0.00110093	2.81409e-05	6.19577e-05	1.17912	1.17882	1.17912	
0.993102	0.993096	0.993102	0.00729023	7.07969e-05	0.993102	0.993102	5.36697e-05	0.0421651	0.993102	0.993102	4.47566e-24	0.993102	0.993102	0.993085	0.00144671	1.46829e-13	1.27184e-13	0.100883	0.101808	0.993101	0.993102	2.73812e-05	0.00109221	0.00109058	2.75591e-05	6.12819e-05	1.18022	1.17994	1.18022	
0.993102	0.993096	0.993102	0.00736601	6.9945e-05	0.993102	0.993102	5.28508e-05	0.0424023	0.993102	0.993102	4.32421e-24	0.993102	0.993102	0.993085	0.00144068	1.44796e-13	1.2524e-13	0.102257	0.103169	0.993101	0.993102	2.68066e-05	0.00108427	0.00108269	2.69755e-05	6.04567e-05	1.18072	1.18045	1.18071	
0.993102	0.993096	0.993102	0.00743755	6.91673e-05	0.993102	0.993102	5.20948e-05	0.04263	0.993102	0.993102	4.18859e-24	0.993102	0.993102	0.993085	0.00143548	1.42924e-13	1.23445e-13	0.103564	0.104462	0.993101	0.993102	2.62853e-05	0.00107707	0.00107552	2.64453e-05	5.96996e-05	1.18092	1.18066	1.18092	
0.993102	0.993096	0.993102	0.00750533	6.85395e-05	0.993102	0.993102	5.14589e-05	0.0427952	0.993102	0.993102	4.07617e-24	0.993102	0.993102	0.993085	0.00143096	1.41377e-13	1.21936e-13	0.10468	0.105565	0.993101	0.993102	2.5841e-05	0.00107046	0.00106894	2.59937e-05	5.90741e-05	1.18166	1.18141	1.18166	
0.993102	0.993095	0.993102	0.00756769	6.78484e-05	0.993102	0.993102	5.07851e-05	0.0430343	0.993102	0.993102	3.9628e-24	0.993102	0.993102	0.993085	0.00142727	1.39708e-13	1.20337e-13	0.105914	0.106784	0.993101	0.993102	2.53988e-05	0.00106464	0.00106315	2.55436e-05	5.84008e-05	1.18196	1.18172	1.18196	
0.993102	0.993095	0.993102	0.00762851	6.72508e-05	0.993102	0.993102	5.01906e-05	0.0432261	0.993102	0.993102	3.86358e-24	0.993102	0.993102	0.993085	0.00142366	1.38249e-13	1.18926e-13	0.107022	0.107879	0.993101	0.993102	2.50022e-05	0.00105902	0.00105756	2.51401e-05	5.78116e-05	1.18239	1.18216	1.18239	
0.993102	0.993095	0.993102	0.00768631	6.66826e-05	0.993102	0.993102	4.96267e-05	0.0434174	0.993102	0.993102	3.77151e-24	0.993102	0.993102	0.993085	0.00142039	1.36861e-13	1.17588e-13	0.108101	0.108943	0.993101	0.993102	2.46312e-05	0.0010538	0.00105236	2.47624e-05	5.72529e-05	1.18319	1.18297	1.18319	
0.993102	0.993095	0.993102	0.00774167	6.60162e-05	0.993102	0.993102	4.89992e-05	0.043687	0.993102	0.993102	3.67235e-24	0.993102	0.993102	0.993085	0.00141731	1.35283e-13	1.16099e-13	0.109346	0.110172	0.993101	0.993102	2.42373e-05	0.0010489	0.00104748	2.43612e-05	5.66164e-05	1.18221	1.18197	1.18221	
0.993102	0.993095	0.993102	0.00779819	6.58565e-05	0.993102	0.993102	4.87522e-05	0.0436268	0.993102	0.993102	3.62882e-24	0.993102	0.993102	0.993085	0.00141401	1.34767e-13	1.15512e-13	0.109805	0.110623	0.993101	0.993102	2.40261e-05	0.00104383	0.00104243	2.4147e-05	5.64092e-05	1.18177	1.18153	1.18177	
0.993102	0.993095	0.993102	0.0078426	6.58998e-05	0.993102	0.993102	4.86592e-05	0.043505	0.993102	0.993102	3.61394e-24	0.993102	0.993102	0.993085	0.00141282	1.34679e-13	1.1529e-13	0.109958	0.110772	0.993101	0.993102	2.39267e-05	0.00104034	0.00103896	2.40465e-05	5.63748e-05	1.18362	1.18341	1.18362	
0.993102	0.993095	0.993102	0.00787451	6.53425e-05	0.993102	0.993102	4.81368e-05	0.0438242	0.993102	0.993102	3.54093e-24	0.993102	0.993102	0.993085	0.00141319	1.33362e-13	1.14051e-13	0.111038	0.11184	0.993101	0.993102	2.36502e-05	0.00103836	0.00103699	2.37644e-05	5.58433e-05	1.18351	1.18329	1.18351	
0.993102	0.993095	0.993102	0.00791372	6.49734e-05	0.993102	0.993102	4.77657e-05	0.0439704	0.993102	0.993102	3.48548e-24	0.993102	0.993102	0.993085	0.0014117	1.32456e-13	1.13171e-13	0.111802	0.112595	0.993101	0.993102	2.34201e-05	0.00103522	0.00103387	2.35306e-05	5.54761e-05	1.18324	1.18302	1.18324	
0.993102	0.993095	0.993102	0.0079521	6.47965e-05	0.993102	0.993102	4.7542e-05	0.0439913	0.993102	0.993102	3.4512e-24	0.993102	0.993102	0.993085	0.00141011	1.31954e-13	1.1264e-13	0.112258	0.113044	0.993101	0.993102	2.32619e-05	0.00103211	0.00103077	2.33697e-05	5.52752e-05	1.18398	1.18377	1.18398	
0.993102	0.993095	0.993102	0.00798476	6.44383e-05	0.993102	0.993102	4.7192e-05	0.0441584	0.993102	0.993102	3.40102e-24	0.993102	0.993102	0.993084	0.00140924	1.31088e-13	1.1181e-13	0.113003	0.113779	0.993101	0.993102	2.30567e-05	0.00102968	0.00102835	2.31608e-05	5.49249e-05	1.18411	1.1839	1.18411	
0.993102	0.993095	0.993102	0.00801862	6.41405e-05	0.993102	0.993102	4.68932e-05	0.0442737	0.993102	0.993102	3.3571e-24	0.993102	0.993102	0.993084	0.00140784	1.30356e-13	1.11101e-13	0.113644	0.114411	0.993101	0.993102	2.28701e-05	0.001027	0.00102568	2.2971e-05	5.46297e-05	1.18428	1.18407	1.18428	
0.993102	0.993095	0.993102	0.0080514	6.38749e-05	0.993102	0.993102	4.66228e-05	0.0443713	0.993102	0.993102	3.31746e-24	0.993102	0.993102	0.993084	0.00140646	1.29699e-13	1.1046e-13	0.114228	0.114989	0.993101	0.993102	2.26987e-05	0.0010244	0.00102309	2.27969e-05	5.43633e-05	1.18394	1.18373	1.18394	
0.993102	0.993095	0.993102	0.00808259	6.37952e-05	0.993102	0.993102	4.64917e-05	0.0443521	0.993102	0.993102	3.2979e-24	0.993102	0.993102	0.993084	0.00140526	1.29433e-13	1.10148e-13	0.114504	0.115263	0.993101	0.993102	2.25976e-05	0.00102195	0.00102065	2.26948e-05	5.4254e-05	1.18417	1.18396	1.18417	
0.993102	0.993095	0.993102	0.0081077	6.36722e-05	0.993102	0.993102	4.63331e-05	0.0443898	0.993102	0.993102	3.27653e-24	0.993102	0.993102	0.993084	0.0014049	1.29081e-13	1.09772e-13	0.114847	0.115602	0.993101	0.993102	2.24984e-05	0.00102022	0.00101893	2.25942e-05	5.41113e-05	1.18377	1.18355	1.18377	
0.993102	0.993095	0.993102	0.00813009	6.37151e-05	0.993102	0.993102	4.63005e-05	0.0443279	0.993102	0.993102	3.27345e-24	0.993102	0.993102	0.993084	0.0014048	1.29082e-13	1.09694e-13	0.114908	0.115664	0.993101	0.993102	2.24643e-05	0.00101873	0.00101744	2.25606e-05	5.4109e-05	1.18422	1.18401	1.18422	
0.993102	0.993095	0.993102	0.00814614	6.36099e-05	0.993102	0.993102	4.61664e-05	0.0443891	0.993102	0.993102	3.25766e-24	0.993102	0.993102	0.993084	0.00140542	1.28785e-13	1.09376e-13	0.115202	0.115956	0.993101	0.993102	2.23952e-05	0.00101793	0.00101665	2.24905e-05	5.39874e-05	1.18531	1.18513	1.18531	
0.993102	0.993095	0.993102	0.00816197	6.31928e-05	0.993102	0.993102	4.58141e-05	0.0446513	0.993102	0.993102	3.21025e-24	0.993102	0.993102	0.993084	0.00140548	1.27851e-13	1.08541e-13	0.116011	0.116753	0.993101	0.993102	2.22164e-05	0.00101702	0.00101574	2.23075e-05	5.36126e-05	1.18515	1.18496	1.18515	
0.993102	0.993095	0.993102	0.00818592	6.29365e-05	0.993102	0.993102	4.55836e-05	0.0447563	0.993102	0.993102	3.17609e-24	0.993102	0.993102	0.993084	0.00140395	1.27259e-13	1.07995e-13	0.116538	0.117272	0.993101	0.993102	2.20717e-05	0.001015	0.00101372	2.21603e-05	5.33736e-05	1.18522	1.18503	1.18522	
0.993102	0.993094	0.993102	0.00821016	6.27306e-05	0.993102	0.993102	4.539e-05	0.0448272	0.993102	0.993102	3.14713e-24	0.993102	0.993102	0.993084	0.0014024	1.26772e-13	1.07536e-13	0.116981	0.117709	0.993101	0.993102	2.19445e-05	0.00101295	0.00101168	2.20311e-05	5.31762e-05	1.18522	1.18503	1.18522	
0.993102	0.993094	0.993102	0.00823325	6.25845e-05	0.993102	0.993102	4.524e-05	0.0448646	0.993102	0.993102	3.12478e-24	0.993102	0.993102	0.993084	0.00140109	1.26409e-13	1.0718e-13	0.117324	0.118049	0.993101	0.993102	2.18417e-05	0.00101106	0.0010098	2.19269e-05	5.30288e-05	1.18494	1.18475	1.18494	
0.993102	0.993094	0.993102	0.008254	6.25676e-05	0.993102	0.993102	4.51838e-05	0.0448284	0.993102	0.993102	3.11642e-24	0.993102	0.993102	0.993084	0.00140025	1.26316e-13	1.07046e-13	0.117446	0.118172	0.993101	0.993102	2.17902e-05	0.00100945	0.0010082	2.18757e-05	5.29875e-05	1.18584	1.18567	1.18584	
0.993102	0.993094	0.993102	0.00826975	6.22808e-05	0.993102	0.993102	4.49351e-05	0.0449997	0.993102	0.993102	3.0832e-24	0.993102	0.993102	0.993084	0.00140003	1.25667e-13	1.06457e-13	0.118032	0.118751	0.993101	0.993102	2.16585e-05	0.00100843	0.00100718	2.17415e-05	5.27247e-05	1.18574	1.18556	1.18574	
0.993102	0.993094	0.993102	0.00828998	6.21033e-05	0.993102	0.993102	4.47686e-05	0.0450689	0.993102	0.993102	3.05919e-24	0.993102	0.993102	0.993084	0.00139891	1.2525e-13	1.06062e-13	0.118422	0.119138	0.993101	0.993102	2.15527e-05	0.0010068	0.00100556	2.16344e-05	5.25539e-05	1.18561	1.18542	1.18561	
0.993102	0.993094	0.993102	0.0083097	6.20166e-05	0.993102	0.993102	4.46681e-05	0.0450796	0.993102	0.993102	3.0445e-24	0.993102	0.993102	0.993084	0.00139794	1.25023e-13	1.05823e-13	0.118653	0.11937	0.993101	0.993102	2.14798e-05	0.00100523	0.00100399	2.15615e-05	5.24574e-05	1.18592	1.18574	1.18592	
0.993102	0.993094	0.993102	0.00832656	6.18614e-05	0.993102	0.993102	4.45193e-05	0.0451513	0.993102	0.993102	3.02418e-24	0.993102	0.993102	0.993084	0.00139736	1.24655e-13	1.0547e-13	0.119004	0.11972	0.993101	0.993102	2.13909e-05	0.001004	0.00100277	2.14717e-05	5.23057e-05	1.18581	1.18562	1.18581	
0.993102	0.993094	0.993102	0.00834359	6.17865e-05	0.993102	0.993102	4.443e-05	0.0451654	0.993102	0.993102	3.01173e-24	0.993102	0.993102	0.993084	0.00139671	1.24456e-13	1.05259e-13	0.119211	0.119928	0.993101	0.993102	2.13292e-05	0.00100272	0.00100149	2.141e-05	5.22208e-05	1.18574	1.18554	1.18574	
0.993102	0.993094	0.993102	0.00835836	6.17567e-05	0.993102	0.993102	4.43744e-05	0.0451597	0.993102	0.993102	3.00459e-24	0.993102	0.993102	0.993084	0.00139641	1.24353e-13	1.05127e-13	0.119336	0.120058	0.993101	0.993102	2.12887e-05	0.00100169	0.00100046	2.13703e-05	5.21732e-05	1.18547	1.18526	1.18547	
0.993102	0.993094	0.993102	0.00837041	6.18216e-05	0.993102	0.993102	4.43886e-05	0.0451021	0.993102	0.993102	3.00776e-24	0.993102	0.993102	0.993084	0.00139653	1.24451e-13	1.0516e-13	0.11929	0.120021	0.993101	0.993102	2.12873e-05	0.00100095	0.000999725	2.1371e-05	5.22038e-05	1.18612	1.18593	1.18612	
0.993102	0.993094	0.993102	0.00837802	6.16724e-05	0.993102	0.993102	4.42523e-05	0.0452083	0.993102	0.993102	2.99139e-24	0.993102	0.993102	0.993084	0.00139705	1.24106e-13	1.04837e-13	0.119618	0.120347	0.993101	0.993102	2.12232e-05	0.00100068	0.00099946	2.13061e-05	5.2062e-05	1.18619	1.186	1.18619	
0.993102	0.993094	0.993102	0.00838882	6.15428e-05	0.993102	0.993102	4.41341e-05	0.0452788	0.993102	0.993102	2.97572e-24	0.993102	0.993102	0.993084	0.0013968	1.23807e-13	1.04557e-13	0.119902	0.12063	0.993101	0.993102	2.11571e-05	0.000999949	0.000998729	2.12392e-05	5.19389e-05	1.18658	1.1864	1.18658	
0.993102	0.993094	0.993102	0.00840078	6.13296e-05	0.993102	0.993102	4.39576e-05	0.0453989	0.993102	0.993102	2.95155e-24	0.993102	0.993102	0.993084	0.00139618	1.23335e-13	1.04138e-13	0.120336	0.121058	0.993101	0.993102	2.10592e-05	0.000999046	0.000997828	2.11394e-05	5.17489e-05	1.18675	1.18657	1.18675	
0.993102	0.993094	0.993102	0.00841581	6.11227e-05	0.993102	0.993102	4.37864e-05	0.045498	0.993102	0.993102	2.92701e-24	0.993102	0.993102	0.993084	0.00139502	1.22877e-13	1.03733e-13	0.120761	0.121475	0.993101	0.993102	2.0956e-05	0.000997767	0.000996553	2.10341e-05	5.15649e-05	1.18713	1.18697	1.18713	
0.993102	0.993094	0.993102	0.00843253	6.08549e-05	0.993102	0.993102	4.3571e-05	0.0456331	0.993102	0.993102	2.89624e-24	0.993102	0.993102	0.993084	0.00139358	1.22291e-13	1.03222e-13	0.121302	0.122005	0.993101	0.993102	2.08285e-05	0.000996313	0.000995103	2.09036e-05	5.13311e-05	1.18752	1.18737	1.18752	
0.993102	0.993094	0.993102	0.0084522	6.05438e-05	0.993102	0.993102	4.33234e-05	0.0457867	0.993102	0.993102	2.86063e-24	0.993102	0.993102	0.993084	0.00139172	1.21613e-13	1.02635e-13	0.121933	0.122621	0.993101	0.993102	2.06798e-05	0.00099455	0.000993344	2.07514e-05	5.10615e-05	1.1873	1.18714	1.1873	
0.993102	0.993094	0.993102	0.00847514	6.03831e-05	0.993102	0.993102	4.31812e-05	0.0458214	0.993102	0.993102	2.8384e-24	0.993102	0.993102	0.993084	0.00138961	1.21245e-13	1.02298e-13	0.12229	0.122973	0.993101	0.993102	2.05753e-05	0.000992464	0.000991265	2.06454e-05	5.09126e-05	1.1878	1.18765	1.1878	
0.993102	0.993094	0.993102	0.00849575	6.01204e-05	0.993102	0.993102	4.29632e-05	0.0459457	0.993102	0.993102	2.80759e-24	0.993102	0.993102	0.993084	0.00138798	1.20659e-13	1.01781e-13	0.122851	0.123522	0.993101	0.993102	2.04431e-05	0.000990731	0.000989537	2.051e-05	5.06801e-05	1.18828	1.18815	1.18828	
0.993102	0.993094	0.993102	0.00851825	5.97871e-05	0.993102	0.993102	4.26939e-05	0.0461143	0.993102	0.993102	2.7699e-24	0.993102	0.993102	0.993084	0.00138606	1.19924e-13	1.01142e-13	0.123557	0.124209	0.993101	0.993102	2.02835e-05	0.000988817	0.000987628	2.03461e-05	5.03898e-05	1.18848	1.18837	1.18848	
0.993102	0.993094	0.993102	0.00854428	5.94834e-05	0.993102	0.993102	4.24442e-05	0.0462471	0.993102	0.993102	2.73416e-24	0.993102	0.993102	0.993084	0.00138373	1.19248e-13	1.0055e-13	0.124217	0.124851	0.993101	0.993102	2.01268e-05	0.000986549	0.000985368	2.01854e-05	5.01232e-05	1.18863	1.18852	1.18863	
0.993102	0.993094	0.993102	0.00857174	5.92209e-05	0.993102	0.993102	4.22212e-05	0.0463481	0.993102	0.993102	2.70209e-24	0.993102	0.993102	0.993084	0.00138138	1.18652e-13	1.00022e-13	0.12481	0.125427	0.993101	0.993102	1.9982e-05	0.000984196	0.000983022	2.0037e-05	4.98888e-05	1.18866	1.18854	1.18866	
0.993102	0.993094	0.993102	0.00859903	5.90248e-05	0.993102	0.993102	4.20432e-05	0.0464069	0.993102	0.993102	2.67644e-24	0.993102	0.993102	0.993083	0.00137931	1.18191e-13	9.95994e-14	0.125283	0.125888	0.993101	0.993102	1.98612e-05	0.000981937	0.00098077	1.99134e-05	4.97068e-05	1.18853	1.18841	1.18853	
0.993102	0.993094	0.993102	0.00862438	5.89246e-05	0.993102	0.993102	4.19315e-05	0.0464092	0.993102	0.993102	2.66029e-24	0.993102	0.993102	0.993083	0.00137775	1.17925e-13	9.93344e-14	0.125579	0.126176	0.993101	0.993102	1.97778e-05	0.000979957	0.000978797	1.98282e-05	4.96023e-05	1.189	1.1889	1.189	
0.993102	0.993094	0.993102	0.00864566	5.87182e-05	0.993102	0.993102	4.17441e-05	0.0465128	0.993102	0.993102	2.636e-24	0.993102	0.993102	0.993083	0.00137682	1.17439e-13	9.88902e-14	0.126087	0.12667	0.993101	0.993102	1.96689e-05	0.000978463	0.000977308	1.97165e-05	4.94109e-05	1.18904	1.18894	1.18904	
0.993102	0.993094	0.993102	0.00866795	5.8559e-05	0.993102	0.993102	4.15917e-05	0.0465754	0.993102	0.993102	2.61577e-24	0.993102	0.993102	0.993083	0.0013757	1.17054e-13	9.85286e-14	0.1265	0.127073	0.993101	0.993102	1.95737e-05	0.000976836	0.000975686	1.96191e-05	4.92585e-05	1.18904	1.18894	1.18904	
0.993102	0.993094	0.993102	0.00868931	5.84463e-05	0.993102	0.993102	4.14729e-05	0.0466079	0.993102	0.993102	2.60009e-24	0.993102	0.993102	0.993083	0.00137472	1.16764e-13	9.82469e-14	0.126824	0.127387	0.993101	0.993102	1.94963e-05	0.000975312	0.000974167	1.95399e-05	4.91448e-05	1.18915	1.18905	1.18915	
0.993102	0.993094	0.993102	0.00870859	5.83362e-05	0.993102	0.993102	4.13569e-05	0.0466483	0.993102	0.993102	2.58534e-24	0.993102	0.993102	0.993083	0.00137403	1.1648e-13	9.79718e-14	0.127142	0.127696	0.993101	0.993102	1.94246e-05	0.000974011	0.000972871	1.94663e-05	4.90339e-05	1.18958	1.1895	1.18958	
0.993102	0.993094	0.993102	0.00872648	5.81338e-05	0.993102	0.993102	4.11774e-05	0.046764	0.993102	0.993102	2.56293e-24	0.993102	0.993102	0.993083	0.00137342	1.16011e-13	9.75462e-14	0.127641	0.128182	0.993101	0.993102	1.93255e-05	0.00097284	0.000971704	1.93646e-05	4.88484e-05	1.18948	1.1894	1.18948	
0.993102	0.993094	0.993102	0.00874652	5.80158e-05	0.993102	0.993102	4.10593e-05	0.0468027	0.993102	0.993102	2.54739e-24	0.993102	0.993102	0.993083	0.00137242	1.15716e-13	9.72661e-14	0.12797	0.128501	0.993101	0.993102	1.92496e-05	0.000971398	0.000970267	1.92868e-05	4.8733e-05	1.18954	1.18946	1.18954	
0.993102	0.993094	0.993102	0.00876498	5.79154e-05	0.993102	0.993102	4.09542e-05	0.0468362	0.993102	0.993102	2.53394e-24	0.993102	0.993102	0.993083	0.00137167	1.15459e-13	9.70169e-14	0.128264	0.128786	0.993101	0.993102	1.91832e-05	0.00097013	0.000969003	1.92188e-05	4.86323e-05	1.18945	1.18937	1.18945	
0.993102	0.993094	0.993102	0.0087819	5.78733e-05	0.993102	0.993102	4.08912e-05	0.046833	0.993102	0.993102	2.52611e-24	0.993102	0.993102	0.993083	0.00137115	1.15323e-13	9.68674e-14	0.128439	0.128956	0.993101	0.993102	1.91394e-05	0.000969017	0.000967894	1.9174e-05	4.85793e-05	1.18958	1.1895	1.18958	
0.993102	0.993094	0.993102	0.00879592	5.78082e-05	0.993102	0.993102	4.08135e-05	0.0468601	0.993102	0.993102	2.51711e-24	0.993102	0.993102	0.993083	0.00137098	1.15141e-13	9.6683e-14	0.128657	0.129168	0.993101	0.993102	1.90942e-05	0.0009682	0.00096708	1.91276e-05	4.85085e-05	1.18971	1.18964	1.18971	
0.993102	0.993093	0.993102	0.00880884	5.77257e-05	0.993102	0.993102	4.07258e-05	0.0469026	0.993102	0.993102	2.5069e-24	0.993102	0.993102	0.993083	0.00137083	1.14928e-13	9.64751e-14	0.128905	0.129409	0.993101	0.993102	1.90454e-05	0.000967456	0.000966339	1.90775e-05	4.84249e-05	1.18983	1.18976	1.18983	
0.993102	0.993093	0.993102	0.00882154	5.76343e-05	0.993102	0.993102	4.06341e-05	0.0469502	0.993102	0.993102	2.49597e-24	0.993102	0.993102	0.993083	0.00137058	1.147e-13	9.62576e-14	0.129166	0.129662	0.993101	0.993102	1.89938e-05	0.000966692	0.000965578	1.90246e-05	4.83351e-05	1.18988	1.18981	1.18988	
0.993102	0.993093	0.993102	0.00883427	5.75554e-05	0.993102	0.993102	4.05529e-05	0.0469856	0.993102	0.993102	2.48611e-24	0.993102	0.993102	0.993083	0.00137023	1.145e-13	9.6065e-14	0.129398	0.129887	0.993101	0.993102	1.89461e-05	0.000965889	0.000964777	1.89756e-05	4.82566e-05	1.19002	1.18995	1.19002	
0.993102	0.993093	0.993102	0.00884649	5.74595e-05	0.993102	0.993102	4.04609e-05	0.0470348	0.993102	0.993102	2.47492e-24	0.993102	0.993102	0.993083	0.00136987	1.14267e-13	9.58471e-14	0.129661	0.130144	0.993101	0.993102	1.88937e-05	0.000965116	0.000964007	1.89218e-05	4.81649e-05	1.19004	1.18997	1.19004	
0.993102	0.993093	0.993102	0.00885891	5.7386e-05	0.993102	0.993102	4.0386e-05	0.0470645	0.993102	0.993102	2.46564e-24	0.993102	0.993102	0.993083	0.00136942	1.14081e-13	9.56694e-14	0.129877	0.130353	0.993101	0.993102	1.88481e-05	0.000964299	0.000963192	1.88752e-05	4.80921e-05	1.19019	1.19013	1.19019	
0.993102	0.993093	0.993102	0.00887063	5.72915e-05	0.993102	0.993102	4.02971e-05	0.0471128	0.993102	0.993102	2.45476e-24	0.993102	0.993102	0.993083	0.00136902	1.13855e-13	9.54588e-14	0.130133	0.130602	0.993101	0.993102	1.87972e-05	0.000963543	0.000962438	1.88229e-05	4.80026e-05	1.1902	1.19014	1.1902	
0.993102	0.993093	0.993102	0.00888259	5.72214e-05	0.993102	0.993102	4.02263e-05	0.04714	0.993102	0.993102	2.44592e-24	0.993102	0.993102	0.993083	0.00136855	1.13679e-13	9.52908e-14	0.130338	0.130801	0.993101	0.993102	1.87536e-05	0.000962743	0.00096164	1.87783e-05	4.79335e-05	1.19006	1.19	1.19006	
0.993102	0.993093	0.993102	0.00889382	5.72102e-05	0.993102	0.993102	4.01975e-05	0.0471252	0.993102	0.993102	2.44239e-24	0.993102	0.993102	0.993083	0.00136819	1.13625e-13	9.52224e-14	0.130421	0.130881	0.993101	0.993102	1.87308e-05	0.000962012	0.000960912	1.8755e-05	4.79127e-05	1.19024	1.19018	1.19024	
0.993102	0.993093	0.993102	0.00890257	5.7155e-05	0.993102	0.993102	4.01385e-05	0.0471557	0.993102	0.993102	2.43574e-24	0.993102	0.993102	0.993083	0.00136815	1.13481e-13	9.50826e-14	0.130592	0.131048	0.993101	0.993102	1.86987e-05	0.000961536	0.000960438	1.87222e-05	4.78564e-05	1.19021	1.19015	1.19021	
0.993102	0.993093	0.993102	0.00891125	5.7124e-05	0.993102	0.993102	4.00981e-05	0.0471657	0.993102	0.993102	2.43116e-24	0.993102	0.993102	0.993083	0.00136804	1.1339e-13	9.49866e-14	0.13071	0.131162	0.993101	0.993102	1.86744e-05	0.000961033	0.000959937	1.86973e-05	4.78206e-05	1.19012	1.19006	1.19012	
0.993102	0.993093	0.993102	0.00891897	5.71286e-05	0.993102	0.993102	4.00838e-05	0.0471515	0.993102	0.993102	2.42991e-24	0.993102	0.993102	0.993083	0.00136802	1.13374e-13	9.49526e-14	0.130751	0.131202	0.993101	0.993102	1.86636e-05	0.000960608	0.000959513	1.86863e-05	4.78143e-05	1.18984	1.18977	1.18984	
0.993102	0.993093	0.993102	0.00892481	5.72171e-05	0.993102	0.993102	4.01296e-05	0.0470814	0.993102	0.993102	2.43641e-24	0.993102	0.993102	0.993083	0.00136827	1.13531e-13	9.50612e-14	0.130616	0.131072	0.993101	0.993102	1.86838e-05	0.000960357	0.000959264	1.87073e-05	4.78768e-05	1.18975	1.18968	1.18975	
0.993102	0.993093	0.993102	0.00892657	5.73096e-05	0.993102	0.993102	4.01799e-05	0.0470264	0.993102	0.993102	2.44435e-24	0.993102	0.993102	0.993083	0.00136904	1.13699e-13	9.51803e-14	0.130469	0.130929	0.993101	0.993102	1.87136e-05	0.000960509	0.000959416	1.8738e-05	4.79433e-05	1.19012	1.19006	1.19012	
0.993102	0.993093	0.993102	0.00892558	5.72718e-05	0.993102	0.993102	4.01419e-05	0.0470791	0.993102	0.993102	2.44167e-24	0.993102	0.993102	0.993083	0.00136995	1.13605e-13	9.50903e-14	0.130579	0.131036	0.993101	0.993102	1.87059e-05	0.00096089	0.000959796	1.87299e-05	4.79059e-05	1.19018	1.19012	1.19018	
0.993102	0.993093	0.993102	0.00892711	5.72273e-05	0.993102	0.993102	4.01025e-05	0.0471189	0.993102	0.993102	2.43764e-24	0.993102	0.993102	0.993083	0.00137024	1.13502e-13	9.4997e-14	0.130693	0.131148	0.993101	0.993102	1.869e-05	0.00096092	0.000959825	1.87136e-05	4.78649e-05	1.1903	1.19024	1.1903	
0.993102	0.993093	0.993102	0.00893017	5.71604e-05	0.993102	0.993102	4.00489e-05	0.0471658	0.993102	0.993102	2.43123e-24	0.993102	0.993102	0.993083	0.00137019	1.13356e-13	9.48698e-14	0.130849	0.131301	0.993101	0.993102	1.86633e-05	0.000960749	0.000959655	1.86862e-05	4.78064e-05	1.1905	1.19045	1.1905	
0.993102	0.993093	0.993102	0.00893482	5.7052e-05	0.993102	0.993102	3.99667e-05	0.0472357	0.993102	0.993102	2.42082e-24	0.993102	0.993102	0.993083	0.00136982	1.13126e-13	9.4675e-14	0.13109	0.131536	0.993101	0.993102	1.86196e-05	0.000960395	0.000959301	1.86414e-05	4.77148e-05	1.19041	1.19036	1.19041	
0.993102	0.993093	0.993102	0.00894185	5.69985e-05	0.993102	0.993102	3.99226e-05	0.0472521	0.993102	0.993102	2.4145e-24	0.993102	0.993102	0.993083	0.00136915	1.13008e-13	9.45705e-14	0.131218	0.131661	0.993101	0.993102	1.8589e-05	0.000959791	0.000958699	1.86102e-05	4.76672e-05	1.19057	1.19053	1.19057	
0.993102	0.993093	0.993102	0.00894847	5.69141e-05	0.993102	0.993102	3.98557e-05	0.0472963	0.993102	0.993102	2.40569e-24	0.993102	0.993102	0.993083	0.0013686	1.12824e-13	9.4412e-14	0.131415	0.131853	0.993101	0.993102	1.85494e-05	0.000959261	0.00095817	1.85698e-05	4.75941e-05	1.19055	1.1905	1.19055	
0.993102	0.993093	0.993102	0.008956	5.68607e-05	0.993102	0.993102	3.98099e-05	0.0473133	0.993102	0.993102	2.39933e-24	0.993102	0.993102	0.993083	0.00136799	1.12703e-13	9.43033e-14	0.13155	0.131985	0.993101	0.993102	1.85183e-05	0.00095865	0.000957561	1.85381e-05	4.75457e-05	1.19056	1.19052	1.19056	
0.993102	0.993093	0.993102	0.00896307	5.6818e-05	0.993102	0.993102	3.97706e-05	0.047326	0.993102	0.993102	2.39403e-24	0.993102	0.993102	0.993083	0.00136751	1.12603e-13	9.42102e-14	0.131665	0.132097	0.993101	0.993102	1.84918e-05	0.000958111	0.000957023	1.85112e-05	4.75054e-05	1.19068	1.19063	1.19068	
0.993102	0.993093	0.993102	0.00896957	5.67564e-05	0.993102	0.993102	3.97176e-05	0.0473571	0.993102	0.993102	2.38731e-24	0.993102	0.993102	0.993083	0.00136714	1.12463e-13	9.40847e-14	0.131821	0.13225	0.993101	0.993102	1.84605e-05	0.000957646	0.00095656	1.84792e-05	4.74496e-05	1.19076	1.19071	1.19076	
0.993102	0.993093	0.993102	0.00897642	5.66887e-05	0.993102	0.993102	3.96604e-05	0.0473915	0.993102	0.993102	2.38e-24	0.993102	0.993102	0.993083	0.00136673	1.12311e-13	9.39489e-14	0.131991	0.132416	0.993101	0.993102	1.84266e-05	0.000957148	0.000956063	1.84447e-05	4.73888e-05	1.19037	1.19031	1.19037	
0.993102	0.993093	0.993102	0.00898369	5.6752e-05	0.993102	0.993102	3.96944e-05	0.0473236	0.993102	0.993102	2.38375e-24	0.993102	0.993102	0.993083	0.00136637	1.12426e-13	9.40294e-14	0.131888	0.132317	0.993101	0.993102	1.84344e-05	0.000956609	0.000955527	1.84532e-05	4.74335e-05	1.19043	1.19037	1.19043	
0.993102	0.993093	0.993102	0.00898675	5.67843e-05	0.993102	0.993102	3.97064e-05	0.0473013	0.993102	0.993102	2.386e-24	0.993102	0.993102	0.993083	0.00136665	1.12478e-13	9.40578e-14	0.131851	0.132282	0.993101	0.993102	1.8441e-05	0.000956533	0.000955451	1.84602e-05	4.74532e-05	1.19037	1.19032	1.19037	
0.993102	0.993093	0.993102	0.0089883	5.68242e-05	0.993102	0.993102	3.97252e-05	0.0472784	0.993102	0.993102	2.38927e-24	0.993102	0.993102	0.993083	0.00136708	1.12547e-13	9.41023e-14	0.131793	0.132227	0.993101	0.993102	1.84528e-05	0.000956584	0.000955502	1.84726e-05	4.74797e-05	1.19039	1.19033	1.19039	
0.993102	0.993093	0.993102	0.00898858	5.68507e-05	0.993102	0.993102	3.97363e-05	0.0472695	0.993102	0.993102	2.39169e-24	0.993102	0.993102	0.993083	0.00136758	1.12592e-13	9.41285e-14	0.131758	0.132195	0.993101	0.993102	1.84625e-05	0.000956732	0.00095565	1.84827e-05	4.74963e-05	1.19033	1.19027	1.19033	
0.993102	0.993093	0.993102	0.00898841	5.68875e-05	0.993102	0.993102	3.97563e-05	0.0472522	0.993102	0.993102	2.39507e-24	0.993102	0.993102	0.993083	0.00136804	1.1266e-13	9.4176e-14	0.131697	0.132137	0.993101	0.993102	1.84761e-05	0.000956886	0.000955804	1.84969e-05	4.75222e-05	1.19036	1.1903	1.19036	
0.993102	0.993093	0.993102	0.00898749	5.69059e-05	0.993102	0.993102	3.9765e-05	0.0472503	0.993102	0.993102	2.39704e-24	0.993102	0.993102	0.993083	0.00136849	1.12693e-13	9.41966e-14	0.13167	0.132112	0.993101	0.993102	1.84849e-05	0.000957084	0.000956002	1.85061e-05	4.75341e-05	1.19051	1.19045	1.19051	
0.993102	0.993093	0.993102	0.00898664	5.68769e-05	0.993102	0.993102	3.9742e-05	0.0472817	0.993102	0.993102	2.39488e-24	0.993102	0.993102	0.993083	0.0013688	1.1263e-13	9.41422e-14	0.131737	0.132178	0.993101	0.993102	1.84779e-05	0.000957243	0.000956159	1.84989e-05	4.75088e-05	1.19051	1.19045	1.19051	
0.993102	0.993093	0.993102	0.00898733	5.68549e-05	0.993102	0.993102	3.97249e-05	0.0472982	0.993102	0.993102	2.39288e-24	0.993102	0.993102	0.993083	0.0013688	1.12583e-13	9.41017e-14	0.131787	0.132227	0.993101	0.993102	1.84698e-05	0.00095721	0.000956126	1.84906e-05	4.74897e-05	1.1905	1.19044	1.1905	
0.993102	0.993093	0.993102	0.00898865	5.68409e-05	0.993102	0.993102	3.97136e-05	0.0473051	0.993102	0.993102	2.39138e-24	0.993102	0.993102	0.993083	0.0013687	1.12553e-13	9.40748e-14	0.13182	0.13226	0.993101	0.993102	1.84628e-05	0.000957105	0.000956022	1.84836e-05	4.74772e-05	1.19066	1.19061	1.19066	
0.993102	0.993093	0.993102	0.00899007	5.6786e-05	0.993102	0.993102	3.96735e-05	0.047343	0.993102	0.993102	2.38636e-24	0.993102	0.993102	0.993083	0.00136856	1.12438e-13	9.39799e-14	0.131939	0.132376	0.993101	0.993102	1.84425e-05	0.000956994	0.000955911	1.84626e-05	4.74318e-05	1.19072	1.19067	1.19072	
0.993102	0.993093	0.993102	0.00899296	5.67276e-05	0.993102	0.993102	3.96309e-05	0.0473764	0.993102	0.993102	2.38067e-24	0.993102	0.993102	0.993083	0.00136819	1.12316e-13	9.38789e-14	0.132066	0.1325	0.993101	0.993102	1.8418e-05	0.000956728	0.000955645	1.84375e-05	4.73836e-05	1.19076	1.19072	1.19076	
0.993102	0.993093	0.993102	0.00899689	5.66723e-05	0.993102	0.993102	3.95897e-05	0.0474035	0.993102	0.993102	2.37498e-24	0.993102	0.993102	0.993083	0.00136772	1.12199e-13	9.37812e-14	0.132189	0.132619	0.993101	0.993102	1.83925e-05	0.000956368	0.000955286	1.84114e-05	4.73373e-05	1.1909	1.19086	1.1909	
0.993102	0.993093	0.993102	0.0090014	5.65925e-05	0.993102	0.993102	3.95304e-05	0.047448	0.993102	0.993102	2.3671e-24	0.993102	0.993102	0.993083	0.0013672	1.12031e-13	9.36409e-14	0.132367	0.132792	0.993101	0.993102	1.83581e-05	0.000955968	0.000954887	1.83761e-05	4.7271e-05	1.19091	1.19087	1.19091	
0.993102	0.993093	0.993102	0.00900719	5.65318e-05	0.993102	0.993102	3.94837e-05	0.0474731	0.993102	0.993102	2.36055e-24	0.993102	0.993102	0.993083	0.00136657	1.119e-13	9.353e-14	0.132508	0.132928	0.993101	0.993102	1.83276e-05	0.000955454	0.000954375	1.83448e-05	4.72194e-05	1.19098	1.19095	1.19098	
0.993102	0.993093	0.993102	0.00901317	5.64673e-05	0.993102	0.993102	3.9433e-05	0.0475021	0.993102	0.993102	2.35366e-24	0.993102	0.993102	0.993083	0.00136599	1.1176e-13	9.34099e-14	0.132661	0.133076	0.993101	0.993102	1.82957e-05	0.000954949	0.000953871	1.83122e-05	4.7164e-05	1.19096	1.19092	1.19096	
0.993102	0.993093	0.993102	0.0090195	5.64277e-05	0.993102	0.993102	3.93988e-05	0.0475119	0.993102	0.993102	2.34882e-24	0.993102	0.993102	0.993083	0.00136545	1.1167e-13	9.33287e-14	0.132763	0.133176	0.993101	0.993102	1.82715e-05	0.000954431	0.000953355	1.82875e-05	4.71281e-05	1.19095	1.1909	1.19095	
0.993102	0.993093	0.993102	0.00902524	5.64036e-05	0.993102	0.993102	3.93746e-05	0.0475142	0.993102	0.993102	2.34549e-24	0.993102	0.993102	0.993083	0.00136507	1.1161e-13	9.32712e-14	0.132836	0.133247	0.993101	0.993102	1.82537e-05	0.000953996	0.000952921	1.82694e-05	4.71042e-05	1.19095	1.19091	1.19095	
0.993102	0.993093	0.993102	0.00903017	5.6387e-05	0.993102	0.993102	3.93551e-05	0.0475155	0.993102	0.993102	2.34301e-24	0.993102	0.993102	0.993083	0.00136484	1.11565e-13	9.32251e-14	0.132894	0.133304	0.993101	0.993102	1.824e-05	0.00095366	0.000952586	1.82555e-05	4.70862e-05	1.19093	1.19089	1.19093	
0.993102	0.993093	0.993102	0.00903436	5.63814e-05	0.993102	0.993102	3.93434e-05	0.047512	0.993102	0.993102	2.34166e-24	0.993102	0.993102	0.993083	0.00136474	1.11542e-13	9.31973e-14	0.132929	0.133338	0.993101	0.993102	1.82315e-05	0.000953402	0.000952329	1.82469e-05	4.70771e-05	1.19095	1.19091	1.19095	
0.993102	0.993093	0.993102	0.00903771	5.63717e-05	0.993102	0.993102	3.93291e-05	0.0475154	0.993102	0.993102	2.34018e-24	0.993102	0.993102	0.993083	0.00136474	1.11511e-13	9.31634e-14	0.132971	0.13338	0.993101	0.993102	1.82232e-05	0.000953226	0.000952153	1.82385e-05	4.70647e-05	1.19093	1.19088	1.19093	
0.993102	0.993093	0.993102	0.00904068	5.63725e-05	0.993102	0.993102	3.93227e-05	0.0475117	0.993102	0.993102	2.33967e-24	0.993102	0.993102	0.993083	0.00136477	1.11503e-13	9.31481e-14	0.13299	0.133398	0.993101	0.993102	1.8219e-05	0.000953077	0.000952005	1.82343e-05	4.70612e-05	1.19093	1.19088	1.19093	
0.993102	0.993093	0.993102	0.009043	5.63739e-05	0.993102	0.993102	3.93173e-05	0.0475097	0.993102	0.993102	2.33936e-24	0.993102	0.993102	0.993083	0.00136486	1.11497e-13	9.31354e-14	0.133006	0.133414	0.993101	0.993102	1.82163e-05	0.000952984	0.000951912	1.82315e-05	4.70587e-05	1.19095	1.19091	1.19095	
0.993102	0.993093	0.993102	0.00904485	5.63685e-05	0.993102	0.993102	3.93079e-05	0.0475142	0.993102	0.993102	2.33858e-24	0.993102	0.993102	0.993083	0.00136496	1.11477e-13	9.3113e-14	0.133034	0.133442	0.993101	0.993102	1.8212e-05	0.000952924	0.000951853	1.82272e-05	4.7051e-05	1.191	1.19096	1.191	
0.993102	0.993093	0.993102	0.00904661	5.63502e-05	0.993102	0.993102	3.92902e-05	0.0475279	0.993102	0.993102	2.33672e-24	0.993102	0.993102	0.993083	0.00136502	1.11432e-13	9.3071e-14	0.133088	0.133494	0.993101	0.993102	1.82037e-05	0.000952857	0.000951786	1.82185e-05	4.70335e-05	1.19096	1.19092	1.19096	
0.993102	0.993093	0.993102	0.00904871	5.63497e-05	0.993102	0.993102	3.92853e-05	0.0475252	0.993102	0.993102	2.33624e-24	0.993102	0.993102	0.993083	0.001365	1.11425e-13	9.30595e-14	0.133103	0.133508	0.993101	0.993102	1.82003e-05	0.000952741	0.000951671	1.82151e-05	4.70305e-05	1.19103	1.19099	1.19103	
0.993102	0.993093	0.993102	0.00905035	5.63297e-05	0.993102	0.993102	3.92672e-05	0.0475394	0.993102	0.993102	2.33424e-24	0.993102	0.993102	0.993083	0.00136502	1.11377e-13	9.30166e-14	0.133158	0.133561	0.993101	0.993102	1.81915e-05	0.000952667	0.000951597	1.82059e-05	4.70121e-05	1.19114	1.19111	1.19114	
