0.25	1.27727e-12	0.25	0.000618156	0.000618156	0.748882	0.998264	0.998263	0.748264	0.25	0.25	1.27727e-12	1.27727e-12	0.25	0.25	5.42631e-30	0.25	0.000618156	5.42631e-30	1.27727e-12	0.25	0.000618156	0.000618156	0.000618156	0.000618156	0.000618156	0.25	0	0	0	
0.993102	0.9931	0.993102	0.00640191	0.000116624	0.993102	0.993102	9.27369e-05	0.0391005	0.993102	0.993102	2.01255e-23	1.27727e-12	0.25	0.25	5.42631e-30	0.25	0.000618156	5.42631e-30	1.27727e-12	0.25	0.000618156	0.000618156	0.000618156	0.000618156	0.000618156	0.25	1.15551	1.12854	1.15551	
0.993102	0.9931	0.993102	0.00652484	0.000114572	0.993102	0.993102	9.0569e-05	0.0412244	0.993102	0.993102	1.97274e-23	0.25	0.437066	0.437063	0.000625655	0.187066	0.000462543	0.0100849	0.0169055	0.437065	0.250463	0.000473556	0.000746908	0.000746246	0.000481429	0.18708	0.993102	0.9931	0.993102	
0.993102	0.993099	0.993102	0.00670047	0.000788541	0.993101	0.993102	0.000610464	0.0311193	0.993102	0.993102	1.74795e-21	0.437066	0.57704	0.577038	0.000819941	0.139974	0.000346104	0.00824609	0.0133539	0.57704	0.437412	0.000625758	0.000831411	0.000830293	0.000631659	0.140603	0.99594	0.995938	0.99594	
0.993102	0.993099	0.993102	0.00649618	0.00124962	0.993101	0.993102	0.000967801	0.0236469	0.993102	0.993102	3.20828e-21	0.57704	0.681778	0.681777	0.00104385	0.104738	0.000258977	0.00688856	0.0107399	0.681778	0.577299	0.000782048	0.000963648	0.000957474	0.000786472	0.105792	0.997688	0.997686	0.997688	
0.993102	0.993099	0.993102	0.00611926	0.00156494	0.993101	0.993102	0.00121968	0.0181358	0.993102	0.993102	4.44996e-21	0.681778	0.76015	0.760148	0.00127406	0.0783715	0.000193783	0.00587805	0.00880733	0.760149	0.681972	0.000937012	0.00112409	0.00110954	0.000940329	0.0797246	0.999685	0.999683	0.999685	
0.993102	0.993099	0.993102	0.00568413	0.00176872	0.993101	0.993102	0.00139239	0.0140893	0.993102	0.993102	5.42631e-21	0.76015	0.818792	0.818791	0.00149338	0.0586425	0.000145001	0.00513358	0.00738656	0.818792	0.760295	0.00107854	0.00129615	0.00127127	0.00108103	0.060197	1.00259	1.00259	1.00259	
0.993102	0.993099	0.993102	0.00525199	0.0018807	0.993101	0.993102	0.0014985	0.0111433	0.993102	0.993102	6.06635e-21	0.818792	0.862673	0.862671	0.0016912	0.0438801	0.000108499	0.00460529	0.0063637	0.862672	0.818901	0.00119311	0.0014669	0.00143104	0.00119498	0.0455547	1.00626	1.00625	1.00626	
0.993102	0.9931	0.993102	0.00485366	0.0019197	0.993101	0.993102	0.00154939	0.00902645	0.993102	0.993102	6.36136e-21	0.862673	0.895506	0.895505	0.00186237	0.0328339	8.11858e-05	0.00425554	0.00565395	0.895506	0.862754	0.00127337	0.00162706	0.00158073	0.00127477	0.0345623	1.00823	1.00823	1.00823	
0.993102	0.9931	0.993102	0.00450262	0.00192465	0.993101	0.993102	0.00157419	0.00750241	0.993102	0.993102	6.50244e-21	0.895506	0.920075	0.920074	0.00200561	0.0245684	6.07484e-05	0.00401737	0.00515138	0.920074	0.895567	0.00133449	0.00177075	0.00171528	0.00133555	0.0263188	1.01151	1.01151	1.01151	
0.993102	0.9931	0.993102	0.00420175	0.00189398	0.993101	0.993102	0.00156917	0.00643776	0.993102	0.993102	6.4299e-21	0.920075	0.938459	0.938457	0.00212236	0.0183836	4.54558e-05	0.00388831	0.0048307	0.938458	0.92012	0.00136705	0.00189568	0.00183267	0.00136785	0.0201214	1.01342	1.01341	1.01342	
0.993102	0.9931	0.993102	0.00394949	0.00185154	0.993101	0.993102	0.00155309	0.00569071	0.993102	0.993102	6.28329e-21	0.938459	0.952214	0.952213	0.00221523	0.0137558	3.40129e-05	0.0038211	0.00462239	0.952213	0.938493	0.0013853	0.002001	0.00193225	0.00138591	0.0154682	1.0148	1.0148	1.0148	
0.993102	0.9931	0.993102	0.00374113	0.00180594	0.993101	0.993102	0.00153257	0.0051686	0.993102	0.993102	6.108e-21	0.952214	0.962507	0.962506	0.00228763	0.010293	2.54506e-05	0.00379304	0.00448956	0.962506	0.95224	0.00139436	0.00208787	0.00201501	0.00139482	0.0119751	1.01458	1.01457	1.01457	
0.993102	0.9931	0.993102	0.00357097	0.00177215	0.993101	0.993102	0.00152046	0.00478206	0.993102	0.993102	5.9987e-21	0.962507	0.970209	0.970208	0.00234308	0.00770185	1.90438e-05	0.00376555	0.00438124	0.970208	0.962526	0.00140654	0.00215827	0.00208266	0.0014069	0.00936319	1.01523	1.01522	1.01523	
0.993102	0.993101	0.993102	0.00343273	0.00174012	0.993101	0.993102	0.00150782	0.00451109	0.993102	0.993102	5.88617e-21	0.970209	0.975972	0.975971	0.00238502	0.00576301	1.42498e-05	0.003755	0.00431004	0.975971	0.970223	0.00141374	0.00221501	0.00213759	0.00141401	0.00740359	1.01804	1.01804	1.01804	
0.993102	0.993101	0.993102	0.00332122	0.00169254	0.993101	0.993102	0.0014791	0.00436661	0.993102	0.993102	5.65645e-21	0.975972	0.980284	0.980283	0.00241626	0.00431225	1.06626e-05	0.00379959	0.00431326	0.980283	0.975983	0.00140122	0.00226018	0.00218168	0.00140144	0.00591556	1.01958	1.01957	1.01958	
0.993102	0.993101	0.993102	0.00323271	0.00164454	0.993101	0.993102	0.00144778	0.00429062	0.993102	0.993102	5.41087e-21	0.980284	0.983511	0.98351	0.00243877	0.0032267	7.97842e-06	0.00386352	0.00434691	0.98351	0.980292	0.00138246	0.0022948	0.00221602	0.00138263	0.00479079	1.02166	1.02166	1.02166	
0.993102	0.993101	0.993102	0.00316319	0.0015928	0.993101	0.993102	0.00141103	0.00427705	0.993102	0.993102	5.13261e-21	0.983511	0.985926	0.985924	0.00245452	0.00241442	5.96997e-06	0.00395505	0.00441745	0.985925	0.983517	0.0013553	0.00232067	0.00224224	0.00135544	0.00393432	1.01954	1.01954	1.01954	
0.993102	0.993101	0.993102	0.00310945	0.00156951	0.993101	0.993102	0.00139819	0.00422124	0.993102	0.993102	5.01906e-21	0.985926	0.987732	0.987731	0.00246501	0.00180662	4.46711e-06	0.00398066	0.00442052	0.987731	0.98593	0.00134895	0.00233912	0.00226158	0.00134907	0.00330858	1.0199	1.0199	1.0199	
0.993102	0.993101	0.993102	0.00306701	0.00154906	0.993102	0.993102	0.00138648	0.00418727	0.993102	0.993102	4.91723e-21	0.987732	0.989084	0.989083	0.00247224	0.00135183	3.34258e-06	0.0040071	0.00442967	0.989083	0.987735	0.00134216	0.00235316	0.00227656	0.00134226	0.00283774	1.01955	1.01955	1.01955	
0.993102	0.993101	0.993102	0.00303368	0.00153617	0.993102	0.993102	0.00138041	0.0041547	0.993102	0.993102	4.85727e-21	0.989084	0.990096	0.990094	0.00247705	0.00101153	2.50113e-06	0.00401974	0.00442776	0.990095	0.989086	0.00133966	0.00236369	0.00228803	0.00133974	0.00248797	1.01736	1.01736	1.01736	
0.993102	0.993101	0.993102	0.00300736	0.00154312	0.993102	0.993102	0.00139139	0.0040871	0.993102	0.993102	4.91994e-21	0.990096	0.990852	0.990851	0.00248021	0.000756888	1.8715e-06	0.00398554	0.00437823	0.990851	0.990097	0.00135296	0.00237173	0.00229692	0.00135304	0.00224252	1.01648	1.01648	1.01648	
0.993102	0.993101	0.993102	0.00298575	0.00155502	0.993102	0.993102	0.00140618	0.00402111	0.993102	0.993102	5.01414e-21	0.990852	0.991419	0.991417	0.00248257	0.000566352	1.40038e-06	0.00394185	0.00432206	0.991418	0.990854	0.00136964	0.00237878	0.00230449	0.0013697	0.00206562	1.01502	1.01502	1.01502	
0.993102	0.993101	0.993102	0.00296776	0.00157548	0.993102	0.993102	0.00142822	0.00394582	0.993102	0.993102	5.16609e-21	0.991419	0.991843	0.991841	0.00248441	0.00042378	1.04785e-06	0.00388046	0.0042496	0.991842	0.99142	0.00139318	0.00238517	0.0023111	0.00139324	0.00194474	1.01814	1.01814	1.01814	
0.993102	0.993101	0.993102	0.00295235	0.00156558	0.993102	0.993102	0.0014221	0.00395199	0.993102	0.993102	5.11514e-21	0.991843	0.99216	0.992158	0.00248598	0.000317099	7.84072e-07	0.00389265	0.00426016	0.992159	0.991843	0.00138904	0.00239138	0.00231718	0.0013891	0.00183015	1.0145	1.0145	1.0145	
0.993102	0.993101	0.993102	0.00294055	0.00158723	0.993102	0.993102	0.00144427	0.00388631	0.993102	0.993102	5.27212e-21	0.99216	0.992397	0.992395	0.00248671	0.000237274	5.86693e-07	0.00383275	0.00419224	0.992396	0.99216	0.00141202	0.00239576	0.00232159	0.00141207	0.00177267	1.01539	1.01539	1.01539	
0.993102	0.993101	0.993102	0.00293009	0.00159586	0.993102	0.993102	0.00145428	0.0038558	0.993102	0.993102	5.34074e-21	0.992397	0.992574	0.992573	0.00248751	0.000177543	4.39002e-07	0.00380288	0.00415909	0.992573	0.992397	0.00142315	0.00240036	0.00232592	0.0014232	0.00172258	1.01215	1.01215	1.01215	
0.993102	0.993101	0.993102	0.00292138	0.0016294	0.993102	0.993102	0.0014868	0.0037746	0.993102	0.993102	5.58576e-21	0.992574	0.992707	0.992706	0.00248808	0.000132849	3.2849e-07	0.00372142	0.00407022	0.992706	0.992575	0.00145621	0.00240439	0.00232964	0.00145626	0.00171156	1.01338	1.01338	1.01338	
0.993102	0.993101	0.993102	0.00291295	0.00164362	0.993101	0.993102	0.00150157	0.00373852	0.993102	0.993102	5.69523e-21	0.992707	0.992807	0.992805	0.00248892	9.94063e-05	2.45798e-07	0.00368021	0.00402724	0.992806	0.992708	0.0014721	0.00240921	0.00233376	0.00147215	0.00169309	1.01529	1.01529	1.01529	
0.993102	0.993101	0.993102	0.00290567	0.00163819	0.993102	0.993102	0.00149811	0.00374824	0.993102	0.993102	5.66639e-21	0.992807	0.992881	0.99288	0.00248959	7.43821e-05	1.83923e-07	0.00368317	0.00403299	0.99288	0.992807	0.00146994	0.0024136	0.00233744	0.00146998	0.00166384	1.01029	1.01028	1.01029	
0.993102	0.993101	0.993102	0.0029002	0.00167699	0.993101	0.993102	0.00153495	0.00366494	0.993102	0.993102	5.95556e-21	0.992881	0.992937	0.992935	0.0024898	5.56574e-05	1.37624e-07	0.00359724	0.00394042	0.992936	0.992881	0.00150696	0.00241666	0.00234004	0.00150701	0.00168366	1.01062	1.01062	1.01062	
0.993102	0.993101	0.993102	0.00289421	0.00170265	0.993101	0.993102	0.00155981	0.00361111	0.993102	0.993102	6.15178e-21	0.992937	0.992978	0.992977	0.00249044	4.16464e-05	1.0298e-07	0.00353659	0.00387722	0.992977	0.992937	0.00153263	0.00242089	0.0023434	0.00153267	0.00169558	1.00529	1.00529	1.00529	
0.993102	0.993101	0.993102	0.00288842	0.00177182	0.993101	0.993102	0.00162464	0.00348488	0.993102	0.993102	6.70357e-21	0.992978	0.99301	0.993008	0.00249113	3.11625e-05	7.70572e-08	0.00340479	0.00373622	0.993009	0.992978	0.0015978	0.00242533	0.00234685	0.00159785	0.00175342	1.00488	1.00488	1.00488	
0.993102	0.993101	0.993102	0.00288117	0.00182693	0.993101	0.993102	0.00167694	0.00338814	0.993102	0.993102	7.15603e-21	0.99301	0.993033	0.993032	0.00249233	2.33178e-05	5.76602e-08	0.00329698	0.00362388	0.993032	0.99301	0.00165139	0.00243185	0.0023517	0.00165144	0.00180065	1.00445	1.00444	1.00445	
0.993102	0.993101	0.993102	0.0028734	0.00187195	0.993101	0.993102	0.00172018	0.00331214	0.993102	0.993102	7.53625e-21	0.993033	0.99305	0.993049	0.00249364	1.74478e-05	4.31462e-08	0.00320734	0.00353251	0.993049	0.993033	0.00169637	0.00243924	0.0023571	0.00169642	0.00184028	1.00425	1.00425	1.00425	
0.993102	0.993101	0.993101	0.00286566	0.00190709	0.993101	0.993102	0.00175442	0.00325481	0.993102	0.993102	7.84076e-21	0.99305	0.993063	0.993062	0.00249485	1.30556e-05	3.22859e-08	0.00313536	0.00346085	0.993062	0.99305	0.00173252	0.00244681	0.00236256	0.00173257	0.00187184	1.00224	1.00224	1.00224	
0.993102	0.993101	0.993101	0.00285835	0.00195369	0.993101	0.993102	0.00179926	0.00318326	0.993102	0.993102	8.2555e-21	0.993063	0.993073	0.993072	0.00249587	9.76902e-06	2.41595e-08	0.00305101	0.00337496	0.993072	0.993063	0.00177911	0.00245404	0.00236774	0.00177916	0.00191574	1.00073	1.00073	1.00073	
0.993102	0.993101	0.993101	0.00285101	0.00200408	0.993101	0.993102	0.00184775	0.00310994	0.993102	0.993102	8.71761e-21	0.993073	0.99308	0.993079	0.0024968	7.3098e-06	1.80789e-08	0.00296505	0.00328732	0.993079	0.993073	0.00182943	0.00246149	0.00237302	0.00182948	0.00196432	1.00257	1.00257	1.00257	
0.993102	0.993101	0.993101	0.00284359	0.00202168	0.993101	0.993102	0.00186605	0.00308484	0.993102	0.993102	8.88644e-21	0.99308	0.993086	0.993085	0.00249765	5.46966e-06	1.3529e-08	0.00292402	0.00325006	0.993085	0.99308	0.00184984	0.00246921	0.00237843	0.00184989	0.00198155	1.00207	1.00206	1.00207	
0.993102	0.993101	0.993101	0.0028372	0.00203986	0.993101	0.993102	0.00188469	0.00305941	0.993102	0.993102	9.06172e-21	0.993086	0.99309	0.993089	0.00249818	4.09275e-06	1.01245e-08	0.00288541	0.00321417	0.993089	0.993086	0.00187021	0.00247575	0.00238299	0.00187026	0.00199962	0.998381	0.998379	0.998381	
0.993102	0.993101	0.993101	0.00283163	0.00209339	0.993101	0.993102	0.00193598	0.00298803	0.993102	0.993102	9.57701e-21	0.99309	0.993093	0.993092	0.00249849	3.06246e-06	7.57706e-09	0.0028063	0.00313182	0.993092	0.99309	0.00192282	0.00248143	0.00238694	0.00192287	0.00205258	0.945678	0.945676	0.945677	
0.993102	0.993101	0.993101	0.00282556	0.0031847	0.993101	0.993102	0.00295137	0.00248068	0.993102	0.993102	3.0219e-20	0.993093	0.993095	0.993094	0.00249887	2.29153e-06	5.67337e-09	0.00232508	0.00259717	0.993094	0.993093	0.00293684	0.00248789	0.00239138	0.00293691	0.00312555	0.945852	0.94585	0.945852	
0.993102	0.993101	0.993101	0.00279972	0.00396329	0.993101	0.993102	0.00370613	0.00211508	0.993102	0.993102	4.57351e-20	0.993095	0.993097	0.993096	0.00249359	1.71467e-06	4.24898e-09	0.0019521	0.00219796	0.993096	0.993095	0.00370555	0.0025265	0.00241337	0.00370562	0.0039229	0.958548	0.958547	0.958548	
0.993102	0.993101	0.993101	0.00276454	0.00417432	0.993101	0.993102	0.00393719	0.00192914	0.993102	0.993102	4.82322e-20	0.993097	0.993098	0.993098	0.00248448	1.28303e-06	3.18235e-09	0.00172196	0.00197258	0.993097	0.993097	0.00395271	0.00258106	0.00244393	0.00395277	0.00416603	0.936969	0.936967	0.936968	
0.993102	0.993101	0.9931	0.00273174	0.00496995	0.9931	0.993102	0.00473507	0.00167151	0.993102	0.993102	6.94046e-20	0.993098	0.993099	0.993099	0.00247599	9.60048e-07	2.38587e-09	0.00145585	0.00168894	0.993098	0.993098	0.00477658	0.00263059	0.00247212	0.00477664	0.00500713	0.919793	0.919791	0.919792	
0.993102	0.993101	0.9931	0.00269253	0.00627198	0.9931	0.993102	0.00605967	0.00141858	0.993102	0.993102	1.18454e-19	0.993099	0.9931	0.9931	0.00246219	7.18375e-07	1.7919e-09	0.00120247	0.00141473	0.993099	0.993099	0.00614407	0.00269395	0.00250691	0.00614412	0.00640291	0.919054	0.919053	0.919054	
0.993102	0.993101	0.993099	0.00264212	0.00721484	0.9931	0.993102	0.00708988	0.00123667	0.993102	0.993102	1.57444e-19	0.9931	0.993101	0.9931	0.00243777	5.3754e-07	1.34774e-09	0.00100268	0.00120722	0.993099	0.9931	0.00721823	0.00278424	0.00255395	0.00721826	0.00748641	0.926359	0.926358	0.926359	
0.993102	0.993101	0.993099	0.00258818	0.00753431	0.9931	0.993102	0.00751865	0.00113701	0.993102	0.993102	1.69319e-19	0.993101	0.993101	0.993101	0.00240732	4.02227e-07	1.01457e-09	0.000862312	0.00107514	0.9931	0.993101	0.00767716	0.00288553	0.00260574	0.00767716	0.00793419	0.882246	0.882245	0.882245	
0.993102	0.993101	0.993098	0.00254011	0.0106886	0.993099	0.993102	0.010914	0.000939914	0.993102	0.993102	4.27721e-19	0.993101	0.993101	0.993101	0.0023782	3.00986e-07	7.74027e-10	0.00069049	0.000875551	0.9931	0.993101	0.0111848	0.00297499	0.00265185	0.0111847	0.0114993	0.882897	0.882896	0.882896	
0.993102	0.993101	0.993097	0.00246132	0.0126591	0.993098	0.993102	0.0133926	0.000806647	0.993102	0.993102	6.14211e-19	0.993101	0.993102	0.993101	0.00231712	2.2523e-07	5.94815e-10	0.000554211	0.000727063	0.9931	0.993101	0.0137613	0.00315935	0.0027385	0.0137611	0.0140964	0.865861	0.865859	0.86586	
0.993102	0.993101	0.993096	0.00237222	0.0156604	0.993098	0.993102	0.0173181	0.00068415	0.993102	0.993102	1.04171e-18	0.993102	0.993102	0.993101	0.00224006	1.6855e-07	4.67986e-10	0.000437908	0.000595112	0.9931	0.993102	0.0178319	0.0033865	0.00284365	0.0178315	0.0182011	0.863224	0.863222	0.863222	
0.993102	0.993101	0.993095	0.00226264	0.0177421	0.993097	0.993102	0.0206519	0.000599921	0.993102	0.993102	1.42679e-18	0.993102	0.993102	0.993102	0.00213517	1.2614e-07	3.75865e-10	0.000345364	0.000493667	0.9931	0.993102	0.0212917	0.00371054	0.0029891	0.0212911	0.0216736	0.847257	0.847255	0.847255	
0.993102	0.993101	0.993094	0.00214649	0.0209616	0.993097	0.993102	0.0259416	0.000520279	0.993102	0.993102	2.293e-18	0.993102	0.993102	0.993102	0.00201541	9.4415e-08	3.18182e-10	0.000269192	0.000404462	0.9931	0.993102	0.0267591	0.00408908	0.00315865	0.0267582	0.0271694	0.858738	0.858736	0.858736	
0.993102	0.993101	0.993094	0.0020116	0.0212166	0.993097	0.993102	0.0278392	0.000495928	0.993102	0.993102	2.48935e-18	0.993102	0.993102	0.993102	0.0018676	7.06711e-08	2.69467e-10	0.000211684	0.000346662	0.9931	0.993102	0.0287192	0.00461678	0.00338961	0.0287182	0.0291138	0.85815	0.858149	0.858148	
0.993102	0.993101	0.993094	0.00189331	0.0212532	0.993098	0.993102	0.0293776	0.000481147	0.993102	0.993102	2.65292e-18	0.993102	0.993102	0.993102	0.00173081	5.29055e-08	2.33635e-10	0.000167719	0.00030278	0.9931	0.993102	0.0302892	0.00508045	0.00360247	0.0302882	0.030669	0.900174	0.900173	0.900172	
0.993102	0.993101	0.993095	0.00179117	0.0181763	0.993098	0.993102	0.0257519	0.000623173	0.993102	0.993102	2.13192e-18	0.993102	0.993102	0.993102	0.00160744	3.95983e-08	1.88673e-10	0.000145752	0.000326846	0.9931	0.993102	0.02654	0.00547956	0.00379524	0.0265392	0.0268612	0.882504	0.882503	0.882501	
0.993102	0.993101	0.993096	0.00174236	0.0170575	0.993099	0.993102	0.0246136	0.000627525	0.993102	0.993102	1.89149e-18	0.993102	0.993102	0.993102	0.00153993	2.96456e-08	1.59762e-10	0.000126513	0.000314863	0.9931	0.993102	0.0253263	0.00556475	0.00385998	0.0253257	0.0256339	0.892137	0.892136	0.892134	
0.993102	0.993101	0.993096	0.00171431	0.0156837	0.993099	0.993102	0.0228461	0.000656372	0.993102	0.993102	1.61664e-18	0.993102	0.993102	0.993102	0.00149661	2.21955e-08	1.34548e-10	0.000117289	0.000320745	0.9931	0.993102	0.023477	0.00556409	0.00388547	0.0234765	0.0237636	0.923229	0.923228	0.923226	
0.993102	0.993101	0.993097	0.00170784	0.0133675	0.993099	0.993102	0.0194939	0.0008175	0.993102	0.993102	1.26765e-18	0.993102	0.993102	0.993102	0.00147877	1.6615e-08	1.08519e-10	0.000134213	0.000398436	0.9931	0.993102	0.0200165	0.00547802	0.00386949	0.0200162	0.0202632	0.900737	0.900736	0.900734	
0.993102	0.993101	0.993097	0.00173377	0.0127265	0.993099	0.993102	0.0183284	0.000797036	0.993102	0.993102	1.09061e-18	0.993102	0.993102	0.993102	0.00149694	1.24429e-08	9.29431e-11	0.000135903	0.000399185	0.9931	0.993102	0.0187852	0.00526962	0.00379249	0.0187851	0.019032	0.915969	0.915967	0.915966	
0.993102	0.993101	0.993098	0.0017642	0.0115855	0.9931	0.993102	0.0164832	0.000838847	0.993102	0.993102	8.93387e-19	0.993102	0.993102	0.993102	0.00152451	9.31823e-09	7.80898e-11	0.00015277	0.000435783	0.9931	0.993102	0.0168764	0.00507279	0.00371462	0.0168765	0.0171061	0.918384	0.918382	0.918381	
0.993102	0.993101	0.993098	0.00180548	0.0107097	0.9931	0.993102	0.0149717	0.000867181	0.993102	0.993102	7.38677e-19	0.993102	0.993102	0.993102	0.00156643	6.9797e-09	6.63842e-11	0.000173391	0.000470035	0.9931	0.993102	0.0153144	0.0048594	0.003624	0.0153145	0.0155315	0.916024	0.916022	0.916021	
0.993102	0.993101	0.993098	0.00185234	0.0102191	0.9931	0.993102	0.0139646	0.000866583	0.993102	0.993102	6.29882e-19	0.993102	0.993102	0.993102	0.00161692	5.23011e-09	5.78582e-11	0.000190718	0.000489146	0.993101	0.993102	0.0142724	0.00464977	0.00353066	0.0142726	0.0144838	0.91694	0.916938	0.916937	
0.993102	0.993101	0.993098	0.00189854	0.009858	0.9931	0.993102	0.0131588	0.000863623	0.993102	0.993102	5.45769e-19	0.993102	0.993102	0.993102	0.0016693	3.92075e-09	5.12439e-11	0.00020806	0.000506117	0.993101	0.993102	0.0134422	0.00446314	0.00344455	0.0134424	0.0136484	0.902883	0.902882	0.902881	
0.993102	0.993101	0.993098	0.00194234	0.0103469	0.9931	0.993102	0.0134197	0.00080497	0.993102	0.993102	5.39142e-19	0.993102	0.993102	0.993102	0.00172101	2.94327e-09	4.87903e-11	0.000207057	0.000484592	0.993101	0.993102	0.013705	0.00430093	0.00336737	0.0137053	0.0139222	0.87419	0.874188	0.874187	
0.993102	0.993101	0.993097	0.00197271	0.012945	0.993099	0.993102	0.0163099	0.000693243	0.993102	0.993102	8.16311e-19	0.993102	0.993102	0.993102	0.00176076	2.21916e-09	5.52174e-11	0.000183322	0.000422314	0.993101	0.993102	0.0166632	0.00419517	0.00331466	0.0166636	0.0169276	0.88869	0.888688	0.888687	
0.993102	0.993101	0.993097	0.00196583	0.0133855	0.993099	0.993102	0.0169216	0.000654605	0.993102	0.993102	8.42651e-19	0.993102	0.993102	0.993102	0.00176293	1.67318e-09	5.60545e-11	0.000169279	0.000395843	0.993101	0.993102	0.0173053	0.0042313	0.00332426	0.0173057	0.0175697	1.06914	1.06914	1.06914	
0.993102	0.993101	0.993098	0.00195423	0.0101162	0.9931	0.993102	0.0127919	0.00551821	0.993102	0.993102	6.30695e-19	0.993102	0.993102	0.993101	0.00175787	1.25232e-09	4.23461e-11	0.00126831	0.00321095	0.993101	0.993102	0.0130825	0.00428233	0.00334244	0.0130828	0.0132821	1.069	1.069	1.069	
0.993102	0.993101	0.993099	0.00204029	0.0076789	0.9931	0.993102	0.00970226	0.00807036	0.993102	0.993102	4.72081e-19	0.993102	0.993102	0.9931	0.00175498	9.37405e-10	3.20644e-11	0.00238073	0.00530885	0.993101	0.993102	0.00991071	0.00407859	0.0032157	0.00991092	0.0100742	1.05608	1.05608	1.05608	
0.993102	0.993101	0.9931	0.00217578	0.00589661	0.993101	0.993102	0.00742855	0.00864246	0.993102	0.993102	3.53489e-19	0.993102	0.993102	0.9931	0.00176494	7.0186e-10	2.44583e-11	0.00309792	0.00622668	0.993101	0.993102	0.00756535	0.00379608	0.00304481	0.00756552	0.00771391	1.07282	1.07281	1.07281	
0.993102	0.993101	0.9931	0.00231879	0.00452546	0.993101	0.993102	0.00567894	0.00977414	0.993102	0.993102	2.64628e-19	0.993102	0.993102	0.993099	0.00179517	5.25483e-10	1.8622e-11	0.00440516	0.00780649	0.993101	0.993102	0.00576668	0.00351907	0.00288168	0.00576682	0.00589781	1.10267	1.10267	1.10267	
0.993102	0.993101	0.993101	0.00247084	0.00345098	0.993101	0.993102	0.00431545	0.0127839	0.993102	0.993102	1.98049e-19	0.993102	0.993102	0.993098	0.0018301	3.93367e-10	1.41054e-11	0.00745288	0.0115169	0.993101	0.993102	0.00437195	0.00325662	0.00272591	0.00437205	0.00448236	1.08569	1.08569	1.08569	
0.993102	0.993101	0.993101	0.00265653	0.00267596	0.993101	0.993102	0.00332164	0.0130867	0.993102	0.993102	1.48263e-19	0.993102	0.993102	0.993098	0.0018461	2.94577e-10	1.07893e-11	0.00879235	0.0126979	0.993101	0.993102	0.00334666	0.00299602	0.00256175	0.00334675	0.00345122	1.07108	1.07107	1.07107	
0.993102	0.993101	0.993101	0.00282279	0.00213083	0.993102	0.993102	0.00260896	0.0123244	0.993102	0.993102	1.11064e-19	0.993102	0.993102	0.993098	0.00187043	2.20733e-10	8.3816e-12	0.00913232	0.0125714	0.993101	0.993102	0.00260442	0.00277836	0.00242557	0.0026045	0.00271265	1.07122	1.07122	1.07122	
0.993102	0.993101	0.993102	0.00295191	0.00172482	0.993102	0.993102	0.00207491	0.0117366	0.993102	0.993102	8.32312e-20	0.993102	0.993102	0.993098	0.00190829	1.65477e-10	6.57478e-12	0.00950481	0.012496	0.993101	0.993102	0.00205027	0.00261022	0.00232418	0.00205033	0.00215962	1.08259	1.08259	1.08259	
0.993102	0.993101	0.993102	0.00305196	0.0013959	0.993102	0.993102	0.00165009	0.0119088	0.993102	0.993102	6.236e-20	0.993102	0.993102	0.993098	0.00195218	1.24067e-10	5.15857e-12	0.0105639	0.0132258	0.993101	0.993102	0.00161595	0.00248069	0.00224886	0.001616	0.00171941	1.08422	1.08422	1.08422	
0.993102	0.993101	0.993102	0.00314033	0.00114747	0.993102	0.993102	0.0013289	0.0120816	0.993102	0.993102	4.67376e-20	0.993102	0.993102	0.993098	0.00199078	9.30731e-11	4.08924e-12	0.0115601	0.0139063	0.993101	0.993102	0.00128806	0.00237411	0.00218646	0.0012881	0.0013867	1.06792	1.06792	1.06792	
0.993102	0.993101	0.993102	0.00321798	0.00100242	0.993102	0.993102	0.00112463	0.0113033	0.993102	0.993102	3.51176e-20	0.993102	0.993102	0.993098	0.0020239	6.99727e-11	3.37533e-12	0.0113512	0.0133179	0.993101	0.993102	0.00107273	0.00228673	0.00213483	0.00107278	0.00117632	1.0685	1.06849	1.06849	
0.993102	0.993101	0.993102	0.00326886	0.000893056	0.993102	0.993102	0.000970098	0.0107663	0.993102	0.993102	2.64218e-20	0.993102	0.993102	0.993098	0.00206159	5.26835e-11	2.83616e-12	0.0112599	0.0129153	0.993101	0.993102	0.000912063	0.00222575	0.00210194	0.000912106	0.00101732	1.04733	1.04733	1.04732	
0.993102	0.993101	0.993102	0.00330214	0.000887414	0.993102	0.993102	0.000921985	0.00958077	0.993102	0.993102	2.01118e-20	0.993102	0.993102	0.993099	0.00209903	3.99176e-11	2.59487e-12	0.0102608	0.0116057	0.993101	0.993102	0.000851252	0.00218292	0.0020812	0.0008513	0.000970557	1.05608	1.05608	1.05608	
0.993102	0.993101	0.993102	0.00330895	0.000848305	0.993102	0.993102	0.000854389	0.00902468	0.993102	0.993102	1.52953e-20	0.993102	0.993102	0.993099	0.00214215	3.02853e-11	2.33808e-12	0.00986734	0.0109955	0.993101	0.993102	0.000782046	0.00216271	0.00207735	0.000782095	0.000901957	1.02698	1.02697	1.02697	
0.993102	0.993101	0.993102	0.00330616	0.000964913	0.993102	0.993102	0.000933561	0.00780236	0.993102	0.993102	1.22432e-20	0.993102	0.993102	0.993099	0.00218206	2.34062e-11	2.45842e-12	0.00861581	0.00952436	0.993101	0.993102	0.000847648	0.00215234	0.00207957	0.000847708	0.000989264	1.02889	1.02889	1.02889	
0.993102	0.993101	0.993102	0.00328272	0.00103927	0.993102	0.993102	0.000981788	0.00695974	0.993102	0.993102	9.91886e-21	0.993102	0.993102	0.9931	0.00222568	1.82304e-11	2.5235e-12	0.00772007	0.00847376	0.993101	0.993102	0.000893141	0.00215992	0.00209505	0.000893213	0.0010428	1.02825	1.02825	1.02825	
0.993102	0.993101	0.993102	0.00325019	0.00109851	0.993102	0.993102	0.00102164	0.00633659	0.993102	0.993102	8.21206e-21	0.993102	0.993102	0.9931	0.00226753	1.43663e-11	2.58232e-12	0.00702894	0.00767005	0.993101	0.993102	0.000934949	0.00217628	0.0021163	0.000935031	0.00108674	0.998085	0.998079	0.998081	
0.993102	0.993101	0.993102	0.00321442	0.00140712	0.993102	0.993102	0.001289	0.0053692	0.993102	0.993102	8.81722e-21	0.993102	0.993102	0.9931	0.00230539	1.20752e-11	3.2035e-12	0.00594365	0.00646769	0.993101	0.993102	0.00119272	0.00219663	0.00213951	0.00119288	0.00137282	0.977806	0.9778	0.977802	
0.993102	0.993101	0.993102	0.00316753	0.00192441	0.993101	0.993102	0.00175115	0.0044495	0.993102	0.993102	1.27251e-20	0.993102	0.993102	0.993101	0.0023419	1.1022e-11	4.31732e-12	0.00489594	0.00532525	0.993101	0.993102	0.00164592	0.00222962	0.00217074	0.00164618	0.00186588	0.993427	0.993422	0.993424	
0.993102	0.993101	0.993101	0.00311035	0.00207177	0.993101	0.993102	0.00188691	0.0039421	0.993102	0.993102	1.28597e-20	0.993102	0.993102	0.993101	0.00237438	9.69929e-12	4.65145e-12	0.00425817	0.00464744	0.993101	0.993102	0.00179354	0.00227695	0.00221004	0.0017938	0.00201034	1.01013	1.01012	1.01013	
0.993102	0.993101	0.993101	0.00305646	0.00200119	0.993101	0.993102	0.00182549	0.00381822	0.993102	0.993102	1.13492e-20	0.993102	0.993102	0.993101	0.00240204	8.29698e-12	4.50209e-12	0.00400819	0.00440109	0.993101	0.993102	0.00174876	0.00232205	0.00224702	0.00174902	0.00194432	0.918361	0.918356	0.918357	
0.993102	0.993101	0.993101	0.00301367	0.0042977	0.9931	0.993102	0.00393848	0.00299599	0.993102	0.993102	7.64187e-20	0.993102	0.993102	0.993101	0.00242358	1.27237e-11	9.76945e-12	0.00313106	0.00344084	0.993101	0.993102	0.0038422	0.00235567	0.00227542	0.00384278	0.00418768	0.806435	0.806428	0.806431	
0.993102	0.993101	0.993092	0.00293917	0.0263075	0.993092	0.993102	0.0251779	0.00225824	0.993102	0.993102	6.12694e-18	0.993102	0.993102	0.993101	0.00242499	7.04101e-11	7.022e-11	0.00235519	0.00259039	0.993101	0.993102	0.0251096	0.00244882	0.0023325	0.0251138	0.0266138	0.639386	0.639376	0.639381	
0.993102	0.993101	0.992922	0.00263921	0.182787	0.993024	0.993102	0.20237	0.00169117	0.993102	0.993102	4.91255e-15	0.993102	0.993102	0.993102	0.00222578	1.74644e-09	2.81638e-09	0.00176242	0.00193885	0.993101	0.993102	0.202973	0.00347979	0.00272156	0.202979	0.206258	0.516598	0.51658	0.516593	
0.993102	0.993101	0.992909	0.00198727	0.233257	0.993044	0.993102	0.393936	0.00136198	0.993102	0.993102	6.74074e-13	0.993101	0.993102	0.993102	0.00167334	3.11853e-08	7.43076e-07	0.00131876	0.00145082	0.992744	0.993102	0.394521	0.212967	0.0321953	0.394519	0.397207	0.483907	0.483873	0.483893	
0.993102	0.993101	0.992955	0.00148726	0.180841	0.993059	0.993102	0.540866	0.00725772	0.993102	0.993102	2.96798e-12	0.9931	0.993102	0.993102	0.00125211	9.89531e-07	4.51683e-06	0.000986778	0.00108562	0.990169	0.993102	0.54135	0.408986	0.240166	0.541347	0.543458	0.482513	0.48244	0.482492	
0.993102	0.993101	0.992992	0.00111288	0.135665	0.99307	0.993102	0.650953	0.0373832	0.993102	0.993102	4.51473e-12	0.993093	0.993102	0.993102	0.000936906	5.43164e-05	4.82179e-06	0.00073837	0.000812353	0.990577	0.993101	0.650859	0.555967	0.427391	0.650861	0.652994	0.569645	0.569595	0.569622	
0.993102	0.9931	0.99302	0.000832729	0.10152	0.993078	0.993102	0.717176	0.184595	0.993102	0.993102	3.41638e-12	0.993095	0.993102	0.993102	0.000701052	0.000249717	3.71101e-06	0.000552495	0.000607987	0.991158	0.992984	0.69908	0.665978	0.569329	0.699107	0.719086	0.734245	0.734174	0.734222	
0.993102	0.992705	0.99304	0.000623116	0.0759638	0.993084	0.993102	0.612071	0.342772	0.993102	0.993102	2.55636e-12	0.993097	0.993102	0.993102	0.000524572	0.000244777	2.77876e-06	0.000413412	0.000458489	0.991634	0.991374	0.525801	0.748014	0.673645	0.525826	0.614303	0.745704	0.74564	0.745679	
0.993102	0.875758	0.993056	0.000469165	0.0568414	0.993088	0.993102	0.522126	0.260803	0.993102	0.993102	1.91283e-12	0.993098	0.993102	0.993102	0.000392518	0.000192541	2.08018e-06	0.000309341	0.000347522	0.991999	0.991784	0.39353	0.737668	0.591849	0.393548	0.524338	0.783158	0.78307	0.783133	
0.993102	0.897328	0.993068	0.000354451	0.0425335	0.993092	0.993102	0.425847	0.200443	0.993102	0.993102	1.4313e-12	0.993099	0.993102	0.993102	0.000293707	0.000145149	1.55682e-06	0.000231469	0.000269426	0.992274	0.992115	0.294688	0.699371	0.521788	0.294702	0.42774	0.791514	0.783206	0.791492	
0.993102	0.920912	0.993076	0.000272149	0.0318333	0.993094	0.993102	0.349112	0.152713	0.993102	0.993102	1.07099e-12	0.9931	0.993102	0.993102	0.00021977	0.000108818	1.1651e-06	0.0001732	0.000212672	0.992481	0.992364	0.221136	0.609506	0.436344	0.221261	0.346527	0.79479	0.783672	0.79477	
0.993102	0.939015	0.993083	0.000215969	0.0238503	0.993096	0.993102	0.290025	0.11567	0.993102	0.993102	8.01384e-13	0.9931	0.993102	0.993102	0.000164446	8.14795e-05	8.71951e-07	0.000129599	0.000170936	0.992637	0.99255	0.167001	0.504107	0.354462	0.167473	0.283014	0.731534	0.719306	0.731516	
0.993102	0.952616	0.993088	0.000180721	0.0181982	0.993097	0.993102	0.295995	0.0867742	0.993102	0.993102	5.99662e-13	0.993101	0.993102	0.993102	0.00012305	6.104e-05	6.52889e-07	9.69742e-05	0.000131232	0.992753	0.992689	0.13592	0.406059	0.283971	0.139146	0.278387	0.666118	0.655468	0.666101	
0.993102	0.962803	0.993091	0.000144733	0.014768	0.993097	0.993102	0.379226	0.0650346	0.993102	0.993102	4.49069e-13	0.993101	0.993102	0.993102	9.20754e-05	4.5999e-05	4.89988e-07	7.25623e-05	9.90949e-05	0.992841	0.992793	0.159746	0.351251	0.247476	0.172196	0.35358	0.589844	0.580107	0.589829	
0.993102	0.970428	0.993094	0.000109462	0.0120516	0.993097	0.993102	0.505564	0.0488333	0.993102	0.993102	3.47676e-13	0.993089	0.993102	0.993102	6.88967e-05	4.27216e-05	3.7289e-07	5.42957e-05	7.43444e-05	0.992906	0.992871	0.290095	0.423012	0.327798	0.309584	0.481213	0.54249	0.534621	0.542477	
0.993102	0.976135	0.993096	8.19736e-05	0.00922462	0.993098	0.993102	0.616555	0.0375791	0.993102	0.993102	3.63263e-13	0.992868	0.993102	0.993102	5.15529e-05	0.000304081	2.94292e-07	4.06275e-05	5.57049e-05	0.992955	0.992929	0.438182	0.558254	0.484854	0.456552	0.596472	0.488203	0.482377	0.488191	
0.993102	0.980405	0.993098	6.13437e-05	0.00696898	0.993099	0.993102	0.707256	0.0317499	0.993102	0.993102	1.35854e-12	0.986801	0.993102	0.993102	3.85752e-05	0.00755057	2.62975e-07	3.04001e-05	4.17075e-05	0.992992	0.992943	0.56937	0.666939	0.611859	0.584024	0.691741	0.555429	0.547465	0.555418	
0.993102	0.983601	0.993099	4.59021e-05	0.00521746	0.9931	0.993102	0.764227	0.0937487	0.993102	0.993102	1.10311e-12	0.98826	0.993102	0.993102	2.88644e-05	0.018163	2.07435e-07	2.27473e-05	3.13062e-05	0.993019	0.991895	0.649205	0.748927	0.707695	0.663757	0.750232	0.603298	0.595299	0.603288	
0.993102	0.985985	0.9931	3.43478e-05	0.00390438	0.993101	0.993102	0.786239	0.187523	0.993102	0.993102	8.29107e-13	0.989472	0.993102	0.993102	2.15982e-05	0.0289605	1.59169e-07	1.7021e-05	2.36804e-05	0.99304	0.981966	0.605837	0.810258	0.779391	0.626728	0.770634	0.672579	0.664157	0.672571	
0.993102	0.987468	0.9931	2.57051e-05	0.00292156	0.993101	0.993102	0.738582	0.253504	0.993102	0.993102	6.20426e-13	0.990385	0.993102	0.993102	1.61611e-05	0.0280886	1.20064e-07	1.27362e-05	1.87388e-05	0.993055	0.961441	0.461881	0.8557	0.832556	0.47902	0.716708	0.73217	0.723149	0.732162	
0.993102	0.984735	0.993101	1.92721e-05	0.00218614	0.993101	0.993102	0.631142	0.244151	0.993102	0.993102	4.64243e-13	0.991069	0.993102	0.993102	1.20928e-05	0.0218111	9.01262e-08	9.53001e-06	1.73785e-05	0.993067	0.965646	0.346325	0.884599	0.866948	0.359291	0.605433	0.785376	0.776421	0.785368	
0.993102	0.983965	0.993101	1.46905e-05	0.00163594	0.993101	0.993102	0.506355	0.207811	0.993102	0.993102	3.47376e-13	0.991581	0.993102	0.993102	9.04859e-06	0.0163529	6.75357e-08	7.13096e-06	2.27318e-05	0.993075	0.972505	0.259441	0.875937	0.861372	0.269202	0.482192	0.816291	0.807391	0.816281	
0.993102	0.985585	0.993101	1.25747e-05	0.00122497	0.993102	0.993102	0.398495	0.163933	0.993102	0.993102	2.59929e-13	0.991964	0.993102	0.993102	6.77073e-06	0.0122378	5.05865e-08	5.33583e-06	3.50604e-05	0.993082	0.97769	0.194463	0.780633	0.767714	0.201832	0.377437	0.729773	0.721771	0.729739	
0.993102	0.987355	0.993102	1.50978e-05	0.000958138	0.993101	0.993102	0.379314	0.123084	0.993102	0.993102	1.94501e-13	0.99225	0.993102	0.993102	5.06629e-06	0.00915802	3.81431e-08	3.99261e-06	2.94334e-05	0.993087	0.98157	0.14995	0.638269	0.627626	0.156222	0.355091	0.802442	0.794061	0.802409	
0.993102	0.988778	0.993102	1.49856e-05	0.000731194	0.993101	0.993102	0.309071	0.094841	0.993102	0.993102	1.45539e-13	0.992465	0.993102	0.993102	3.79094e-06	0.00685276	2.86088e-08	2.98753e-06	3.57082e-05	0.99309	0.984473	0.114572	0.552055	0.543162	0.119694	0.287407	0.856291	0.847406	0.856262	
0.993102	0.989859	0.993102	1.97568e-05	0.000566909	0.993102	0.993102	0.240478	0.0744499	0.993102	0.993102	1.08902e-13	0.992625	0.993102	0.993102	2.8371e-06	0.00512768	2.14299e-08	2.2356e-06	6.68893e-05	0.993093	0.986645	0.0871557	0.451634	0.444544	0.0912647	0.222821	0.865196	0.857243	0.865153	
0.993102	0.990672	0.993102	3.71901e-05	0.000489484	0.993102	0.993102	0.187697	0.0572734	0.993102	0.993102	8.14873e-14	0.992745	0.993102	0.993102	2.13393e-06	0.00383686	1.60543e-08	1.67551e-06	9.80548e-05	0.993095	0.988271	0.067006	0.354136	0.348686	0.0703885	0.173383	0.842016	0.834638	0.841957	
0.993102	0.991282	0.993102	7.35256e-05	0.000664449	0.993101	0.993102	0.152556	0.0433345	0.993102	0.993102	6.09745e-14	0.992835	0.993102	0.993102	1.72352e-06	0.00287099	1.20432e-08	1.26789e-06	0.000103579	0.993097	0.989487	0.0541151	0.273186	0.269049	0.0572721	0.140273	0.819734	0.813248	0.819661	
0.993102	0.991739	0.993102	0.000124943	0.00143601	0.993101	0.993102	0.132552	0.0326236	0.993102	0.993102	4.56267e-14	0.992902	0.993102	0.993102	1.96415e-06	0.00214826	9.05907e-09	9.8627e-07	9.68645e-05	0.993098	0.990397	0.0485601	0.209858	0.206707	0.0520116	0.121314	0.884665	0.878856	0.884607	
0.993102	0.992082	0.993102	0.000177868	0.0014579	0.993101	0.993102	0.104483	0.0250139	0.993102	0.993102	3.4141e-14	0.992953	0.993102	0.993102	3.33706e-06	0.00160746	6.79174e-09	1.04405e-06	0.000143478	0.993099	0.991078	0.0391239	0.161637	0.159162	0.0420491	0.0955199	0.876409	0.870217	0.876349	
0.993102	0.992338	0.993102	0.000260379	0.00188324	0.993101	0.993102	0.0844007	0.0190595	0.993102	0.993102	2.55467e-14	0.99299	0.993102	0.993102	9.24814e-06	0.0012028	5.09753e-09	1.57308e-06	0.000167617	0.993099	0.991588	0.0330882	0.124028	0.122095	0.0357761	0.077011	0.741472	0.735601	0.741388	
0.993102	0.99253	0.993097	0.00036421	0.0179291	0.993091	0.993102	0.131828	0.014279	0.993102	0.993102	1.91786e-14	0.993018	0.993102	0.993102	2.3992e-05	0.000900016	4.04653e-09	1.296e-06	0.000129484	0.9931	0.991969	0.0762154	0.0951527	0.0936282	0.083263	0.12093	0.498292	0.492591	0.498219	
0.993102	0.992674	0.992841	0.000332418	0.208532	0.992843	0.993102	0.343635	0.010685	0.993102	0.993102	1.17477e-12	0.99066	0.993102	0.993102	2.18395e-05	0.000673768	4.43929e-08	9.6985e-07	9.69198e-05	0.9931	0.992254	0.300439	0.0801494	0.0763977	0.306413	0.334935	0.456352	0.450449	0.456286	
0.993102	0.992781	0.992898	0.000249542	0.182597	0.992909	0.993102	0.504941	0.00876332	0.993102	0.993102	7.57597e-12	0.99126	0.993102	0.993102	1.63814e-05	0.000505288	4.36579e-06	7.25704e-07	7.25351e-05	0.992099	0.992468	0.472115	0.307986	0.221924	0.476873	0.498167	0.427399	0.424226	0.427365	
0.993102	0.992862	0.992949	0.000186754	0.138714	0.992957	0.993102	0.626599	0.0127607	0.993102	0.993102	2.66149e-11	0.991504	0.993102	0.993102	1.22576e-05	0.000458884	7.87656e-06	5.43018e-07	5.42829e-05	0.991996	0.992627	0.601808	0.480327	0.411211	0.605453	0.621453	0.461737	0.458284	0.461701	
0.993102	0.992922	0.992987	0.000139744	0.103888	0.992994	0.993102	0.716433	0.0549961	0.993102	0.993102	2.48326e-11	0.991742	0.993102	0.993102	9.17193e-06	0.00145935	6.85936e-06	4.0632e-07	4.0633e-05	0.992213	0.992703	0.697192	0.609381	0.557225	0.700118	0.712414	0.504887	0.500859	0.504851	
0.993102	0.992965	0.993016	0.000104566	0.0777418	0.993021	0.993102	0.780404	0.14298	0.993102	0.993102	1.89614e-11	0.992035	0.993102	0.993102	6.86302e-06	0.00674966	5.33581e-06	3.04035e-07	3.04398e-05	0.992421	0.991233	0.755395	0.705955	0.66677	0.758749	0.776941	0.590924	0.585946	0.590888	
0.993102	0.99294	0.993038	7.82451e-05	0.0581717	0.993041	0.993102	0.805237	0.254305	0.993102	0.993102	1.41903e-11	0.992302	0.993102	0.993102	5.13535e-06	0.0112921	4.01416e-06	2.27498e-07	2.29761e-05	0.992587	0.972841	0.641847	0.778179	0.748627	0.649697	0.800049	0.653925	0.648291	0.653891	
0.993102	0.988067	0.993054	5.85581e-05	0.0435278	0.993057	0.993102	0.774093	0.285404	0.993102	0.993102	1.06181e-11	0.992504	0.993102	0.993102	3.84259e-06	0.012842	3.00779e-06	1.70229e-07	1.78941e-05	0.992715	0.932819	0.483607	0.831767	0.808528	0.489871	0.76408	0.660741	0.65574	0.660712	
0.993102	0.972706	0.993066	4.38523e-05	0.0325704	0.993068	0.993102	0.743288	0.246028	0.993102	0.993102	7.94514e-12	0.992654	0.993102	0.993102	2.87527e-06	0.012348	2.25331e-06	1.27376e-07	1.41938e-05	0.992811	0.933102	0.363439	0.869997	0.849379	0.36829	0.730118	0.672046	0.66682	0.672018	
0.993102	0.974242	0.993075	3.28428e-05	0.0243713	0.993077	0.993102	0.707094	0.222083	0.993102	0.993102	5.94507e-12	0.992767	0.993102	0.993102	2.15146e-06	0.0107225	1.6878e-06	9.53107e-08	1.1629e-05	0.992883	0.943673	0.274695	0.898488	0.880815	0.278624	0.690972	0.694099	0.688155	0.694073	
0.993102	0.977636	0.993082	2.46131e-05	0.0182364	0.993083	0.993102	0.652838	0.205681	0.993102	0.993102	4.44849e-12	0.992851	0.993102	0.993102	1.60986e-06	0.00857816	1.26386e-06	7.13175e-08	1.02688e-05	0.992938	0.955036	0.208396	0.918563	0.903051	0.211691	0.6334	0.709667	0.703309	0.709643	
0.993102	0.980838	0.993087	1.84981e-05	0.013646	0.993088	0.993102	0.592976	0.178104	0.993102	0.993102	3.32865e-12	0.992915	0.993102	0.993102	1.2046e-06	0.00657552	9.46314e-07	5.33643e-08	9.82334e-06	0.992979	0.964495	0.158834	0.928494	0.913205	0.161688	0.570823	0.718705	0.712246	0.718679	
0.993102	0.983696	0.993091	1.3996e-05	0.0102119	0.993092	0.993102	0.537389	0.147761	0.993102	0.993102	2.49071e-12	0.992962	0.993102	0.993102	9.01359e-07	0.00496365	7.08558e-07	3.99305e-08	9.91386e-06	0.993009	0.971685	0.123028	0.926973	0.910484	0.12573	0.51341	0.731213	0.725136	0.731188	
0.993102	0.985995	0.993094	1.07286e-05	0.00764367	0.993094	0.993102	0.481661	0.121144	0.993102	0.993102	1.86372e-12	0.992997	0.993102	0.993102	6.74454e-07	0.00372595	5.30526e-07	2.98786e-08	1.07101e-05	0.993032	0.977075	0.0979849	0.91371	0.895592	0.100754	0.457306	0.738205	0.732673	0.738183	
0.993102	0.98776	0.993096	8.48593e-06	0.00572613	0.993096	0.993102	0.432578	0.0971439	0.993102	0.993102	1.39456e-12	0.993024	0.993102	0.993102	5.04669e-07	0.0027915	3.97253e-07	2.23571e-08	1.18e-05	0.99305	0.98111	0.0819961	0.88273	0.862729	0.0850466	0.408834	0.779973	0.775053	0.779955	
0.993102	0.989095	0.993097	7.10616e-06	0.00429235	0.993098	0.993102	0.361098	0.0812382	0.993102	0.993102	1.0435e-12	0.993043	0.993102	0.993102	3.77629e-07	0.00208937	2.97367e-07	1.67292e-08	1.75585e-05	0.993063	0.984129	0.0675014	0.834206	0.813076	0.0704039	0.340319	0.611214	0.60755	0.611196	
0.993102	0.990098	0.993099	7.61585e-06	0.00414795	0.993097	0.993102	0.479512	0.060882	0.993102	0.993102	7.8398e-13	0.993054	0.993102	0.993102	2.82642e-07	0.00156751	2.25823e-07	1.2518e-08	1.34371e-05	0.993072	0.986388	0.176299	0.729517	0.708555	0.183065	0.46142	0.673205	0.668857	0.673187	
0.993102	0.990852	0.993099	5.84193e-06	0.00312923	0.993098	0.993102	0.508362	0.0507378	0.993102	0.993102	5.87028e-13	0.993066	0.993102	0.993102	2.11492e-07	0.00118584	1.69932e-07	9.36675e-09	1.10863e-05	0.993079	0.988078	0.208356	0.776099	0.758865	0.218124	0.489583	0.738926	0.734271	0.738909	
0.993102	0.991417	0.9931	4.43698e-06	0.00234533	0.993099	0.993102	0.451819	0.0741864	0.993102	0.993102	4.39287e-13	0.993075	0.993102	0.993102	1.58252e-07	0.000893676	1.27406e-07	7.0088e-09	1.21364e-05	0.993085	0.989342	0.18755	0.82107	0.807582	0.19753	0.433132	0.760452	0.755631	0.760437	
0.993102	0.991837	0.993101	3.64524e-06	0.00176266	0.9931	0.993102	0.389678	0.0678633	0.993102	0.993102	3.28712e-13	0.993082	0.993102	0.993102	1.18417e-07	0.000670064	9.54943e-08	5.24451e-09	1.49887e-05	0.993089	0.990289	0.154255	0.822345	0.810609	0.163048	0.371871	0.827281	0.822202	0.827268	
0.993102	0.992153	0.993101	3.72068e-06	0.00132598	0.993101	0.993102	0.307572	0.0658967	0.993102	0.993102	2.45964e-13	0.993087	0.993102	0.993102	8.8638e-08	0.000501489	7.14968e-08	3.92761e-09	3.36978e-05	0.993092	0.990997	0.119742	0.769239	0.758393	0.126776	0.292797	0.899954	0.894504	0.899942	
0.993102	0.992389	0.993101	7.71647e-06	0.00100069	0.993101	0.993102	0.234076	0.0624222	0.993102	0.993102	1.84046e-13	0.993091	0.993102	0.993102	6.71868e-08	0.000375251	5.35081e-08	3.32013e-09	0.000121365	0.993094	0.991527	0.0906623	0.636154	0.626851	0.0960478	0.222621	0.907316	0.902712	0.907305	
0.993102	0.992566	0.993102	2.57868e-05	0.000780716	0.993101	0.993102	0.17855	0.0505105	0.993102	0.993102	1.37715e-13	0.993094	0.993102	0.993102	6.73533e-08	0.000280787	4.00465e-08	1.10376e-08	0.000202218	0.993096	0.991923	0.068824	0.494162	0.486874	0.0729486	0.169684	0.921726	0.916993	0.921715	
0.993102	0.9927	0.993102	6.7203e-05	0.000656871	0.993101	0.993102	0.136158	0.0399258	0.993102	0.993102	1.03047e-13	0.993096	0.993102	0.993102	2.49952e-07	0.000210103	2.99715e-08	1.13656e-07	0.000299963	0.993097	0.99222	0.0524354	0.377651	0.372083	0.0556145	0.129297	0.718875	0.716031	0.718859	
0.993102	0.9928	0.9931	0.000140926	0.00994106	0.993093	0.993102	0.1953	0.029894	0.993102	0.993102	7.72025e-14	0.993097	0.993102	0.993102	1.48018e-06	0.000157218	2.27841e-08	9.53994e-08	0.000227027	0.993098	0.992442	0.0921777	0.28681	0.282592	0.0969823	0.186958	0.603591	0.601268	0.603572	
0.993102	0.992875	0.993094	0.000128247	0.0344082	0.99308	0.993102	0.3603	0.0223775	0.993102	0.993102	6.94755e-14	0.993093	0.993102	0.993102	1.28489e-06	0.000117792	2.13594e-08	7.14653e-08	0.000170133	0.993099	0.992608	0.260747	0.233683	0.227317	0.266399	0.352703	0.422748	0.420673	0.422704	
0.993102	0.992932	0.993086	9.66855e-05	0.0613471	0.993079	0.993102	0.518481	0.0167566	0.993102	0.993102	1.88042e-11	0.917724	0.993102	0.993102	9.61893e-07	0.000181278	2.77788e-07	5.34749e-08	0.000127311	0.993099	0.992733	0.443364	0.377158	0.340347	0.447664	0.512753	0.380722	0.377909	0.380655	
0.993102	0.992974	0.993089	7.23735e-05	0.0499049	0.993085	0.993102	0.637477	0.0127827	0.993102	0.993102	1.28379e-10	0.774169	0.993102	0.993102	7.19751e-07	0.00312562	1.24844e-06	4.00133e-08	9.52653e-05	0.993097	0.992825	0.581078	0.53092	0.500323	0.584333	0.633165	0.402981	0.399857	0.402918	
0.993102	0.993006	0.993092	5.41568e-05	0.0375828	0.993089	0.993102	0.726248	0.013089	0.993102	0.993102	1.4716e-10	0.719915	0.993102	0.993102	5.38564e-07	0.0262961	1.46476e-06	2.99405e-08	7.12882e-05	0.993096	0.992828	0.683827	0.647128	0.623996	0.686322	0.722975	0.449968	0.445943	0.449887	
0.993102	0.99303	0.993095	4.0524e-05	0.0281378	0.993092	0.993102	0.791509	0.0462711	0.993102	0.993102	1.18006e-10	0.770727	0.993102	0.993102	4.02988e-07	0.0800773	1.25812e-06	2.24034e-08	5.33542e-05	0.993097	0.990583	0.759193	0.734192	0.716849	0.761254	0.788905	0.567718	0.562318	0.567635	
0.993102	0.993047	0.993097	3.03228e-05	0.0210549	0.993095	0.993102	0.823442	0.220678	0.993102	0.993102	8.83372e-11	0.826682	0.993102	0.993102	3.01541e-07	0.0903212	9.54143e-07	1.67636e-08	4.00482e-05	0.993097	0.963029	0.775398	0.79935	0.786358	0.780677	0.819569	0.637054	0.630457	0.636974	
0.993102	0.991812	0.993098	2.26931e-05	0.0157547	0.993097	0.993102	0.80474	0.258777	0.993102	0.993102	6.60996e-11	0.868576	0.993102	0.993102	2.25632e-07	0.0855268	7.16714e-07	1.25436e-08	3.04676e-05	0.993098	0.892333	0.589145	0.847739	0.837818	0.594319	0.795629	0.673841	0.66602	0.673765	
0.993102	0.986771	0.993099	1.69916e-05	0.0117887	0.993098	0.993102	0.751005	0.261146	0.993102	0.993102	4.94599e-11	0.899923	0.993102	0.993102	1.68832e-07	0.071051	5.37482e-07	9.38594e-09	2.38431e-05	0.993099	0.87335	0.442893	0.883003	0.875096	0.447113	0.73476	0.720077	0.712886	0.720002	
0.993102	0.982333	0.9931	1.27487e-05	0.00882109	0.993099	0.993102	0.654094	0.249639	0.993102	0.993102	3.7009e-11	0.92338	0.993102	0.993102	1.26331e-07	0.0542113	4.02614e-07	7.02316e-09	2.04761e-05	0.993099	0.897366	0.332183	0.906352	0.899317	0.335462	0.633838	0.689201	0.681915	0.689141	
0.993102	0.981221	0.9931	9.72964e-06	0.00660106	0.9931	0.993102	0.619367	0.193026	0.993102	0.993102	2.76925e-11	0.940931	0.993102	0.993102	9.45289e-08	0.0408621	3.02024e-07	5.25517e-09	1.67426e-05	0.9931	0.921336	0.250379	0.904634	0.895386	0.253118	0.595194	0.693811	0.686315	0.693759	
0.993102	0.983813	0.993101	7.40313e-06	0.00494036	0.9931	0.993102	0.587616	0.154444	0.993102	0.993102	2.07213e-11	0.954065	0.993102	0.993102	7.07325e-08	0.0307181	2.26659e-07	3.93225e-09	1.40861e-05	0.9931	0.93937	0.192429	0.910512	0.901485	0.195287	0.560254	0.657413	0.650052	0.657369	
0.993102	0.986066	0.993101	5.6466e-06	0.00370072	0.993101	0.993102	0.607541	0.121013	0.993102	0.993102	1.55051e-11	0.963892	0.993102	0.993102	5.29266e-08	0.0231463	1.70934e-07	2.94236e-09	1.12925e-05	0.9931	0.952887	0.165244	0.916429	0.908257	0.170444	0.578808	0.678489	0.671232	0.678439	
0.993102	0.987814	0.993101	4.26199e-06	0.00277088	0.993101	0.993102	0.597792	0.112465	0.993102	0.993102	1.1602e-11	0.971245	0.993102	0.993102	3.9603e-08	0.0174806	1.28757e-07	2.20166e-09	9.59662e-06	0.9931	0.962991	0.150224	0.930274	0.923761	0.15779	0.567402	0.643153	0.636788	0.643104	
0.993102	0.989129	0.993102	3.22683e-06	0.00207771	0.993101	0.993102	0.630065	0.0948305	0.993102	0.993102	8.68188e-12	0.976746	0.993102	0.993102	2.96335e-08	0.0133488	9.80415e-08	1.64742e-09	7.7465e-06	0.993101	0.970557	0.168027	0.940402	0.935223	0.179431	0.600941	0.669332	0.662907	0.669279	
0.993102	0.990121	0.993102	2.42842e-06	0.00155603	0.993102	0.993102	0.625678	0.112931	0.993102	0.993102	6.49658e-12	0.980864	0.993102	0.993102	2.21737e-08	0.0102966	7.43528e-08	1.23271e-09	6.75132e-06	0.993101	0.976183	0.174305	0.951512	0.947551	0.18811	0.596256	0.705337	0.699172	0.705293	
0.993102	0.990854	0.993102	1.8389e-06	0.00116504	0.993102	0.993102	0.578006	0.136137	0.993102	0.993102	4.8612e-12	0.983944	0.993102	0.993102	1.65918e-08	0.00784276	5.61132e-08	9.2239e-10	7.01374e-06	0.993101	0.9804	0.149317	0.958582	0.955519	0.161933	0.548519	0.769466	0.763244	0.769418	
0.993102	0.991377	0.993102	1.46597e-06	0.000872278	0.993102	0.993102	0.477133	0.147938	0.993102	0.993102	3.63746e-12	0.98625	0.993102	0.993102	1.2415e-08	0.00588336	4.21189e-08	6.90191e-10	1.23226e-05	0.993101	0.983592	0.115241	0.953715	0.951146	0.125143	0.45072	0.705479	0.700414	0.705444	
0.993102	0.991739	0.993102	1.95367e-06	0.000666703	0.993102	0.993102	0.46667	0.112289	0.993102	0.993102	2.7218e-12	0.987975	0.993102	0.993102	9.28989e-09	0.00440931	3.1986e-08	5.16454e-10	1.11881e-05	0.993101	0.985986	0.0959567	0.875041	0.872199	0.104365	0.44076	0.666904	0.662523	0.666869	
0.993102	0.992064	0.993102	1.97957e-06	0.000536221	0.993102	0.993102	0.506249	0.0852204	0.993102	0.993102	2.03681e-12	0.989265	0.993102	0.993102	6.95185e-09	0.0033115	2.49462e-08	3.8645e-10	9.28126e-06	0.993101	0.987777	0.109688	0.842306	0.839618	0.118906	0.481734	0.68869	0.684485	0.688655	
0.993102	0.992319	0.993102	1.61776e-06	0.000412182	0.993102	0.993102	0.509361	0.0705948	0.993102	0.993102	1.5242e-12	0.990231	0.993102	0.993102	5.20202e-09	0.00249524	1.93193e-08	2.89169e-10	8.35119e-06	0.993101	0.989117	0.123485	0.860036	0.857851	0.133396	0.48581	0.748537	0.744294	0.748506	
0.993102	0.992513	0.993102	1.30626e-06	0.000311529	0.993102	0.993102	0.443192	0.0820291	0.993102	0.993102	1.14052e-12	0.990954	0.993102	0.993102	3.89271e-09	0.0018727	1.46528e-08	2.1638e-10	1.09038e-05	0.993101	0.99012	0.110995	0.878962	0.877231	0.119937	0.421725	0.799076	0.794636	0.799039	
0.993102	0.992656	0.993102	1.42947e-06	0.000237355	0.993102	0.993102	0.358446	0.0792817	0.993102	0.993102	8.53412e-13	0.991495	0.993102	0.993102	2.91542e-09	0.00140182	1.10356e-08	1.62142e-10	2.0949e-05	0.993101	0.990871	0.0887374	0.851061	0.849559	0.0959477	0.340347	0.820227	0.815456	0.820188	
0.993102	0.992764	0.993102	3.39987e-06	0.000192762	0.993102	0.993102	0.286458	0.0649344	0.993102	0.993102	6.38578e-13	0.991899	0.993102	0.993102	2.26472e-09	0.001049	8.3043e-09	1.31803e-10	3.51995e-05	0.993101	0.991432	0.0703604	0.736337	0.73502	0.0761485	0.271378	0.864594	0.860155	0.864563	
0.993102	0.992846	0.993102	9.9246e-06	0.000170569	0.993102	0.993102	0.222194	0.0528815	0.993102	0.993102	4.77825e-13	0.992202	0.993102	0.993102	3.65423e-09	0.000784932	6.23304e-09	5.55164e-10	7.37529e-05	0.993101	0.991853	0.0548373	0.594138	0.593059	0.0593711	0.210268	0.860166	0.854486	0.860131	
0.993102	0.992909	0.993102	2.84001e-05	0.000231647	0.993102	0.993102	0.174809	0.041003	0.993102	0.993102	3.57539e-13	0.992429	0.993102	0.993102	3.61483e-08	0.000587338	4.68496e-09	5.74716e-09	9.85887e-05	0.993101	0.992167	0.0440661	0.461669	0.460829	0.0478208	0.165002	0.944951	0.940106	0.944923	
0.993102	0.992957	0.993102	6.39445e-05	0.000222586	0.993102	0.993102	0.132416	0.0344282	0.993102	0.993102	2.67534e-13	0.992598	0.993102	0.993102	3.04932e-07	0.000439484	3.50944e-09	2.0079e-07	0.000310237	0.993101	0.992403	0.0336855	0.35417	0.353512	0.0365678	0.124931	0.952635	0.948257	0.952611	
0.993102	0.992992	0.993102	0.000135349	0.000265205	0.993102	0.993102	0.100466	0.0278897	0.993102	0.993102	2.00186e-13	0.992725	0.993102	0.993102	1.94172e-06	0.00032885	2.62929e-09	1.41197e-06	0.000508039	0.993101	0.992579	0.0259026	0.26935	0.268843	0.0281232	0.0947517	0.985175	0.981519	0.985156	
0.993102	0.993019	0.993102	0.00024712	0.00029607	0.993102	0.993102	0.0758971	0.0232874	0.993102	0.993102	1.49792e-13	0.99282	0.993102	0.993102	8.38817e-06	0.000246066	1.96912e-09	9.87015e-06	0.000909293	0.993101	0.992711	0.0197968	0.204174	0.203783	0.02149	0.0715729	1.00512	1.00149	1.00511	
0.993102	0.99304	0.993102	0.000403246	0.000328848	0.993102	0.993102	0.0572752	0.0198434	0.993102	0.993102	1.12084e-13	0.992891	0.993102	0.993102	2.66872e-05	0.000184122	1.47458e-09	4.25454e-05	0.00146991	0.993101	0.992809	0.0151186	0.154548	0.154246	0.0164087	0.054008	1.04191	1.03844	1.04189	
0.993102	0.993055	0.993102	0.000599266	0.000320925	0.993102	0.993102	0.0430884	0.0185446	0.993102	0.993102	8.38681e-14	0.992944	0.993102	0.993102	6.61827e-05	0.000137772	1.10392e-09	0.000187213	0.00274712	0.993101	0.992883	0.0114695	0.116953	0.11672	0.0124462	0.04063	1.05573	1.05229	1.05571	
0.993102	0.993066	0.993102	0.000836313	0.000315848	0.993102	0.993102	0.0324164	0.0176382	0.993102	0.993102	6.27554e-14	0.992984	0.993102	0.993101	0.000133762	0.00010309	8.26443e-10	0.000502758	0.00423099	0.993101	0.992938	0.00870434	0.088526	0.0883455	0.00944387	0.0305672	1.05096	1.04726	1.05094	
0.993102	0.993075	0.993102	0.00110168	0.000339926	0.993102	0.993102	0.0244475	0.0160356	0.993102	0.993102	4.69576e-14	0.993014	0.993102	0.993101	0.000233438	7.71383e-05	6.18854e-10	0.000880971	0.00515423	0.993101	0.992979	0.00664994	0.0670755	0.0669357	0.00721384	0.0230533	1.05815	1.0546	1.05813	
0.993102	0.993081	0.993102	0.00137048	0.00036012	0.993102	0.993102	0.0184582	0.0148761	0.993102	0.993102	3.51367e-14	0.993036	0.993102	0.993101	0.000365552	5.77198e-05	4.63459e-10	0.00146622	0.00616196	0.993101	0.99301	0.00509824	0.0509258	0.0508166	0.00552921	0.0174071	1.06396	1.06038	1.06395	
0.993102	0.993086	0.993102	0.00163335	0.000376173	0.993102	0.993102	0.0139577	0.0140682	0.993102	0.993102	2.62915e-14	0.993053	0.993102	0.9931	0.000524676	4.31896e-05	3.47138e-10	0.00225235	0.00721113	0.993101	0.993033	0.00392629	0.0387742	0.0386882	0.00425708	0.0131649	1.07602	1.07235	1.076	
0.993102	0.99309	0.993102	0.00188341	0.000373712	0.993102	0.993102	0.0105582	0.0139978	0.993102	0.993102	1.9673e-14	0.993065	0.993102	0.9931	0.000701961	3.23172e-05	2.60023e-10	0.00344689	0.00871289	0.993101	0.993051	0.00302692	0.0296344	0.0295658	0.00328124	0.00996052	1.09931	1.09634	1.0993	
0.993102	0.993093	0.993102	0.002123	0.000341908	0.993102	0.993102	0.00797167	0.0155434	0.993102	0.993102	1.47206e-14	0.993074	0.993102	0.993099	0.00087868	2.41818e-05	1.94736e-10	0.00583699	0.0117894	0.993101	0.993064	0.00232089	0.0227555	0.0227001	0.00251463	0.00752291	1.10579	1.10314	1.10578	
0.993102	0.993095	0.993102	0.00237102	0.000313721	0.993102	0.993102	0.00602727	0.0169024	0.993102	0.993102	1.10149e-14	0.993081	0.993102	0.993098	0.00103846	1.80944e-05	1.45862e-10	0.00851424	0.0148314	0.993101	0.993073	0.0017843	0.017562	0.0175172	0.00193187	0.00569084	1.1078	1.10532	1.10779	
0.993102	0.993096	0.993102	0.00261817	0.000292841	0.993102	0.993102	0.00456959	0.0177673	0.993102	0.993102	8.24202e-15	0.993087	0.993102	0.993097	0.00118014	1.35394e-05	1.09285e-10	0.0110679	0.0173781	0.993101	0.993081	0.00137969	0.0136415	0.013605	0.00149238	0.00431774	1.12089	1.11873	1.12088	
0.993102	0.993097	0.993102	0.00285184	0.000265393	0.993102	0.993102	0.00346492	0.0195706	0.993102	0.993102	6.1672e-15	0.993091	0.993102	0.993096	0.00130425	1.0131e-05	8.18828e-11	0.0147791	0.0211402	0.993101	0.993086	0.00106608	0.0106851	0.0106552	0.0011519	0.0032769	1.12826	1.1264	1.12826	
0.993102	0.993098	0.993102	0.0030888	0.00023959	0.993102	0.993102	0.00263188	0.021449	0.993102	0.993102	4.61469e-15	0.993093	0.993102	0.993095	0.00140184	7.58066e-06	6.13632e-11	0.01897	0.0252428	0.993101	0.99309	0.000825769	0.00844571	0.0084211	0.000891057	0.00249198	1.1304	1.12847	1.13039	
0.993102	0.993098	0.993102	0.00332866	0.000219417	0.993102	0.993102	0.00200674	0.0227835	0.993102	0.993102	3.45301e-15	0.993096	0.993102	0.993095	0.0014774	5.67233e-06	4.60047e-11	0.0227431	0.0287528	0.993101	0.993093	0.000643787	0.00674613	0.00672581	0.000693662	0.00190293	1.13106	1.12916	1.13105	
0.993102	0.993099	0.993102	0.0035588	0.000204488	0.993102	0.993102	0.00153829	0.0236073	0.993102	0.993102	2.58376e-15	0.993097	0.993102	0.993094	0.00153692	4.2444e-06	3.45109e-11	0.0259367	0.0315508	0.993101	0.993095	0.000506605	0.00545787	0.005441	0.000544892	0.00146169	1.12739	1.12538	1.12738	
0.993102	0.993099	0.993102	0.00376893	0.000196994	0.993102	0.993102	0.00119039	0.0236309	0.993102	0.993102	1.93333e-15	0.993099	0.993102	0.993094	0.00158729	3.17593e-06	2.59167e-11	0.0278898	0.0330029	0.993101	0.993097	0.000405411	0.00448334	0.00446922	0.000435149	0.00113431	1.13693	1.13518	1.13692	
0.993102	0.993099	0.993102	0.00394374	0.000184157	0.993102	0.993102	0.000923097	0.0247765	0.993102	0.993102	1.44664e-15	0.993099	0.993102	0.993093	0.00163216	2.37643e-06	1.94695e-11	0.0312948	0.03602	0.993101	0.993098	0.000325109	0.00375114	0.00373913	0.000348137	0.000882475	1.14042	1.13876	1.14042	
0.993102	0.993099	0.993102	0.00411466	0.000172377	0.993102	0.993102	0.000720803	0.0259115	0.993102	0.993102	1.08247e-15	0.9931	0.993102	0.993093	0.00166254	1.7782e-06	1.46397e-11	0.0347371	0.0390976	0.993101	0.993099	0.000263095	0.00319214	0.00318184	0.000280998	0.000691817	1.14428	1.14271	1.14427	
0.993102	0.993099	0.993102	0.00428212	0.000161236	0.993102	0.993102	0.000567106	0.0271142	0.993102	0.993102	8.09973e-16	0.993101	0.993102	0.993092	0.00168094	1.33056e-06	1.10203e-11	0.0383346	0.0423654	0.993101	0.9931	0.000214809	0.00276363	0.00275472	0.000228778	0.000546872	1.14041	1.13874	1.14041	
0.993102	0.993099	0.993102	0.00444861	0.000155715	0.993102	0.993102	0.000454231	0.0272824	0.993102	0.993102	6.06073e-16	0.993101	0.993102	0.993092	0.00169068	9.95611e-07	8.317e-12	0.0402339	0.0439218	0.993101	0.993101	0.00017966	0.00243288	0.00242514	0.000190759	0.000440695	1.13379	1.13191	1.13379	
0.993102	0.993099	0.993102	0.00458848	0.000156771	0.993102	0.993102	0.000373886	0.0265539	0.993102	0.993102	4.53502e-16	0.993101	0.993102	0.993092	0.00170317	7.44979e-07	6.30401e-12	0.0403173	0.0436709	0.993101	0.993101	0.000155964	0.00218331	0.00217648	0.0001651	0.000365549	1.13543	1.1335	1.13543	
0.993102	0.993099	0.993102	0.00468395	0.000156436	0.993102	0.993102	0.000312579	0.0262944	0.993102	0.993102	3.39339e-16	0.993102	0.993102	0.993092	0.00172328	5.57441e-07	4.79494e-12	0.040757	0.0438569	0.993101	0.993101	0.000137845	0.00200129	0.00199514	0.000145517	0.000308136	1.14063	1.13881	1.14062	
0.993102	0.993099	0.993102	0.0047552	0.000152432	0.993102	0.993102	0.000263408	0.0267967	0.993102	0.993102	2.53915e-16	0.993102	0.993102	0.993092	0.00174251	4.17113e-07	3.65794e-12	0.0422652	0.0451831	0.993101	0.993102	0.000122299	0.00186655	0.0018609	0.000128754	0.000261825	1.14518	1.14349	1.14517	
0.993102	0.993099	0.993102	0.0048259	0.00014644	0.993102	0.993102	0.000224013	0.0277246	0.993102	0.993102	1.89996e-16	0.993102	0.993102	0.993092	0.00175322	3.1211e-07	2.80098e-12	0.0445332	0.0473069	0.993101	0.993102	0.000108827	0.00176167	0.00175642	0.000114252	0.000224538	1.14593	1.14425	1.14592	
0.993102	0.993099	0.993102	0.00490708	0.000141544	0.993102	0.993102	0.000194096	0.0283852	0.993102	0.993102	1.42167e-16	0.993102	0.993102	0.993091	0.00175484	2.33541e-07	2.15869e-12	0.0464552	0.0491074	0.993101	0.993102	9.81752e-05	0.00167616	0.00167128	0.000102807	0.000196214	1.14681	1.14515	1.14681	
0.993102	0.993099	0.993102	0.00499001	0.000137389	0.993102	0.993102	0.000171203	0.0289065	0.993102	0.993102	1.06378e-16	0.993102	0.993102	0.993091	0.00175206	1.7475e-07	1.67689e-12	0.0481551	0.0507076	0.993101	0.993102	8.96945e-05	0.00160724	0.00160268	9.37132e-05	0.000174529	1.15125	1.14974	1.15125	
0.993102	0.993099	0.993102	0.00507081	0.000131668	0.993102	0.993102	0.000151828	0.0298709	0.993102	0.993102	7.95989e-17	0.993102	0.993102	0.993091	0.00174586	1.30759e-07	1.31103e-12	0.050678	0.053146	0.993101	0.993102	8.1816e-05	0.00155183	0.00154755	8.52752e-05	0.000156031	1.15151	1.15001	1.1515	
0.993102	0.993099	0.993102	0.00516208	0.000127296	0.993102	0.993102	0.000137171	0.0304754	0.993102	0.993102	5.9561e-17	0.993102	0.993102	0.993091	0.00173452	9.78425e-08	1.0369e-12	0.0526737	0.0550672	0.993101	0.993102	7.55661e-05	0.00150353	0.00149951	7.85936e-05	0.000142062	1.15054	1.14902	1.15054	
0.993102	0.993099	0.993102	0.00525236	0.000124649	0.993102	0.993102	0.00012662	0.0306852	0.993102	0.993102	4.45673e-17	0.993102	0.993102	0.99309	0.00172288	7.3212e-08	8.32753e-13	0.053928	0.0562552	0.993101	0.993102	7.09939e-05	0.00146315	0.00145938	7.3709e-05	0.000132092	1.154	1.15262	1.15399	
0.993102	0.993099	0.993102	0.00533104	0.000120762	0.993102	0.993102	0.000117084	0.0313269	0.993102	0.993102	3.33481e-17	0.993102	0.993102	0.99309	0.00171283	5.47819e-08	6.76104e-13	0.0559159	0.0581784	0.993101	0.993102	6.65519e-05	0.00143144	0.00142786	6.89611e-05	0.00012298	1.15965	1.15849	1.15964	
0.993102	0.993099	0.993102	0.00541262	0.000114958	0.993102	0.993102	0.00010753	0.032614	0.993102	0.993102	2.49532e-17	0.993102	0.993102	0.99309	0.00169948	4.09914e-08	5.53149e-13	0.0592427	0.0614307	0.993101	0.993102	6.16402e-05	0.00140335	0.00139994	6.37207e-05	0.000113679	1.15613	1.15484	1.15612	
0.993102	0.993098	0.993102	0.0055156	0.000112458	0.993102	0.993102	0.000101799	0.0327823	0.993102	0.993102	1.86716e-17	0.993102	0.993102	0.99309	0.00168136	3.06724e-08	4.64504e-13	0.0606197	0.0627547	0.993101	0.993102	5.85057e-05	0.00137379	0.00137057	6.03853e-05	0.00010824	1.15752	1.15632	1.15752	
0.993102	0.993098	0.993102	0.00560376	0.000109915	0.993102	0.993102	9.688e-05	0.0330949	0.993102	0.993102	1.39712e-17	0.993102	0.993102	0.993089	0.00166753	2.29511e-08	3.96675e-13	0.0621425	0.0642214	0.993101	0.993102	5.57786e-05	0.00135054	0.00134747	5.74782e-05	0.000103568	1.15825	1.15713	1.15825	
0.993102	0.993098	0.993102	0.0056843	0.000107685	0.993102	0.993102	9.28633e-05	0.0333838	0.993102	0.993102	1.04542e-17	0.993102	0.993102	0.993089	0.00165549	1.71735e-08	3.45123e-13	0.0635688	0.0655837	0.993101	0.993102	5.34904e-05	0.00133108	0.00132815	5.50304e-05	9.97797e-05	1.15814	1.15706	1.15813	
0.993102	0.993098	0.993102	0.00575809	0.000106119	0.993102	0.993102	8.98721e-05	0.0335244	0.993102	0.993102	7.82248e-18	0.993102	0.993102	0.993089	0.00164512	1.28504e-08	3.0658e-13	0.0646422	0.0665915	0.993101	0.993102	5.17377e-05	0.00131464	0.00131183	5.31465e-05	9.70167e-05	1.16069	1.15972	1.16069	
0.993102	0.993098	0.993102	0.00582204	0.000103712	0.993102	0.993102	8.65893e-05	0.0340177	0.993102	0.993102	5.85328e-18	0.993102	0.993102	0.993089	0.00163657	9.61553e-09	2.75262e-13	0.0663405	0.068222	0.993101	0.993102	4.98115e-05	0.00130143	0.00129871	5.10837e-05	9.38815e-05	1.16011	1.15915	1.1601	
0.993102	0.993098	0.993102	0.00588879	0.000102231	0.993102	0.993102	8.43365e-05	0.0341996	0.993102	0.993102	4.3798e-18	0.993102	0.993102	0.993089	0.00162716	7.195e-09	2.52308e-13	0.067444	0.0692643	0.993101	0.993102	4.83911e-05	0.00128839	0.00128576	4.9559e-05	9.17918e-05	1.16165	1.16081	1.16165	
0.993102	0.993098	0.993102	0.00594845	0.000100404	0.993102	0.993102	8.20295e-05	0.0345492	0.993102	0.993102	3.27725e-18	0.993102	0.993102	0.993089	0.00161886	5.38381e-09	2.33658e-13	0.0688515	0.0705974	0.993101	0.993102	4.69502e-05	0.00127747	0.00127492	4.80081e-05	8.9618e-05	1.16222	1.16137	1.16221	
0.993102	0.993098	0.993102	0.00600759	9.88003e-05	0.993102	0.993102	8.00696e-05	0.0348464	0.993102	0.993102	2.45225e-18	0.993102	0.993102	0.993089	0.00161081	4.02856e-09	2.19148e-13	0.0701204	0.0718116	0.993101	0.993102	4.56781e-05	0.0012671	0.00126461	4.66498e-05	8.77586e-05	1.16499	1.16425	1.16499	
0.993102	0.993098	0.993102	0.00606482	9.63482e-05	0.993102	0.993102	7.75722e-05	0.0354908	0.993102	0.993102	1.83493e-18	0.993102	0.993102	0.993088	0.00160262	3.01447e-09	2.05845e-13	0.0721073	0.0737398	0.993101	0.993102	4.40974e-05	0.00125748	0.00125505	4.49744e-05	8.52861e-05	1.16687	1.1662	1.16687	
0.993102	0.993098	0.993102	0.00613157	9.37126e-05	0.993102	0.993102	7.5033e-05	0.0361839	0.993102	0.993102	1.37301e-18	0.993102	0.993102	0.993088	0.00159172	2.25567e-09	1.943e-13	0.0743377	0.0759066	0.993101	0.993102	4.24267e-05	0.0012463	0.00124393	4.32106e-05	8.2742e-05	1.1707	1.17011	1.1707	
0.993102	0.993097	0.993102	0.00620799	9.01734e-05	0.993102	0.993102	7.18587e-05	0.0372837	0.993102	0.993102	1.02738e-18	0.993102	0.993102	0.993088	0.00157859	1.68787e-09	1.82638e-13	0.0775504	0.0790592	0.993101	0.993102	4.03608e-05	0.0012337	0.0012314	4.10497e-05	7.94704e-05	1.16761	1.16701	1.16761	
0.993102	0.993097	0.993102	0.0063061	8.88364e-05	0.993102	0.993102	7.0459e-05	0.0373191	0.993102	0.993102	7.6875e-19	0.993102	0.993102	0.993087	0.00156164	1.26302e-09	1.76222e-13	0.0787767	0.0802267	0.993101	0.993102	3.91644e-05	0.0012177	0.00121548	3.97892e-05	7.8135e-05	1.16845	1.16787	1.16844	
0.993102	0.993097	0.993102	0.00638722	8.75256e-05	0.993102	0.993102	6.91043e-05	0.037485	0.993102	0.993102	5.7523e-19	0.993102	0.993102	0.993087	0.00154998	9.45117e-10	1.70691e-13	0.0800638	0.0814616	0.993101	0.993102	3.81151e-05	0.0012055	0.00120335	3.86849e-05	7.68387e-05	1.1698	1.16926	1.1698	
0.993102	0.993097	0.993102	0.00645887	8.60149e-05	0.993102	0.993102	6.76261e-05	0.0378238	0.993102	0.993102	4.30425e-19	0.993102	0.993102	0.993087	0.00154098	7.0724e-10	1.65451e-13	0.0816043	0.082956	0.993101	0.993102	3.70658e-05	0.00119538	0.00119329	3.75855e-05	7.53886e-05	1.16766	1.16711	1.16765	
0.993102	0.993097	0.993102	0.0065287	8.58163e-05	0.993102	0.993102	6.71946e-05	0.0376205	0.993102	0.993102	3.22073e-19	0.993102	0.993102	0.993087	0.00153277	5.29247e-10	1.63128e-13	0.0819502	0.0832554	0.993101	0.993102	3.65953e-05	0.00118582	0.00118378	3.70811e-05	7.50882e-05	1.16932	1.16884	1.16932	
0.993102	0.993097	0.993102	0.00657882	8.4994e-05	0.993102	0.993102	6.63058e-05	0.0377974	0.993102	0.993102	2.40997e-19	0.993102	0.993102	0.993087	0.00152876	3.9606e-10	1.60048e-13	0.0829086	0.084162	0.993101	0.993102	3.59879e-05	0.00117985	0.00117785	3.64344e-05	7.42748e-05	1.17169	1.17125	1.17169	
0.993102	0.993097	0.993102	0.00662571	8.34381e-05	0.993102	0.993102	6.48844e-05	0.0383366	0.993102	0.993102	1.80331e-19	0.993102	0.993102	0.993087	0.00152489	2.96399e-10	1.55951e-13	0.0846153	0.0858243	0.993101	0.993102	3.51067e-05	0.00117434	0.00117237	3.55133e-05	7.28429e-05	1.17322	1.1728	1.17322	
0.993102	0.993097	0.993102	0.00668239	8.16936e-05	0.993102	0.993102	6.3346e-05	0.0389286	0.993102	0.993102	1.34936e-19	0.993102	0.993102	0.993087	0.00151846	2.21825e-10	1.51758e-13	0.0865608	0.0877325	0.993101	0.993102	3.41155e-05	0.00116708	0.00116515	3.44856e-05	7.12577e-05	1.17538	1.17501	1.17538	
0.993102	0.993097	0.993102	0.00674918	7.95956e-05	0.993102	0.993102	6.15533e-05	0.039674	0.993102	0.993102	1.00969e-19	0.993102	0.993102	0.993086	0.00150972	1.66022e-10	1.47099e-13	0.0889904	0.0901216	0.993101	0.993102	3.29536e-05	0.00115824	0.00115635	3.32861e-05	6.93781e-05	1.17538	1.17502	1.17538	
0.993102	0.993097	0.993102	0.00683002	7.80501e-05	0.993102	0.993102	6.01924e-05	0.0400796	0.993102	0.993102	7.55528e-20	0.993102	0.993102	0.993086	0.00149858	1.24267e-10	1.43566e-13	0.0908463	0.0919399	0.993101	0.993102	3.19741e-05	0.00114739	0.00114555	3.22758e-05	6.79745e-05	1.17633	1.17596	1.17632	
0.993102	0.993096	0.993102	0.00691072	7.65782e-05	0.993102	0.993102	5.88876e-05	0.0404912	0.993102	0.993102	5.65346e-20	0.993102	0.993102	0.993086	0.00148849	9.3022e-11	1.40242e-13	0.0926864	0.0937567	0.993101	0.993102	3.10465e-05	0.001137	0.0011352	3.13246e-05	6.66225e-05	1.17858	1.17827	1.17858	
0.993102	0.993096	0.993102	0.00699175	7.47033e-05	0.993102	0.993102	5.72789e-05	0.0411657	0.993102	0.993102	4.23039e-20	0.993102	0.993102	0.993086	0.00147876	6.96411e-11	1.36255e-13	0.0951488	0.0961861	0.993101	0.993102	2.99824e-05	0.00112692	0.00112517	3.02333e-05	6.49304e-05	1.17933	1.17905	1.17932	
0.993102	0.993096	0.993102	0.00708294	7.30716e-05	0.993102	0.993102	5.58588e-05	0.0416759	0.993102	0.993102	3.16555e-20	0.993102	0.993102	0.993086	0.00146749	5.21454e-11	1.32758e-13	0.0973967	0.0983914	0.993101	0.993102	2.89973e-05	0.00111567	0.00111397	2.92214e-05	6.34533e-05	1.1809	1.18064	1.1809	
0.993102	0.993096	0.993102	0.00717684	7.13485e-05	0.993102	0.993102	5.43698e-05	0.0422779	0.993102	0.993102	2.36876e-20	0.993102	0.993102	0.993085	0.0014566	3.9053e-11	1.2913e-13	0.0998807	0.10084	0.993101	0.993102	2.7992e-05	0.00110448	0.00110282	2.81926e-05	6.18908e-05	1.1808	1.18052	1.1808	
0.993102	0.993096	0.993102	0.00727682	7.01238e-05	0.993102	0.993102	5.32567e-05	0.0425842	0.993102	0.993102	1.77255e-20	0.993102	0.993102	0.993085	0.00144565	2.92564e-11	1.26417e-13	0.10173	0.10267	0.993101	0.993102	2.71766e-05	0.00109286	0.00109125	2.73619e-05	6.07442e-05	1.1812	1.18092	1.1812	
0.993102	0.993096	0.993102	0.00737093	6.91086e-05	0.993102	0.993102	5.22994e-05	0.0428322	0.993102	0.993102	1.32643e-20	0.993102	0.993102	0.993085	0.00143671	2.19258e-11	1.24091e-13	0.103355	0.104282	0.993101	0.993102	2.64795e-05	0.00108253	0.00108096	2.66528e-05	5.97718e-05	1.18144	1.18116	1.18144	
0.993102	0.993096	0.993102	0.00745813	6.83011e-05	0.993102	0.993102	5.15004e-05	0.0430156	0.993102	0.993102	9.9261e-21	0.993102	0.993102	0.993085	0.00142961	1.64404e-11	1.22154e-13	0.104735	0.105651	0.993101	0.993102	2.58983e-05	0.00107348	0.00107195	2.60624e-05	5.89757e-05	1.18225	1.18199	1.18225	
0.993102	0.993095	0.993102	0.00753725	6.74595e-05	0.993102	0.993102	5.0683e-05	0.0432784	0.993102	0.993102	7.42822e-21	0.993102	0.993102	0.993085	0.00142404	1.23352e-11	1.20185e-13	0.106222	0.107118	0.993101	0.993102	2.53439e-05	0.00106574	0.00106424	2.54971e-05	5.81592e-05	1.18252	1.1823	1.18252	
0.993102	0.993095	0.993102	0.00761291	6.67676e-05	0.993102	0.993102	4.99867e-05	0.0434687	0.993102	0.993102	5.55914e-21	0.993102	0.993102	0.993085	0.00141888	9.26333e-12	1.1851e-13	0.107528	0.108391	0.993101	0.993102	2.48658e-05	0.00105856	0.0010571	2.50063e-05	5.74826e-05	1.18331	1.18311	1.18331	
0.993102	0.993095	0.993102	0.00768296	6.60186e-05	0.993102	0.993102	4.92583e-05	0.0437352	0.993102	0.993102	4.16055e-21	0.993102	0.993102	0.993085	0.00141464	6.9642e-12	1.16765e-13	0.108949	0.109781	0.993101	0.993102	2.43933e-05	0.00105219	0.00105076	2.45218e-05	5.67616e-05	1.18283	1.18262	1.18283	
0.993102	0.993095	0.993102	0.0077515	6.56365e-05	0.993102	0.993102	4.88113e-05	0.0437769	0.993102	0.993102	3.11404e-21	0.993102	0.993102	0.993085	0.00141064	5.24416e-12	1.15691e-13	0.109802	0.110613	0.993101	0.993102	2.40647e-05	0.00104604	0.00104463	2.41853e-05	5.6353e-05	1.18322	1.18302	1.18321	
0.993102	0.993095	0.993102	0.00780991	6.52477e-05	0.993102	0.993102	4.83684e-05	0.043879	0.993102	0.993102	2.33097e-21	0.993102	0.993102	0.993085	0.00140825	3.95686e-12	1.1463e-13	0.110675	0.111465	0.993101	0.993102	2.37693e-05	0.00104122	0.00103983	2.38826e-05	5.5943e-05	1.1843	1.18413	1.1843	
0.993102	0.993095	0.993102	0.00786239	6.4629e-05	0.993102	0.993102	4.77692e-05	0.0441597	0.993102	0.993102	1.74499e-21	0.993102	0.993102	0.993084	0.00140636	2.9929e-12	1.13202e-13	0.111927	0.112689	0.993101	0.993102	2.3413e-05	0.00103708	0.00103571	2.35169e-05	5.53483e-05	1.18429	1.18412	1.18429	
0.993102	0.993095	0.993102	0.00791718	6.41865e-05	0.993102	0.993102	4.73113e-05	0.0443068	0.993102	0.993102	1.30651e-21	0.993102	0.993102	0.993084	0.00140373	2.27161e-12	1.1211e-13	0.112885	0.113627	0.993101	0.993102	2.31162e-05	0.00103253	0.00103118	2.32133e-05	5.49059e-05	1.18423	1.18406	1.18423	
0.993102	0.993095	0.993102	0.00796859	6.38911e-05	0.993102	0.993102	4.69694e-05	0.0443727	0.993102	0.993102	9.78421e-22	0.993102	0.993102	0.993084	0.0014015	1.73193e-12	1.11295e-13	0.113601	0.114327	0.993101	0.993102	2.28841e-05	0.00102837	0.00102704	2.2976e-05	5.45904e-05	1.18495	1.1848	1.18495	
0.993102	0.993095	0.993102	0.00801392	6.34594e-05	0.993102	0.993102	4.65364e-05	0.0445592	0.993102	0.993102	7.32897e-22	0.993102	0.993102	0.993084	0.00139997	1.32763e-12	1.10265e-13	0.114546	0.115252	0.993101	0.993102	2.26233e-05	0.00102492	0.0010236	2.2709e-05	5.41659e-05	1.1852	1.18505	1.1852	
0.993102	0.993095	0.993102	0.00805916	6.30744e-05	0.993102	0.993102	4.61466e-05	0.0447101	0.993102	0.993102	5.49171e-22	0.993102	0.993102	0.993084	0.00139812	1.02496e-12	1.09338e-13	0.115408	0.116096	0.993101	0.993102	2.2381e-05	0.00102139	0.00102008	2.24615e-05	5.37845e-05	1.18533	1.18518	1.18533	
0.993102	0.993095	0.993102	0.00810293	6.2758e-05	0.993102	0.993102	4.58138e-05	0.0448195	0.993102	0.993102	4.1169e-22	0.993102	0.993102	0.993084	0.00139632	7.98392e-13	1.08547e-13	0.116149	0.116824	0.993101	0.993102	2.21684e-05	0.00101797	0.00101668	2.22448e-05	5.34632e-05	1.18462	1.18446	1.18462	
0.993102	0.993095	0.993102	0.00814381	6.27599e-05	0.993102	0.993102	4.57178e-05	0.0447257	0.993102	0.993102	3.08839e-22	0.993102	0.993102	0.993084	0.00139489	6.29321e-13	1.08317e-13	0.116346	0.117015	0.993101	0.993102	2.20756e-05	0.00101486	0.00101358	2.21504e-05	5.34106e-05	1.18491	1.18476	1.18491	
0.993102	0.993094	0.993102	0.0081739	6.26804e-05	0.993102	0.993102	4.55687e-05	0.0447384	0.993102	0.993102	2.31873e-22	0.993102	0.993102	0.993084	0.00139502	5.02619e-13	1.07962e-13	0.116673	0.117335	0.993101	0.993102	2.19838e-05	0.001013	0.00101173	2.20568e-05	5.32931e-05	1.18576	1.18562	1.18576	
0.993102	0.993094	0.993102	0.00819943	6.23665e-05	0.993102	0.993102	4.52599e-05	0.0449245	0.993102	0.993102	1.74255e-22	0.993102	0.993102	0.993084	0.00139532	4.07269e-13	1.07229e-13	0.117388	0.118037	0.993101	0.993102	2.18221e-05	0.00101155	0.00101028	2.18914e-05	5.29864e-05	1.18624	1.18611	1.18623	
0.993102	0.993094	0.993102	0.00822837	6.19931e-05	0.993102	0.993102	4.49174e-05	0.0451254	0.993102	0.993102	1.31126e-22	0.993102	0.993102	0.993084	0.00139455	3.35621e-13	1.06417e-13	0.118194	0.11883	0.993101	0.993102	2.16304e-05	0.00100952	0.00100826	2.16959e-05	5.26347e-05	1.18689	1.18677	1.18689	
0.993102	0.993094	0.993102	0.00826081	6.15237e-05	0.993102	0.993102	4.45115e-05	0.0453722	0.993102	0.993102	9.88315e-23	0.993102	0.993102	0.993084	0.00139288	2.81601e-13	1.05454e-13	0.119171	0.119791	0.993101	0.993102	2.13973e-05	0.00100698	0.00100573	2.14583e-05	5.22066e-05	1.18662	1.18649	1.18661	
0.993102	0.993094	0.993102	0.00829815	6.12654e-05	0.993102	0.993102	4.42603e-05	0.0454442	0.993102	0.993102	7.46719e-23	0.993102	0.993102	0.993084	0.00139043	2.41352e-13	1.04858e-13	0.119768	0.12038	0.993101	0.993102	2.12255e-05	0.00100384	0.0010026	2.12841e-05	5.19542e-05	1.1855	1.18535	1.1855	
0.993102	0.993094	0.993102	0.00833226	6.14258e-05	0.993102	0.993102	4.431e-05	0.0452469	0.993102	0.993102	5.66268e-23	0.993102	0.993102	0.993084	0.00138879	2.1194e-13	1.04975e-13	0.11963	0.120246	0.993101	0.993102	2.12065e-05	0.00100113	0.0009999	2.12663e-05	5.20479e-05	1.18573	1.18559	1.18573	
0.993102	0.993094	0.993102	0.00835235	6.14851e-05	0.993102	0.993102	4.42884e-05	0.0451905	0.993102	0.993102	4.31208e-23	0.993102	0.993102	0.993084	0.0013894	1.89786e-13	1.04923e-13	0.119668	0.120286	0.993101	0.993102	2.11888e-05	0.00100009	0.000998865	2.12492e-05	5.20588e-05	1.18522	1.18506	1.18522	
0.993102	0.993094	0.993102	0.00836671	6.16951e-05	0.993102	0.993102	4.4382e-05	0.0450542	0.993102	0.993102	3.30316e-23	0.993102	0.993102	0.993084	0.00139065	1.7354e-13	1.05144e-13	0.119428	0.120056	0.993101	0.993102	2.12363e-05	0.000999597	0.000998373	2.12991e-05	5.21968e-05	1.18527	1.1851	1.18527	
0.993102	0.993094	0.993102	0.00837294	6.18424e-05	0.993102	0.993102	4.44385e-05	0.0449916	0.993102	0.993102	2.54832e-23	0.993102	0.993102	0.993084	0.00139275	1.61356e-13	1.05278e-13	0.119279	0.119915	0.993101	0.993102	2.12816e-05	0.000999913	0.000998689	2.13464e-05	5.22877e-05	1.18596	1.18581	1.18596	
0.993102	0.993094	0.993102	0.00837549	6.17402e-05	0.993102	0.993102	4.43259e-05	0.045104	0.993102	0.993102	1.9815e-23	0.993102	0.993102	0.993084	0.00139473	1.51798e-13	1.05012e-13	0.119544	0.12018	0.993101	0.993102	2.12484e-05	0.00100047	0.000999241	2.13127e-05	5.21793e-05	1.18689	1.18676	1.18689	
0.993102	0.993094	0.993102	0.00838234	6.13795e-05	0.993102	0.993102	4.40371e-05	0.0453627	0.993102	0.993102	1.55444e-23	0.993102	0.993102	0.993084	0.0013953	1.44059e-13	1.04327e-13	0.120255	0.12088	0.993101	0.993102	2.11137e-05	0.00100031	0.000999089	2.11749e-05	5.18635e-05	1.18699	1.18686	1.18699	
0.993102	0.993094	0.993102	0.00839893	6.10806e-05	0.993102	0.993102	4.37971e-05	0.0455218	0.993102	0.993102	1.23424e-23	0.993102	0.993102	0.993084	0.00139401	1.38206e-13	1.03758e-13	0.120847	0.121463	0.993101	0.993102	2.09754e-05	0.000998898	0.000997677	2.10341e-05	5.16008e-05	1.18672	1.18659	1.18672	
0.993102	0.993094	0.993102	0.00841947	6.09429e-05	0.993102	0.993102	4.36717e-05	0.0455493	0.993102	0.993102	9.95216e-24	0.993102	0.993102	0.993084	0.00139224	1.33995e-13	1.03461e-13	0.121151	0.121764	0.993101	0.993102	2.0883e-05	0.000997042	0.000995825	2.09409e-05	5.147e-05	1.18711	1.18698	1.18711	
0.993102	0.993094	0.993102	0.00843775	6.07289e-05	0.993102	0.993102	4.34897e-05	0.0456466	0.993102	0.993102	8.15242e-24	0.993102	0.993102	0.993084	0.00139094	1.30603e-13	1.03029e-13	0.121603	0.122211	0.993101	0.993102	2.07711e-05	0.000995514	0.000994303	2.08273e-05	5.12756e-05	1.1867	1.18656	1.1867	
0.993102	0.993094	0.993102	0.00845713	6.06993e-05	0.993102	0.993102	4.34388e-05	0.0456107	0.993102	0.993102	6.8165e-24	0.993102	0.993102	0.993084	0.00138965	1.28324e-13	1.02908e-13	0.121721	0.122331	0.993101	0.993102	2.07198e-05	0.000993885	0.000992679	2.07763e-05	5.1232e-05	1.187	1.18687	1.187	
0.993102	0.993094	0.993102	0.00847174	6.05921e-05	0.993102	0.993102	4.33314e-05	0.0456556	0.993102	0.993102	5.80903e-24	0.993102	0.993102	0.993084	0.00138914	1.26431e-13	1.02654e-13	0.121987	0.122594	0.993101	0.993102	2.06542e-05	0.000992844	0.000991642	2.07101e-05	5.11245e-05	1.18766	1.18754	1.18766	
0.993102	0.993094	0.993102	0.00848584	6.03181e-05	0.993102	0.993102	4.31066e-05	0.0458213	0.993102	0.993102	5.03617e-24	0.993102	0.993102	0.993084	0.00138856	1.24609e-13	1.02121e-13	0.122559	0.123158	0.993101	0.993102	2.05333e-05	0.000991841	0.000990642	2.0587e-05	5.08808e-05	1.18764	1.18752	1.18764	
0.993102	0.993094	0.993102	0.00850467	6.01218e-05	0.993102	0.993102	4.29385e-05	0.0459056	0.993102	0.993102	4.45622e-24	0.993102	0.993102	0.993084	0.00138718	1.23256e-13	1.01722e-13	0.122986	0.12358	0.993101	0.993102	2.04275e-05	0.000990265	0.00098907	2.04797e-05	5.07017e-05	1.18784	1.18773	1.18784	
0.993102	0.993094	0.993102	0.00852398	5.99194e-05	0.993102	0.993102	4.27652e-05	0.0459945	0.993102	0.993102	4.01572e-24	0.993102	0.993102	0.993084	0.0013858	1.22119e-13	1.01311e-13	0.12343	0.124019	0.993101	0.993102	2.03192e-05	0.000988666	0.000987477	2.037e-05	5.05169e-05	1.18829	1.18819	1.18829	
0.993102	0.993094	0.993102	0.00854391	5.96407e-05	0.993102	0.993102	4.25365e-05	0.0461385	0.993102	0.993102	3.67294e-24	0.993102	0.993102	0.993084	0.00138434	1.20995e-13	1.00769e-13	0.124026	0.124605	0.993101	0.993102	2.01844e-05	0.000987029	0.000985845	2.02329e-05	5.02692e-05	1.18819	1.18808	1.18819	
0.993102	0.993094	0.993102	0.00856674	5.9469e-05	0.993102	0.993102	4.23833e-05	0.0461921	0.993102	0.993102	3.41767e-24	0.993102	0.993102	0.993084	0.00138257	1.2022e-13	1.00406e-13	0.124423	0.124997	0.993101	0.993102	2.00796e-05	0.000985091	0.000983913	2.01269e-05	5.01084e-05	1.18863	1.18853	1.18863	
0.993102	0.993094	0.993102	0.00858811	5.92162e-05	0.993102	0.993102	4.21706e-05	0.0463166	0.993102	0.993102	3.21434e-24	0.993102	0.993102	0.993084	0.00138112	1.19371e-13	9.99017e-14	0.124984	0.12555	0.993101	0.993102	1.9952e-05	0.000983375	0.000982203	1.99972e-05	4.98806e-05	1.18882	1.18872	1.18882	
0.993102	0.993094	0.993102	0.00861134	5.89784e-05	0.993102	0.993102	4.1968e-05	0.0464228	0.993102	0.993102	3.05589e-24	0.993102	0.993102	0.993083	0.00137944	1.18623e-13	9.94212e-14	0.125524	0.12608	0.993101	0.993102	1.98259e-05	0.000981478	0.000980312	1.98691e-05	4.96648e-05	1.18915	1.18907	1.18915	
0.993102	0.993094	0.993102	0.00863536	5.87098e-05	0.993102	0.993102	4.17424e-05	0.0465512	0.993102	0.993102	2.92753e-24	0.993102	0.993102	0.993083	0.00137771	1.17864e-13	9.88862e-14	0.126132	0.126677	0.993101	0.993102	1.96886e-05	0.000979535	0.000978375	1.97293e-05	4.94235e-05	1.18921	1.18912	1.18921	
0.993102	0.993094	0.993102	0.00866102	5.84998e-05	0.993102	0.993102	4.15571e-05	0.0466308	0.993102	0.993102	2.82874e-24	0.993102	0.993102	0.993083	0.00137586	1.17264e-13	9.84469e-14	0.126632	0.127169	0.993101	0.993102	1.95681e-05	0.00097745	0.000976297	1.9607e-05	4.92294e-05	1.18908	1.18899	1.18908	
0.993102	0.993094	0.993102	0.00868594	5.83862e-05	0.993102	0.993102	4.14388e-05	0.0466461	0.993102	0.993102	2.75737e-24	0.993102	0.993102	0.993083	0.00137433	1.1689e-13	9.81661e-14	0.126948	0.127481	0.993101	0.993102	1.94822e-05	0.0009755	0.000974354	1.95203e-05	4.91129e-05	1.18923	1.18914	1.18923	
0.993102	0.993094	0.993102	0.00870745	5.8267e-05	0.993102	0.993102	4.13156e-05	0.0466853	0.993102	0.993102	2.70041e-24	0.993102	0.993102	0.993083	0.0013734	1.16526e-13	9.78741e-14	0.12728	0.12781	0.993101	0.993102	1.94027e-05	0.000973966	0.000972825	1.94399e-05	4.89915e-05	1.18892	1.18881	1.18892	
0.993102	0.993094	0.993102	0.00872715	5.82745e-05	0.993102	0.993102	4.1283e-05	0.0466398	0.993102	0.993102	2.66567e-24	0.993102	0.993102	0.993083	0.00137283	1.16442e-13	9.77963e-14	0.12736	0.127893	0.993101	0.993102	1.93693e-05	0.000972625	0.000971489	1.94073e-05	4.89731e-05	1.18895	1.18884	1.18895	
0.993102	0.993094	0.993102	0.00874162	5.82767e-05	0.993102	0.993102	4.12479e-05	0.0466233	0.993102	0.993102	2.63972e-24	0.993102	0.993102	0.993083	0.001373	1.16362e-13	9.7713e-14	0.127447	0.127985	0.993101	0.993102	1.93457e-05	0.000971843	0.000970711	1.93844e-05	4.89513e-05	1.18898	1.18888	1.18898	
0.993102	0.993094	0.993102	0.008753	5.82722e-05	0.993102	0.993102	4.12113e-05	0.0466227	0.993102	0.993102	2.61979e-24	0.993102	0.993102	0.993083	0.00137345	1.16281e-13	9.76261e-14	0.12754	0.128081	0.993101	0.993102	1.93262e-05	0.000971338	0.000970209	1.93654e-05	4.8926e-05	1.1891	1.189	1.1891	
0.993102	0.993094	0.993102	0.00876248	5.8238e-05	0.993102	0.993102	4.11575e-05	0.046648	0.993102	0.993102	2.60201e-24	0.993102	0.993102	0.993083	0.00137393	1.16152e-13	9.74984e-14	0.127683	0.128225	0.993101	0.993102	1.93003e-05	0.000970963	0.000969836	1.93398e-05	4.8879e-05	1.18921	1.1891	1.18921	
0.993102	0.993094	0.993102	0.00877153	5.81847e-05	0.993102	0.993102	4.10938e-05	0.0466842	0.993102	0.993102	2.58581e-24	0.993102	0.993102	0.993083	0.00137423	1.15993e-13	9.73474e-14	0.127855	0.128397	0.993101	0.993102	1.92685e-05	0.000970559	0.000969433	1.93079e-05	4.88187e-05	1.18924	1.18914	1.18924	
0.993102	0.993094	0.993102	0.00878068	5.81369e-05	0.993102	0.993102	4.10368e-05	0.0467114	0.993102	0.993102	2.57241e-24	0.993102	0.993102	0.993083	0.00137433	1.15853e-13	9.72121e-14	0.128009	0.128552	0.993101	0.993102	1.92376e-05	0.000970079	0.000968955	1.9277e-05	4.87647e-05	1.18944	1.18935	1.18944	
0.993102	0.993094	0.993102	0.00878953	5.80447e-05	0.993102	0.993102	4.09506e-05	0.0467697	0.993102	0.993102	2.55693e-24	0.993102	0.993102	0.993083	0.00137431	1.15627e-13	9.70078e-14	0.128248	0.128788	0.993101	0.993102	1.91924e-05	0.000969587	0.000968465	1.92311e-05	4.86763e-05	1.18986	1.18978	1.18986	
0.993102	0.993094	0.993102	0.00879951	5.78581e-05	0.993102	0.993102	4.07997e-05	0.0468901	0.993102	0.993102	2.53413e-24	0.993102	0.993102	0.993083	0.00137389	1.1521e-13	9.66502e-14	0.128676	0.129205	0.993101	0.993102	1.91134e-05	0.000968935	0.000967815	1.915e-05	4.85134e-05	1.18977	1.18968	1.18977	
0.993102	0.993093	0.993102	0.00881317	5.7748e-05	0.993102	0.993102	4.07034e-05	0.0469332	0.993102	0.993102	2.51804e-24	0.993102	0.993102	0.993083	0.00137293	1.14953e-13	9.64221e-14	0.128947	0.12947	0.993101	0.993102	1.90516e-05	0.00096786	0.000966743	1.9087e-05	4.84126e-05	1.1898	1.18972	1.1898	
0.993102	0.993093	0.993102	0.00882651	5.76595e-05	0.993102	0.993102	4.06215e-05	0.0469637	0.993102	0.993102	2.50478e-24	0.993102	0.993102	0.993083	0.0013721	1.14741e-13	9.62279e-14	0.129177	0.129696	0.993101	0.993102	1.8998e-05	0.000966846	0.000965732	1.90326e-05	4.83285e-05	1.19012	1.19005	1.19012	
0.993102	0.993093	0.993102	0.00883903	5.75056e-05	0.993102	0.993102	4.04932e-05	0.0470487	0.993102	0.993102	2.48665e-24	0.993102	0.993102	0.993083	0.00137137	1.14394e-13	9.59236e-14	0.129545	0.130055	0.993101	0.993102	1.89249e-05	0.000965939	0.000964827	1.89577e-05	4.8192e-05	1.1901	1.19002	1.1901	
0.993102	0.993093	0.993102	0.00885328	5.74006e-05	0.993102	0.993102	4.03991e-05	0.0470884	0.993102	0.993102	2.47278e-24	0.993102	0.993102	0.993083	0.00137043	1.14148e-13	9.57006e-14	0.129814	0.130318	0.993101	0.993102	1.88644e-05	0.000964847	0.000963739	1.88959e-05	4.80946e-05	1.19028	1.19022	1.19028	
0.993102	0.993093	0.993102	0.00886698	5.72727e-05	0.993102	0.993102	4.02884e-05	0.0471495	0.993102	0.993102	2.45746e-24	0.993102	0.993102	0.993083	0.00136959	1.13853e-13	9.5438e-14	0.130134	0.130629	0.993101	0.993102	1.87979e-05	0.000963838	0.000962732	1.88278e-05	4.79789e-05	1.19045	1.19038	1.19045	
0.993102	0.993093	0.993102	0.00888117	5.71346e-05	0.993102	0.993102	4.01702e-05	0.0472167	0.993102	0.993102	2.44143e-24	0.993102	0.993102	0.993083	0.0013687	1.13538e-13	9.51579e-14	0.130478	0.130963	0.993101	0.993102	1.87273e-05	0.000962786	0.000961683	1.87554e-05	4.78549e-05	1.1904	1.19034	1.1904	
0.993102	0.993093	0.993102	0.00889605	5.70477e-05	0.993102	0.993102	4.00876e-05	0.0472425	0.993102	0.993102	2.42988e-24	0.993102	0.993102	0.993083	0.00136778	1.13328e-13	9.4962e-14	0.130718	0.131196	0.993101	0.993102	1.86722e-05	0.000961674	0.000960574	1.86993e-05	4.77718e-05	1.19055	1.19049	1.19055	
0.993102	0.993093	0.993102	0.00890967	5.69441e-05	0.993102	0.993102	3.99928e-05	0.0472888	0.993102	0.993102	2.41742e-24	0.993102	0.993102	0.993083	0.00136708	1.13082e-13	9.47371e-14	0.130995	0.131466	0.993101	0.993102	1.86146e-05	0.000960716	0.00095962	1.86403e-05	4.76751e-05	1.19058	1.19052	1.19058	
0.993102	0.993093	0.993102	0.00892315	5.68637e-05	0.993102	0.993102	3.99143e-05	0.0473182	0.993102	0.993102	2.40714e-24	0.993102	0.993102	0.993083	0.00136643	1.12885e-13	9.45511e-14	0.131224	0.131689	0.993101	0.993102	1.8565e-05	0.000959776	0.000958683	1.85897e-05	4.75971e-05	1.19066	1.19061	1.19066	
0.993102	0.993093	0.993102	0.00893576	5.67835e-05	0.993102	0.993102	3.98361e-05	0.0473518	0.993102	0.993102	2.39721e-24	0.993102	0.993102	0.993083	0.0013659	1.12688e-13	9.43658e-14	0.131454	0.131913	0.993101	0.993102	1.85174e-05	0.00095893	0.00095784	1.8541e-05	4.75195e-05	1.19061	1.19055	1.19061	
0.993102	0.993093	0.993102	0.00894784	5.67421e-05	0.993102	0.993102	3.97857e-05	0.0473581	0.993102	0.993102	2.39083e-24	0.993102	0.993102	0.993083	0.00136548	1.12573e-13	9.42461e-14	0.131601	0.132057	0.993101	0.993102	1.84836e-05	0.000958135	0.000957047	1.85067e-05	4.74732e-05	1.19068	1.19063	1.19068	
0.993102	0.993093	0.993102	0.00895824	5.66933e-05	0.993102	0.993102	3.97306e-05	0.0473776	0.993102	0.993102	2.38431e-24	0.993102	0.993102	0.993083	0.00136526	1.12442e-13	9.41155e-14	0.131763	0.132215	0.993101	0.993102	1.84508e-05	0.000957509	0.000956423	1.84732e-05	4.74215e-05	1.19073	1.19067	1.19073	
0.993102	0.993093	0.993102	0.00896784	5.66465e-05	0.993102	0.993102	3.96781e-05	0.0473981	0.993102	0.993102	2.37819e-24	0.993102	0.993102	0.993083	0.0013651	1.12318e-13	9.39908e-14	0.131918	0.132366	0.993101	0.993102	1.84201e-05	0.000956947	0.000955863	1.8442e-05	4.7372e-05	1.19067	1.19061	1.19067	
0.993102	0.993093	0.993102	0.00897681	5.66308e-05	0.993102	0.993102	3.96484e-05	0.0473966	0.993102	0.993102	2.37493e-24	0.993102	0.993102	0.993083	0.001365	1.1226e-13	9.39205e-14	0.132003	0.132451	0.993101	0.993102	1.84007e-05	0.000956427	0.000955345	1.84225e-05	4.73477e-05	1.19075	1.1907	1.19075	
0.993102	0.993093	0.993102	0.00898425	5.65983e-05	0.993102	0.993102	3.96081e-05	0.0474136	0.993102	0.993102	2.37062e-24	0.993102	0.993102	0.993083	0.00136503	1.12169e-13	9.38249e-14	0.132121	0.132567	0.993101	0.993102	1.83787e-05	0.000956045	0.000954965	1.84001e-05	4.73109e-05	1.19078	1.19073	1.19078	
0.993102	0.993093	0.993102	0.00899126	5.65681e-05	0.993102	0.993102	3.95709e-05	0.0474286	0.993102	0.993102	2.3666e-24	0.993102	0.993102	0.993083	0.00136504	1.12084e-13	9.37367e-14	0.132231	0.132675	0.993101	0.993102	1.83581e-05	0.000955678	0.000954598	1.83792e-05	4.72768e-05	1.19084	1.19079	1.19084	
0.993102	0.993093	0.993102	0.00899781	5.65293e-05	0.993102	0.993102	3.9529e-05	0.0474504	0.993102	0.993102	2.36196e-24	0.993102	0.993102	0.993083	0.00136502	1.11983e-13	9.36372e-14	0.132356	0.132797	0.993101	0.993102	1.83354e-05	0.00095533	0.000954252	1.83559e-05	4.72369e-05	1.19092	1.19087	1.19092	
0.993102	0.993093	0.993102	0.00900429	5.648e-05	0.993102	0.993102	3.94809e-05	0.0474786	0.993102	0.993102	2.35642e-24	0.993102	0.993102	0.993083	0.00136492	1.11861e-13	9.35232e-14	0.1325	0.132937	0.993101	0.993102	1.83092e-05	0.000954965	0.000953888	1.83291e-05	4.71893e-05	1.19086	1.19081	1.19086	
0.993102	0.993093	0.993102	0.00901099	5.6463e-05	0.993102	0.993102	3.94561e-05	0.0474795	0.993102	0.993102	2.35355e-24	0.993102	0.993102	0.993083	0.00136476	1.11808e-13	9.34646e-14	0.132574	0.133009	0.993101	0.993102	1.82929e-05	0.000954556	0.00095348	1.83125e-05	4.7168e-05	1.19088	1.19082	1.19088	
0.993102	0.993093	0.993102	0.00901665	5.64473e-05	0.993102	0.993102	3.94329e-05	0.0474842	0.993102	0.993102	2.35107e-24	0.993102	0.993102	0.993083	0.00136474	1.11759e-13	9.34094e-14	0.132642	0.133076	0.993101	0.993102	1.8279e-05	0.000954246	0.000953171	1.82985e-05	4.71478e-05	1.19097	1.19092	1.19097	
0.993102	0.993093	0.993102	0.0090216	5.641e-05	0.993102	0.993102	3.93954e-05	0.0475073	0.993102	0.993102	2.34692e-24	0.993102	0.993102	0.993083	0.00136473	1.11666e-13	9.33206e-14	0.132755	0.133186	0.993101	0.993102	1.82594e-05	0.000953991	0.000952917	1.82783e-05	4.71111e-05	1.19106	1.19101	1.19106	
0.993102	0.993093	0.993102	0.0090268	5.63595e-05	0.993102	0.993102	3.93497e-05	0.0475374	0.993102	0.993102	2.34156e-24	0.993102	0.993102	0.993083	0.0013646	1.11546e-13	9.32122e-14	0.132894	0.13332	0.993101	0.993102	1.82349e-05	0.000953689	0.000952616	1.8253e-05	4.70649e-05	1.19101	1.19096	1.19101	
0.993102	0.993093	0.993102	0.00903252	5.63369e-05	0.993102	0.993102	3.9324e-05	0.0475427	0.993102	0.993102	2.33842e-24	0.993102	0.993102	0.993083	0.00136439	1.11484e-13	9.31512e-14	0.132972	0.133395	0.993101	0.993102	1.82182e-05	0.000953319	0.000952246	1.82359e-05	4.7041e-05	1.19109	1.19105	1.19109	
0.993102	0.993093	0.993102	0.00903756	5.62978e-05	0.993102	0.993102	3.9287e-05	0.0475638	0.993102	0.993102	2.33406e-24	0.993102	0.993102	0.993083	0.00136425	1.11389e-13	9.30636e-14	0.133084	0.133504	0.993101	0.993102	1.81976e-05	0.000953016	0.000951944	1.82146e-05	4.70041e-05	1.19104	1.191	1.19104	
0.993102	0.993093	0.993102	0.00904274	5.6284e-05	0.993102	0.993102	3.92681e-05	0.0475639	0.993102	0.993102	2.33179e-24	0.993102	0.993102	0.993083	0.00136408	1.11347e-13	9.30187e-14	0.133142	0.133559	0.993101	0.993102	1.81847e-05	0.000952688	0.000951617	1.82014e-05	4.69878e-05	1.19111	1.19107	1.19111	
0.993102	0.993093	0.993102	0.00904709	5.6256e-05	0.993102	0.993102	3.92396e-05	0.0475786	0.993102	0.993102	2.32853e-24	0.993102	0.993102	0.993083	0.001364	1.11276e-13	9.29511e-14	0.133229	0.133643	0.993101	0.993102	1.81689e-05	0.000952442	0.000951372	1.8185e-05	4.69604e-05	1.19105	1.19101	1.19105	
