0.25	1.27727e-12	0.25	0.000618156	0.000618156	0.748882	0.998264	0.998263	0.748264	0.25	0.25	1.27727e-12	1.27727e-12	0.25	0.25	5.42631e-30	0.25	0.000618156	5.42631e-30	1.27727e-12	0.25	0.000618156	0.000618156	0.000618156	0.000618156	0.000618156	0.25	0	0	0	
0.993102	0.9931	0.993102	0.00640191	0.000116624	0.993102	0.993102	9.27369e-05	0.0391005	0.993102	0.993102	2.01255e-23	1.27727e-12	0.25	0.25	5.42631e-30	0.25	0.000618156	5.42631e-30	1.27727e-12	0.25	0.000618156	0.000618156	0.000618156	0.000618156	0.000618156	0.25	1.15551	1.12854	1.15551	
0.993102	0.9931	0.993102	0.00652484	0.000114572	0.993102	0.993102	9.0569e-05	0.0412244	0.993102	0.993102	1.97274e-23	0.25	0.437066	0.437063	0.000625655	0.187066	0.000462543	0.0100849	0.0169055	0.437065	0.250463	0.000473556	0.000746908	0.000746246	0.000481429	0.18708	0.993102	0.9931	0.993102	
0.993102	0.993099	0.993102	0.00670047	0.000788541	0.993101	0.993102	0.000610464	0.0311193	0.993102	0.993102	1.74795e-21	0.437066	0.57704	0.577038	0.000819941	0.139974	0.000346104	0.00824609	0.0133539	0.57704	0.437412	0.000625758	0.000831411	0.000830293	0.000631659	0.140603	0.99594	0.995938	0.99594	
0.993102	0.993099	0.993102	0.00649618	0.00124962	0.993101	0.993102	0.000967801	0.0236469	0.993102	0.993102	3.20828e-21	0.57704	0.681778	0.681777	0.00104385	0.104738	0.000258977	0.00688856	0.0107399	0.681778	0.577299	0.000782048	0.000963648	0.000957474	0.000786472	0.105792	0.997688	0.997686	0.997688	
0.993102	0.993099	0.993102	0.00611926	0.00156494	0.993101	0.993102	0.00121968	0.0181358	0.993102	0.993102	4.44996e-21	0.681778	0.76015	0.760148	0.00127406	0.0783715	0.000193783	0.00587805	0.00880733	0.760149	0.681972	0.000937012	0.00112409	0.00110954	0.000940329	0.0797246	0.999685	0.999683	0.999685	
0.993102	0.993099	0.993102	0.00568413	0.00176872	0.993101	0.993102	0.00139239	0.0140893	0.993102	0.993102	5.42631e-21	0.76015	0.818792	0.818791	0.00149338	0.0586425	0.000145001	0.00513358	0.00738656	0.818792	0.760295	0.00107854	0.00129615	0.00127127	0.00108103	0.060197	1.00411	1.00411	1.00411	
0.993102	0.993099	0.993102	0.00525199	0.00186407	0.993101	0.993102	0.00148487	0.0111617	0.993102	0.993102	5.94814e-21	0.818792	0.862673	0.862671	0.0016912	0.0438801	0.000108499	0.00462878	0.00638941	0.862672	0.818901	0.00118158	0.0014669	0.00143104	0.00118345	0.0455394	1.00664	1.00664	1.00664	
0.993102	0.9931	0.993102	0.00485426	0.00190348	0.993101	0.993102	0.00153592	0.00904489	0.993102	0.993102	6.24449e-21	0.862673	0.895506	0.895505	0.00186228	0.0328339	8.11858e-05	0.00428004	0.00568003	0.895506	0.862754	0.0012617	0.00162655	0.0015804	0.0012631	0.0345473	1.00822	1.00822	1.00822	
0.993102	0.9931	0.993102	0.00450364	0.00191274	0.993101	0.993102	0.00156418	0.00751536	0.993102	0.993102	6.41498e-21	0.895506	0.920075	0.920074	0.00200546	0.0245684	6.07484e-05	0.00403628	0.00517075	0.920074	0.895567	0.00132568	0.00176983	0.00171469	0.00132674	0.0263076	1.01006	1.01006	1.01006	
0.993102	0.9931	0.993102	0.00420292	0.00189856	0.993101	0.993102	0.00157321	0.00642332	0.993102	0.993102	6.4579e-21	0.920075	0.938459	0.938457	0.00212221	0.0183836	4.54558e-05	0.00387779	0.00481729	0.938458	0.92012	0.00137124	0.0018946	0.00183199	0.00137204	0.0201257	1.0114	1.01139	1.0114	
0.993102	0.9931	0.993102	0.00395011	0.00187283	0.993101	0.993102	0.00157171	0.00564579	0.993102	0.993102	6.4287e-21	0.938459	0.952214	0.952213	0.00221528	0.0137558	3.40129e-05	0.00377704	0.00457261	0.952213	0.938493	0.00140347	0.00200046	0.00193195	0.00140408	0.0154883	1.01323	1.01323	1.01323	
0.993102	0.9931	0.993102	0.00374062	0.00183514	0.993101	0.993102	0.00155833	0.00510836	0.993102	0.993102	6.3096e-21	0.952214	0.962507	0.962506	0.00228805	0.010293	2.54506e-05	0.00373018	0.0044205	0.962506	0.95224	0.00141972	0.00208847	0.0020155	0.00142018	0.012003	1.01683	1.01683	1.01683	
0.993102	0.9931	0.993102	0.00356925	0.00177524	0.993101	0.993102	0.00152326	0.00478127	0.993102	0.993102	6.02774e-21	0.962507	0.970209	0.970208	0.00234386	0.00770185	1.90438e-05	0.00375962	0.00437656	0.970208	0.962526	0.00140992	0.00216009	0.00208401	0.00141027	0.0093663	1.01786	1.01786	1.01786	
0.993102	0.993101	0.993102	0.00343134	0.00172119	0.993101	0.993102	0.00149098	0.00456086	0.993102	0.993102	5.76822e-21	0.970209	0.975972	0.975971	0.00238554	0.00576301	1.42498e-05	0.00380083	0.00436203	0.975971	0.970223	0.00139776	0.00221645	0.00213864	0.00139804	0.00738556	1.01855	1.01855	1.01855	
0.993102	0.993101	0.993102	0.00332113	0.00167455	0.993101	0.993102	0.00146295	0.00441225	0.993102	0.993102	5.5417e-21	0.975972	0.980284	0.980283	0.00241617	0.00431225	1.06626e-05	0.00384499	0.00436322	0.980283	0.975983	0.00138546	0.00226023	0.0021817	0.00138567	0.00589827	1.02213	1.02213	1.02213	
0.993102	0.993101	0.993102	0.00323357	0.00161236	0.993101	0.993102	0.00141872	0.00437654	0.993102	0.993102	5.20943e-21	0.980284	0.983511	0.98351	0.0024383	0.0032267	7.97842e-06	0.00395189	0.00444277	0.98351	0.980292	0.00135374	0.00229388	0.00221531	0.00135392	0.00475971	1.02477	1.02477	1.02477	
0.993102	0.993101	0.993102	0.00316556	0.00154709	0.993101	0.993102	0.00136952	0.00440623	0.993102	0.993102	4.85334e-21	0.983511	0.985926	0.985924	0.00245344	0.00241442	5.96997e-06	0.0040913	0.00456367	0.985925	0.983517	0.00131395	0.00231821	0.00224037	0.00131408	0.00388999	1.02545	1.02545	1.02545	
0.993102	0.993101	0.993102	0.00311383	0.00149354	0.993102	0.993102	0.00132898	0.00444049	0.993102	0.993102	4.55958e-21	0.985926	0.987732	0.987731	0.00246311	0.00180662	4.46711e-06	0.00421318	0.00466923	0.987731	0.98593	0.00127995	0.00233468	0.0022582	0.00128006	0.0032348	1.02563	1.02563	1.02563	
0.993102	0.993101	0.993102	0.00307469	0.0014522	0.993102	0.993102	0.00129787	0.00446731	0.993102	0.993102	4.33153e-21	0.987732	0.989084	0.989082	0.00246897	0.00135183	3.34257e-06	0.00431041	0.00475142	0.989083	0.987735	0.00125325	0.00234547	0.00227068	0.00125334	0.00274338	1.02652	1.02651	1.02652	
0.993102	0.993101	0.993102	0.0030451	0.00141534	0.993102	0.993102	0.0012695	0.00450545	0.993102	0.993102	4.12766e-21	0.989084	0.990096	0.990094	0.0024723	0.00101153	2.50113e-06	0.00440531	0.00483431	0.990095	0.989086	0.00122792	0.00235237	0.00227934	0.001228	0.00237001	1.02629	1.02629	1.02629	
0.993102	0.993101	0.993102	0.00302307	0.00138924	0.993102	0.993102	0.0012498	0.00452639	0.993102	0.993102	3.98198e-21	0.990096	0.990852	0.990851	0.00247382	0.000756888	1.8715e-06	0.0044725	0.00488983	0.990851	0.990097	0.00121007	0.00235629	0.00228505	0.00121014	0.00209206	1.02772	1.02772	1.02772	
0.993102	0.993101	0.993102	0.00300654	0.00136039	0.993102	0.993102	0.00122673	0.00457387	0.993102	0.993102	3.82251e-21	0.990852	0.991419	0.991417	0.00247432	0.000566352	1.40038e-06	0.00455783	0.00496758	0.991418	0.990854	0.00118838	0.00235844	0.00228886	0.00118844	0.0018751	1.0266	1.02659	1.0266	
0.993102	0.993101	0.993102	0.00299472	0.00134613	0.993102	0.993102	0.0012162	0.00458082	0.993102	0.993102	3.74086e-21	0.991419	0.991843	0.991841	0.00247391	0.00042378	1.04785e-06	0.00459624	0.00499637	0.991842	0.99142	0.0011783	0.00235886	0.00229089	0.00117835	0.00171979	1.02719	1.02719	1.02719	
0.993102	0.993101	0.993102	0.00298579	0.0013316	0.993102	0.993102	0.00120488	0.00459901	0.993102	0.993102	3.65882e-21	0.991843	0.99216	0.992158	0.00247331	0.000317099	7.84071e-07	0.0046396	0.00503277	0.992159	0.991843	0.00116732	0.0023588	0.00229221	0.00116737	0.00159986	1.02603	1.02603	1.02603	
0.993102	0.993101	0.993102	0.00297928	0.00132832	0.993102	0.993102	0.00120336	0.00458494	0.993102	0.993102	3.63769e-21	0.99216	0.992397	0.992395	0.00247251	0.000237274	5.86692e-07	0.00464536	0.00503031	0.992396	0.99216	0.00116568	0.00235824	0.00229286	0.00116573	0.00151744	1.02622	1.02622	1.02622	
0.993102	0.993101	0.993102	0.00297402	0.0013246	0.993102	0.993102	0.00120113	0.00457891	0.993102	0.993102	3.61528e-21	0.992397	0.992574	0.992573	0.00247192	0.000177543	4.39001e-07	0.00465406	0.00503304	0.992573	0.992397	0.00116344	0.00235792	0.00229349	0.00116349	0.00145457	1.0293	1.02929	1.0293	
0.993102	0.993101	0.993102	0.00296988	0.00130207	0.993102	0.993102	0.00118155	0.00464696	0.993102	0.993102	3.49501e-21	0.992574	0.992707	0.992706	0.00247143	0.000132849	3.28489e-07	0.00473509	0.00511511	0.992706	0.992575	0.00114443	0.00235769	0.002294	0.00114447	0.00138849	1.03034	1.03034	1.03034	
0.993102	0.993101	0.993102	0.00296796	0.00127887	0.993102	0.993102	0.00116107	0.00472086	0.993102	0.993102	3.37152e-21	0.992707	0.992807	0.992805	0.00247033	9.94063e-05	2.45797e-07	0.00482357	0.0052048	0.992806	0.992708	0.00112417	0.00235621	0.00229338	0.00112421	0.00133283	1.03333	1.03333	1.03333	
0.993102	0.993101	0.993102	0.00296787	0.00124395	0.993102	0.993102	0.0011297	0.00484933	0.993102	0.993102	3.19283e-21	0.992807	0.992881	0.992879	0.00246876	7.43821e-05	1.83922e-07	0.00496996	0.00535626	0.99288	0.992807	0.0010931	0.00235372	0.00229182	0.00109314	0.00127414	1.03309	1.03308	1.03309	
0.993102	0.993101	0.993102	0.00297019	0.00121943	0.993102	0.993102	0.00110751	0.0049339	0.993102	0.993102	3.06406e-21	0.992881	0.992937	0.992935	0.00246634	5.56574e-05	1.37623e-07	0.00507542	0.0054624	0.992936	0.992881	0.00107046	0.00234956	0.00228883	0.00107049	0.0012316	1.03154	1.03154	1.03154	
0.993102	0.993101	0.993102	0.00297358	0.00121026	0.993102	0.993102	0.00109911	0.00495444	0.993102	0.993102	3.00947e-21	0.992937	0.992978	0.992977	0.00246379	4.16464e-05	1.02979e-07	0.00511522	0.00549795	0.992977	0.992937	0.00106097	0.00234491	0.00228537	0.00106101	0.00120847	1.03096	1.03095	1.03096	
0.993102	0.993101	0.993102	0.00297666	0.00120699	0.993102	0.993102	0.001096	0.00495415	0.993102	0.993102	2.98547e-21	0.992978	0.99301	0.993008	0.0024618	3.11625e-05	7.70558e-08	0.00513041	0.00550822	0.993009	0.992978	0.00105685	0.00234099	0.00228244	0.00105688	0.00119457	1.03031	1.03031	1.03031	
0.993102	0.993101	0.993102	0.0029791	0.00120849	0.993102	0.993102	0.0010972	0.00493788	0.993102	0.993102	2.98673e-21	0.99301	0.993033	0.993031	0.00246043	2.33178e-05	5.76587e-08	0.00512549	0.00549823	0.993032	0.99301	0.00105717	0.00233798	0.00228023	0.00105721	0.00118792	1.03011	1.03011	1.03011	
0.993102	0.993101	0.993102	0.00298074	0.00121085	0.993102	0.993102	0.00109921	0.00492125	0.993102	0.993102	2.99403e-21	0.993033	0.99305	0.993048	0.00245966	1.74478e-05	4.31446e-08	0.00511663	0.00548531	0.993049	0.993033	0.00105858	0.00233595	0.00227877	0.00105861	0.00118414	1.02943	1.02943	1.02943	
0.993102	0.993101	0.993102	0.00298173	0.0012168	0.993102	0.993102	0.0011045	0.00489286	0.993102	0.993102	3.02068e-21	0.99305	0.993063	0.993062	0.0024593	1.30556e-05	3.22842e-08	0.00509269	0.0054573	0.993062	0.99305	0.00106337	0.00233468	0.00227789	0.0010634	0.00118533	1.02819	1.02819	1.02819	
0.993102	0.993101	0.993102	0.002982	0.00122903	0.993102	0.993102	0.00111553	0.00484301	0.993102	0.993102	3.08082e-21	0.993063	0.993073	0.993071	0.00245935	9.76902e-06	2.41578e-08	0.00504356	0.00540338	0.993072	0.993063	0.00107392	0.00233419	0.00227761	0.00107396	0.00119374	1.02686	1.02685	1.02686	
0.993102	0.993101	0.993102	0.0029813	0.00124671	0.993102	0.993102	0.00113159	0.00477641	0.993102	0.993102	3.17166e-21	0.993073	0.99308	0.993079	0.00245989	7.3098e-06	1.80771e-08	0.00497368	0.00532847	0.993079	0.993073	0.00108962	0.00233468	0.0022781	0.00108965	0.00120832	1.02605	1.02605	1.02605	
0.993102	0.993101	0.993102	0.00297952	0.00126511	0.993102	0.993102	0.00114841	0.00471055	0.993102	0.993102	3.26911e-21	0.99308	0.993086	0.993084	0.00246092	5.46966e-06	1.35272e-08	0.00490117	0.00525201	0.993085	0.99308	0.00110638	0.00233623	0.00227942	0.00110642	0.00122433	1.02523	1.02523	1.02523	
0.993102	0.993101	0.993102	0.0029769	0.00128425	0.993102	0.993102	0.00116599	0.00464513	0.993102	0.993102	3.37307e-21	0.993086	0.99309	0.993088	0.00246228	4.09275e-06	1.01227e-08	0.00482659	0.00517429	0.993089	0.993086	0.00112411	0.00233857	0.00228135	0.00112415	0.00124159	1.02626	1.02625	1.02626	
0.993102	0.993101	0.993102	0.00297362	0.00129159	0.993102	0.993102	0.00117295	0.00462159	0.993102	0.993102	3.41479e-21	0.99309	0.993093	0.993091	0.00246384	3.06245e-06	7.57514e-09	0.00479331	0.00514169	0.993092	0.99309	0.00113177	0.00234153	0.00228376	0.0011318	0.00124791	0.989733	0.989731	0.989733	
0.993102	0.993101	0.993102	0.00297062	0.00165176	0.993101	0.993102	0.00150073	0.00401181	0.993102	0.993102	6.39622e-21	0.993093	0.993095	0.993094	0.00246513	2.29152e-06	5.66972e-09	0.004157	0.00446063	0.993094	0.993093	0.00144976	0.0023442	0.0022859	0.0014498	0.00159487	1.00694	1.00693	1.00694	
0.993102	0.993101	0.993102	0.00295448	0.00171895	0.993101	0.993102	0.00156497	0.00380263	0.993102	0.993102	6.73986e-21	0.993095	0.993097	0.993096	0.00246994	1.71466e-06	4.24353e-09	0.00389819	0.00420194	0.993096	0.993095	0.00151773	0.00236172	0.00229841	0.00151777	0.0016624	0.978677	0.978675	0.978676	
0.993102	0.993101	0.993101	0.00293795	0.00213359	0.993101	0.993102	0.00194808	0.00330414	0.993102	0.993102	1.11171e-20	0.993097	0.993098	0.993097	0.00247498	1.28302e-06	3.17719e-09	0.00336318	0.00363583	0.993097	0.993097	0.00189969	0.00237897	0.00231098	0.00189974	0.00206809	0.975014	0.975012	0.975013	
0.993102	0.993101	0.993101	0.00291244	0.00250079	0.993101	0.993102	0.00229389	0.00290996	0.993102	0.993102	1.54189e-20	0.993098	0.993099	0.993098	0.00248017	9.60042e-07	2.37944e-09	0.00292158	0.00317741	0.993098	0.993098	0.00225159	0.00240791	0.00233088	0.00225165	0.00243408	0.988312	0.988311	0.988312	
0.993102	0.993101	0.993101	0.00288218	0.00255984	0.993101	0.993102	0.00235819	0.00276079	0.993102	0.993102	1.57395e-20	0.993099	0.9931	0.993099	0.00248429	7.18366e-07	1.78205e-09	0.00270299	0.00297296	0.993099	0.993099	0.00232656	0.00244358	0.00235472	0.00232661	0.00250144	0.936887	0.936886	0.936887	
0.993102	0.993101	0.993101	0.0028557	0.00382823	0.993101	0.993102	0.00355228	0.00227584	0.993102	0.993102	4.47263e-20	0.9931	0.993101	0.9931	0.00248762	5.37531e-07	1.33793e-09	0.0022068	0.00243764	0.9931	0.9931	0.0035329	0.00247377	0.00237516	0.00353297	0.00376466	0.957299	0.957297	0.957298	
0.993102	0.993101	0.993101	0.00281215	0.00410887	0.993101	0.993102	0.00385005	0.00203787	0.993102	0.993102	4.81644e-20	0.993101	0.993101	0.9931	0.00248154	4.02218e-07	1.00418e-09	0.00190865	0.0021442	0.9931	0.993101	0.00384936	0.00253544	0.00241134	0.00384943	0.00407861	0.962607	0.962606	0.962607	
0.993102	0.993101	0.993101	0.00277123	0.00418651	0.993101	0.993102	0.00395424	0.00190339	0.993102	0.993102	4.79715e-20	0.993101	0.993101	0.993101	0.00247496	3.00968e-07	7.54162e-10	0.00170915	0.00196013	0.9931	0.993101	0.00397038	0.00259281	0.00244523	0.00397044	0.00418703	0.986411	0.986409	0.98641	
0.993102	0.993101	0.993101	0.00273636	0.00382257	0.993101	0.993102	0.00362726	0.00203686	0.993102	0.993102	4.05086e-20	0.993101	0.993102	0.993101	0.00246907	2.25205e-07	5.66036e-10	0.00172794	0.00203833	0.9931	0.993101	0.00365099	0.00264015	0.00247365	0.00365104	0.00383939	0.959355	0.959354	0.959354	
0.993102	0.993101	0.993101	0.00271545	0.00405014	0.993101	0.993102	0.00386108	0.00187525	0.993102	0.993102	4.38804e-20	0.993102	0.993102	0.993101	0.00246574	1.68516e-07	4.26487e-10	0.00155973	0.00185804	0.993101	0.993102	0.00389488	0.00266414	0.00248903	0.00389494	0.00408396	1.07824	1.07823	1.07824	
0.993102	0.993101	0.993101	0.002694	0.00314087	0.993101	0.993102	0.00299599	0.00518307	0.993102	0.993102	3.29512e-20	0.993102	0.993102	0.9931	0.00246177	1.26094e-07	3.19399e-10	0.00397297	0.00493043	0.993101	0.993102	0.0030231	0.00269071	0.00250558	0.00302314	0.00316873	1.08211	1.08211	1.08211	
0.993102	0.993101	0.993101	0.00273481	0.00245402	0.993101	0.993102	0.00234076	0.00756911	0.993102	0.993102	2.475e-20	0.993102	0.993102	0.993099	0.00242844	9.4352e-08	2.39244e-10	0.00616261	0.00750848	0.993101	0.993102	0.00235624	0.00264337	0.0024666	0.00235627	0.00247549	1.07406	1.07406	1.07406	
0.993102	0.993101	0.993101	0.00281154	0.00195989	0.993101	0.993102	0.00186765	0.00858928	0.993102	0.993102	1.86431e-20	0.993102	0.993102	0.993099	0.00238416	7.06005e-08	1.79306e-10	0.00744408	0.00888001	0.993101	0.993102	0.00186853	0.00256278	0.00240258	0.00186856	0.00197498	1.07675	1.07675	1.07675	
0.993102	0.993101	0.993102	0.00289449	0.00158499	0.993102	0.993102	0.0015074	0.00939325	0.993102	0.993102	1.40588e-20	0.993102	0.993102	0.993099	0.00234635	5.2828e-08	1.34439e-10	0.00864827	0.010089	0.993101	0.993102	0.00149606	0.00247974	0.00233833	0.00149609	0.00159407	1.04877	1.04877	1.04877	
0.993102	0.993101	0.993102	0.00297781	0.00139507	0.993102	0.993102	0.00131987	0.00868113	0.993102	0.993102	1.08483e-20	0.993102	0.993102	0.993099	0.00231479	3.95298e-08	1.01065e-10	0.00828151	0.00953261	0.993101	0.993102	0.001288	0.00240059	0.00227784	0.00128803	0.00139614	1.06567	1.06567	1.06567	
0.993102	0.993101	0.993102	0.00303438	0.00119384	0.993102	0.993102	0.0011243	0.00882205	0.993102	0.993102	8.28721e-21	0.993102	0.993102	0.993099	0.00230317	2.9579e-08	7.59559e-11	0.00876039	0.00990964	0.993101	0.993102	0.00108571	0.00234502	0.00223814	0.00108574	0.00118975	1.05246	1.05246	1.05246	
0.993102	0.993101	0.993102	0.00308397	0.00108959	0.993102	0.993102	0.00101909	0.008372	0.993102	0.993102	6.48866e-21	0.993102	0.993102	0.993099	0.00229632	2.21334e-08	5.72662e-11	0.00855349	0.00955468	0.993101	0.993102	0.00097078	0.00229757	0.00220485	0.000970812	0.00107918	1.0422	1.0422	1.0422	
0.993102	0.993101	0.993102	0.0031171	0.00105697	0.993102	0.993102	0.000980585	0.00771576	0.993102	0.993102	5.29307e-21	0.993102	0.993102	0.993099	0.00229875	1.65621e-08	4.33779e-11	0.00804243	0.00889687	0.993101	0.993102	0.000922554	0.00226467	0.00218361	0.000922591	0.00103941	1.05767	1.05766	1.05766	
0.993102	0.993101	0.993102	0.00313304	0.000968574	0.993102	0.993102	0.000893709	0.00776953	0.993102	0.993102	4.19978e-21	0.993102	0.993102	0.993099	0.00230951	1.23932e-08	3.28449e-11	0.00825611	0.00903344	0.993101	0.993102	0.000836224	0.00224646	0.00217434	0.000836263	0.00094801	1.05991	1.05991	1.05991	
0.993102	0.993101	0.993102	0.00314772	0.000894989	0.993102	0.993102	0.000821637	0.00789118	0.993102	0.993102	3.36101e-21	0.993102	0.993102	0.993099	0.00231831	9.2738e-09	2.49457e-11	0.00853072	0.00924442	0.993101	0.993102	0.000765076	0.00223032	0.00216588	0.000765115	0.000872151	1.05446	1.05445	1.05445	
0.993102	0.993101	0.993102	0.00316229	0.000859869	0.993102	0.993102	0.000785274	0.0077592	0.993102	0.993102	2.78608e-21	0.993102	0.993102	0.993099	0.00232464	6.93967e-09	1.90769e-11	0.0085048	0.00914838	0.993101	0.993102	0.000727514	0.0022153	0.00215748	0.000727557	0.000834144	1.03189	1.03188	1.03188	
0.993102	0.993101	0.993102	0.00317213	0.000942266	0.993102	0.993102	0.000855142	0.00699138	0.993102	0.993102	2.7555e-21	0.993102	0.993102	0.9931	0.00233172	5.19338e-09	1.49192e-11	0.00772221	0.00827107	0.993101	0.993102	0.000788411	0.00220472	0.00215222	0.000788465	0.000909165	1.01967	1.01967	1.01967	
0.993102	0.993101	0.993102	0.00316645	0.00108603	0.993102	0.993102	0.000981284	0.00617809	0.993102	0.993102	3.1723e-21	0.993102	0.993102	0.9931	0.00234571	3.88688e-09	1.19877e-11	0.00683898	0.00730723	0.993101	0.993102	0.00090623	0.00220693	0.00215734	0.000906301	0.00104405	1.01655	1.01655	1.01655	
0.993102	0.993101	0.993102	0.00314731	0.001217	0.993102	0.993102	0.00109764	0.00553194	0.993102	0.993102	3.6521e-21	0.993102	0.993102	0.9931	0.00236455	2.90932e-09	9.84985e-12	0.00610631	0.00651861	0.993101	0.993102	0.00102022	0.00222076	0.00217153	0.0010203	0.00116833	1.0045	1.0045	1.0045	
0.993102	0.993101	0.993102	0.00312067	0.00142363	0.993102	0.993102	0.00128376	0.00486711	0.993102	0.993102	4.82927e-21	0.993102	0.993102	0.9931	0.00238483	2.17811e-09	8.49339e-12	0.00534097	0.00570382	0.993101	0.993102	0.00120427	0.00224135	0.00219069	0.00120437	0.00136666	0.945439	0.945437	0.945435	
0.993102	0.993101	0.993101	0.00308706	0.00272207	0.993101	0.993102	0.00246196	0.00387046	0.993102	0.993102	2.61594e-20	0.993102	0.993102	0.993101	0.0024055	1.63359e-09	1.0032e-11	0.00423098	0.00452196	0.993101	0.993102	0.00235101	0.00226911	0.00221472	0.00235123	0.00262013	0.946217	0.946216	0.946214	
0.993102	0.993101	0.993101	0.00302902	0.00362939	0.993101	0.993102	0.00332147	0.00314497	0.993102	0.993102	4.18535e-20	0.993102	0.993102	0.993101	0.00241938	1.22608e-09	1.12242e-11	0.00338718	0.00364142	0.993101	0.993102	0.00321538	0.00233237	0.00225822	0.00321566	0.00353347	0.932813	0.932811	0.932809	
0.993102	0.993101	0.9931	0.00296161	0.0047564	0.9931	0.993102	0.00441816	0.00255337	0.993102	0.993102	6.99152e-20	0.993102	0.993102	0.993101	0.00242727	9.22299e-10	1.33541e-11	0.00269494	0.00292174	0.993101	0.993102	0.00433406	0.00241205	0.00231008	0.0043344	0.00469653	0.943633	0.943632	0.94363	
0.993102	0.993101	0.9931	0.00288635	0.00516757	0.9931	0.993102	0.00486707	0.00217336	0.993102	0.993102	7.76162e-20	0.993102	0.993102	0.993101	0.00242572	6.9404e-10	1.40799e-11	0.00220266	0.00243045	0.993101	0.993102	0.00481665	0.00251019	0.00237013	0.004817	0.00516999	0.899044	0.899043	0.899041	
0.993102	0.993101	0.993099	0.00281707	0.00771473	0.993099	0.993102	0.00742186	0.00173674	0.993102	0.993102	2.09567e-19	0.993102	0.993102	0.993102	0.00242143	5.28888e-10	2.06046e-11	0.00172242	0.00191863	0.993101	0.993102	0.0074371	0.00260129	0.00242577	0.00743756	0.00786954	0.869986	0.869984	0.869982	
0.993102	0.993101	0.993098	0.00272543	0.0122323	0.993098	0.993102	0.012242	0.00136858	0.993102	0.993102	6.44757e-19	0.993102	0.993102	0.993102	0.00239144	4.12851e-10	3.43897e-11	0.00132441	0.00149151	0.993101	0.993102	0.0123947	0.00275388	0.0025075	0.0123953	0.0129536	0.954553	0.954551	0.95455	
0.993102	0.993101	0.993098	0.00259411	0.0102557	0.993099	0.993102	0.0104226	0.0014783	0.993102	0.993102	4.99109e-19	0.993102	0.993102	0.993102	0.00231462	3.12092e-10	2.95662e-11	0.00113618	0.00141835	0.993101	0.993102	0.0105712	0.00304036	0.00264413	0.0105716	0.0110253	0.930828	0.930827	0.930825	
0.993102	0.993101	0.993099	0.0025146	0.00950174	0.993099	0.993102	0.00982668	0.00136775	0.993102	0.993102	4.16293e-19	0.993102	0.993102	0.993102	0.00227083	2.38639e-10	2.80614e-11	0.000950969	0.00124899	0.993101	0.993102	0.00998302	0.00318138	0.00271739	0.00998339	0.0103846	0.919677	0.919676	0.919674	
0.993102	0.993101	0.993099	0.00245885	0.00941351	0.993099	0.993102	0.0098863	0.00122766	0.993102	0.993102	3.78442e-19	0.993102	0.993102	0.993102	0.00224226	1.84974e-10	2.83197e-11	0.000795306	0.00108453	0.993101	0.993102	0.0100611	0.00326478	0.00276509	0.0100615	0.010433	0.88534	0.885338	0.885337	
0.993102	0.993101	0.993098	0.00241357	0.0115703	0.993099	0.993102	0.0123875	0.00102165	0.993102	0.993102	5.47997e-19	0.993102	0.993102	0.993102	0.00221896	1.51184e-10	3.57324e-11	0.000637166	0.000886913	0.993101	0.993102	0.0126396	0.00332916	0.00280371	0.01264	0.0130427	0.842571	0.842569	0.842568	
0.993102	0.993101	0.993095	0.00234853	0.018555	0.993097	0.993102	0.0207083	0.000812754	0.993102	0.993102	1.88006e-18	0.993102	0.993102	0.993102	0.00217282	1.43383e-10	6.24834e-11	0.000492254	0.000695674	0.993101	0.993102	0.0212033	0.00346752	0.00287335	0.0212038	0.0217367	0.778736	0.778734	0.778733	
0.993102	0.993101	0.993085	0.00221374	0.0416527	0.993092	0.993102	0.0522057	0.000626529	0.993102	0.993102	2.03521e-17	0.993102	0.993102	0.993102	0.00204911	2.18693e-10	1.943e-10	0.000371026	0.000529472	0.993101	0.993102	0.053545	0.00392442	0.00306917	0.053545	0.0544681	0.706092	0.706089	0.70609	
0.993102	0.993101	0.993062	0.00189756	0.0864285	0.993089	0.993102	0.145207	0.000481665	0.993102	0.993102	3.61895e-16	0.993102	0.993102	0.993102	0.00172372	7.27084e-10	1.1493e-09	0.000277737	0.000398266	0.9931	0.993102	0.148146	0.00687232	0.00402308	0.148141	0.1496	0.625137	0.625124	0.625134	
0.993102	0.993101	0.993051	0.00145686	0.110024	0.993092	0.993102	0.306008	0.000400592	0.993102	0.993102	9.07824e-15	0.993102	0.993102	0.993102	0.001301	8.00841e-09	1.33491e-08	0.000207821	0.000298417	0.993093	0.993102	0.309369	0.0555135	0.0137307	0.309368	0.310836	0.566687	0.56665	0.566683	
0.993102	0.993101	0.993061	0.00109157	0.0892223	0.993094	0.993102	0.459997	0.00079869	0.993102	0.993102	9.74301e-14	0.993101	0.993102	0.993102	0.000973518	3.798e-07	7.50004e-08	0.000155505	0.000223421	0.993076	0.993102	0.462876	0.269014	0.142276	0.462886	0.464099	0.56426	0.564218	0.564254	
0.993102	0.993101	0.993072	0.000816849	0.067101	0.993096	0.993102	0.576178	0.00719895	0.993102	0.993102	1.71278e-13	0.993099	0.993102	0.993102	0.000728448	1.32255e-05	1.01469e-07	0.000116359	0.000167297	0.993074	0.993102	0.578426	0.449567	0.346517	0.578447	0.579595	0.534142	0.534076	0.534135	
0.993102	0.993101	0.993079	0.000611226	0.0502697	0.993098	0.993102	0.670988	0.0251342	0.993102	0.993102	4.1545e-13	0.993065	0.993102	0.993102	0.000545071	0.000385258	1.29433e-07	8.70669e-05	0.000125247	0.993078	0.993096	0.671349	0.586093	0.508139	0.671379	0.67369	0.641013	0.640917	0.641006	
0.993102	0.993101	0.993085	0.000457359	0.037616	0.993099	0.993102	0.68629	0.195652	0.993102	0.993102	3.13649e-13	0.993074	0.993102	0.993102	0.000407857	0.000701388	1.01376e-07	6.5149e-05	9.42666e-05	0.993082	0.992839	0.66024	0.688462	0.629974	0.660377	0.688812	0.739973	0.739834	0.739966	
0.993102	0.992497	0.993089	0.00034226	0.0281468	0.9931	0.993102	0.583427	0.241099	0.993102	0.993102	2.34694e-13	0.993081	0.993102	0.993102	0.000305184	0.000624882	7.63431e-08	4.87486e-05	7.44941e-05	0.993086	0.99243	0.495974	0.762575	0.715984	0.496082	0.585639	0.780113	0.779895	0.780106	
0.993102	0.989002	0.993093	0.000256769	0.0210616	0.9931	0.993102	0.473666	0.194129	0.993102	0.993102	1.75613e-13	0.993087	0.993102	0.993102	0.000228358	0.000474515	5.73057e-08	3.64768e-05	6.45539e-05	0.993089	0.992591	0.371472	0.771517	0.710707	0.371554	0.475403	0.830441	0.830074	0.830433	
0.993102	0.989475	0.993095	0.000194467	0.0157609	0.993101	0.993102	0.369424	0.154737	0.993102	0.993102	1.31405e-13	0.993091	0.993102	0.993102	0.000170872	0.000355388	4.29373e-08	2.72943e-05	7.23738e-05	0.993092	0.99272	0.278289	0.703027	0.631568	0.278353	0.370695	0.888107	0.887427	0.888099	
0.993102	0.990274	0.993097	0.00015404	0.0117964	0.993101	0.993102	0.281368	0.123275	0.993102	0.993102	9.83255e-14	0.993094	0.993102	0.993102	0.000127857	0.000265939	3.21448e-08	2.04233e-05	0.000130317	0.993094	0.992816	0.208462	0.575848	0.510992	0.208513	0.282273	0.925569	0.924646	0.925561	
0.993102	0.990954	0.993098	0.000141664	0.00883547	0.993101	0.993102	0.2129	0.0970379	0.993102	0.993102	7.35734e-14	0.993096	0.993102	0.993102	9.5672e-05	0.000198993	2.40599e-08	1.52836e-05	0.00025844	0.993096	0.992888	0.156188	0.44813	0.396181	0.15623	0.213541	0.915348	0.914472	0.91534	
0.993102	0.991484	0.993099	0.000167401	0.0066529	0.993101	0.993102	0.162198	0.0742122	0.993102	0.993102	5.50523e-14	0.993097	0.993102	0.993102	7.16096e-05	0.0001489	1.80114e-08	1.14578e-05	0.000324543	0.993097	0.992942	0.11729	0.342602	0.302582	0.117329	0.162637	0.926216	0.925324	0.926209	
0.993102	0.991886	0.9931	0.000232574	0.00507052	0.993102	0.993102	0.123699	0.0566245	0.993102	0.993102	4.11936e-14	0.993099	0.993102	0.993102	5.38331e-05	0.000111417	1.34836e-08	8.78701e-06	0.000405914	0.993098	0.992982	0.088298	0.260402	0.229961	0.0883368	0.123994	0.954665	0.953707	0.954658	
0.993102	0.99219	0.9931	0.000337456	0.00390719	0.993102	0.993102	0.0938829	0.0436035	0.993102	0.993102	3.08237e-14	0.993099	0.993102	0.993102	4.18953e-05	8.3369e-05	1.00928e-08	8.39094e-06	0.00059202	0.993099	0.993013	0.0665001	0.197445	0.174419	0.0665375	0.094085	0.960538	0.959648	0.960531	
0.993102	0.992419	0.993101	0.000482077	0.00310652	0.993102	0.993102	0.0714243	0.0335953	0.993102	0.993102	2.30643e-14	0.9931	0.993102	0.993102	3.81101e-05	6.2382e-05	7.5551e-09	1.31917e-05	0.000767836	0.993099	0.993035	0.0502554	0.149558	0.132194	0.0502924	0.0715629	0.97666	0.975925	0.976654	
0.993102	0.99259	0.993101	0.000656831	0.0025327	0.993102	0.993102	0.0542941	0.0261603	0.993102	0.993102	1.72582e-14	0.993101	0.993102	0.993102	4.85291e-05	4.66782e-05	5.65535e-09	3.38245e-05	0.00102407	0.9931	0.993052	0.0380432	0.113306	0.10023	0.0380774	0.0543936	0.925708	0.925198	0.925702	
0.993102	0.992718	0.993101	0.000853381	0.00270852	0.993101	0.993102	0.0429589	0.0198748	0.993102	0.993102	1.29137e-14	0.993101	0.993102	0.993102	8.19706e-05	3.49276e-05	4.23755e-09	4.28026e-05	0.000929283	0.9931	0.993065	0.0298718	0.0859217	0.0760812	0.0299119	0.0430404	0.743685	0.743418	0.743678	
0.993102	0.992814	0.993091	0.001042	0.0358885	0.993081	0.993102	0.097984	0.0148787	0.993102	0.993102	9.71414e-15	0.993101	0.993102	0.993102	0.000143333	2.61355e-05	3.39402e-09	3.27539e-05	0.000699645	0.9931	0.993074	0.071439	0.0653255	0.0579082	0.0716845	0.0986208	0.617094	0.616875	0.617088	
0.993102	0.992886	0.993047	0.000902217	0.12607	0.993065	0.993102	0.277691	0.0111368	0.993102	0.993102	1.6261e-14	0.993101	0.993102	0.993102	0.000126861	1.95657e-05	7.97004e-09	2.45118e-05	0.000523862	0.9931	0.993081	0.246579	0.0553993	0.0465545	0.246942	0.278767	0.474627	0.474398	0.474619	
0.993102	0.99294	0.993037	0.000678205	0.153723	0.993074	0.993102	0.454605	0.00838353	0.993102	0.993102	2.8972e-12	0.992985	0.993102	0.993102	9.50217e-05	1.56144e-05	5.7719e-07	1.83413e-05	0.000392006	0.993063	0.993086	0.430613	0.257549	0.11952	0.4309	0.455451	0.485427	0.485114	0.485417	
0.993102	0.992981	0.993053	0.000507561	0.116828	0.993081	0.993102	0.586247	0.0101615	0.993102	0.993102	4.14135e-12	0.992994	0.993102	0.993102	7.11014e-05	2.7244e-05	1.23567e-06	1.37241e-05	0.000293349	0.992961	0.99309	0.567652	0.442095	0.326693	0.567893	0.586906	0.47781	0.477413	0.477798	
0.993102	0.993011	0.993065	0.000379796	0.0875697	0.993087	0.993102	0.685307	0.027661	0.993102	0.993102	5.67729e-12	0.992881	0.993102	0.993102	5.32026e-05	0.000547521	1.37368e-06	1.02693e-05	0.000219523	0.992971	0.993085	0.670687	0.580707	0.493456	0.670898	0.685807	0.583348	0.582495	0.583335	
0.993102	0.993033	0.993074	0.000284188	0.0655277	0.993091	0.993102	0.737576	0.189211	0.993102	0.993102	4.27496e-12	0.992936	0.993102	0.993102	3.98096e-05	0.00124764	1.05825e-06	7.68412e-06	0.000164433	0.992996	0.992633	0.711289	0.684488	0.61904	0.712022	0.737734	0.688142	0.686898	0.688128	
0.993102	0.992606	0.993081	0.000212659	0.0490321	0.993093	0.993102	0.682759	0.27927	0.993102	0.993102	3.19881e-12	0.992978	0.993102	0.993102	2.9788e-05	0.0013933	7.94262e-07	5.74975e-06	0.000124438	0.99302	0.989113	0.538351	0.761709	0.711477	0.539049	0.681683	0.702107	0.700901	0.702093	
0.993102	0.977428	0.993087	0.00015932	0.0366892	0.993096	0.993102	0.624412	0.224057	0.993102	0.993102	2.39355e-12	0.993009	0.993102	0.993102	2.22893e-05	0.00120419	5.95629e-07	4.30233e-06	9.49591e-05	0.993039	0.989706	0.403609	0.808653	0.754355	0.404151	0.622382	0.72557	0.724448	0.725557	
0.993102	0.979594	0.993091	0.000119421	0.0274537	0.993097	0.993102	0.552843	0.185145	0.993102	0.993102	1.79101e-12	0.993032	0.993102	0.993102	1.66783e-05	0.000941291	4.46329e-07	3.21927e-06	7.40039e-05	0.993054	0.990521	0.303475	0.839928	0.784841	0.303914	0.550251	0.801971	0.799367	0.801958	
0.993102	0.982639	0.993093	8.97571e-05	0.020543	0.993099	0.993102	0.439074	0.171998	0.993102	0.993102	1.34015e-12	0.99305	0.993102	0.993102	1.24797e-05	0.000706919	3.34088e-07	2.40887e-06	6.89576e-05	0.993065	0.991169	0.227776	0.846031	0.785962	0.228141	0.436026	0.886038	0.882837	0.886027	
0.993102	0.985068	0.993096	7.014e-05	0.0153724	0.993099	0.993102	0.3337	0.150972	0.993102	0.993102	1.00278e-12	0.993063	0.993102	0.993102	9.33814e-06	0.000529019	2.50004e-07	1.80247e-06	0.000124519	0.993074	0.991655	0.170605	0.74263	0.673377	0.17089	0.331115	0.939501	0.936309	0.939492	
0.993102	0.987002	0.993097	6.85605e-05	0.0115049	0.9931	0.993102	0.25149	0.124313	0.993102	0.993102	7.50347e-13	0.993073	0.993102	0.993102	6.98746e-06	0.000395849	1.87075e-07	1.34895e-06	0.000305408	0.993081	0.99202	0.127746	0.584491	0.525721	0.127965	0.249449	0.967696	0.964636	0.967688	
0.993102	0.988507	0.993099	0.000100125	0.00861545	0.993101	0.993102	0.189206	0.0992103	0.993102	0.993102	5.61457e-13	0.99308	0.993102	0.993102	5.23142e-06	0.000296199	1.39984e-07	1.02131e-06	0.000601282	0.993086	0.992292	0.0956735	0.446897	0.401022	0.0958426	0.187619	0.978708	0.975506	0.978701	
0.993102	0.989653	0.993099	0.000177732	0.00646545	0.993101	0.993102	0.142398	0.0777459	0.993102	0.993102	4.20118e-13	0.993086	0.993102	0.993102	3.97046e-06	0.000221635	1.04748e-07	9.54115e-07	0.000914643	0.993089	0.992496	0.0717025	0.338771	0.303763	0.0718366	0.141161	0.994837	0.991738	0.99483	
0.993102	0.990516	0.9931	0.000304151	0.00487268	0.993101	0.993102	0.107146	0.0609734	0.993102	0.993102	3.14359e-13	0.99309	0.993102	0.993102	3.50716e-06	0.000165842	7.83804e-08	2.50046e-06	0.00132658	0.993092	0.992649	0.0537787	0.256033	0.229533	0.0538871	0.106187	1.02093	1.01795	1.02093	
0.993102	0.991165	0.993101	0.000476454	0.00368797	0.993101	0.993102	0.0805262	0.0487698	0.993102	0.993102	2.35223e-13	0.993093	0.993102	0.993102	5.60799e-06	0.000124093	5.86501e-08	1.46644e-05	0.00207571	0.993095	0.992763	0.0403455	0.193288	0.173302	0.0404331	0.0797903	1.02163	1.01749	1.02162	
0.993102	0.991651	0.993101	0.000690737	0.0028302	0.993102	0.993102	0.0606013	0.0388894	0.993102	0.993102	1.76009e-13	0.993095	0.993102	0.993102	1.53118e-05	9.28545e-05	4.38866e-08	4.87448e-05	0.00265517	0.993096	0.992848	0.0303211	0.145883	0.130839	0.030398	0.0600262	1.02746	1.0214	1.02746	
0.993102	0.992015	0.993101	0.000928826	0.00221176	0.993102	0.993102	0.0456528	0.0313514	0.993102	0.993102	1.31701e-13	0.993097	0.993102	0.993102	4.24203e-05	6.94796e-05	3.28395e-08	0.000129039	0.00322971	0.993097	0.992912	0.0228312	0.110167	0.0988554	0.0229073	0.0451913	1.01052	1.00218	1.01051	
0.993102	0.992288	0.993101	0.00117723	0.00183369	0.993102	0.993102	0.034589	0.0248941	0.993102	0.993102	9.85472e-14	0.993098	0.993102	0.993102	0.000100047	5.19891e-05	2.45737e-08	0.000213137	0.00330792	0.993098	0.99296	0.0173172	0.0832928	0.074792	0.0174164	0.0341847	1.00931	0.997019	1.0093	
0.993102	0.992493	0.993102	0.00141481	0.00160165	0.993102	0.993102	0.0263187	0.0199996	0.993102	0.993102	7.37393e-14	0.993099	0.993102	0.993102	0.000206069	3.89015e-05	1.83887e-08	0.000325186	0.00334942	0.993099	0.992996	0.0132298	0.0631026	0.0567142	0.0133799	0.0259294	1.00913	0.992907	1.00912	
0.993102	0.992646	0.993102	0.00163523	0.00147152	0.993102	0.993102	0.0201299	0.0163413	0.993102	0.993102	5.51764e-14	0.9931	0.993102	0.993101	0.000373116	2.91086e-05	1.37606e-08	0.000457756	0.00338157	0.9931	0.993023	0.0102004	0.047941	0.0431384	0.010428	0.0197268	1.02463	1.00696	1.02462	
0.993102	0.992761	0.993102	0.00183539	0.00132879	0.993102	0.993102	0.0153814	0.0140558	0.993102	0.993102	4.12865e-14	0.993101	0.993102	0.993101	0.000591551	2.17809e-05	1.02974e-08	0.000708688	0.0037275	0.9931	0.993043	0.0078702	0.0365587	0.0329455	0.00814112	0.0149924	1.03566	1.01928	1.03564	
0.993102	0.992846	0.993102	0.00202112	0.00119596	0.993102	0.993102	0.0117642	0.0126233	0.993102	0.993102	3.08932e-14	0.993101	0.993102	0.993101	0.000829789	1.62979e-05	7.70576e-09	0.00110014	0.00428582	0.9931	0.993058	0.00608851	0.0280069	0.0252867	0.00636854	0.0114089	1.05155	1.03775	1.05153	
0.993102	0.99291	0.993102	0.00219398	0.00105328	0.993102	0.993102	0.00898751	0.012064	0.993102	0.993102	2.31162e-14	0.993101	0.993102	0.993101	0.0010602	1.21951e-05	5.76639e-09	0.00178062	0.00526651	0.993101	0.993069	0.00470526	0.0215786	0.0195287	0.00496231	0.00868296	1.04488	1.03113	1.04487	
0.993102	0.992959	0.993102	0.00235907	0.000980086	0.993102	0.993102	0.00693546	0.0112151	0.993102	0.993102	1.7297e-14	0.993102	0.993102	0.993101	0.00129121	9.12515e-06	4.31529e-09	0.00227557	0.00575143	0.993101	0.993077	0.00369343	0.0167398	0.015194	0.00394047	0.00666421	1.04378	1.03166	1.04376	
0.993102	0.992994	0.993102	0.00250488	0.00093849	0.993102	0.993102	0.00540397	0.0104123	0.993102	0.993102	1.29428e-14	0.993102	0.993102	0.9931	0.00150084	6.82802e-06	3.22949e-09	0.00274221	0.00608089	0.993101	0.993084	0.00294317	0.0131041	0.0119367	0.00317728	0.00516308	1.05762	1.04623	1.05761	
0.993102	0.993021	0.993102	0.00262919	0.000863089	0.993102	0.993102	0.00420572	0.0103717	0.993102	0.993102	9.68459e-15	0.993102	0.993102	0.9931	0.00169516	5.10916e-06	2.4169e-09	0.00353366	0.00689574	0.993101	0.993088	0.0023406	0.0103749	0.00949115	0.00255121	0.00399912	1.03396	1.02277	1.03394	
0.993102	0.993041	0.993102	0.00274367	0.000910861	0.993102	0.993102	0.00340651	0.00932914	0.993102	0.993102	7.24663e-15	0.993102	0.993102	0.9931	0.00186867	3.823e-06	1.8091e-09	0.0036224	0.00662987	0.993101	0.993092	0.00197353	0.0083188	0.00764848	0.00218688	0.00321122	1.01767	1.007	1.01765	
0.993102	0.993056	0.993102	0.00282911	0.00105532	0.993102	0.993102	0.00290751	0.0081098	0.993102	0.993102	5.42239e-15	0.993102	0.993102	0.9931	0.00202791	2.86061e-06	1.35455e-09	0.00344906	0.00602639	0.993101	0.993094	0.00179074	0.0067834	0.00627233	0.00202515	0.00270905	0.99956	0.989387	0.999531	
0.993102	0.993068	0.993102	0.00288458	0.00133255	0.993101	0.993102	0.00268947	0.00686119	0.993102	0.993102	4.05738e-15	0.993102	0.993102	0.993101	0.00217319	2.14049e-06	1.0148e-09	0.00311033	0.00525327	0.993101	0.993096	0.00180188	0.00564417	0.00525057	0.0020816	0.00247116	0.998897	0.989277	0.998868	
0.993102	0.993076	0.993102	0.00291214	0.00155022	0.993101	0.993102	0.00253259	0.00592836	0.993102	0.993102	3.03599e-15	0.993102	0.993102	0.993101	0.00230208	1.60165e-06	7.60607e-10	0.00285798	0.00466582	0.993101	0.993098	0.00182819	0.00480676	0.00449759	0.00213939	0.00230405	0.93375	0.92383	0.933716	
0.993102	0.993082	0.993101	0.00292201	0.00319116	0.9931	0.993102	0.0037978	0.004658	0.993102	0.993102	2.27176e-15	0.993102	0.993102	0.993101	0.0024235	1.19847e-06	5.73811e-10	0.00228243	0.00369152	0.993101	0.993099	0.00315771	0.00419173	0.00394305	0.00378133	0.0033807	0.882196	0.871911	0.882161	
0.993102	0.993087	0.993099	0.00289304	0.00786514	0.993098	0.993102	0.00810406	0.00357217	0.993102	0.993102	1.70023e-15	0.993102	0.993102	0.993101	0.00252514	8.96785e-07	4.42909e-10	0.00175476	0.00283369	0.993101	0.9931	0.0074423	0.0037832	0.00355808	0.00904409	0.00708752	0.784796	0.773594	0.784761	
0.993102	0.993091	0.993087	0.00279857	0.0373688	0.993085	0.993102	0.0388456	0.00268833	0.993102	0.993102	1.29001e-15	0.993102	0.993102	0.993102	0.00257345	6.7115e-07	4.35816e-10	0.00131805	0.00213053	0.993101	0.9931	0.0379263	0.00362128	0.00333902	0.0459965	0.0336502	0.825128	0.815532	0.825096	
0.993102	0.993093	0.993088	0.00242992	0.0363474	0.993088	0.993102	0.0448714	0.00212511	0.993102	0.993102	9.68756e-16	0.993102	0.993102	0.993102	0.00228038	5.0225e-07	4.10337e-10	0.000988132	0.00161697	0.9931	0.993101	0.0441975	0.00537414	0.0037691	0.0533346	0.0390904	0.717376	0.707351	0.717345	
0.993102	0.993095	0.993067	0.00210835	0.0793352	0.993084	0.993102	0.126004	0.00160498	0.993102	0.993102	9.87792e-16	0.993102	0.993102	0.993102	0.00198095	3.76343e-07	1.02438e-09	0.000739556	0.00121254	0.9931	0.993101	0.125782	0.00699587	0.00426885	0.144605	0.113036	0.533323	0.525258	0.533296	
0.993102	0.993097	0.992885	0.0016336	0.227417	0.993078	0.993102	0.33405	0.0012053	0.993102	0.993102	4.00529e-13	0.993077	0.993102	0.993102	0.00150654	3.24799e-07	6.84645e-08	0.000553383	0.000907362	0.993095	0.993101	0.333972	0.0370222	0.0104372	0.349517	0.323113	0.507557	0.500094	0.507522	
0.993102	0.993098	0.992935	0.00122321	0.18276	0.993084	0.993102	0.493801	0.00406885	0.993102	0.993102	1.40518e-12	0.993083	0.993102	0.993102	0.0011274	4.80122e-07	2.26291e-06	0.000414076	0.000678985	0.990984	0.993102	0.493785	0.276336	0.172451	0.506248	0.484878	0.486753	0.480226	0.486717	
0.993102	0.993099	0.992977	0.000915323	0.137567	0.993089	0.993102	0.61543	0.0212141	0.993102	0.993102	3.38696e-12	0.993081	0.993102	0.993102	0.000843595	2.1393e-05	3.07714e-06	0.000309838	0.000508085	0.99116	0.993102	0.615179	0.456627	0.373539	0.625024	0.608309	0.575001	0.567876	0.574949	
0.993102	0.993099	0.993008	0.000684907	0.102948	0.993092	0.993102	0.688633	0.166529	0.993102	0.993102	2.5832e-12	0.993086	0.993102	0.993102	0.000631231	0.00011848	2.39905e-06	0.000231841	0.000380329	0.991591	0.993073	0.678813	0.591633	0.528812	0.689918	0.680713	0.691128	0.68362	0.691074	
0.993102	0.992958	0.993032	0.00051251	0.0770328	0.993095	0.993102	0.641958	0.286703	0.993102	0.993102	1.93294e-12	0.99309	0.993102	0.993102	0.000472327	0.000176119	1.79988e-06	0.000173478	0.000286083	0.991956	0.992556	0.516891	0.692321	0.642782	0.526601	0.627564	0.810591	0.802286	0.810537	
0.993102	0.9773	0.99305	0.000384012	0.0576409	0.993096	0.993102	0.501943	0.290007	0.993102	0.993102	1.44635e-12	0.993093	0.993102	0.993102	0.000353425	0.000137166	1.34705e-06	0.000129807	0.000230331	0.99224	0.992613	0.386848	0.751443	0.668774	0.394127	0.488306	0.823531	0.815233	0.82348	
0.993102	0.963606	0.993063	0.00029642	0.0431314	0.993098	0.993102	0.392627	0.222294	0.993102	0.993102	1.08225e-12	0.993095	0.993102	0.993102	0.000264455	0.000103008	1.00808e-06	9.71299e-05	0.000193364	0.992454	0.992736	0.28952	0.650262	0.537077	0.294977	0.380087	0.824304	0.81552	0.824261	
0.993102	0.969799	0.993073	0.000242587	0.0322808	0.993099	0.993102	0.31061	0.168127	0.993102	0.993102	8.09808e-13	0.993097	0.993102	0.993102	0.000197882	7.71328e-05	7.54412e-07	7.26788e-05	0.000165994	0.992616	0.992828	0.216849	0.524137	0.419267	0.220974	0.298762	0.832781	0.822997	0.83274	
0.993102	0.97553	0.99308	0.000217721	0.0241854	0.9931	0.993102	0.246782	0.126805	0.993102	0.993102	6.0595e-13	0.993098	0.993102	0.993102	0.000148068	5.77272e-05	5.64568e-07	5.43829e-05	0.000149423	0.992738	0.992897	0.162789	0.411046	0.323992	0.165989	0.235549	0.850361	0.840227	0.85032	
0.993102	0.979928	0.993086	0.000219635	0.0181748	0.9931	0.993102	0.194943	0.0956621	0.993102	0.993102	4.5341e-13	0.993099	0.993102	0.993102	0.000110799	4.31978e-05	4.22487e-07	4.06937e-05	0.000147629	0.992829	0.992949	0.122658	0.318159	0.249077	0.125243	0.184757	0.845783	0.836235	0.845739	
0.993102	0.983237	0.99309	0.000250146	0.0138396	0.9931	0.993102	0.157097	0.0719926	0.993102	0.993102	3.3927e-13	0.9931	0.993102	0.993102	8.2973e-05	3.23245e-05	3.16171e-07	3.04573e-05	0.000143155	0.992897	0.992987	0.0935081	0.244384	0.190809	0.0958049	0.147643	0.840911	0.831756	0.840865	
0.993102	0.985717	0.993093	0.00030123	0.0109195	0.9931	0.993102	0.129863	0.0541257	0.993102	0.993102	2.53864e-13	0.993101	0.993102	0.993102	6.25241e-05	2.41879e-05	2.3662e-07	2.28251e-05	0.000136791	0.992948	0.993016	0.07301	0.18726	0.146129	0.0753339	0.120873	0.842957	0.834198	0.842914	
0.993102	0.987575	0.993095	0.000363222	0.00910329	0.9931	0.993102	0.109003	0.0407075	0.993102	0.993102	1.89958e-13	0.993101	0.993102	0.993102	4.85313e-05	1.80993e-05	1.77091e-07	1.7195e-05	0.000133299	0.992987	0.993038	0.0587854	0.143572	0.11213	0.061308	0.100516	0.911789	0.903565	0.911756	
0.993102	0.988965	0.993097	0.00043211	0.00717015	0.9931	0.993102	0.0846543	0.0311337	0.993102	0.993102	1.42139e-13	0.993101	0.993102	0.993102	4.13472e-05	1.35431e-05	1.32519e-07	1.39755e-05	0.000222435	0.993015	0.993054	0.0453743	0.110306	0.0863082	0.0475093	0.0778609	0.965126	0.957674	0.9651	
0.993102	0.990006	0.993098	0.00053932	0.00556631	0.993101	0.993102	0.0644147	0.0246724	0.993102	0.993102	1.06357e-13	0.993102	0.993102	0.993102	4.62721e-05	1.01338e-05	9.91623e-08	1.94798e-05	0.000523129	0.993037	0.993066	0.034532	0.0846047	0.0663757	0.0362229	0.0591921	0.999769	0.992979	0.999746	
0.993102	0.990785	0.993099	0.000689213	0.00431621	0.993101	0.993102	0.0487348	0.0204527	0.993102	0.993102	7.95832e-14	0.993102	0.993102	0.993102	7.22507e-05	7.58279e-06	7.42009e-08	5.70754e-05	0.00110512	0.993053	0.993075	0.0261696	0.0648295	0.0510311	0.0274829	0.0447643	1.00672	1.0004	1.0067	
0.993102	0.991368	0.9931	0.000877009	0.00341014	0.993101	0.993102	0.0369313	0.0170637	0.993102	0.993102	5.95492e-14	0.993102	0.993102	0.993102	0.000128555	5.67393e-06	5.55231e-08	0.000137622	0.00164919	0.993065	0.993082	0.0198947	0.0496923	0.039271	0.0209197	0.033911	0.966475	0.959417	0.966455	
0.993102	0.991804	0.9931	0.00108685	0.00306404	0.993101	0.993102	0.0286676	0.0134338	0.993102	0.993102	4.45585e-14	0.993102	0.993102	0.993102	0.000224527	4.2456e-06	4.15485e-08	0.000171513	0.00160374	0.993074	0.993087	0.0156342	0.0381653	0.0303037	0.0165145	0.0262883	0.984738	0.978414	0.984719	
0.993102	0.992131	0.993101	0.00128958	0.00271411	0.993101	0.993102	0.0221659	0.0109069	0.993102	0.993102	3.33415e-14	0.993102	0.993102	0.993102	0.000357491	3.17683e-06	3.1091e-08	0.000269324	0.00173462	0.993081	0.993091	0.012257	0.0294474	0.0235127	0.012991	0.0203149	0.973257	0.96718	0.973239	
0.993102	0.992375	0.993101	0.00148479	0.00263665	0.993101	0.993102	0.0174812	0.00878193	0.993102	0.993102	2.49482e-14	0.993102	0.993102	0.993102	0.000524944	2.37711e-06	2.32665e-08	0.000349209	0.00172477	0.993086	0.993094	0.00991001	0.0228507	0.0183675	0.0105546	0.0160149	1.0017	0.996166	1.00168	
0.993102	0.992558	0.993101	0.00166239	0.00235139	0.993101	0.993102	0.0135862	0.00759823	0.993102	0.993102	1.86679e-14	0.993102	0.993102	0.993102	0.000715206	1.77871e-06	1.74108e-08	0.000580859	0.00204639	0.99309	0.993096	0.00785215	0.0178728	0.014479	0.00838566	0.0124499	0.998377	0.992782	0.998361	
0.993102	0.992694	0.993101	0.00183007	0.00219815	0.993101	0.993102	0.0107045	0.00659213	0.993102	0.993102	1.39685e-14	0.993102	0.993102	0.993101	0.000921868	1.33094e-06	1.30292e-08	0.000786837	0.00224112	0.993093	0.993097	0.00635345	0.0141031	0.0115307	0.00680926	0.00981375	0.997175	0.989318	0.997159	
0.993102	0.992797	0.993101	0.00198198	0.00212235	0.993101	0.993102	0.00855941	0.00582201	0.993102	0.993102	1.04521e-14	0.993102	0.993102	0.993101	0.00115462	9.95898e-07	9.75062e-09	0.000959879	0.00237234	0.993095	0.993099	0.00525354	0.0112535	0.00929901	0.00567959	0.00783076	1.02871	1.02116	1.0287	
0.993102	0.992873	0.993101	0.00211651	0.0018544	0.993101	0.993102	0.00669662	0.00596523	0.993102	0.993102	7.82094e-15	0.993102	0.993102	0.993101	0.00137742	7.45195e-07	7.29676e-09	0.00148492	0.00308252	0.993096	0.9931	0.00420125	0.00910128	0.00761096	0.00456415	0.00612071	1.02871	1.02035	1.0287	
0.993102	0.992931	0.993102	0.00224659	0.00166474	0.993101	0.993102	0.00530199	0.00602625	0.993102	0.993102	5.85212e-15	0.993102	0.993102	0.993101	0.00159119	5.57603e-07	5.46061e-09	0.00193021	0.00361742	0.993098	0.9931	0.00341309	0.00746067	0.00632225	0.00373373	0.00483695	1.04936	1.04212	1.04935	
0.993102	0.992974	0.993102	0.002367	0.0014348	0.993102	0.993102	0.0041595	0.00673751	0.993102	0.993102	4.37893e-15	0.993102	0.993102	0.993101	0.00177016	4.17235e-07	4.08645e-09	0.00278877	0.00468767	0.993099	0.993101	0.00273204	0.0062121	0.00533999	0.00299974	0.00379332	1.06548	1.05822	1.06547	
0.993102	0.993006	0.993102	0.00248636	0.00121415	0.993102	0.993102	0.00325134	0.00798475	0.993102	0.993102	3.27659e-15	0.993102	0.993102	0.9931	0.00192296	3.12202e-07	3.05808e-09	0.00403754	0.00624048	0.993099	0.993101	0.00217154	0.00525223	0.00458289	0.00239175	0.00296442	1.05879	1.05072	1.05878	
0.993102	0.99303	0.993102	0.00261065	0.00107248	0.993102	0.993102	0.00259129	0.00847429	0.993102	0.993102	2.45176e-15	0.993102	0.993102	0.9931	0.00205417	2.3361e-07	2.28863e-09	0.00477571	0.00706907	0.9931	0.993101	0.00176676	0.00450604	0.00399165	0.0019564	0.0023599	1.05301	1.04376	1.05299	
0.993102	0.993048	0.993102	0.00272486	0.000989481	0.993102	0.993102	0.00211638	0.00856492	0.993102	0.993102	1.83456e-15	0.993102	0.993102	0.9931	0.00217885	1.74802e-07	1.71293e-09	0.00515035	0.00743446	0.9931	0.993102	0.00147972	0.00393304	0.0035365	0.00165367	0.00192124	1.05402	1.04445	1.05401	
0.993102	0.993061	0.993102	0.00282262	0.000925778	0.993102	0.993102	0.00175704	0.00866363	0.993102	0.993102	1.37273e-15	0.993102	0.993102	0.9931	0.00228942	1.30799e-07	1.28214e-09	0.00548935	0.00775657	0.9931	0.993102	0.00126149	0.00349707	0.00318976	0.0014242	0.00158889	1.05953	1.05031	1.05952	
0.993102	0.993071	0.993102	0.00290606	0.000860305	0.993102	0.993102	0.00146978	0.00895445	0.993102	0.993102	1.02717e-15	0.993102	0.993102	0.9931	0.00237744	9.78724e-08	9.59754e-10	0.00597731	0.00825539	0.993101	0.993102	0.00108183	0.00316511	0.00292535	0.00123152	0.00132537	1.04377	1.03337	1.04375	
0.993102	0.993079	0.993102	0.00298037	0.000875096	0.993102	0.993102	0.00131192	0.00852778	0.993102	0.993102	7.68593e-16	0.993102	0.993102	0.9931	0.00246439	7.3235e-08	7.1866e-10	0.00582712	0.00797337	0.993101	0.993102	0.000997376	0.00290968	0.00272133	0.00115285	0.0011744	1.04666	1.03687	1.04665	
0.993102	0.993084	0.993102	0.00303404	0.000874179	0.993102	0.993102	0.00118157	0.0083041	0.993102	0.993102	5.7511e-16	0.993102	0.993102	0.9931	0.0025335	5.47997e-08	5.38228e-10	0.00582339	0.00787139	0.993101	0.993102	0.000925142	0.00272161	0.00257154	0.00108018	0.00105328	1.01596	1.00591	1.01595	
0.993102	0.993089	0.993102	0.00307443	0.00106066	0.993102	0.993102	0.00125288	0.00726564	0.993102	0.993102	4.30336e-16	0.993102	0.993102	0.9931	0.0025971	4.10058e-08	4.03626e-10	0.00515223	0.00692574	0.993101	0.993102	0.00102395	0.00258185	0.00246045	0.00121386	0.00110872	0.993926	0.9844	0.99391	
0.993102	0.993092	0.993102	0.00308832	0.00142444	0.993101	0.993102	0.00150956	0.00612505	0.993102	0.993102	3.22008e-16	0.993102	0.993102	0.9931	0.00265359	3.06849e-08	3.03404e-10	0.00436977	0.00585041	0.993101	0.993102	0.00129203	0.00249154	0.00238933	0.00154441	0.00133274	0.989687	0.981042	0.989672	
0.993102	0.993094	0.993102	0.0030775	0.00174897	0.993101	0.993102	0.00175194	0.00522697	0.993102	0.993102	2.40951e-16	0.993102	0.993102	0.993101	0.00269781	2.29622e-08	2.28544e-10	0.00374271	0.00499178	0.993101	0.993102	0.00155222	0.002444	0.00235162	0.00185146	0.00155448	0.990645	0.982717	0.990629	
0.993102	0.993096	0.993102	0.00305184	0.00197551	0.993101	0.993102	0.00192166	0.00457726	0.993102	0.993102	1.803e-16	0.993102	0.993102	0.993101	0.00273089	1.71836e-08	1.72511e-10	0.00328164	0.004361	0.993101	0.993102	0.00174622	0.00242562	0.00233638	0.00207052	0.00171772	0.966923	0.959687	0.966908	
0.993102	0.993097	0.993101	0.00301974	0.00254396	0.993101	0.993102	0.00241848	0.00384284	0.993102	0.993102	1.34923e-16	0.993102	0.993102	0.993101	0.00275272	1.28607e-08	1.31506e-10	0.00275572	0.00365277	0.993101	0.993102	0.00225727	0.00242445	0.00233448	0.00264763	0.00218771	0.937604	0.931083	0.937588	
0.993102	0.993098	0.993101	0.00297695	0.0037928	0.9931	0.993102	0.00356786	0.00311319	0.993102	0.993102	1.00993e-16	0.993102	0.993102	0.993101	0.00276244	9.62828e-09	1.02808e-10	0.00222618	0.00294999	0.993101	0.993102	0.00341764	0.00244585	0.00234765	0.00394922	0.00327752	0.920259	0.914382	0.920244	
0.993102	0.993099	0.9931	0.00291737	0.00544016	0.9931	0.993102	0.00515178	0.00250614	0.993102	0.993102	7.56414e-17	0.993102	0.993102	0.993101	0.00275515	7.21154e-09	8.33247e-11	0.00177521	0.00236049	0.993101	0.993102	0.00503124	0.00250256	0.00238045	0.00573487	0.00479656	0.917843	0.9126	0.917829	
0.993102	0.9931	0.9931	0.00284172	0.00671285	0.993099	0.993102	0.0064616	0.00205471	0.993102	0.993102	5.66786e-17	0.993102	0.993102	0.993102	0.00272719	5.40343e-09	6.9296e-11	0.00142413	0.001912	0.993101	0.993102	0.00639133	0.00259854	0.00243286	0.00720544	0.00607905	0.922309	0.917404	0.922296	
0.993102	0.9931	0.993099	0.00276046	0.00737609	0.993099	0.993102	0.00722464	0.00174454	0.993102	0.993102	4.24765e-17	0.993102	0.993102	0.993102	0.00268814	4.04982e-09	5.83788e-11	0.00116305	0.00158977	0.993101	0.993102	0.00720831	0.00271562	0.00249538	0.00806543	0.00684315	0.762056	0.758006	0.76204	
0.993102	0.9931	0.993079	0.00268421	0.0523297	0.99308	0.993102	0.0535266	0.00131393	0.993102	0.993102	7.14027e-17	0.993102	0.993102	0.993102	0.00263895	3.19141e-09	2.07036e-10	0.000874107	0.00119601	0.993101	0.993102	0.0542829	0.00283029	0.00255676	0.0581997	0.0522573	0.599573	0.596228	0.599554	
0.993102	0.993101	0.992865	0.00225108	0.214514	0.993054	0.993102	0.255112	0.000985213	0.993102	0.993102	2.62038e-14	0.993101	0.993102	0.993102	0.00221491	6.59494e-09	1.05198e-08	0.000654072	0.000895183	0.993099	0.993102	0.256471	0.00702986	0.00366152	0.261325	0.253762	0.544399	0.541451	0.54438	
0.993102	0.993101	0.992913	0.00168861	0.188209	0.993066	0.993102	0.428212	0.00171373	0.993102	0.993102	2.54893e-13	0.993101	0.993102	0.993102	0.00165924	3.26033e-08	8.15616e-07	0.000489418	0.000669915	0.991834	0.993102	0.42952	0.246965	0.0741086	0.433822	0.427025	0.512577	0.509941	0.512546	
0.993102	0.993101	0.99296	0.00126366	0.142642	0.993075	0.993102	0.563618	0.0104988	0.993102	0.993102	1.00445e-12	0.9931	0.993102	0.993102	0.00124155	2.82845e-06	1.52246e-06	0.000366214	0.000501316	0.99171	0.993102	0.564586	0.434334	0.287007	0.568144	0.562602	0.50434	0.502045	0.50431	
0.993102	0.993101	0.992995	0.000945558	0.106876	0.993082	0.993102	0.665993	0.0429079	0.993102	0.993102	1.68614e-12	0.99309	0.993102	0.993102	0.000929005	0.000124596	1.57524e-06	0.000274024	0.000375152	0.991989	0.993099	0.665577	0.574905	0.463184	0.668541	0.665117	0.512857	0.510711	0.512829	
0.993102	0.9931	0.993022	0.000707529	0.0799871	0.993087	0.993102	0.741602	0.101208	0.993102	0.993102	1.6061e-12	0.993067	0.993102	0.993102	0.000695141	0.00171516	1.35969e-06	0.000205042	0.000280755	0.992252	0.992886	0.732951	0.680134	0.596194	0.735768	0.740788	0.555194	0.552956	0.555169	
0.993102	0.993088	0.993042	0.00052942	0.0598529	0.993091	0.993102	0.789814	0.181785	0.993102	0.993102	1.22147e-12	0.99307	0.993102	0.993102	0.000520148	0.00661458	1.06295e-06	0.000153426	0.000210178	0.99246	0.988642	0.717334	0.758864	0.695834	0.721885	0.788768	0.631324	0.628653	0.631298	
0.993102	0.992776	0.993057	0.000396149	0.0447858	0.993094	0.993102	0.784247	0.271976	0.993102	0.993102	9.14166e-13	0.993078	0.993102	0.993102	0.000389208	0.0095653	8.02032e-07	0.000114803	0.00015772	0.992619	0.962995	0.557536	0.817671	0.770141	0.561987	0.781577	0.650839	0.64833	0.650801	
0.993102	0.981723	0.993069	0.000296446	0.0335117	0.993096	0.993102	0.76134	0.24366	0.993102	0.993102	6.84051e-13	0.993084	0.993102	0.993102	0.00029123	0.0109369	6.03478e-07	8.59029e-05	0.000118681	0.992739	0.948734	0.419684	0.860377	0.822736	0.423144	0.757129	0.682094	0.679621	0.682048	
0.993102	0.980897	0.993077	0.00022184	0.0250757	0.993097	0.993102	0.708078	0.242593	0.993102	0.993102	5.11858e-13	0.993088	0.993102	0.993102	0.000217917	0.00979984	4.52993e-07	6.4278e-05	9.0044e-05	0.99283	0.950702	0.316393	0.892151	0.862449	0.319102	0.702281	0.784054	0.780479	0.784013	
0.993102	0.980592	0.993083	0.000166051	0.0187632	0.993099	0.993102	0.564608	0.288025	0.993102	0.993102	3.83005e-13	0.993092	0.993102	0.993102	0.000163059	0.00742111	3.39116e-07	4.80969e-05	7.68886e-05	0.992898	0.960247	0.237061	0.912145	0.88653	0.239112	0.558331	0.864585	0.86021	0.864543	
0.993102	0.96491	0.993088	0.00012672	0.0140399	0.993099	0.993102	0.430302	0.233196	0.993102	0.993102	2.86588e-13	0.993095	0.993102	0.993102	0.000122011	0.0055541	2.53776e-07	3.59891e-05	0.00010509	0.992949	0.968514	0.17741	0.801606	0.75961	0.178947	0.424997	0.907941	0.90308	0.907902	
0.993102	0.969803	0.993092	0.000106907	0.0105062	0.9931	0.993102	0.325331	0.1827	0.993102	0.993102	2.14444e-13	0.993096	0.993102	0.993102	9.12967e-05	0.00415597	1.89902e-07	2.69294e-05	0.000191708	0.992987	0.974704	0.132781	0.63593	0.596703	0.133935	0.321064	0.93235	0.926191	0.932307	
0.993102	0.975388	0.993094	0.000115894	0.00786454	0.993101	0.993102	0.245502	0.141077	0.993102	0.993102	1.6046e-13	0.993098	0.993102	0.993102	6.8314e-05	0.00310976	1.42103e-07	2.01506e-05	0.000327557	0.993016	0.979336	0.0994095	0.488408	0.45679	0.10028	0.242077	0.95661	0.94974	0.956567	
0.993102	0.979796	0.993096	0.000163816	0.00589426	0.993101	0.993102	0.184977	0.108759	0.993102	0.993102	1.20067e-13	0.993099	0.993102	0.993102	5.11196e-05	0.00232692	1.06334e-07	1.509e-05	0.000544104	0.993037	0.982801	0.074461	0.371169	0.346703	0.0751233	0.182255	0.990169	0.983134	0.990133	
0.993102	0.983132	0.993098	0.000258334	0.00442677	0.993101	0.993102	0.139066	0.0848086	0.993102	0.993102	8.98415e-14	0.9931	0.993102	0.993102	3.83071e-05	0.00174115	7.95675e-08	1.15683e-05	0.000992048	0.993053	0.985394	0.055791	0.280889	0.262239	0.0562979	0.136945	0.995003	0.988102	0.994963	
0.993102	0.985636	0.993099	0.000404662	0.00334957	0.993101	0.993102	0.10465	0.0658263	0.993102	0.993102	6.72251e-14	0.9931	0.993102	0.993102	2.92166e-05	0.00130284	5.9539e-08	1.06364e-05	0.00138766	0.993065	0.987335	0.0418556	0.212164	0.198045	0.0422512	0.10299	1.00035	0.993642	1.00031	
0.993102	0.987513	0.9931	0.000592181	0.00257305	0.993101	0.993102	0.0788371	0.0511449	0.993102	0.993102	5.03021e-14	0.993101	0.993102	0.993102	2.50007e-05	0.000974867	4.45522e-08	1.69396e-05	0.00175835	0.993074	0.988787	0.0314626	0.160185	0.14953	0.0317793	0.0775326	1.00708	1.00125	1.00704	
0.993102	0.988918	0.9931	0.00080727	0.00202334	0.993102	0.993102	0.0594535	0.0399453	0.993102	0.993102	3.76392e-14	0.993101	0.993102	0.993102	3.02319e-05	0.000729458	3.3338e-08	4.26071e-05	0.00214221	0.993081	0.989873	0.0237105	0.120989	0.112961	0.0239684	0.0584318	1.01241	1.00695	1.01237	
0.993102	0.989971	0.993101	0.00103656	0.00164436	0.993102	0.993102	0.0449009	0.0314441	0.993102	0.993102	2.81641e-14	0.993101	0.993102	0.993102	5.36228e-05	0.000545827	2.49466e-08	0.000105827	0.00252604	0.993086	0.990686	0.0179309	0.0914797	0.0854368	0.0181459	0.0440999	1.00222	0.997166	1.00219	
0.993102	0.990758	0.993101	0.00126816	0.00144512	0.993102	0.993102	0.0341028	0.0246366	0.993102	0.993102	2.10741e-14	0.993102	0.993102	0.993102	0.000105461	0.000408422	1.86679e-08	0.000189341	0.00264714	0.99309	0.991294	0.0136919	0.0692853	0.0647377	0.0138821	0.0334647	0.943332	0.939469	0.943303	
0.993102	0.991348	0.993101	0.00148724	0.00194832	0.993101	0.993102	0.0271429	0.0187421	0.993102	0.993102	1.5769e-14	0.993102	0.993102	0.993102	0.000192075	0.000305607	1.39725e-08	0.000195661	0.00221544	0.993093	0.991749	0.0112648	0.0526112	0.0491875	0.0114893	0.0265847	0.88298	0.879667	0.882953	
0.993102	0.991789	0.993101	0.00166757	0.00477133	0.9931	0.993102	0.0256391	0.014114	0.993102	0.993102	1.17996e-14	0.993102	0.993102	0.993102	0.000313195	0.000228675	1.04685e-08	0.000167851	0.00172828	0.993095	0.99209	0.0122223	0.0401261	0.0375361	0.0126481	0.0250369	0.76451	0.761816	0.764485	
0.993102	0.992119	0.99309	0.00177274	0.0358972	0.993083	0.993102	0.0662629	0.0105704	0.993102	0.993102	8.85592e-15	0.993102	0.993102	0.993102	0.000442148	0.000171109	7.98407e-09	0.000127643	0.00129983	0.993096	0.992345	0.0474056	0.0308796	0.0288648	0.0495182	0.0650498	0.745254	0.74271	0.745231	
0.993102	0.992366	0.993086	0.00154468	0.0489797	0.993085	0.993102	0.113052	0.00793807	0.993102	0.993102	6.68843e-15	0.993102	0.993102	0.993102	0.000412842	0.000128035	6.38665e-09	9.56586e-05	0.000977129	0.993097	0.992535	0.0909349	0.0269136	0.0234719	0.0947462	0.11142	0.737369	0.734845	0.737346	
0.993102	0.992551	0.993086	0.00123634	0.0472727	0.993088	0.993102	0.156048	0.00602513	0.993102	0.993102	5.09366e-15	0.993102	0.993102	0.993102	0.000326033	9.58051e-05	5.40911e-09	7.15927e-05	0.000734989	0.993097	0.992678	0.133112	0.0329435	0.0225343	0.138428	0.153837	0.711039	0.70856	0.711017	
0.993102	0.99269	0.993087	0.000957503	0.0430311	0.993091	0.993102	0.218115	0.00462788	0.993102	0.993102	4.07449e-15	0.993102	0.993102	0.993102	0.000246997	7.16913e-05	5.08505e-09	5.35718e-05	0.000552219	0.993096	0.992785	0.195184	0.0530377	0.0287232	0.202116	0.214976	0.678242	0.675978	0.678221	
0.993102	0.992793	0.99309	0.00072547	0.0364985	0.993094	0.993102	0.3055	0.00366463	0.993102	0.993102	4.04349e-15	0.993102	0.993102	0.993102	0.000185055	5.36716e-05	5.65204e-09	4.00859e-05	0.000414368	0.993096	0.992865	0.28377	0.113475	0.0591309	0.291763	0.301559	0.514782	0.512413	0.514763	
0.993102	0.992871	0.993086	0.000544367	0.0457781	0.993094	0.993102	0.471629	0.00278163	0.993102	0.993102	7.02129e-13	0.992708	0.993102	0.993102	0.000138476	4.49258e-05	4.70398e-08	2.99948e-05	0.000310101	0.993097	0.992924	0.454955	0.255567	0.17154	0.461269	0.468456	0.41457	0.412879	0.414557	
0.993102	0.992929	0.993088	0.000407383	0.0394591	0.993096	0.993102	0.601945	0.00225985	0.993102	0.993102	3.90388e-11	0.916388	0.993102	0.993102	0.000103617	0.000834492	4.19048e-07	2.2444e-05	0.000232043	0.993097	0.992969	0.589423	0.437858	0.370101	0.594181	0.599548	0.437239	0.435622	0.437228	
0.993102	0.992972	0.993091	0.000304834	0.0297742	0.993097	0.993102	0.698912	0.00503134	0.993102	0.993102	4.48611e-11	0.903916	0.993102	0.993102	7.75326e-05	0.00822385	5.29116e-07	1.67941e-05	0.000173638	0.993097	0.992986	0.689486	0.57735	0.526311	0.693096	0.697083	0.573822	0.571522	0.57381	
0.993102	0.993005	0.993094	0.000228097	0.0222813	0.993098	0.993102	0.751788	0.137103	0.993102	0.993102	3.36314e-11	0.926352	0.993102	0.993102	5.80148e-05	0.0104454	4.07506e-07	1.25664e-05	0.00013007	0.993097	0.992231	0.742818	0.681958	0.643725	0.746469	0.749635	0.686455	0.683559	0.686443	
0.993102	0.992977	0.993096	0.000170679	0.0166724	0.993099	0.993102	0.695564	0.26765	0.993102	0.993102	2.51652e-11	0.943156	0.993102	0.993102	4.34104e-05	0.00936004	3.05972e-07	9.40297e-06	9.86772e-05	0.993098	0.986105	0.572958	0.759989	0.731215	0.576641	0.690638	0.708746	0.705934	0.708734	
0.993102	0.983777	0.993098	0.000127833	0.0124755	0.9931	0.993102	0.625874	0.215449	0.993102	0.993102	1.88302e-11	0.955729	0.993102	0.993102	3.24824e-05	0.00736416	2.29549e-07	7.0359e-06	7.5944e-05	0.993099	0.987182	0.429586	0.805525	0.779173	0.432391	0.618992	0.776669	0.772826	0.776658	
0.993102	0.984992	0.993099	9.58224e-05	0.00933512	0.993101	0.993102	0.507803	0.196866	0.993102	0.993102	1.409e-11	0.965137	0.993102	0.993102	2.43054e-05	0.00553589	1.71906e-07	5.26471e-06	6.50171e-05	0.993099	0.98863	0.322074	0.833022	0.808279	0.324223	0.500251	0.811823	0.80729	0.811812	
0.993102	0.986509	0.9931	7.29394e-05	0.00698604	0.993101	0.993102	0.401223	0.157785	0.993102	0.993102	1.0543e-11	0.972177	0.993102	0.993102	1.81868e-05	0.00414359	1.28697e-07	3.93939e-06	6.51845e-05	0.9931	0.989756	0.241449	0.773293	0.743422	0.2431	0.393912	0.837081	0.83261	0.837071	
0.993102	0.988058	0.9931	5.93527e-05	0.005232	0.993101	0.993102	0.313498	0.122463	0.993102	0.993102	7.88894e-12	0.977445	0.993102	0.993102	1.36086e-05	0.00310059	9.63374e-08	2.9477e-06	7.61634e-05	0.9931	0.990598	0.181264	0.646261	0.617259	0.182556	0.306966	0.674015	0.669198	0.674006	
0.993102	0.989302	0.993101	5.80219e-05	0.00460692	0.993099	0.993102	0.383091	0.0916931	0.993102	0.993102	5.90312e-12	0.981386	0.993102	0.993102	1.0183e-05	0.00232052	7.30467e-08	2.20566e-06	5.80402e-05	0.9931	0.991228	0.163703	0.511461	0.487279	0.167165	0.37243	0.62834	0.623781	0.628332	
0.993102	0.990251	0.993101	4.52443e-05	0.00387652	0.993099	0.993102	0.482869	0.0687821	0.993102	0.993102	4.41841e-12	0.984334	0.993102	0.993102	7.61961e-06	0.00174094	5.70241e-08	1.65042e-06	4.38504e-05	0.9931	0.9917	0.214611	0.502698	0.478887	0.222571	0.470998	0.610595	0.606518	0.610588	
0.993102	0.990965	0.993101	3.40118e-05	0.00298398	0.993099	0.993102	0.571015	0.0528262	0.993102	0.993102	3.31034e-12	0.986536	0.993102	0.993102	5.70148e-06	0.00135104	4.59948e-08	1.23495e-06	3.31069e-05	0.993101	0.992053	0.302627	0.604562	0.585172	0.313558	0.559334	0.587323	0.583333	0.587317	
0.993102	0.991501	0.993102	2.54693e-05	0.00225557	0.9931	0.993102	0.650359	0.0460981	0.993102	0.993102	2.49164e-12	0.988169	0.993102	0.993102	4.26621e-06	0.00146647	3.96207e-08	9.24066e-07	2.4958e-05	0.993101	0.992312	0.412066	0.699409	0.684721	0.423989	0.63966	0.690879	0.685303	0.690873	
0.993102	0.991903	0.993102	1.90613e-05	0.00168834	0.993101	0.993102	0.614394	0.171793	0.993102	0.993102	1.86468e-12	0.989411	0.993102	0.993102	3.19225e-06	0.00139148	3.02933e-08	6.91445e-07	2.01451e-05	0.993101	0.992399	0.381751	0.772799	0.761784	0.39659	0.599457	0.795954	0.789475	0.795948	
0.993102	0.992027	0.993102	1.43516e-05	0.00126347	0.993101	0.993102	0.488058	0.199401	0.993102	0.993102	1.39527e-12	0.99034	0.993102	0.993102	2.38864e-06	0.00105925	2.27456e-08	5.17383e-07	2.70936e-05	0.993101	0.992549	0.286675	0.815039	0.806371	0.29792	0.473797	0.840097	0.834073	0.840091	
0.993102	0.991753	0.993102	1.26671e-05	0.000946174	0.993101	0.993102	0.377748	0.159564	0.993102	0.993102	1.04403e-12	0.991035	0.993102	0.993102	1.78733e-06	0.000793198	1.70517e-08	3.87139e-07	4.93302e-05	0.993101	0.992688	0.214753	0.722292	0.714259	0.223199	0.36572	0.847698	0.842353	0.847692	
0.993102	0.991979	0.993102	1.73717e-05	0.000713933	0.993101	0.993102	0.293514	0.122373	0.993102	0.993102	7.81211e-13	0.991556	0.993102	0.993102	1.3374e-06	0.000593577	1.27866e-08	2.8969e-07	7.0738e-05	0.993101	0.992793	0.161158	0.581847	0.575195	0.16753	0.28346	0.851068	0.846098	0.851061	
0.993102	0.992235	0.993102	3.32255e-05	0.000564174	0.993101	0.993102	0.229805	0.0928039	0.993102	0.993102	5.84552e-13	0.991945	0.993102	0.993102	1.00121e-06	0.000444162	9.59318e-09	2.17022e-07	8.91181e-05	0.993101	0.992871	0.121503	0.453262	0.448053	0.126366	0.221359	0.85685	0.852525	0.856843	
0.993102	0.992445	0.993102	6.49206e-05	0.000517599	0.993101	0.993102	0.18106	0.0701335	0.993102	0.993102	4.37399e-13	0.992236	0.993102	0.993102	7.60059e-07	0.000332352	7.20084e-09	1.66143e-07	0.00010732	0.993101	0.992929	0.0923853	0.3485	0.344504	0.0961562	0.174017	0.862087	0.858204	0.86208	
0.993102	0.992607	0.993102	0.000116137	0.000615185	0.993101	0.993102	0.143706	0.0529304	0.993102	0.993102	3.2729e-13	0.992454	0.993102	0.993102	6.88127e-07	0.000248688	5.40845e-09	1.53912e-07	0.000125455	0.993101	0.992972	0.0712049	0.266395	0.26335	0.074193	0.13785	0.882574	0.879077	0.882567	
0.993102	0.99273	0.993102	0.000188187	0.000779851	0.993101	0.993102	0.113045	0.0400583	0.993102	0.993102	2.44899e-13	0.992617	0.993102	0.993102	1.26261e-06	0.000186084	4.06046e-09	3.15158e-07	0.000161953	0.993101	0.993005	0.0552254	0.203129	0.200806	0.0576013	0.108311	0.902271	0.899036	0.902265	
0.993102	0.992823	0.993102	0.000285769	0.000981846	0.993101	0.993102	0.0883287	0.0304432	0.993102	0.993102	1.83249e-13	0.992739	0.993102	0.993102	4.24523e-06	0.00013924	3.04742e-09	1.25019e-06	0.000222266	0.993101	0.99303	0.043022	0.154674	0.152895	0.0449128	0.0845688	0.966484	0.963475	0.966478	
0.993102	0.992892	0.993102	0.000410623	0.000915973	0.993101	0.993102	0.0671381	0.0240277	0.993102	0.993102	1.37119e-13	0.992831	0.993102	0.993102	1.39642e-05	0.000104188	2.2828e-09	1.08064e-05	0.000531745	0.993101	0.993048	0.0327645	0.117732	0.116363	0.0342148	0.0642697	0.979324	0.976713	0.979318	
0.993102	0.992945	0.993102	0.000572955	0.00090014	0.993101	0.993102	0.0510441	0.019169	0.993102	0.993102	1.02601e-13	0.992899	0.993102	0.993102	3.89518e-05	7.79604e-05	1.71009e-09	3.82212e-05	0.000871294	0.993101	0.993062	0.0250202	0.0895799	0.0885291	0.0261324	0.0488632	1.01775	1.01532	1.01775	
0.993102	0.992984	0.993102	0.00076344	0.000811417	0.993101	0.993102	0.0385681	0.0163784	0.993102	0.993102	7.67725e-14	0.99295	0.993102	0.993102	8.90905e-05	5.8335e-05	1.2805e-09	0.000153157	0.00167401	0.993101	0.993072	0.0189794	0.068217	0.0674099	0.0198245	0.0369226	0.984953	0.982679	0.984946	
0.993102	0.993013	0.993102	0.000980503	0.000949174	0.993101	0.993102	0.0295755	0.0131252	0.993102	0.993102	5.74461e-14	0.992988	0.993102	0.993102	0.000171327	4.36499e-05	9.59878e-10	0.000222012	0.00178604	0.993101	0.993079	0.0147261	0.0520219	0.0514025	0.0153828	0.028323	0.97145	0.969335	0.971442	
0.993102	0.993035	0.993102	0.0011966	0.00124851	0.993101	0.993102	0.0230639	0.0104134	0.993102	0.993102	4.29848e-14	0.993017	0.993102	0.993102	0.000289541	3.26617e-05	7.20501e-10	0.000284164	0.0017456	0.993101	0.993085	0.0117516	0.0398003	0.0393208	0.0122747	0.022106	0.982088	0.980049	0.982079	
0.993102	0.993052	0.993102	0.00139911	0.00143208	0.993101	0.993102	0.0180099	0.00847394	0.993102	0.993102	3.2164e-14	0.993039	0.993102	0.993102	0.000440531	2.44395e-05	5.40954e-10	0.000402022	0.00181433	0.993101	0.993089	0.00941882	0.0305965	0.0302179	0.00983629	0.0172807	0.973738	0.971737	0.973729	
0.993102	0.993064	0.993102	0.0015873	0.00172476	0.993101	0.993102	0.0143607	0.00688486	0.993102	0.993102	2.40671e-14	0.993055	0.993102	0.993102	0.000617591	1.82872e-05	4.06938e-10	0.000497208	0.00178949	0.993101	0.993093	0.00781573	0.0236632	0.0233586	0.0081595	0.0138047	0.954773	0.952795	0.954762	
0.993102	0.993073	0.993101	0.00175504	0.00231967	0.993101	0.993102	0.0120314	0.0055112	0.993102	0.993102	1.80086e-14	0.993067	0.993102	0.993102	0.000810479	1.36837e-05	3.07661e-10	0.000527332	0.00163584	0.993101	0.993095	0.00700484	0.0184487	0.0181959	0.00730875	0.0116057	0.813523	0.811821	0.81351	
0.993102	0.99308	0.993095	0.00189535	0.0188015	0.993094	0.993102	0.028986	0.00414492	0.993102	0.993102	1.34796e-14	0.993076	0.993102	0.993102	0.00100458	1.02391e-05	2.84027e-10	0.000404669	0.00124172	0.993101	0.993097	0.0238774	0.0145414	0.0143194	0.0247045	0.0286915	0.786643	0.784865	0.786629	
0.993102	0.993086	0.993089	0.00182432	0.0346273	0.993091	0.993102	0.053978	0.00312623	0.993102	0.993102	1.00995e-14	0.993082	0.993102	0.993102	0.00104263	7.66162e-06	3.40266e-10	0.000304952	0.000939494	0.993101	0.993098	0.0488961	0.0123546	0.011729	0.0504974	0.0538268	0.652547	0.650363	0.652532	
0.993102	0.993089	0.993021	0.00160592	0.136496	0.993072	0.993102	0.211536	0.00234319	0.993102	0.993102	1.04674e-14	0.993087	0.993102	0.993102	0.000930993	5.73496e-06	2.81996e-09	0.000228224	0.000703697	0.9931	0.993099	0.206288	0.012621	0.0104781	0.209852	0.211038	0.406576	0.403596	0.406551	
0.993102	0.993092	0.992617	0.00121172	0.307725	0.993077	0.993102	0.40745	0.00175865	0.993102	0.993102	5.60742e-11	0.98844	0.993102	0.993102	0.000698798	5.15941e-06	2.70812e-06	0.000170772	0.000526556	0.993045	0.9931	0.40351	0.187834	0.0428146	0.406226	0.407054	0.419056	0.415449	0.419008	
0.993102	0.993095	0.992732	0.000906884	0.246867	0.993084	0.993102	0.553819	0.0116879	0.993102	0.993102	7.65524e-11	0.989611	0.993102	0.993102	0.000522911	4.98323e-06	6.72689e-05	0.000127782	0.000394009	0.949379	0.9931	0.550857	0.390485	0.255097	0.552964	0.553471	0.449925	0.445464	0.449846	
0.993102	0.993096	0.992825	0.000678601	0.185231	0.993088	0.993102	0.662455	0.0762768	0.993102	0.993102	6.56235e-11	0.990485	0.993102	0.993102	0.000391276	4.26052e-05	6.08191e-05	9.56147e-05	0.000294835	0.955831	0.993099	0.659767	0.542172	0.438923	0.661551	0.662055	0.517177	0.51326	0.517109	
0.993102	0.993093	0.992895	0.000507777	0.138617	0.993092	0.993102	0.738407	0.181344	0.993102	0.993102	4.92569e-11	0.991143	0.993102	0.993102	0.000292777	0.000333341	4.63086e-05	7.1545e-05	0.00022066	0.96482	0.992915	0.713658	0.655667	0.577616	0.717028	0.737644	0.61607	0.611373	0.616004	
0.993102	0.99281	0.992947	0.00037996	0.103722	0.993094	0.993102	0.758091	0.289368	0.993102	0.993102	3.68575e-11	0.991636	0.993102	0.993102	0.000219075	0.000740659	3.46948e-05	5.35345e-05	0.000165444	0.971879	0.989187	0.561582	0.74052	0.680755	0.566524	0.754419	0.698698	0.693223	0.698634	
0.993102	0.973715	0.992986	0.000284364	0.0776118	0.993096	0.993102	0.68487	0.321113	0.993102	0.993102	2.75791e-11	0.992005	0.993102	0.993102	0.000163926	0.000839143	2.5965e-05	4.00579e-05	0.000125527	0.977206	0.982042	0.420894	0.803031	0.751108	0.424672	0.675869	0.770961	0.764905	0.770891	
0.993102	0.922725	0.993015	0.000213213	0.0580742	0.993098	0.993102	0.555823	0.2861	0.993102	0.993102	2.06365e-11	0.992281	0.993102	0.993102	0.000122659	0.000654412	1.94293e-05	2.99739e-05	0.000101257	0.981203	0.984379	0.315025	0.836876	0.757433	0.317863	0.545148	0.770528	0.76379	0.770445	
0.993102	0.924335	0.993037	0.000162378	0.0434556	0.993099	0.993102	0.459633	0.219763	0.993102	0.993102	1.54415e-11	0.992488	0.993102	0.993102	9.17816e-05	0.000492707	1.45386e-05	2.24284e-05	8.30231e-05	0.984196	0.986572	0.235895	0.784891	0.655029	0.238044	0.447186	0.845015	0.8336	0.844945	
0.993102	0.940648	0.993054	0.000126648	0.0325174	0.9931	0.993102	0.355338	0.175564	0.993102	0.993102	1.15543e-11	0.992643	0.993102	0.993102	6.86769e-05	0.000368822	1.08788e-05	1.67823e-05	9.4277e-05	0.986436	0.988216	0.176659	0.691482	0.547888	0.178305	0.343822	0.842437	0.829605	0.842371	
0.993102	0.953691	0.993066	0.00011186	0.024342	0.9931	0.993102	0.277881	0.134086	0.993102	0.993102	8.64568e-12	0.992758	0.993102	0.993102	5.13884e-05	0.000276	8.14025e-06	1.25576e-05	0.000101061	0.988114	0.989446	0.132563	0.554208	0.430672	0.133905	0.266684	0.860051	0.846731	0.859987	
0.993102	0.963582	0.993075	0.000118782	0.0182486	0.993101	0.993102	0.216484	0.101953	0.993102	0.993102	6.46925e-12	0.992845	0.993102	0.993102	3.84534e-05	0.000206525	6.09109e-06	9.39671e-06	0.00011901	0.989369	0.990366	0.0997971	0.431349	0.332787	0.100986	0.206181	0.854711	0.841371	0.854643	
0.993102	0.971005	0.993082	0.000151877	0.0137851	0.993101	0.993102	0.171471	0.0770087	0.993102	0.993102	4.8407e-12	0.99291	0.993102	0.993102	2.87997e-05	0.000154537	4.55777e-06	7.03481e-06	0.000128051	0.990308	0.991055	0.0759506	0.33126	0.254989	0.07723	0.161632	0.908036	0.893659	0.907966	
0.993102	0.976565	0.993087	0.000207867	0.0104254	0.993101	0.993102	0.131651	0.0589294	0.993102	0.993102	3.62212e-12	0.992958	0.993102	0.993102	2.17963e-05	0.000115635	3.41042e-06	5.3317e-06	0.000209162	0.991011	0.99157	0.057556	0.253141	0.194832	0.0587552	0.123473	0.943031	0.927997	0.942964	
0.993102	0.980726	0.993091	0.000301378	0.00792279	0.993101	0.993102	0.100181	0.0457064	0.993102	0.993102	2.7103e-12	0.992994	0.993102	0.993102	1.79615e-05	8.65253e-05	2.5519e-06	4.69895e-06	0.000384891	0.991537	0.991956	0.0435843	0.192634	0.148411	0.0446636	0.093636	0.967235	0.950735	0.96717	
0.993102	0.983841	0.993094	0.000436316	0.00606947	0.993101	0.993102	0.0759921	0.0359775	0.993102	0.993102	2.02802e-12	0.993022	0.993102	0.993102	2.08909e-05	6.47437e-05	1.9095e-06	7.66236e-06	0.000659075	0.991931	0.992245	0.0330281	0.146276	0.112879	0.0339984	0.0708115	0.97597	0.960938	0.975911	
0.993102	0.986172	0.993096	0.000609422	0.00473427	0.993101	0.993102	0.0577255	0.0284053	0.993102	0.993102	1.51749e-12	0.993042	0.993102	0.993102	3.8039e-05	4.84454e-05	1.42881e-06	1.96566e-05	0.000936138	0.992225	0.99246	0.0251376	0.110997	0.0858356	0.0260126	0.0536318	0.982674	0.966325	0.982616	
0.993102	0.987916	0.993097	0.000808764	0.00378611	0.993101	0.993102	0.0439466	0.0226256	0.993102	0.993102	1.13548e-12	0.993057	0.993102	0.993102	8.29479e-05	3.62499e-05	1.06913e-06	4.78911e-05	0.00120863	0.992446	0.992622	0.0192408	0.0842708	0.0653366	0.0200627	0.0406812	0.986302	0.971349	0.98625	
0.993102	0.989221	0.993098	0.00102233	0.00313256	0.993101	0.993102	0.033581	0.0181294	0.993102	0.993102	8.49642e-13	0.993068	0.993102	0.993102	0.000164127	2.71245e-05	7.99992e-07	0.000100972	0.00145287	0.992611	0.992743	0.0148475	0.0640744	0.0498346	0.0156197	0.0309667	1.00891	0.996224	1.00886	
0.993102	0.990198	0.993099	0.00123801	0.00257952	0.993101	0.993102	0.0255697	0.0151443	0.993102	0.993102	6.35756e-13	0.993077	0.993102	0.993102	0.000283582	2.02963e-05	5.98606e-07	0.000240491	0.00195177	0.992734	0.992833	0.0114235	0.0488384	0.0381307	0.0120921	0.0235219	1.0153	1.00397	1.01526	
0.993102	0.990929	0.9931	0.00145384	0.00217446	0.993101	0.993102	0.0195203	0.0128939	0.993102	0.993102	4.75713e-13	0.993083	0.993102	0.993102	0.000440419	1.5187e-05	4.47916e-07	0.000449285	0.00244679	0.992827	0.992901	0.00884084	0.0373439	0.0292928	0.00941583	0.0179176	1.00614	0.995036	1.0061	
0.993102	0.991476	0.9931	0.00166181	0.00195953	0.993101	0.993102	0.0150696	0.01084	0.993102	0.993102	3.55959e-13	0.993088	0.993102	0.993101	0.000632353	1.13639e-05	3.3516e-07	0.000626659	0.00265617	0.992896	0.992952	0.00698336	0.0286787	0.0226243	0.00750533	0.0137894	1.01795	1.00805	1.01791	
0.993102	0.991885	0.993101	0.00185055	0.00175447	0.993101	0.993102	0.0116405	0.00950845	0.993102	0.993102	2.66351e-13	0.993092	0.993102	0.993101	0.000842542	8.50316e-06	2.50789e-07	0.000922652	0.00303599	0.992947	0.99299	0.00552837	0.0221577	0.0176015	0.00598543	0.0106275	0.966952	0.957422	0.966918	
0.993102	0.992191	0.993101	0.00202251	0.00217	0.993101	0.993102	0.00971425	0.00759427	0.993102	0.993102	1.99301e-13	0.993094	0.993102	0.993101	0.00106373	6.36261e-06	1.87659e-07	0.000881174	0.0026523	0.992986	0.993018	0.00499754	0.0172469	0.0138156	0.00552024	0.00881435	0.967848	0.95919	0.967818	
0.993102	0.99242	0.993101	0.00215573	0.00250165	0.993101	0.993102	0.00825173	0.00616609	0.993102	0.993102	1.4913e-13	0.993096	0.993102	0.993101	0.00128102	4.76091e-06	1.40421e-07	0.000871782	0.0023734	0.993015	0.993039	0.00461803	0.0135778	0.0109825	0.00517517	0.00745713	0.854754	0.847171	0.854724	
0.993102	0.992592	0.993098	0.00225928	0.01031	0.993097	0.993102	0.0152793	0.00466353	0.993102	0.993102	1.11589e-13	0.993098	0.993102	0.993102	0.00148263	3.56245e-06	1.05095e-07	0.000676215	0.00181658	0.993037	0.993055	0.0118725	0.0108363	0.00886225	0.0136196	0.0137834	0.915216	0.908145	0.915189	
0.993102	0.99272	0.993098	0.00223788	0.0099632	0.993098	0.993102	0.0142154	0.00371784	0.993102	0.993102	8.34982e-14	0.993099	0.993102	0.993102	0.00158323	2.66566e-06	7.86471e-08	0.000558328	0.00149574	0.993053	0.993067	0.0115342	0.00904563	0.00739523	0.0132405	0.0128445	0.821357	0.815114	0.821331	
0.993102	0.992816	0.993094	0.00222269	0.0217304	0.993094	0.993102	0.0277718	0.00281599	0.993102	0.993102	6.24823e-14	0.9931	0.993102	0.993102	0.0016764	1.99467e-06	5.89018e-08	0.00042633	0.00114009	0.993065	0.993076	0.0252834	0.00769714	0.00629571	0.0286162	0.0255171	0.649968	0.644503	0.649946	
0.993102	0.992888	0.992967	0.00207366	0.163044	0.993025	0.993102	0.194269	0.00210894	0.993102	0.993102	5.02477e-14	0.9931	0.993102	0.993102	0.00161702	1.49431e-06	4.61445e-08	0.000319137	0.000853767	0.993074	0.993082	0.191728	0.00732468	0.00572749	0.199944	0.189111	0.632189	0.626314	0.632168	
0.993102	0.992941	0.992994	0.00156607	0.138883	0.993045	0.993102	0.336476	0.00219921	0.993102	0.993102	4.48537e-14	0.993101	0.993102	0.993102	0.00121795	1.12234e-06	8.45572e-08	0.000238799	0.000639316	0.992919	0.993087	0.334505	0.193198	0.0302101	0.345734	0.329073	0.517163	0.512577	0.517139	
0.993102	0.992982	0.993017	0.00117265	0.113913	0.993059	0.993102	0.494358	0.00228718	0.993102	0.993102	7.29328e-13	0.993095	0.993102	0.993102	0.00091136	1.97866e-06	3.74349e-07	0.000178684	0.000478424	0.992903	0.993091	0.492784	0.386961	0.188848	0.501823	0.488367	0.443609	0.439819	0.443588	
0.993102	0.993012	0.993038	0.000877488	0.087134	0.99307	0.993102	0.618181	0.0037652	0.993102	0.993102	1.34028e-11	0.991805	0.993102	0.993102	0.000681937	0.000190419	1.1086e-06	0.000133703	0.000357998	0.99293	0.993094	0.616963	0.539	0.386055	0.623854	0.613605	0.431553	0.428549	0.431536	
0.993102	0.993034	0.993054	0.000656596	0.0654023	0.993078	0.993102	0.71121	0.0131965	0.993102	0.993102	2.98143e-11	0.984623	0.993102	0.993102	0.000510269	0.00486664	1.45035e-06	0.000100045	0.000267885	0.992966	0.993064	0.710217	0.653233	0.538408	0.715456	0.707726	0.563473	0.559525	0.563454	
0.993102	0.993051	0.993066	0.000491307	0.0489404	0.993084	0.993102	0.76456	0.17995	0.993102	0.993102	2.23939e-11	0.98675	0.993102	0.993102	0.000381816	0.0070753	1.1141e-06	7.486e-05	0.000200565	0.992997	0.991785	0.759228	0.738767	0.652784	0.764692	0.760844	0.625219	0.619902	0.625198	
0.993102	0.992801	0.993075	0.000367632	0.0366206	0.993089	0.993102	0.770554	0.224387	0.993102	0.993102	1.67568e-11	0.988349	0.993102	0.993102	0.000285699	0.00942952	8.397e-07	5.6015e-05	0.000150474	0.993022	0.981663	0.592118	0.802475	0.737614	0.598618	0.763714	0.649915	0.645283	0.649896	
0.993102	0.991294	0.993082	0.000275097	0.027402	0.993092	0.993102	0.752074	0.229632	0.993102	0.993102	1.25385e-11	0.989545	0.993102	0.993102	0.000213778	0.0106537	6.31214e-07	4.1914e-05	0.000113247	0.993041	0.971438	0.449554	0.849591	0.800124	0.455031	0.742426	0.693879	0.688052	0.693861	
0.993102	0.989898	0.993087	0.000205863	0.020504	0.993095	0.993102	0.686457	0.245594	0.993102	0.993102	9.38214e-12	0.990441	0.993102	0.993102	0.000159962	0.0092546	4.73316e-07	3.13627e-05	8.63068e-05	0.993056	0.970469	0.338852	0.884038	0.845814	0.343252	0.672321	0.700872	0.694456	0.700855	
0.993102	0.98731	0.993091	0.000154133	0.0153426	0.993097	0.993102	0.628724	0.202931	0.993102	0.993102	7.02031e-12	0.991111	0.993102	0.993102	0.000119694	0.00727494	3.54925e-07	2.34676e-05	6.63816e-05	0.993067	0.97569	0.255115	0.90195	0.868792	0.25862	0.610491	0.830762	0.82057	0.830746	
0.993102	0.988234	0.993094	0.000115457	0.0114804	0.993098	0.993102	0.485389	0.263143	0.993102	0.993102	5.25305e-12	0.991612	0.993102	0.993102	8.95626e-05	0.00545341	2.65629e-07	1.75599e-05	7.38452e-05	0.993075	0.980026	0.191168	0.910861	0.881397	0.193853	0.469166	0.963362	0.951879	0.963349	
0.993102	0.983938	0.993096	9.36995e-05	0.00859041	0.993099	0.993102	0.364315	0.235826	0.993102	0.993102	3.93066e-12	0.991987	0.993102	0.993102	6.70164e-05	0.00408063	1.98764e-07	1.31395e-05	0.000397412	0.993082	0.983318	0.14305	0.73402	0.703106	0.145061	0.35195	0.970563	0.959448	0.970551	
0.993102	0.98434	0.993097	0.00011772	0.00642856	0.9931	0.993102	0.273571	0.183883	0.993102	0.993102	2.94117e-12	0.992268	0.993102	0.993102	5.0146e-05	0.00305339	1.4873e-07	9.83191e-06	0.000692279	0.993086	0.985781	0.107048	0.558492	0.53395	0.108554	0.264128	1.00142	0.992401	1.00141	
0.993102	0.986284	0.993099	0.000191604	0.00481247	0.9931	0.993102	0.205225	0.143446	0.993102	0.993102	2.20077e-12	0.992478	0.993102	0.993102	3.75228e-05	0.00228474	1.11291e-07	7.36638e-06	0.00124947	0.99309	0.987624	0.0801131	0.422064	0.403206	0.0812432	0.198075	0.992917	0.983833	0.992907	
0.993102	0.987949	0.9931	0.000324746	0.0036113	0.993101	0.993102	0.154181	0.110109	0.993102	0.993102	1.64676e-12	0.992635	0.993102	0.993102	2.80897e-05	0.00170959	8.32765e-08	5.63976e-06	0.00155315	0.993093	0.989003	0.059981	0.318139	0.303818	0.0608336	0.14873	1.00843	1.00011	1.00842	
0.993102	0.989232	0.9931	0.000502749	0.00272322	0.993101	0.993102	0.11582	0.0849455	0.993102	0.993102	1.23221e-12	0.992753	0.993102	0.993102	2.12033e-05	0.00127922	6.2314e-08	5.62001e-06	0.00200681	0.993095	0.990035	0.044932	0.239649	0.228823	0.0455791	0.111675	1.02402	1.01666	1.02401	
0.993102	0.990201	0.993101	0.000716706	0.00207095	0.993101	0.993102	0.0869943	0.0661439	0.993102	0.993102	9.22017e-13	0.992841	0.993102	0.993102	1.72417e-05	0.000957196	4.66281e-08	1.34423e-05	0.00265799	0.993097	0.990807	0.033682	0.180528	0.172364	0.0341759	0.0838501	1.01501	1.00796	1.015	
0.993102	0.990928	0.993101	0.000955841	0.00162081	0.993101	0.993102	0.0654883	0.0512297	0.993102	0.993102	6.89911e-13	0.992906	0.993102	0.993102	1.91825e-05	0.000716235	3.48911e-08	3.5073e-05	0.00295931	0.993098	0.991385	0.0253095	0.136058	0.12991	0.0256952	0.0630889	1.03711	1.03113	1.0371	
0.993102	0.991474	0.993101	0.00119838	0.00128348	0.993101	0.993102	0.0492544	0.0406256	0.993102	0.993102	5.16236e-13	0.992956	0.993102	0.993102	3.39471e-05	0.000535932	2.61083e-08	0.000121507	0.00372818	0.993099	0.991817	0.0190304	0.102656	0.0980288	0.0193307	0.047435	1.0279	1.02266	1.02789	
0.993102	0.991883	0.993102	0.00144258	0.00107852	0.993102	0.993102	0.0371566	0.0320701	0.993102	0.993102	3.8628e-13	0.992993	0.993102	0.993102	7.12199e-05	0.000401019	1.95366e-08	0.000246614	0.00405614	0.993099	0.992141	0.0143767	0.0775667	0.0740856	0.0146166	0.0357719	0.945429	0.94071	0.945423	
0.993102	0.992189	0.993102	0.00167102	0.00159178	0.993101	0.993102	0.0293556	0.0242934	0.993102	0.993102	2.89039e-13	0.99302	0.993102	0.993102	0.000141073	0.000300068	1.46223e-08	0.000234044	0.00328064	0.9931	0.992383	0.0116013	0.0587392	0.0561197	0.011864	0.0282218	0.919375	0.914957	0.919368	
0.993102	0.992418	0.993101	0.00184767	0.00273795	0.9931	0.993102	0.0245574	0.0183548	0.993102	0.993102	2.16278e-13	0.993041	0.993102	0.993102	0.000247526	0.00022453	1.09478e-08	0.000215313	0.00260135	0.9931	0.992564	0.0103351	0.0446581	0.0426762	0.0106836	0.0235721	0.863177	0.859383	0.86317	
0.993102	0.99259	0.9931	0.00197053	0.0072296	0.993098	0.993102	0.0261553	0.0137936	0.993102	0.993102	1.61833e-13	0.993056	0.993102	0.993102	0.00038229	0.000168007	8.21187e-09	0.000176827	0.00199432	0.9931	0.992699	0.0133735	0.0341546	0.0326326	0.0140688	0.0251307	0.852716	0.849236	0.852709	
0.993102	0.992719	0.993099	0.00199702	0.0115853	0.993096	0.993102	0.02907	0.0103806	0.993102	0.993102	1.21095e-13	0.993068	0.993102	0.993102	0.000507297	0.000125714	6.17164e-09	0.000143343	0.00153116	0.9931	0.992801	0.0175639	0.02647	0.0252088	0.0186117	0.0280317	0.841722	0.838606	0.841715	
0.993102	0.992815	0.993097	0.00195533	0.0158999	0.993095	0.993102	0.0334714	0.00782594	0.993102	0.993102	9.06121e-14	0.993076	0.993102	0.993102	0.000608151	9.40671e-05	4.65469e-09	0.000114536	0.00117694	0.993101	0.992877	0.0231223	0.0209365	0.0197601	0.024521	0.0324472	0.856187	0.852993	0.856179	
0.993102	0.992887	0.993097	0.00186368	0.0168972	0.993096	0.993102	0.0339327	0.00595391	0.993102	0.993102	6.78025e-14	0.993083	0.993102	0.993102	0.000674933	7.03871e-05	3.51289e-09	9.31617e-05	0.000922329	0.9931	0.992933	0.0252331	0.0170799	0.0158165	0.0267855	0.0329566	0.871449	0.868391	0.87144	
0.993102	0.992941	0.993097	0.00177547	0.0163075	0.993096	0.993102	0.0320138	0.00459689	0.993102	0.993102	5.07346e-14	0.993088	0.993102	0.993102	0.000732169	5.26681e-05	2.65113e-09	7.9458e-05	0.000746579	0.9931	0.992976	0.0249945	0.014291	0.0129146	0.026532	0.0311314	0.855577	0.852676	0.855567	
0.993102	0.992981	0.993096	0.00171241	0.0173907	0.993097	0.993102	0.0329787	0.00354027	0.993102	0.993102	3.79637e-14	0.993091	0.993102	0.993102	0.000795235	3.94096e-05	2.01443e-09	6.72202e-05	0.000599653	0.9931	0.993008	0.027245	0.0121698	0.0107313	0.0288881	0.0321254	0.910754	0.908043	0.910746	
0.993102	0.993011	0.993097	0.00164911	0.0147227	0.993098	0.993102	0.0277477	0.00297019	0.993102	0.993102	2.8407e-14	0.993094	0.993102	0.993102	0.000841897	2.94888e-05	1.51774e-09	7.23934e-05	0.000572155	0.9931	0.993031	0.0233476	0.0106768	0.00914138	0.02474	0.0270494	0.916069	0.913776	0.916063	
0.993102	0.993034	0.993098	0.0016366	0.0127212	0.993098	0.993102	0.0235306	0.00252839	0.993102	0.993102	2.1256e-14	0.993096	0.993102	0.993102	0.000918556	2.20654e-05	1.14456e-09	8.63472e-05	0.000565248	0.9931	0.993049	0.0201661	0.00934673	0.0078532	0.0213332	0.0229732	0.891848	0.889785	0.891842	
0.993102	0.993051	0.993098	0.00165855	0.0125132	0.993099	0.993102	0.0220706	0.00205911	0.993102	0.993102	1.59053e-14	0.993098	0.993102	0.993102	0.00101671	1.65108e-05	8.70299e-10	8.91415e-05	0.000507429	0.9931	0.993063	0.0194744	0.00820408	0.0068159	0.0205292	0.0216164	0.898303	0.896414	0.898298	
0.993102	0.993064	0.993098	0.00168402	0.0120771	0.993099	0.993102	0.0204442	0.00172585	0.993102	0.993102	1.19015e-14	0.993099	0.993102	0.993102	0.00111087	1.23544e-05	6.63344e-10	9.65304e-05	0.000475845	0.9931	0.993073	0.0184698	0.00732054	0.00602136	0.019407	0.0200867	0.877134	0.875436	0.877128	
0.993102	0.993073	0.993097	0.00171513	0.0132939	0.993098	0.993102	0.0212464	0.00140806	0.993102	0.993102	8.90582e-15	0.9931	0.993102	0.993102	0.001203	9.24438e-06	5.14711e-10	9.33509e-05	0.000419062	0.993101	0.99308	0.0197629	0.00661945	0.0054034	0.0206645	0.0209776	0.875772	0.874108	0.875766	
0.993102	0.99308	0.993097	0.00172891	0.0142541	0.993098	0.993102	0.0220032	0.00117248	0.993102	0.993102	6.6643e-15	0.9931	0.993102	0.993102	0.00127163	6.91725e-06	4.04454e-10	8.93021e-05	0.000374918	0.993101	0.993086	0.0209284	0.0061492	0.00496126	0.0218059	0.0218085	0.941584	0.940031	0.941579	
0.993102	0.993085	0.993098	0.00173071	0.0118182	0.993099	0.993102	0.0181306	0.00133669	0.993102	0.993102	4.98668e-15	0.993101	0.993102	0.993102	0.00132002	5.17593e-06	3.07917e-10	0.000136018	0.000509244	0.993101	0.99309	0.0173445	0.00584475	0.00464877	0.0180539	0.0179908	0.934586	0.933174	0.934581	
0.993102	0.993089	0.993098	0.00176877	0.0102738	0.993099	0.993102	0.0154812	0.00135023	0.993102	0.993102	3.73139e-15	0.993101	0.993102	0.993102	0.00139499	3.87297e-06	2.36185e-10	0.000175732	0.000579918	0.993101	0.993093	0.0149077	0.00546662	0.00434255	0.0154934	0.0153889	0.887775	0.886523	0.88777	
0.993102	0.993092	0.993098	0.00182388	0.0115008	0.993099	0.993102	0.0164064	0.00113621	0.993102	0.993102	2.7923e-15	0.993101	0.993102	0.993102	0.00148193	2.89801e-06	1.91015e-10	0.000164882	0.000512007	0.993101	0.993095	0.016016	0.00509581	0.00406876	0.0165752	0.0163866	0.925129	0.923902	0.925124	
0.993102	0.993095	0.993098	0.00185494	0.0103956	0.993099	0.993102	0.0145818	0.00112847	0.993102	0.993102	2.08943e-15	0.993102	0.993102	0.993102	0.00154415	2.16848e-06	1.49859e-10	0.000189744	0.000548042	0.993101	0.993097	0.0143208	0.00486687	0.00388271	0.0147968	0.0145945	0.849931	0.848863	0.849926	
0.993102	0.993096	0.993096	0.00189691	0.015923	0.993098	0.993102	0.0209541	0.000902596	0.993102	0.993102	1.56455e-15	0.993102	0.993102	0.993102	0.00161258	1.62263e-06	1.42609e-10	0.000158265	0.000446777	0.993101	0.993098	0.0208979	0.00463597	0.00371368	0.0214652	0.0211168	0.871101	0.870064	0.871096	
0.993102	0.993097	0.993096	0.00186626	0.0166791	0.993098	0.993102	0.0223425	0.000788569	0.993102	0.993102	1.17117e-15	0.993102	0.993102	0.993102	0.00160465	1.21417e-06	1.28979e-10	0.000135708	0.000390389	0.993101	0.993099	0.0224294	0.0047347	0.00370081	0.0229924	0.0225768	0.835239	0.834345	0.835234	
0.993102	0.993098	0.993094	0.00182959	0.0217926	0.993097	0.993102	0.0300063	0.000647706	0.993102	0.993102	8.78339e-16	0.993102	0.993102	0.993102	0.00158229	9.08559e-07	1.42859e-10	0.000109424	0.000319474	0.993101	0.9931	0.0303428	0.00486677	0.00371921	0.0309953	0.0304283	0.778196	0.777443	0.778192	
