0.25	5.42631e-30	0.25	0.998264	0.25	0.748264	0.998264	0.748882	0.748264	0.25	0.25	0.000618156	0.000618156	0.25	0.25	1.27727e-12	0.25	1.27727e-12	2.63265e-21	0.000618156	0.25	1.27727e-12	0.000618156	0.000618156	0.000618156	0.000618156	0.25	0	0	0	
0.993102	0.9931	0.993102	0.00640191	0.000116624	0.993102	0.993102	9.27369e-05	0.0391005	0.993102	0.993102	2.01255e-23	0.000618156	0.25	0.25	1.27727e-12	0.25	1.27727e-12	2.63265e-21	0.000618156	0.25	1.27727e-12	0.000618156	0.000618156	0.000618156	0.000618156	0.25	1.15551	1.12854	1.15551	
0.993102	0.9931	0.993102	0.00652484	0.000114572	0.993102	0.993102	9.0569e-05	0.0412244	0.993102	0.993102	1.97274e-23	0.250463	0.437066	0.437063	0.000625655	0.187066	1.00596e-12	0.0100849	0.0173681	0.437065	0.25	0.000473556	0.000746908	0.000746246	0.000481429	0.18708	0.993102	0.9931	0.993102	
0.993102	0.993099	0.993102	0.00670047	0.000788541	0.993101	0.993102	0.000610464	0.0311193	0.993102	0.993102	1.74795e-21	0.437412	0.57704	0.577038	0.000819941	0.139974	2.04252e-12	0.00824609	0.0137	0.57704	0.437066	0.000625758	0.000831411	0.000830293	0.000631659	0.140603	0.996009	0.996007	0.996009	
0.993102	0.993099	0.993102	0.00649618	0.00124872	0.993101	0.993102	0.000967106	0.0236474	0.993102	0.993102	3.20311e-21	0.577299	0.681778	0.681777	0.00104385	0.104738	2.75749e-12	0.00688954	0.0109999	0.681778	0.57704	0.000781621	0.000963648	0.000957474	0.000786045	0.105791	0.99845	0.998448	0.99845	
0.993102	0.993099	0.993102	0.00611929	0.00155476	0.993101	0.993102	0.00121168	0.0181429	0.993102	0.993102	4.3845e-21	0.681972	0.76015	0.760148	0.00127406	0.0783715	3.24954e-12	0.00588991	0.00901368	0.760149	0.681778	0.00093137	0.00112408	0.00110953	0.000934687	0.0797155	1.00135	1.00135	1.00135	
0.993102	0.993099	0.993102	0.00568448	0.00174162	0.993101	0.993102	0.00137067	0.014112	0.993102	0.993102	5.24159e-21	0.760295	0.818792	0.818791	0.00149337	0.0586425	3.56618e-12	0.00516774	0.00756792	0.818792	0.76015	0.00106189	0.00129591	0.00127113	0.00106438	0.0601724	1.00196	1.00196	1.00196	
0.993102	0.993099	0.993102	0.00525315	0.00186775	0.993101	0.993102	0.00148805	0.0111518	0.993102	0.993102	5.97862e-21	0.818901	0.862673	0.862671	0.00169113	0.0438801	3.80345e-12	0.00462234	0.00648894	0.862672	0.818792	0.00118538	0.00146601	0.00143051	0.00118725	0.0455428	1.00348	1.00348	1.00348	
0.993102	0.9931	0.993102	0.00485493	0.00193928	0.993101	0.993102	0.00156593	0.00899541	0.993102	0.993102	6.50912e-21	0.862754	0.895506	0.895505	0.00186234	0.0328339	3.95932e-12	0.0042253	0.00569971	0.895506	0.862673	0.00128918	0.00162606	0.00158014	0.00129059	0.0345805	1.00464	1.00464	1.00464	
0.993102	0.9931	0.993102	0.00450279	0.00197539	0.993101	0.993102	0.00161736	0.00742846	0.993102	0.993102	6.88317e-21	0.895567	0.920075	0.920074	0.00200583	0.0245684	4.06066e-12	0.00393645	0.00512211	0.920074	0.895506	0.00137492	0.00177074	0.00171534	0.00137598	0.0263663	1.00543	1.00542	1.00543	
0.993102	0.9931	0.993102	0.00419993	0.00199015	0.993101	0.993102	0.00165203	0.00629069	0.993102	0.993102	7.14909e-21	0.92012	0.938459	0.938457	0.002123	0.0183836	4.12787e-12	0.00372481	0.00469729	0.938458	0.920075	0.00144556	0.00189759	0.00183401	0.00144636	0.0202123	1.00529	1.00528	1.00529	
0.993102	0.9931	0.993102	0.00394439	0.00199919	0.993101	0.993102	0.00168191	0.00545477	0.993102	0.993102	7.3932e-21	0.938493	0.952214	0.952213	0.00221663	0.0137558	4.18821e-12	0.00355829	0.00437179	0.952213	0.938459	0.00150919	0.00200623	0.00193583	0.0015098	0.0156088	1.00569	1.00568	1.00569	
0.993102	0.9931	0.993102	0.00373147	0.001999	0.993101	0.993102	0.00170297	0.00484856	0.993102	0.993102	7.56678e-21	0.95224	0.962507	0.962506	0.00229014	0.010293	4.23034e-12	0.00343487	0.00413074	0.962506	0.952214	0.00156053	0.00209785	0.00202184	0.00156099	0.0121603	1.00554	1.00553	1.00554	
0.993102	0.9931	0.993102	0.00355594	0.00199802	0.993101	0.993102	0.00172196	0.00440229	0.993102	0.993102	7.72505e-21	0.962526	0.970209	0.970208	0.00234688	0.00770185	4.26985e-12	0.00333632	0.00394417	0.970208	0.962507	0.0016055	0.00217392	0.00209342	0.00160586	0.00958143	1.00579	1.00579	1.00579	
0.993102	0.993101	0.993102	0.00341226	0.00199284	0.993101	0.993102	0.00173549	0.00407949	0.993102	0.993102	7.83391e-21	0.970223	0.975972	0.975971	0.00239005	0.00576301	4.29771e-12	0.00326317	0.00380587	0.975971	0.970209	0.00164086	0.00223646	0.0021524	0.00164113	0.0076493	1.00585	1.00585	1.00585	
0.993102	0.993101	0.993102	0.00329547	0.00198678	0.993101	0.993102	0.00174635	0.00384412	0.993102	0.993102	7.91766e-21	0.975983	0.980284	0.980283	0.00242239	0.00431225	4.32025e-12	0.00320685	0.00370099	0.980283	0.975972	0.00166961	0.0022873	0.00220047	0.00166983	0.00620297	1.00594	1.00594	1.00594	
0.993102	0.993101	0.993102	0.00320101	0.00198011	0.993101	0.993102	0.00175471	0.00367323	0.993102	0.993102	7.97781e-21	0.980292	0.983511	0.98351	0.00244626	0.0032267	4.33758e-12	0.00316406	0.00362205	0.98351	0.980284	0.00169241	0.00232829	0.00223935	0.00169259	0.00511987	1.00514	1.00513	1.00514	
0.993102	0.993101	0.993101	0.00312495	0.00198208	0.993101	0.993102	0.00176908	0.00353538	0.993102	0.993102	8.09322e-21	0.983517	0.985926	0.985924	0.0024636	0.00241442	4.37045e-12	0.00311831	0.00354784	0.985925	0.983511	0.00171818	0.00236109	0.00227057	0.00171833	0.00431718	1.00461	1.0046	1.00461	
0.993102	0.993101	0.993101	0.00306362	0.00198795	0.993101	0.993102	0.00178538	0.00342638	0.993102	0.993102	8.22767e-21	0.98593	0.987732	0.987731	0.00247606	0.00180662	4.40877e-12	0.00307462	0.00348227	0.987731	0.985926	0.00174352	0.00238754	0.00229573	0.00174364	0.00372171	1.00513	1.00513	1.00513	
0.993102	0.993101	0.993101	0.00301415	0.00198632	0.993101	0.993102	0.00179333	0.00335508	0.993102	0.993102	8.28528e-21	0.987735	0.989084	0.989083	0.00248487	0.00135183	4.42711e-12	0.00304822	0.00344087	0.989083	0.987732	0.00175871	0.00240895	0.00231606	0.00175881	0.00327104	1.00399	1.00399	1.00399	
0.993102	0.993101	0.993101	0.00297458	0.00199596	0.993101	0.993102	0.00181024	0.0032852	0.993102	0.993102	8.42835e-21	0.989086	0.990096	0.990094	0.00249089	0.00101153	4.46786e-12	0.00301078	0.00339038	0.990094	0.989084	0.00178115	0.00242594	0.00233221	0.00178124	0.00294497	1.00326	1.00326	1.00326	
0.993102	0.993101	0.993101	0.00294259	0.00201013	0.993101	0.993102	0.0018302	0.00322309	0.993102	0.993102	8.60345e-21	0.990097	0.990852	0.990851	0.00249498	0.000756888	4.51666e-12	0.00297094	0.00334008	0.990851	0.990096	0.0018055	0.00243986	0.00234534	0.00180558	0.00270835	1.00337	1.00337	1.00337	
0.993102	0.993101	0.993101	0.00291657	0.00201904	0.993101	0.993102	0.00184437	0.00317982	0.993102	0.993102	8.72543e-21	0.990854	0.991419	0.991418	0.00249769	0.000566352	4.55158e-12	0.00294152	0.00330375	0.991418	0.990852	0.00182322	0.00245147	0.00235615	0.0018233	0.00253015	1.00255	1.00255	1.00255	
0.993102	0.993101	0.993101	0.00289554	0.0020338	0.993101	0.993102	0.00186307	0.00313595	0.993102	0.993102	8.89399e-21	0.99142	0.991843	0.991841	0.00249936	0.00042378	4.59798e-12	0.00290694	0.00326307	0.991842	0.991419	0.00184472	0.00246098	0.00236492	0.00184479	0.00240515	1.0022	1.0022	1.0022	
0.993102	0.993101	0.993101	0.00287832	0.00204808	0.993101	0.993102	0.00188064	0.00309905	0.993102	0.993102	9.0544e-21	0.991843	0.99216	0.992158	0.00250035	0.000317099	4.64189e-12	0.00287515	0.00322683	0.992159	0.991843	0.00186458	0.00246907	0.00237224	0.00186464	0.00231518	1	1	1	
0.993102	0.993101	0.993101	0.00286417	0.00208198	0.993101	0.993102	0.00191579	0.00304016	0.993102	0.993102	9.39595e-21	0.99216	0.992397	0.992396	0.00250086	0.000237274	4.72953e-12	0.00282045	0.0031658	0.992396	0.99216	0.00190153	0.00247598	0.00237837	0.00190159	0.00227098	0.999497	0.999495	0.999497	
0.993102	0.993101	0.993101	0.00285186	0.00211237	0.993101	0.993102	0.00194739	0.00299068	0.993102	0.993102	9.70747e-21	0.992397	0.992574	0.992573	0.00250117	0.000177543	4.80909e-12	0.00277124	0.00311237	0.992573	0.992397	0.00193491	0.00248276	0.00238409	0.00193497	0.00224337	0.997864	0.997862	0.997864	
0.993102	0.993101	0.993101	0.00284115	0.00215297	0.993101	0.993102	0.00198819	0.00293226	0.993102	0.993102	1.01234e-20	0.992575	0.992707	0.992706	0.00250129	0.000132849	4.91191e-12	0.0027119	0.0030484	0.992706	0.992574	0.00197738	0.00248924	0.00238935	0.00197744	0.00224073	0.999539	0.999537	0.999539	
0.993102	0.993101	0.993101	0.00283143	0.00216397	0.993101	0.993102	0.00200137	0.00291415	0.993102	0.993102	1.02518e-20	0.992708	0.992807	0.992806	0.00250134	9.94063e-05	4.94688e-12	0.00268743	0.00302482	0.992806	0.992707	0.00199234	0.00249585	0.00239449	0.0019924	0.00222027	0.99606	0.996058	0.99606	
0.993102	0.993101	0.993101	0.00282345	0.00221168	0.993101	0.993102	0.00204827	0.00285289	0.993102	0.993102	1.07481e-20	0.992807	0.992881	0.99288	0.00250117	7.43821e-05	5.06523e-12	0.00262441	0.00295718	0.99288	0.992807	0.00204061	0.00250133	0.00239871	0.00204066	0.00224405	0.999698	0.999696	0.999698	
0.993102	0.993101	0.993101	0.00281574	0.0022053	0.993101	0.993102	0.00204488	0.0028599	0.993102	0.993102	1.07055e-20	0.992881	0.992937	0.992936	0.00250103	5.56574e-05	5.0595e-12	0.00262148	0.00295866	0.992936	0.992881	0.00203884	0.0025074	0.00240318	0.00203889	0.00222104	0.997373	0.997371	0.997373	
0.993102	0.993101	0.993101	0.0028099	0.0022266	0.993101	0.993102	0.00206675	0.00283206	0.993102	0.993102	1.09324e-20	0.992937	0.992978	0.992977	0.00250064	4.16464e-05	5.11568e-12	0.00258954	0.00292586	0.992977	0.992937	0.00206175	0.00251173	0.0024064	0.00206181	0.00222956	0.991706	0.991704	0.991706	
0.993102	0.993101	0.993101	0.00280466	0.00231119	0.993101	0.993102	0.00214744	0.00273812	0.993102	0.993102	1.18472e-20	0.992978	0.99301	0.993009	0.00250028	3.11625e-05	5.31811e-12	0.00249771	0.00282514	0.993009	0.992978	0.00214343	0.00251587	0.00240941	0.00214348	0.00230388	0.991034	0.991032	0.991034	
0.993102	0.993101	0.993101	0.00279816	0.00238208	0.993101	0.993102	0.00221599	0.00266275	0.993102	0.993102	1.26383e-20	0.99301	0.993033	0.993032	0.00250009	2.33178e-05	5.49248e-12	0.00241877	0.00274124	0.993032	0.99301	0.0022138	0.00252227	0.00241379	0.00221385	0.00236807	0.989891	0.98989	0.989891	
0.993102	0.993101	0.993101	0.00279111	0.00244917	0.993101	0.993102	0.00228142	0.0025951	0.993102	0.993102	1.34122e-20	0.993033	0.99305	0.993049	0.0024999	1.74478e-05	5.66032e-12	0.00234502	0.00266425	0.993049	0.993033	0.00228145	0.00252981	0.00241882	0.00228151	0.00243096	0.988636	0.988634	0.988636	
0.993102	0.993101	0.993101	0.00278379	0.00251529	0.993101	0.993102	0.00234626	0.00253192	0.993102	0.993102	1.42e-20	0.99305	0.993063	0.993062	0.00249963	1.30556e-05	5.82769e-12	0.00227446	0.00259139	0.993062	0.99305	0.00234879	0.00253802	0.00242421	0.00234884	0.00249472	0.987438	0.987436	0.987437	
0.993102	0.993101	0.993101	0.00277634	0.00258027	0.993101	0.993102	0.00241035	0.00247294	0.993102	0.993102	1.49988e-20	0.993063	0.993073	0.993072	0.00249924	9.76902e-06	5.99395e-12	0.00220732	0.00252266	0.993072	0.993063	0.00241553	0.00254666	0.00242982	0.00241558	0.00255878	0.988088	0.988086	0.988088	
0.993102	0.993101	0.993101	0.00276886	0.00261891	0.993101	0.993102	0.00244995	0.00243857	0.993102	0.993102	1.54886e-20	0.993073	0.99308	0.99308	0.0024987	7.3098e-06	6.09958e-12	0.00216164	0.00247877	0.993079	0.993073	0.00245775	0.00255556	0.00243553	0.0024578	0.00259779	0.984007	0.984005	0.984006	
0.993102	0.993101	0.993101	0.00276203	0.00270549	0.993101	0.993102	0.00253452	0.00236806	0.993102	0.993102	1.66143e-20	0.99308	0.993086	0.993085	0.00249804	5.46966e-06	6.31756e-12	0.00208639	0.00239961	0.993085	0.99308	0.00254498	0.00256368	0.00244071	0.00254503	0.00268491	0.982565	0.982563	0.982564	
0.993102	0.993101	0.993101	0.00275461	0.00279062	0.993101	0.993102	0.00261835	0.00230244	0.993102	0.993102	1.77617e-20	0.993086	0.99309	0.993089	0.00249722	4.09275e-06	6.53535e-12	0.00201439	0.00232484	0.993089	0.993086	0.00263187	0.00257291	0.00244651	0.00263192	0.00277172	0.980363	0.980362	0.980363	
0.993102	0.993101	0.993101	0.0027468	0.00288725	0.993101	0.993102	0.00271359	0.00223293	0.993102	0.993102	1.91176e-20	0.99309	0.993093	0.993092	0.00249621	3.06246e-06	6.78319e-12	0.00193879	0.00224607	0.993092	0.99309	0.00273052	0.00258288	0.0024527	0.00273058	0.0028709	1.01567	1.01567	1.01567	
0.993102	0.993101	0.993101	0.0027385	0.00255467	0.993101	0.993102	0.00240344	0.00270753	0.993102	0.993102	1.57263e-20	0.993093	0.993095	0.993094	0.00249495	2.29153e-06	6.01189e-12	0.0023183	0.00270454	0.993094	0.993093	0.00241995	0.00259378	0.00245938	0.00242	0.00254215	1.02197	1.02197	1.02197	
0.993102	0.993101	0.993101	0.00274283	0.00226127	0.993101	0.993102	0.00212729	0.00317547	0.993102	0.993102	1.28613e-20	0.993095	0.993097	0.993096	0.00249147	1.71467e-06	5.3185e-12	0.0027371	0.00318437	0.993096	0.993095	0.00213984	0.00258737	0.00245468	0.00213989	0.00224956	0.998513	0.998511	0.998513	
0.993102	0.993101	0.993101	0.00275657	0.00225378	0.993101	0.993102	0.00211711	0.0030816	0.993102	0.993102	1.23936e-20	0.993097	0.993098	0.993097	0.00248638	1.28302e-06	5.28286e-12	0.00268675	0.00311006	0.993097	0.993097	0.00212198	0.00256932	0.00244211	0.00212203	0.00223814	0.982931	0.98293	0.982931	
0.993102	0.993101	0.993101	0.00276606	0.00245332	0.993101	0.993102	0.00230084	0.00282363	0.993102	0.993102	1.44509e-20	0.993098	0.993099	0.993098	0.00248423	9.60042e-07	5.73196e-12	0.00247878	0.00286028	0.993098	0.993098	0.00229985	0.00255678	0.00243372	0.0022999	0.00243187	1.00358	1.00358	1.00358	
0.993102	0.993101	0.993101	0.00276725	0.0023419	0.993101	0.993102	0.00219619	0.00290464	0.993102	0.993102	1.30916e-20	0.993099	0.9931	0.993099	0.00248398	7.18365e-07	5.47053e-12	0.0025542	0.00294531	0.993099	0.993099	0.00219489	0.00255556	0.0024328	0.00219494	0.00232115	0.960123	0.960122	0.960123	
0.993102	0.993101	0.993101	0.00277077	0.00295875	0.993101	0.993102	0.00277215	0.00250408	0.993102	0.993102	2.27362e-20	0.9931	0.993101	0.9931	0.00248403	5.37529e-07	6.905e-12	0.00220684	0.00254206	0.9931	0.9931	0.00276808	0.00255085	0.00242986	0.00276814	0.00292954	0.942592	0.94259	0.942591	
0.993102	0.993101	0.993101	0.00275999	0.00390416	0.993101	0.993102	0.00367404	0.00211419	0.993102	0.993102	4.33157e-20	0.993101	0.993101	0.9931	0.00248248	4.02218e-07	9.2084e-12	0.00185235	0.00214041	0.9931	0.993101	0.00367947	0.00256796	0.00243964	0.00367954	0.00388227	0.938176	0.938174	0.938175	
0.993102	0.993101	0.9931	0.00273417	0.00473337	0.9931	0.993102	0.00449596	0.00181221	0.993102	0.993102	6.40355e-20	0.993101	0.993101	0.993101	0.00247526	3.00969e-07	1.13904e-11	0.00156023	0.0018197	0.9931	0.993101	0.00452253	0.00261083	0.00246319	0.0045226	0.00475008	0.934824	0.934823	0.934824	
0.993102	0.993101	0.9931	0.00269935	0.00544617	0.9931	0.993102	0.00523213	0.0015799	0.993102	0.993102	8.42763e-20	0.993101	0.993102	0.993101	0.00246293	2.25209e-07	1.34181e-11	0.00132244	0.00156548	0.9931	0.993101	0.00528646	0.0026703	0.00249527	0.00528652	0.00552634	0.98405	0.984049	0.98405	
0.993102	0.993101	0.9931	0.00265989	0.00477918	0.9931	0.993102	0.00461669	0.00180096	0.993102	0.993102	6.81566e-20	0.993102	0.993102	0.993101	0.00244648	1.68517e-07	1.18967e-11	0.00138591	0.00171594	0.993101	0.993102	0.00467316	0.00273922	0.00253199	0.00467321	0.0048756	0.93261	0.932609	0.932609	
0.993102	0.993101	0.9931	0.00264012	0.00555832	0.9931	0.993102	0.00540927	0.00156255	0.993102	0.993102	9.06772e-20	0.993102	0.993102	0.993101	0.00243736	1.261e-07	1.40309e-11	0.00118422	0.00147873	0.993101	0.993102	0.00548507	0.00276891	0.00254847	0.00548512	0.00570883	0.933769	0.933768	0.933768	
0.993102	0.993101	0.9931	0.0026116	0.00606527	0.9931	0.993102	0.00595863	0.00139731	0.993102	0.993102	1.05897e-19	0.993102	0.993102	0.993101	0.00242322	9.43611e-08	1.5591e-11	0.00102974	0.00130572	0.993101	0.993102	0.00605659	0.00281755	0.00257439	0.00605664	0.00628546	0.987663	0.987662	0.987662	
0.993102	0.993101	0.9931	0.00258053	0.00518293	0.9931	0.993102	0.00511266	0.00173116	0.993102	0.993102	8.36573e-20	0.993102	0.993102	0.993101	0.00240689	7.06086e-08	1.34178e-11	0.00117857	0.00156125	0.993101	0.993102	0.00520197	0.00287234	0.00260336	0.00520201	0.00539215	0.944899	0.944898	0.944898	
0.993102	0.993101	0.9931	0.00257142	0.00541352	0.9931	0.993102	0.00535946	0.00157553	0.993102	0.993102	8.68628e-20	0.993102	0.993102	0.993101	0.00239959	5.28377e-08	1.40903e-11	0.00106459	0.0014168	0.993101	0.993102	0.00545234	0.00288254	0.00260929	0.00545239	0.00564924	0.939496	0.939494	0.939494	
0.993102	0.993101	0.9931	0.00255924	0.00575143	0.9931	0.993102	0.00571831	0.00143361	0.993102	0.993102	9.52046e-20	0.993102	0.993102	0.993102	0.00239263	3.95408e-08	1.50775e-11	0.000958209	0.00128323	0.993101	0.993102	0.00582184	0.00289949	0.00261906	0.00582191	0.00602456	0.969306	0.969305	0.969305	
0.993102	0.993101	0.9931	0.00254351	0.00523643	0.9931	0.993102	0.00522287	0.00154247	0.993102	0.993102	8.04296e-20	0.993102	0.993102	0.993102	0.00238431	2.95893e-08	1.37974e-11	0.00100402	0.00136476	0.993101	0.993102	0.00532169	0.00292468	0.00263306	0.00532176	0.00550137	0.977131	0.977129	0.977129	
0.993102	0.993101	0.9931	0.00253896	0.00472406	0.993101	0.993102	0.00471609	0.0016912	0.993102	0.993102	6.68872e-20	0.993102	0.993102	0.993102	0.00238207	2.21426e-08	1.24538e-11	0.001097	0.00149403	0.993101	0.993102	0.00480626	0.00292686	0.00263547	0.00480634	0.00496649	0.978379	0.978378	0.978377	
0.993102	0.993101	0.993101	0.00254381	0.00432877	0.993101	0.993102	0.0043171	0.00180335	0.993102	0.993102	5.64079e-20	0.993102	0.993102	0.993102	0.00238451	1.65705e-08	1.13749e-11	0.00118623	0.00160265	0.993101	0.993102	0.00439794	0.00291148	0.00262863	0.00439803	0.00454536	0.991435	0.991433	0.991433	
0.993102	0.993101	0.993101	0.00255417	0.00385594	0.993101	0.993102	0.0038378	0.0020348	0.993102	0.993102	4.59718e-20	0.993102	0.993102	0.993101	0.00238995	1.24006e-08	1.00824e-11	0.00137328	0.00182824	0.993101	0.993102	0.00390728	0.00288706	0.00261686	0.00390737	0.00404021	0.943011	0.94301	0.943009	
0.993102	0.993101	0.9931	0.00257148	0.00451936	0.993101	0.993102	0.00446505	0.00177714	0.993102	0.993102	6.03955e-20	0.993102	0.993102	0.993102	0.00239735	9.28291e-09	1.16425e-11	0.00121759	0.00160725	0.993101	0.993102	0.00453342	0.00285224	0.00259889	0.00453357	0.00469945	0.96434	0.964339	0.964338	
0.993102	0.993101	0.993101	0.00257333	0.00443784	0.993101	0.993102	0.00438303	0.00173182	0.993102	0.993102	5.63291e-20	0.993102	0.993102	0.993102	0.00239927	6.94867e-09	1.14215e-11	0.00119122	0.00156911	0.993101	0.993102	0.00445072	0.00284789	0.00259686	0.00445087	0.00461316	0.961846	0.961845	0.961844	
0.993102	0.993101	0.993101	0.00257524	0.00443247	0.993101	0.993102	0.00437468	0.00167747	0.993102	0.993102	5.44663e-20	0.993102	0.993102	0.993102	0.0024023	5.20217e-09	1.13899e-11	0.00115919	0.00152278	0.993101	0.993102	0.00444372	0.00284295	0.00259487	0.00444389	0.00460442	0.925696	0.925695	0.925694	
0.993102	0.993101	0.9931	0.00257612	0.00559732	0.9931	0.993102	0.00551929	0.00144068	0.993102	0.993102	9.31138e-20	0.993102	0.993102	0.993102	0.0024054	3.89823e-09	1.43814e-11	0.000997502	0.00130878	0.993101	0.993102	0.00561105	0.00283984	0.00259397	0.00561127	0.00580874	0.904187	0.904186	0.904184	
0.993102	0.993101	0.993099	0.00255915	0.00759997	0.9931	0.993102	0.00756637	0.00120499	0.993102	0.993102	1.94042e-19	0.993102	0.993102	0.993102	0.00239708	2.92557e-09	1.99814e-11	0.000825392	0.00108948	0.993101	0.993102	0.0077125	0.00287461	0.00261153	0.0077128	0.00796199	0.866353	0.866352	0.86635	
0.993102	0.993101	0.993097	0.00251793	0.0125656	0.993098	0.993102	0.0128757	0.000966575	0.993102	0.993102	7.12549e-19	0.993102	0.993102	0.993102	0.00236875	2.20759e-09	3.54116e-11	0.000650418	0.0008669	0.993101	0.993102	0.0131765	0.0029675	0.0026559	0.0131769	0.0135389	0.884565	0.884564	0.884562	
0.993102	0.993101	0.993097	0.00242301	0.0137412	0.993098	0.993102	0.0146949	0.000838561	0.993102	0.993102	8.08086e-19	0.993102	0.993102	0.993102	0.0022878	1.66479e-09	4.22086e-11	0.000521234	0.000722995	0.993101	0.993102	0.0150755	0.00322731	0.0027712	0.0150758	0.0154466	0.890023	0.890022	0.89002	
0.993102	0.993101	0.993097	0.00232948	0.014035	0.993098	0.993102	0.0155507	0.00076435	0.993102	0.993102	8.25799e-19	0.993102	0.993102	0.993102	0.0022019	1.25745e-09	4.60322e-11	0.000424952	0.000623729	0.993101	0.993102	0.015979	0.00348632	0.00288849	0.0159792	0.0163348	0.848611	0.848609	0.848608	
0.993102	0.993101	0.993095	0.00224811	0.0187771	0.993097	0.993102	0.0218431	0.000633229	0.993102	0.993102	1.77643e-18	0.993102	0.993102	0.993102	0.00212288	9.68092e-10	6.77797e-11	0.000332609	0.000502794	0.993101	0.993102	0.0224732	0.00370656	0.00299151	0.0224734	0.0228953	0.902175	0.902173	0.902171	
0.993102	0.993101	0.993096	0.002125	0.0166048	0.993098	0.993102	0.0199432	0.000697372	0.993102	0.993102	1.46533e-18	0.993102	0.993102	0.993102	0.00199461	7.33997e-10	6.32934e-11	0.000279033	0.000481342	0.993101	0.993102	0.0205307	0.00414453	0.00318197	0.0205307	0.0208934	0.865313	0.865312	0.86531	
0.993102	0.993101	0.993095	0.00204834	0.0178923	0.993098	0.993102	0.0223464	0.000620328	0.993102	0.993102	1.68877e-18	0.993102	0.993102	0.993102	0.00190946	5.69416e-10	7.25909e-11	0.000225008	0.000410353	0.993101	0.993102	0.0229935	0.00436394	0.00328828	0.0229935	0.0233693	0.892256	0.892255	0.892252	
0.993102	0.993101	0.993096	0.0019675	0.0164535	0.993098	0.993102	0.0211129	0.000646176	0.993102	0.993102	1.46526e-18	0.993102	0.993102	0.993102	0.00181686	4.3812e-10	6.94443e-11	0.000192935	0.000392921	0.9931	0.993102	0.0217214	0.00462639	0.00341379	0.0217215	0.0220584	0.911304	0.911303	0.9113	
0.993102	0.993101	0.993097	0.00191664	0.0144626	0.993099	0.993102	0.0188202	0.000735843	0.993102	0.993102	1.19031e-18	0.993102	0.993102	0.993102	0.00175414	3.36093e-10	6.20206e-11	0.000183185	0.000419473	0.9931	0.993102	0.019355	0.00475164	0.00348408	0.0193552	0.0196474	0.896513	0.896512	0.89651	
0.993102	0.993101	0.993097	0.00189929	0.0138354	0.993099	0.993102	0.0181322	0.000722655	0.993102	0.993102	1.05987e-18	0.993102	0.993102	0.993102	0.0017266	2.62528e-10	5.94134e-11	0.000169976	0.000407131	0.9931	0.993102	0.018627	0.00473785	0.00349357	0.0186272	0.0189066	0.917864	0.917863	0.91786	
0.993102	0.993101	0.993097	0.00189229	0.0123534	0.993099	0.993102	0.0162258	0.000797567	0.993102	0.993102	8.65083e-19	0.993102	0.993102	0.993102	0.00171206	2.03636e-10	5.28395e-11	0.000179658	0.000447492	0.9931	0.993102	0.0166582	0.00469727	0.00348883	0.0166585	0.016907	0.909362	0.909361	0.909358	
0.993102	0.993101	0.993098	0.00190592	0.0117027	0.993099	0.993102	0.0152862	0.000799003	0.993102	0.993102	7.48342e-19	0.993102	0.993102	0.993102	0.0017204	1.60831e-10	4.91855e-11	0.000183636	0.000455351	0.993101	0.993102	0.0156781	0.00459014	0.00345141	0.0156784	0.0159156	0.931653	0.931652	0.931649	
0.993102	0.993101	0.993098	0.00192568	0.010367	0.9931	0.993102	0.0134605	0.000903653	0.993102	0.993102	6.01388e-19	0.993102	0.993102	0.993102	0.00173779	1.25728e-10	4.28995e-11	0.000218255	0.00052893	0.993101	0.993102	0.0137983	0.00447642	0.00340779	0.0137986	0.0140093	0.927474	0.927473	0.92747	
0.993102	0.993101	0.993099	0.0019605	0.00957231	0.9931	0.993102	0.0122683	0.000939697	0.993102	0.993102	4.98883e-19	0.993102	0.993102	0.993102	0.0017715	9.98738e-11	3.85501e-11	0.000245508	0.000568975	0.993101	0.993102	0.0125657	0.00432572	0.00334399	0.012566	0.0127644	0.852169	0.852168	0.852166	
0.993102	0.993101	0.993096	0.00200019	0.0153353	0.993098	0.993102	0.0187804	0.000759313	0.993102	0.993102	1.36722e-18	0.993102	0.993102	0.993102	0.00181224	1.00661e-10	5.74505e-11	0.000203149	0.000464201	0.993101	0.993102	0.0191919	0.00417439	0.00327705	0.0191926	0.0195202	0.880121	0.880119	0.880117	
0.993102	0.993101	0.993096	0.00196395	0.0156482	0.993098	0.993102	0.0196294	0.000694171	0.993102	0.993102	1.34941e-18	0.993102	0.993102	0.993102	0.00177924	9.03697e-11	6.13269e-11	0.000175383	0.00041465	0.993101	0.993102	0.0200735	0.00432513	0.00333754	0.0200741	0.020405	0.865737	0.865735	0.865733	
0.993102	0.993101	0.993096	0.00192772	0.0171477	0.993098	0.993102	0.0220739	0.000616285	0.993102	0.993102	1.59025e-18	0.993102	0.993102	0.993102	0.00174294	8.7902e-11	7.05116e-11	0.00014806	0.000360713	0.993101	0.993102	0.0225894	0.00446761	0.00339908	0.0225899	0.0229408	0.883635	0.883634	0.883632	
0.993102	0.993101	0.993096	0.00187748	0.0164756	0.993098	0.993102	0.0217306	0.000611272	0.993102	0.993102	1.47388e-18	0.993102	0.993102	0.993102	0.00168889	8.02232e-11	7.05119e-11	0.000131956	0.000342009	0.9931	0.993102	0.0222511	0.00467679	0.00349161	0.0222516	0.0225796	0.811185	0.811183	0.811181	
0.993102	0.993101	0.993091	0.00184196	0.0272283	0.993096	0.993102	0.03707	0.000491954	0.993102	0.993102	6.24875e-18	0.993102	0.993102	0.993102	0.00164782	1.21972e-10	1.27425e-10	0.00010384	0.000272829	0.9931	0.993102	0.037945	0.00480679	0.00355448	0.0379457	0.0384323	0.794918	0.794917	0.794914	
0.993102	0.993101	0.993088	0.00169882	0.035526	0.993095	0.993102	0.0556734	0.000410278	0.993102	0.993102	1.4556e-17	0.993102	0.993102	0.993102	0.00149122	1.85267e-10	2.23612e-10	7.93082e-05	0.000216357	0.9931	0.993102	0.0570014	0.00579706	0.003941	0.0570012	0.0576181	0.788111	0.78811	0.788107	
0.993102	0.993101	0.993087	0.0014906	0.0386719	0.993096	0.993102	0.0732334	0.000370119	0.993102	0.993102	2.38482e-17	0.993102	0.993102	0.993102	0.00126014	2.70993e-10	3.4132e-10	5.99067e-05	0.000172517	0.9931	0.993102	0.0749407	0.00808854	0.00480647	0.0749394	0.0756355	0.833089	0.833088	0.833085	
0.993102	0.993101	0.993089	0.00126844	0.0325068	0.993097	0.993102	0.068736	0.000511782	0.993102	0.993102	1.99811e-17	0.993102	0.993102	0.993102	0.0010185	2.74603e-10	3.31081e-10	4.54676e-05	0.0001551	0.993099	0.993102	0.0703089	0.0116884	0.00622954	0.070308	0.0709301	0.871833	0.87183	0.871829	
0.993102	0.993101	0.993092	0.00111559	0.0261282	0.993098	0.993102	0.0580826	0.000793288	0.993102	0.993102	1.54014e-17	0.993102	0.993102	0.993102	0.000841166	2.39695e-10	2.787e-10	3.58987e-05	0.000172254	0.993099	0.993102	0.0593569	0.0133067	0.00706331	0.0593566	0.05989	0.798843	0.79883	0.798838	
0.993102	0.993101	0.993091	0.00104063	0.0288463	0.993098	0.993102	0.0698487	0.000661109	0.993102	0.993102	1.97993e-17	0.993102	0.993102	0.993102	0.000734741	3.14631e-10	3.2624e-10	2.76177e-05	0.000141908	0.993099	0.993102	0.07095	0.0132001	0.00721901	0.0709563	0.0717268	0.814613	0.81458	0.814608	
0.993102	0.993101	0.993092	0.000940476	0.0270214	0.993098	0.993102	0.0721079	0.000618695	0.993102	0.993102	1.92255e-17	0.993102	0.993102	0.993102	0.000619256	3.53734e-10	3.34906e-10	2.12772e-05	0.000124	0.993099	0.993102	0.0730673	0.0142024	0.00784997	0.0730845	0.0738847	0.727541	0.727434	0.727535	
0.993102	0.993101	0.993083	0.000857644	0.0472032	0.993095	0.993102	0.136496	0.000484931	0.993102	0.993102	1.58007e-16	0.993102	0.993102	0.993102	0.000524465	9.98243e-10	7.51059e-10	1.60222e-05	9.59013e-05	0.993099	0.993102	0.137556	0.014993	0.00843624	0.13769	0.138752	0.761605	0.761454	0.761599	
0.993102	0.993101	0.993086	0.000683974	0.039466	0.993097	0.993102	0.152103	0.000599319	0.993102	0.993102	1.55068e-16	0.993102	0.993102	0.993102	0.000399404	1.64626e-09	9.41746e-10	1.1999e-05	7.79083e-05	0.993098	0.993102	0.153185	0.0332656	0.0153804	0.153407	0.154357	0.750485	0.750323	0.750478	
0.993102	0.993101	0.993089	0.000542558	0.0333132	0.993098	0.993102	0.173425	0.000669575	0.993102	0.993102	1.73187e-16	0.993102	0.993102	0.993102	0.000302027	3.02393e-09	1.11243e-09	8.98347e-06	6.32018e-05	0.993098	0.993102	0.174299	0.0502614	0.0237093	0.174614	0.175589	0.783097	0.782893	0.783089	
0.993102	0.993101	0.993092	0.000425976	0.0262225	0.993099	0.993102	0.164909	0.00107485	0.993102	0.993102	1.45044e-16	0.993102	0.993102	0.993102	0.000227182	3.88119e-09	1.02072e-09	6.72667e-06	5.66833e-05	0.993098	0.993102	0.165478	0.0707373	0.0359336	0.165838	0.166736	0.776086	0.775808	0.776078	
0.993102	0.993101	0.993094	0.000342537	0.0213812	0.993099	0.993102	0.163068	0.00116721	0.993102	0.993102	1.28806e-16	0.993102	0.993102	0.993102	0.000171423	4.71668e-09	9.52238e-10	5.03987e-06	5.05583e-05	0.993099	0.993102	0.163051	0.0778859	0.0422908	0.163508	0.164536	0.792005	0.791699	0.791996	
0.993102	0.993101	0.993095	0.000280959	0.0173269	0.9931	0.993102	0.152222	0.00130924	0.993102	0.993102	1.07075e-16	0.993102	0.993102	0.993102	0.000129662	4.92993e-09	8.37162e-10	3.7818e-06	4.90097e-05	0.993099	0.993102	0.151764	0.080351	0.0464979	0.15227	0.153343	0.701341	0.700895	0.701329	
0.993102	0.993101	0.993093	0.000240865	0.022725	0.993098	0.993102	0.228293	0.00103251	0.993102	0.993102	4.81524e-16	0.993102	0.993102	0.993102	9.89965e-05	1.12062e-08	1.33187e-09	2.83268e-06	3.84935e-05	0.993099	0.993102	0.226647	0.076843	0.046857	0.227589	0.228939	0.673753	0.673208	0.673737	
0.993102	0.993101	0.993094	0.000186874	0.0207946	0.993099	0.993102	0.319441	0.000928972	0.993102	0.993102	1.57857e-15	0.993102	0.993102	0.993102	7.41811e-05	6.21429e-08	2.36219e-09	2.11966e-06	2.98513e-05	0.993099	0.993102	0.317216	0.124689	0.0823776	0.318594	0.319572	0.441691	0.441259	0.441671	
0.993102	0.993101	0.993072	0.000140899	0.0667641	0.993088	0.993102	0.487394	0.000704103	0.993102	0.993102	1.30786e-11	0.946215	0.993102	0.993102	5.55097e-05	3.58204e-05	1.38129e-07	1.58606e-06	2.23468e-05	0.9931	0.993102	0.485703	0.265007	0.20952	0.486749	0.487484	0.412355	0.412005	0.412338	
0.993102	0.993101	0.993078	0.000105467	0.0539151	0.993092	0.993102	0.613789	0.000887957	0.993102	0.993102	5.21489e-11	0.914097	0.993102	0.993102	4.15359e-05	0.000761239	7.18798e-07	1.18679e-06	1.67269e-05	0.993097	0.993102	0.612513	0.446732	0.40094	0.613302	0.613853	0.38053	0.380204	0.380516	
0.993102	0.993101	0.993084	7.89199e-05	0.0409475	0.993094	0.993102	0.708794	0.00249698	0.993102	0.993102	1.89585e-10	0.757388	0.993102	0.993102	3.10798e-05	0.0212424	1.438e-06	8.88035e-07	1.25191e-05	0.993096	0.993076	0.707832	0.58411	0.549531	0.708425	0.70884	0.446657	0.446025	0.446645	
0.993102	0.993101	0.993088	5.90533e-05	0.0306637	0.993096	0.993102	0.778567	0.0324334	0.993102	0.993102	1.52269e-10	0.798858	0.993102	0.993102	2.32559e-05	0.0591875	1.26116e-06	6.64484e-07	9.37871e-06	0.993096	0.991925	0.777757	0.687036	0.66112	0.778225	0.778582	0.548638	0.547887	0.548623	
0.993102	0.993101	0.993092	4.41877e-05	0.0229453	0.993098	0.993102	0.819391	0.189185	0.993102	0.993102	1.14034e-10	0.847692	0.993102	0.993102	1.74015e-05	0.0741047	9.63295e-07	4.97209e-07	7.10326e-06	0.993097	0.974616	0.80792	0.764066	0.744659	0.808599	0.81923	0.631753	0.630742	0.631738	
0.993102	0.992657	0.993094	3.30661e-05	0.0171692	0.993099	0.993102	0.806417	0.257597	0.993102	0.993102	8.5328e-11	0.884297	0.993102	0.993102	1.30209e-05	0.0714065	7.23988e-07	3.72044e-07	5.7658e-06	0.993098	0.909427	0.622527	0.821509	0.806863	0.623378	0.805454	0.634079	0.632219	0.634065	
0.993102	0.986316	0.993096	2.47528e-05	0.0128472	0.9931	0.993102	0.794653	0.227507	0.993102	0.993102	6.38479e-11	0.911686	0.993102	0.993102	9.74308e-06	0.0669835	5.44447e-07	2.78387e-07	4.7864e-06	0.993098	0.883631	0.470437	0.863487	0.852033	0.471247	0.792283	0.632616	0.628531	0.632605	
0.993102	0.986219	0.993098	1.8529e-05	0.00961316	0.9931	0.993102	0.78716	0.214803	0.993102	0.993102	4.77751e-11	0.932181	0.993102	0.993102	7.29039e-06	0.0627426	4.09953e-07	2.08307e-07	4.03987e-06	0.993099	0.879708	0.360562	0.895194	0.886356	0.361871	0.781723	0.62008	0.615768	0.62007	
0.993102	0.986873	0.993099	1.38712e-05	0.00719334	0.993101	0.993102	0.791897	0.198225	0.993102	0.993102	3.57485e-11	0.947515	0.993102	0.993102	5.45513e-06	0.0617702	3.0984e-07	1.55868e-07	3.37958e-06	0.993099	0.884141	0.28365	0.918955	0.912155	0.285804	0.784464	0.686176	0.68067	0.686166	
0.993102	0.98791	0.9931	1.03836e-05	0.00538255	0.993101	0.993102	0.726187	0.272633	0.993102	0.993102	2.67493e-11	0.958991	0.993102	0.993102	4.08188e-06	0.0510883	2.32626e-07	1.16631e-07	3.86649e-06	0.9931	0.883005	0.217577	0.937013	0.931831	0.219796	0.713785	0.670878	0.66641	0.670869	
0.993102	0.978792	0.9931	7.84093e-06	0.00402776	0.993101	0.993102	0.69571	0.214018	0.993102	0.993102	2.00156e-11	0.967578	0.993102	0.993102	3.05432e-06	0.0400537	1.75093e-07	8.72704e-08	3.87819e-06	0.9931	0.908414	0.164464	0.941136	0.936176	0.166279	0.681086	0.673332	0.668792	0.673323	
0.993102	0.981359	0.993101	5.90767e-06	0.00301416	0.993102	0.993102	0.669971	0.177585	0.993102	0.993102	1.49769e-11	0.974003	0.993102	0.993102	2.28544e-06	0.0309466	1.31968e-07	6.53013e-08	3.93644e-06	0.9931	0.929047	0.128095	0.948268	0.944073	0.129922	0.653543	0.515735	0.512145	0.515729	
0.993102	0.984064	0.993101	4.45326e-06	0.00226855	0.993102	0.993102	0.744316	0.133832	0.993102	0.993102	1.12277e-11	0.977342	0.993102	0.993102	1.71011e-06	0.0361495	1.20558e-07	4.88626e-08	2.98974e-06	0.993101	0.944926	0.220569	0.954632	0.951195	0.226429	0.73152	0.590459	0.585067	0.590452	
0.993102	0.986298	0.993101	3.3353e-06	0.00169814	0.993102	0.993102	0.778505	0.139086	0.993102	0.993102	8.40388e-12	0.981291	0.993102	0.993102	1.27961e-06	0.0405877	9.50306e-08	3.65621e-08	2.4343e-06	0.993101	0.952338	0.252269	0.963837	0.961243	0.262879	0.766102	0.671292	0.665383	0.671279	
0.993102	0.987962	0.993102	2.49742e-06	0.00127072	0.993102	0.993102	0.734377	0.259943	0.993102	0.993102	6.28841e-12	0.984264	0.993102	0.993102	9.57487e-07	0.0359965	7.20544e-08	2.73581e-08	2.8146e-06	0.993101	0.945053	0.210614	0.970932	0.968982	0.221033	0.717987	0.729931	0.723203	0.72992	
0.993102	0.983415	0.993102	1.91564e-06	0.000950886	0.993102	0.993102	0.630455	0.235989	0.993102	0.993102	4.70539e-12	0.986489	0.993102	0.993102	7.16453e-07	0.0276882	5.42062e-08	2.0471e-08	5.31465e-06	0.993101	0.95396	0.158254	0.969281	0.967645	0.166145	0.61102	0.837696	0.830613	0.837688	
0.993102	0.983612	0.993102	1.66564e-06	0.00071156	0.993102	0.993102	0.484887	0.241	0.993102	0.993102	3.52087e-12	0.988154	0.993102	0.993102	5.36096e-07	0.0207292	4.05939e-08	1.53177e-08	3.16654e-05	0.993101	0.963763	0.118539	0.942977	0.941223	0.124463	0.468691	0.904775	0.898045	0.904768	
0.993102	0.98323	0.993102	5.96502e-06	0.000532657	0.993102	0.993102	0.366397	0.195496	0.993102	0.993102	2.63454e-12	0.9894	0.993102	0.993102	4.01141e-07	0.0155111	3.03837e-08	1.1462e-08	0.000129571	0.993101	0.971148	0.0887276	0.767642	0.765681	0.0931643	0.353834	0.969721	0.96377	0.969715	
0.993102	0.985247	0.993102	2.47779e-05	0.000399218	0.993102	0.993102	0.275147	0.159077	0.993102	0.993102	1.97133e-12	0.990332	0.993102	0.993102	3.00165e-07	0.0116064	2.27374e-08	8.72381e-09	0.00048462	0.993101	0.976675	0.0664115	0.592147	0.590508	0.0697338	0.265637	0.975343	0.969517	0.975338	
0.993102	0.987115	0.993102	7.93989e-05	0.000302324	0.993102	0.993102	0.206763	0.123946	0.993102	0.993102	1.47507e-12	0.991029	0.993102	0.993102	2.25087e-07	0.00868462	1.70156e-08	1.28997e-08	0.000796516	0.993101	0.98081	0.04973	0.449288	0.448015	0.0522205	0.199551	0.970477	0.96416	0.970471	
0.993102	0.988596	0.993102	0.000177991	0.000241831	0.993102	0.993102	0.155682	0.0950803	0.993102	0.993102	1.10374e-12	0.991551	0.993102	0.993102	1.83652e-07	0.00649838	1.27345e-08	9.81646e-08	0.000990151	0.993101	0.983905	0.0372928	0.33941	0.338439	0.0391673	0.150172	0.981141	0.974743	0.981135	
0.993102	0.989722	0.993102	0.000318776	0.000216058	0.993102	0.993102	0.117273	0.0730033	0.993102	0.993102	8.25892e-13	0.991941	0.993102	0.993102	3.47604e-07	0.0048625	9.53063e-09	9.20049e-07	0.00122952	0.993101	0.98622	0.0280223	0.256042	0.255306	0.029441	0.113059	1.01209	1.00616	1.01208	
0.993102	0.990569	0.993102	0.000497193	0.000202535	0.993102	0.993102	0.088172	0.0570845	0.993102	0.993102	6.17985e-13	0.992234	0.993102	0.993102	1.77281e-06	0.00363843	7.13242e-09	8.08801e-06	0.00182841	0.993101	0.987952	0.0210665	0.193086	0.19253	0.0221404	0.0849742	1.03526	1.0288	1.03526	
0.993102	0.991205	0.993102	0.000711031	0.000197725	0.993102	0.993102	0.0662397	0.0457411	0.993102	0.993102	4.62416e-13	0.992452	0.993102	0.993102	8.10532e-06	0.00272251	5.33756e-09	4.3466e-05	0.00281412	0.993101	0.989249	0.0158484	0.145633	0.145212	0.0166637	0.0638173	1.07037	1.06517	1.07037	
0.993102	0.991681	0.993102	0.000954456	0.000183581	0.993102	0.993102	0.0496949	0.0390113	0.993102	0.993102	3.46009e-13	0.992616	0.993102	0.993102	2.61731e-05	0.00203715	3.99421e-09	0.000219416	0.00501915	0.993101	0.990219	0.0119117	0.109905	0.109587	0.0125276	0.0478712	1.0711	1.06579	1.0711	
0.993102	0.992038	0.993102	0.00123305	0.000186489	0.993102	0.993102	0.0373126	0.0332014	0.993102	0.993102	2.58906e-13	0.992738	0.993102	0.993101	6.46983e-05	0.00152433	2.98903e-09	0.000532533	0.00672574	0.993101	0.990945	0.00897273	0.0830058	0.0827648	0.00944029	0.0359373	1.0853	1.08074	1.08529	
0.993102	0.992305	0.993102	0.00152084	0.000187181	0.993102	0.993102	0.0280153	0.0294334	0.993102	0.993102	1.9373e-13	0.99283	0.993102	0.993101	0.00013122	0.0011406	2.23681e-09	0.00121668	0.00898398	0.993101	0.991488	0.00676442	0.0627836	0.0626009	0.00711909	0.0269801	1.07975	1.07565	1.07974	
0.993102	0.992505	0.993102	0.00181366	0.000204532	0.993102	0.993102	0.021069	0.0256822	0.993102	0.993102	1.44961e-13	0.992898	0.993102	0.9931	0.000227979	0.000853468	1.67397e-09	0.00198742	0.0102848	0.993101	0.991894	0.00512235	0.0475818	0.0474428	0.00539293	0.0202891	1.10826	1.10529	1.10825	
0.993102	0.992655	0.993102	0.00208568	0.00019518	0.993102	0.993102	0.0158249	0.0250987	0.993102	0.993102	1.08469e-13	0.99295	0.993102	0.993099	0.000353316	0.000638619	1.25271e-09	0.00405825	0.0139635	0.993101	0.992198	0.00386992	0.0361697	0.0360636	0.00407465	0.01524	1.10965	1.10686	1.10965	
0.993102	0.992767	0.993102	0.0023689	0.000191803	0.993102	0.993102	0.011899	0.0242787	0.993102	0.993102	8.11634e-14	0.992988	0.993102	0.993099	0.000494005	0.000477856	9.37498e-10	0.00631786	0.0169231	0.993101	0.992426	0.00293217	0.0275802	0.0274988	0.00308746	0.0114605	1.11136	1.10959	1.11135	
0.993102	0.992851	0.993102	0.0026422	0.000191623	0.993102	0.993102	0.00895908	0.0234097	0.993102	0.993102	6.07316e-14	0.993017	0.993102	0.993098	0.000640194	0.000357562	7.01627e-10	0.00879272	0.0193933	0.993101	0.992596	0.00222985	0.0211219	0.0210592	0.00234734	0.00863164	1.10761	1.10574	1.10761	
0.993102	0.992913	0.993102	0.00289328	0.000198667	0.993102	0.993102	0.00676325	0.0222052	0.993102	0.993102	4.54432e-14	0.993038	0.993102	0.993097	0.000792735	0.000267551	5.25144e-10	0.0108325	0.020802	0.993101	0.992724	0.00170779	0.0162698	0.0162211	0.0017972	0.00651916	1.09815	1.0965	1.09814	
0.993102	0.99296	0.993102	0.00310882	0.00021881	0.993102	0.993102	0.00513223	0.020416	0.993102	0.993102	3.40035e-14	0.993054	0.993102	0.993097	0.000945973	0.000200198	3.93116e-10	0.0119902	0.0208193	0.993101	0.992819	0.0013265	0.01263	0.0125919	0.00139503	0.00495139	1.10132	1.09983	1.10132	
0.993102	0.992995	0.993102	0.00327525	0.000232045	0.993102	0.993102	0.00390711	0.0193235	0.993102	0.993102	2.54436e-14	0.993066	0.993102	0.993097	0.00110033	0.000149801	2.94313e-10	0.0134119	0.0211924	0.993101	0.99289	0.00103986	0.0099082	0.00987768	0.00109257	0.003774	1.09374	1.09238	1.09374	
0.993102	0.993022	0.993102	0.00340862	0.000255364	0.993102	0.993102	0.00300108	0.017928	0.993102	0.993102	1.90385e-14	0.993075	0.993102	0.993097	0.00124645	0.000112091	2.20408e-10	0.0140722	0.0207134	0.993101	0.992944	0.000834329	0.00787044	0.00784555	0.000875327	0.0029045	1.07261	1.07133	1.0726	
0.993102	0.993041	0.993102	0.00350418	0.00031842	0.993102	0.993102	0.00236358	0.0157182	0.993102	0.993102	1.42458e-14	0.993082	0.993102	0.993098	0.0013856	8.38734e-05	1.65204e-10	0.0132971	0.0187106	0.993101	0.992983	0.000712548	0.00635035	0.00632944	0.000745508	0.00229647	1.09402	1.09276	1.09402	
0.993102	0.993056	0.993102	0.00354979	0.000322473	0.993102	0.993102	0.00184533	0.0153935	0.993102	0.993102	1.06596e-14	0.993087	0.993102	0.993097	0.00152475	6.27594e-05	1.23799e-10	0.0142827	0.0189049	0.993101	0.993013	0.000593282	0.00522825	0.00520963	0.00061949	0.00179862	1.10336	1.10218	1.10336	
0.993102	0.993067	0.993102	0.00358921	0.000311953	0.993102	0.993102	0.0014444	0.0158599	0.993102	0.993102	7.97621e-15	0.993091	0.993102	0.993097	0.00164238	4.69606e-05	9.27858e-11	0.0160117	0.0200392	0.993101	0.993036	0.000494125	0.00438682	0.00436988	0.000514934	0.00141255	1.10261	1.10158	1.10261	
0.993102	0.993076	0.993102	0.00363646	0.000305782	0.993102	0.993102	0.00114531	0.0160605	0.993102	0.993102	5.96831e-15	0.993094	0.993102	0.993097	0.00173302	3.51389e-05	6.95819e-11	0.0173311	0.0208067	0.993101	0.993052	0.000420213	0.00374896	0.00373344	0.000436843	0.00112486	1.09885	1.09785	1.09884	
0.993102	0.993082	0.993102	0.00368313	0.000307367	0.993102	0.993102	0.000926499	0.0158697	0.993102	0.993102	4.46587e-15	0.993096	0.993102	0.993097	0.0018054	2.62931e-05	5.22311e-11	0.0180051	0.0209734	0.993101	0.993065	0.00036864	0.00326699	0.00325261	0.000382181	0.00091496	1.08738	1.0865	1.08738	
0.993102	0.993086	0.993102	0.00372039	0.000329325	0.993102	0.993102	0.000780599	0.0149383	0.993102	0.993102	3.34165e-15	0.993097	0.993102	0.993097	0.00186573	1.96742e-05	3.92906e-11	0.0175415	0.0200134	0.993101	0.993074	0.000344281	0.0029061	0.00289256	0.000355634	0.000776999	1.07089	1.06999	1.07088	
0.993102	0.99309	0.993102	0.0037347	0.000385052	0.993102	0.993102	0.000705444	0.0134248	0.993102	0.993102	2.50043e-15	0.993099	0.993102	0.993097	0.00192482	1.47215e-05	2.96888e-11	0.0160817	0.0180989	0.993101	0.993081	0.000354573	0.00264355	0.0026304	0.000364837	0.000709792	1.08416	1.08321	1.08415	
0.993102	0.993093	0.993102	0.00371907	0.000394643	0.993102	0.993102	0.000620907	0.0130573	0.993102	0.993102	1.87098e-15	0.9931	0.993102	0.993097	0.00198828	1.10156e-05	2.2437e-11	0.0158789	0.0176015	0.993101	0.993087	0.000341966	0.0024613	0.00244781	0.000351112	0.000629504	1.06685	1.066	1.06684	
0.993102	0.993095	0.993102	0.0037016	0.00044607	0.993102	0.993102	0.000596168	0.0119165	0.993102	0.993102	1.39999e-15	0.9931	0.993102	0.993098	0.00204029	8.24254e-06	1.71027e-11	0.0146275	0.0160543	0.993101	0.993091	0.000365029	0.00232775	0.00231391	0.00037373	0.000610399	1.05956	1.0587	1.05956	
0.993102	0.993096	0.993102	0.0036677	0.000508199	0.993102	0.993102	0.000598325	0.0108187	0.993102	0.993102	1.04756e-15	0.993101	0.993102	0.993098	0.00209294	6.16759e-06	1.31609e-11	0.0133205	0.0145088	0.993101	0.993093	0.000402301	0.00223927	0.00222457	0.000411076	0.000617861	1.06085	1.05999	1.06084	
0.993102	0.993097	0.993102	0.00362168	0.000550152	0.993102	0.993102	0.000596187	0.0100914	0.993102	0.993102	7.83852e-16	0.993101	0.993102	0.993098	0.00214467	4.61499e-06	1.0203e-11	0.0123991	0.0134148	0.993101	0.993096	0.000429716	0.00218475	0.00216867	0.000438514	0.000619394	1.06978	1.06899	1.06978	
0.993102	0.993098	0.993102	0.00357307	0.000553633	0.993102	0.993102	0.000570415	0.00996718	0.993102	0.993102	5.86528e-16	0.993101	0.993102	0.993098	0.00219049	3.45323e-06	7.932e-12	0.0121792	0.013088	0.993101	0.993097	0.000430755	0.0021518	0.0021342	0.000439079	0.000595033	1.08005	1.07933	1.08005	
0.993102	0.993099	0.993102	0.00353334	0.000529838	0.993102	0.993102	0.000528158	0.0104207	0.993102	0.993102	4.38878e-16	0.993102	0.993102	0.993098	0.00222497	2.58392e-06	6.17775e-12	0.0126713	0.0135248	0.993101	0.993099	0.000411485	0.00212821	0.00210941	0.000419015	0.000552528	1.07407	1.07347	1.07406	
0.993102	0.993099	0.993102	0.00351077	0.000526721	0.993102	0.993102	0.000509503	0.0103962	0.993102	0.993102	3.28396e-16	0.993102	0.993102	0.993098	0.00224383	1.93346e-06	4.89602e-12	0.0126554	0.0134339	0.993101	0.993099	0.000407486	0.00210521	0.00208581	0.000414324	0.000534652	1.04761	1.04706	1.0476	
0.993102	0.9931	0.993102	0.003493	0.000615165	0.993102	0.993102	0.000575311	0.00931506	0.993102	0.993102	2.45727e-16	0.993102	0.993102	0.993099	0.00225753	1.44674e-06	4.12788e-12	0.0113516	0.0120139	0.993101	0.9931	0.000474003	0.00208803	0.00206821	0.000480994	0.000605977	1.04316	1.04264	1.04315	
0.993102	0.9931	0.993102	0.00345954	0.000701502	0.993102	0.993102	0.000642681	0.0084101	0.993102	0.993102	1.83869e-16	0.993102	0.993102	0.993099	0.00227912	1.08254e-06	3.59742e-12	0.0102097	0.0107849	0.993101	0.993101	0.000543545	0.00208797	0.00206679	0.000550754	0.000678635	1.04783	1.04741	1.04783	
0.993102	0.9931	0.993102	0.00341715	0.000744159	0.993102	0.993102	0.0006743	0.00790343	0.993102	0.993102	1.37583e-16	0.993102	0.993102	0.993099	0.0023034	8.10026e-07	3.15623e-12	0.00951637	0.0100384	0.993101	0.993101	0.000581881	0.00209915	0.00207591	0.000588745	0.000713345	1.0463	1.04596	1.0463	
0.993102	0.9931	0.993102	0.00337521	0.000782524	0.993102	0.993102	0.000704111	0.00749208	0.993102	0.993102	1.02949e-16	0.993102	0.993102	0.993099	0.0023255	6.06113e-07	2.84129e-12	0.00893895	0.00941958	0.993101	0.993101	0.000617824	0.00211379	0.00208845	0.00062422	0.000745985	1.042	1.04168	1.04199	
0.993102	0.9931	0.993102	0.00333531	0.000831162	0.993102	0.993102	0.000744536	0.00706781	0.993102	0.993102	7.70332e-17	0.993102	0.993102	0.9931	0.00234537	4.53533e-07	2.64961e-12	0.00835419	0.0087987	0.993101	0.993102	0.000662756	0.00212996	0.00210256	0.000668807	0.000789618	1.03679	1.03649	1.03679	
0.993102	0.9931	0.993102	0.00329671	0.000894031	0.993102	0.993102	0.000798829	0.00662001	0.993102	0.993102	5.76417e-17	0.993102	0.993102	0.9931	0.00236396	3.39363e-07	2.56465e-12	0.0077481	0.00816095	0.993101	0.993102	0.000720239	0.0021477	0.00211815	0.000726159	0.00084765	1.02844	1.02816	1.02844	
0.993102	0.993101	0.993102	0.00325863	0.000989883	0.993102	0.993102	0.00088357	0.00609319	0.993102	0.993102	4.3132e-17	0.993102	0.993102	0.9931	0.0023815	2.53934e-07	2.60828e-12	0.00706086	0.00744138	0.993101	0.993102	0.000806372	0.00216726	0.0021353	0.000812317	0.000937869	1.03133	1.03107	1.03132	
0.993102	0.993101	0.993102	0.00321935	0.00104289	0.993102	0.993102	0.000931174	0.00578297	0.993102	0.993102	3.22748e-17	0.993102	0.993102	0.9931	0.00239899	1.9001e-07	2.60403e-12	0.00661375	0.00698073	0.993101	0.993102	0.000858514	0.00218986	0.0021549	0.000864301	0.00098849	0.978479	0.978254	0.978475	
0.993102	0.993101	0.993102	0.0031832	0.0016465	0.993101	0.993102	0.00147285	0.004757	0.993102	0.993102	2.4156e-17	0.993102	0.993102	0.9931	0.00241398	1.42179e-07	3.82917e-12	0.00541135	0.00571575	0.993101	0.993102	0.00137971	0.00221143	0.00217355	0.00138739	0.00156352	0.975167	0.974958	0.975164	
0.993102	0.993101	0.993101	0.00313123	0.00214665	0.993101	0.993102	0.00193172	0.00397951	0.993102	0.993102	1.8082e-17	0.993102	0.993102	0.993101	0.0024309	1.0639e-07	4.90053e-12	0.00446753	0.0047374	0.993101	0.993102	0.00183629	0.00225294	0.00220534	0.00184545	0.00205027	0.928243	0.928069	0.92824	
0.993102	0.993101	0.993101	0.00307259	0.00390752	0.993101	0.993102	0.00355737	0.0031479	0.993102	0.993102	1.35759e-17	0.993102	0.993102	0.993101	0.00244631	7.9613e-08	8.92709e-12	0.00350212	0.003725	0.993101	0.993102	0.00345042	0.00230508	0.00224358	0.00346458	0.00377371	0.747554	0.747418	0.747549	
0.993102	0.993101	0.993071	0.00299219	0.0654226	0.99307	0.993102	0.0627661	0.00236045	0.993102	0.993102	7.41843e-17	0.993102	0.993102	0.993101	0.00244774	5.97697e-08	2.09098e-10	0.0026244	0.00279213	0.993101	0.993102	0.0626081	0.00239842	0.00230202	0.0627466	0.0656525	0.552228	0.552134	0.552223	
0.993102	0.993101	0.992615	0.00244745	0.257725	0.993038	0.993102	0.282053	0.00176738	0.993102	0.993102	1.60488e-13	0.99309	0.993102	0.993102	0.002032	5.41286e-08	3.46587e-08	0.00196374	0.00208935	0.993098	0.993102	0.282108	0.00924006	0.00377964	0.28223	0.284998	0.440531	0.440465	0.440525	
0.993102	0.993101	0.992683	0.00183385	0.28486	0.993054	0.993102	0.459381	0.00178593	0.993102	0.993102	1.4111e-11	0.993089	0.993102	0.993102	0.00152192	1.91063e-07	1.52683e-05	0.0014694	0.00156339	0.986131	0.993102	0.459444	0.254791	0.103499	0.459536	0.46166	0.373909	0.373711	0.373879	
0.993102	0.993101	0.992783	0.00137228	0.227941	0.993066	0.993102	0.593301	0.00845519	0.993102	0.993102	2.09554e-10	0.993008	0.993102	0.993102	0.0011388	1.16847e-05	0.000112026	0.0010995	0.00116983	0.968329	0.993102	0.593348	0.440615	0.317191	0.593418	0.59502	0.405904	0.405369	0.405867	
0.993102	0.993101	0.992863	0.00102683	0.171123	0.993075	0.993102	0.693126	0.0528046	0.993102	0.993102	2.0511e-10	0.99291	0.993102	0.993102	0.000852119	0.000287031	0.000100982	0.000822713	0.000875348	0.972407	0.99309	0.693036	0.579687	0.486506	0.693098	0.694426	0.441407	0.441025	0.441363	
0.993102	0.993099	0.992923	0.000768341	0.128083	0.993082	0.993102	0.766991	0.117187	0.993102	0.993102	1.58237e-10	0.992818	0.993102	0.993102	0.00063761	0.00330866	7.82878e-05	0.000615606	0.000655001	0.977393	0.992462	0.763974	0.68375	0.613758	0.764057	0.767986	0.500983	0.500581	0.500937	
0.993102	0.993074	0.992968	0.000574923	0.0958421	0.993087	0.993102	0.818589	0.195534	0.993102	0.993102	1.18524e-10	0.992867	0.993102	0.993102	0.0004771	0.0119658	5.89319e-05	0.000460635	0.000490147	0.981307	0.981091	0.775962	0.761607	0.709024	0.776343	0.819373	0.616673	0.615965	0.616629	
0.993102	0.992489	0.993002	0.000430196	0.0717153	0.993091	0.993102	0.81758	0.322176	0.993102	0.993102	8.86874e-11	0.992926	0.993102	0.993102	0.000356997	0.0140944	4.4115e-05	0.000344677	0.000367096	0.984265	0.915346	0.601744	0.819825	0.780147	0.602316	0.81809	0.602028	0.601345	0.601983	
0.993102	0.924574	0.993027	0.000321932	0.0536621	0.993094	0.993102	0.82672	0.260656	0.993102	0.993102	6.63616e-11	0.99297	0.993102	0.993102	0.000267128	0.0212336	3.30248e-05	0.000257909	0.000274935	0.986486	0.868287	0.452695	0.862253	0.828835	0.453158	0.826969	0.657069	0.656204	0.657021	
0.993102	0.934173	0.993046	0.000240897	0.0401534	0.993096	0.993102	0.786491	0.300898	0.993102	0.993102	4.9656e-11	0.993003	0.993102	0.993102	0.000199882	0.0221481	2.47148e-05	0.000192984	0.000206476	0.988149	0.813896	0.3415	0.894775	0.868971	0.341896	0.786122	0.72778	0.722323	0.727732	
0.993102	0.920055	0.99306	0.000180293	0.0300453	0.993097	0.993102	0.671599	0.309092	0.993102	0.993102	3.71557e-11	0.993028	0.993102	0.993102	0.000149564	0.0175713	1.84938e-05	0.000144403	0.000157586	0.989395	0.835378	0.255836	0.916816	0.894257	0.256167	0.665685	0.803237	0.795251	0.803192	
0.993102	0.903245	0.993071	0.00013535	0.0224819	0.993099	0.993102	0.52735	0.26716	0.993102	0.993102	2.78023e-11	0.993047	0.993102	0.993102	0.000111914	0.0131767	1.38384e-05	0.000108051	0.000131864	0.990327	0.87482	0.19149	0.902029	0.863471	0.191748	0.519662	0.874694	0.864257	0.874655	
0.993102	0.919125	0.993079	0.000104701	0.0168225	0.9931	0.993102	0.401031	0.218767	0.993102	0.993102	2.08034e-11	0.993061	0.993102	0.993102	8.37408e-05	0.00986009	1.03548e-05	8.08509e-05	0.000156845	0.991025	0.904595	0.143316	0.778415	0.723814	0.143517	0.394109	0.934159	0.921101	0.934126	
0.993102	0.936852	0.993085	9.45937e-05	0.0125884	0.9931	0.993102	0.302072	0.176297	0.993102	0.993102	1.55665e-11	0.993071	0.993102	0.993102	6.26602e-05	0.00737796	7.74812e-06	6.04978e-05	0.000308238	0.991548	0.926876	0.107264	0.61175	0.563276	0.107421	0.296442	0.937453	0.92384	0.937422	
0.993102	0.950852	0.993089	0.000121045	0.00942391	0.993101	0.993102	0.227899	0.1361	0.993102	0.993102	1.16478e-11	0.993079	0.993102	0.993102	4.68865e-05	0.00552066	5.79764e-06	4.5269e-05	0.00043447	0.991939	0.943547	0.0803169	0.467227	0.428918	0.0804523	0.223246	0.93675	0.922368	0.936717	
0.993102	0.961457	0.993092	0.000189828	0.00707168	0.993101	0.993102	0.172424	0.10385	0.993102	0.993102	8.71563e-12	0.993085	0.993102	0.993102	3.50907e-05	0.00413091	4.33817e-06	3.38869e-05	0.00052619	0.992231	0.956022	0.0602238	0.354209	0.324771	0.060367	0.168475	0.895826	0.881252	0.895788	
0.993102	0.969414	0.993095	0.000300373	0.0054299	0.993101	0.993102	0.133268	0.0782438	0.993102	0.993102	6.52159e-12	0.993089	0.993102	0.993102	2.63791e-05	0.00309101	3.2461e-06	2.54146e-05	0.000482593	0.99245	0.965356	0.0456051	0.267819	0.245433	0.0458956	0.129267	0.8942	0.879933	0.894164	
0.993102	0.975374	0.993097	0.000433254	0.00437636	0.993101	0.993102	0.104097	0.0589285	0.993102	0.993102	4.87987e-12	0.993092	0.993102	0.993102	2.06799e-05	0.00231289	2.42895e-06	1.92984e-05	0.000447319	0.992614	0.972341	0.0350572	0.202456	0.185497	0.0355818	0.100053	0.935891	0.921889	0.935859	
0.993102	0.979836	0.993098	0.000579414	0.00351932	0.993101	0.993102	0.0798076	0.0447955	0.993102	0.993102	3.65143e-12	0.993095	0.993102	0.993102	1.98304e-05	0.00173065	1.8175e-06	1.65833e-05	0.000533618	0.992737	0.977567	0.0268289	0.153146	0.140321	0.0274143	0.0763299	0.978314	0.96472	0.978286	
0.993102	0.983174	0.993099	0.000748026	0.00280415	0.993101	0.993102	0.0605383	0.0348197	0.993102	0.993102	2.73223e-12	0.993097	0.993102	0.993102	2.98134e-05	0.00129498	1.35997e-06	2.60138e-05	0.000864801	0.992828	0.981478	0.0204145	0.115924	0.106239	0.0209586	0.0577486	0.999195	0.986552	0.99917	
0.993102	0.985673	0.9931	0.000940888	0.00226414	0.993101	0.993102	0.0458381	0.0276389	0.993102	0.993102	2.04443e-12	0.993098	0.993102	0.993102	6.0783e-05	0.000968988	1.01762e-06	6.57774e-05	0.00135562	0.992897	0.984404	0.0155484	0.0878323	0.0805269	0.0160341	0.0436369	1.01648	1.00396	1.01646	
0.993102	0.987543	0.9931	0.00115037	0.00185232	0.993101	0.993102	0.0346796	0.0225798	0.993102	0.993102	1.52977e-12	0.993099	0.993102	0.993102	0.000124997	0.000725059	7.61449e-07	0.000169031	0.00201819	0.992948	0.986594	0.0118574	0.0666504	0.061144	0.0122844	0.032954	0.998336	0.985837	0.998311	
0.993102	0.988942	0.993101	0.00136915	0.00167126	0.993101	0.993102	0.026494	0.0180581	0.993102	0.993102	1.14467e-12	0.9931	0.993102	0.993102	0.000230934	0.000542535	5.69766e-07	0.000258399	0.00221223	0.992987	0.988232	0.00922705	0.0506878	0.0465387	0.00964729	0.0250926	0.988889	0.977618	0.988865	
0.993102	0.989989	0.993101	0.00157621	0.00165795	0.993101	0.993102	0.020479	0.0143827	0.993102	0.993102	8.56517e-13	0.9931	0.993102	0.993102	0.000377406	0.000405959	4.26336e-07	0.000349861	0.00223938	0.993016	0.989458	0.00737297	0.0386833	0.0355546	0.00780592	0.0193134	1.01125	1.00127	1.01123	
0.993102	0.990772	0.993101	0.00176231	0.00153573	0.993101	0.993102	0.0157409	0.0120257	0.993102	0.993102	6.409e-13	0.993101	0.993102	0.993102	0.000557471	0.000303764	3.19013e-07	0.000582512	0.00259163	0.993037	0.990376	0.00583968	0.0296663	0.0273023	0.00623496	0.0148044	0.997436	0.987576	0.997413	
0.993102	0.991359	0.993101	0.00193449	0.00157823	0.993101	0.993102	0.0123259	0.0099093	0.993102	0.993102	4.79562e-13	0.993101	0.993102	0.993101	0.000766484	0.000227296	2.38707e-07	0.000732484	0.00263729	0.993053	0.991062	0.00481539	0.022884	0.021095	0.00520835	0.0115437	1.00553	0.99707	1.00551	
0.993102	0.991797	0.993101	0.00208383	0.00157309	0.993101	0.993102	0.00968734	0.00842996	0.993102	0.993102	3.58839e-13	0.993101	0.993102	0.993101	0.000982858	0.000170077	1.78617e-07	0.00096009	0.00279655	0.993065	0.991576	0.00399881	0.0177921	0.0164333	0.00436584	0.00904543	1.00118	0.992774	1.00116	
0.993102	0.992125	0.993101	0.00221436	0.0016293	0.993101	0.993102	0.00775357	0.00721648	0.993102	0.993102	2.68506e-13	0.993102	0.993102	0.993101	0.00120613	0.000127263	1.33654e-07	0.00113985	0.00284961	0.993074	0.99196	0.00343661	0.0139667	0.0129303	0.00379267	0.00721355	1.0296	1.02142	1.02958	
0.993102	0.992371	0.993102	0.00232498	0.00148631	0.993101	0.993102	0.00608723	0.00697109	0.993102	0.993102	2.00913e-13	0.993102	0.993102	0.993101	0.00142432	9.5226e-05	1.00009e-07	0.0016604	0.00346901	0.993081	0.992247	0.00282965	0.0110958	0.0103001	0.00314199	0.00565119	1.03114	1.02224	1.03112	
0.993102	0.992555	0.993102	0.00243	0.00138058	0.993101	0.993102	0.0048311	0.00680966	0.993102	0.993102	1.50336e-13	0.993102	0.993102	0.993101	0.00163529	7.12541e-05	7.48338e-08	0.00212396	0.00397718	0.993086	0.992463	0.00236888	0.00892768	0.00831454	0.00265167	0.0044709	1.03101	1.0227	1.03099	
0.993102	0.992692	0.993102	0.00252678	0.00130957	0.993101	0.993102	0.0038913	0.00662929	0.993102	0.993102	1.12491e-13	0.993102	0.993102	0.993101	0.00181857	5.33169e-05	5.59961e-08	0.00252856	0.0043568	0.99309	0.992624	0.00202556	0.00729061	0.0068157	0.00228299	0.00359122	1.03359	1.02638	1.03357	
0.993102	0.992795	0.993102	0.00261279	0.00124804	0.993102	0.993102	0.0031737	0.00651407	0.993102	0.993102	8.4173e-14	0.993102	0.993102	0.993101	0.00196867	3.98951e-05	4.19004e-08	0.00294484	0.00471626	0.993093	0.992744	0.00175685	0.00605566	0.00568523	0.00198694	0.00292585	1.05839	1.05154	1.05837	
0.993102	0.992872	0.993102	0.00268839	0.00109986	0.993102	0.993102	0.00253409	0.00736392	0.993102	0.993102	6.29836e-14	0.993102	0.993102	0.9931	0.00209687	2.9852e-05	3.1353e-08	0.00399575	0.00591544	0.993095	0.992834	0.00146187	0.00512373	0.00483235	0.00165567	0.00233576	1.06072	1.05393	1.06071	
0.993102	0.99293	0.993102	0.00276934	0.000983693	0.993102	0.993102	0.002048	0.00803157	0.993102	0.993102	4.71283e-14	0.993102	0.993102	0.9931	0.00219749	2.23372e-05	2.34606e-08	0.00492614	0.00692939	0.993096	0.992902	0.00123206	0.00440737	0.00417724	0.0013972	0.0018877	1.0563	1.04963	1.05629	
0.993102	0.992973	0.993102	0.00285006	0.000913601	0.993102	0.993102	0.00169802	0.0082575	0.993102	0.993102	3.52644e-14	0.993102	0.993102	0.9931	0.00227576	1.67141e-05	1.75551e-08	0.00550553	0.00748211	0.993098	0.992952	0.00107086	0.003857	0.00367426	0.00121573	0.00156569	1.06997	1.06389	1.06996	
0.993102	0.993005	0.993102	0.00292197	0.000819879	0.993102	0.993102	0.00139636	0.0090535	0.993102	0.993102	2.63871e-14	0.993102	0.993102	0.993099	0.00233397	1.25066e-05	1.31362e-08	0.00657482	0.00861392	0.993099	0.99299	0.000914125	0.00343805	0.00329164	0.00103714	0.00128951	1.07551	1.0697	1.0755	
0.993102	0.993029	0.993102	0.00299556	0.000736382	0.993102	0.993102	0.00115728	0.00989039	0.993102	0.993102	1.97445e-14	0.993102	0.993102	0.993099	0.00237238	9.3582e-06	9.82959e-09	0.00771611	0.009814	0.993099	0.993018	0.000783425	0.00311161	0.00299358	0.000887746	0.00107105	1.09224	1.08729	1.09223	
0.993102	0.993047	0.993102	0.0030706	0.000639509	0.993102	0.993102	0.000946301	0.0115657	0.993102	0.993102	1.47741e-14	0.993102	0.993102	0.993098	0.00238696	7.0024e-06	7.35532e-09	0.00977999	0.0120327	0.9931	0.993039	0.000656179	0.00285506	0.00275928	0.000741548	0.000878698	1.0905	1.08539	1.09048	
0.993102	0.993061	0.993102	0.0031611	0.000570696	0.993102	0.993102	0.000791165	0.0125356	0.993102	0.993102	1.10549e-14	0.993102	0.993102	0.993098	0.00238514	5.23964e-06	5.50392e-09	0.011223	0.0135413	0.9931	0.993055	0.000561068	0.00264265	0.00256478	0.000632493	0.000737285	1.10027	1.09615	1.10026	
0.993102	0.993071	0.993102	0.00325158	0.000503208	0.993102	0.993102	0.000660201	0.0138874	0.993102	0.993102	8.27198e-15	0.993102	0.993102	0.993097	0.00236579	3.92063e-06	4.11854e-09	0.0132668	0.0156385	0.9931	0.993067	0.00047635	0.00247182	0.00240813	0.000534666	0.000618595	1.09724	1.0929	1.09723	
0.993102	0.993078	0.993102	0.00334917	0.000457828	0.993102	0.993102	0.000566337	0.0145288	0.993102	0.993102	6.18962e-15	0.993102	0.993102	0.993097	0.00234264	2.93367e-06	3.08193e-09	0.0145328	0.0168998	0.993101	0.993076	0.000414889	0.00232893	0.00227666	0.000463844	0.00053365	1.1026	1.09858	1.10259	
0.993102	0.993084	0.993102	0.00343933	0.0004159	0.993102	0.993102	0.000488632	0.0153684	0.993102	0.993102	4.63147e-15	0.993102	0.993102	0.993097	0.00231811	2.19516e-06	2.30625e-09	0.0160565	0.0184284	0.993101	0.993082	0.000362299	0.00221461	0.00217137	0.000403276	0.000463325	1.09799	1.09403	1.09798	
0.993102	0.993088	0.993102	0.00352743	0.000391877	0.993102	0.993102	0.000436624	0.015525	0.993102	0.993102	3.46556e-15	0.993102	0.993102	0.993097	0.0022929	1.64256e-06	1.72585e-09	0.0167818	0.0190829	0.993101	0.993087	0.000327008	0.00212012	0.00208409	0.000362276	0.000416976	1.11092	1.1076	1.11091	
0.993102	0.993091	0.993102	0.00360069	0.000355691	0.993102	0.993102	0.000381432	0.0167187	0.993102	0.993102	2.59315e-15	0.993102	0.993102	0.993096	0.00226813	1.22906e-06	1.29152e-09	0.0187998	0.0211044	0.993101	0.993091	0.000287726	0.0020473	0.00201688	0.000317074	0.000366967	1.10728	1.10403	1.10728	
0.993102	0.993093	0.993102	0.00368261	0.000333497	0.993102	0.993102	0.000344173	0.0171363	0.993102	0.993102	1.94036e-15	0.993102	0.993102	0.993096	0.00223822	9.19664e-07	9.6654e-10	0.0199151	0.0221597	0.993101	0.993094	0.000260486	0.00198113	0.00195532	0.000285486	0.000333773	1.1118	1.10873	1.11179	
0.993102	0.993095	0.993102	0.00375616	0.000311225	0.993102	0.993102	0.000311134	0.0178121	0.993102	0.993102	1.4519e-15	0.993102	0.993102	0.993096	0.00221172	6.88152e-07	7.23354e-10	0.0213331	0.0235453	0.993101	0.993096	0.00023586	0.00192738	0.00190522	0.000257162	0.000304022	1.11616	1.11318	1.11616	
0.993102	0.993096	0.993102	0.0038284	0.000289525	0.993102	0.993102	0.00028186	0.0186766	0.993102	0.993102	1.0864e-15	0.993102	0.993102	0.993095	0.00218578	5.14919e-07	5.41376e-10	0.0229983	0.0252088	0.993101	0.993098	0.000213507	0.00188071	0.00186153	0.000231724	0.000277313	1.12153	1.11883	1.12153	
0.993102	0.993097	0.993102	0.00390372	0.000267621	0.993102	0.993102	0.000254896	0.0197795	0.993102	0.993102	8.12917e-16	0.993102	0.993102	0.993095	0.00215635	3.85295e-07	4.05197e-10	0.0250819	0.0272974	0.993101	0.993099	0.000192442	0.00183786	0.00182112	0.000207894	0.000252496	1.12463	1.12208	1.12463	
0.993102	0.993098	0.993102	0.00398692	0.000248265	0.993102	0.993102	0.000232013	0.0208112	0.993102	0.993102	6.08276e-16	0.993102	0.993102	0.993095	0.00212325	2.88302e-07	3.03292e-10	0.0271775	0.0293931	0.993101	0.9931	0.000174045	0.00179601	0.00178133	0.000187183	0.000231355	1.12632	1.12374	1.12631	
0.993102	0.993098	0.993102	0.00407541	0.000232289	0.993102	0.993102	0.000213456	0.0216595	0.993102	0.993102	4.55151e-16	0.993102	0.993102	0.993094	0.00209036	2.15726e-07	2.27037e-10	0.0290433	0.0312723	0.993101	0.9931	0.00015869	0.00175578	0.00174284	0.000170032	0.000214102	1.13189	1.12948	1.13188	
0.993102	0.993099	0.993102	0.00416457	0.000215522	0.993102	0.993102	0.000195308	0.0228536	0.993102	0.993102	3.40573e-16	0.993102	0.993102	0.993094	0.00205756	1.6142e-07	1.69968e-10	0.0314843	0.0337438	0.993101	0.993101	0.000143774	0.00171848	0.001707	0.000153499	0.000197001	1.13703	1.13489	1.13702	
0.993102	0.993099	0.993102	0.00426258	0.000198982	0.993102	0.993102	0.000178195	0.024234	0.993102	0.993102	2.54838e-16	0.993102	0.993102	0.993093	0.00202064	1.20785e-07	1.27257e-10	0.0344077	0.0366813	0.993101	0.993101	0.000129635	0.00168077	0.00167055	0.000137874	0.000180793	1.14443	1.14255	1.14442	
0.993102	0.993099	0.993102	0.00437287	0.000181492	0.993102	0.993102	0.000160926	0.0261058	0.993102	0.993102	1.90686e-16	0.993102	0.993102	0.993092	0.00197955	9.03791e-08	9.52875e-11	0.0383358	0.0406317	0.993101	0.993101	0.000115503	0.00164156	0.00163245	0.000122378	0.00016422	1.14366	1.14187	1.14366	
0.993102	0.993099	0.993102	0.00450613	0.000168994	0.993102	0.993102	0.00014837	0.0270906	0.993102	0.993102	1.42684e-16	0.993102	0.993102	0.993092	0.001933	6.76274e-08	7.13666e-11	0.0411518	0.0434242	0.993101	0.993102	0.000104525	0.00159788	0.00158978	0.00011033	0.000152319	1.14759	1.14593	1.14759	
0.993102	0.993099	0.993102	0.00463729	0.000157223	0.993102	0.993102	0.000136792	0.0282473	0.993102	0.993102	1.06765e-16	0.993102	0.993102	0.993091	0.00189068	5.06032e-08	5.34622e-11	0.0443011	0.0465544	0.993101	0.993102	9.46161e-05	0.00155783	0.00155059	9.95136e-05	0.00014126	1.14915	1.14759	1.14915	
0.993102	0.993099	0.993102	0.00477196	0.000147555	0.993102	0.993102	0.000127272	0.0291555	0.993102	0.993102	7.98883e-17	0.993102	0.993102	0.993091	0.00185035	3.78646e-08	4.0063e-11	0.0471323	0.0493519	0.993101	0.993102	8.63346e-05	0.00151942	0.00151294	9.04909e-05	0.000132201	1.15258	1.15117	1.15258	
0.993102	0.993099	0.993102	0.00490385	0.000138419	0.993102	0.993102	0.000118434	0.0302096	0.993102	0.993102	5.97775e-17	0.993102	0.993102	0.993091	0.00181351	2.83328e-08	3.00327e-11	0.050271	0.0524515	0.993101	0.993102	7.88465e-05	0.0014842	0.00147837	8.23652e-05	0.000123736	1.15239	1.151	1.15239	
0.993102	0.993099	0.993102	0.00503819	0.000131768	0.993102	0.993102	0.000111848	0.0307928	0.993102	0.993102	4.47293e-17	0.993102	0.993102	0.99309	0.00177912	2.12004e-08	2.25275e-11	0.0526167	0.0547541	0.993101	0.993102	7.29993e-05	0.00145048	0.00144522	7.60278e-05	0.000117507	1.14849	1.14706	1.14849	
0.993102	0.993099	0.993102	0.00516229	0.000129163	0.993102	0.993102	0.000108735	0.0305521	0.993102	0.993102	3.34693e-17	0.993102	0.993102	0.99309	0.00175113	1.58636e-08	1.69159e-11	0.0533398	0.0554175	0.993101	0.993102	6.95838e-05	0.00142123	0.00141645	7.22848e-05	0.000114845	1.14945	1.1481	1.14945	
0.993102	0.993099	0.993102	0.00525544	0.000126711	0.993102	0.993102	0.000105871	0.030536	0.993102	0.993102	2.50439e-17	0.993102	0.993102	0.99309	0.00173368	1.18702e-08	1.27157e-11	0.0541917	0.0562109	0.993101	0.993102	6.68156e-05	0.00140093	0.00139651	6.92419e-05	0.000112384	1.15084	1.14955	1.15084	
0.993102	0.993099	0.993102	0.00532994	0.000124107	0.993102	0.993102	0.00010301	0.0307266	0.993102	0.993102	1.87394e-17	0.993102	0.993102	0.99309	0.00172187	8.88211e-09	9.57113e-12	0.055253	0.0572223	0.993101	0.993102	6.43438e-05	0.00138581	0.00138168	6.65362e-05	0.000109846	1.14879	1.14749	1.14879	
0.993102	0.993099	0.993102	0.00539524	0.00012343	0.993102	0.993102	0.000101827	0.0305352	0.993102	0.993102	1.4022e-17	0.993102	0.993102	0.99309	0.00171278	6.64623e-09	7.22043e-12	0.0555106	0.0574267	0.993101	0.993102	6.30371e-05	0.00137317	0.00136929	6.50712e-05	0.000109019	1.14865	1.14739	1.14865	
0.993102	0.993099	0.993102	0.00544243	0.000123052	0.993102	0.993102	0.00010098	0.0303922	0.993102	0.993102	1.04922e-17	0.993102	0.993102	0.99309	0.00170835	4.9732e-09	5.46158e-12	0.0556948	0.057558	0.993101	0.993102	6.21596e-05	0.001365	0.00136129	6.40644e-05	0.000108501	1.1486	1.14736	1.1486	
0.993102	0.993098	0.993102	0.00547641	0.000122831	0.993102	0.993102	0.000100349	0.0302946	0.993102	0.993102	7.85092e-18	0.993102	0.993102	0.99309	0.00170685	3.72133e-09	4.1455e-12	0.0558389	0.0576551	0.993101	0.993102	6.15615e-05	0.00135984	0.00135627	6.3363e-05	0.000108155	1.15177	1.15063	1.15177	
0.993102	0.993098	0.993102	0.00550102	0.000120793	0.993102	0.993102	9.83362e-05	0.0307015	0.993102	0.993102	5.87456e-18	0.993102	0.993102	0.99309	0.00170638	2.7846e-09	3.15708e-12	0.0568552	0.0586343	0.993101	0.993102	6.0216e-05	0.00135664	0.00135316	6.18912e-05	0.000106284	1.15451	1.1535	1.15451	
0.993102	0.993098	0.993102	0.00553229	0.000117742	0.993102	0.993102	9.5578e-05	0.0313569	0.993102	0.993102	4.39573e-18	0.993102	0.993102	0.99309	0.00170194	2.08367e-09	2.4145e-12	0.0584573	0.0601914	0.993101	0.993102	5.83452e-05	0.00135147	0.00134808	5.98726e-05	0.000103589	1.15341	1.1524	1.15341	
0.993102	0.993098	0.993102	0.00557612	0.000116089	0.993102	0.993102	9.3992e-05	0.0315638	0.993102	0.993102	3.28916e-18	0.993102	0.993102	0.99309	0.00169355	1.5592e-09	1.85999e-12	0.0593447	0.0610317	0.993101	0.993102	5.70656e-05	0.00134319	0.0013399	5.84818e-05	0.000102115	1.15405	1.15309	1.15405	
0.993102	0.993098	0.993102	0.0056174	0.000114518	0.993102	0.993102	9.24975e-05	0.0317811	0.993102	0.993102	2.46117e-18	0.993102	0.993102	0.99309	0.00168596	1.16675e-09	1.44433e-12	0.0602242	0.0618682	0.993101	0.993102	5.58815e-05	0.00133561	0.0013324	5.71997e-05	0.000100716	1.15832	1.15745	1.15831	
0.993102	0.993098	0.993102	0.00565697	0.000111106	0.993102	0.993102	8.95518e-05	0.0325892	0.993102	0.993102	1.8416e-18	0.993102	0.993102	0.993089	0.00167832	8.73091e-10	1.12898e-12	0.0622404	0.0638474	0.993101	0.993102	5.38663e-05	0.00132849	0.00132536	5.50639e-05	9.7729e-05	1.15822	1.15738	1.15822	
0.993102	0.993098	0.993102	0.00571254	0.000108624	0.993102	0.993102	8.73716e-05	0.0330347	0.993102	0.993102	1.37801e-18	0.993102	0.993102	0.993089	0.00166635	6.53357e-10	8.93063e-13	0.0637431	0.0653092	0.993101	0.993102	5.21887e-05	0.00131785	0.00131481	5.32854e-05	9.55519e-05	1.15904	1.15825	1.15904	
0.993102	0.993098	0.993102	0.00577066	0.00010638	0.993102	0.993102	8.53852e-05	0.033424	0.993102	0.993102	1.03112e-18	0.993102	0.993102	0.993089	0.00165434	4.88937e-10	7.15692e-13	0.0651663	0.0666921	0.993101	0.993102	5.06354e-05	0.00130699	0.00130403	5.16422e-05	9.35742e-05	1.15776	1.157	1.15776	
0.993102	0.993098	0.993102	0.00582931	0.000105384	0.993102	0.993102	8.43951e-05	0.0334312	0.993102	0.993102	7.71549e-19	0.993102	0.993102	0.993089	0.00164283	3.65909e-10	5.84147e-13	0.0658522	0.0673254	0.993101	0.993102	4.96822e-05	0.00129635	0.00129348	5.06153e-05	9.26866e-05	1.16122	1.16052	1.16122	
0.993102	0.993098	0.993102	0.00587697	0.000102943	0.993102	0.993102	8.22607e-05	0.0340071	0.993102	0.993102	5.77324e-19	0.993102	0.993102	0.993089	0.00163466	2.73848e-10	4.82411e-13	0.0675408	0.0689753	0.993101	0.993102	4.81787e-05	0.00128833	0.00128553	4.9032e-05	9.05305e-05	1.16179	1.16111	1.16179	
0.993102	0.993098	0.993102	0.00593305	0.000100868	0.993102	0.993102	8.0429e-05	0.0344328	0.993102	0.993102	4.31993e-19	0.993102	0.993102	0.993089	0.00162454	2.04961e-10	4.05727e-13	0.0690233	0.0704236	0.993101	0.993102	4.68044e-05	0.00127866	0.00127594	4.75905e-05	8.8685e-05	1.16441	1.16379	1.1644	
0.993102	0.993098	0.993102	0.00599158	9.81246e-05	0.993102	0.993102	7.80754e-05	0.0351267	0.993102	0.993102	3.23247e-19	0.993102	0.993102	0.993088	0.00161396	1.53413e-10	3.46015e-13	0.0710946	0.0724591	0.993101	0.993102	4.5141e-05	0.00126874	0.00126609	4.58546e-05	8.62615e-05	1.16645	1.16587	1.16645	
0.993102	0.993098	0.993102	0.00606066	9.51929e-05	0.993102	0.993102	7.55786e-05	0.0358831	0.993102	0.993102	2.41876e-19	0.993102	0.993102	0.993088	0.00160116	1.1484e-10	2.99587e-13	0.0734293	0.0747602	0.993101	0.993102	4.33577e-05	0.00125699	0.00125442	4.40024e-05	8.3668e-05	1.1681	1.16755	1.16809	
0.993102	0.993098	0.993102	0.00614073	9.23236e-05	0.993102	0.993102	7.31312e-05	0.0366088	0.993102	0.993102	1.80989e-19	0.993102	0.993102	0.993088	0.00158656	8.59753e-11	2.63472e-13	0.0758376	0.0771387	0.993101	0.993102	4.15737e-05	0.00124355	0.00124107	4.21565e-05	8.11177e-05	1.16985	1.16934	1.16984	
0.993102	0.993097	0.993102	0.00622924	8.94848e-05	0.993102	0.993102	7.0704e-05	0.0373367	0.993102	0.993102	1.35429e-19	0.993102	0.993102	0.993087	0.00157096	6.43753e-11	2.35034e-13	0.0783711	0.0796395	0.993101	0.993102	3.97976e-05	0.0012291	0.00122671	4.03218e-05	7.85879e-05	1.17009	1.1696	1.17009	
0.993102	0.993097	0.993102	0.00632519	8.72967e-05	0.993102	0.993102	6.87807e-05	0.0377878	0.993102	0.993102	1.01338e-19	0.993102	0.993102	0.993087	0.00155506	4.82127e-11	2.13498e-13	0.0804058	0.0816456	0.993101	0.993102	3.83007e-05	0.00121395	0.00121165	3.87782e-05	7.66089e-05	1.16946	1.16894	1.16946	
0.993102	0.993097	0.993102	0.00641844	8.5959e-05	0.993102	0.993102	6.75132e-05	0.0379249	0.993102	0.993102	7.58292e-20	0.993102	0.993102	0.993087	0.00154135	3.61193e-11	1.97789e-13	0.0817107	0.0829316	0.993101	0.993102	3.72117e-05	0.00119995	0.00119774	3.76578e-05	7.53484e-05	1.16947	1.16894	1.16947	
0.993102	0.993097	0.993102	0.00649914	8.49923e-05	0.993102	0.993102	6.6531e-05	0.0380061	0.993102	0.993102	5.67418e-20	0.993102	0.993102	0.993087	0.00153158	2.70703e-11	1.85953e-13	0.0827251	0.0839358	0.993101	0.993102	3.63714e-05	0.00118866	0.00118652	3.67959e-05	7.43964e-05	1.16956	1.16901	1.16956	
0.993102	0.993097	0.993102	0.00656774	8.4266e-05	0.993102	0.993102	6.57419e-05	0.0380732	0.993102	0.993102	4.24594e-20	0.993102	0.993102	0.993087	0.00152508	2.02992e-11	1.76967e-13	0.0835414	0.0847551	0.993101	0.993102	3.57135e-05	0.00117972	0.00117765	3.61265e-05	7.36422e-05	1.17255	1.17205	1.17255	
0.993102	0.993097	0.993102	0.00662604	8.25512e-05	0.993102	0.993102	6.42056e-05	0.038667	0.993102	0.993102	3.17723e-20	0.993102	0.993102	0.993087	0.00152031	1.523e-11	1.68001e-13	0.0854166	0.0866227	0.993101	0.993102	3.4718e-05	0.00117264	0.00117062	3.51069e-05	7.20559e-05	1.17263	1.17208	1.17263	
0.993102	0.993097	0.993102	0.00669403	8.12583e-05	0.993102	0.993102	6.30131e-05	0.0390218	0.993102	0.993102	2.37754e-20	0.993102	0.993102	0.993087	0.00151354	1.1437e-11	1.61189e-13	0.0868601	0.0880806	0.993101	0.993102	3.38651e-05	0.0011639	0.00116194	3.42433e-05	7.08229e-05	1.17065	1.16999	1.17065	
0.993102	0.993097	0.993102	0.00676196	8.11077e-05	0.993102	0.993102	6.27055e-05	0.0388637	0.993102	0.993102	1.77918e-20	0.993102	0.993102	0.993087	0.00150765	8.60047e-12	1.57477e-13	0.0871124	0.0883757	0.993101	0.993102	3.3488e-05	0.00115532	0.00115342	3.38788e-05	7.05468e-05	1.17049	1.16978	1.17049	
0.993102	0.993097	0.993102	0.00681202	8.10864e-05	0.993102	0.993102	6.25029e-05	0.0387556	0.993102	0.993102	1.33145e-20	0.993102	0.993102	0.993087	0.00150585	6.47822e-12	1.54763e-13	0.0872443	0.0885605	0.993101	0.993102	3.32571e-05	0.00114979	0.00114794	3.3667e-05	7.03765e-05	1.17008	1.16928	1.17008	
0.993102	0.993097	0.993102	0.00684921	8.12586e-05	0.993102	0.993102	6.24635e-05	0.0386369	0.993102	0.993102	9.96432e-21	0.993102	0.993102	0.993087	0.00150682	4.89065e-12	1.52999e-13	0.0871608	0.0885528	0.993101	0.993102	3.31694e-05	0.00114627	0.00114445	3.36112e-05	7.03594e-05	1.17314	1.17246	1.17314	
0.993102	0.993097	0.993102	0.00687549	8.01803e-05	0.993102	0.993102	6.14916e-05	0.039131	0.993102	0.993102	7.45733e-21	0.993102	0.993102	0.993087	0.00150811	3.70006e-12	1.49446e-13	0.0884166	0.0898364	0.993101	0.993102	3.26308e-05	0.00114431	0.00114252	3.30697e-05	6.93358e-05	1.17457	1.17391	1.17457	
0.993102	0.993097	0.993102	0.00691431	7.88381e-05	0.993102	0.993102	6.03414e-05	0.0396802	0.993102	0.993102	5.58134e-21	0.993102	0.993102	0.993086	0.00150555	2.80803e-12	1.45784e-13	0.0899876	0.0914253	0.993101	0.993102	3.19332e-05	0.00114003	0.00113826	3.23621e-05	6.81079e-05	1.17678	1.1762	1.17677	
0.993102	0.993096	0.993102	0.00696556	7.7035e-05	0.993102	0.993102	5.88518e-05	0.0404085	0.993102	0.993102	4.17749e-21	0.993102	0.993102	0.993086	0.00149948	2.13879e-12	1.41552e-13	0.0921879	0.0936134	0.993101	0.993102	3.10084e-05	0.00113371	0.00113197	3.14121e-05	6.6515e-05	1.17737	1.17679	1.17736	
0.993102	0.993096	0.993102	0.00703376	7.5493e-05	0.993102	0.993102	5.75625e-05	0.0409253	0.993102	0.993102	3.127e-21	0.993102	0.993102	0.993086	0.00149034	1.63758e-12	1.37971e-13	0.0941233	0.0955429	0.993101	0.993102	3.01312e-05	0.00112491	0.00112321	3.05146e-05	6.51394e-05	1.17802	1.17744	1.17801	
0.993102	0.993096	0.993102	0.00710862	7.41334e-05	0.993102	0.993102	5.64051e-05	0.0413365	0.993102	0.993102	2.34091e-21	0.993102	0.993102	0.993086	0.00148065	1.26206e-12	1.34834e-13	0.0959042	0.097317	0.993101	0.993102	2.93152e-05	0.00111548	0.00111381	2.96801e-05	6.39148e-05	1.1788	1.17825	1.1788	
0.993102	0.993096	0.993102	0.00718534	7.28685e-05	0.993102	0.993102	5.53124e-05	0.0417148	0.993102	0.993102	1.75267e-21	0.993102	0.993102	0.993086	0.00147132	9.80485e-13	1.31948e-13	0.0976452	0.0990443	0.993101	0.993102	2.85449e-05	0.00110616	0.00110454	2.88907e-05	6.27704e-05	1.17867	1.17808	1.17867	
0.993102	0.993096	0.993102	0.00726259	7.19923e-05	0.993102	0.993102	5.45071e-05	0.0419038	0.993102	0.993102	1.31251e-21	0.993102	0.993102	0.993086	0.00146306	7.69914e-13	1.29817e-13	0.0989063	0.100315	0.993101	0.993102	2.7935e-05	0.00109713	0.00109555	2.82723e-05	6.19373e-05	1.17977	1.17922	1.17977	
0.993102	0.993096	0.993102	0.00733333	7.09848e-05	0.993102	0.993102	5.36004e-05	0.0422242	0.993102	0.993102	9.83106e-22	0.993102	0.993102	0.993085	0.00145636	6.1154e-13	1.27502e-13	0.100417	0.101821	0.993101	0.993102	2.73118e-05	0.00108935	0.0010878	2.7636e-05	6.10004e-05	1.18164	1.18118	1.18164	
0.993102	0.993096	0.993102	0.00740378	6.96272e-05	0.993102	0.993102	5.24347e-05	0.0427693	0.993102	0.993102	7.36547e-22	0.993102	0.993102	0.993085	0.00144937	4.91669e-13	1.24614e-13	0.102525	0.103888	0.993101	0.993102	2.65712e-05	0.00108182	0.0010803	2.68706e-05	5.9789e-05	1.18156	1.18107	1.18155	
0.993102	0.993096	0.993102	0.00748281	6.8662e-05	0.993102	0.993102	5.15652e-05	0.0430485	0.993102	0.993102	5.52051e-22	0.993102	0.993102	0.993085	0.00144143	4.02047e-13	1.2246e-13	0.104088	0.105429	0.993101	0.993102	2.59604e-05	0.00107327	0.00107178	2.62436e-05	5.88992e-05	1.18316	1.18277	1.18316	
0.993102	0.993096	0.993102	0.00755892	6.74435e-05	0.993102	0.993102	5.05072e-05	0.0435195	0.993102	0.993102	4.13937e-22	0.993102	0.993102	0.993085	0.00143397	3.33848e-13	1.19881e-13	0.106134	0.10742	0.993101	0.993102	2.52791e-05	0.0010654	0.00106395	2.55371e-05	5.78123e-05	1.1838	1.18342	1.18379	
0.993102	0.993095	0.993102	0.00764029	6.63523e-05	0.993102	0.993102	4.95463e-05	0.0439035	0.993102	0.993102	3.10563e-22	0.993102	0.993102	0.993085	0.00142601	2.82386e-13	1.17551e-13	0.108037	0.109274	0.993101	0.993102	2.46409e-05	0.00105705	0.00105562	2.48766e-05	5.68299e-05	1.18369	1.18331	1.18369	
0.993102	0.993095	0.993102	0.00772286	6.55942e-05	0.993102	0.993102	4.88319e-05	0.0440894	0.993102	0.993102	2.3321e-22	0.993102	0.993102	0.993085	0.00141861	2.43955e-13	1.15817e-13	0.109444	0.110651	0.993101	0.993102	2.4131e-05	0.0010488	0.00104741	2.43518e-05	5.61177e-05	1.18429	1.18393	1.18429	
0.993102	0.993095	0.993102	0.00779869	6.48635e-05	0.993102	0.993102	4.81383e-05	0.0443116	0.993102	0.993102	1.75308e-22	0.993102	0.993102	0.993084	0.00141276	2.14794e-13	1.14142e-13	0.110858	0.112031	0.993101	0.993102	2.36609e-05	0.00104167	0.0010403	2.3867e-05	5.54299e-05	1.18438	1.18402	1.18438	
0.993102	0.993095	0.993102	0.00787049	6.43137e-05	0.993102	0.993102	4.75818e-05	0.0444483	0.993102	0.993102	1.31977e-22	0.993102	0.993102	0.993084	0.00140789	1.92919e-13	1.128e-13	0.111999	0.113147	0.993101	0.993102	2.32746e-05	0.00103518	0.00103384	2.34695e-05	5.48919e-05	1.18547	1.18517	1.18547	
0.993102	0.993095	0.993102	0.00793559	6.35842e-05	0.993102	0.993102	4.68996e-05	0.0447446	0.993102	0.993102	9.95184e-23	0.993102	0.993102	0.993084	0.00140388	1.75818e-13	1.11166e-13	0.113488	0.114589	0.993101	0.993102	2.28506e-05	0.00102963	0.00102831	2.30295e-05	5.42157e-05	1.1855	1.1852	1.1855	
0.993102	0.993095	0.993102	0.00800171	6.30482e-05	0.993102	0.993102	4.63669e-05	0.044909	0.993102	0.993102	7.52259e-23	0.993102	0.993102	0.993084	0.00139974	1.63002e-13	1.0989e-13	0.114654	0.115721	0.993101	0.993102	2.24976e-05	0.00102396	0.00102267	2.26645e-05	5.37003e-05	1.18547	1.18516	1.18547	
0.993102	0.993095	0.993102	0.00806339	6.26778e-05	0.993102	0.993102	4.59607e-05	0.0449909	0.993102	0.993102	5.70484e-23	0.993102	0.993102	0.993084	0.00139648	1.53438e-13	1.08917e-13	0.11554	0.116585	0.993101	0.993102	2.22191e-05	0.00101889	0.00101761	2.2378e-05	5.33208e-05	1.1857	1.18538	1.1857	
0.993102	0.993095	0.993102	0.00811803	6.23501e-05	0.993102	0.993102	4.55922e-05	0.0450828	0.993102	0.993102	4.34397e-23	0.993102	0.993102	0.993084	0.00139432	1.46139e-13	1.08036e-13	0.116356	0.117384	0.993101	0.993102	2.19778e-05	0.00101467	0.00101341	2.21302e-05	5.29783e-05	1.18546	1.18513	1.18545	
0.993102	0.993095	0.993102	0.00816726	6.21965e-05	0.993102	0.993102	4.53582e-05	0.045083	0.993102	0.993102	3.32638e-23	0.993102	0.993102	0.993084	0.00139295	1.40839e-13	1.07475e-13	0.11686	0.117883	0.993101	0.993102	2.18132e-05	0.00101105	0.0010098	2.19627e-05	5.27805e-05	1.18613	1.18583	1.18612	
0.993102	0.993094	0.993102	0.00820821	6.18898e-05	0.993102	0.993102	4.50225e-05	0.0452212	0.993102	0.993102	2.56296e-23	0.993102	0.993102	0.993084	0.00139236	1.36432e-13	1.06675e-13	0.117636	0.118639	0.993101	0.993102	2.16185e-05	0.00100834	0.0010071	2.17616e-05	5.24668e-05	1.18675	1.18649	1.18674	
0.993102	0.993094	0.993102	0.00824804	6.14837e-05	0.993102	0.993102	4.46258e-05	0.0454234	0.993102	0.993102	1.98972e-23	0.993102	0.993102	0.993084	0.0013913	1.32732e-13	1.05731e-13	0.118588	0.11956	0.993101	0.993102	2.13931e-05	0.00100561	0.00100439	2.15275e-05	5.20806e-05	1.18644	1.18616	1.18644	
0.993102	0.993094	0.993102	0.00828966	6.12855e-05	0.993102	0.993102	4.43875e-05	0.0454669	0.993102	0.993102	1.56147e-23	0.993102	0.993102	0.993084	0.0013898	1.30164e-13	1.05164e-13	0.119147	0.120105	0.993101	0.993102	2.12354e-05	0.00100255	0.00100134	2.13654e-05	5.18653e-05	1.18648	1.18619	1.18648	
0.993102	0.993094	0.993102	0.00832614	6.11381e-05	0.993102	0.993102	4.41915e-05	0.0454991	0.993102	0.993102	1.24092e-23	0.993102	0.993102	0.993084	0.00138898	1.2822e-13	1.04697e-13	0.119606	0.120556	0.993101	0.993102	2.11088e-05	0.00100005	0.000998843	2.12359e-05	5.16934e-05	1.18637	1.18608	1.18637	
0.993102	0.993094	0.993102	0.00835788	6.10719e-05	0.993102	0.993102	4.40605e-05	0.0454942	0.993102	0.993102	1.00139e-23	0.993102	0.993102	0.993084	0.0013887	1.26837e-13	1.04385e-13	0.119909	0.120856	0.993101	0.993102	2.10219e-05	0.00099801	0.000996814	2.11476e-05	5.15905e-05	1.18752	1.18729	1.18752	
0.993102	0.993094	0.993102	0.00838411	6.06847e-05	0.993102	0.993102	4.37064e-05	0.0457297	0.993102	0.993102	8.18853e-24	0.993102	0.993102	0.993084	0.00138851	1.25062e-13	1.03545e-13	0.120806	0.121719	0.993101	0.993102	2.0839e-05	0.000996511	0.000995319	2.09561e-05	5.12378e-05	1.18768	1.18747	1.18768	
0.993102	0.993094	0.993102	0.00841595	6.03527e-05	0.993102	0.993102	4.34e-05	0.0458892	0.993102	0.993102	6.81505e-24	0.993102	0.993102	0.993084	0.00138705	1.23629e-13	1.02818e-13	0.121588	0.122471	0.993101	0.993102	2.06611e-05	0.000994213	0.000993027	2.0771e-05	5.09331e-05	1.1879	1.18769	1.1879	
0.993102	0.993094	0.993102	0.00844929	6.00504e-05	0.993102	0.993102	4.31185e-05	0.0460181	0.993102	0.993102	5.77963e-24	0.993102	0.993102	0.993084	0.00138522	1.22423e-13	1.0215e-13	0.122312	0.123168	0.993101	0.993102	2.04904e-05	0.0009917	0.000990521	2.05937e-05	5.06541e-05	1.18842	1.18824	1.18842	
0.993102	0.993094	0.993102	0.00848261	5.9679e-05	0.993102	0.993102	4.27899e-05	0.0461961	0.993102	0.993102	4.9891e-24	0.993102	0.993102	0.993084	0.00138322	1.21191e-13	1.01371e-13	0.123177	0.123998	0.993101	0.993102	2.02975e-05	0.00098918	0.000988008	2.03926e-05	5.03219e-05	1.18869	1.18852	1.18869	
0.993102	0.993094	0.993102	0.00851806	5.93319e-05	0.993102	0.993102	4.24807e-05	0.046346	0.993102	0.993102	4.38837e-24	0.993102	0.993102	0.993084	0.00138085	1.20103e-13	1.00637e-13	0.124001	0.124787	0.993101	0.993102	2.0109e-05	0.000986415	0.000985249	2.01964e-05	5.00106e-05	1.1887	1.18853	1.1887	
0.993102	0.993094	0.993102	0.00855412	5.90801e-05	0.993102	0.993102	4.224e-05	0.0464266	0.993102	0.993102	3.93716e-24	0.993102	0.993102	0.993084	0.00137854	1.19283e-13	1.00066e-13	0.124642	0.125402	0.993101	0.993102	1.99523e-05	0.000983606	0.000982448	2.00339e-05	4.97752e-05	1.18875	1.18859	1.18875	
0.993102	0.993094	0.993102	0.00858773	5.88856e-05	0.993102	0.993102	4.20405e-05	0.046481	0.993102	0.993102	3.59742e-24	0.993102	0.993102	0.993083	0.00137674	1.18635e-13	9.95928e-14	0.125175	0.125915	0.993101	0.993102	1.98216e-05	0.000981107	0.000979956	1.98986e-05	4.95856e-05	1.18901	1.18886	1.18901	
0.993102	0.993094	0.993102	0.00861816	5.86763e-05	0.993102	0.993102	4.18319e-05	0.0465624	0.993102	0.993102	3.33624e-24	0.993102	0.993102	0.993083	0.00137538	1.17994e-13	9.90981e-14	0.125742	0.126458	0.993101	0.993102	1.9694e-05	0.000978969	0.000977825	1.9766e-05	4.93854e-05	1.18915	1.18901	1.18915	
0.993102	0.993094	0.993102	0.00864714	5.8487e-05	0.993102	0.993102	4.164e-05	0.0466354	0.993102	0.993102	3.13639e-24	0.993102	0.993102	0.993083	0.00137417	1.17427e-13	9.86429e-14	0.126267	0.126961	0.993101	0.993102	1.95768e-05	0.00097697	0.000975832	1.96443e-05	4.92024e-05	1.18935	1.18922	1.18935	
0.993102	0.993094	0.993102	0.00867454	5.82949e-05	0.993102	0.993102	4.14486e-05	0.0467168	0.993102	0.993102	2.98101e-24	0.993102	0.993102	0.993083	0.0013731	1.16879e-13	9.81891e-14	0.126796	0.127469	0.993101	0.993102	1.94625e-05	0.000975116	0.000973984	1.95256e-05	4.90184e-05	1.18939	1.18926	1.18938	
0.993102	0.993094	0.993102	0.00870101	5.81493e-05	0.993102	0.993102	4.12928e-05	0.0467669	0.993102	0.993102	2.86318e-24	0.993102	0.993102	0.993083	0.00137211	1.16449e-13	9.78194e-14	0.127227	0.127883	0.993101	0.993102	1.93658e-05	0.00097333	0.000972203	1.94255e-05	4.88725e-05	1.1893	1.18917	1.1893	
0.993102	0.993094	0.993102	0.00872535	5.80715e-05	0.993102	0.993102	4.11873e-05	0.0467762	0.993102	0.993102	2.77684e-24	0.993102	0.993102	0.993083	0.00137143	1.16177e-13	9.75691e-14	0.127516	0.128163	0.993101	0.993102	1.92964e-05	0.000971749	0.000970627	1.93542e-05	4.87817e-05	1.18949	1.18936	1.18949	
0.993102	0.993094	0.993102	0.00874611	5.79674e-05	0.993102	0.993102	4.10659e-05	0.0468199	0.993102	0.993102	2.70768e-24	0.993102	0.993102	0.993083	0.00137112	1.15863e-13	9.72811e-14	0.127855	0.128489	0.993101	0.993102	1.92261e-05	0.00097052	0.000969402	1.92814e-05	4.86715e-05	1.18946	1.18934	1.18946	
0.993102	0.993094	0.993102	0.00876539	5.79019e-05	0.993102	0.993102	4.09753e-05	0.0468381	0.993102	0.993102	2.65622e-24	0.993102	0.993102	0.993083	0.00137089	1.15641e-13	9.70663e-14	0.128107	0.128732	0.993101	0.993102	1.91715e-05	0.000969387	0.000968273	1.92251e-05	4.8594e-05	1.18952	1.18939	1.18952	
0.993102	0.993094	0.993102	0.00878233	5.78428e-05	0.993102	0.993102	4.08925e-05	0.0468592	0.993102	0.993102	2.61633e-24	0.993102	0.993102	0.993083	0.00137084	1.15442e-13	9.68699e-14	0.128338	0.128956	0.993101	0.993102	1.91236e-05	0.00096845	0.000967339	1.91757e-05	4.85235e-05	1.18917	1.18902	1.18916	
0.993102	0.993094	0.993102	0.00879743	5.79067e-05	0.993102	0.993102	4.08997e-05	0.0467954	0.993102	0.993102	2.59566e-24	0.993102	0.993102	0.993083	0.00137104	1.15511e-13	9.68868e-14	0.12831	0.128933	0.993101	0.993102	1.91197e-05	0.000967645	0.000966537	1.91728e-05	4.85521e-05	1.18928	1.18914	1.18928	
0.993102	0.993094	0.993102	0.00880725	5.79262e-05	0.993102	0.993102	4.0879e-05	0.0467857	0.993102	0.993102	2.57826e-24	0.993102	0.993102	0.993083	0.00137179	1.15493e-13	9.68375e-14	0.128364	0.128987	0.993101	0.993102	1.91122e-05	0.000967353	0.000966247	1.91653e-05	4.85477e-05	1.18956	1.18944	1.18956	
0.993102	0.993093	0.993102	0.00881503	5.78611e-05	0.993102	0.993102	4.08034e-05	0.0468409	0.993102	0.993102	2.55812e-24	0.993102	0.993102	0.993083	0.00137245	1.15307e-13	9.66582e-14	0.128578	0.129194	0.993101	0.993102	1.90803e-05	0.000967183	0.000966077	1.91319e-05	4.84789e-05	1.18957	1.18944	1.18957	
0.993102	0.993093	0.993102	0.00882399	5.7813e-05	0.993102	0.993102	4.0744e-05	0.0468708	0.993102	0.993102	2.54231e-24	0.993102	0.993102	0.993083	0.00137266	1.15164e-13	9.65176e-14	0.128747	0.129357	0.993101	0.993102	1.90507e-05	0.000966786	0.000965681	1.9101e-05	4.84264e-05	1.18972	1.1896	1.18972	
0.993102	0.993093	0.993102	0.0088328	5.77358e-05	0.993102	0.993102	4.0667e-05	0.0469187	0.993102	0.993102	2.52633e-24	0.993102	0.993102	0.993083	0.00137269	1.14965e-13	9.6335e-14	0.128969	0.129569	0.993101	0.993102	1.90112e-05	0.000966344	0.00096524	1.90599e-05	4.83522e-05	1.18979	1.18968	1.18979	
0.993102	0.993093	0.993102	0.0088423	5.76591e-05	0.993102	0.993102	4.05924e-05	0.0469598	0.993102	0.993102	2.51198e-24	0.993102	0.993102	0.993083	0.00137247	1.14771e-13	9.61581e-14	0.129184	0.129776	0.993101	0.993102	1.89701e-05	0.000965781	0.000964677	1.90171e-05	4.82795e-05	1.1898	1.18968	1.1898	
0.993102	0.993093	0.993102	0.00885207	5.76032e-05	0.993102	0.993102	4.05337e-05	0.0469823	0.993102	0.993102	2.50076e-24	0.993102	0.993102	0.993083	0.00137216	1.14624e-13	9.60192e-14	0.129353	0.129939	0.993101	0.993102	1.8935e-05	0.000965159	0.000964057	1.89808e-05	4.8224e-05	1.19	1.1899	1.19	
0.993102	0.993093	0.993102	0.00886125	5.75044e-05	0.993102	0.993102	4.04459e-05	0.0470382	0.993102	0.993102	2.48694e-24	0.993102	0.993102	0.993083	0.00137183	1.14389e-13	9.58111e-14	0.129609	0.130184	0.993101	0.993102	1.8887e-05	0.000964584	0.000963483	1.89308e-05	4.81352e-05	1.1898	1.18968	1.1898	
0.993102	0.993093	0.993102	0.00887141	5.74928e-05	0.993102	0.993102	4.04202e-05	0.0470235	0.993102	0.993102	2.48128e-24	0.993102	0.993102	0.993083	0.00137141	1.14338e-13	9.575e-14	0.129682	0.130255	0.993101	0.993102	1.88653e-05	0.000963883	0.000962783	1.89089e-05	4.81156e-05	1.18992	1.18981	1.18992	
0.993102	0.993093	0.993102	0.00887927	5.74521e-05	0.993102	0.993102	4.03743e-05	0.0470419	0.993102	0.993102	2.47429e-24	0.993102	0.993102	0.993083	0.0013713	1.14228e-13	9.56413e-14	0.129814	0.130383	0.993101	0.993102	1.88391e-05	0.000963429	0.000962331	1.88818e-05	4.8073e-05	1.19008	1.18999	1.19008	
0.993102	0.993093	0.993102	0.00888667	5.73759e-05	0.993102	0.993102	4.03047e-05	0.0470873	0.993102	0.993102	2.46472e-24	0.993102	0.993102	0.993083	0.00137114	1.14045e-13	9.54764e-14	0.130017	0.130578	0.993101	0.993102	1.8802e-05	0.000963	0.000961903	1.88433e-05	4.80031e-05	1.1903	1.19022	1.1903	
0.993102	0.993093	0.993102	0.00889489	5.7258e-05	0.993102	0.993102	4.02069e-05	0.0471579	0.993102	0.993102	2.45158e-24	0.993102	0.993102	0.993083	0.00137073	1.13775e-13	9.52445e-14	0.130306	0.130855	0.993101	0.993102	1.87494e-05	0.000962459	0.000961363	1.87884e-05	4.79009e-05	1.19032	1.19023	1.19032	
0.993102	0.993093	0.993102	0.00890492	5.71674e-05	0.993102	0.993102	4.01288e-05	0.0471984	0.993102	0.993102	2.4406e-24	0.993102	0.993102	0.993083	0.00137005	1.13565e-13	9.50593e-14	0.130537	0.131076	0.993101	0.993102	1.87019e-05	0.000961713	0.000960618	1.87392e-05	4.78205e-05	1.19036	1.19027	1.19036	
0.993102	0.993093	0.993102	0.00891513	5.70915e-05	0.993102	0.993102	4.00606e-05	0.0472279	0.993102	0.993102	2.43107e-24	0.993102	0.993102	0.993083	0.00136939	1.13385e-13	9.48977e-14	0.130738	0.13127	0.993101	0.993102	1.86589e-05	0.000960958	0.000959865	1.86949e-05	4.77515e-05	1.19053	1.19045	1.19053	
0.993102	0.993093	0.993102	0.008925	5.69887e-05	0.993102	0.993102	3.99732e-05	0.0472801	0.993102	0.993102	2.41946e-24	0.993102	0.993102	0.993083	0.00136877	1.13147e-13	9.46905e-14	0.130998	0.131519	0.993101	0.993102	1.86081e-05	0.00096025	0.000959159	1.86421e-05	4.7661e-05	1.19048	1.1904	1.19048	
0.993102	0.993093	0.993102	0.0089356	5.693e-05	0.993102	0.993102	3.99166e-05	0.0472959	0.993102	0.993102	2.41161e-24	0.993102	0.993102	0.993083	0.00136811	1.13003e-13	9.45563e-14	0.131165	0.13168	0.993101	0.993102	1.85703e-05	0.000959468	0.00095838	1.86032e-05	4.76053e-05	1.19064	1.19057	1.19064	
0.993102	0.993093	0.993102	0.0089452	5.68435e-05	0.993102	0.993102	3.98402e-05	0.0473383	0.993102	0.993102	2.40173e-24	0.993102	0.993102	0.993083	0.00136759	1.12799e-13	9.43752e-14	0.131394	0.131899	0.993101	0.993102	1.85256e-05	0.000958807	0.00095772	1.85569e-05	4.75277e-05	1.19056	1.19048	1.19056	
0.993102	0.993093	0.993102	0.00895514	5.68044e-05	0.993102	0.993102	3.97971e-05	0.0473433	0.993102	0.993102	2.39592e-24	0.993102	0.993102	0.993083	0.00136708	1.12694e-13	9.42729e-14	0.131522	0.132023	0.993101	0.993102	1.84957e-05	0.000958107	0.000957022	1.85262e-05	4.74875e-05	1.19061	1.19054	1.19061	
