0.25	0.25	0.25	0.000618156	1.27727e-12	0.748264	0.998264	0.748882	0.748264	0.25	0.25	1.27727e-12	0.000618156	0.25	0.25	5.42631e-30	0.000618156	0.000618156	5.42631e-30	1.27727e-12	0.25	0.000618156	0.25	0.25	0.000618156	0.000618156	1.27727e-12	0	0	0	
0.993102	0.9931	0.993102	0.00640191	0.000116624	0.993102	0.993102	9.27369e-05	0.0391005	0.993102	0.993102	2.01255e-23	0.000618156	0.25	0.25	5.42631e-30	0.000618156	0.000618156	5.42631e-30	1.27727e-12	0.25	0.000618156	0.25	0.25	0.000618156	0.000618156	1.27727e-12	1.15551	1.12854	1.15551	
0.993102	0.9931	0.993102	0.00652484	0.000114572	0.993102	0.993102	9.0569e-05	0.0412244	0.993102	0.993102	1.97274e-23	0.250463	0.437066	0.437063	0.000625655	0.000462543	0.000462543	0.0100849	0.0169055	0.437065	0.250463	0.187077	0.18735	0.000746246	0.000481429	1.40356e-05	0.993102	0.9931	0.993102	
0.993102	0.993099	0.993102	0.00670047	0.000788541	0.993101	0.993102	0.000610464	0.0311193	0.993102	0.993102	1.74795e-21	0.437412	0.57704	0.577038	0.000819941	0.000346104	0.000346104	0.00824609	0.0133539	0.57704	0.437412	0.140254	0.14046	0.000830293	0.000631659	0.000628633	0.995867	0.995865	0.995867	
0.993102	0.993099	0.993102	0.00649618	0.00125058	0.993101	0.993102	0.000968548	0.0236464	0.993102	0.993102	3.21385e-21	0.577299	0.681778	0.681777	0.00104385	0.000258977	0.000258977	0.00688751	0.0107388	0.681778	0.577299	0.105261	0.105443	0.000957474	0.000786931	0.00105533	0.997788	0.997786	0.997788	
0.993102	0.993099	0.993102	0.00611923	0.00156439	0.993101	0.993102	0.00121925	0.0181363	0.993102	0.993102	4.44592e-21	0.681972	0.76015	0.760148	0.00127406	0.000193783	0.000193783	0.00587868	0.00880806	0.760149	0.681972	0.0791143	0.0793019	0.00110955	0.00093997	0.0013526	1.00154	1.00154	1.00154	
0.993102	0.993099	0.993102	0.00568412	0.00174658	0.993101	0.993102	0.00137461	0.0141093	0.993102	0.993102	5.27322e-21	0.760295	0.818792	0.818791	0.00149338	0.000145001	0.000145001	0.00516181	0.00741713	0.818792	0.760295	0.0595621	0.0597937	0.00127127	0.00106702	0.00153442	1.00443	1.00443	1.00443	
0.993102	0.993099	0.993102	0.00525274	0.00184425	0.993101	0.993102	0.00146874	0.0111799	0.993102	0.993102	5.80884e-21	0.818901	0.862673	0.862671	0.00169113	0.000108499	0.000108499	0.00465584	0.0064178	0.862672	0.818901	0.0449401	0.0452379	0.00143067	0.00117043	0.00164118	1.00603	1.00603	1.00603	
0.993102	0.9931	0.993102	0.00485547	0.00189505	0.993101	0.993102	0.00152906	0.00904936	0.993102	0.993102	6.1839e-21	0.862754	0.895506	0.895505	0.00186217	8.11858e-05	8.11858e-05	0.00429128	0.00569043	0.895506	0.862754	0.0340091	0.0343782	0.00157978	0.00125785	0.0017056	1.0075	1.0075	1.0075	
0.993102	0.9931	0.993102	0.00450479	0.00191358	0.993101	0.993102	0.00156504	0.00750777	0.993102	0.993102	6.4204e-21	0.895567	0.920075	0.920074	0.00200542	6.07484e-05	6.07484e-05	0.00403321	0.00516545	0.920074	0.895567	0.0258349	0.0262765	0.00171411	0.0013283	0.00173995	1.00984	1.00984	1.00984	
0.993102	0.9931	0.993102	0.00420368	0.00190119	0.993101	0.993102	0.00157557	0.00641438	0.993102	0.993102	6.4765e-21	0.92012	0.938459	0.938457	0.0021223	4.54558e-05	4.54558e-05	0.00387181	0.00480931	0.938458	0.92012	0.0197123	0.0202322	0.00183164	0.00137489	0.00174449	1.01297	1.01297	1.01297	
0.993102	0.9931	0.993102	0.00395052	0.00186079	0.993101	0.993102	0.00156126	0.0056661	0.993102	0.993102	6.34549e-21	0.938493	0.952214	0.952213	0.00221545	3.40129e-05	3.40129e-05	0.00380034	0.00459749	0.952213	0.938493	0.0151158	0.0157219	0.00193182	0.0013946	0.00172111	1.01421	1.0142	1.01421	
0.993102	0.9931	0.993102	0.00374142	0.00181783	0.993101	0.993102	0.00154312	0.00514018	0.993102	0.993102	6.18924e-21	0.95224	0.962507	0.962506	0.00228804	2.54506e-05	2.54506e-05	0.00376602	0.00445878	0.962506	0.95224	0.0116728	0.0123552	0.00201505	0.00140579	0.00169347	1.01515	1.01515	1.01515	
0.993102	0.9931	0.993102	0.0035706	0.00177613	0.993101	0.993102	0.00152405	0.00477234	0.993102	0.993102	6.02758e-21	0.962526	0.970209	0.970208	0.00234363	1.90438e-05	1.90438e-05	0.00375548	0.00437006	0.970208	0.962526	0.00909358	0.00984158	0.00208314	0.00141113	0.00166519	1.01587	1.01587	1.01587	
0.993102	0.993101	0.993102	0.00343224	0.00173776	0.993101	0.993102	0.00150577	0.00451624	0.993102	0.993102	5.87237e-21	0.970223	0.975972	0.975971	0.00238551	1.42498e-05	1.42498e-05	0.0037594	0.00431504	0.975971	0.970223	0.0071611	0.00796436	0.0021381	0.00141261	0.00163836	1.01723	1.01723	1.01723	
0.993102	0.993101	0.993102	0.00332094	0.00169714	0.993101	0.993102	0.00148327	0.00435445	0.993102	0.993102	5.68711e-21	0.975983	0.980284	0.980283	0.00241657	1.06626e-05	1.06626e-05	0.00378719	0.00429962	0.980283	0.975983	0.00570731	0.00656209	0.00218198	0.00140594	0.00160776	1.01979	1.01978	1.01979	
0.993102	0.993101	0.993102	0.00323225	0.00164635	0.993101	0.993102	0.00144947	0.00428627	0.993102	0.993102	5.42417e-21	0.980292	0.983511	0.98351	0.0024391	7.97842e-06	7.97842e-06	0.00385827	0.00434142	0.98351	0.980292	0.00460323	0.00551402	0.00221644	0.00138468	0.00156589	1.0202	1.0202	1.0202	
0.993102	0.993101	0.993102	0.00316274	0.00160484	0.993101	0.993102	0.00142198	0.00424344	0.993102	0.993102	5.20772e-21	0.983517	0.985926	0.985924	0.00245479	5.96997e-06	5.96997e-06	0.00392057	0.00438002	0.985925	0.983517	0.00377479	0.00472958	0.00224262	0.00136647	0.00153157	1.02404	1.02404	1.02404	
0.993102	0.993101	0.993102	0.00310844	0.00154595	0.993102	0.993102	0.00137692	0.00429317	0.993102	0.993102	4.8816e-21	0.98593	0.987732	0.987731	0.0024655	4.46711e-06	4.46711e-06	0.00404994	0.00449712	0.987731	0.98593	0.00313076	0.0041423	0.00226239	0.00132872	0.00147931	1.02465	1.02464	1.02465	
0.993102	0.993101	0.993102	0.00306761	0.00149768	0.993102	0.993102	0.00133979	0.00434046	0.993102	0.993102	4.61204e-21	0.987735	0.989084	0.989082	0.00247191	3.34258e-06	3.34258e-06	0.00416239	0.00459816	0.989083	0.987735	0.00264488	0.00370102	0.00227608	0.00129649	0.00143621	1.02439	1.02439	1.02439	
0.993102	0.993101	0.993102	0.00303709	0.00146328	0.993102	0.993102	0.00131385	0.00436714	0.993102	0.993102	4.41852e-21	0.989086	0.990096	0.990094	0.00247543	2.50113e-06	2.50113e-06	0.0042426	0.00466651	0.990095	0.989086	0.00228258	0.00336923	0.00228534	0.00127364	0.00140565	1.02424	1.02423	1.02424	
0.993102	0.993101	0.993102	0.00301413	0.00143857	0.993102	0.993102	0.00129558	0.00438174	0.993102	0.993102	4.27859e-21	0.990097	0.990852	0.990851	0.00247718	1.8715e-06	1.8715e-06	0.00430042	0.00471315	0.990851	0.990097	0.00201226	0.00311992	0.00229166	0.00125731	0.0013838	1.02362	1.02362	1.02362	
0.993102	0.993101	0.993102	0.00299676	0.00142429	0.993102	0.993102	0.00128593	0.00437786	0.993102	0.993102	4.19734e-21	0.990854	0.991419	0.991417	0.00247789	1.40038e-06	1.40038e-06	0.00433083	0.00473265	0.991418	0.990854	0.00181366	0.00293269	0.00229601	0.00124877	0.00137156	1.02404	1.02404	1.02404	
0.993102	0.993101	0.993102	0.00298334	0.00141066	0.993102	0.993102	0.00127617	0.00438371	0.993102	0.993102	4.11974e-21	0.99142	0.991843	0.991841	0.0024781	1.04785e-06	1.04785e-06	0.00436327	0.00475691	0.991842	0.99142	0.00166251	0.00279235	0.00229919	0.00123983	0.0013596	1.02279	1.02278	1.02279	
0.993102	0.993101	0.993102	0.00297312	0.00140918	0.993102	0.993102	0.00127692	0.00436013	0.993102	0.993102	4.11166e-21	0.991843	0.99216	0.992158	0.00247792	7.84071e-07	7.84071e-07	0.00436028	0.00474477	0.992159	0.991843	0.00155712	0.00268699	0.00230139	0.00124086	0.0013591	1.02174	1.02174	1.02174	
0.993102	0.993101	0.993102	0.00296482	0.00141547	0.993102	0.993102	0.00128436	0.00432068	0.993102	0.993102	4.14989e-21	0.99216	0.992397	0.992395	0.00247778	5.86693e-07	5.86693e-07	0.00433522	0.00471101	0.992396	0.99216	0.00148503	0.00260842	0.00230332	0.00124839	0.00136595	1.0211	1.0211	1.0211	
0.993102	0.993101	0.993102	0.00295767	0.0014247	0.993102	0.993102	0.0012942	0.00427889	0.993102	0.993102	4.20699e-21	0.992397	0.992574	0.992573	0.00247786	4.39002e-07	4.39002e-07	0.00430229	0.00467088	0.992573	0.992397	0.00143546	0.00255027	0.00230531	0.0012584	0.00137556	1.02217	1.02217	1.02217	
0.993102	0.993101	0.993102	0.00295135	0.00142375	0.993102	0.993102	0.00129457	0.00427145	0.993102	0.993102	4.20425e-21	0.992575	0.992707	0.992706	0.00247813	3.2849e-07	3.2849e-07	0.00429968	0.00466537	0.992706	0.992575	0.00139176	0.00250748	0.0023074	0.00125929	0.00137528	1.02378	1.02378	1.02378	
0.993102	0.993101	0.993102	0.00294632	0.00141169	0.993102	0.993102	0.00128457	0.00430083	0.993102	0.993102	4.13645e-21	0.992708	0.992807	0.992805	0.00247825	2.45798e-07	2.45798e-07	0.00433272	0.00469914	0.992806	0.992708	0.00134908	0.00247555	0.00230905	0.00124996	0.00136413	1.02003	1.02003	1.02003	
0.993102	0.993101	0.993102	0.00294299	0.00142959	0.993102	0.993102	0.00130165	0.00424241	0.993102	0.993102	4.24491e-21	0.992807	0.992881	0.992879	0.00247794	1.83922e-07	1.83922e-07	0.00427789	0.00463754	0.99288	0.992807	0.00134083	0.00245104	0.00230983	0.00126668	0.0013818	1.01936	1.01936	1.01936	
0.993102	0.993101	0.993102	0.00293929	0.0014479	0.993102	0.993102	0.00131908	0.0041869	0.993102	0.993102	4.35885e-21	0.992881	0.992937	0.992935	0.00247816	1.37623e-07	1.37623e-07	0.0042219	0.0045764	0.992936	0.992881	0.00133955	0.00243381	0.00231129	0.00128407	0.00139992	1.02113	1.02113	1.02113	
0.993102	0.993101	0.993102	0.00293533	0.00144829	0.993102	0.993102	0.00132014	0.00418364	0.993102	0.993102	4.36432e-21	0.992937	0.992978	0.992977	0.00247871	1.02979e-07	1.02979e-07	0.00421548	0.00457031	0.992977	0.992937	0.00132726	0.00242202	0.00231324	0.00128576	0.00140076	1.01837	1.01836	1.01837	
0.993102	0.993101	0.993102	0.0029322	0.00146926	0.993102	0.993102	0.00133988	0.00412499	0.993102	0.993102	4.49738e-21	0.992978	0.99301	0.993008	0.00247904	7.70565e-08	7.70564e-08	0.00415394	0.00450426	0.993009	0.992978	0.00133653	0.00241325	0.00231474	0.00130549	0.00142144	1.01764	1.01764	1.01764	
0.993102	0.993101	0.993102	0.00292861	0.0014904	0.993102	0.993102	0.00135981	0.00406878	0.993102	0.993102	4.63461e-21	0.99301	0.993033	0.993031	0.00247972	5.76595e-08	5.76594e-08	0.0040923	0.00443923	0.993032	0.99301	0.00134889	0.00240788	0.00231678	0.00132568	0.00144236	1.016	1.016	1.016	
0.993102	0.993101	0.993102	0.00292471	0.00151907	0.993102	0.993102	0.00138667	0.00399692	0.993102	0.993102	4.82496e-21	0.993033	0.99305	0.993049	0.0024806	4.31454e-08	4.31453e-08	0.00401326	0.00435608	0.993049	0.993033	0.00137018	0.00240503	0.00231919	0.00135282	0.00147065	1.01598	1.01598	1.01598	
0.993102	0.993101	0.993102	0.00292023	0.00154038	0.993102	0.993102	0.00140689	0.00394533	0.993102	0.993102	4.96995e-21	0.99305	0.993063	0.993062	0.00248174	3.22851e-08	3.2285e-08	0.00395224	0.00429351	0.993062	0.99305	0.00138673	0.00240444	0.00232215	0.00137375	0.00149192	1.01418	1.01418	1.01418	
0.993102	0.993101	0.993102	0.0029157	0.00157095	0.993102	0.993102	0.00143561	0.0038747	0.993102	0.993102	5.18166e-21	0.993063	0.993073	0.993072	0.00248289	2.41587e-08	2.41586e-08	0.00387182	0.00421007	0.993072	0.993063	0.00141277	0.00240512	0.00232521	0.00140306	0.00152221	1.01117	1.01117	1.01117	
0.993102	0.993101	0.993102	0.00291074	0.00161939	0.993102	0.993102	0.00148082	0.00377047	0.993102	0.993102	5.5291e-21	0.993073	0.99308	0.993079	0.00248419	1.80781e-08	1.8078e-08	0.0037569	0.00408959	0.993079	0.993073	0.00145601	0.0024072	0.00232866	0.00144876	0.00156998	1.01233	1.01233	1.01233	
0.993102	0.993101	0.993102	0.00290471	0.00164503	0.993101	0.993102	0.00150538	0.00371639	0.993102	0.993102	5.71729e-21	0.99308	0.993086	0.993085	0.00248581	1.35282e-08	1.35281e-08	0.00368851	0.00402132	0.993085	0.99308	0.00148005	0.00241116	0.00233301	0.00147463	0.00159585	1.01243	1.01243	1.01243	
0.993102	0.993101	0.993102	0.00289889	0.00166314	0.993101	0.993102	0.00152304	0.00367949	0.993102	0.993102	5.8536e-21	0.993086	0.99309	0.993089	0.00248725	1.01236e-08	1.01235e-08	0.00363759	0.00397194	0.993089	0.993086	0.00149771	0.00241539	0.00233718	0.00149367	0.0016144	1.01151	1.01151	1.01151	
0.993102	0.993101	0.993102	0.00289357	0.0016845	0.993101	0.993102	0.00154368	0.0036368	0.993102	0.993102	6.0158e-21	0.99309	0.993093	0.993092	0.00248844	7.57616e-09	7.57607e-09	0.00358249	0.00391736	0.993092	0.99309	0.00151847	0.00241945	0.00234095	0.00151546	0.0016361	0.93113	0.931128	0.93113	
0.993102	0.993101	0.993101	0.00288853	0.00344007	0.993101	0.993102	0.00315876	0.00289913	0.993102	0.993102	4.52719e-20	0.993093	0.993095	0.993094	0.00248947	5.67401e-09	5.67384e-09	0.00285334	0.00312119	0.993094	0.993093	0.00311055	0.00242351	0.00234452	0.00310835	0.00334619	0.962899	0.962897	0.962899	
0.993102	0.993101	0.993101	0.00285145	0.00369665	0.993101	0.993102	0.00342914	0.00253353	0.993102	0.993102	4.54852e-20	0.993095	0.993097	0.993096	0.00248096	4.24833e-09	4.24824e-09	0.00242993	0.0026938	0.993096	0.993095	0.00339283	0.00247892	0.00237569	0.00339119	0.0036324	0.926249	0.926248	0.926249	
0.993102	0.993101	0.9931	0.00281401	0.00507708	0.9931	0.993102	0.00477508	0.00207403	0.993102	0.993102	8.46583e-20	0.993097	0.993098	0.993098	0.00247468	3.18442e-09	3.18448e-09	0.00195765	0.00218784	0.993097	0.993097	0.00476185	0.00253234	0.00240694	0.00476064	0.00505548	0.906223	0.906222	0.906223	
0.993102	0.993101	0.9931	0.00276095	0.00714032	0.9931	0.993102	0.00685856	0.00167925	0.993102	0.993102	1.77083e-19	0.993098	0.993099	0.993099	0.00245866	2.39107e-09	2.39155e-09	0.0015509	0.00175237	0.993098	0.993098	0.00689695	0.00261675	0.0024534	0.00689604	0.00725573	0.936075	0.936073	0.936074	
0.993102	0.993101	0.9931	0.00268831	0.00711633	0.9931	0.993102	0.0069532	0.00150971	0.993102	0.993102	1.67203e-19	0.993099	0.9931	0.993099	0.00242508	1.79371e-09	1.79452e-09	0.00129834	0.00152037	0.993099	0.993099	0.00702142	0.00274833	0.00252123	0.00702072	0.00735284	0.940223	0.940222	0.940223	
0.993102	0.993101	0.9931	0.0026289	0.00695267	0.9931	0.993102	0.00688241	0.00140605	0.993102	0.993102	1.54561e-19	0.9931	0.993101	0.9931	0.00239775	1.34638e-09	1.34738e-09	0.00112056	0.00136452	0.993099	0.9931	0.0069732	0.00285057	0.0025756	0.00697266	0.00727344	0.950636	0.950634	0.950635	
0.993102	0.993101	0.9931	0.00258257	0.00652612	0.9931	0.993102	0.00651702	0.0013915	0.993102	0.993102	1.35087e-19	0.993101	0.993101	0.9931	0.00237687	1.01087e-09	1.01194e-09	0.00102293	0.00130005	0.9931	0.993101	0.00661858	0.002925	0.00261674	0.00661817	0.00688291	0.936818	0.936817	0.936817	
0.993102	0.993101	0.9931	0.00255109	0.00663644	0.9931	0.993102	0.00667734	0.00129477	0.993102	0.993102	1.34835e-19	0.993101	0.993101	0.993101	0.00236388	7.60915e-10	7.62085e-10	0.000908504	0.00118429	0.9931	0.993101	0.00679636	0.00296852	0.00264271	0.00679606	0.00704574	0.93537	0.935368	0.935369	
0.993102	0.993101	0.9931	0.0025236	0.00676329	0.9931	0.993102	0.00685099	0.00121698	0.993102	0.993102	1.36707e-19	0.993101	0.993102	0.993101	0.0023521	5.74021e-10	5.75289e-10	0.000817522	0.00109152	0.9931	0.993101	0.00698681	0.0030068	0.00266567	0.00698659	0.00722287	0.942094	0.942093	0.942093	
0.993102	0.993101	0.9931	0.00249928	0.00662717	0.9931	0.993102	0.00674996	0.00119661	0.993102	0.993102	1.29688e-19	0.993102	0.993102	0.993101	0.00234099	4.33593e-10	4.34894e-10	0.000767684	0.0010515	0.9931	0.993102	0.00689422	0.00304139	0.0026863	0.00689406	0.00711162	0.966199	0.966197	0.966198	
0.993102	0.993101	0.9931	0.00248147	0.00592994	0.9931	0.993102	0.0060563	0.00135619	0.993102	0.993102	1.07486e-19	0.993102	0.993102	0.993101	0.00233311	3.26959e-10	3.28143e-10	0.000828496	0.00116657	0.993101	0.993102	0.00619062	0.00306386	0.00270063	0.00619052	0.00637818	0.917229	0.917228	0.917228	
0.993102	0.993101	0.9931	0.0024782	0.00704098	0.9931	0.993102	0.00719248	0.00118275	0.993102	0.993102	1.54228e-19	0.993102	0.993102	0.993101	0.00233299	2.51356e-10	2.52702e-10	0.000719432	0.00101561	0.993101	0.993102	0.00735276	0.00305668	0.0026997	0.00735272	0.00756709	0.904636	0.904635	0.904635	
0.993102	0.993101	0.993099	0.00245965	0.00853388	0.993099	0.993102	0.00879455	0.00102207	0.993102	0.993102	2.37948e-19	0.993102	0.993102	0.993102	0.00232136	1.96709e-10	1.98511e-10	0.000610614	0.000870879	0.993101	0.993102	0.00900261	0.00308909	0.00271697	0.00900261	0.00924562	0.951017	0.951016	0.951015	
0.993102	0.993101	0.993099	0.00242441	0.00764601	0.9931	0.993102	0.00794208	0.00113431	0.993102	0.993102	1.97271e-19	0.993102	0.993102	0.993102	0.0022947	1.5061e-10	1.5238e-10	0.000623169	0.000931854	0.993101	0.993102	0.00813717	0.00316709	0.00275483	0.00813717	0.00834778	0.906143	0.906141	0.906141	
0.993102	0.993101	0.993099	0.00240856	0.00884103	0.993099	0.993102	0.00925904	0.000994036	0.993102	0.993102	2.62977e-19	0.993102	0.993102	0.993102	0.00228186	1.21093e-10	1.23286e-10	0.000537648	0.000811479	0.993101	0.993102	0.00949032	0.00319445	0.0027694	0.00949034	0.00972491	0.900812	0.90081	0.90081	
0.993102	0.993101	0.993098	0.0023793	0.00999145	0.993099	0.993102	0.0106132	0.000881498	0.993102	0.993102	3.39919e-19	0.993102	0.993102	0.993102	0.00225746	9.99739e-11	1.02811e-10	0.000461696	0.000709828	0.993101	0.993102	0.0108902	0.00325968	0.00280119	0.0108902	0.0111407	0.865148	0.865147	0.865146	
0.993102	0.993101	0.993097	0.00234011	0.0140896	0.993098	0.993102	0.015352	0.000730715	0.993102	0.993102	8.51426e-19	0.993102	0.993102	0.993102	0.00222293	9.39943e-11	9.89953e-11	0.000372402	0.000581411	0.993101	0.993102	0.0157772	0.00335502	0.00284661	0.0157772	0.0160963	0.869249	0.869248	0.869247	
0.993102	0.993101	0.993096	0.00225794	0.016104	0.993098	0.993102	0.0183356	0.000639166	0.993102	0.993102	1.14497e-18	0.993102	0.993102	0.993102	0.00214345	8.82373e-11	9.6156e-11	0.00030092	0.000489573	0.993101	0.993102	0.0188709	0.00360594	0.00295744	0.0188707	0.0192108	0.926882	0.92688	0.92688	
0.993102	0.993101	0.993097	0.00216472	0.0137281	0.993098	0.993102	0.0159274	0.000801907	0.993102	0.993102	9.07401e-19	0.993102	0.993102	0.993102	0.00204691	7.17897e-11	7.92219e-11	0.000285164	0.000538621	0.993101	0.993102	0.0163997	0.00391049	0.00309268	0.0163996	0.0166831	0.904712	0.904711	0.90471	
0.993102	0.993101	0.993097	0.00211813	0.0129989	0.993099	0.993102	0.0153467	0.000788299	0.993102	0.993102	8.01314e-19	0.993102	0.993102	0.993102	0.00199355	6.26935e-11	7.01027e-11	0.000257764	0.00051344	0.993101	0.993102	0.0157932	0.00402467	0.00314993	0.0157931	0.0160615	0.889057	0.889056	0.889055	
0.993102	0.993101	0.993097	0.002088	0.0134802	0.993099	0.993102	0.0161535	0.000724014	0.993102	0.993102	8.28272e-19	0.993102	0.993102	0.993102	0.0019569	5.92237e-11	6.70578e-11	0.00022655	0.000464852	0.993101	0.993102	0.0166105	0.0040821	0.00318337	0.0166105	0.0168863	0.841603	0.841601	0.8416	
0.993102	0.993101	0.993095	0.0020562	0.0194071	0.993097	0.993102	0.0238119	0.000595126	0.993102	0.993102	2.14696e-18	0.993102	0.993102	0.993102	0.0019191	7.63304e-11	8.82885e-11	0.000182013	0.000379044	0.993101	0.993102	0.0244613	0.0041543	0.00322287	0.0244614	0.0248354	0.831448	0.831447	0.831446	
0.993102	0.993101	0.993093	0.00196076	0.0242944	0.993097	0.993102	0.0320411	0.000502624	0.993102	0.993102	3.90336e-18	0.993102	0.993102	0.993102	0.00181356	9.7722e-11	1.18666e-10	0.000142857	0.000309084	0.9931	0.993102	0.0329225	0.00455339	0.00339358	0.0329223	0.0333678	0.786749	0.786748	0.786746	
0.993102	0.993101	0.993087	0.00182335	0.0375954	0.993095	0.993102	0.0561619	0.000406628	0.993102	0.993102	1.66493e-17	0.993102	0.993102	0.993102	0.00165609	1.79263e-10	2.30879e-10	0.00010867	0.00024167	0.9931	0.993102	0.0576447	0.0052856	0.00369832	0.0576437	0.0582684	0.829107	0.829106	0.829104	
0.993102	0.993101	0.993089	0.00158271	0.0335653	0.993096	0.993102	0.0569541	0.000455057	0.993102	0.993102	1.49782e-17	0.993102	0.993102	0.993102	0.00138744	1.90623e-10	2.52438e-10	8.25202e-05	0.000205013	0.9931	0.993102	0.0584643	0.00789994	0.00464312	0.0584628	0.059049	0.861312	0.861311	0.861308	
0.993102	0.993101	0.993091	0.00139737	0.0279408	0.993097	0.993102	0.0507236	0.000609249	0.993102	0.993102	1.18986e-17	0.993102	0.993102	0.993102	0.00116928	1.75303e-10	2.2768e-10	6.41474e-05	0.000199226	0.993099	0.993102	0.0520312	0.00960882	0.00537797	0.0520299	0.0525427	0.867112	0.867111	0.867108	
0.993102	0.993101	0.993093	0.0012859	0.023746	0.993098	0.993102	0.0452256	0.000693266	0.993102	0.993102	9.44746e-18	0.993102	0.993102	0.993102	0.00102367	1.59912e-10	2.01345e-10	5.18553e-05	0.000200341	0.993099	0.993102	0.0463148	0.0101072	0.00570116	0.046314	0.0467864	0.930561	0.93056	0.930557	
0.993102	0.993101	0.993095	0.00122964	0.0186641	0.993099	0.993102	0.0359329	0.00121193	0.993102	0.993102	7.11203e-18	0.993102	0.993102	0.993102	0.00093534	1.27527e-10	1.58685e-10	5.73455e-05	0.000331781	0.993099	0.993102	0.0367723	0.00996697	0.0057669	0.0367718	0.0371548	0.903502	0.903501	0.903497	
0.993102	0.993101	0.993096	0.00124472	0.0158099	0.993099	0.993102	0.0304644	0.00120685	0.993102	0.993102	5.44667e-18	0.993102	0.993102	0.993102	0.000918926	1.07855e-10	1.31209e-10	6.02176e-05	0.000354035	0.9931	0.993102	0.0310931	0.00924716	0.00554999	0.0310929	0.0314665	0.894533	0.894532	0.894528	
0.993102	0.993101	0.993097	0.00129366	0.0142863	0.9931	0.993102	0.027062	0.00111543	0.993102	0.993102	4.25456e-18	0.993102	0.993102	0.993102	0.000945218	9.48194e-11	1.12267e-10	6.41246e-05	0.000353351	0.9931	0.993102	0.0275349	0.00843603	0.00526043	0.027535	0.0279176	0.930618	0.930617	0.930614	
0.993102	0.993101	0.993098	0.00135579	0.0119749	0.9931	0.993102	0.0223391	0.00123114	0.993102	0.993102	3.22592e-18	0.993102	0.993102	0.993102	0.000994644	7.7556e-11	9.06397e-11	9.437e-05	0.000446513	0.9931	0.993102	0.0227	0.00769008	0.00497309	0.0227002	0.0230336	0.873061	0.873059	0.873057	
0.993102	0.993101	0.993097	0.00144268	0.0133748	0.993099	0.993102	0.0231973	0.00103003	0.993102	0.993102	2.83714e-18	0.993102	0.993102	0.993102	0.0010757	7.7936e-11	8.78256e-11	8.91992e-05	0.000391808	0.9931	0.993102	0.023482	0.00694922	0.0046628	0.0234826	0.0238905	0.913534	0.913532	0.91353	
0.993102	0.993101	0.993098	0.0015002	0.0119621	0.9931	0.993102	0.0202798	0.00102739	0.993102	0.993102	2.20727e-18	0.993102	0.993102	0.993102	0.00113674	6.70803e-11	7.4857e-11	0.000106043	0.000422992	0.9931	0.993102	0.0205163	0.00645483	0.00445071	0.0205169	0.0208829	0.900355	0.900354	0.900351	
0.993102	0.993101	0.993098	0.00156947	0.0116422	0.9931	0.993102	0.0189603	0.000949656	0.993102	0.993102	1.79468e-18	0.993102	0.993102	0.993102	0.00121391	6.1262e-11	6.75648e-11	0.000114291	0.000416375	0.9931	0.993102	0.0191721	0.00598132	0.00423774	0.0191727	0.0195251	0.9145	0.914498	0.914496	
0.993102	0.993101	0.993098	0.00163378	0.0108019	0.9931	0.993102	0.0170469	0.000943204	0.993102	0.993102	1.42438e-18	0.993102	0.993102	0.993102	0.00129052	5.40161e-11	5.91945e-11	0.000134781	0.000444243	0.9931	0.993102	0.0172402	0.00559176	0.00405621	0.0172408	0.0175596	0.929577	0.929576	0.929574	
0.993102	0.993101	0.993098	0.00170096	0.00969436	0.9931	0.993102	0.0148744	0.00100335	0.993102	0.993102	1.11046e-18	0.993102	0.993102	0.993102	0.00137242	4.63373e-11	5.05679e-11	0.000174052	0.000511991	0.993101	0.993102	0.015048	0.00524087	0.00388736	0.0150485	0.0153278	0.906755	0.906754	0.906752	
0.993102	0.993101	0.993098	0.00177438	0.00990337	0.9931	0.993102	0.0144536	0.000927208	0.993102	0.993102	9.42164e-19	0.993102	0.993102	0.993102	0.00146152	4.38186e-11	4.75126e-11	0.000182029	0.000497058	0.993101	0.993102	0.0146291	0.00491029	0.00372392	0.0146297	0.0149063	0.913286	0.913285	0.913283	
0.993102	0.993101	0.993098	0.00183426	0.00976126	0.9931	0.993102	0.0137323	0.000894286	0.993102	0.993102	7.90916e-19	0.993102	0.993102	0.993102	0.00153938	4.07134e-11	4.40649e-11	0.000196062	0.000501966	0.993101	0.993102	0.0139125	0.00466027	0.00359604	0.0139131	0.0141751	0.931018	0.931016	0.931015	
0.993102	0.993101	0.993099	0.0018873	0.00898351	0.9931	0.993102	0.0123263	0.000950193	0.993102	0.993102	6.3417e-19	0.993102	0.993102	0.993102	0.00161076	3.59596e-11	3.89193e-11	0.000234885	0.000561171	0.993101	0.993102	0.0124995	0.00445701	0.00348932	0.0125	0.0127335	0.922797	0.922796	0.922794	
0.993102	0.993101	0.993099	0.00194336	0.00875739	0.9931	0.993102	0.0116347	0.000939022	0.993102	0.993102	5.3337e-19	0.993102	0.993102	0.993102	0.00168366	3.33036e-11	3.60163e-11	0.000256222	0.000577523	0.993101	0.993102	0.0118092	0.00426259	0.00338653	0.0118096	0.0120312	0.846518	0.846516	0.846515	
0.993102	0.993101	0.993096	0.00199377	0.0157766	0.993098	0.993102	0.0194094	0.000751374	0.993102	0.993102	1.64473e-18	0.993102	0.993102	0.993102	0.0017506	5.40566e-11	5.84707e-11	0.00020982	0.000466476	0.993101	0.993102	0.0197465	0.00410052	0.00329916	0.0197472	0.0201113	0.880642	0.880641	0.880639	
0.993102	0.993101	0.993096	0.00195313	0.0158845	0.993098	0.993102	0.0200441	0.000692326	0.993102	0.993102	1.55033e-18	0.993102	0.993102	0.993102	0.00172623	5.53973e-11	6.20633e-11	0.000179828	0.000417048	0.993101	0.993102	0.0204315	0.00429595	0.00336539	0.020432	0.0207884	0.868317	0.868316	0.868314	
0.993102	0.993101	0.993096	0.00191563	0.0170136	0.993098	0.993102	0.0220245	0.000621374	0.993102	0.993102	1.68356e-18	0.993102	0.993102	0.993102	0.00169827	6.07817e-11	6.99398e-11	0.0001519	0.000365168	0.993101	0.993102	0.0224878	0.00446191	0.00342744	0.0224881	0.0228527	0.824454	0.824453	0.824451	
0.993102	0.993101	0.993093	0.0018687	0.0242621	0.993096	0.993102	0.0327432	0.000510762	0.993102	0.993102	4.28796e-18	0.993102	0.993102	0.993102	0.00165497	9.27539e-11	1.10169e-10	0.000120171	0.000295316	0.993101	0.993102	0.0334861	0.00466757	0.0035118	0.0334863	0.0339546	0.807551	0.80755	0.807548	
0.993102	0.993101	0.99309	0.00174827	0.031114	0.993096	0.993102	0.0467429	0.000429086	0.993102	0.993102	9.17035e-18	0.993102	0.993102	0.993102	0.00152784	1.40457e-10	1.76274e-10	9.25334e-05	0.000236701	0.9931	0.993102	0.0478525	0.00539584	0.00380291	0.0478522	0.0484169	0.801604	0.801602	0.8016	
0.993102	0.993101	0.993089	0.00157108	0.0343735	0.993096	0.993102	0.0598035	0.000384357	0.993102	0.993102	1.4419e-17	0.993102	0.993102	0.993102	0.00133235	1.97426e-10	2.53406e-10	7.03923e-05	0.000191045	0.9931	0.993102	0.0612264	0.0069189	0.00440061	0.0612256	0.0618473	0.8012	0.801198	0.801195	
0.993102	0.993101	0.993089	0.00137649	0.0343887	0.993097	0.993102	0.0698376	0.000374679	0.993102	0.993102	1.84492e-17	0.993102	0.993102	0.993102	0.00111597	2.60959e-10	3.20822e-10	5.33052e-05	0.000156721	0.9931	0.993102	0.0714392	0.00915642	0.00531008	0.0714383	0.0720837	0.793722	0.793721	0.793718	
0.993102	0.993101	0.993089	0.00119308	0.0339512	0.993097	0.993102	0.0810277	0.000372049	0.993102	0.993102	2.40973e-17	0.993102	0.993102	0.993102	0.00091414	3.5594e-10	3.93073e-10	4.02498e-05	0.000129079	0.993099	0.993102	0.0827354	0.0117002	0.00643497	0.0827349	0.0834157	0.835083	0.835081	0.835078	
0.993102	0.993101	0.993091	0.00102219	0.02833	0.993098	0.993102	0.0741287	0.000538227	0.993102	0.993102	1.9992e-17	0.993102	0.993102	0.993102	0.000733779	3.5499e-10	3.60691e-10	3.06515e-05	0.000123495	0.993099	0.993102	0.075615	0.0147392	0.00788669	0.075615	0.0762233	0.845054	0.845052	0.845048	
0.993102	0.993101	0.993093	0.00091294	0.0239422	0.993099	0.993102	0.0666715	0.000648845	0.993102	0.993102	1.62664e-17	0.993102	0.993102	0.993102	0.000607069	3.36419e-10	3.18794e-10	2.38933e-05	0.000125143	0.993099	0.993102	0.0678855	0.0156972	0.00857253	0.067886	0.0684595	0.862327	0.862325	0.862321	
0.993102	0.993101	0.993094	0.000854622	0.0201694	0.993099	0.993102	0.0579411	0.000759198	0.993102	0.993102	1.28236e-17	0.993102	0.993102	0.993102	0.000525376	2.9886e-10	2.7032e-10	1.98648e-05	0.000139781	0.993099	0.993102	0.058889	0.0154358	0.00871397	0.05889	0.0594227	0.896913	0.896911	0.896907	
0.993102	0.993101	0.993096	0.000843651	0.0164395	0.9931	0.993102	0.0474582	0.000992549	0.993102	0.993102	9.75841e-18	0.993102	0.993102	0.993102	0.000486214	2.44997e-10	2.17043e-10	2.09228e-05	0.000196621	0.993099	0.993102	0.0481744	0.0144269	0.00845002	0.0481754	0.0486365	0.857502	0.8575	0.857497	
0.993102	0.993101	0.993096	0.000884083	0.0159219	0.9931	0.993102	0.0443633	0.00088741	0.993102	0.993102	8.0863e-18	0.993102	0.993102	0.993102	0.000494539	2.24389e-10	1.92568e-10	2.01688e-05	0.000188965	0.9931	0.993102	0.044872	0.0129564	0.00788257	0.0448735	0.0453904	0.823448	0.823447	0.823443	
0.993102	0.993101	0.993095	0.000930332	0.0194115	0.993099	0.993102	0.0500899	0.000732315	0.993102	0.993102	9.12249e-18	0.993102	0.993102	0.993102	0.000517007	2.44972e-10	2.03031e-10	1.77055e-05	0.000162589	0.9931	0.993102	0.0504664	0.0117108	0.00736798	0.0504687	0.0511395	0.859559	0.859557	0.859554	
0.993102	0.993101	0.993095	0.000935578	0.0178315	0.993099	0.993102	0.0459735	0.000717515	0.993102	0.993102	7.55354e-18	0.993102	0.993102	0.993102	0.000512815	2.22447e-10	1.82588e-10	1.72438e-05	0.000165331	0.9931	0.993102	0.0462863	0.0111903	0.00716518	0.0462884	0.0469128	0.856277	0.856276	0.856273	
0.993102	0.993101	0.993096	0.000960006	0.0171689	0.993099	0.993102	0.0434477	0.00067863	0.993102	0.993102	6.48193e-18	0.993102	0.993102	0.993102	0.000527665	2.06181e-10	1.68349e-10	1.74564e-05	0.000164614	0.9931	0.993102	0.0437183	0.0105424	0.00688413	0.0437203	0.0443152	0.870326	0.870325	0.870321	
0.993102	0.993101	0.993096	0.000991793	0.0158965	0.993099	0.993102	0.0393994	0.000684032	0.993102	0.993102	5.32391e-18	0.993102	0.993102	0.993102	0.000552251	1.83179e-10	1.49596e-10	1.98259e-05	0.000177371	0.9931	0.993102	0.0396384	0.00992628	0.00660037	0.0396403	0.0401783	0.824044	0.824042	0.824039	
0.993102	0.993101	0.993094	0.00103902	0.0200717	0.993098	0.993102	0.0461553	0.000574647	0.993102	0.993102	7.00193e-18	0.993102	0.993102	0.993102	0.000593862	2.06061e-10	1.70025e-10	1.80699e-05	0.000154213	0.9931	0.993102	0.0464274	0.00926085	0.00627578	0.0464297	0.0470496	0.849342	0.84934	0.849337	
0.993102	0.993101	0.993095	0.0010368	0.0193977	0.993098	0.993102	0.0448538	0.000559871	0.993102	0.993102	6.33992e-18	0.993102	0.993102	0.993102	0.00059486	1.9799e-10	1.6526e-10	1.72914e-05	0.000151071	0.9931	0.993102	0.0451478	0.00921179	0.00622848	0.0451499	0.0457303	0.839752	0.83975	0.839747	
0.993102	0.993101	0.993094	0.00104186	0.0199357	0.993098	0.993102	0.0459537	0.000522035	0.993102	0.993102	6.35958e-18	0.993102	0.993102	0.993102	0.000601556	2.0055e-10	1.69121e-10	1.62616e-05	0.000142493	0.9931	0.993102	0.0462843	0.00908808	0.00615438	0.0462864	0.0468559	0.827873	0.827871	0.827868	
0.993102	0.993101	0.993094	0.00103973	0.0216082	0.993098	0.993102	0.0498921	0.000474699	0.993102	0.993102	7.35929e-18	0.993102	0.993102	0.993102	0.000601602	2.17271e-10	1.84821e-10	1.46489e-05	0.000129849	0.9931	0.993102	0.0502888	0.00906966	0.0061331	0.0502911	0.0508727	0.816688	0.816686	0.816684	
0.993102	0.993101	0.993093	0.0010182	0.0238707	0.993098	0.993102	0.0564301	0.000430485	0.993102	0.993102	9.57831e-18	0.993102	0.993102	0.993102	0.000584084	2.50526e-10	2.13659e-10	1.25999e-05	0.000115732	0.9931	0.993102	0.056924	0.00932503	0.00624314	0.0569266	0.0575333	0.834624	0.83462	0.83462	
0.993102	0.993101	0.993093	0.0009723	0.0226375	0.993098	0.993102	0.0558857	0.000450719	0.993102	0.993102	9.15506e-18	0.993102	0.993102	0.993102	0.000544948	2.54387e-10	2.14981e-10	1.11534e-05	0.000113169	0.9931	0.993102	0.0564054	0.0100014	0.00655643	0.0564086	0.0569754	0.849346	0.84934	0.849341	
0.993102	0.993101	0.993094	0.000939955	0.0205494	0.993099	0.993102	0.0521472	0.000503766	0.993102	0.993102	7.9522e-18	0.993102	0.993102	0.993102	0.000515114	2.40899e-10	2.00952e-10	1.07694e-05	0.000120314	0.9931	0.993102	0.0526379	0.0104019	0.00676985	0.0526415	0.0531559	0.829198	0.82919	0.829193	
0.993102	0.993101	0.993094	0.000932176	0.0211434	0.993098	0.993102	0.0541745	0.000475919	0.993102	0.993102	8.41289e-18	0.993102	0.993102	0.993102	0.000504726	2.5344e-10	2.07932e-10	1.00184e-05	0.000113829	0.9931	0.993102	0.0546637	0.0103812	0.00679437	0.0546688	0.0551973	0.82291	0.822899	0.822906	
0.993102	0.993101	0.993094	0.000917079	0.022087	0.993098	0.993102	0.0575862	0.000448145	0.993102	0.993102	9.46329e-18	0.993102	0.993102	0.993102	0.000489014	2.75049e-10	2.2166e-10	9.07104e-06	0.00010616	0.9931	0.993102	0.0580948	0.0105055	0.00688473	0.0581024	0.058647	0.809986	0.809973	0.809982	
0.993102	0.993101	0.993093	0.000891075	0.0240643	0.993098	0.993102	0.0647386	0.00041292	0.993102	0.993102	1.23954e-17	0.993102	0.993102	0.993102	0.000464908	3.22012e-10	2.53078e-10	7.8282e-06	9.56371e-05	0.9931	0.993102	0.0653016	0.0108464	0.00707959	0.0653127	0.0658929	0.868436	0.868431	0.868431	
0.993102	0.993101	0.993094	0.000844023	0.0200807	0.993099	0.993102	0.055598	0.000608636	0.993102	0.993102	9.78803e-18	0.993102	0.993102	0.993102	0.000425207	2.80982e-10	2.17573e-10	8.27538e-06	0.000123675	0.9931	0.993102	0.0560847	0.0116934	0.0075208	0.0560938	0.0565861	0.797487	0.797481	0.797482	
0.993102	0.993101	0.993092	0.000844774	0.0249813	0.993098	0.993102	0.0687675	0.000511025	0.993102	0.993102	1.60437e-17	0.993102	0.993102	0.993102	0.000420497	3.59486e-10	2.70542e-10	7.10446e-06	0.000105141	0.9931	0.993102	0.0692412	0.0114998	0.00747504	0.0692514	0.0699162	0.782802	0.782795	0.782798	
0.993102	0.993101	0.993091	0.000795681	0.0289421	0.993097	0.993102	0.0865913	0.000442001	0.993102	0.993102	2.77253e-17	0.993102	0.993102	0.993102	0.000381435	5.05182e-10	3.61835e-10	5.68013e-06	8.80665e-05	0.9931	0.993102	0.0871422	0.0125409	0.00799681	0.0871545	0.0879597	0.744873	0.744865	0.744868	
0.993102	0.993101	0.993088	0.000709539	0.0366606	0.993097	0.993102	0.12954	0.000373963	0.993102	0.993102	9.24506e-17	0.993102	0.993102	0.993102	0.000320839	1.04349e-09	6.39528e-10	4.32738e-06	7.02918e-05	0.9931	0.993102	0.130283	0.0154253	0.0094072	0.1303	0.131323	0.771654	0.771644	0.771649	
0.993102	0.993101	0.99309	0.000579061	0.0313211	0.993098	0.993102	0.139448	0.000483449	0.993102	0.993102	9.37339e-17	0.993102	0.993102	0.993102	0.000247475	1.56883e-09	7.30847e-10	3.25826e-06	6.00923e-05	0.993099	0.993102	0.140234	0.0275283	0.0149836	0.140253	0.141277	0.651712	0.651696	0.651706	
0.993102	0.993101	0.993079	0.000472657	0.0545899	0.993095	0.993102	0.277709	0.000381983	0.993102	0.993102	3.03326e-15	0.993102	0.993102	0.993102	0.000189621	1.29458e-08	3.05007e-09	2.43941e-06	4.56439e-05	0.993099	0.993102	0.278386	0.0379711	0.0208101	0.278419	0.279676	0.563495	0.563478	0.56349	
0.993102	0.993101	0.99308	0.000356136	0.0532527	0.993096	0.993102	0.440236	0.000373669	0.993102	0.993102	1.03241e-13	0.993092	0.993102	0.993102	0.000141914	6.95022e-07	2.56045e-08	1.82532e-06	3.42697e-05	0.993098	0.993102	0.440768	0.191993	0.112706	0.440798	0.441855	0.463578	0.463551	0.463571	
0.993102	0.993101	0.993084	0.000266578	0.0435152	0.993097	0.993102	0.576883	0.00057861	0.993102	0.993102	5.56104e-12	0.988977	0.993102	0.993102	0.000106189	0.000134466	1.87056e-07	1.36582e-06	2.56585e-05	0.993097	0.993102	0.57728	0.388513	0.319965	0.577304	0.578112	0.474012	0.473977	0.474005	
0.993102	0.993101	0.993089	0.000199477	0.0327569	0.993099	0.993102	0.678558	0.00499796	0.993102	0.993102	7.7531e-12	0.986747	0.993102	0.993102	7.94576e-05	0.00211701	2.52327e-07	1.02199e-06	1.92186e-05	0.993097	0.993096	0.678835	0.540294	0.488427	0.678855	0.679491	0.525866	0.525809	0.52586	
0.993102	0.993101	0.993092	0.000149262	0.0245198	0.9931	0.993102	0.749191	0.0608481	0.993102	0.993102	6.21418e-12	0.98812	0.993102	0.993102	5.94552e-05	0.00823308	2.20969e-07	7.6472e-07	1.4435e-05	0.993097	0.99275	0.748567	0.654208	0.61533	0.748593	0.749914	0.622589	0.622509	0.622582	
0.993102	0.993099	0.993095	0.000111688	0.0183476	0.9931	0.993102	0.761432	0.220601	0.993102	0.993102	4.65266e-12	0.989373	0.993102	0.993102	4.44882e-05	0.0108527	1.69289e-07	5.72212e-07	1.11772e-05	0.993098	0.987114	0.697162	0.739455	0.710323	0.697285	0.76203	0.706101	0.705996	0.706094	
0.993102	0.991487	0.993097	8.35847e-05	0.0137289	0.993101	0.993102	0.678465	0.256284	0.993102	0.993102	3.48142e-12	0.990312	0.993102	0.993102	3.32889e-05	0.00941522	1.27329e-07	4.28166e-07	1.03599e-05	0.993098	0.97942	0.523977	0.801913	0.779502	0.524074	0.678927	0.724275	0.724175	0.724268	
0.993102	0.985316	0.993098	6.26772e-05	0.010273	0.993101	0.993102	0.594832	0.208168	0.993102	0.993102	2.60502e-12	0.991014	0.993102	0.993102	2.49088e-05	0.0072337	9.56926e-08	3.20381e-07	1.06219e-05	0.993099	0.982519	0.392867	0.834562	0.813296	0.392941	0.595164	0.76996	0.76973	0.769953	
0.993102	0.9863	0.993099	4.71712e-05	0.00768729	0.993101	0.993102	0.489288	0.17439	0.993102	0.993102	1.94924e-12	0.99154	0.993102	0.993102	1.86384e-05	0.00542798	7.17593e-08	2.39729e-07	1.51013e-05	0.993099	0.985171	0.294801	0.843018	0.821018	0.294861	0.489419	0.787637	0.786906	0.787629	
0.993102	0.987764	0.9931	3.64389e-05	0.00575424	0.993102	0.993102	0.398885	0.136867	0.993102	0.993102	1.45855e-12	0.991933	0.993102	0.993102	1.39464e-05	0.00406294	5.37989e-08	1.79381e-07	2.14835e-05	0.9931	0.987167	0.221737	0.783543	0.757823	0.221799	0.3986	0.835094	0.834111	0.835087	
0.993102	0.989053	0.9931	3.0554e-05	0.00431071	0.993102	0.993102	0.312266	0.107963	0.993102	0.993102	1.09138e-12	0.992227	0.993102	0.993102	1.04356e-05	0.00304024	4.02945e-08	1.34227e-07	4.2378e-05	0.9931	0.988661	0.16686	0.672335	0.646733	0.166925	0.311809	0.888551	0.887494	0.888544	
0.993102	0.990055	0.993101	3.32889e-05	0.00323528	0.993102	0.993102	0.238571	0.0857568	0.993102	0.993102	8.16639e-13	0.992448	0.993102	0.993102	7.80888e-06	0.00227491	3.01638e-08	1.00696e-07	0.000108301	0.9931	0.989779	0.125433	0.537703	0.516061	0.125493	0.238132	0.908822	0.907721	0.908815	
0.993102	0.990815	0.993101	5.4108e-05	0.00244918	0.993102	0.993102	0.181812	0.0668021	0.993102	0.993102	6.11061e-13	0.992612	0.993102	0.993102	5.85184e-06	0.00170223	2.25789e-08	8.2904e-08	0.000195909	0.993101	0.990616	0.0944568	0.415641	0.398658	0.0945157	0.181415	0.917302	0.916315	0.917296	
0.993102	0.991388	0.993101	0.000102723	0.00190706	0.993102	0.993102	0.138831	0.0514313	0.993102	0.993102	4.57235e-13	0.992736	0.993102	0.993102	4.50015e-06	0.00127372	1.6902e-08	1.50344e-07	0.000282741	0.993101	0.991242	0.0714182	0.317335	0.304334	0.071477	0.138484	0.891711	0.890757	0.891704	
0.993102	0.991817	0.993102	0.000185162	0.00172035	0.993102	0.993102	0.108495	0.0389792	0.993102	0.993102	3.42132e-13	0.992828	0.993102	0.993102	4.28e-06	0.000953078	1.26587e-08	4.11587e-07	0.000293269	0.993101	0.99171	0.0551113	0.241093	0.231231	0.0551875	0.108159	0.867582	0.8667	0.867576	
0.993102	0.99214	0.993102	0.000293902	0.00215865	0.993101	0.993102	0.0885594	0.0293795	0.993102	0.993102	2.56005e-13	0.992897	0.993102	0.993102	7.13513e-06	0.000713154	9.49065e-09	9.33406e-07	0.00026996	0.993101	0.992061	0.0446873	0.18295	0.175486	0.0448053	0.0882098	0.683728	0.682028	0.683721	
0.993102	0.992381	0.993091	0.000411745	0.0443962	0.993067	0.993102	0.202594	0.0219881	0.993102	0.993102	1.92034e-13	0.992949	0.993102	0.993102	1.62321e-05	0.000533631	7.84212e-09	7.32757e-07	0.000203282	0.993101	0.992323	0.133752	0.13899	0.133318	0.135896	0.200594	0.498436	0.496928	0.498429	
0.993102	0.992562	0.99304	0.000325099	0.148851	0.993053	0.993102	0.396561	0.0164558	0.993102	0.993102	1.0539e-12	0.992232	0.993102	0.993102	1.24533e-05	0.000400005	7.58295e-08	5.483e-07	0.00015214	0.9931	0.992519	0.342415	0.149599	0.120782	0.344236	0.394953	0.52141	0.519473	0.521401	
0.993102	0.992698	0.993055	0.000243573	0.114152	0.993066	0.993102	0.538871	0.0143238	0.993102	0.993102	1.19698e-12	0.992448	0.993102	0.993102	9.31951e-06	0.000302011	4.14297e-07	4.10273e-07	0.000113891	0.993008	0.992666	0.495486	0.359399	0.298455	0.497232	0.537412	0.582185	0.578835	0.582172	
0.993102	0.992799	0.993067	0.000182274	0.085464	0.993075	0.993102	0.628586	0.061105	0.993102	0.993102	9.34148e-13	0.992613	0.993102	0.993102	6.97345e-06	0.000254402	3.63064e-07	3.06992e-07	8.5388e-05	0.993009	0.992774	0.589112	0.518639	0.470552	0.592211	0.626069	0.514293	0.512277	0.514282	
0.993102	0.992873	0.993076	0.000136397	0.0639807	0.993082	0.993102	0.71352	0.0651048	0.993102	0.993102	9.20976e-13	0.992678	0.993102	0.993102	5.21798e-06	0.00133375	3.88034e-07	2.29711e-07	6.39359e-05	0.993025	0.99281	0.669121	0.637864	0.600915	0.672219	0.711387	0.643493	0.639517	0.643481	
0.993102	0.992928	0.993082	0.000102062	0.0478749	0.993087	0.993102	0.716158	0.24666	0.993102	0.993102	6.90345e-13	0.992785	0.993102	0.993102	3.90442e-06	0.00175312	2.96072e-07	1.71884e-07	4.84117e-05	0.993042	0.991485	0.606449	0.727225	0.699408	0.613636	0.710694	0.709901	0.705455	0.709889	
0.993102	0.989162	0.993087	7.64213e-05	0.0358231	0.993091	0.993102	0.639962	0.241229	0.993102	0.993102	5.16563e-13	0.992865	0.993102	0.993102	2.92154e-06	0.00160617	2.22639e-07	1.28615e-07	3.83779e-05	0.993055	0.99034	0.455064	0.790961	0.765189	0.46056	0.630633	0.721537	0.715848	0.721525	
0.993102	0.98723	0.993091	5.73972e-05	0.0268055	0.993094	0.993102	0.56917	0.197371	0.993102	0.993102	3.86527e-13	0.992925	0.993102	0.993102	2.18608e-06	0.00126819	1.67277e-07	9.62378e-08	3.14328e-05	0.993066	0.990961	0.341639	0.825965	0.792091	0.345887	0.555821	0.703666	0.6974	0.703655	
0.993102	0.988209	0.993094	4.33144e-05	0.0200599	0.993096	0.993102	0.537676	0.15377	0.993102	0.993102	2.89232e-13	0.992969	0.993102	0.993102	1.63576e-06	0.00097684	1.25985e-07	7.20112e-08	2.54193e-05	0.993074	0.991496	0.259482	0.837487	0.794651	0.263166	0.520076	0.637893	0.631363	0.637883	
0.993102	0.989355	0.993096	3.26979e-05	0.0150262	0.993097	0.993102	0.590053	0.116919	0.993102	0.993102	2.16692e-13	0.993002	0.993102	0.993102	1.22398e-06	0.000794637	9.6933e-08	5.38834e-08	1.95299e-05	0.993081	0.991899	0.224721	0.848871	0.805272	0.231158	0.570626	0.686293	0.679617	0.686283	
0.993102	0.990278	0.993098	2.45149e-05	0.0112457	0.993099	0.993102	0.574985	0.111554	0.993102	0.993102	1.62225e-13	0.993027	0.993102	0.993102	9.15862e-07	0.000671099	7.34463e-08	4.0319e-08	1.59547e-05	0.993086	0.992192	0.193034	0.879506	0.844958	0.20101	0.552162	0.700848	0.694764	0.70084	
0.993102	0.990973	0.993099	1.84021e-05	0.00841694	0.993099	0.993102	0.545557	0.107749	0.993102	0.993102	1.21437e-13	0.993046	0.993102	0.993102	6.85306e-07	0.000547252	5.55913e-08	3.01692e-08	1.37325e-05	0.99309	0.992416	0.165499	0.900726	0.873085	0.173937	0.521001	0.774093	0.768286	0.774085	
0.993102	0.991495	0.9931	1.38673e-05	0.00629899	0.9931	0.993102	0.449521	0.132524	0.993102	0.993102	9.08699e-14	0.99306	0.993102	0.993102	5.1279e-07	0.000415577	4.17354e-08	2.25745e-08	1.80382e-05	0.993092	0.992587	0.129443	0.911238	0.888363	0.13643	0.427311	0.768191	0.763011	0.768184	
0.993102	0.991861	0.9931	1.14704e-05	0.00472025	0.993101	0.993102	0.381895	0.103986	0.993102	0.993102	6.79968e-14	0.993071	0.993102	0.993102	3.83703e-07	0.000311995	3.13785e-08	1.68918e-08	2.03951e-05	0.993095	0.992716	0.100728	0.835433	0.810774	0.106372	0.361558	0.813062	0.808185	0.813055	
0.993102	0.992161	0.993101	1.09733e-05	0.00354293	0.993101	0.993102	0.306565	0.0830145	0.993102	0.993102	5.08802e-14	0.993079	0.993102	0.993102	2.87132e-07	0.000233567	2.35384e-08	1.26427e-08	3.21818e-05	0.993096	0.992814	0.0781753	0.72861	0.7045	0.0826829	0.289567	0.884329	0.879782	0.884323	
0.993102	0.992392	0.993101	1.53004e-05	0.00266291	0.993101	0.993102	0.234732	0.0691477	0.993102	0.993102	3.80718e-14	0.993085	0.993102	0.993102	2.15505e-07	0.000174775	1.76268e-08	9.74301e-09	9.4444e-05	0.993097	0.992886	0.0595286	0.592371	0.571687	0.0629995	0.221559	0.908748	0.904265	0.908743	
0.993102	0.992568	0.993101	3.40512e-05	0.00202319	0.993101	0.993102	0.178945	0.0553179	0.993102	0.993102	2.84878e-14	0.993089	0.993102	0.993102	1.76259e-07	0.000130779	1.31978e-08	1.56051e-08	0.000185329	0.993098	0.992941	0.0453801	0.459975	0.443689	0.0480556	0.168809	0.922561	0.918181	0.922556	
0.993102	0.9927	0.993102	7.7823e-05	0.00158481	0.993102	0.993102	0.136411	0.0434125	0.993102	0.993102	2.13164e-14	0.993092	0.993102	0.993102	3.13569e-07	9.78574e-05	9.88171e-09	1.15323e-07	0.000289853	0.993099	0.992981	0.0347936	0.351602	0.339132	0.0368721	0.12862	0.943323	0.939508	0.943318	
0.993102	0.9928	0.993102	0.000154967	0.00129556	0.993102	0.993102	0.103735	0.034112	0.993102	0.993102	1.59503e-14	0.993095	0.993102	0.993102	1.47527e-06	7.32232e-05	7.39821e-09	9.65051e-07	0.000446011	0.9931	0.993012	0.0267366	0.267133	0.257678	0.0283474	0.0977862	0.964713	0.96092	0.964708	
0.993102	0.992876	0.993102	0.000270787	0.0011071	0.993102	0.993102	0.0787064	0.0270801	0.993102	0.993102	1.1935e-14	0.993097	0.993102	0.993102	6.60822e-06	5.47903e-05	5.53846e-09	5.7417e-06	0.000685552	0.9931	0.993034	0.0205574	0.202419	0.195281	0.0218061	0.0741794	0.977215	0.973734	0.97721	
0.993102	0.992932	0.993102	0.000425499	0.00100567	0.993102	0.993102	0.0597373	0.0216436	0.993102	0.993102	8.93055e-15	0.993098	0.993102	0.993102	2.20925e-05	4.09976e-05	4.14627e-09	2.20539e-05	0.000965597	0.9931	0.993052	0.0158767	0.153229	0.14785	0.0168467	0.0562976	0.988763	0.985619	0.988758	
0.993102	0.992974	0.993102	0.00061227	0.000958743	0.993102	0.993102	0.0453676	0.0175107	0.993102	0.993102	6.68241e-15	0.993099	0.993102	0.993102	5.72509e-05	3.0677e-05	3.10412e-09	6.48427e-05	0.00129424	0.993101	0.993064	0.0123176	0.116002	0.111951	0.0130717	0.0427586	1.01695	1.01397	1.01695	
0.993102	0.993006	0.993102	0.000821397	0.000874436	0.993102	0.993102	0.0343263	0.0149746	0.993102	0.993102	5.00021e-15	0.9931	0.993102	0.993102	0.000121669	2.29545e-05	2.32362e-09	0.000200595	0.00197517	0.993101	0.993074	0.00948741	0.0878981	0.0848459	0.0100684	0.0323566	1.04083	1.03794	1.04082	
0.993102	0.99303	0.993102	0.00104873	0.000776328	0.993102	0.993102	0.0259196	0.0137349	0.993102	0.993102	3.74147e-15	0.9931	0.993102	0.993101	0.000220626	1.7176e-05	1.73924e-09	0.000533956	0.00310358	0.993101	0.993081	0.00727577	0.066696	0.0643964	0.00772102	0.0244362	1.04125	1.03846	1.04124	
0.993102	0.993048	0.993102	0.00129018	0.000724691	0.993102	0.993102	0.0196262	0.0124817	0.993102	0.993102	2.79961e-15	0.993101	0.993102	0.993101	0.000351909	1.28522e-05	1.30197e-09	0.000945717	0.00396897	0.993101	0.993086	0.0056238	0.0507065	0.0489737	0.00596726	0.0185084	1.05021	1.04761	1.05021	
0.993102	0.993061	0.993102	0.00152974	0.000679244	0.993102	0.993102	0.0148781	0.0117112	0.993102	0.993102	2.09484e-15	0.993101	0.993102	0.993101	0.000510897	9.61682e-06	9.74679e-10	0.00155505	0.00494664	0.993101	0.99309	0.00436205	0.0386649	0.037358	0.00462729	0.0140367	1.05164	1.0492	1.05164	
0.993102	0.993071	0.993102	0.00176148	0.00065533	0.993102	0.993102	0.011319	0.0110088	0.993102	0.993102	1.5675e-15	0.993101	0.993102	0.993101	0.000687884	7.19591e-06	7.29764e-10	0.00222651	0.00574482	0.993101	0.993093	0.00341591	0.0295989	0.0286121	0.00362199	0.0106861	1.05141	1.0491	1.05141	
0.993102	0.993079	0.993102	0.00197712	0.000649744	0.993102	0.993102	0.00865588	0.0103432	0.993102	0.993102	1.1729e-15	0.993102	0.993102	0.9931	0.000874167	5.38444e-06	5.46503e-10	0.00289469	0.00634215	0.993101	0.993096	0.0027108	0.0227779	0.0220314	0.00287232	0.00818026	1.03563	1.03342	1.03563	
0.993102	0.993084	0.993102	0.0021712	0.000717589	0.993102	0.993102	0.00673108	0.00921595	0.993102	0.993102	8.77639e-16	0.993102	0.993102	0.9931	0.00106193	4.02898e-06	4.09538e-10	0.00317011	0.0062458	0.993101	0.993097	0.00224342	0.0176492	0.017083	0.00237403	0.00637402	1.01419	1.01216	1.01418	
0.993102	0.993088	0.993102	0.00233297	0.000907473	0.993102	0.993102	0.00542525	0.00784213	0.993102	0.993102	6.56707e-16	0.993102	0.993102	0.9931	0.0012475	3.01474e-06	3.07376e-10	0.00308352	0.0056563	0.993101	0.993098	0.00201623	0.0138029	0.0133708	0.00212796	0.0051592	0.980256	0.978363	0.980251	
0.993102	0.993091	0.993102	0.00245763	0.00143002	0.993101	0.993102	0.00482196	0.00635004	0.993102	0.993102	4.91395e-16	0.993102	0.993102	0.993101	0.00142755	2.25582e-06	2.31841e-10	0.0026889	0.00473358	0.993101	0.993099	0.00219163	0.0109279	0.010594	0.00230159	0.00462968	0.95331	0.951583	0.953304	
0.993102	0.993094	0.993101	0.00254189	0.00237334	0.993101	0.993102	0.004909	0.00504003	0.993102	0.993102	3.67709e-16	0.993102	0.993102	0.993101	0.00159595	1.68795e-06	1.76662e-10	0.00223916	0.0038353	0.993101	0.9931	0.00284358	0.00879374	0.00852667	0.00296806	0.00478432	0.98085	0.979222	0.980844	
0.993102	0.993096	0.993101	0.00258793	0.00252885	0.993101	0.993102	0.00442357	0.00429422	0.993102	0.993102	2.75149e-16	0.993102	0.993102	0.993101	0.00174508	1.26304e-06	1.34057e-10	0.00206197	0.00337907	0.993101	0.993101	0.00284148	0.00722634	0.00699674	0.00295822	0.00434415	0.996484	0.994895	0.996479	
0.993102	0.993097	0.993101	0.00262008	0.00244934	0.993101	0.993102	0.00385879	0.00393297	0.993102	0.993102	2.05887e-16	0.993102	0.993102	0.993101	0.00187825	9.45086e-07	1.01678e-10	0.00208054	0.00322475	0.993101	0.993101	0.00265649	0.0060589	0.00585516	0.00276097	0.00381046	0.971018	0.969555	0.971013	
0.993102	0.993098	0.993101	0.00264779	0.00276955	0.993101	0.993102	0.00379876	0.00337239	0.993102	0.993102	1.54066e-16	0.993102	0.993102	0.993101	0.00199353	7.07176e-07	7.83549e-11	0.00188909	0.00283211	0.993101	0.993101	0.00287541	0.00518167	0.00499844	0.00297991	0.00378393	0.958405	0.957011	0.9584	
0.993102	0.993099	0.993101	0.00266246	0.00327875	0.993101	0.993102	0.00401346	0.00286236	0.993102	0.993102	1.15296e-16	0.993102	0.993102	0.993101	0.0020915	5.29157e-07	6.1572e-11	0.00167129	0.00244517	0.993101	0.993102	0.00330555	0.00453597	0.00436359	0.00341633	0.00403202	0.896587	0.895284	0.896582	
0.993102	0.993099	0.9931	0.00266405	0.00654255	0.9931	0.993102	0.00698813	0.0022426	0.993102	0.993102	8.64404e-17	0.993102	0.993102	0.993102	0.00217115	3.95959e-07	5.63019e-11	0.00132424	0.00192443	0.993101	0.993102	0.00644203	0.00406924	0.00389763	0.00662832	0.00711028	0.929086	0.927847	0.929081	
0.993102	0.9931	0.9931	0.00261879	0.00692396	0.9931	0.993102	0.00732527	0.00189915	0.993102	0.993102	6.47266e-17	0.993102	0.993102	0.993102	0.00220557	2.96287e-07	4.78293e-11	0.0011084	0.00162151	0.993101	0.993102	0.00693386	0.00381896	0.00359599	0.00712589	0.00747684	0.895965	0.894577	0.895961	
0.993102	0.9931	0.993099	0.00257538	0.00905593	0.993099	0.993102	0.00951877	0.00153791	0.993102	0.993102	4.86088e-17	0.993102	0.993102	0.993102	0.00223259	2.21712e-07	4.69399e-11	0.000888487	0.00130686	0.993101	0.993102	0.0092827	0.00364824	0.00337957	0.00953991	0.00973127	0.895296	0.894029	0.895291	
0.993102	0.9931	0.993098	0.00251128	0.0105334	0.993099	0.993102	0.0112171	0.00127707	0.993102	0.993102	3.65539e-17	0.993102	0.993102	0.993102	0.00222889	1.65909e-07	4.69273e-11	0.0007161	0.00107009	0.993101	0.993102	0.0111242	0.00359794	0.00325363	0.0114221	0.011483	0.828409	0.827052	0.828404	
0.993102	0.993101	0.993094	0.00243949	0.0211675	0.993096	0.993102	0.0233268	0.000991168	0.993102	0.993102	3.0005e-17	0.993102	0.993102	0.993102	0.00220754	1.24185e-07	8.14997e-11	0.000548003	0.000824888	0.993101	0.993102	0.023605	0.00362183	0.00318828	0.0242223	0.0238534	0.804803	0.803235	0.804798	
0.993102	0.993101	0.993089	0.00226168	0.0323106	0.993094	0.993102	0.0405959	0.000776982	0.993102	0.993102	2.93305e-17	0.993102	0.993102	0.993102	0.00206627	9.29915e-08	1.53116e-10	0.000413811	0.00063229	0.993101	0.993102	0.0414154	0.00418033	0.00335061	0.0425592	0.0413579	0.813741	0.812241	0.813736	
0.993102	0.993101	0.993089	0.00199787	0.0341643	0.993095	0.993102	0.050092	0.00065616	0.993102	0.993102	2.6755e-17	0.993102	0.993102	0.993102	0.00180477	6.96466e-08	2.11201e-10	0.000311439	0.000491059	0.9931	0.993102	0.0512475	0.00572255	0.00387378	0.0526677	0.0509394	0.788815	0.786966	0.78881	
0.993102	0.993101	0.993087	0.00174443	0.0389017	0.993095	0.993102	0.0685085	0.000548516	0.993102	0.993102	3.31045e-17	0.993102	0.993102	0.993102	0.00153388	5.22385e-08	3.23994e-10	0.00023375	0.000378282	0.9931	0.993102	0.0701034	0.00753677	0.00455317	0.0722051	0.0692223	0.801031	0.798906	0.801025	
0.993102	0.993101	0.993088	0.00147585	0.0364814	0.993096	0.993102	0.0763497	0.000528024	0.993102	0.993102	3.28187e-17	0.993102	0.993102	0.993102	0.00124408	3.9217e-08	3.86063e-10	0.000175298	0.000296824	0.993099	0.993102	0.0780825	0.0107826	0.00579641	0.0806488	0.0767122	0.768346	0.766286	0.768339	
0.993102	0.993101	0.993087	0.00124853	0.0391291	0.993097	0.993102	0.101472	0.000463216	0.993102	0.993102	5.41208e-17	0.993102	0.993102	0.993102	0.000997204	2.96485e-08	5.53398e-10	0.000131324	0.000229227	0.993099	0.993102	0.103455	0.0137891	0.00712898	0.106917	0.10132	0.786267	0.78427	0.786261	
0.993102	0.993101	0.993089	0.0010206	0.0343987	0.993098	0.993102	0.108792	0.000516414	0.993102	0.993102	5.48672e-17	0.993102	0.993102	0.993102	0.000771538	2.25173e-08	6.09867e-10	9.83423e-05	0.000181671	0.993099	0.993102	0.110719	0.0201329	0.0099209	0.11448	0.108253	0.795865	0.793933	0.795859	
0.993102	0.993101	0.993091	0.000837691	0.0293945	0.993098	0.993102	0.109279	0.000602534	0.993102	0.993102	5.07768e-17	0.993102	0.993102	0.993102	0.000594337	1.71975e-08	6.04011e-10	7.36622e-05	0.000148178	0.993099	0.993102	0.110965	0.0253693	0.0127123	0.114759	0.108429	0.781908	0.78023	0.781902	
0.993102	0.993101	0.993092	0.0006997	0.0267417	0.993099	0.993102	0.117454	0.000599238	0.993102	0.993102	5.48078e-17	0.993102	0.993102	0.993102	0.000459614	1.33801e-08	6.29235e-10	5.51814e-05	0.000120102	0.993099	0.993102	0.118852	0.0284155	0.0148426	0.122734	0.116308	0.815663	0.813984	0.815656	
0.993102	0.993101	0.993094	0.000585111	0.0220786	0.993099	0.993102	0.107472	0.000773672	0.993102	0.993102	4.5357e-17	0.993102	0.993102	0.993102	0.000354041	1.03354e-08	5.56659e-10	4.13835e-05	0.000107938	0.993099	0.993102	0.10855	0.0317508	0.0173602	0.112072	0.106265	0.844334	0.84248	0.844328	
0.993102	0.993101	0.993095	0.000512882	0.0179447	0.9931	0.993102	0.0918716	0.00100935	0.993102	0.993102	3.53164e-17	0.993102	0.993102	0.993102	0.000278609	7.89814e-09	4.60692e-10	3.12351e-05	0.000112754	0.993099	0.993102	0.0926344	0.0316411	0.0181179	0.095681	0.090695	0.824463	0.822743	0.824458	
0.993102	0.993101	0.993096	0.000486498	0.0163011	0.9931	0.993102	0.0854372	0.000948945	0.993102	0.993102	2.94487e-17	0.993102	0.993102	0.993102	0.000231759	6.10402e-09	4.05307e-10	2.37394e-05	0.000105838	0.993099	0.993102	0.0858504	0.0290188	0.0173138	0.0886702	0.0841856	0.853285	0.851719	0.85328	
0.993102	0.993101	0.993097	0.000480593	0.0140407	0.9931	0.993102	0.0735967	0.00100268	0.993102	0.993102	2.29875e-17	0.993102	0.993102	0.993102	0.00020248	4.66622e-09	3.36237e-10	1.86395e-05	0.000117378	0.9931	0.993102	0.0738183	0.0262795	0.0162684	0.0762217	0.072462	0.801896	0.8005	0.801891	
0.993102	0.993101	0.993096	0.000507426	0.0169132	0.993099	0.993102	0.0803374	0.000828954	0.993102	0.993102	2.46036e-17	0.993102	0.993102	0.993102	0.000195901	3.71879e-09	3.39653e-10	1.44757e-05	0.000101492	0.9931	0.993102	0.0802622	0.0231197	0.0147921	0.0826979	0.0790768	0.819007	0.817628	0.819002	
0.993102	0.993101	0.993096	0.000508562	0.016673	0.993099	0.993102	0.0785906	0.000754951	0.993102	0.993102	2.21575e-17	0.993102	0.993102	0.993102	0.000182644	2.95693e-09	3.20351e-10	1.13686e-05	9.51891e-05	0.9931	0.993102	0.0784211	0.02149	0.0140712	0.0807193	0.0773519	0.812276	0.811132	0.812271	
0.993102	0.993101	0.993096	0.0005138	0.0172217	0.993099	0.993102	0.0797231	0.000677672	0.993102	0.993102	2.14695e-17	0.993102	0.993102	0.993102	0.000175026	2.40515e-09	3.15084e-10	9.01484e-06	8.80492e-05	0.9931	0.993102	0.0794983	0.0201158	0.0134341	0.0816594	0.0785546	0.7803	0.779257	0.780295	
0.993102	0.993101	0.993094	0.000514562	0.0215418	0.993098	0.993102	0.0965355	0.000568587	0.993102	0.993102	3.36285e-17	0.993102	0.993102	0.993102	0.000168022	2.16829e-09	3.80209e-10	6.9994e-06	7.47599e-05	0.9931	0.993102	0.0962584	0.0192296	0.0130277	0.0985356	0.0953304	0.742605	0.741705	0.7426	
0.993102	0.993101	0.993091	0.000477795	0.0290297	0.993097	0.993102	0.139457	0.000469592	0.993102	0.993102	1.04441e-16	0.993102	0.993102	0.993102	0.000146334	2.6253e-09	6.19178e-10	5.2935e-06	6.01165e-05	0.9931	0.993102	0.139188	0.0207219	0.013902	0.141779	0.138178	0.75622	0.755352	0.756215	
0.993102	0.993101	0.993092	0.000396706	0.0260373	0.993097	0.993102	0.159087	0.000510357	0.993102	0.993102	1.24164e-16	0.993102	0.993102	0.993102	0.000113796	3.51493e-09	7.59605e-10	3.97232e-06	5.04624e-05	0.9931	0.993102	0.158884	0.0321599	0.0200051	0.161569	0.157796	0.70724	0.70642	0.707235	
0.993102	0.993101	0.993092	0.000323243	0.0271269	0.993098	0.993102	0.226004	0.000465013	0.993102	0.993102	4.18213e-16	0.993102	0.993102	0.993102	8.69875e-05	9.11632e-09	1.3129e-09	2.97441e-06	3.98132e-05	0.9931	0.993102	0.2257	0.0466813	0.0289205	0.228715	0.224521	0.701049	0.700282	0.701044	
0.993102	0.993101	0.993093	0.00024877	0.0226138	0.993098	0.993102	0.283803	0.00063389	0.993102	0.993102	7.28971e-16	0.993102	0.993102	0.993102	6.52184e-05	3.41788e-08	1.84488e-09	2.22577e-06	3.1603e-05	0.9931	0.993102	0.283386	0.104807	0.0676502	0.286595	0.282144	0.632256	0.631652	0.63225	
0.993102	0.993101	0.993094	0.000188317	0.0197954	0.993099	0.993102	0.405026	0.000682678	0.993102	0.993102	7.01184e-15	0.993102	0.993102	0.993102	4.88121e-05	4.00913e-07	4.50458e-09	1.66546e-06	2.41045e-05	0.9931	0.993102	0.404363	0.210631	0.154778	0.407299	0.403471	0.516012	0.515696	0.516007	
0.993102	0.993101	0.993095	0.000141103	0.0174139	0.993099	0.993102	0.546004	0.000726919	0.993102	0.993102	6.76022e-13	0.992411	0.993102	0.993102	3.65244e-05	4.58965e-05	3.36016e-08	1.24621e-06	1.80811e-05	0.9931	0.993102	0.545438	0.388335	0.33822	0.54768	0.544824	0.423817	0.42361	0.423811	
0.993102	0.993101	0.993097	0.000105594	0.0140164	0.9931	0.993102	0.657412	0.00108814	0.993102	0.993102	2.7201e-11	0.883879	0.993102	0.993102	2.73299e-05	0.00499303	2.07524e-07	9.32491e-07	1.35365e-05	0.9931	0.9931	0.656975	0.539276	0.50124	0.658657	0.656527	0.49702	0.496842	0.497014	
0.993102	0.993101	0.993098	7.90132e-05	0.0105126	0.9931	0.993102	0.737052	0.019583	0.993102	0.993102	2.17695e-11	0.908677	0.993102	0.993102	2.04499e-05	0.0148391	1.94722e-07	6.97749e-07	1.01594e-05	0.9931	0.992952	0.736629	0.653369	0.624859	0.737905	0.736383	0.584077	0.583876	0.584071	
0.993102	0.993101	0.993099	5.91231e-05	0.00786705	0.993101	0.993102	0.776097	0.163313	0.993102	0.993102	1.63194e-11	0.929913	0.993102	0.993102	1.53019e-05	0.0214098	1.52154e-07	5.221e-07	7.77571e-06	0.9931	0.989441	0.765386	0.738844	0.7175	0.766466	0.775542	0.644324	0.644028	0.644318	
0.993102	0.992939	0.9931	4.42426e-05	0.00588675	0.993101	0.993102	0.762229	0.213285	0.993102	0.993102	1.22114e-11	0.94582	0.993102	0.993102	1.14499e-05	0.0232363	1.15685e-07	3.90668e-07	6.398e-06	0.9931	0.974307	0.595682	0.802441	0.7864	0.596616	0.761582	0.691139	0.690799	0.691133	
0.993102	0.991789	0.9931	3.31157e-05	0.0044049	0.993101	0.993102	0.697754	0.230029	0.993102	0.993102	9.13733e-12	0.957722	0.993102	0.993102	8.56753e-06	0.0196649	8.72546e-08	2.92323e-07	6.26558e-06	0.993101	0.969562	0.449325	0.848917	0.836726	0.450049	0.696907	0.746171	0.745776	0.746164	
0.993102	0.98981	0.993101	2.4833e-05	0.0032961	0.993102	0.993102	0.58634	0.218173	0.993102	0.993102	6.83713e-12	0.966629	0.993102	0.993102	6.41077e-06	0.0149315	6.55128e-08	2.18735e-07	9.13081e-06	0.993101	0.974743	0.337079	0.877464	0.867654	0.337628	0.585368	0.817031	0.81652	0.817025	
0.993102	0.989204	0.993101	1.89749e-05	0.00246652	0.993102	0.993102	0.458074	0.190968	0.993102	0.993102	5.11598e-12	0.973293	0.993102	0.993102	4.79695e-06	0.0111785	4.90738e-08	1.63671e-07	2.51563e-05	0.993101	0.979356	0.252491	0.858261	0.84831	0.252904	0.457176	0.810298	0.809612	0.810289	
0.993102	0.989703	0.993101	1.71661e-05	0.00184813	0.993102	0.993102	0.364644	0.146407	0.993102	0.993102	3.8281e-12	0.97828	0.993102	0.993102	3.58938e-06	0.008365	3.67797e-08	1.22469e-07	3.48371e-05	0.993101	0.982817	0.189455	0.730284	0.720064	0.189771	0.36371	0.834851	0.83398	0.834842	
0.993102	0.990478	0.993102	2.07312e-05	0.00139288	0.993102	0.993102	0.286713	0.111704	0.993102	0.993102	2.86443e-12	0.982011	0.993102	0.993102	2.68582e-06	0.00625927	2.7557e-08	9.16508e-08	5.22325e-05	0.993101	0.985406	0.142545	0.588487	0.579575	0.142796	0.285794	0.865359	0.864374	0.865351	
0.993102	0.991119	0.993102	3.42362e-05	0.00106804	0.993102	0.993102	0.222264	0.0852456	0.993102	0.993102	2.14335e-12	0.984803	0.993102	0.993102	2.01043e-06	0.00468359	2.06393e-08	6.90592e-08	8.72457e-05	0.993101	0.987343	0.107512	0.459799	0.452642	0.107717	0.221434	0.86691	0.865908	0.866901	
0.993102	0.991611	0.993102	6.56651e-05	0.000889942	0.993102	0.993102	0.173808	0.0645856	0.993102	0.993102	1.60379e-12	0.986892	0.993102	0.993102	1.52052e-06	0.00350456	1.54623e-08	5.82403e-08	0.000114975	0.993101	0.988793	0.0818448	0.353485	0.347941	0.0820263	0.173049	0.8755	0.874531	0.875492	
0.993102	0.991983	0.993102	0.000119039	0.000867407	0.993102	0.993102	0.136393	0.0488698	0.993102	0.993102	1.20006e-12	0.988456	0.993102	0.993102	1.30723e-06	0.00262234	1.15855e-08	9.80012e-08	0.000145073	0.993101	0.989878	0.0630177	0.269981	0.265739	0.0631883	0.135715	0.936233	0.935127	0.936226	
0.993102	0.992263	0.993102	0.000197176	0.000775614	0.993102	0.993102	0.103971	0.0377519	0.993102	0.993102	8.97959e-13	0.989625	0.993102	0.993102	2.01933e-06	0.0019622	8.67367e-09	8.91288e-07	0.000307575	0.993101	0.990689	0.0478789	0.205594	0.202361	0.0480227	0.103427	0.960477	0.959203	0.960471	
0.993102	0.992474	0.993102	0.000313551	0.000729635	0.993102	0.993102	0.0789776	0.0295062	0.993102	0.993102	6.7191e-13	0.990501	0.993102	0.993102	6.28986e-06	0.00146824	6.49304e-09	5.52582e-06	0.000553698	0.993101	0.991297	0.036384	0.156182	0.153728	0.0365061	0.0785458	0.981717	0.980243	0.981711	
0.993102	0.992631	0.993102	0.000467702	0.000707236	0.993102	0.993102	0.0598671	0.0234579	0.993102	0.993102	5.02766e-13	0.991155	0.993102	0.993102	2.01401e-05	0.00109863	4.86036e-09	2.43115e-05	0.00090992	0.993101	0.991751	0.0276553	0.118545	0.116684	0.0277596	0.0595264	0.969465	0.967722	0.969458	
0.993102	0.992749	0.993102	0.000654419	0.000831947	0.993102	0.993102	0.0457776	0.0183901	0.993102	0.993102	3.76201e-13	0.991646	0.993102	0.993102	5.28936e-05	0.000822066	3.6392e-09	5.20438e-05	0.00107012	0.993101	0.992091	0.0213138	0.0899975	0.0885877	0.0214138	0.0454982	0.96676	0.964664	0.966752	
0.993102	0.992837	0.993102	0.000856976	0.0010475	0.993101	0.993102	0.0352854	0.0144298	0.993102	0.993102	2.81498e-13	0.992012	0.993102	0.993102	0.000114373	0.000615122	2.72557e-09	9.49553e-05	0.0011709	0.993101	0.992346	0.0166726	0.0684265	0.0673541	0.0167785	0.0350473	0.991414	0.989317	0.991407	
0.993102	0.992904	0.993102	0.00106311	0.00110539	0.993102	0.993102	0.0270314	0.0117618	0.993102	0.993102	2.10634e-13	0.992287	0.993102	0.993102	0.000210277	0.000460274	2.04097e-09	0.000210506	0.00148413	0.993101	0.992536	0.0129548	0.0521574	0.0513355	0.0130546	0.0268379	1.00936	1.00699	1.00935	
0.993102	0.992953	0.993102	0.00127102	0.00109323	0.993102	0.993102	0.0206642	0.0100426	0.993102	0.993102	1.5761e-13	0.992492	0.993102	0.993102	0.000343019	0.000344406	1.52824e-09	0.000434423	0.0019836	0.993101	0.992679	0.0100469	0.0398841	0.0392507	0.0101388	0.0205082	1.01101	1.00847	1.01101	
0.993102	0.99299	0.993102	0.00147718	0.00111159	0.993102	0.993102	0.0158839	0.0086883	0.993102	0.993102	1.17934e-13	0.992646	0.993102	0.993101	0.000507419	0.000257706	1.14455e-09	0.000694511	0.00239042	0.993101	0.992785	0.00787148	0.0306244	0.0301339	0.00795872	0.0157566	1.02622	1.0239	1.02621	
0.993102	0.993018	0.993102	0.00167331	0.00107113	0.993102	0.993102	0.0121952	0.00797872	0.993102	0.993102	8.82456e-14	0.99276	0.993102	0.993101	0.000692803	0.000192832	8.57174e-10	0.00113038	0.00302031	0.993101	0.992865	0.00615819	0.0236445	0.0232616	0.00623624	0.0120949	1.0344	1.03209	1.0344	
0.993102	0.993039	0.993102	0.0018596	0.00102114	0.993102	0.993102	0.00938737	0.00760741	0.993102	0.993102	6.6031e-14	0.992847	0.993102	0.993101	0.000888966	0.000144289	6.42027e-10	0.0016828	0.00371512	0.993101	0.992925	0.00483898	0.018379	0.0180782	0.00490836	0.00930897	1.03657	1.03429	1.03656	
0.993102	0.993055	0.993102	0.00203401	0.000987401	0.993102	0.993102	0.00727433	0.0073179	0.993102	0.993102	4.94086e-14	0.992911	0.993102	0.993101	0.00108518	0.000107967	4.8101e-10	0.00224188	0.00430465	0.993101	0.992969	0.00384373	0.0144058	0.0141678	0.00390606	0.00721362	1.0229	1.02055	1.02289	
0.993102	0.993066	0.993102	0.00219297	0.00104601	0.993102	0.993102	0.00577061	0.00667104	0.993102	0.993102	3.69707e-14	0.992959	0.993102	0.993101	0.00127515	8.07874e-05	3.60713e-10	0.00249396	0.00438681	0.993101	0.993003	0.0031707	0.011409	0.0112189	0.00323153	0.0057232	1.01682	1.01446	1.01681	
0.993102	0.993075	0.993102	0.00232782	0.00114127	0.993102	0.993102	0.00468657	0.00603411	0.993102	0.993102	2.76638e-14	0.992995	0.993102	0.993101	0.00145618	6.04503e-05	2.708e-10	0.00263545	0.00431857	0.993101	0.993028	0.00270948	0.00915665	0.00900181	0.00277127	0.00464999	1.01569	1.01358	1.01568	
0.993102	0.993082	0.993102	0.00243862	0.00122977	0.993102	0.993102	0.00388282	0.00552234	0.993102	0.993102	2.06998e-14	0.993022	0.993102	0.993101	0.00162183	4.52327e-05	2.03541e-10	0.00276185	0.00424718	0.993101	0.993047	0.00237646	0.00746695	0.00733748	0.00243779	0.00385716	0.985788	0.983496	0.985774	
0.993102	0.993086	0.993102	0.0025287	0.00161533	0.993101	0.993102	0.00358686	0.00468682	0.993102	0.993102	1.54889e-14	0.993042	0.993102	0.993101	0.00177425	3.3846e-05	1.53959e-10	0.00251432	0.00373886	0.993101	0.993061	0.0024187	0.00620004	0.00608864	0.00249472	0.00356985	1.00616	1.00388	1.00615	
0.993102	0.99309	0.993102	0.00259107	0.00167516	0.993101	0.993102	0.00313689	0.00435517	0.993102	0.993102	1.15898e-14	0.993057	0.993102	0.993101	0.00191101	2.53257e-05	1.16311e-10	0.00255779	0.00364121	0.993101	0.993071	0.00224348	0.0052635	0.00516064	0.00232073	0.00312646	0.979537	0.977267	0.979523	
0.993102	0.993093	0.993101	0.00264114	0.00205511	0.993101	0.993102	0.00311684	0.00375675	0.993102	0.993102	8.67223e-15	0.993069	0.993102	0.993101	0.00202984	1.89503e-05	8.89194e-11	0.00231885	0.00322116	0.993101	0.993079	0.00242132	0.00456195	0.00446483	0.00251371	0.00311418	0.986692	0.984671	0.986679	
0.993102	0.993095	0.993101	0.00267194	0.00223378	0.993101	0.993102	0.00299881	0.00339359	0.993102	0.993102	6.48912e-15	0.993077	0.993102	0.993101	0.00212927	1.41798e-05	6.81825e-11	0.00220185	0.00298364	0.993101	0.993085	0.00246338	0.00404908	0.00395119	0.00255948	0.00300528	0.964034	0.962079	0.96402	
0.993102	0.993096	0.993101	0.00269244	0.002768	0.993101	0.993102	0.00329042	0.00291256	0.993102	0.993102	4.85558e-15	0.993083	0.993102	0.993101	0.00221315	1.06103e-05	5.36179e-11	0.00194536	0.00259752	0.993101	0.993089	0.00287427	0.00367068	0.00356983	0.00298738	0.00331058	0.9743	0.972447	0.974287	
0.993102	0.993098	0.993101	0.00269774	0.0029601	0.993101	0.993102	0.00331467	0.00264869	0.993102	0.993102	3.63326e-15	0.993088	0.993102	0.993101	0.00228053	7.93928e-06	4.22591e-11	0.00181402	0.00239181	0.993101	0.993092	0.0029991	0.00340448	0.00329401	0.00311587	0.00334434	0.986229	0.98456	0.986217	
0.993102	0.993098	0.993101	0.00269794	0.00291543	0.993101	0.993102	0.00315226	0.00258093	0.993102	0.993102	2.71864e-15	0.993092	0.993102	0.993101	0.00233387	5.94067e-06	3.33121e-11	0.00181166	0.00235844	0.993101	0.993095	0.00291646	0.00321165	0.00309121	0.00302674	0.00318855	0.961662	0.960249	0.961651	
0.993102	0.993099	0.993101	0.00269937	0.00332812	0.993101	0.993102	0.00345524	0.00229515	0.993102	0.993102	2.03427e-15	0.993094	0.993102	0.993101	0.00237494	4.44519e-06	2.76878e-11	0.00163723	0.002113	0.993101	0.993097	0.00328083	0.00306553	0.00293828	0.00339494	0.00351104	0.981226	0.979823	0.981215	
0.993102	0.9931	0.993101	0.00269254	0.00326214	0.993101	0.993102	0.00332792	0.00226597	0.993102	0.993102	1.52218e-15	0.993096	0.993102	0.993101	0.00240675	3.32618e-06	2.26006e-11	0.00163307	0.00209578	0.993101	0.993098	0.00320308	0.00296957	0.00283124	0.00330985	0.00338926	0.968722	0.967357	0.96871	
0.993102	0.9931	0.993101	0.00268856	0.00343358	0.993101	0.993102	0.00344294	0.00212123	0.993102	0.993102	1.139e-15	0.993098	0.993102	0.993101	0.00243263	2.48886e-06	1.93262e-11	0.00154204	0.00196914	0.993101	0.993099	0.00335722	0.00289555	0.0027499	0.00346379	0.00351459	0.97397	0.972648	0.973959	
0.993102	0.9931	0.993101	0.00268199	0.00346119	0.993101	0.993102	0.00343446	0.00206363	0.993102	0.993102	8.5228e-16	0.993099	0.993102	0.993101	0.00245243	1.86233e-06	1.66431e-11	0.00150673	0.00191864	0.993101	0.9931	0.00337969	0.002846	0.00269233	0.00348276	0.00351195	0.994275	0.993099	0.994266	
0.993102	0.9931	0.993101	0.00267625	0.00318485	0.993101	0.993102	0.00314238	0.00225751	0.993102	0.993102	6.37734e-16	0.9931	0.993102	0.993101	0.00246654	1.39351e-06	1.39081e-11	0.00165808	0.0021032	0.993101	0.9931	0.00310829	0.00281	0.00264986	0.00319926	0.00321793	0.986192	0.985063	0.986183	
0.993102	0.993101	0.993101	0.00267832	0.00308619	0.993101	0.993102	0.00302409	0.00228662	0.993102	0.993102	4.77198e-16	0.9931	0.993102	0.993101	0.00247779	1.04272e-06	1.21077e-11	0.00170046	0.00214181	0.993101	0.993101	0.00300398	0.00277281	0.00261196	0.0030876	0.00310182	1.00047	0.999297	1.00046	
0.993102	0.993101	0.993101	0.00268191	0.00283938	0.993101	0.993102	0.0027688	0.00250199	0.993102	0.993102	3.57072e-16	0.993101	0.993102	0.993101	0.00248818	7.80227e-07	1.03355e-11	0.00188735	0.00235789	0.993101	0.993101	0.00275752	0.00274169	0.00258175	0.00283224	0.00284249	0.981558	0.980628	0.981548	
0.993102	0.993101	0.993101	0.00269109	0.00290161	0.993101	0.993102	0.00280962	0.00240431	0.993102	0.993102	2.6719e-16	0.993101	0.993102	0.993101	0.0024936	5.83818e-07	9.58648e-12	0.00184238	0.00228227	0.993101	0.993101	0.00280352	0.0027089	0.00255329	0.00287342	0.00289114	0.958116	0.957252	0.958105	
0.993102	0.993101	0.993101	0.00269632	0.00340988	0.993101	0.993102	0.00327921	0.00213321	0.993102	0.993102	1.99943e-16	0.993101	0.993102	0.993101	0.00249805	4.36852e-07	1.01374e-11	0.00164755	0.00203215	0.993101	0.993102	0.00328086	0.00268699	0.00253371	0.00335393	0.00338404	0.976098	0.97523	0.976088	
0.993102	0.993101	0.993101	0.00269036	0.00340931	0.993101	0.993102	0.00327616	0.00208684	0.993102	0.993102	1.49617e-16	0.993102	0.993102	0.993101	0.00249956	3.26883e-07	9.67519e-12	0.00160703	0.00198518	0.993101	0.993102	0.00328633	0.00268726	0.00252833	0.00335568	0.00338526	0.97976	0.978969	0.979749	
0.993102	0.993101	0.993101	0.00268516	0.00334847	0.993101	0.993102	0.00321607	0.00208898	0.993102	0.993102	1.11959e-16	0.993102	0.993102	0.993101	0.00250022	2.44596e-07	9.18195e-12	0.00160572	0.00198522	0.993101	0.993102	0.0032326	0.00268802	0.00252486	0.00329695	0.00332737	1.00008	0.999273	1.00007	
0.993102	0.993101	0.993101	0.00268197	0.00303776	0.993101	0.993102	0.00291629	0.00235262	0.993102	0.993102	8.37775e-17	0.993102	0.993102	0.993101	0.00250153	1.83024e-07	8.16269e-12	0.00180838	0.00223505	0.993101	0.993102	0.00293454	0.00268694	0.00252147	0.0029912	0.00301911	1.02516	1.02432	1.02515	
0.993102	0.993101	0.993101	0.00268709	0.00259753	0.993101	0.993102	0.00249116	0.00303976	0.993102	0.993102	6.26887e-17	0.993102	0.993102	0.993101	0.00250312	1.36951e-07	6.88555e-12	0.00237136	0.00290772	0.993101	0.993102	0.00250672	0.00267446	0.00251187	0.00255443	0.00257974	1.04051	1.03976	1.0405	
0.993102	0.993101	0.993101	0.00270633	0.00218449	0.993101	0.993102	0.00209141	0.00395498	0.993102	0.993102	4.69082e-17	0.993102	0.993102	0.993101	0.00249993	1.02476e-07	5.71926e-12	0.00319487	0.00385215	0.993101	0.993102	0.00210136	0.00264486	0.00249097	0.00214055	0.00216669	1.10338	1.10266	1.10337	
0.993102	0.993101	0.993102	0.00273976	0.0017037	0.993102	0.993102	0.00162961	0.00857172	0.993102	0.993102	3.50997e-17	0.993102	0.993102	0.993099	0.0024909	7.66792e-08	4.4394e-12	0.00743903	0.00868094	0.993101	0.993102	0.00163544	0.00260104	0.0024595	0.00166568	0.00168857	1.09158	1.09076	1.09157	
0.993102	0.993101	0.993102	0.00284199	0.00136319	0.993102	0.993102	0.00130121	0.0104154	0.993102	0.993102	2.62639e-17	0.993102	0.993102	0.993098	0.0024366	5.73765e-08	3.5222e-12	0.00967684	0.0111011	0.993101	0.993102	0.00129654	0.00250291	0.00237854	0.00132039	0.00134853	1.08478	1.08388	1.08477	
0.993102	0.993101	0.993102	0.00295691	0.00112216	0.993102	0.993102	0.00106721	0.011129	0.993102	0.993102	1.96524e-17	0.993102	0.993102	0.993098	0.00238194	4.2933e-08	2.86307e-12	0.010909	0.0123438	0.993101	0.993102	0.00105054	0.00240224	0.00229514	0.00106986	0.00110633	1.09456	1.09379	1.09455	
0.993102	0.993101	0.993102	0.00306263	0.000924241	0.993102	0.993102	0.000875314	0.0122689	0.993102	0.993102	1.47052e-17	0.993102	0.993102	0.993098	0.00233678	3.21254e-08	2.32811e-12	0.0126934	0.0141402	0.993101	0.993102	0.000851254	0.0023145	0.00222308	0.000866742	0.000908017	1.10075	1.09995	1.10074	
0.993102	0.993101	0.993102	0.00316828	0.000766754	0.993102	0.993102	0.000722653	0.013502	0.993102	0.993102	1.10034e-17	0.993102	0.993102	0.993097	0.0022951	2.40384e-08	1.9052e-12	0.01468	0.0161273	0.993101	0.993102	0.000693252	0.00223332	0.00215589	0.000705759	0.000750263	1.11606	1.11541	1.11606	
0.993102	0.993101	0.993102	0.00327568	0.000629371	0.993102	0.993102	0.000590464	0.0157475	0.993102	0.993102	8.23348e-18	0.993102	0.993102	0.993096	0.0022529	1.79872e-08	1.54508e-12	0.0180691	0.0195577	0.993101	0.993102	0.000559171	0.00215738	0.00209218	0.000569068	0.000613692	1.11595	1.11524	1.11594	
0.993102	0.993101	0.993102	0.00340403	0.000526968	0.993102	0.993102	0.000491559	0.01715	0.993102	0.993102	6.16083e-18	0.993102	0.993102	0.993096	0.00220186	1.34593e-08	1.2753e-12	0.0206526	0.0221234	0.993101	0.993102	0.000457155	0.00207675	0.0020223	0.000465116	0.000511569	1.12259	1.12204	1.12258	
0.993102	0.9931	0.993102	0.00353403	0.000443599	0.993102	0.993102	0.000411256	0.0187361	0.993102	0.993102	4.60994e-18	0.993102	0.993102	0.993095	0.00215135	1.00712e-08	1.05814e-12	0.0236588	0.0250917	0.993101	0.993102	0.000375065	0.00200185	0.00195652	0.000381387	0.00042879	1.12925	1.12874	1.12925	
0.993102	0.9931	0.993102	0.00366992	0.000375249	0.993102	0.993102	0.000345649	0.0205126	0.993102	0.993102	3.44946e-18	0.993102	0.993102	0.993094	0.00210082	7.53601e-09	8.82294e-13	0.0271079	0.0285072	0.993101	0.993102	0.000308622	0.00193044	0.0018928	0.000313643	0.000361136	1.12842	1.12793	1.12841	
0.993102	0.9931	0.993102	0.00381569	0.000325011	0.993102	0.993102	0.00029709	0.0215011	0.993102	0.993102	2.58112e-18	0.993102	0.993102	0.993094	0.00204888	5.63902e-09	7.51861e-13	0.029603	0.0309332	0.993101	0.993102	0.000258382	0.00186082	0.00182963	0.000262412	0.000311207	1.13243	1.13195	1.13242	
0.993102	0.9931	0.993102	0.00395345	0.00028417	0.993102	0.993102	0.000257688	0.0226001	0.993102	0.993102	1.93137e-18	0.993102	0.993102	0.993093	0.00200375	4.21957e-09	6.46865e-13	0.0322761	0.0335464	0.993101	0.993102	0.000218178	0.00179979	0.0017739	0.000221434	0.000270697	1.13999	1.13945	1.13998	
0.993102	0.9931	0.993102	0.00408788	0.000247987	0.993102	0.993102	0.000223156	0.0242903	0.993102	0.993102	1.44518e-18	0.993102	0.993102	0.993093	0.00196317	3.15743e-09	5.56219e-13	0.0358965	0.0371489	0.993101	0.993102	0.000184146	0.00174465	0.00172309	0.000186808	0.000235041	1.14442	1.1439	1.14442	
0.993102	0.9931	0.993102	0.00423421	0.000218021	0.993102	0.993102	0.000194669	0.0259458	0.993102	0.993102	1.08138e-18	0.993102	0.993102	0.993092	0.00192001	2.36266e-09	4.8204e-13	0.0397003	0.0409365	0.993101	0.993102	0.000156273	0.00168965	0.00167168	0.00015846	0.000205612	1.14498	1.14455	1.14498	
0.993102	0.9931	0.993102	0.00439087	0.000195351	0.993102	0.993102	0.000172964	0.0269999	0.993102	0.993102	8.09162e-19	0.993102	0.993102	0.993092	0.00187509	1.76796e-09	4.25573e-13	0.0427625	0.0439476	0.993101	0.993102	0.000134616	0.00163557	0.00162056	0.000136408	0.000183311	1.14962	1.14928	1.14962	
0.993102	0.993099	0.993102	0.00454236	0.000175635	0.993102	0.993102	0.000154225	0.0283144	0.993102	0.993102	6.05471e-19	0.993102	0.993102	0.993091	0.00183448	1.32297e-09	3.77355e-13	0.0463349	0.0474641	0.993101	0.993102	0.000116507	0.00158705	0.00157446	0.000117959	0.000164057	1.14384	1.1435	1.14384	
0.993102	0.993099	0.993102	0.00469731	0.000164609	0.993102	0.993102	0.000143161	0.0282488	0.993102	0.993102	4.53057e-19	0.993102	0.993102	0.993091	0.00179559	9.9e-10	3.48276e-13	0.0475741	0.0486233	0.993101	0.993102	0.000104432	0.00154106	0.00153045	0.000105639	0.00015295	1.1489	1.14855	1.1489	
0.993102	0.993099	0.993102	0.00481986	0.000153264	0.993102	0.993102	0.000132132	0.0289351	0.993102	0.993102	3.3901e-19	0.993102	0.993102	0.993091	0.00176977	7.40846e-10	3.19975e-13	0.0498475	0.0508482	0.993101	0.993102	9.37565e-05	0.00150696	0.00149791	9.47691e-05	0.000141733	1.15624	1.1559	1.15623	
0.993102	0.993099	0.993102	0.00493626	0.000140738	0.993102	0.993102	0.000120414	0.0305132	0.993102	0.993102	2.53672e-19	0.993102	0.993102	0.99309	0.00174673	5.54405e-10	2.90559e-13	0.0537039	0.0546854	0.993101	0.993102	8.34541e-05	0.00147648	0.00146868	8.43024e-05	0.00012962	1.15638	1.15605	1.15638	
0.993102	0.993099	0.993102	0.00507246	0.000131357	0.993102	0.993102	0.000111535	0.0314459	0.993102	0.993102	1.89817e-19	0.993102	0.993102	0.99309	0.00171829	4.14897e-10	2.68271e-13	0.0566839	0.0576373	0.993101	0.993102	7.52953e-05	0.00144268	0.00143593	7.60146e-05	0.000120495	1.15478	1.15446	1.15478	
0.993102	0.993099	0.993102	0.00520806	0.000125262	0.993102	0.993102	0.000105526	0.0317291	0.993102	0.993102	1.42036e-19	0.993102	0.993102	0.99309	0.00169165	3.10511e-10	2.53091e-13	0.0584788	0.0593961	0.993101	0.993102	6.93622e-05	0.00141104	0.00140515	6.99847e-05	0.000114432	1.16006	1.15977	1.16006	
0.993102	0.993098	0.993102	0.00532536	0.000118067	0.993102	0.993102	9.87647e-05	0.0327648	0.993102	0.993102	1.06283e-19	0.993102	0.993102	0.993089	0.00167145	2.32396e-10	2.36354e-13	0.0615427	0.0624386	0.993101	0.993102	6.35522e-05	0.00138541	0.00138022	6.40873e-05	0.000107475	1.16105	1.16071	1.16105	
0.993102	0.993098	0.993102	0.00544987	0.000112264	0.993102	0.993102	9.32705e-05	0.0335392	0.993102	0.993102	7.95302e-20	0.993102	0.993102	0.993089	0.00165038	1.73945e-10	2.22792e-13	0.0641952	0.0650898	0.993101	0.993102	5.87412e-05	0.0013594	0.00135479	5.92201e-05	0.000101816	1.16337	1.16304	1.16336	
0.993102	0.993098	0.993102	0.00557331	0.000106901	0.993102	0.993102	8.82379e-05	0.0343841	0.993102	0.993102	5.95117e-20	0.993102	0.993102	0.993089	0.0016303	1.30206e-10	2.10453e-13	0.0670312	0.0679208	0.993101	0.993102	5.44716e-05	0.00133492	0.00133078	5.4899e-05	9.66241e-05	1.16212	1.1618	1.16212	
0.993102	0.993098	0.993102	0.00569864	0.000103525	0.993102	0.993102	8.48907e-05	0.0346467	0.993102	0.993102	4.45327e-20	0.993102	0.993102	0.993088	0.00161057	9.74783e-11	2.02208e-13	0.0687709	0.0696448	0.993101	0.993102	5.13613e-05	0.00131121	0.00130747	5.17493e-05	9.32573e-05	1.16283	1.16249	1.16283	
0.993102	0.993098	0.993102	0.00580819	0.000100728	0.993102	0.993102	8.20749e-05	0.0349216	0.993102	0.993102	3.33244e-20	0.993102	0.993102	0.993088	0.00159587	7.2989e-11	1.95298e-13	0.070359	0.0712264	0.993101	0.993102	4.88306e-05	0.0012918	0.00128839	4.91912e-05	9.04371e-05	1.16645	1.16611	1.16645	
0.993102	0.993098	0.993102	0.00590549	9.70569e-05	0.993102	0.993102	7.86321e-05	0.0357275	0.993102	0.993102	2.49373e-20	0.993102	0.993102	0.993088	0.00158452	5.4661e-11	1.86957e-13	0.0728948	0.0737714	0.993101	0.993102	4.61564e-05	0.00127554	0.00127239	4.64929e-05	8.68784e-05	1.16802	1.16766	1.16802	
0.993102	0.993098	0.993102	0.00600972	9.36842e-05	0.993102	0.993102	7.54932e-05	0.0364728	0.993102	0.993102	1.86615e-20	0.993102	0.993102	0.993088	0.00157142	4.09455e-11	1.79379e-13	0.0754183	0.0763091	0.993101	0.993102	4.37101e-05	0.0012584	0.00125547	4.40279e-05	8.3619e-05	1.16504	1.1646	1.16504	
0.993102	0.993097	0.993102	0.00611825	9.25001e-05	0.993102	0.993102	7.41291e-05	0.036372	0.993102	0.993102	1.39657e-20	0.993102	0.993102	0.993088	0.00155822	3.06855e-11	1.7604e-13	0.0762042	0.0771242	0.993101	0.993102	4.22981e-05	0.00124103	0.00123832	4.26225e-05	8.22857e-05	1.16797	1.16754	1.16797	
0.993102	0.993097	0.993102	0.00620326	9.03869e-05	0.993102	0.993102	7.20692e-05	0.0368387	0.993102	0.993102	1.04517e-20	0.993102	0.993102	0.993088	0.00155069	2.30056e-11	1.71077e-13	0.0779328	0.0788814	0.993101	0.993102	4.07145e-05	0.00122863	0.00122607	4.10367e-05	8.01717e-05	1.17097	1.17061	1.17097	
0.993102	0.993097	0.993102	0.00628762	8.7606e-05	0.993102	0.993102	6.95335e-05	0.0376536	0.993102	0.993102	7.8222e-21	0.993102	0.993102	0.993087	0.00154224	1.72564e-11	1.65005e-13	0.0804727	0.0814244	0.993101	0.993102	3.89218e-05	0.00121655	0.00121412	3.92245e-05	7.75309e-05	1.17286	1.17247	1.17286	
0.993102	0.993097	0.993102	0.00638332	8.48192e-05	0.993102	0.993102	6.70329e-05	0.0384766	0.993102	0.993102	5.85448e-21	0.993102	0.993102	0.993087	0.00153122	1.29529e-11	1.5903e-13	0.0831753	0.0841441	0.993101	0.993102	3.71357e-05	0.00120268	0.00120037	3.74245e-05	7.48972e-05	1.17249	1.17208	1.17249	
0.993102	0.993097	0.993102	0.00648917	8.29156e-05	0.993102	0.993102	6.52447e-05	0.0388627	0.993102	0.993102	4.3821e-21	0.993102	0.993102	0.993087	0.00151844	9.73303e-12	1.54753e-13	0.0850767	0.0860635	0.993101	0.993102	3.5727e-05	0.0011875	0.0011853	3.60087e-05	7.30444e-05	1.17276	1.17235	1.17276	
0.993102	0.993097	0.993102	0.0065889	8.14287e-05	0.993102	0.993102	6.37941e-05	0.0391285	0.993102	0.993102	3.28035e-21	0.993102	0.993102	0.993087	0.0015076	7.32353e-12	1.51284e-13	0.0866567	0.0876572	0.993101	0.993102	3.45697e-05	0.00117391	0.00117182	3.48454e-05	7.15662e-05	1.17311	1.17274	1.17311	
0.993102	0.993097	0.993102	0.00667966	8.02198e-05	0.993102	0.993102	6.25745e-05	0.0393351	0.993102	0.993102	2.45593e-21	0.993102	0.993102	0.993087	0.00149871	5.52028e-12	1.4837e-13	0.0880471	0.0890402	0.993101	0.993102	3.36078e-05	0.00116222	0.00116021	3.38718e-05	7.03562e-05	1.17147	1.17104	1.17147	
0.993102	0.993097	0.993102	0.00676115	7.9993e-05	0.993102	0.993102	6.21273e-05	0.0391512	0.993102	0.993102	1.83913e-21	0.993102	0.993102	0.993087	0.00149233	4.17236e-12	1.47291e-13	0.0884218	0.0894272	0.993101	0.993102	3.31123e-05	0.00115228	0.00115035	3.3379e-05	6.99881e-05	1.17409	1.1737	1.17409	
0.993102	0.993097	0.993102	0.00682141	7.88353e-05	0.993102	0.993102	6.09879e-05	0.039543	0.993102	0.993102	1.37747e-21	0.993102	0.993102	0.993086	0.00148984	3.16159e-12	1.44577e-13	0.0898524	0.090861	0.993101	0.993102	3.23629e-05	0.00114588	0.001144	3.26222e-05	6.88407e-05	1.17457	1.17417	1.17457	
0.993102	0.993096	0.993102	0.00688456	7.78106e-05	0.993102	0.993102	5.99794e-05	0.0398563	0.993102	0.993102	1.03199e-21	0.993102	0.993102	0.993086	0.00148609	2.40491e-12	1.42176e-13	0.0911502	0.092169	0.993101	0.993102	3.16709e-05	0.00113887	0.00113704	3.19262e-05	6.78193e-05	1.17585	1.17545	1.17585	
0.993102	0.993096	0.993102	0.00694747	7.65928e-05	0.993102	0.993102	5.88453e-05	0.0402814	0.993102	0.993102	7.7341e-22	0.993102	0.993102	0.993086	0.00148189	1.83772e-12	1.39479e-13	0.09271	0.0937397	0.993101	0.993102	3.09198e-05	0.00113186	0.00113008	3.11696e-05	6.66445e-05	1.17522	1.17476	1.17521	
0.993102	0.993096	0.993102	0.00701432	7.59396e-05	0.993102	0.993102	5.8157e-05	0.0403998	0.993102	0.993102	5.79947e-22	0.993102	0.993102	0.993086	0.00147695	1.41385e-12	1.3784e-13	0.0936033	0.0946615	0.993101	0.993102	3.03878e-05	0.00112423	0.0011225	3.0642e-05	6.59503e-05	1.17736	1.17694	1.17736	
0.993102	0.993096	0.993102	0.00707349	7.46925e-05	0.993102	0.993102	5.70306e-05	0.0408868	0.993102	0.993102	4.35083e-22	0.993102	0.993102	0.993086	0.00147311	1.09502e-12	1.35164e-13	0.0952752	0.0963473	0.993101	0.993102	2.96688e-05	0.00111787	0.00111616	2.99181e-05	6.47668e-05	1.17716	1.17669	1.17715	
0.993102	0.993096	0.993102	0.00713987	7.38548e-05	0.993102	0.993102	5.62276e-05	0.0411183	0.993102	0.993102	3.26687e-22	0.993102	0.993102	0.993086	0.00146783	8.56639e-13	1.33255e-13	0.0964431	0.0975414	0.993101	0.993102	2.9092e-05	0.00111041	0.00110875	2.93428e-05	6.39326e-05	1.1759	1.17531	1.1759	
0.993102	0.993096	0.993102	0.00720297	7.37091e-05	0.993102	0.993102	5.59524e-05	0.0410212	0.993102	0.993102	2.45636e-22	0.993102	0.993102	0.993086	0.00146411	6.79311e-13	1.32599e-13	0.0967286	0.0978973	0.993101	0.993102	2.88027e-05	0.00110355	0.00110193	2.90744e-05	6.36603e-05	1.17806	1.17758	1.17806	
0.993102	0.993096	0.993102	0.00725127	7.28423e-05	0.993102	0.993102	5.51428e-05	0.0413787	0.993102	0.993102	1.84891e-22	0.993102	0.993102	0.993086	0.00146214	5.44921e-13	1.30677e-13	0.0979968	0.0991788	0.993101	0.993102	2.83019e-05	0.00109896	0.00109736	2.85705e-05	6.28214e-05	1.17809	1.1776	1.17809	
0.993102	0.993096	0.993102	0.0073043	7.22021e-05	0.993102	0.993102	5.45175e-05	0.04158	0.993102	0.993102	1.3943e-22	0.993102	0.993102	0.993086	0.00145883	4.44349e-13	1.29191e-13	0.0989767	0.100172	0.993101	0.993102	2.78757e-05	0.00109356	0.00109199	2.81426e-05	6.21834e-05	1.18011	1.17967	1.18011	
0.993102	0.993096	0.993102	0.0073555	7.10409e-05	0.993102	0.993102	5.35113e-05	0.0420947	0.993102	0.993102	1.05325e-22	0.993102	0.993102	0.993085	0.00145527	3.67607e-13	1.26805e-13	0.100707	0.101895	0.993101	0.993102	2.72658e-05	0.00108843	0.00108688	2.75216e-05	6.11211e-05	1.17978	1.17929	1.17978	
0.993102	0.993096	0.993102	0.00741714	7.03004e-05	0.993102	0.993102	5.2828e-05	0.0423165	0.993102	0.993102	7.98101e-23	0.993102	0.993102	0.993085	0.00145004	3.10454e-13	1.25183e-13	0.101846	0.103054	0.993101	0.993102	2.67851e-05	0.00108182	0.00108029	2.70397e-05	6.04041e-05	1.18175	1.18135	1.18175	
0.993102	0.993096	0.993102	0.00747643	6.91042e-05	0.993102	0.993102	5.18073e-05	0.0428309	0.993102	0.993102	6.06381e-23	0.993102	0.993102	0.993085	0.00144478	2.66258e-13	1.22762e-13	0.103722	0.10491	0.993101	0.993102	2.61515e-05	0.00107568	0.00107418	2.63913e-05	5.9326e-05	1.18161	1.18116	1.1816	
0.993102	0.993096	0.993102	0.0075452	6.82781e-05	0.993102	0.993102	5.10653e-05	0.043085	0.993102	0.993102	4.62903e-23	0.993102	0.993102	0.993085	0.00143836	2.33322e-13	1.21001e-13	0.10506	0.106254	0.993101	0.993102	2.56328e-05	0.00106835	0.00106688	2.58672e-05	5.85475e-05	1.18275	1.18234	1.18275	
0.993102	0.993095	0.993102	0.0076119	6.73076e-05	0.993102	0.993102	5.02154e-05	0.043456	0.993102	0.993102	3.55095e-23	0.993102	0.993102	0.993085	0.00143246	2.07881e-13	1.18985e-13	0.10668	0.107865	0.993101	0.993102	2.50775e-05	0.00106153	0.00106008	2.53018e-05	5.76551e-05	1.18252	1.1821	1.18252	
0.993102	0.993095	0.993102	0.00768162	6.66774e-05	0.993102	0.993102	4.96181e-05	0.0436089	0.993102	0.993102	2.74455e-23	0.993102	0.993102	0.993085	0.00142647	1.89006e-13	1.17567e-13	0.107805	0.108989	0.993101	0.993102	2.46451e-05	0.00105448	0.00105306	2.48634e-05	5.70464e-05	1.18271	1.18227	1.18271	
0.993102	0.993095	0.993102	0.00774536	6.61674e-05	0.993102	0.993102	4.91091e-05	0.0437328	0.993102	0.993102	2.14037e-23	0.993102	0.993102	0.993085	0.00142197	1.74764e-13	1.16359e-13	0.108772	0.10996	0.993101	0.993102	2.42815e-05	0.00104841	0.00104701	2.44963e-05	5.65357e-05	1.18266	1.18223	1.18266	
0.993102	0.993095	0.993102	0.00780306	6.5823e-05	0.993102	0.993102	4.8725e-05	0.0437864	0.993102	0.993102	1.68833e-23	0.993102	0.993102	0.993085	0.00141857	1.64134e-13	1.15447e-13	0.109508	0.110693	0.993101	0.993102	2.40008e-05	0.00104321	0.00104184	2.42118e-05	5.617e-05	1.18366	1.18328	1.18366	
0.993102	0.993095	0.993102	0.007853	6.52599e-05	0.993102	0.993102	4.81861e-05	0.0440194	0.993102	0.993102	1.34661e-23	0.993102	0.993102	0.993085	0.00141615	1.55489e-13	1.14169e-13	0.110614	0.111781	0.993101	0.993102	2.36689e-05	0.00103905	0.00103769	2.38709e-05	5.5633e-05	1.18357	1.18319	1.18357	
0.993102	0.993095	0.993102	0.00790373	6.48836e-05	0.993102	0.993102	4.77923e-05	0.0441252	0.993102	0.993102	1.09091e-23	0.993102	0.993102	0.993085	0.00141343	1.49082e-13	1.13234e-13	0.111421	0.112574	0.993101	0.993102	2.34042e-05	0.00103473	0.00103339	2.35998e-05	5.52544e-05	1.18362	1.1832	1.18362	
0.993102	0.993095	0.993102	0.00795006	6.4604e-05	0.993102	0.993102	4.74752e-05	0.0441977	0.993102	0.993102	8.99395e-24	0.993102	0.993102	0.993085	0.00141158	1.44278e-13	1.12482e-13	0.112059	0.113216	0.993101	0.993102	2.3189e-05	0.00103095	0.00102962	2.33832e-05	5.49507e-05	1.18477	1.18442	1.18477	
0.993102	0.993095	0.993102	0.00799142	6.40431e-05	0.993102	0.993102	4.696e-05	0.0444714	0.993102	0.993102	7.522e-24	0.993102	0.993102	0.993084	0.0014099	1.39896e-13	1.1126e-13	0.113184	0.114318	0.993101	0.993102	2.28905e-05	0.00102774	0.00102643	2.30754e-05	5.44296e-05	1.18468	1.1843	1.18468	
0.993102	0.993095	0.993102	0.00803689	6.3667e-05	0.993102	0.993102	4.65872e-05	0.0445995	0.993102	0.993102	6.42025e-24	0.993102	0.993102	0.993084	0.00140743	1.36691e-13	1.10376e-13	0.113989	0.115113	0.993101	0.993102	2.26475e-05	0.00102395	0.00102264	2.28273e-05	5.40608e-05	1.18566	1.18534	1.18566	
0.993102	0.993095	0.993102	0.00807988	6.30919e-05	0.993102	0.993102	4.60742e-05	0.0448722	0.993102	0.993102	5.56323e-24	0.993102	0.993102	0.993084	0.00140499	1.33638e-13	1.09159e-13	0.115154	0.116251	0.993101	0.993102	2.2344e-05	0.00102045	0.00101916	2.2514e-05	5.35362e-05	1.18665	1.18638	1.18665	
0.993102	0.993095	0.993102	0.00812682	6.23722e-05	0.993102	0.993102	4.54613e-05	0.0452223	0.993102	0.993102	4.8884e-24	0.993102	0.993102	0.993084	0.00140149	1.30706e-13	1.07706e-13	0.116603	0.117653	0.993101	0.993102	2.19824e-05	0.00101644	0.00101517	2.21385e-05	5.29012e-05	1.18671	1.18644	1.18671	
0.993102	0.993095	0.993102	0.00818037	6.18293e-05	0.993102	0.993102	4.49788e-05	0.0454194	0.993102	0.993102	4.37722e-24	0.993102	0.993102	0.993084	0.00139706	1.28472e-13	1.06562e-13	0.117748	0.118761	0.993101	0.993102	2.16686e-05	0.00101168	0.00101042	2.18138e-05	5.24109e-05	1.18673	1.18647	1.18673	
0.993102	0.993094	0.993102	0.00823317	6.14348e-05	0.993102	0.993102	4.46026e-05	0.0455249	0.993102	0.993102	3.99212e-24	0.993102	0.993102	0.993084	0.00139307	1.26787e-13	1.05669e-13	0.118646	0.119628	0.993101	0.993102	2.14117e-05	0.00100712	0.00100588	2.15478e-05	5.2042e-05	1.1869	1.18664	1.1869	
0.993102	0.993094	0.993102	0.00828155	6.11027e-05	0.993102	0.993102	4.42714e-05	0.0456189	0.993102	0.993102	3.69821e-24	0.993102	0.993102	0.993084	0.00139008	1.25419e-13	1.04884e-13	0.119441	0.120399	0.993101	0.993102	2.11905e-05	0.00100318	0.00100195	2.13195e-05	5.17214e-05	1.18708	1.18683	1.18708	
0.993102	0.993094	0.993102	0.00832581	6.08145e-05	0.993102	0.993102	4.39739e-05	0.0457052	0.993102	0.993102	3.47236e-24	0.993102	0.993102	0.993084	0.00138778	1.24277e-13	1.04178e-13	0.120167	0.1211	0.993101	0.993102	2.09966e-05	0.000999764	0.000998542	2.1119e-05	5.14388e-05	1.18731	1.18708	1.18731	
