0.25	1.27727e-12	0.25	0.998264	0.000618156	0.748264	0.998264	0.748264	0.748264	0.25	0.25	0.000618156	0.25	0.25	0.25	1.27727e-12	0.000618156	1.27727e-12	2.63265e-21	0.000618156	0.25	1.27727e-12	0.25	0.25	0.000618156	0.000618156	1.27727e-12	0	0	0	
0.25	1.27727e-12	0.25	0.998264	0.000618156	0.748264	0.998264	0.748264	0.748264	0.25	0.25	0.000618156	0.25	0.25	0.25	1.27727e-12	0.000618156	1.27727e-12	2.63265e-21	0.000618156	0.25	1.27727e-12	0.25	0.25	0.000618156	0.000618156	1.27727e-12	0	0	0	
0.437034	9.55736e-13	0.432413	0.996964	0.250463	0.559898	0.996964	0.560517	0.559898	0.437066	0.437066	0.0676979	0.432677	0.437066	0.437066	4.37668e-06	0.25043	2.2946e-12	9.11186e-15	0.000466719	0.437033	2.9129e-08	0.254301	0.187692	0.0010807	0.0010807	0.249968	0.00466855	0.000127831	0.00466855	
0.575895	7.15143e-13	0.331344	0.995992	0.437412	0.418952	0.995992	0.419977	0.418953	0.57704	0.57704	0.284087	0.573756	0.57704	0.57704	0.248834	0.324755	1.86896e-10	4.75941e-12	0.000349337	0.329015	5.18344e-05	0.423755	0.208746	0.00143447	0.00142523	0.435392	0.0126602	7.03927e-05	0.0125742	
0.667949	5.35115e-13	0.247967	0.995265	0.577299	0.313486	0.995265	0.314735	0.314994	0.681778	0.681778	0.461313	0.679321	0.681778	0.681778	0.436193	0.243439	6.90759e-09	5.16222e-10	0.000261404	0.24619	0.013336	0.565821	0.39139	0.00170428	0.00168372	0.542618	0.0227588	0.000140226	0.0181972	
0.683943	4.00407e-13	0.185545	0.99472	0.681972	0.23457	0.99472	0.235934	0.371833	0.76015	0.76015	0.594987	0.758311	0.76015	0.76015	0.576387	0.18216	9.72335e-08	1.75015e-08	0.0001956	0.184215	0.207104	0.673169	0.541691	0.00189021	0.00185802	0.503043	0.0347122	0.00021526	0.0226972	
0.614218	2.9961e-13	0.138837	0.994313	0.760295	0.17552	0.994313	0.176934	0.486729	0.818791	0.818792	0.694421	0.817417	0.818792	0.81879	0.68129	0.136304	6.67282e-07	2.49953e-07	0.000146361	0.137842	0.402102	0.752713	0.652416	0.00145528	0.00142992	0.401074	0.0457962	3.40618e-08	0.0247875	
0.506339	2.24187e-13	0.103888	0.994008	0.818901	0.131336	0.994008	0.13277	0.561971	0.862671	0.862673	0.76015	0.861643	0.862673	0.862667	0.759784	0.101991	2.79934e-06	1.87209e-06	0.000109517	0.103142	0.550603	0.799106	0.712551	0.00109019	0.00107118	0.307573	0.0583136	8.51372e-08	0.0280369	
0.403299	1.67751e-13	0.0777386	0.99378	0.862754	0.0982736	0.99378	0.0997003	0.62489	0.895504	0.895506	0.772226	0.894736	0.895506	0.895493	0.818519	0.0763163	7.9116e-06	8.74429e-06	8.19474e-05	0.0771773	0.661949	0.774073	0.693612	0.000815867	0.000801639	0.232907	0.0665394	2.99954e-07	0.0294165	
0.315714	1.25522e-13	0.0581741	0.993609	0.895567	0.0735345	0.993609	0.0749457	0.669981	0.920073	0.920075	0.705766	0.919498	0.920075	0.92005	0.862468	0.0571047	1.78356e-05	2.86562e-05	6.13183e-05	0.0577489	0.745299	0.662416	0.600104	0.000610501	0.000599854	0.175632	0.0717515	7.70812e-07	0.0299356	
0.245099	9.39236e-14	0.0435373	0.993482	0.92012	0.0550232	0.993482	0.0564192	0.702264	0.938457	0.938458	0.597194	0.938027	0.938459	0.938419	0.895353	0.0427294	3.41105e-05	7.19111e-05	4.58823e-05	0.0432114	0.807676	0.531162	0.488909	0.00045682	0.000448853	0.132231	0.0755349	1.70768e-06	0.0302216	
0.189654	7.02796e-14	0.0325878	0.993386	0.938493	0.0411719	0.993386	0.0425546	0.726278	0.952212	0.952214	0.485922	0.951892	0.952214	0.952157	0.91996	0.0319728	5.70608e-05	0.000147394	3.43321e-05	0.0323335	0.854352	0.414853	0.38806	0.000341823	0.000335862	0.0994983	0.0778179	3.47348e-06	0.0301974	
0.146676	5.25877e-14	0.0243969	0.993315	0.95224	0.0308074	0.993315	0.0321803	0.743379	0.962505	0.962507	0.388217	0.962266	0.962507	0.96243	0.938373	0.0239241	8.62857e-05	0.000258843	2.56894e-05	0.024194	0.889279	0.32053	0.304576	0.000255774	0.000251314	0.0748722	0.0793161	6.20376e-06	0.0300861	
0.113622	3.93495e-14	0.0182699	0.993261	0.962526	0.0230521	0.993261	0.0244184	0.755878	0.970207	0.970209	0.307972	0.970028	0.970209	0.97011	0.95215	0.0179015	0.000120331	0.000403584	1.92225e-05	0.0181035	0.915414	0.246672	0.238191	0.000191387	0.000188049	0.0563681	0.0820489	1.72488e-05	0.0306026	
0.0884098	2.94438e-14	0.0136868	0.993221	0.970223	0.017249	0.993221	0.018607	0.767783	0.97597	0.975971	0.243561	0.975837	0.975972	0.97585	0.962459	0.0133951	0.000154967	0.000573876	1.43835e-05	0.0135462	0.934971	0.189429	0.186023	0.000143208	0.000140711	0.0424669	0.0819854	2.77708e-05	0.0301858	
0.0691286	2.20317e-14	0.0102595	0.993191	0.975983	0.0129068	0.993191	0.0142613	0.773233	0.980283	0.980283	0.192704	0.980183	0.980284	0.980143	0.970173	0.010023	0.000191844	0.000759428	1.07627e-05	0.0101361	0.949604	0.145558	0.145521	0.000107158	0.000105289	0.0320379	0.0816309	3.85365e-05	0.0297522	
0.054411	1.64855e-14	0.00769514	0.993169	0.980292	0.0096577	0.993168	0.0110125	0.776973	0.983509	0.98351	0.153668	0.983435	0.983511	0.983351	0.975945	0.00749987	0.000229355	0.000949725	8.05332e-06	0.00758449	0.960554	0.11236	0.114718	8.01824e-05	7.8784e-05	0.0242168	0.0804403	4.20938e-05	0.0290622	
0.0431636	1.23355e-14	0.00577629	0.993152	0.983517	0.0072265	0.993151	0.00858631	0.778269	0.985924	0.985924	0.124	0.985869	0.985926	0.985749	0.980264	0.00561188	0.000267441	0.0011357	6.02601e-06	0.00567519	0.968747	0.0873805	0.0914806	5.99977e-05	5.89513e-05	0.0183556	0.0798915	7.03236e-05	0.028551	
0.0345884	9.23021e-15	0.0043399	0.993139	0.98593	0.00540733	0.993139	0.00677442	0.779912	0.98773	0.98773	0.101664	0.98769	0.987732	0.987538	0.983496	0.00419917	0.000303482	0.00131085	4.50905e-06	0.00424654	0.974878	0.0686424	0.0740466	4.48942e-05	4.41112e-05	0.0139635	0.0797349	0.000107921	0.0282744	
0.0280703	6.90663e-15	0.00326495	0.99313	0.987735	0.00404611	0.993129	0.00542059	0.781494	0.989082	0.989081	0.0846913	0.989052	0.989084	0.988874	0.985914	0.00314208	0.000335926	0.0014709	3.37397e-06	0.00317753	0.979465	0.0545188	0.060863	3.35928e-05	3.3007e-05	0.0106715	0.0766983	0.000103449	0.0270382	
0.0230326	5.16798e-15	0.00246025	0.993123	0.989086	0.00302756	0.993122	0.00441635	0.777699	0.990093	0.990093	0.0722358	0.990072	0.990096	0.989875	0.987724	0.00235111	0.000371288	0.00161316	2.52463e-06	0.00237763	0.982898	0.0441595	0.0512682	2.51364e-05	2.4698e-05	0.00821316	0.0760304	0.000123271	0.0266728	
0.0191961	3.86701e-15	0.00185644	0.993118	0.990097	0.00226541	0.993117	0.00366755	0.778141	0.99085	0.990849	0.0637064	0.990835	0.990852	0.990617	0.989078	0.00175925	0.000402704	0.00173718	1.88909e-06	0.00177909	0.985466	0.036739	0.0446446	1.88088e-05	1.84807e-05	0.00637248	0.0756264	0.000212126	0.026455	
0.0162865	2.89354e-15	0.00140447	0.993114	0.990854	0.00169512	0.993113	0.00310883	0.778206	0.991416	0.991416	0.0572997	0.991405	0.991419	0.991171	0.990091	0.00131638	0.000429808	0.00184426	1.41355e-06	0.00133123	0.987388	0.0311969	0.0397121	1.4074e-05	1.38286e-05	0.0049941	0.0745187	0.000312568	0.0260504	
0.0140654	2.16513e-15	0.00106601	0.993111	0.99142	0.0012684	0.99311	0.00269372	0.776876	0.99184	0.991839	0.0526812	0.991833	0.991843	0.991585	0.990849	0.000985	0.000454977	0.00193567	1.05771e-06	0.000996112	0.988826	0.0271793	0.0362133	1.05312e-05	1.03475e-05	0.00396424	0.0731346	0.0004379	0.0255764	
0.0123623	1.62009e-15	0.000812093	0.993109	0.991843	0.000949098	0.993107	0.00238661	0.775025	0.992157	0.992156	0.0497243	0.992152	0.99216	0.991894	0.991416	0.00073704	0.000479119	0.00201316	7.91454e-07	0.000745355	0.989902	0.0244566	0.0340266	7.88023e-06	7.74279e-06	0.00319659	0.0717509	0.000484154	0.025079	
0.0110444	1.21225e-15	0.000621352	0.993107	0.99216	0.000710175	0.993106	0.0021605	0.773179	0.992394	0.992393	0.0481601	0.992391	0.992397	0.992123	0.991841	0.0005515	0.000502292	0.00207743	5.92222e-07	0.000557722	0.990708	0.0227665	0.0329124	5.89661e-06	5.79376e-06	0.00262554	0.0703143	0.000528834	0.0245439	
0.0100158	9.07086e-16	0.000477931	0.993106	0.992397	0.000531399	0.993104	0.00199534	0.771144	0.992571	0.992571	0.0476879	0.99257	0.992574	0.992293	0.992158	0.000412667	0.000524765	0.00213028	4.43144e-07	0.000417323	0.99131	0.0218841	0.0326389	4.41234e-06	4.33538e-06	0.00220236	0.0695568	0.00061196	0.0242619	
0.00922659	6.78739e-16	0.000369986	0.993105	0.992575	0.000397627	0.993103	0.0018739	0.770227	0.992704	0.992704	0.0479512	0.992704	0.992707	0.992417	0.992396	0.000308784	0.000544575	0.00217392	3.31595e-07	0.000312267	0.991761	0.0215444	0.0329223	3.30172e-06	3.24413e-06	0.00188795	0.0683561	0.00078433	0.0239092	
0.00861957	5.07876e-16	0.000288876	0.993104	0.992708	0.00029753	0.993103	0.00178572	0.768243	0.992803	0.992803	0.0486099	0.992804	0.992807	0.99251	0.992574	0.000231052	0.000563643	0.00221087	2.48126e-07	0.000233658	0.992098	0.021599	0.0335837	2.47069e-06	2.42759e-06	0.00165628	0.0673511	0.000817974	0.0235767	
0.00814215	3.80025e-16	0.000227619	0.993104	0.992807	0.000222631	0.993102	0.00172229	0.766834	0.992877	0.992878	0.0498361	0.992879	0.992881	0.992578	0.992707	0.000172888	0.000581506	0.00224059	1.85669e-07	0.000174838	0.992351	0.0220463	0.0346795	1.84887e-06	1.81661e-06	0.00148586	0.0661032	0.0010605	0.0232905	
0.00777985	2.84359e-16	0.000181387	0.993103	0.992881	0.000166587	0.993102	0.00167705	0.764687	0.992932	0.992933	0.0513819	0.992935	0.992937	0.992628	0.992806	0.000129365	0.000599233	0.00226686	1.38935e-07	0.000130825	0.99254	0.0228114	0.0361378	1.38358e-06	1.35944e-06	0.00136201	0.0666216	0.00120144	0.0235065	
0.00753131	2.12775e-16	0.000146364	0.993103	0.992937	0.000124651	0.993102	0.00164152	0.765857	0.992973	0.992975	0.0529394	0.992977	0.992978	0.992661	0.992881	9.67995e-05	0.000611049	0.00228904	1.03966e-07	9.78915e-05	0.992681	0.0235492	0.0375405	1.03543e-06	1.01735e-06	0.00126762	0.065445	0.00128802	0.0231297	
0.00732455	1.59212e-16	0.00012032	0.993103	0.992978	9.32724e-05	0.993101	0.00161786	0.763576	0.993004	0.993006	0.0540828	0.993009	0.99301	0.992689	0.992936	7.24315e-05	0.000623947	0.00230733	7.77992e-08	7.32487e-05	0.992787	0.0242038	0.038681	7.74915e-07	7.61384e-07	0.00120098	0.065018	0.00169655	0.0231585	
0.00719863	1.19133e-16	0.000100352	0.993103	0.99301	6.97927e-05	0.993101	0.00159992	0.762832	0.993027	0.99303	0.0555781	0.993032	0.993033	0.992707	0.992978	5.41979e-05	0.000635168	0.00232632	5.82197e-08	5.48093e-05	0.992866	0.0251115	0.040205	5.7999e-07	5.69856e-07	0.00115273	0.0648382	0.0018099	0.0230923	
0.00710701	8.91426e-17	8.52413e-05	0.993103	0.993033	5.22237e-05	0.993101	0.00158702	0.762551	0.993044	0.993047	0.0569288	0.99305	0.99305	0.99272	0.993009	4.05543e-05	0.000644276	0.00234223	4.3569e-08	4.10118e-05	0.992925	0.0259332	0.0415591	4.34137e-07	4.26544e-07	0.00111776	0.0633974	0.0018567	0.0225471	
0.0070043	6.67022e-17	7.37654e-05	0.993102	0.99305	3.90774e-05	0.993101	0.00158164	0.759968	0.993057	0.99306	0.0584291	0.993063	0.993063	0.992731	0.993033	3.03453e-05	0.00065611	0.00235494	3.26063e-08	3.06876e-05	0.992969	0.0269205	0.0430371	3.25001e-07	3.1931e-07	0.00109736	0.0638965	0.00253972	0.023024	
0.00700677	4.99108e-17	6.47656e-05	0.993102	0.993063	2.92406e-05	0.993101	0.00157387	0.760679	0.993067	0.99307	0.0599724	0.993073	0.993073	0.992734	0.99305	2.27063e-05	0.000663298	0.00237278	2.44034e-08	2.29624e-05	0.993003	0.0279658	0.0447367	2.43347e-07	2.39075e-07	0.00108063	0.0624257	0.00251158	0.0223543	
0.00696009	3.73464e-17	5.80379e-05	0.993102	0.993073	2.18801e-05	0.993101	0.00157332	0.757935	0.993074	0.993077	0.0613681	0.99308	0.99308	0.99274	0.993063	1.69903e-05	0.000673865	0.00238595	1.82653e-08	1.7182e-05	0.993027	0.0289879	0.0462235	1.82246e-07	1.79037e-07	0.00107494	0.0618363	0.00267569	0.0221595	
0.00692304	2.7945e-17	5.2457e-05	0.993102	0.99308	1.63724e-05	0.993101	0.00157444	0.757183	0.993079	0.993083	0.0634164	0.993086	0.993086	0.992741	0.993073	1.27132e-05	0.00068391	0.00239778	1.36723e-08	1.28566e-05	0.993046	0.0303553	0.0482211	1.36535e-07	1.3412e-07	0.00107361	0.0622526	0.00322025	0.0224458	
0.00695291	2.09102e-17	4.81976e-05	0.993102	0.993086	1.22513e-05	0.993101	0.00157302	0.757576	0.993083	0.993087	0.0648809	0.99309	0.99309	0.992739	0.99308	9.51284e-06	0.000689964	0.00241328	1.02356e-08	9.62015e-06	0.99306	0.0314128	0.0498453	1.02333e-07	1.00511e-07	0.00107243	0.0635185	0.00351999	0.0226228	
0.00700909	1.56463e-17	4.51127e-05	0.993102	0.99309	9.16761e-06	0.993101	0.00157056	0.759519	0.993086	0.99309	0.0653524	0.993093	0.993093	0.992736	0.993086	7.11812e-06	0.000690061	0.0024286	7.66414e-09	7.19841e-06	0.99307	0.0317543	0.0504081	7.67404e-08	7.53609e-08	0.00107123	0.0611359	0.00368865	0.0211902	
0.0069626	1.17076e-17	4.28968e-05	0.993102	0.993093	6.86017e-06	0.993101	0.00158014	0.754674	0.993088	0.993092	0.0657902	0.993095	0.993095	0.992742	0.99309	5.32623e-06	0.000698624	0.00244222	5.73978e-09	5.38631e-06	0.993078	0.0322344	0.0508189	5.75838e-08	5.65354e-08	0.00108712	0.065912	0.00680466	0.0222509	
0.00723804	8.76036e-18	4.05742e-05	0.993102	0.993095	5.13371e-06	0.993101	0.00157883	0.761164	0.99309	0.993094	0.0651829	0.993097	0.993097	0.992727	0.993093	3.98543e-06	0.000688447	0.00249222	4.30034e-09	4.03038e-06	0.993084	0.0320164	0.0505019	4.3266e-08	4.24541e-08	0.00110472	0.0645667	0.00790026	0.0214174	
0.00746529	6.55506e-18	3.98511e-05	0.993102	0.993097	3.8418e-06	0.993101	0.0015845	0.756871	0.993091	0.993095	0.0629629	0.993098	0.993098	0.992732	0.993095	2.98215e-06	0.000685355	0.00254436	3.22313e-09	3.01578e-06	0.993088	0.0311748	0.0490311	3.25309e-08	3.18963e-08	0.0011344	0.0581871	0.00623088	0.017659	
0.00723822	4.90491e-18	3.78994e-05	0.993102	0.993098	2.87511e-06	0.993101	0.00162015	0.74707	0.993092	0.993096	0.0649902	0.993099	0.993099	0.992739	0.993097	2.23144e-06	0.000706195	0.00256096	2.41644e-09	2.2566e-06	0.993091	0.0326613	0.0501671	2.45122e-08	2.40127e-08	0.00119474	0.0716943	0.00980734	0.020436	
0.00754381	3.67017e-18	3.5385e-05	0.993102	0.993099	2.15205e-06	0.993101	0.0016234	0.76786	0.993093	0.993097	0.0642353	0.9931	0.9931	0.992693	0.993098	1.66971e-06	0.000676043	0.00262096	1.81429e-09	1.68853e-06	0.993094	0.0314989	0.0483423	1.85492e-08	1.81331e-08	0.00122648	0.111272	0.0210747	0.0319425	
0.01087	2.74625e-18	3.98825e-05	0.993102	0.9931	1.61132e-06	0.993101	0.00154143	0.806732	0.993095	0.993097	0.0519752	0.993101	0.993101	0.992597	0.993099	1.24939e-06	0.000572775	0.00284322	1.37114e-09	1.26347e-06	0.993096	0.0248023	0.0385738	1.40167e-08	1.36553e-08	0.00118069	0.116008	0.0209915	0.0302366	
0.0129971	2.05492e-18	5.79846e-05	0.993102	0.993101	1.20622e-06	0.993101	0.00149141	0.823282	0.993097	0.993097	0.0405436	0.993101	0.993101	0.992623	0.9931	9.34876e-07	0.000489458	0.00301095	1.0409e-09	9.45407e-07	0.993097	0.0190131	0.0297201	1.05511e-08	1.02578e-08	0.00116451	0.138656	0.0267339	0.0358094	
0.0172812	1.53762e-18	8.71452e-05	0.993102	0.993101	9.03175e-07	0.993101	0.00141838	0.845947	0.993098	0.993096	0.0310125	0.993101	0.993101	0.99263	0.993101	6.99541e-07	0.000404947	0.00324553	8.02339e-10	7.07413e-07	0.993098	0.0143745	0.0225496	7.94007e-09	7.70122e-09	0.00112364	0.155994	0.0322841	0.0408224	
0.0242637	1.15055e-18	0.000141199	0.993102	0.993101	6.76359e-07	0.993101	0.00133492	0.865143	0.993099	0.993095	0.0234775	0.993102	0.993102	0.992646	0.993101	5.23449e-07	0.00033037	0.00354028	6.33564e-10	5.29332e-07	0.993099	0.0108078	0.0169937	5.96989e-09	5.77713e-09	0.00107147	0.14147	0.0287182	0.036672	
0.0265666	8.60912e-19	0.000208144	0.993102	0.993102	5.06376e-07	0.993101	0.00129612	0.857759	0.9931	0.993094	0.0178334	0.993102	0.993102	0.992709	0.993101	3.91685e-07	0.000283789	0.00368807	4.98905e-10	3.9608e-07	0.993099	0.00814521	0.0128401	4.48651e-09	4.33348e-09	0.00105533	0.19328	0.0406634	0.0498967	
0.0416121	6.44189e-19	0.000270841	0.993102	0.993102	3.79797e-07	0.993101	0.00119807	0.885501	0.9931	0.993091	0.0134303	0.993102	0.993102	0.992637	0.993102	2.93095e-07	0.000225331	0.0040796	4.43302e-10	2.96372e-07	0.9931	0.00610582	0.00963855	3.37964e-09	3.25233e-09	0.000979444	0.18322	0.0349884	0.0437686	
0.0451238	4.82023e-19	0.000379602	0.993102	0.993102	2.84612e-07	0.993101	0.00115443	0.898325	0.993101	0.99309	0.0101172	0.993102	0.993102	0.992674	0.993102	2.19324e-07	0.000184482	0.00423622	3.8894e-10	2.21764e-07	0.9931	0.00457716	0.00723281	2.54178e-09	2.43986e-09	0.000949338	0.132859	0.0215617	0.0285413	
0.0383828	3.60681e-19	0.000452537	0.993102	0.993102	2.13088e-07	0.993101	0.00121348	0.844772	0.993101	0.993091	0.00775818	0.993102	0.993102	0.992759	0.993102	1.6412e-07	0.000181501	0.00407726	3.11933e-10	1.65938e-07	0.9931	0.00346083	0.00547708	1.91191e-09	1.832e-09	0.00101452	0.12835	0.0190181	0.0259814	
0.0325032	2.69884e-19	0.000393559	0.993102	0.993102	1.59777e-07	0.993101	0.001276	0.844926	0.993101	0.993091	0.00643531	0.993102	0.993102	0.992785	0.993102	1.22813e-07	0.000183372	0.00391143	2.52509e-10	1.24165e-07	0.993101	0.00270883	0.00430361	1.45979e-09	1.39029e-09	0.00107936	0.121539	0.0170065	0.0242215	
0.027585	2.01944e-19	0.000347759	0.993102	0.993102	1.19842e-07	0.993101	0.00133595	0.837009	0.993102	0.993092	0.00556438	0.993102	0.993102	0.992812	0.993102	9.19042e-08	0.000191712	0.00375147	2.05612e-10	9.29085e-08	0.993101	0.00217758	0.00347101	1.12144e-09	1.06051e-09	0.00113767	0.131954	0.0173212	0.0254861	
0.0241189	1.51108e-19	0.000306909	0.993102	0.993102	9.00796e-08	0.993101	0.00137131	0.848547	0.993102	0.993092	0.00487182	0.993102	0.993102	0.99281	0.993102	6.87775e-08	0.000187706	0.00363498	1.7438e-10	6.95201e-08	0.993101	0.00174876	0.00280126	8.73299e-10	8.17069e-10	0.00116703	0.134096	0.0165504	0.025215	
0.0213875	1.13068e-19	0.000288183	0.993102	0.993102	6.77368e-08	0.993101	0.00139978	0.853835	0.993102	0.993092	0.00419282	0.993102	0.993102	0.99282	0.993102	5.14733e-08	0.000182852	0.00353405	1.51909e-10	5.20193e-08	0.993101	0.00139506	0.0022433	6.80603e-10	6.30351e-10	0.00118755	0.118941	0.0133312	0.0207654	
0.0184715	8.46049e-20	0.000275194	0.993102	0.993102	5.09123e-08	0.993101	0.00145581	0.835535	0.993102	0.993093	0.00384804	0.993102	0.993102	0.99285	0.993102	3.85238e-08	0.000194229	0.00340704	1.29492e-10	3.89242e-08	0.993101	0.00117441	0.00188188	5.33705e-10	4.89869e-10	0.00124067	0.130518	0.014012	0.0228333	
0.0165762	6.33068e-20	0.000249016	0.993102	0.993102	3.8498e-08	0.993101	0.00148121	0.848431	0.993102	0.993093	0.00368106	0.993102	0.993102	0.992837	0.993102	2.88358e-08	0.000190878	0.00332071	1.16842e-10	2.91255e-08	0.993101	0.00100224	0.00160878	4.34626e-10	3.92439e-10	0.00125693	0.141983	0.0145481	0.0243993	
0.0153984	4.73702e-20	0.00024391	0.993102	0.993102	2.91898e-08	0.993101	0.00148815	0.862304	0.993102	0.993092	0.00324228	0.993102	0.993102	0.99283	0.993102	2.15886e-08	0.00017904	0.00326361	1.12516e-10	2.17936e-08	0.993101	0.000812179	0.00130822	3.52483e-10	3.13437e-10	0.0012525	0.209675	0.0212206	0.039845	
0.0186562	3.54454e-20	0.000286002	0.993102	0.993102	2.2785e-08	0.993101	0.00139252	0.892763	0.993102	0.993085	0.00250975	0.993102	0.993102	0.992683	0.993102	1.61835e-08	0.000143322	0.00333143	1.81339e-10	1.63073e-08	0.993101	0.000612009	0.000988685	2.84415e-10	2.47655e-10	0.0011295	0.144585	0.0145176	0.0269889	
0.0172674	2.65225e-20	0.000360865	0.993102	0.993102	1.72067e-08	0.993101	0.00140264	0.873438	0.993102	0.993086	0.00206913	0.993102	0.993102	0.992756	0.993102	1.21214e-08	0.000141619	0.00327392	1.62118e-10	1.22022e-08	0.993101	0.000482287	0.000782738	2.24033e-10	1.9347e-10	0.00112632	0.102577	0.0101464	0.0190629	
0.014954	1.98458e-20	0.000355214	0.993102	0.993102	1.29826e-08	0.993101	0.00147207	0.798482	0.993102	0.993089	0.0022582	0.993102	0.993102	0.992823	0.993102	9.07651e-09	0.000185596	0.00316539	1.32714e-10	9.13045e-09	0.993101	0.0005249	0.0008326	1.84146e-10	1.57872e-10	0.0011964	0.105907	0.0099171	0.0200007	
0.0132838	1.48499e-20	0.000285212	0.993102	0.993102	1.02176e-08	0.993101	0.00151618	0.816603	0.993102	0.99309	0.00465051	0.993102	0.993102	0.992796	0.993102	6.79853e-09	0.000213373	0.00307895	1.11498e-10	6.83199e-09	0.993101	0.00104649	0.00162602	2.11824e-10	1.77083e-10	0.00123428	0.150287	0.0135148	0.0298508	
0.0135079	1.11116e-20	0.000247416	0.993102	0.993102	8.39694e-09	0.993101	0.00147514	0.852154	0.993102	0.99309	0.0042761	0.993102	0.993102	0.992709	0.993102	5.09991e-09	0.000190331	0.00306576	1.13051e-10	5.11213e-09	0.993101	0.000877147	0.00139284	2.10073e-10	1.70687e-10	0.00116936	0.10328	0.0092461	0.0205378	
0.0121908	8.31443e-21	0.000242546	0.993102	0.993102	6.44244e-09	0.993101	0.00151405	0.809848	0.993102	0.993091	0.00428895	0.993102	0.993102	0.992776	0.993102	3.82265e-09	0.000220934	0.00299487	9.61609e-11	3.82522e-09	0.993101	0.000907651	0.00143232	1.82498e-10	1.48143e-10	0.00120243	0.117529	0.0101784	0.0240137	
0.0116048	6.22139e-21	0.000207921	0.993102	0.993102	5.29027e-09	0.993101	0.00151566	0.830884	0.993102	0.993092	0.00507731	0.993102	0.993102	0.992761	0.993102	2.86835e-09	0.000224367	0.00295387	8.73375e-11	2.86227e-09	0.993101	0.00103411	0.00166262	1.95587e-10	1.57571e-10	0.00119008	0.125976	0.0105643	0.0265744	
0.0114736	4.65524e-21	0.000197951	0.993102	0.993102	4.30808e-09	0.993101	0.00149779	0.844505	0.993102	0.993092	0.00483054	0.993102	0.993102	0.992771	0.993102	2.15521e-09	0.00021776	0.00292865	8.35665e-11	2.14173e-09	0.993101	0.000948877	0.00155101	1.8511e-10	1.48345e-10	0.00115463	0.098555	0.00815856	0.0205869	
0.0105854	3.48334e-21	0.000197461	0.993102	0.993102	3.38877e-09	0.993101	0.0015306	0.803382	0.993102	0.993093	0.00503846	0.993102	0.993102	0.992821	0.993102	1.61877e-09	0.000249237	0.00287662	7.30556e-11	1.60258e-09	0.993101	0.001064	0.00171072	1.68017e-10	1.35325e-10	0.00118375	0.102631	0.00784759	0.0226742	
0.0100682	2.60646e-21	0.000170373	0.993102	0.993102	2.92477e-09	0.993101	0.00153842	0.814858	0.993102	0.993094	0.00675709	0.993102	0.993102	0.992809	0.993102	1.21766e-09	0.000266036	0.00283256	6.60847e-11	1.19915e-09	0.993101	0.00150879	0.00243446	1.92922e-10	1.56967e-10	0.00117813	0.0778813	0.00587231	0.0168212	
0.00910773	1.95032e-21	0.000152799	0.993102	0.993102	2.39227e-09	0.993101	0.001593	0.770768	0.993102	0.993095	0.00909103	0.993102	0.993102	0.992843	0.993102	9.15692e-10	0.000329526	0.00277311	5.641e-11	8.97282e-10	0.993101	0.00248162	0.00376976	1.97784e-10	1.63521e-10	0.00123665	0.0872176	0.00614677	0.0191005	
0.00855903	1.45935e-21	0.000125317	0.993102	0.993102	2.36054e-09	0.993101	0.00161419	0.792602	0.993101	0.993096	0.0147169	0.993102	0.993102	0.992792	0.993102	6.90407e-10	0.000354821	0.00273078	5.05999e-11	6.71404e-10	0.993101	0.00420125	0.00635009	2.77178e-10	2.33013e-10	0.00125132	0.0948102	0.00632693	0.0211072	
0.00830748	1.09198e-21	0.000111471	0.993102	0.993102	2.18018e-09	0.993101	0.00161346	0.804724	0.993101	0.993096	0.0154528	0.993102	0.993102	0.992782	0.993102	5.22433e-10	0.000358503	0.00270092	4.76284e-11	5.02387e-10	0.993101	0.00431303	0.00658875	2.90912e-10	2.45602e-10	0.00123827	0.104572	0.00677767	0.0245679	
0.00843867	8.17089e-22	0.000107581	0.993102	0.993102	2.00308e-09	0.993101	0.00158584	0.818095	0.993101	0.993096	0.0144219	0.993102	0.993102	0.992779	0.993102	3.97468e-10	0.000344768	0.00268453	4.75106e-11	3.75918e-10	0.993101	0.00389411	0.00605379	2.83209e-10	2.39181e-10	0.00119188	0.0988554	0.00630165	0.0231128	
0.00837184	6.11398e-22	0.000111158	0.993102	0.993102	1.75747e-09	0.993101	0.00157632	0.811092	0.993101	0.993096	0.013272	0.993102	0.993102	0.992803	0.993102	3.0348e-10	0.000343755	0.00266672	4.61397e-11	2.81286e-10	0.993101	0.00353704	0.00554956	2.62041e-10	2.21782e-10	0.0011704	0.0885307	0.00555829	0.0206073	
0.00807258	4.57487e-22	0.000108521	0.993102	0.993102	1.5657e-09	0.993101	0.0015892	0.794559	0.993101	0.993096	0.0134761	0.993102	0.993102	0.992825	0.993102	2.3235e-10	0.000362664	0.00264395	4.31383e-11	2.10476e-10	0.993101	0.00367547	0.00575226	2.53727e-10	2.15936e-10	0.00117911	0.0914632	0.00538904	0.0226144	
0.00798602	3.42321e-22	0.000100162	0.993102	0.993102	1.52583e-09	0.993101	0.00158273	0.80089	0.993101	0.993097	0.014732	0.993102	0.993102	0.992816	0.993102	1.79244e-10	0.000370808	0.0026244	4.14128e-11	1.57491e-10	0.993101	0.00407433	0.00644579	2.70119e-10	2.31385e-10	0.00116131	0.0829835	0.00453383	0.0215973	
0.00778164	2.56146e-22	9.60316e-05	0.993102	0.993102	1.40599e-09	0.993101	0.00158597	0.787055	0.993101	0.993097	0.0159539	0.993102	0.993102	0.99283	0.993102	1.3884e-10	0.000395273	0.00259901	3.86968e-11	1.17845e-10	0.993101	0.00465163	0.00736197	2.72829e-10	2.35705e-10	0.00115464	0.0765878	0.00405626	0.019551	
0.00745653	1.91665e-22	8.72044e-05	0.993102	0.993102	1.36852e-09	0.993101	0.00160515	0.778117	0.993101	0.993097	0.0193233	0.993102	0.993102	0.99283	0.993102	1.08256e-10	0.000429646	0.0025739	3.57389e-11	8.81792e-11	0.993101	0.00609075	0.00947041	2.97404e-10	2.59673e-10	0.00117105	0.0939526	0.00466336	0.0256098	
0.00770905	1.43416e-22	7.97461e-05	0.993102	0.993102	1.50441e-09	0.993101	0.00157182	0.802348	0.993101	0.993097	0.020654	0.993102	0.993102	0.992784	0.993102	8.64145e-11	0.0004161	0.00256229	3.63423e-11	6.59812e-11	0.993101	0.00632248	0.0101128	3.34088e-10	2.92712e-10	0.00112024	0.0733992	0.0036569	0.0191424	
0.00735014	1.07313e-22	8.03337e-05	0.993102	0.993102	1.34435e-09	0.993101	0.00159799	0.767932	0.993101	0.993097	0.0213351	0.993102	0.993102	0.992817	0.993102	6.88233e-11	0.000454041	0.00254179	3.3558e-11	4.93714e-11	0.993101	0.00690079	0.0108362	3.18649e-10	2.80871e-10	0.00114788	0.074548	0.00356424	0.0201939	
0.00714387	8.02983e-23	7.07189e-05	0.993102	0.993102	1.44139e-09	0.993101	0.0016088	0.776961	0.9931	0.993098	0.0271735	0.993102	0.993102	0.992793	0.993102	5.56785e-11	0.000479191	0.00252464	3.16226e-11	3.69428e-11	0.993101	0.00934204	0.014511	3.75168e-10	3.33487e-10	0.00115527	0.0605483	0.00292141	0.0158575	
0.00669452	6.00843e-23	6.45706e-05	0.993102	0.993102	1.37441e-09	0.993101	0.00165425	0.749441	0.993099	0.993098	0.0328077	0.993102	0.993102	0.99281	0.993102	4.51534e-11	0.000543036	0.00250361	2.8584e-11	2.76429e-11	0.993101	0.0125579	0.0186808	3.94894e-10	3.53816e-10	0.00121236	0.0503606	0.00239364	0.012838	
0.00618173	4.49589e-23	5.46491e-05	0.993102	0.993102	1.46866e-09	0.993101	0.00171625	0.737114	0.993096	0.993099	0.0498966	0.993102	0.993102	0.992798	0.993102	3.68464e-11	0.000632462	0.00248034	2.5403e-11	2.06842e-11	0.993101	0.0226283	0.0313499	4.93628e-10	4.47482e-10	0.00129556	0.0438556	0.00199827	0.0110386	
0.00570124	3.36411e-23	4.56724e-05	0.993102	0.993102	1.60826e-09	0.993101	0.00178014	0.727656	0.993091	0.993099	0.0728801	0.993102	0.993102	0.992779	0.993102	3.03814e-11	0.000730762	0.00245666	2.2533e-11	1.54772e-11	0.993101	0.037465	0.0493406	6.23219e-10	5.70514e-10	0.00138346	0.0295513	0.00135448	0.00693933	
0.00515761	2.51724e-23	3.78247e-05	0.993102	0.993102	1.69939e-09	0.993101	0.00187022	0.700063	0.99308	0.993099	0.107689	0.993102	0.993102	0.992773	0.993102	2.50576e-11	0.00088949	0.00242977	1.95085e-11	1.15811e-11	0.993101	0.0655414	0.0803334	7.73445e-10	7.15345e-10	0.00151665	0.026384	0.00110279	0.00597983	
0.00471034	1.88356e-23	3.03685e-05	0.993102	0.993102	2.09298e-09	0.993101	0.00194803	0.703176	0.993058	0.9931	0.164146	0.993102	0.993102	0.992714	0.993102	2.09889e-11	0.00103064	0.00240458	1.70828e-11	8.66568e-12	0.993101	0.112655	0.131453	1.11299e-09	1.03868e-09	0.0016326	0.0159072	0.000645453	0.0034575	
0.0042815	1.4094e-23	2.48171e-05	0.993102	0.993102	2.21942e-09	0.993101	0.00203458	0.679466	0.99303	0.9931	0.215306	0.993102	0.993102	0.992704	0.993102	1.76356e-11	0.0012212	0.00237859	1.4798e-11	6.48421e-12	0.993101	0.163489	0.183518	1.3356e-09	1.25458e-09	0.00176708	0.00811474	0.000325346	0.00168164	
0.00390112	1.0546e-23	1.98293e-05	0.993102	0.993102	2.58708e-09	0.993101	0.00212015	0.671627	0.992961	0.9931	0.292595	0.993102	0.993102	0.992655	0.993102	1.49216e-11	0.00143952	0.00235348	1.27974e-11	4.8519e-12	0.993101	0.246192	0.265825	1.80863e-09	1.71069e-09	0.00190404	0.0322462	0.000825676	0.00559256	
0.00375204	7.8912e-24	1.6004e-05	0.993102	0.993102	3.57865e-09	0.993101	0.0021393	0.715392	0.992958	0.9931	0.329507	0.993102	0.993102	0.992486	0.993102	1.37295e-11	0.00140187	0.00233847	1.23704e-11	3.6305e-12	0.993101	0.264503	0.287823	2.30155e-09	2.17402e-09	0.00192743	0.0229876	0.000613859	0.00403303	
0.00358399	5.9047e-24	1.46893e-05	0.993102	0.993102	3.26244e-09	0.993101	0.00217111	0.691164	0.992971	0.9931	0.317909	0.993102	0.993102	0.992544	0.993102	1.24817e-11	0.00143965	0.00232436	1.15784e-11	2.71657e-12	0.993101	0.252107	0.27498	2.11748e-09	2.00087e-09	0.00197497	0.0197321	0.000476929	0.00329602	
0.00343213	4.41827e-24	1.26398e-05	0.993102	0.993102	3.34182e-09	0.993101	0.00220336	0.692939	0.992961	0.993101	0.340291	0.993102	0.993102	0.992536	0.993102	1.14467e-11	0.00149417	0.00231151	1.08394e-11	2.03271e-12	0.993101	0.27245	0.295763	2.22661e-09	2.10623e-09	0.00202495	0.011914	0.000338669	0.00210437	
0.00328019	3.30603e-24	1.11267e-05	0.993102	0.993102	3.26031e-09	0.993101	0.00224142	0.67512	0.99294	0.993101	0.364589	0.993102	0.993102	0.992556	0.993102	1.04169e-11	0.00160538	0.00229958	9.97155e-12	1.521e-12	0.993101	0.302323	0.324955	2.28628e-09	2.16546e-09	0.00208742	0.0110091	0.000255146	0.00178	
0.00315554	2.47378e-24	9.48753e-06	0.993102	0.993102	3.51111e-09	0.993101	0.00227375	0.67977	0.992896	0.993101	0.406194	0.993102	0.993102	0.992522	0.993102	9.62952e-12	0.00169748	0.00228884	9.28877e-12	1.13811e-12	0.993101	0.348397	0.370359	2.59713e-09	2.46356e-09	0.00214065	0.00166392	6.43535e-05	0.00033982	
0.00301853	1.85104e-24	8.33884e-06	0.993102	0.993102	3.45819e-09	0.993101	0.00231533	0.656958	0.992836	0.993101	0.44338	0.993102	0.993102	0.992538	0.993102	8.779e-12	0.00186814	0.00227792	8.46634e-12	8.51608e-13	0.993101	0.398576	0.418233	2.75153e-09	2.61466e-09	0.00221238	0.000805269	3.43495e-05	0.000176943	
0.00291152	1.38507e-24	7.02327e-06	0.993102	0.993102	3.88116e-09	0.993101	0.00234844	0.66411	0.99272	0.993101	0.49915	0.993102	0.993102	0.992479	0.993102	8.12307e-12	0.00200616	0.00226847	7.82513e-12	6.37227e-13	0.993101	0.464964	0.482419	3.33537e-09	3.17435e-09	0.00226967	0.000584894	2.48742e-05	0.000131521	
0.00283044	1.03639e-24	6.15916e-06	0.993102	0.993102	4.02188e-09	0.993101	0.00237378	0.661166	0.992656	0.993101	0.533051	0.993102	0.993102	0.992462	0.993102	7.62814e-12	0.00211212	0.00226055	7.33878e-12	4.76814e-13	0.993101	0.506975	0.522887	3.60284e-09	3.43104e-09	0.00231354	0.000258019	1.11573e-05	6.42001e-05	
0.002768	7.75496e-25	5.46017e-06	0.993102	0.993102	4.18909e-09	0.993101	0.00239356	0.661568	0.992596	0.993101	0.562175	0.993102	0.993102	0.99244	0.993102	7.25099e-12	0.00219541	0.0022539	6.9652e-12	3.56782e-13	0.993101	0.542455	0.557106	3.87071e-09	3.68744e-09	0.00234785	0.000176146	7.60763e-06	4.68456e-05	
0.00272099	5.80276e-25	4.94407e-06	0.993102	0.993102	4.30363e-09	0.993101	0.00240858	0.661266	0.992553	0.993101	0.583607	0.993102	0.993102	0.992425	0.993102	6.96751e-12	0.00225873	0.00224844	6.68325e-12	2.66967e-13	0.993101	0.568713	0.582427	4.0622e-09	3.87039e-09	0.0023739	0.000178482	7.91991e-06	4.72208e-05	
0.00268603	4.34199e-25	4.55297e-06	0.993102	0.993102	4.39683e-09	0.993101	0.00241982	0.661397	0.992519	0.993101	0.599985	0.993102	0.993102	0.992413	0.993102	6.75591e-12	0.00230608	0.00224402	6.47235e-12	1.99762e-13	0.993101	0.588699	0.601724	4.21291e-09	4.01403e-09	0.0023934	0.000190568	8.74599e-06	5.00379e-05	
0.00266011	3.24895e-25	4.26282e-06	0.993102	0.993102	4.46397e-09	0.993101	0.00242819	0.661388	0.992494	0.993101	0.612075	0.993102	0.993102	0.992404	0.993102	6.59818e-12	0.00234137	0.00224047	6.31489e-12	1.49475e-13	0.993101	0.60348	0.616008	4.32285e-09	4.11854e-09	0.00240792	0.000202091	9.46225e-06	5.28958e-05	
0.00264092	2.43107e-25	4.04574e-06	0.993102	0.993102	4.51485e-09	0.993101	0.00243442	0.661426	0.992476	0.993101	0.621119	0.993102	0.993102	0.992398	0.993102	6.48066e-12	0.00236763	0.00223764	6.19741e-12	1.11846e-13	0.993101	0.614528	0.626697	4.40554e-09	4.19695e-09	0.00241873	0.000232087	1.10829e-05	6.06841e-05	
0.00262688	1.81908e-25	3.8842e-06	0.993102	0.993102	4.55275e-09	0.993101	0.00243898	0.661484	0.992463	0.993101	0.627808	0.993102	0.993102	0.992393	0.993102	6.39355e-12	0.00238691	0.0022354	6.11039e-12	8.36905e-14	0.993101	0.622693	0.63461	4.46667e-09	4.25474e-09	0.00242664	0.000218095	1.03378e-05	5.71553e-05	
0.00261633	1.36115e-25	3.76433e-06	0.993102	0.993102	4.57958e-09	0.993101	0.00244244	0.661437	0.992453	0.993101	0.632763	0.993102	0.993102	0.99239	0.993102	6.32821e-12	0.00240151	0.00223361	6.04486e-12	6.26226e-14	0.993101	0.628764	0.640495	4.51117e-09	4.2967e-09	0.00243264	0.00022884	1.08519e-05	6.04297e-05	
0.00260857	1.0185e-25	3.67396e-06	0.993102	0.993102	4.60102e-09	0.993101	0.00244499	0.661481	0.992445	0.993101	0.636511	0.993102	0.993102	0.992387	0.993102	6.27965e-12	0.0024123	0.0022322	5.99614e-12	4.68582e-14	0.993101	0.633339	0.644938	4.54562e-09	4.32912e-09	0.00243706	0.000237834	9.3698e-06	5.3756e-05	
0.00260259	7.62108e-26	3.60703e-06	0.993102	0.993102	4.61642e-09	0.993101	0.00244698	0.66149	0.99244	0.993101	0.639257	0.993102	0.993102	0.992385	0.993102	6.24391e-12	0.00242027	0.00223107	5.95996e-12	3.50623e-14	0.993101	0.636684	0.64818	4.57043e-09	4.35243e-09	0.00244051	0.000266367	1.04157e-05	6.02493e-05	
0.00259834	5.70258e-26	3.55723e-06	0.993102	0.993102	4.62833e-09	0.993101	0.00244839	0.661551	0.992436	0.993101	0.641269	0.993102	0.993102	0.992384	0.993102	6.21788e-12	0.00242588	0.00223019	5.93372e-12	2.62358e-14	0.993101	0.63912	0.65055	4.58885e-09	4.36966e-09	0.00244294	0.000436838	1.2548e-05	7.61457e-05	
0.00259564	4.26703e-26	3.52132e-06	0.993102	0.993102	4.63952e-09	0.993101	0.00244924	0.661907	0.992435	0.993101	0.642508	0.993102	0.993102	0.992382	0.993102	6.20317e-12	0.00242799	0.00222953	5.91912e-12	1.96313e-14	0.993101	0.640503	0.65191	4.60123e-09	4.38114e-09	0.0024444	0.000544991	1.46357e-05	9.30385e-05	
0.00259413	3.19287e-26	3.5009e-06	0.993102	0.993102	4.64175e-09	0.993101	0.00244968	0.662017	0.992435	0.993101	0.642905	0.993102	0.993102	0.992382	0.993102	6.19496e-12	0.00242825	0.00222903	5.9114e-12	1.46894e-14	0.993101	0.640905	0.652324	4.60223e-09	4.38181e-09	0.0024451	0.000632661	1.65188e-05	0.000112591	
0.00259356	2.38911e-26	3.48787e-06	0.993102	0.993102	4.6425e-09	0.993101	0.00244976	0.66217	0.992437	0.993101	0.642975	0.993102	0.993102	0.992382	0.993102	6.19089e-12	0.00242737	0.00222868	5.90823e-12	1.09916e-14	0.993101	0.640902	0.652357	4.60045e-09	4.37984e-09	0.00244517	0.000556112	1.15175e-05	7.6729e-05	
0.00259207	1.78768e-26	3.48016e-06	0.993102	0.993102	4.63842e-09	0.993101	0.00245027	0.66195	0.992438	0.993101	0.642945	0.993102	0.993102	0.992383	0.993102	6.18673e-12	0.00242765	0.00222835	5.90358e-12	8.22458e-15	0.993101	0.640858	0.652301	4.59557e-09	4.37511e-09	0.00244604	0.000554845	1.26402e-05	8.90914e-05	
0.00259131	1.33766e-26	3.4708e-06	0.993102	0.993102	4.64022e-09	0.993101	0.00245049	0.662027	0.992438	0.993101	0.643174	0.993102	0.993102	0.992382	0.993102	6.18318e-12	0.00242787	0.00222811	5.90006e-12	6.15416e-15	0.993101	0.641094	0.652538	4.59703e-09	4.37639e-09	0.0024464	0.000657801	1.75361e-05	0.000138207	
0.00259216	1.00092e-26	3.46597e-06	0.993102	0.993102	4.64116e-09	0.993101	0.00245006	0.662222	0.992439	0.993101	0.643135	0.993102	0.993102	0.992382	0.993102	6.18205e-12	0.00242678	0.00222798	5.90049e-12	4.60494e-15	0.993101	0.641004	0.652508	4.59635e-09	4.37555e-09	0.00244552	0.000717195	1.89091e-05	0.000162497	
0.00259345	7.48955e-27	3.46618e-06	0.993102	0.993102	4.63814e-09	0.993101	0.00244943	0.662281	0.992441	0.993101	0.642813	0.993102	0.993102	0.992382	0.993102	6.18224e-12	0.00242525	0.0022279	5.90257e-12	3.44571e-15	0.993101	0.640604	0.652186	4.59131e-09	4.37059e-09	0.00244429	0.000779981	1.98265e-05	0.000186219	
0.00259506	5.60417e-27	3.46778e-06	0.993102	0.993102	4.63541e-09	0.993101	0.00244867	0.662398	0.992443	0.993101	0.642432	0.993102	0.993102	0.992383	0.993102	6.18355e-12	0.00242334	0.00222787	5.906e-12	2.5783e-15	0.993101	0.64012	0.651789	4.58617e-09	4.36557e-09	0.00244279	0.000665839	1.60487e-05	0.000153804	
0.0025953	4.19341e-27	3.47043e-06	0.993102	0.993102	4.62867e-09	0.993101	0.0024485	0.662105	0.992444	0.993101	0.642148	0.993102	0.993102	0.992384	0.993102	6.18208e-12	0.00242329	0.00222783	5.90517e-12	1.92925e-15	0.993101	0.639849	0.651544	4.57963e-09	4.35934e-09	0.00244242	0.000734874	1.75195e-05	0.000179007	
0.00259618	3.13778e-27	3.46774e-06	0.993102	0.993102	4.63148e-09	0.993101	0.00244807	0.662363	0.992445	0.993101	0.64219	0.993102	0.993102	0.992383	0.993102	6.1823e-12	0.00242242	0.00222781	5.9066e-12	1.44359e-15	0.993101	0.639853	0.651592	4.58147e-09	4.36107e-09	0.00244155	0.000880638	1.98576e-05	0.000224078	
0.00259807	2.3479e-27	3.47101e-06	0.993102	0.993102	4.62997e-09	0.993101	0.00244718	0.66259	0.992447	0.993101	0.641757	0.993102	0.993102	0.992383	0.993102	6.18551e-12	0.00242	0.00222783	5.91202e-12	1.08019e-15	0.993101	0.639277	0.651109	4.5769e-09	4.35666e-09	0.00243982	0.00100811	2.13759e-05	0.000266155	
0.00260061	1.75686e-27	3.47817e-06	0.993102	0.993102	4.62555e-09	0.993101	0.00244601	0.662788	0.99245	0.993101	0.641025	0.993102	0.993102	0.992383	0.993102	6.1905e-12	0.00241664	0.00222789	5.91988e-12	8.08272e-16	0.993101	0.638339	0.650296	4.56825e-09	4.34837e-09	0.00243751	0.00107	2.13672e-05	0.000289447	
0.00260311	1.3146e-27	3.48742e-06	0.993102	0.993102	4.61852e-09	0.993101	0.00244484	0.662853	0.992453	0.993101	0.640178	0.993102	0.993102	0.992384	0.993102	6.19541e-12	0.00241339	0.00222796	5.92762e-12	6.04804e-16	0.993101	0.637294	0.649373	4.55723e-09	4.33786e-09	0.00243522	0.00130592	2.37191e-05	0.000365264	
0.00260701	9.83682e-28	3.4968e-06	0.993102	0.993102	4.6155e-09	0.993101	0.00244304	0.663348	0.992457	0.993101	0.639197	0.993102	0.993102	0.992384	0.993102	6.20398e-12	0.00240811	0.00222806	5.94049e-12	4.52556e-16	0.993101	0.635979	0.648244	4.54749e-09	4.32855e-09	0.00243169	0.0015856	2.67229e-05	0.000467253	
0.00261268	7.36064e-28	3.51446e-06	0.993102	0.993102	4.60592e-09	0.993101	0.00244045	0.663784	0.992464	0.993101	0.637565	0.993102	0.993102	0.992385	0.993102	6.21583e-12	0.00240081	0.00222821	5.95857e-12	3.38635e-16	0.993101	0.63389	0.646426	4.52894e-09	4.31084e-09	0.0024266	0.00207888	3.09304e-05	0.000637918	
0.00262152	5.5078e-28	3.53859e-06	0.993102	0.993102	4.59618e-09	0.993101	0.00243643	0.664711	0.992473	0.993101	0.635261	0.993102	0.993102	0.992385	0.993102	6.23467e-12	0.00238948	0.00222843	5.9871e-12	2.53391e-16	0.993101	0.630866	0.643822	4.50522e-09	4.28819e-09	0.00241873	0.00229245	3.14561e-05	0.000711054	
0.00263004	4.12139e-28	3.57493e-06	0.993102	0.993102	4.57088e-09	0.993101	0.00243253	0.664848	0.992484	0.993101	0.632209	0.993102	0.993102	0.992388	0.993102	6.25307e-12	0.00237848	0.00222869	6.01499e-12	1.89607e-16	0.993101	0.6271	0.640474	4.46689e-09	4.25172e-09	0.00241109	0.00260011	3.25502e-05	0.000826385	
0.00263948	3.08399e-28	3.60673e-06	0.993102	0.993102	4.55313e-09	0.993101	0.00242821	0.665473	0.992494	0.993101	0.629403	0.993102	0.993102	0.992389	0.993102	6.2728e-12	0.00236663	0.00222898	6.04533e-12	1.4188e-16	0.993101	0.623531	0.637358	4.43513e-09	4.22155e-09	0.00240262	0.00262344	3.07787e-05	0.000835734	
0.00264668	2.30773e-28	3.64235e-06	0.993102	0.993102	4.52595e-09	0.993101	0.00242486	0.665299	0.992504	0.993101	0.626545	0.993102	0.993102	0.992393	0.993102	6.28793e-12	0.0023575	0.00222928	6.06876e-12	1.06167e-16	0.993101	0.620077	0.634262	4.39769e-09	4.1861e-09	0.00239604	0.00413826	3.99137e-05	0.00138507	
0.00266716	1.72689e-28	3.67605e-06	0.993102	0.993102	4.53154e-09	0.993101	0.00241573	0.668661	0.992519	0.993101	0.622814	0.993102	0.993102	0.992389	0.993102	6.32993e-12	0.0023332	0.00222968	6.13382e-12	7.94442e-17	0.993101	0.614745	0.629882	4.37336e-09	4.16296e-09	0.00237826	0.00521697	4.39976e-05	0.00178738	
0.00269358	1.29226e-28	3.7754e-06	0.993102	0.993102	4.47574e-09	0.993101	0.00240409	0.669853	0.992545	0.993101	0.614715	0.993102	0.993102	0.992394	0.993102	6.38305e-12	0.00230289	0.00223023	6.21724e-12	5.94487e-17	0.993101	0.604571	0.620987	4.28457e-09	4.07854e-09	0.00235567	0.0057541	4.38727e-05	0.00198437	
0.00271869	9.67039e-29	3.87838e-06	0.993102	0.993102	4.4154e-09	0.993101	0.00239304	0.670604	0.992569	0.993101	0.606564	0.993102	0.993102	0.992401	0.993102	6.43366e-12	0.00227427	0.0022309	6.29724e-12	4.44867e-17	0.993101	0.594426	0.61206	4.19405e-09	3.99267e-09	0.00233426	0.00749125	4.78874e-05	0.0026172	
0.0027554	7.23686e-29	3.98474e-06	0.993102	0.993102	4.37767e-09	0.993101	0.00237732	0.674096	0.992597	0.993101	0.59743	0.993102	0.993102	0.992402	0.993102	6.50803e-12	0.00223408	0.00223169	6.41526e-12	3.32913e-17	0.993101	0.582409	0.601768	4.11137e-09	3.91433e-09	0.00230402	0.00752209	4.5268e-05	0.00263261	
0.00278302	5.41583e-29	4.14264e-06	0.993102	0.993102	4.27695e-09	0.993101	0.00236538	0.672974	0.992625	0.993101	0.586272	0.993102	0.993102	0.992415	0.993102	6.56376e-12	0.00220368	0.00223261	6.50462e-12	2.49141e-17	0.993101	0.569026	0.589722	3.98359e-09	3.79324e-09	0.00228103	0.00711186	4.11114e-05	0.00248025	
0.00279903	4.05325e-29	4.2313e-06	0.993102	0.993102	4.21871e-09	0.993101	0.00235822	0.672456	0.992642	0.993101	0.579815	0.993102	0.993102	0.992422	0.993102	6.59648e-12	0.00218531	0.00223352	6.55756e-12	1.86458e-17	0.993101	0.561237	0.58271	3.90833e-09	3.72232e-09	0.00226717	0.00917775	4.51052e-05	0.00326289	
0.00283373	3.03372e-29	4.3035e-06	0.993102	0.993102	4.21241e-09	0.993101	0.00234376	0.677067	0.992662	0.993101	0.573071	0.993102	0.993102	0.992418	0.993102	6.66439e-12	0.0021499	0.0022344	6.66848e-12	1.39554e-17	0.993101	0.551886	0.57493	3.86154e-09	3.67837e-09	0.00223962	0.0123649	5.06104e-05	0.00444596	
0.00289537	2.27074e-29	4.49688e-06	0.993102	0.993102	4.15389e-09	0.993101	0.00231942	0.68235	0.992695	0.993101	0.558331	0.993102	0.993102	0.992421	0.993102	6.78517e-12	0.00209167	0.00223545	6.86743e-12	1.04458e-17	0.993101	0.532647	0.558375	3.74373e-09	3.56673e-09	0.002194	0.0124103	4.67985e-05	0.00446794	
0.00294167	1.69969e-29	4.78381e-06	0.993102	0.993102	4.00955e-09	0.993101	0.00230096	0.680748	0.992729	0.993101	0.540647	0.993102	0.993102	0.992439	0.993102	6.87565e-12	0.00204767	0.00223674	7.01801e-12	7.81969e-18	0.993101	0.511595	0.539296	3.56954e-09	3.40159e-09	0.00215937	0.0147603	4.82291e-05	0.0053592	
0.00300412	1.27246e-29	4.97796e-06	0.993102	0.993102	3.95813e-09	0.993101	0.00227718	0.686216	0.992757	0.993101	0.526479	0.993102	0.993102	0.992441	0.993102	6.99586e-12	0.00199263	0.00223814	7.22111e-12	5.85466e-18	0.993101	0.493116	0.523354	3.46393e-09	3.30186e-09	0.00211538	0.0156681	4.641e-05	0.00562095	
0.00305882	9.52653e-30	5.29229e-06	0.993102	0.993102	3.83113e-09	0.993101	0.00225649	0.686448	0.992788	0.993101	0.507938	0.993102	0.993102	0.992456	0.993102	7.10906e-12	0.00194318	0.0022397	7.40919e-12	4.3843e-18	0.993101	0.470716	0.502997	3.30241e-09	3.14888e-09	0.00207725	0.0145271	4.04951e-05	0.00508237	
0.00308201	7.1334e-30	5.51724e-06	0.993102	0.993102	3.72127e-09	0.993101	0.00224698	0.6839	0.992808	0.993101	0.4952	0.993102	0.993102	0.992472	0.993102	7.17077e-12	0.00191659	0.00224127	7.50465e-12	3.28408e-18	0.993101	0.455786	0.488942	3.17798e-09	3.03136e-09	0.00205941	0.01722	4.12737e-05	0.0060268	
0.00312967	5.34347e-30	5.63615e-06	0.993102	0.993102	3.71558e-09	0.993101	0.00222944	0.690343	0.992827	0.993101	0.485488	0.993102	0.993102	0.992467	0.993102	7.28243e-12	0.00187248	0.00224267	7.68458e-12	2.46083e-18	0.993101	0.442324	0.47724	3.12168e-09	2.9787e-09	0.00202738	0.0178311	3.80761e-05	0.00605435	
0.00316584	4.00281e-30	5.93281e-06	0.993102	0.993102	3.60802e-09	0.993101	0.00221601	0.689706	0.992848	0.993101	0.469528	0.993102	0.993102	0.992482	0.993102	7.38793e-12	0.00183416	0.00224407	7.84466e-12	1.84482e-18	0.993101	0.423197	0.459158	2.98942e-09	2.85345e-09	0.00200284	0.0182537	3.54402e-05	0.00624829	
0.00319899	2.9998e-30	6.13921e-06	0.993102	0.993102	3.54172e-09	0.993101	0.00220385	0.690787	0.992865	0.993101	0.457851	0.993102	0.993102	0.99249	0.993102	7.47534e-12	0.00180185	0.0022454	7.98222e-12	1.38388e-18	0.993101	0.408868	0.445829	2.89865e-09	2.76777e-09	0.00198071	0.0228705	3.70761e-05	0.00790827	
0.00328043	2.24939e-30	6.38899e-06	0.993102	0.993102	3.52412e-09	0.993101	0.00217696	0.699874	0.992886	0.993101	0.442211	0.993102	0.993102	0.992485	0.993102	7.6588e-12	0.00173986	0.00224668	8.28948e-12	1.03897e-18	0.993101	0.388321	0.427508	2.81642e-09	2.69011e-09	0.00193325	0.0305331	4.06807e-05	0.0107799	
0.00344849	1.68684e-30	7.05977e-06	0.993102	0.993102	3.4386e-09	0.993101	0.00212744	0.712586	0.992917	0.993101	0.411264	0.993102	0.993102	0.992485	0.993102	8.00237e-12	0.00163791	0.00224829	8.90309e-12	7.80896e-19	0.993101	0.351092	0.393078	2.647e-09	2.52908e-09	0.00184889	0.0418554	4.51008e-05	0.0146813	
0.00374037	1.26481e-30	8.45676e-06	0.993102	0.993102	3.29348e-09	0.993101	0.00205304	0.730754	0.992952	0.993101	0.36438	0.993102	0.993102	0.99249	0.993102	8.62006e-12	0.0014936	0.00225067	1.00485e-11	5.87785e-19	0.993101	0.299086	0.342241	2.39868e-09	2.29267e-09	0.00172775	0.0571489	4.88287e-05	0.0200513	
0.00423322	9.47969e-31	1.14029e-05	0.993102	0.993102	3.07449e-09	0.993101	0.00195048	0.753849	0.992985	0.9931	0.305265	0.993102	0.993102	0.992502	0.993102	9.6551e-12	0.00131505	0.00225418	1.21173e-11	4.43287e-19	0.993101	0.240478	0.281117	2.08509e-09	1.99381e-09	0.00157065	0.0598306	4.70661e-05	0.0213124	
0.00467259	7.09982e-31	1.67755e-05	0.993102	0.993102	2.6952e-09	0.993101	0.00186344	0.756933	0.993012	0.9931	0.248975	0.993102	0.993102	0.992559	0.993102	1.05153e-11	0.00117114	0.00225913	1.39187e-11	3.35165e-19	0.993101	0.189904	0.225849	1.74269e-09	1.66725e-09	0.00143943	0.0765174	5.01766e-05	0.0275698	
0.005423	5.31993e-31	2.24716e-05	0.993102	0.993102	2.47309e-09	0.993101	0.00175085	0.781537	0.993034	0.993099	0.200522	0.993102	0.993102	0.992571	0.993102	1.19149e-11	0.00101039	0.00226485	1.71888e-11	2.54261e-19	0.993101	0.147644	0.178812	1.47528e-09	1.4124e-09	0.00128281	0.0640426	4.15398e-05	0.02286	
0.00565167	3.983e-31	3.15475e-05	0.993102	0.993102	2.08881e-09	0.993101	0.00170177	0.758736	0.99305	0.993099	0.161344	0.993102	0.993102	0.992646	0.993102	1.23729e-11	0.000928069	0.00227163	1.814e-11	1.93723e-19	0.993101	0.115569	0.142022	1.20838e-09	1.15765e-09	0.00120819	0.0628276	3.71056e-05	0.021748	
0.0057521	2.98579e-31	3.27293e-05	0.993102	0.993102	1.93777e-09	0.993101	0.00167384	0.761352	0.993061	0.993099	0.138502	0.993102	0.993102	0.99267	0.993102	1.27054e-11	0.0008707	0.00227777	1.8725e-11	1.48425e-19	0.993101	0.0946214	0.119041	1.06887e-09	1.02528e-09	0.00116361	0.0748833	3.72986e-05	0.0253028	
0.00605739	2.23982e-31	3.48062e-05	0.993102	0.993102	1.87134e-09	0.993101	0.00162549	0.779854	0.99307	0.993099	0.117134	0.993102	0.993102	0.992669	0.993102	1.35908e-11	0.00079003	0.00228302	2.05674e-11	1.1453e-19	0.993101	0.075989	0.0978414	9.56003e-10	9.18131e-10	0.00109587	0.0904474	3.75287e-05	0.0301793	
0.00665823	1.67926e-31	4.24936e-05	0.993102	0.993102	1.76031e-09	0.993101	0.0015547	0.801421	0.993078	0.993098	0.0946635	0.993102	0.993102	0.992674	0.993102	1.52216e-11	0.000692631	0.00228807	2.43402e-11	8.91679e-20	0.993101	0.0590055	0.077234	8.23128e-10	7.91264e-10	0.00100532	0.105823	3.67938e-05	0.035204	
0.00757241	1.25822e-31	5.97529e-05	0.993102	0.993102	1.60448e-09	0.993101	0.00146942	0.822325	0.993084	0.993097	0.0742346	0.993102	0.993102	0.99269	0.993102	1.75952e-11	0.000592894	0.00229348	3.03857e-11	7.01903e-20	0.993101	0.0449893	0.0595323	6.85841e-10	6.59807e-10	0.000903833	0.106842	3.37211e-05	0.0347013	
0.00820082	9.42203e-32	8.66791e-05	0.993102	0.993102	1.3952e-09	0.9931	0.00140869	0.827281	0.993088	0.993097	0.0577519	0.993102	0.993102	0.992733	0.993102	1.95524e-11	0.00051676	0.00229947	3.51599e-11	5.59899e-20	0.993101	0.0341886	0.0456253	5.59143e-10	5.38302e-10	0.000830964	0.0993086	2.98857e-05	0.0321392	
0.0084233	7.05549e-32	0.000108832	0.993102	0.993102	1.20336e-09	0.9931	0.00137949	0.816167	0.993092	0.993096	0.0455342	0.993102	0.993102	0.992778	0.993102	2.0406e-11	0.000471677	0.00230532	3.69947e-11	4.53644e-20	0.993101	0.0261922	0.0353304	4.59952e-10	4.43179e-10	0.000793105	0.108298	2.83357e-05	0.0332172	
0.00868806	5.28805e-32	0.000117391	0.993102	0.993102	1.13345e-09	0.9931	0.0013507	0.828114	0.993094	0.993096	0.0364919	0.993102	0.993102	0.992788	0.993102	2.2031e-11	0.00042396	0.00231037	4.04723e-11	3.74136e-20	0.993101	0.0201422	0.02752	3.96047e-10	3.82056e-10	0.000757545	0.127627	2.83835e-05	0.0386332	
0.00945464	3.96354e-32	0.000138692	0.993102	0.993102	1.09036e-09	0.9931	0.0012965	0.849443	0.993096	0.993094	0.0286062	0.993102	0.993102	0.992784	0.993102	2.54114e-11	0.000365488	0.00231482	4.91111e-11	3.14644e-20	0.993101	0.0152921	0.0210821	3.3718e-10	3.256e-10	0.000698992	0.129374	2.61528e-05	0.0380456	
0.00995708	2.96855e-32	0.000180683	0.993102	0.993102	9.81358e-10	0.9931	0.00125932	0.857683	0.993098	0.993093	0.0222265	0.993102	0.993102	0.992808	0.993102	2.83577e-11	0.000320079	0.00231939	5.62445e-11	2.70128e-20	0.993101	0.0115752	0.0160662	2.78923e-10	2.69563e-10	0.000658314	0.135372	2.5072e-05	0.0413525	
0.0107328	2.22354e-32	0.000232003	0.993102	0.993102	8.82303e-10	0.9931	0.00121301	0.865642	0.993099	0.993092	0.0172497	0.993102	0.993102	0.992828	0.993102	3.10718e-11	0.000280834	0.00232367	6.40671e-11	2.36818e-20	0.993101	0.00875588	0.0122434	2.31269e-10	2.23693e-10	0.00061112	0.111023	2.10037e-05	0.0337641	
0.0104597	1.66502e-32	0.000271033	0.993102	0.993102	7.50369e-10	0.9931	0.00122267	0.831176	0.9931	0.993092	0.0137649	0.993102	0.993102	0.992869	0.993102	3.02905e-11	0.000277393	0.00232791	6.14462e-11	2.11894e-20	0.993101	0.00673517	0.00953031	1.92274e-10	1.86136e-10	0.0006178	0.139279	2.23134e-05	0.0431218	
0.0113432	1.25295e-32	0.000261793	0.993102	0.993102	8.23711e-10	0.9931	0.00117619	0.858057	0.9931	0.993091	0.0112703	0.993102	0.993102	0.992829	0.993102	3.29417e-11	0.000245788	0.00233087	6.97462e-11	1.93244e-20	0.993101	0.00518204	0.00747651	1.82179e-10	1.76645e-10	0.000572704	0.176026	2.3774e-05	0.0553511	
0.014168	9.41479e-33	0.0003247	0.993102	0.993102	8.66261e-10	0.9931	0.00108476	0.886392	0.993101	0.993086	0.00870573	0.993102	0.993102	0.992778	0.993102	4.1413e-11	0.000202246	0.0023342	1.01753e-10	1.79289e-20	0.993101	0.00390197	0.00567007	1.58675e-10	1.54003e-10	0.000496253	0.181974	2.28005e-05	0.060067	
0.0174163	7.06006e-33	0.00049186	0.993102	0.993102	7.93255e-10	0.9931	0.000997934	0.905445	0.993101	0.993081	0.00665159	0.993102	0.993102	0.992783	0.993102	4.81388e-11	0.000167609	0.00233884	1.31965e-10	1.68847e-20	0.993101	0.00293171	0.00428351	1.31392e-10	1.27619e-10	0.000427408	0.23349	2.44278e-05	0.0784515	
0.026819	5.29769e-33	0.000892812	0.993102	0.993102	7.85475e-10	0.993099	0.000875693	0.926015	0.993101	0.993062	0.00501066	0.993102	0.993102	0.992716	0.993102	6.92327e-11	0.000131224	0.00234438	2.55169e-10	1.61033e-20	0.993101	0.0021952	0.00321259	1.06951e-10	1.03953e-10	0.000346698	0.303271	2.76521e-05	0.110664	
0.0636654	3.98782e-33	0.00216661	0.993102	0.993102	8.56721e-10	0.993098	0.000722984	0.942764	0.993102	0.992971	0.00375479	0.993102	0.993102	0.992421	0.993102	1.22035e-10	9.96293e-05	0.00235147	8.2251e-10	1.55187e-20	0.993101	0.00164271	0.00240495	8.57357e-11	8.33903e-11	0.000266834	0.259377	2.32986e-05	0.0948605	
0.0727973	2.9904e-33	0.00314354	0.993102	0.993102	7.5042e-10	0.993097	0.000633885	0.954307	0.993102	0.992962	0.00281904	0.993102	0.993102	0.992475	0.993102	1.31239e-10	7.80103e-05	0.00236038	8.77991e-10	1.50812e-20	0.993101	0.00122953	0.00180192	6.8224e-11	6.64087e-11	0.000213608	0.268836	2.22316e-05	0.102633	
0.0875367	2.24316e-33	0.00458204	0.993102	0.993102	6.51149e-10	0.993097	0.000553844	0.963097	0.993102	0.992946	0.00211561	0.993102	0.993102	0.992521	0.993102	1.39424e-10	6.12371e-05	0.00236917	9.74189e-10	1.47538e-20	0.993101	0.000920237	0.00135008	5.42756e-11	5.28752e-11	0.000170055	0.348839	2.50058e-05	0.144527	
0.177618	1.69936e-33	0.0094692	0.993102	0.993102	6.48104e-10	0.993094	0.000448834	0.970603	0.993102	0.992733	0.00158409	0.993102	0.993102	0.992202	0.993102	1.92517e-10	4.63998e-05	0.00237771	2.30029e-09	1.45089e-20	0.993101	0.000688597	0.00101054	4.33141e-11	4.22352e-11	0.000129159	0.333234	2.29039e-05	0.143365	
0.242023	1.28633e-33	0.013907	0.993102	0.993102	5.88444e-10	0.993092	0.000371066	0.976163	0.993102	0.992641	0.00118655	0.993102	0.993102	0.992136	0.993102	2.09982e-10	3.55095e-05	0.00238661	2.87144e-09	1.43256e-20	0.993101	0.00051528	0.000756642	3.47306e-11	3.39015e-11	9.86486e-05	0.377123	2.33591e-05	0.168504	
0.35081	9.94827e-34	0.0227075	0.993102	0.993102	5.74835e-10	0.993087	0.000298958	0.980407	0.993102	0.992311	0.000888315	0.993102	0.993102	0.991749	0.993102	2.52899e-10	2.6899e-05	0.00239517	4.91572e-09	1.41885e-20	0.993101	0.000385572	0.000566376	2.80604e-11	2.74237e-11	7.45483e-05	0.365498	2.04871e-05	0.15856	
0.409105	7.62713e-34	0.0280107	0.993102	0.993102	5.49439e-10	0.993085	0.000249687	0.983568	0.993102	0.992156	0.000665228	0.993102	0.993102	0.99163	0.993102	2.81717e-10	2.0542e-05	0.00240329	5.87172e-09	1.40858e-20	0.993101	0.000288518	0.000424003	2.28979e-11	2.24094e-11	5.68729e-05	0.380981	1.95457e-05	0.169965	
0.478846	5.96187e-34	0.0354755	0.993102	0.993102	5.32522e-10	0.993082	0.000207518	0.985948	0.993102	0.991911	0.000498133	0.993102	0.993102	0.991414	0.993102	3.11042e-10	1.56749e-05	0.00241056	7.38341e-09	1.40091e-20	0.993101	0.000215893	0.000317429	1.89168e-11	1.85417e-11	4.32473e-05	0.447192	2.06159e-05	0.212514	
0.589435	5.73144e-34	0.0593947	0.993102	0.993102	5.84121e-10	0.993071	0.000164111	0.987748	0.993102	0.990403	0.000372828	0.993102	0.993102	0.989746	0.993102	3.93512e-10	1.18099e-05	0.00241705	1.67656e-08	1.39516e-20	0.993101	0.000161546	0.00023758	1.58535e-11	1.55651e-11	3.24865e-05	0.438969	1.83897e-05	0.203732	
0.665047	5.12068e-34	0.0734863	0.993102	0.993102	6.18017e-10	0.993065	0.000133325	0.989093	0.993102	0.989545	0.00027908	0.993102	0.993102	0.988876	0.993102	4.56896e-10	8.93224e-06	0.00242294	2.20858e-08	1.39086e-20	0.993101	0.00012088	0.000177829	1.34999e-11	1.32782e-11	2.44876e-05	0.498145	1.89076e-05	0.24395	
0.74195	7.771e-34	0.112922	0.993102	0.993102	7.19625e-10	0.993043	0.000104471	0.990102	0.993102	0.985484	0.000208857	0.993102	0.993102	0.984566	0.993102	5.7907e-10	6.71287e-06	0.0024281	4.7692e-08	1.38764e-20	0.993101	9.04502e-05	0.000133089	1.16944e-11	1.15236e-11	1.8359e-05	0.521333	1.81456e-05	0.256111	
0.801649	1.19689e-33	0.154939	0.993102	0.993102	8.52525e-10	0.993018	8.18627e-05	0.990857	0.993102	0.9796	0.0001563	0.993102	0.993102	0.978437	0.993102	7.2885e-10	5.04136e-06	0.00243267	8.52848e-08	1.38524e-20	0.993101	6.76807e-05	9.9602e-05	1.03106e-11	1.0179e-11	1.37594e-05	0.525229	1.64425e-05	0.252712	
0.845812	1.41682e-33	0.183711	0.993102	0.993102	9.9568e-10	0.993001	6.52031e-05	0.991422	0.993102	0.974575	0.000116971	0.993102	0.993102	0.973329	0.993102	8.87207e-10	3.78925e-06	0.00243662	1.17487e-07	1.38344e-20	0.993101	5.0643e-05	7.45405e-05	9.25109e-12	9.14959e-12	1.03209e-05	0.533644	1.508e-05	0.255195	
0.879232	1.62299e-33	0.208277	0.993102	0.993102	1.14319e-09	0.992987	5.25449e-05	0.991845	0.993102	0.969322	8.754e-05	0.993102	0.993102	0.968069	0.993102	1.04864e-09	2.84971e-06	0.00243997	1.51462e-07	1.38209e-20	0.993101	3.78944e-05	5.57853e-05	8.44054e-12	8.36215e-12	7.74563e-06	0.495871	1.25762e-05	0.226671	
0.89679	1.39126e-33	0.201802	0.993102	0.993102	1.18345e-09	0.992994	4.59598e-05	0.992161	0.993102	0.970545	6.55343e-05	0.993102	0.993102	0.969493	0.993102	1.10439e-09	2.16289e-06	0.00244276	1.43206e-07	1.38108e-20	0.993101	2.83551e-05	4.17555e-05	7.82087e-12	7.76026e-12	5.86732e-06	0.564028	1.29019e-05	0.277343	
0.919513	2.36638e-33	0.247094	0.993102	0.993102	1.3479e-09	0.99296	3.68014e-05	0.992398	0.993102	0.958587	4.90449e-05	0.993102	0.993102	0.957506	0.993102	1.27989e-09	1.62623e-06	0.00244501	2.23879e-07	1.38033e-20	0.993101	2.12171e-05	3.12507e-05	7.34751e-12	7.30039e-12	4.39973e-06	0.604132	1.27593e-05	0.308842	
0.937604	6.39887e-33	0.320087	0.993102	0.993102	1.55509e-09	0.992881	2.88205e-05	0.992575	0.993102	0.931037	3.67021e-05	0.993102	0.993102	0.929847	0.993102	1.49629e-09	1.22035e-06	0.00244692	4.28188e-07	1.37976e-20	0.993101	1.5876e-05	2.33885e-05	6.98597e-12	6.94924e-12	3.29483e-06	0.607599	1.18175e-05	0.311067	
0.951178	9.81139e-33	0.377671	0.993102	0.993102	1.7218e-09	0.992816	2.2791e-05	0.992708	0.993102	0.90811	2.74661e-05	0.993102	0.993102	0.906994	0.993102	1.67169e-09	9.16418e-07	0.00244853	6.00674e-07	1.37934e-20	0.993101	1.18795e-05	1.75052e-05	6.70994e-12	6.68125e-12	2.46785e-06	0.66721	1.22793e-05	0.369543	
0.961694	5.91646e-32	0.482483	0.993102	0.993102	1.85778e-09	0.9925	1.74337e-05	0.992807	0.993102	0.835537	2.05529e-05	0.993102	0.993102	0.834534	0.993102	1.81553e-09	6.86715e-07	0.00244989	1.37519e-06	1.37902e-20	0.993101	8.88897e-06	1.31027e-05	6.4993e-12	6.47679e-12	1.84684e-06	0.690123	1.17351e-05	0.39599	
0.969587	1.92945e-31	0.578898	0.993102	0.993102	1.91955e-09	0.991989	1.32676e-05	0.992882	0.993102	0.752455	1.53796e-05	0.993102	0.993102	0.752053	0.993102	1.88458e-09	5.14472e-07	0.00245103	2.51151e-06	1.37879e-20	0.993101	6.65129e-06	9.80911e-06	6.33859e-12	6.32089e-12	1.382e-06	0.68144	1.04664e-05	0.395477	
0.975493	2.89607e-31	0.650794	0.993102	0.993102	1.88524e-09	0.991606	1.01502e-05	0.992937	0.993102	0.699823	1.15088e-05	0.993102	0.993102	0.700598	0.993102	1.85691e-09	3.85707e-07	0.00245198	3.15117e-06	1.37861e-20	0.993101	4.97692e-06	7.3465e-06	6.21602e-12	6.20208e-12	1.03419e-06	0.723826	1.06001e-05	0.450371	
0.979924	1.51899e-30	0.725158	0.993102	0.993102	1.7598e-09	0.989992	7.66869e-06	0.992979	0.993102	0.608059	8.61191e-06	0.993102	0.993102	0.610109	0.993102	1.73731e-09	2.88931e-07	0.00245276	5.37263e-06	1.37848e-20	0.993101	3.72405e-06	5.50817e-06	6.12259e-12	6.11154e-12	7.73853e-07	0.699396	9.42915e-06	0.442306	
0.98324	2.07828e-30	0.778859	0.993102	0.993102	1.56826e-09	0.989023	5.82202e-06	0.99301	0.993102	0.564449	6.4445e-06	0.993102	0.993102	0.56965	0.993102	1.55071e-09	2.16718e-07	0.00245339	5.99299e-06	1.37838e-20	0.993101	2.78658e-06	4.14281e-06	6.05137e-12	6.04261e-12	5.79059e-07	0.726633	9.24579e-06	0.480581	
0.985722	5.90287e-30	0.826206	0.993102	0.993102	1.37499e-09	0.986242	4.39464e-06	0.993033	0.993102	0.498084	4.82249e-06	0.993102	0.993102	0.506233	0.993102	1.36141e-09	1.62465e-07	0.00245391	8.02026e-06	1.3783e-20	0.993101	2.08509e-06	3.13292e-06	5.99712e-12	5.99012e-12	4.33291e-07	0.739539	8.81114e-06	0.508429	
0.98758	1.76489e-29	0.864405	0.993102	0.993102	1.17824e-09	0.981032	3.30907e-06	0.99305	0.993102	0.43044	3.60872e-06	0.993102	0.993102	0.442774	0.993102	1.16782e-09	1.218e-07	0.00245433	1.1117e-05	1.37825e-20	0.993101	1.5602e-06	2.40423e-06	5.9558e-12	5.95017e-12	3.24217e-07	0.76124	8.50353e-06	0.541418	
0.98897	6.26852e-29	0.894817	0.993102	0.993102	1.00078e-09	0.969637	2.48571e-06	0.993063	0.993102	0.356188	2.70043e-06	0.993102	0.993102	0.373126	0.993102	9.92824e-10	9.12899e-08	0.00245466	1.80439e-05	1.37821e-20	0.993101	1.16744e-06	1.89318e-06	5.92434e-12	5.91978e-12	2.426e-07	0.789511	8.40837e-06	0.5816	
0.99001	2.93636e-28	0.918666	0.993102	0.993102	8.42718e-10	0.938875	1.86341e-06	0.993073	0.993102	0.27998	2.02072e-06	0.993102	0.993102	0.300023	0.993102	8.36658e-10	6.83949e-08	0.00245493	4.05027e-05	1.37817e-20	0.993101	8.73557e-07	1.56821e-06	5.90039e-12	5.89666e-12	1.81529e-07	0.797744	7.92e-06	0.597776	
0.990788	6.90777e-28	0.936758	0.993102	0.993102	7.10638e-10	0.876198	1.39567e-06	0.99308	0.993102	0.212975	1.5121e-06	0.993102	0.993102	0.234497	0.993102	7.06031e-10	5.12504e-08	0.00245515	0.000139236	1.37815e-20	0.993099	6.53651e-07	1.38172e-06	5.88216e-12	5.87909e-12	1.35831e-07	0.806524	7.4017e-06	0.61246	
0.991371	1.36419e-27	0.95046	0.993102	0.993102	6.02879e-10	0.737195	1.04461e-06	0.993086	0.993102	0.159602	1.13151e-06	0.993102	0.993102	0.177937	0.993102	5.9938e-10	3.841e-08	0.00245531	0.00168778	1.37813e-20	0.993074	4.89103e-07	1.29761e-06	5.8683e-12	5.86574e-12	1.01638e-07	0.838462	7.45731e-06	0.656255	
0.991807	5.90438e-27	0.960993	0.993102	0.993102	5.07222e-10	0.554706	7.81653e-07	0.99309	0.993102	0.119425	8.46702e-07	0.993102	0.993102	0.133225	0.993102	5.04569e-10	2.87731e-08	0.00245544	0.190841	1.37812e-20	0.986596	3.65978e-07	1.39467e-06	5.85775e-12	5.85559e-12	7.60518e-08	0.856299	7.24793e-06	0.680085	
0.992133	1.70841e-26	0.968951	0.993102	0.993099	4.29303e-10	0.415117	5.84882e-07	0.993093	0.993102	0.0893612	6.33579e-07	0.993102	0.993102	0.0996891	0.993102	4.27291e-10	2.15525e-08	0.00245554	0.392762	1.37811e-20	0.744422	2.73848e-07	1.58202e-06	5.84974e-12	5.84788e-12	5.69068e-08	0.851775	6.59936e-06	0.675995	
0.992377	2.35368e-26	0.974895	0.993102	0.993056	3.7056e-10	0.31062	4.37646e-07	0.993095	0.993102	0.0668658	4.74109e-07	0.993102	0.993102	0.0745938	0.993102	3.69042e-10	1.61517e-08	0.00245565	0.543889	1.37815e-20	0.557048	2.04911e-07	1.73155e-06	5.84364e-12	5.84204e-12	4.25813e-08	0.862941	6.26149e-06	0.690034	
0.992559	3.64656e-26	0.979376	0.993102	0.992597	3.23767e-10	0.232426	3.27475e-07	0.993097	0.993102	0.0500332	3.54778e-07	0.993102	0.993102	0.0558159	0.993102	3.22742e-10	1.21055e-08	0.00245627	0.656973	1.37877e-20	0.416819	1.53327e-07	1.90961e-06	5.83901e-12	5.83762e-12	3.1862e-08	0.884443	6.12358e-06	0.717595	
0.992696	8.40604e-26	0.982773	0.993102	0.988877	2.82697e-10	0.173916	2.45037e-07	0.993098	0.993102	0.037438	2.6548e-07	0.993102	0.993102	0.041765	0.993102	2.83159e-10	9.07087e-09	0.00246242	0.741589	1.38568e-20	0.31189	1.14729e-07	2.20405e-06	5.83549e-12	5.83426e-12	2.38412e-08	0.900652	5.97175e-06	0.742417	
0.992798	2.16127e-25	0.985337	0.993102	0.970836	2.40861e-10	0.130135	1.83353e-07	0.993099	0.993102	0.0280135	1.98659e-07	0.993102	0.993102	0.0312512	0.993102	2.49657e-10	6.79596e-09	0.00251512	0.804904	1.44764e-20	0.233376	8.58476e-08	2.66474e-06	5.83282e-12	5.83171e-12	1.78395e-08	0.916476	5.84708e-06	0.762535	
0.992875	5.04329e-25	0.987268	0.993102	0.919195	1.93307e-10	0.0973753	1.37196e-07	0.9931	0.993102	0.0209615	1.48656e-07	0.993102	0.993102	0.0233841	0.993102	2.36545e-10	5.08952e-09	0.00284568	0.85228	1.92854e-20	0.174627	6.42367e-08	2.83448e-06	5.83079e-12	5.82978e-12	1.33486e-08	0.9265	5.65061e-06	0.773825	
0.992932	9.15558e-25	0.988717	0.993102	0.833424	1.46261e-10	0.0728624	1.02659e-07	0.993101	0.993102	0.0156847	1.11239e-07	0.993102	0.993102	0.0174975	0.993102	3.13209e-10	3.80957e-09	0.00481761	0.88773	8.11304e-20	0.130667	4.8066e-08	2.43573e-06	5.82925e-12	5.82833e-12	9.9883e-09	0.934883	5.32324e-06	0.780381	
0.992975	1.38463e-24	0.989804	0.993102	0.730724	1.09496e-10	0.0545202	7.68158e-08	0.993101	0.993102	0.0117363	8.3241e-08	0.993102	0.993102	0.0130927	0.993102	1.01974e-09	2.85075e-09	0.0178504	0.914256	2.12184e-18	0.0977733	3.5966e-08	1.8752e-06	5.82808e-12	5.82723e-12	7.47388e-09	0.92748	4.82734e-06	0.766561	
0.993007	1.43855e-24	0.990612	0.993102	0.648379	8.19326e-11	0.0407955	5.74785e-08	0.993101	0.993102	0.00878185	6.22917e-08	0.993102	0.993102	0.00979683	0.993102	7.7271e-09	2.13314e-09	0.0934348	0.934105	1.2696e-16	0.0731602	2.6912e-08	1.40837e-06	5.82719e-12	5.82641e-12	5.59243e-09	0.95651	4.94437e-06	0.811416	
0.993031	3.4971e-24	0.99123	0.993102	0.528917	6.13072e-11	0.0305258	4.30091e-08	0.993102	0.993102	0.00657114	4.66136e-08	0.993102	0.993102	0.00733061	0.993102	3.21239e-08	1.59616e-09	0.247371	0.948956	3.47311e-15	0.0547431	2.01373e-08	1.05572e-06	5.82651e-12	5.82578e-12	4.18462e-09	0.96001	4.66665e-06	0.814158	
0.993049	5.31806e-24	0.991693	0.993102	0.43091	4.5874e-11	0.0228413	3.21821e-08	0.993102	0.993102	0.00491694	3.48821e-08	0.993102	0.993102	0.00548529	0.993102	3.15694e-07	1.19435e-09	0.426066	0.96007	4.04341e-13	0.0409623	1.5068e-08	7.90127e-07	5.826e-12	5.82532e-12	3.1312e-09	0.962313	4.36838e-06	0.816535	
0.993062	6.95007e-24	0.992039	0.993102	0.351926	3.43258e-11	0.0170913	2.40807e-08	0.993102	0.993102	0.00367917	2.61037e-08	0.993102	0.993102	0.00410477	0.993102	2.304e-06	8.93686e-10	0.567497	0.968385	2.05556e-11	0.0306506	1.12748e-08	5.91247e-07	5.82561e-12	5.82497e-12	2.34296e-09	0.966527	4.11791e-06	0.822124	
0.993072	8.9155e-24	0.9923	0.993102	0.287418	2.56848e-11	0.0127888	1.80187e-08	0.993102	0.993102	0.00275299	1.9535e-08	0.993102	0.993102	0.00307275	0.993102	1.14872e-05	6.68713e-10	0.674366	0.974607	4.92458e-10	0.0229347	8.43656e-09	4.42414e-07	5.82532e-12	5.82472e-12	1.75315e-09	0.974464	3.94861e-06	0.835555	
0.99308	1.30287e-23	0.992496	0.993102	0.232457	1.9219e-11	0.00956942	1.34827e-08	0.993102	0.993102	0.00205996	1.46194e-08	0.993102	0.993102	0.00230293	0.993102	4.03754e-05	5.00373e-10	0.754528	0.979263	6.66668e-09	0.0171612	6.31277e-09	3.31044e-07	5.8251e-12	5.82453e-12	1.31182e-09	0.976299	3.70013e-06	0.838092	
0.993085	1.67854e-23	0.992643	0.993102	0.189559	1.43809e-11	0.00716045	1.00886e-08	0.993102	0.993102	0.00154139	1.09412e-08	0.993102	0.993102	0.00173325	0.993102	0.000124255	3.74411e-10	0.814561	0.982747	6.17401e-08	0.0128411	4.72361e-09	2.47709e-07	5.82493e-12	5.8244e-12	9.81586e-10	0.979503	3.47026e-06	0.845734	
0.99309	2.21126e-23	0.992754	0.993102	0.154762	1.07607e-11	0.0053579	7.54897e-09	0.993102	0.993102	0.00115337	8.18886e-09	0.993102	0.993102	0.00131811	0.993102	0.000295836	2.80158e-10	0.859496	0.985354	3.61841e-07	0.00960853	3.53451e-09	1.85352e-07	5.8248e-12	5.8243e-12	7.34485e-10	0.98476	3.30693e-06	0.858076	
0.993093	3.21963e-23	0.992838	0.993102	0.125667	8.05182e-12	0.00400912	5.64862e-09	0.993102	0.993102	0.000863024	6.12916e-09	0.993102	0.993102	0.00102318	0.993102	0.000574256	2.09632e-10	0.893124	0.987304	1.54037e-06	0.00718972	2.64474e-09	1.38692e-07	5.8247e-12	5.82423e-12	5.49589e-10	0.987881	3.1043e-06	0.865697	
0.993095	4.53192e-23	0.992902	0.993102	0.10233	6.02488e-12	0.00299988	4.22665e-09	0.993102	0.993102	0.000645769	4.58785e-09	0.993102	0.993102	0.000825963	0.993102	0.00100632	1.5686e-10	0.918289	0.988764	5.21804e-06	0.0053798	1.97897e-09	1.03778e-07	5.82463e-12	5.82419e-12	4.11237e-10	0.993358	3.01239e-06	0.877631	
0.993097	6.81274e-23	0.99295	0.993102	0.0830239	4.5082e-12	0.0022447	3.16265e-09	0.993102	0.993102	0.000483206	3.43438e-09	0.993102	0.993102	0.000702572	0.993102	0.00156042	1.17373e-10	0.937121	0.989856	1.42441e-05	0.00402551	1.48079e-09	7.76537e-08	5.82457e-12	5.82415e-12	3.07714e-10	0.995855	2.85282e-06	0.885002	
0.993098	9.69272e-23	0.992986	0.993102	0.067631	3.37332e-12	0.00167963	2.3665e-09	0.993102	0.993102	0.000361565	2.57121e-09	0.993102	0.993102	0.000642235	0.993102	0.00224405	8.78257e-11	0.951212	0.990673	3.30384e-05	0.00301214	1.10802e-09	5.81055e-08	5.82453e-12	5.82414e-12	2.30251e-10	1.00257	2.7231e-06	0.898614	
0.993099	1.51732e-22	0.993014	0.993102	0.0547762	2.52413e-12	0.0012568	1.77076e-09	0.993102	0.993102	0.000270546	1.92516e-09	0.993102	0.993102	0.000617593	0.993102	0.00295403	6.57168e-11	0.961756	0.991285	6.61433e-05	0.00225388	8.29091e-10	4.34784e-08	5.8245e-12	5.82413e-12	1.72288e-10	1.01167	2.69871e-06	0.917167	
0.9931	2.79894e-22	0.993035	0.993102	0.0438554	1.88872e-12	0.000940421	1.325e-09	0.993102	0.993102	0.00020244	1.44154e-09	0.993102	0.993102	0.000608607	0.993102	0.00357442	4.91735e-11	0.969647	0.991742	0.000118754	0.00168649	6.20378e-10	3.25334e-08	5.82448e-12	5.82412e-12	1.28917e-10	1.01051	2.5471e-06	0.920299	
0.993101	3.97997e-22	0.993051	0.993102	0.0354947	1.41326e-12	0.000703683	9.91447e-10	0.993102	0.993102	0.000151478	1.07968e-09	0.993102	0.993102	0.000640709	0.993102	0.00423083	3.67947e-11	0.975551	0.992085	0.000196046	0.00126194	4.64206e-10	2.43436e-08	5.82446e-12	5.82412e-12	9.6464e-11	1.0095	2.3623e-06	0.922263	
0.993101	5.01782e-22	0.993063	0.993102	0.0291245	1.05749e-12	0.00052654	7.41864e-10	0.993102	0.993102	0.000113346	8.08944e-10	0.993102	0.993102	0.000701819	0.993102	0.00489795	2.75322e-11	0.979968	0.992341	0.000296423	0.000944265	3.47349e-10	1.82155e-08	5.82445e-12	5.82412e-12	7.21805e-11	1.02072	2.28804e-06	0.938192	
0.993101	7.61211e-22	0.993072	0.993102	0.0236568	7.91281e-13	0.000393991	5.5511e-10	0.993102	0.993102	8.48125e-05	6.06147e-10	0.993102	0.993102	0.000726296	0.993102	0.00545517	2.06013e-11	0.983274	0.992532	0.000414952	0.000706559	2.59908e-10	1.36301e-08	5.82444e-12	5.82413e-12	5.401e-11	1.01948	2.12381e-06	0.938054	
0.993101	9.53206e-22	0.993079	0.993102	0.0195657	5.92087e-13	0.000294809	4.15368e-10	0.993102	0.993102	6.34621e-05	4.54423e-10	0.993102	0.993102	0.000772859	0.993102	0.00603416	1.54152e-11	0.985748	0.992676	0.000550816	0.000528692	1.9448e-10	1.0199e-08	5.82444e-12	5.82414e-12	4.04137e-11	1.023	2.04998e-06	0.946263	
0.993102	1.24597e-21	0.993084	0.993102	0.0162209	4.43037e-13	0.000220595	3.10805e-10	0.993102	0.993102	4.74864e-05	3.40834e-10	0.993102	0.993102	0.000809875	0.993102	0.00644438	1.15346e-11	0.987599	0.992783	0.000695158	0.000395601	1.45522e-10	7.63165e-09	5.82443e-12	5.82415e-12	3.02401e-11	1.02336	1.88827e-06	0.946064	
0.993102	1.46084e-21	0.993088	0.993102	0.013722	3.31508e-13	0.000165063	2.32564e-10	0.993102	0.993102	3.55323e-05	2.55834e-10	0.993102	0.993102	0.00085143	0.993102	0.00690674	8.63095e-12	0.988984	0.992863	0.000843624	0.000296014	1.08889e-10	5.71058e-09	5.82443e-12	5.82416e-12	2.26276e-11	1.02558	1.79974e-06	0.951372	
0.993102	1.74661e-21	0.993091	0.993102	0.011692	2.48056e-13	0.000123511	1.74019e-10	0.993102	0.993102	2.65875e-05	1.92197e-10	0.993102	0.993102	0.000883652	0.993102	0.00722828	6.45822e-12	0.99002	0.992924	0.000988671	0.000221497	8.14777e-11	4.27312e-09	5.82443e-12	5.82418e-12	1.69314e-11	1.03795	1.82018e-06	0.969073	
0.993102	2.63361e-21	0.993093	0.993102	0.00974916	1.85611e-13	9.24185e-05	1.30212e-10	0.993102	0.993102	1.98945e-05	1.44412e-10	0.993102	0.993102	0.000861556	0.993102	0.00733839	4.83245e-12	0.990796	0.992969	0.00112739	0.000165738	6.09668e-11	3.19754e-09	5.82443e-12	5.82418e-12	1.26692e-11	1.0323	1.69158e-06	0.965539	
0.993102	3.12241e-21	0.993095	0.993102	0.00836775	1.38886e-13	6.91534e-05	9.74331e-11	0.993102	0.993102	1.48863e-05	1.08728e-10	0.993102	0.993102	0.000877683	0.993102	0.00741436	3.61595e-12	0.991376	0.993002	0.00126246	0.000124016	4.56192e-11	2.39272e-09	5.82442e-12	5.82419e-12	9.47986e-12	1.02774	1.58112e-06	0.960862	
0.993102	3.29165e-21	0.993097	0.993102	0.00743824	1.03923e-13	5.1745e-05	7.29056e-11	0.993102	0.993102	1.11389e-05	8.20905e-11	0.993102	0.993102	0.000919049	0.993102	0.00752887	2.70568e-12	0.99181	0.993027	0.00138728	9.27963e-05	3.41352e-11	1.79051e-09	5.82442e-12	5.8242e-12	7.09344e-12	1.02132	1.45916e-06	0.953106	
0.993102	3.16351e-21	0.993097	0.993102	0.00693864	7.7762e-14	3.87189e-05	5.45526e-11	0.993102	0.993102	8.33483e-06	6.22591e-11	0.993102	0.993102	0.000991343	0.993102	0.00770585	2.02456e-12	0.992135	0.993046	0.00149742	6.94361e-05	2.55421e-11	1.33988e-09	5.82442e-12	5.82422e-12	5.30776e-12	1.02136	1.35633e-06	0.953931	
0.993102	3.09111e-21	0.993098	0.993102	0.00654213	5.81865e-14	2.89719e-05	4.08197e-11	0.993102	0.993102	6.23665e-06	4.74193e-11	0.993102	0.993102	0.00104814	0.993102	0.00782675	1.51491e-12	0.992378	0.99306	0.00158909	5.19565e-05	1.91122e-11	1.0027e-09	5.82442e-12	5.82423e-12	3.9716e-12	1.01975	1.29437e-06	0.95512	
0.993102	3.0722e-21	0.993099	0.993102	0.00621362	4.35388e-14	2.16787e-05	3.05439e-11	0.993102	0.993102	4.66666e-06	3.63427e-11	0.993102	0.993102	0.00110316	0.993102	0.00782094	1.13355e-12	0.99256	0.993071	0.00166515	3.88772e-05	1.4301e-11	7.50409e-10	5.82442e-12	5.82424e-12	2.97181e-12	1.03801	1.25867e-06	0.973574	
0.993102	3.88722e-21	0.993099	0.993102	0.00556226	3.25785e-14	1.62213e-05	2.28549e-11	0.993102	0.993102	3.49189e-06	2.77912e-11	0.993102	0.993102	0.00104829	0.993102	0.00782184	8.48194e-13	0.992696	0.993079	0.00172836	2.90904e-05	1.07009e-11	5.6163e-10	5.82442e-12	5.82425e-12	2.22369e-12	1.03588	1.13792e-06	0.969567	
0.993102	4.26184e-21	0.9931	0.993102	0.00515063	2.43773e-14	1.21378e-05	1.71015e-11	0.993102	0.993102	2.61285e-06	2.14184e-11	0.993102	0.993102	0.00101993	0.993102	0.00792388	6.34673e-13	0.992798	0.993085	0.00178836	2.17673e-05	8.00711e-12	4.20363e-10	5.82442e-12	5.82426e-12	1.66391e-12	1.03598	1.0359e-06	0.968767	
0.993102	4.49957e-21	0.9931	0.993102	0.00485842	1.82407e-14	9.08231e-06	1.27964e-11	0.993102	0.993102	1.9551e-06	1.66486e-11	0.993102	0.993102	0.00100016	0.993102	0.00805483	4.74903e-13	0.992875	0.993089	0.00184146	1.62877e-05	5.99143e-12	3.14652e-10	5.82442e-12	5.82427e-12	1.24504e-12	1.03817	9.6774e-07	0.97259	
0.993102	4.89397e-21	0.9931	0.993102	0.00456606	1.36488e-14	6.79596e-06	9.5751e-12	0.993102	0.993102	1.46293e-06	1.30528e-11	0.993102	0.993102	0.000976532	0.993102	0.00809707	3.55352e-13	0.992932	0.993092	0.0018871	1.21875e-05	4.48317e-12	2.3556e-10	5.82442e-12	5.82428e-12	9.3162e-13	1.04684	9.34846e-07	0.984595	
0.993102	6.13044e-21	0.9931	0.993102	0.00414918	1.02129e-14	5.08517e-06	7.1647e-12	0.993102	0.993102	1.09466e-06	1.02675e-11	0.993102	0.993102	0.000923674	0.993102	0.00800742	2.65897e-13	0.992974	0.993095	0.00192722	9.11943e-06	3.35459e-12	1.76394e-10	5.82442e-12	5.82429e-12	6.97098e-13	1.04615	8.83835e-07	0.985713	
0.993102	7.16851e-21	0.993101	0.993102	0.00382108	7.64195e-15	3.80505e-06	5.36108e-12	0.993102	0.993102	8.19095e-07	8.19032e-12	0.993102	0.993102	0.000888435	0.993102	0.00788726	1.98961e-13	0.993006	0.993097	0.00196589	6.82374e-06	2.51012e-12	1.32132e-10	5.82442e-12	5.82429e-12	5.21613e-13	1.05545	8.82217e-07	0.999409	
0.993102	9.82848e-21	0.993101	0.993102	0.00340427	5.71819e-15	2.84718e-06	4.0115e-12	0.993102	0.993102	6.12899e-07	6.54984e-12	0.993102	0.993102	0.000829658	0.993102	0.00765047	1.48875e-13	0.99303	0.993098	0.00200173	5.10596e-06	1.87823e-12	9.90374e-11	5.82442e-12	5.8243e-12	3.90304e-13	1.0602	8.86345e-07	1.01085	
0.993102	1.44092e-20	0.993101	0.993102	0.00298111	4.27872e-15	2.13044e-06	3.00166e-12	0.993102	0.993102	4.58611e-07	5.28415e-12	0.993102	0.993102	0.000771998	0.993102	0.00726837	1.11398e-13	0.993048	0.993099	0.00203745	3.8206e-06	1.40541e-12	7.43241e-11	5.82442e-12	5.8243e-12	2.9205e-13	1.06137	8.06853e-07	1.01249	
0.993102	1.83144e-20	0.993101	0.993102	0.00265051	3.20161e-15	1.59414e-06	2.24603e-12	0.993102	0.993102	3.43162e-07	4.32821e-12	0.993102	0.993102	0.000726604	0.993102	0.00698117	8.33551e-14	0.993061	0.9931	0.00207337	2.85882e-06	1.05162e-12	5.58342e-11	5.82442e-12	5.82431e-12	2.1853e-13	1.06293	7.60701e-07	1.0151	
0.993102	2.20679e-20	0.993101	0.993102	0.00238174	2.39565e-15	1.19283e-06	1.68063e-12	0.993102	0.993102	2.56776e-07	3.60142e-12	0.993102	0.993102	0.000689022	0.993102	0.00674412	6.23716e-14	0.993071	0.9931	0.00210754	2.13915e-06	7.86887e-13	4.20069e-11	5.82441e-12	5.82431e-12	1.63518e-13	1.07151	7.4056e-07	1.02604	
0.993102	2.94668e-20	0.993101	0.993102	0.00210245	1.79257e-15	8.92555e-07	1.25755e-12	0.993102	0.993102	1.92136e-07	3.00038e-12	0.993102	0.993102	0.000638653	0.993102	0.00650493	4.66704e-14	0.993079	0.993101	0.00213911	1.60065e-06	5.88799e-13	3.16816e-11	5.82441e-12	5.82431e-12	1.22355e-13	1.07321	7.10967e-07	1.03055	
0.993102	3.75607e-20	0.993101	0.993102	0.0018659	1.34132e-15	6.67867e-07	9.40979e-13	0.993102	0.993102	1.43769e-07	2.54045e-12	0.993102	0.993102	0.000597525	0.993102	0.00625442	3.49218e-14	0.993085	0.993101	0.00216902	1.19771e-06	4.40577e-13	2.39837e-11	5.82441e-12	5.82432e-12	9.15537e-14	1.07855	6.96341e-07	1.03838	
0.993102	4.93296e-20	0.993102	0.993102	0.00164647	1.00366e-15	4.99741e-07	7.04101e-13	0.993102	0.993102	1.07577e-07	2.16636e-12	0.993102	0.993102	0.000555139	0.993102	0.00600603	2.61307e-14	0.993089	0.993101	0.0021968	8.96205e-07	3.29668e-13	1.82513e-11	5.82441e-12	5.82432e-12	6.85063e-14	1.08313	6.68334e-07	1.04531	
0.993102	6.4909e-20	0.993102	0.993102	0.00144994	7.51002e-16	3.73939e-07	5.26853e-13	0.993102	0.993102	8.04964e-08	1.86324e-12	0.993102	0.993102	0.000514414	0.993102	0.00576514	1.95526e-14	0.993092	0.993102	0.00222264	6.70599e-07	2.46678e-13	1.39906e-11	5.82441e-12	5.82432e-12	5.12608e-14	1.08768	6.63428e-07	1.05341	
0.993102	8.72845e-20	0.993102	0.993102	0.0012703	5.61947e-16	2.79805e-07	3.94225e-13	0.993102	0.993102	6.02328e-08	1.61536e-12	0.993102	0.993102	0.000475688	0.993102	0.00550274	1.46305e-14	0.993094	0.993102	0.00224652	5.01786e-07	1.8458e-13	1.08519e-11	5.82441e-12	5.82432e-12	3.83566e-14	1.08899	6.17017e-07	1.05518	
0.993102	1.06864e-19	0.993102	0.993102	0.00112944	4.20485e-16	2.09368e-07	2.94984e-13	0.993102	0.993102	4.50702e-08	1.42413e-12	0.993102	0.993102	0.000444671	0.993102	0.00529999	1.09475e-14	0.993096	0.993102	0.00226859	3.7547e-07	1.38115e-13	8.50896e-12	5.82441e-12	5.82432e-12	2.87008e-14	1.08934	5.84425e-07	1.05694	
0.993102	1.24542e-19	0.993102	0.993102	0.00101787	3.14633e-16	1.56663e-07	2.20726e-13	0.993102	0.993102	3.37246e-08	1.27955e-12	0.993102	0.993102	0.000421095	0.993102	0.00511877	8.19161e-15	0.993097	0.993102	0.00228842	2.80952e-07	1.03346e-13	6.77721e-12	5.82441e-12	5.82433e-12	2.14758e-14	1.08936	5.68939e-07	1.05894	
0.993102	1.41495e-19	0.993102	0.993102	0.000927591	2.35429e-16	1.17226e-07	1.65161e-13	0.993102	0.993102	2.52351e-08	1.17128e-12	0.993102	0.993102	0.000403619	0.993102	0.00494089	6.12948e-15	0.993098	0.993102	0.00230589	2.10227e-07	7.73302e-14	5.51437e-12	5.82441e-12	5.82433e-12	1.60695e-14	1.08806	5.53795e-07	1.06042	
0.993102	1.57114e-19	0.993102	0.993102	0.000855223	1.76163e-16	8.77161e-08	1.23584e-13	0.993102	0.993102	1.88827e-08	1.09591e-12	0.993102	0.993102	0.000393038	0.993102	0.00474999	4.58647e-15	0.993099	0.993102	0.00232111	1.57307e-07	5.78634e-14	4.62055e-12	5.8244e-12	5.82433e-12	1.20243e-14	1.0913	5.54698e-07	1.06612	
0.993102	1.81921e-19	0.993102	0.993102	0.000783721	1.31816e-16	6.56351e-08	9.24734e-14	0.993102	0.993102	1.41294e-08	1.02575e-12	0.993102	0.993102	0.00037954	0.993102	0.00455819	3.43189e-15	0.9931	0.993102	0.00233422	1.17709e-07	4.32971e-14	4.00214e-12	5.8244e-12	5.82433e-12	8.99731e-15	1.0856	5.00196e-07	1.05986	
0.993102	1.86239e-19	0.993102	0.993102	0.000749366	9.86332e-17	4.91128e-08	6.91945e-14	0.993102	0.993102	1.05728e-08	9.98087e-13	0.993102	0.993102	0.000379889	0.993102	0.00442729	2.56796e-15	0.9931	0.993102	0.00234573	8.80785e-08	3.23976e-14	3.52667e-12	5.8244e-12	5.82434e-12	6.73236e-15	1.08843	4.75263e-07	1.06366	
0.993102	1.97697e-19	0.993102	0.993102	0.000711743	7.38037e-17	3.67496e-08	5.17757e-14	0.993102	0.993102	7.91144e-09	9.64708e-13	0.993102	0.993102	0.000374939	0.993102	0.00431054	1.92151e-15	0.9931	0.993102	0.00235517	6.59074e-08	2.4242e-14	3.19158e-12	5.8244e-12	5.82434e-12	5.03758e-15	1.09052	4.44371e-07	1.06618	
0.993102	2.12447e-19	0.993102	0.993102	0.000676183	5.52246e-17	2.74988e-08	3.87419e-14	0.993102	0.993102	5.92005e-09	9.3079e-13	0.993102	0.993102	0.000367581	0.993102	0.0042156	1.4378e-15	0.993101	0.993102	0.00236314	4.93176e-08	1.81394e-14	2.94981e-12	5.8244e-12	5.82434e-12	3.76944e-15	1.0865	4.23398e-07	1.06306	
0.993102	2.15921e-19	0.993102	0.993102	0.000658808	4.13225e-17	2.05767e-08	2.89891e-14	0.993102	0.993102	4.42998e-09	9.22905e-13	0.993102	0.993102	0.000369426	0.993102	0.00412759	1.07585e-15	0.993101	0.993102	0.00236995	3.6904e-08	1.3573e-14	2.78915e-12	5.8244e-12	5.82434e-12	2.82053e-15	1.09535	4.13611e-07	1.07364	
0.993102	2.48537e-19	0.993102	0.993102	0.000616664	3.09202e-17	1.53971e-08	2.16915e-14	0.993102	0.993102	3.31498e-09	8.80298e-13	0.993102	0.993102	0.000355539	0.993102	0.00402892	8.0502e-16	0.993101	0.993102	0.00237546	2.76154e-08	1.01562e-14	2.71065e-12	5.8244e-12	5.82435e-12	2.1105e-15	1.09829	3.98116e-07	1.07784	
0.993102	2.88823e-19	0.993102	0.993102	0.000575184	2.31364e-17	1.15213e-08	1.6231e-14	0.993102	0.993102	2.48066e-09	8.37582e-13	0.993102	0.993102	0.000340694	0.993102	0.00393267	6.02368e-16	0.993101	0.993102	0.0023806	2.06651e-08	7.59952e-15	2.6834e-12	5.8244e-12	5.82435e-12	1.57921e-15	1.10081	3.80953e-07	1.08074	
0.993102	3.31619e-19	0.993102	0.993102	0.000537738	1.73121e-17	8.62125e-09	1.2145e-14	0.993102	0.993102	1.85635e-09	7.96825e-13	0.993102	0.993102	0.000325976	0.993102	0.00385449	4.5073e-16	0.993101	0.993102	0.00238545	1.54644e-08	5.68644e-15	2.67248e-12	5.8244e-12	5.82435e-12	1.18167e-15	1.10311	3.60603e-07	1.08415	
0.993102	3.8052e-19	0.993102	0.993102	0.000502645	1.2954e-17	6.45121e-09	9.0877e-15	0.993102	0.993102	1.3892e-09	7.5867e-13	0.993102	0.993102	0.000311816	0.993102	0.00377677	3.37265e-16	0.993101	0.993102	0.00238998	1.15729e-08	4.25496e-15	2.69387e-12	5.8244e-12	5.82435e-12	8.84198e-16	1.10332	3.38476e-07	1.0845	
0.993102	4.18976e-19	0.993102	0.993102	0.000475687	9.69304e-18	4.82744e-09	6.79999e-15	0.993102	0.993102	1.03965e-09	7.29451e-13	0.993102	0.993102	0.000300988	0.993102	0.00371669	2.52364e-16	0.993101	0.993102	0.00239421	8.66104e-09	3.18383e-15	2.71338e-12	5.8244e-12	5.82435e-12	6.61613e-16	1.10159	3.33008e-07	1.08422	
0.993102	4.46287e-19	0.993102	0.993102	0.000456063	7.25295e-18	3.61243e-09	5.08819e-15	0.993102	0.993102	7.78097e-10	7.13271e-13	0.993102	0.993102	0.000295301	0.993102	0.00364679	1.88835e-16	0.993101	0.993102	0.00239804	6.48221e-09	2.38234e-15	2.7693e-12	5.8244e-12	5.82436e-12	4.95061e-16	1.10367	2.98765e-07	1.08582	
0.993102	4.75479e-19	0.993102	0.993102	0.000438234	5.42712e-18	2.70328e-09	3.80731e-15	0.993102	0.993102	5.82381e-10	6.94346e-13	0.993102	0.993102	0.000288219	0.993102	0.00360318	1.41299e-16	0.993101	0.993102	0.00240137	4.85187e-09	1.78262e-15	2.79675e-12	5.8244e-12	5.82436e-12	3.70436e-16	1.10448	2.91888e-07	1.08758	
0.993102	5.07671e-19	0.993102	0.993102	0.000421532	4.06091e-18	2.02299e-09	2.84887e-15	0.993102	0.993102	4.35931e-10	6.77598e-13	0.993102	0.993102	0.00028186	0.993102	0.00355442	1.05729e-16	0.993101	0.993102	0.0024043	3.63194e-09	1.33387e-15	2.84516e-12	5.8244e-12	5.82436e-12	2.77184e-16	1.09946	2.60166e-07	1.08208	
0.993102	5.0177e-19	0.993102	0.993102	0.000419913	3.03863e-18	1.51398e-09	2.13171e-15	0.993102	0.993102	3.26365e-10	6.81742e-13	0.993102	0.993102	0.000284109	0.993102	0.00352653	7.91137e-17	0.993101	0.993102	0.0024069	2.71912e-09	9.98088e-16	2.86672e-12	5.8244e-12	5.82436e-12	2.07407e-16	1.103	2.6206e-07	1.08728	
0.993102	5.2553e-19	0.993102	0.993102	0.000408387	2.2737e-18	1.13308e-09	1.59508e-15	0.993102	0.993102	2.44368e-10	6.72915e-13	0.993102	0.993102	0.000280798	0.993102	0.00347743	5.91983e-17	0.993101	0.993102	0.00240888	2.03608e-09	7.46833e-16	2.93358e-12	5.8244e-12	5.82436e-12	1.55195e-16	1.10137	2.43936e-07	1.08554	
0.993102	5.33198e-19	0.993102	0.993102	0.000403104	1.70133e-18	8.4807e-10	1.19354e-15	0.993102	0.993102	1.83019e-10	6.71716e-13	0.993102	0.993102	0.000280602	0.993102	0.00344272	4.42963e-17	0.993101	0.993102	0.00241064	1.52499e-09	5.58828e-16	2.97995e-12	5.8244e-12	5.82437e-12	1.16127e-16	1.10296	2.37767e-07	1.0883	
0.993102	5.55262e-19	0.993102	0.993102	0.000393918	1.27304e-18	6.34799e-10	8.93083e-16	0.993102	0.993102	1.37108e-10	6.65535e-13	0.993102	0.993102	0.000278248	0.993102	0.00339759	3.31457e-17	0.993101	0.993102	0.00241209	1.14256e-09	4.18151e-16	3.05192e-12	5.8244e-12	5.82437e-12	8.68936e-17	1.10224	2.24333e-07	1.08765	
0.993102	5.67767e-19	0.993102	0.993102	0.000388251	9.5257e-19	4.75218e-10	6.68262e-16	0.993102	0.993102	1.02757e-10	6.63295e-13	0.993102	0.993102	0.000277498	0.993102	0.00336269	2.48021e-17	0.993101	0.993102	0.00241339	8.56404e-10	3.12887e-16	3.10817e-12	5.8244e-12	5.82437e-12	6.50194e-17	1.10255	2.16259e-07	1.08864	
0.993102	5.8327e-19	0.993102	0.993102	0.000382179	7.12773e-19	3.55805e-10	5.00036e-16	0.993102	0.993102	7.70522e-11	6.60591e-13	0.993102	0.993102	0.000276515	0.993102	0.00332568	1.85589e-17	0.993101	0.993102	0.00241451	6.42282e-10	2.34123e-16	3.17281e-12	5.8244e-12	5.82437e-12	4.86517e-17	1.10293	2.02165e-07	1.08927	
0.993102	5.98939e-19	0.993102	0.993102	0.000376481	5.33342e-19	2.6645e-10	3.74159e-16	0.993102	0.993102	5.78171e-11	6.57317e-13	0.993102	0.993102	0.000275263	0.993102	0.00329402	1.38873e-17	0.993101	0.993102	0.00241549	4.82062e-10	1.75186e-16	3.22965e-12	5.8244e-12	5.82437e-12	3.64044e-17	1.10271	1.90749e-07	1.0892	
0.993102	6.1021e-19	0.993102	0.993102	0.000372344	3.99081e-19	1.9959e-10	2.7997e-16	0.993102	0.993102	4.34249e-11	6.55573e-13	0.993102	0.993102	0.00027463	0.993102	0.00326808	1.03918e-17	0.993101	0.993102	0.00241636	3.62176e-10	1.31085e-16	3.27709e-12	5.8244e-12	5.82437e-12	2.72402e-17	1.10474	1.77099e-07	1.09102	
0.993102	6.30837e-19	0.993102	0.993102	0.000366021	2.98618e-19	1.49553e-10	2.09492e-16	0.993102	0.993102	3.26494e-11	6.47781e-13	0.993102	0.993102	0.000271442	0.993102	0.00325207	7.77617e-18	0.993101	0.993102	0.00241711	2.72469e-10	9.80867e-17	3.30541e-12	5.8244e-12	5.82438e-12	2.03829e-17	1.10925	1.73552e-07	1.0965	
0.993102	6.89041e-19	0.993102	0.993102	0.000352206	2.23445e-19	1.1209e-10	1.56756e-16	0.993102	0.993102	2.4573e-11	6.28383e-13	0.993102	0.993102	0.000263375	0.993102	0.00322465	5.81897e-18	0.993101	0.993102	0.00241783	2.05345e-10	7.3395e-17	3.36045e-12	5.8244e-12	5.82438e-12	1.52518e-17	1.10983	1.65628e-07	1.09749	
0.993102	7.41342e-19	0.993102	0.993102	0.000340337	1.67195e-19	8.40547e-11	1.17295e-16	0.993102	0.993102	1.8528e-11	6.1219e-13	0.993102	0.993102	0.000256652	0.993102	0.00319805	4.35446e-18	0.993101	0.993102	0.0024187	1.55118e-10	5.4919e-17	3.41572e-12	5.8244e-12	5.82438e-12	1.14124e-17	1.10631	1.59838e-07	1.09446	
0.993102	7.54684e-19	0.993102	0.993102	0.000336257	1.25106e-19	6.30882e-11	8.77681e-17	0.993102	0.993102	1.40152e-11	6.10441e-13	0.993102	0.993102	0.000255985	0.993102	0.00317069	3.25865e-18	0.993101	0.993102	0.00241965	1.17536e-10	4.10942e-17	3.47471e-12	5.8244e-12	5.82438e-12	8.53957e-18	1.10593	1.54871e-07	1.0947	
0.993102	7.66618e-19	0.993102	0.993102	0.000332809	9.36125e-20	4.73988e-11	6.56741e-17	0.993102	0.993102	1.06396e-11	6.10304e-13	0.993102	0.993102	0.000255983	0.993102	0.00314064	2.43869e-18	0.993101	0.993102	0.00242045	8.94139e-11	3.07496e-17	3.54206e-12	5.8244e-12	5.82438e-12	6.38991e-18	1.10874	1.43589e-07	1.09732	
0.993102	7.97819e-19	0.993102	0.993102	0.000326092	7.00468e-20	3.56492e-11	4.9142e-17	0.993102	0.993102	8.10539e-12	6.01818e-13	0.993102	0.993102	0.000252468	0.993102	0.00312115	1.82513e-18	0.993101	0.993102	0.00242114	6.83714e-11	2.30091e-17	3.58521e-12	5.8244e-12	5.82438e-12	4.78139e-18	1.10668	1.42244e-07	1.09609	
0.993102	8.10427e-19	0.993102	0.993102	0.000322979	5.24135e-20	2.68619e-11	3.67716e-17	0.993102	0.993102	6.21522e-12	6.01559e-13	0.993102	0.993102	0.000252402	0.993102	0.00309404	1.36604e-18	0.993101	0.993102	0.00242181	5.2626e-11	1.72171e-17	3.64883e-12	5.8244e-12	5.82438e-12	3.5778e-18	1.10875	1.37639e-07	1.09869	
0.993102	8.43259e-19	0.993102	0.993102	0.000316649	3.92191e-20	2.02772e-11	2.75153e-17	0.993102	0.993102	4.79481e-12	5.95244e-13	0.993102	0.993102	0.000249788	0.993102	0.00306575	1.0225e-18	0.993101	0.993102	0.00242239	4.08443e-11	1.28832e-17	3.71727e-12	5.8244e-12	5.82438e-12	2.67719e-18	1.10948	1.31206e-07	1.09959	
0.993102	8.76465e-19	0.993102	0.993102	0.000310582	2.93462e-20	1.5347e-11	2.05891e-17	0.993102	0.993102	3.72987e-12	5.88392e-13	0.993102	0.993102	0.000246946	0.993102	0.00304233	7.65442e-19	0.993101	0.993102	0.00242298	3.20285e-11	9.64033e-18	3.77458e-12	5.8244e-12	5.82438e-12	2.00329e-18	1.11048	1.25489e-07	1.10092	
0.993102	9.14752e-19	0.993102	0.993102	0.000304106	2.19587e-20	1.16533e-11	1.54065e-17	0.993102	0.993102	2.93023e-12	5.80446e-13	0.993102	0.993102	0.000243644	0.993102	0.00301989	5.73086e-19	0.993101	0.993102	0.00242357	2.5432e-11	7.21378e-18	3.83082e-12	5.8244e-12	5.82438e-12	1.49904e-18	1.10941	1.19504e-07	1.10008	
0.993102	9.3484e-19	0.993102	0.993102	0.000300475	1.64309e-20	8.89235e-12	1.15285e-17	0.993102	0.993102	2.33494e-12	5.77543e-13	0.993102	0.993102	0.000242458	0.993102	0.00299974	4.2916e-19	0.993101	0.993102	0.00242417	2.04961e-11	5.39809e-18	3.88221e-12	5.8244e-12	5.82438e-12	1.12172e-18	1.11113	1.12596e-07	1.10193	
0.993102	9.69139e-19	0.993102	0.993102	0.000295105	1.22946e-20	6.82013e-12	8.62675e-18	0.993102	0.993102	1.88468e-12	5.70511e-13	0.993102	0.993102	0.000239535	0.993102	0.00298284	3.21454e-19	0.993101	0.993102	0.00242471	1.68027e-11	4.03947e-18	3.92578e-12	5.8244e-12	5.82438e-12	8.39388e-19	1.11472	1.08621e-07	1.10591	
0.993102	1.04127e-18	0.993102	0.993102	0.000285718	9.19963e-21	5.25686e-12	6.45545e-18	0.993102	0.993102	1.53826e-12	5.5568e-13	0.993102	0.993102	0.000233335	0.993102	0.00296452	2.40839e-19	0.993101	0.993102	0.00242524	1.4039e-11	3.02284e-18	3.97439e-12	5.8244e-12	5.82439e-12	6.28122e-19	1.11311	9.74188e-08	1.10409	
0.993102	1.07304e-18	0.993102	0.993102	0.000281101	6.88375e-21	4.09281e-12	4.83075e-18	0.993102	0.993102	1.28326e-12	5.48789e-13	0.993102	0.993102	0.000230472	0.993102	0.00295409	1.80528e-19	0.993101	0.993102	0.00242587	1.19711e-11	2.26215e-18	4.00172e-12	5.8244e-12	5.82439e-12	4.70041e-19	1.11322	9.37934e-08	1.10456	
0.993102	1.10244e-18	0.993102	0.993102	0.000277011	5.15086e-21	3.2203e-12	3.61505e-18	0.993102	0.993102	1.09218e-12	5.43342e-13	0.993102	0.993102	0.000228214	0.993102	0.00294102	1.35398e-19	0.993101	0.993102	0.00242645	1.04238e-11	1.69295e-18	4.03718e-12	5.8244e-12	5.82439e-12	3.51755e-19	1.11327	8.96092e-08	1.10481	
0.993102	1.12742e-18	0.993102	0.993102	0.000273621	3.8542e-21	2.56665e-12	2.70538e-18	0.993102	0.993102	9.49077e-13	5.39135e-13	0.993102	0.993102	0.000226473	0.993102	0.00292842	1.01629e-19	0.993101	0.993102	0.00242698	9.26593e-12	1.26703e-18	4.07194e-12	5.8244e-12	5.82439e-12	2.63245e-19	1.11449	8.62871e-08	1.10641	
0.993102	1.16618e-18	0.993102	0.993102	0.000268988	2.88396e-21	2.07258e-12	2.0247e-18	0.993102	0.993102	8.38817e-13	5.32777e-13	0.993102	0.993102	0.000223826	0.993102	0.00291354	7.63529e-20	0.993101	0.993102	0.00242747	8.39957e-12	9.48336e-19	4.11399e-12	5.8244e-12	5.82439e-12	1.97014e-19	1.1182	8.77261e-08	1.11094	
0.993102	1.25927e-18	0.993102	0.993102	0.000259958	2.15796e-21	1.68972e-12	1.51534e-18	0.993102	0.993102	7.47125e-13	5.1877e-13	0.993102	0.993102	0.000217963	0.993102	0.00289074	5.74178e-20	0.993101	0.993102	0.00242794	7.75131e-12	7.09851e-19	4.18097e-12	5.8244e-12	5.82439e-12	1.4745e-19	1.11779	8.24924e-08	1.11058	
0.993102	1.32328e-18	0.993102	0.993102	0.000253633	1.61472e-21	1.40426e-12	1.1342e-18	0.993102	0.993102	6.79517e-13	5.09275e-13	0.993102	0.993102	0.000214	0.993102	0.00287323	4.32517e-20	0.993101	0.993102	0.00242852	7.26624e-12	5.31404e-19	4.23269e-12	5.8244e-12	5.82439e-12	1.10363e-19	1.11954	7.80909e-08	1.11252	
0.993102	1.40192e-18	0.993102	0.993102	0.000246652	1.20824e-21	1.18534e-12	8.49001e-19	0.993102	0.993102	6.24799e-13	4.98005e-13	0.993102	0.993102	0.00020929	0.993102	0.00285754	3.26417e-20	0.993101	0.993102	0.0024291	6.90327e-12	3.9787e-19	4.27967e-12	5.8244e-12	5.82439e-12	8.26097e-20	1.11761	7.42512e-08	1.11076	
0.993102	1.4328e-18	0.993102	0.993102	0.000243463	9.04081e-22	1.02634e-12	6.35606e-19	0.993102	0.993102	5.88464e-13	4.94186e-13	0.993102	0.993102	0.000207712	0.993102	0.00284339	2.47136e-20	0.993101	0.993102	0.00242971	6.63168e-12	2.97963e-19	4.32259e-12	5.8244e-12	5.82439e-12	6.18452e-20	1.11815	6.73547e-08	1.11127	
0.993102	1.46389e-18	0.993102	0.993102	0.000240473	6.76491e-22	9.05947e-13	4.75927e-19	0.993102	0.993102	5.59988e-13	4.90027e-13	0.993102	0.993102	0.000205988	0.993102	0.00283319	1.87782e-20	0.993101	0.993102	0.00243024	6.42846e-12	2.23203e-19	4.35356e-12	5.8244e-12	5.82439e-12	4.63072e-20	1.11798	6.5423e-08	1.1114	
0.993102	1.48919e-18	0.993102	0.993102	0.000238086	5.06193e-22	8.15502e-13	3.56445e-19	0.993102	0.993102	5.39089e-13	4.87318e-13	0.993102	0.993102	0.00020487	0.993102	0.00282144	1.43379e-20	0.993101	0.993102	0.00243072	6.27639e-12	1.67265e-19	4.39001e-12	5.8244e-12	5.82439e-12	3.46806e-20	1.11371	6.13841e-08	1.10726	
0.993102	1.44802e-18	0.993102	0.993102	0.000241317	3.78766e-22	7.59703e-13	2.67068e-19	0.993102	0.993102	5.34161e-13	4.96047e-13	0.993102	0.993102	0.000208558	0.993102	0.00281085	1.10409e-20	0.993101	0.993102	0.00243113	6.16261e-12	1.25431e-19	4.42316e-12	5.8244e-12	5.82439e-12	2.59863e-20	1.11337	5.89501e-08	1.10719	
0.993102	1.41621e-18	0.993102	0.993102	0.000243831	2.83417e-22	7.18176e-13	2.00192e-19	0.993102	0.993102	5.31346e-13	5.03463e-13	0.993102	0.993102	0.000211686	0.993102	0.00279927	8.57602e-21	0.993101	0.993102	0.00243136	6.07747e-12	9.41322e-20	4.45995e-12	5.8244e-12	5.82439e-12	1.94807e-20	1.11266	5.43121e-08	1.10645	
0.993102	1.38279e-18	0.993102	0.993102	0.000246646	2.12071e-22	6.89315e-13	1.50156e-19	0.993102	0.993102	5.31141e-13	5.1093e-13	0.993102	0.993102	0.00021483	0.993102	0.00279075	6.73622e-21	0.993101	0.993102	0.00243147	6.01376e-12	7.07162e-20	4.4869e-12	5.8244e-12	5.82439e-12	1.4614e-20	1.11572	5.23657e-08	1.10978	
0.993102	1.40374e-18	0.993102	0.993102	0.000244623	1.58685e-22	6.57946e-13	1.12692e-19	0.993102	0.993102	5.23034e-13	5.08531e-13	0.993102	0.993102	0.000213823	0.993102	0.00278078	5.34059e-21	0.993101	0.993102	0.00243148	5.96609e-12	5.31795e-20	4.51902e-12	5.8244e-12	5.82439e-12	1.09677e-20	1.1164	5.24646e-08	1.11097	
0.993102	1.43743e-18	0.993102	0.993102	0.000241696	1.18738e-22	6.31126e-13	8.4652e-20	0.993102	0.993102	5.15276e-13	5.05032e-13	0.993102	0.993102	0.000212354	0.993102	0.00276632	4.29223e-21	0.993101	0.993102	0.00243154	5.93042e-12	4.00566e-20	4.56704e-12	5.8244e-12	5.82439e-12	8.23784e-21	1.11784	4.91267e-08	1.11244	
0.993102	1.48602e-18	0.993102	0.993102	0.000237811	8.88473e-23	6.07047e-13	6.36609e-20	0.993102	0.993102	5.05975e-13	4.98893e-13	0.993102	0.993102	0.000209778	0.993102	0.0027551	3.49939e-21	0.993101	0.993102	0.00243165	5.90373e-12	3.02299e-20	4.6044e-12	5.8244e-12	5.82439e-12	6.1934e-21	1.11664	4.49262e-08	1.11119	
0.993102	1.50245e-18	0.993102	0.993102	0.000236338	6.64812e-23	5.92425e-13	4.79621e-20	0.993102	0.993102	5.01928e-13	4.97217e-13	0.993102	0.993102	0.000209082	0.993102	0.00274748	2.91305e-21	0.993101	0.993102	0.00243184	5.88376e-12	2.28828e-20	4.62977e-12	5.8244e-12	5.82439e-12	4.66511e-21	1.11491	4.55551e-08	1.10999	
0.993102	1.49648e-18	0.993102	0.993102	0.000236652	4.97455e-23	5.84834e-13	3.62232e-20	0.993102	0.993102	5.03249e-13	5.00328e-13	0.993102	0.993102	0.000210397	0.993102	0.00273453	2.48468e-21	0.993101	0.993102	0.00243201	5.86882e-12	1.73974e-20	4.67427e-12	5.8244e-12	5.82439e-12	3.52306e-21	1.11711	4.26109e-08	1.11227	
0.993102	1.5275e-18	0.993102	0.993102	0.000234225	3.72227e-23	5.72853e-13	2.74245e-20	0.993102	0.993102	4.98757e-13	4.97151e-13	0.993102	0.993102	0.000209067	0.993102	0.00272371	2.15106e-21	0.993101	0.993102	0.00243213	5.85764e-12	1.32816e-20	4.71162e-12	5.8244e-12	5.82439e-12	2.6657e-21	1.11987	4.06779e-08	1.11528	
0.993102	1.60295e-18	0.993102	0.993102	0.000229067	2.78524e-23	5.55978e-13	2.0822e-20	0.993102	0.993102	4.88831e-13	4.88172e-13	0.993102	0.993102	0.000205298	0.993102	0.00271228	1.88572e-21	0.993101	0.993102	0.00243228	5.84927e-12	1.01889e-20	4.75173e-12	5.8244e-12	5.82439e-12	2.02081e-21	1.12062	3.94458e-08	1.11623	
