0.25	0.25	0.25	0.000618156	1.27727e-12	0.748264	0.998264	0.748882	0.748264	0.25	0.25	1.27727e-12	0.000618156	0.25	0.25	5.42631e-30	0.000618156	0.000618156	5.42631e-30	1.27727e-12	0.25	0.000618156	0.25	0.25	0.000618156	0.000618156	1.27727e-12	0	0	0	
0.25	0.25	0.25	0.000618156	1.27727e-12	0.748264	0.998264	0.748882	0.748264	0.25	0.25	1.27727e-12	0.000618156	0.25	0.25	5.42631e-30	0.000618156	0.000618156	5.42631e-30	1.27727e-12	0.25	0.000618156	0.25	0.25	0.000618156	0.000618156	1.27727e-12	0	0	0	
0.437034	0.187066	0.437066	0.00108837	0.0672354	0.560509	0.996964	0.810361	0.559898	0.437066	0.437066	1.9966e-10	0.000462573	0.437066	0.437066	1.96865e-23	0.250431	0.00107312	1.94446e-23	9.64757e-13	0.437034	0.245799	0.254301	0.187692	0.00108837	0.0010807	0.249968	0.00466697	0.0046363	0.00466697	
0.577011	0.139974	0.57704	0.000818708	0.0722858	0.632329	0.995992	0.856363	0.418957	0.57704	0.57704	7.3539e-09	0.00137335	0.57704	0.57704	2.99651e-22	0.43735	0.00290441	3.506e-23	7.22139e-13	0.558413	0.386128	0.423756	0.287337	0.0685052	0.00137909	0.435551	0.012888	0.00785076	0.0128856	
0.681754	0.10475	0.681778	0.000612711	0.0617903	0.722366	0.995265	0.890785	0.313566	0.681778	0.681778	1.01032e-07	0.00113073	0.681778	0.681778	1.14139e-21	0.577234	0.00415719	2.69767e-23	5.41614e-13	0.662124	0.387385	0.565818	0.461287	0.286212	0.0338551	0.575443	0.0238175	0.0105529	0.0237508	
0.760131	0.0850822	0.76015	0.000458476	0.0493489	0.790452	0.99472	0.916542	0.234876	0.76015	0.76015	6.71745e-07	0.00084905	0.76015	0.76015	2.65961e-21	0.681916	0.00441207	2.02258e-23	4.15025e-13	0.74481	0.324334	0.673186	0.59488	0.463188	0.244599	0.680471	0.0364296	0.0123101	0.0360626	
0.818779	0.262023	0.818792	0.000343061	0.0383696	0.841453	0.994313	0.935814	0.176381	0.818792	0.818792	2.65394e-06	0.000635512	0.818792	0.818792	4.98382e-21	0.760249	0.00409395	1.51391e-23	3.60471e-13	0.807215	0.25595	0.753668	0.695081	0.596466	0.431112	0.759126	0.0503516	0.0140422	0.0503535	
0.862662	0.444708	0.862673	0.000256701	0.0294428	0.879625	0.994008	0.950235	0.133436	0.862673	0.862673	7.04177e-06	0.000475561	0.862673	0.862673	8.27912e-21	0.818864	0.00354672	1.13291e-23	4.55203e-13	0.853987	0.197747	0.81392	0.770092	0.696288	0.572362	0.817999	0.0651625	0.018814	0.0651644	
0.895499	0.582683	0.895506	0.00019208	0.0224364	0.908189	0.99378	0.961025	0.102767	0.895506	0.895506	1.33223e-05	0.000355854	0.895506	0.895506	1.2342e-20	0.862725	0.00295529	8.47749e-24	8.81403e-13	0.889	0.151468	0.859015	0.826227	0.770999	0.678229	0.862057	0.0805748	0.0269923	0.0805764	
0.920069	0.685991	0.920075	0.000143726	0.0170271	0.929564	0.993609	0.969099	0.0820212	0.920075	0.920075	1.92345e-05	0.000266277	0.920075	0.920075	1.66219e-20	0.895544	0.00240417	6.34357e-24	1.97296e-12	0.915203	0.115606	0.89276	0.868234	0.826907	0.757477	0.895027	0.0963682	0.03767	0.0963681	
0.938454	0.7633	0.938458	0.000107545	0.0128884	0.945558	0.993482	0.97514	0.0693862	0.938459	0.938459	2.26479e-05	0.000199249	0.938459	0.938459	2.0473e-20	0.920102	0.0019253	4.74678e-24	4.25468e-12	0.934811	0.0881399	0.918011	0.899666	0.868742	0.816783	0.919697	0.112379	0.0501482	0.112379	
0.952211	0.821149	0.952214	8.04721e-05	0.00973855	0.957527	0.993386	0.979659	0.0632654	0.952214	0.952214	2.29545e-05	0.000149095	0.952214	0.952214	2.33345e-20	0.938478	0.00152515	3.55194e-24	8.47649e-12	0.949484	0.0672332	0.936906	0.923186	0.900047	0.861162	0.938156	0.128485	0.0638978	0.128475	
0.962505	0.864435	0.962507	6.02144e-05	0.00734953	0.966482	0.993315	0.98304	0.0621305	0.962507	0.962507	2.09113e-05	0.000111568	0.962507	0.962507	2.48942e-20	0.952227	0.00119875	2.65787e-24	1.5653e-11	0.960464	0.0513749	0.951041	0.940786	0.923471	0.89437	0.951964	0.144598	0.078531	0.144584	
0.970207	0.896825	0.970209	4.50562e-05	0.00554165	0.973183	0.993261	0.985569	0.0645771	0.970209	0.970209	1.77124e-05	8.34911e-05	0.970209	0.970209	2.5145e-20	0.962515	0.000936741	1.98887e-24	2.71214e-11	0.968679	0.039372	0.961615	0.953955	0.940999	0.919218	0.962293	0.160649	0.0937586	0.160625	
0.975971	0.921061	0.975972	3.37139e-05	0.00417573	0.978197	0.993221	0.987459	0.0694556	0.975972	0.975972	1.43052e-05	6.24898e-05	0.975972	0.975972	2.43117e-20	0.970213	0.000728758	1.4883e-24	4.46267e-11	0.974827	0.0303	0.96952	0.963809	0.954114	0.937809	0.970015	0.176589	0.109358	0.176554	
0.980283	0.939196	0.980284	2.52269e-05	0.00314492	0.981949	0.993191	0.988872	0.0759392	0.980284	0.980284	1.12116e-05	4.67917e-05	0.980284	0.980284	2.27182e-20	0.975973	0.000564994	1.11375e-24	7.04433e-11	0.979427	0.0234498	0.975424	0.971182	0.963928	0.951717	0.975785	0.192387	0.125171	0.19234	
0.98351	0.952766	0.983511	1.88764e-05	0.00236766	0.984757	0.993169	0.989926	0.0834862	0.983511	0.983511	8.62614e-06	3.50824e-05	0.983511	0.983511	2.06779e-20	0.980281	0.000436832	8.3352e-25	1.07544e-10	0.982869	0.0182806	0.979823	0.976699	0.971271	0.962118	0.980091	0.208003	0.141054	0.207913	
0.985925	0.962919	0.985926	1.41245e-05	0.00178197	0.986858	0.993152	0.99071	0.0917501	0.985926	0.985926	6.56309e-06	2.64061e-05	0.985926	0.985926	1.84418e-20	0.983504	0.000337001	6.23869e-25	1.59796e-10	0.985445	0.014382	0.983085	0.980827	0.976765	0.969893	0.983298	0.22344	0.156965	0.223343	
0.987732	0.970517	0.987732	1.05689e-05	0.00134086	0.98843	0.993139	0.991291	0.100507	0.987732	0.987732	4.96004e-06	2.01137e-05	0.987732	0.987732	1.6187e-20	0.985914	0.000259523	4.67047e-25	2.32287e-10	0.987372	0.0114427	0.985476	0.983916	0.980876	0.975696	0.985677	0.23866	0.17278	0.238517	
0.989084	0.976201	0.989084	7.90832e-06	0.00100877	0.989606	0.99313	0.991719	0.109608	0.989084	0.989084	3.73357e-06	1.58755e-05	0.989084	0.989084	1.40296e-20	0.987716	0.000199571	3.49773e-25	3.31583e-10	0.988814	0.00922751	0.987185	0.986226	0.983952	0.980016	0.987431	0.253668	0.188502	0.253495	
0.990095	0.980454	0.990096	5.91752e-06	0.00075883	0.990486	0.993123	0.992029	0.118931	0.990096	0.990096	2.80369e-06	1.38166e-05	0.990096	0.990096	1.20365e-20	0.989061	0.00015329	2.62118e-25	4.66254e-10	0.989894	0.00755846	0.988333	0.987955	0.986253	0.983211	0.988709	0.268461	0.204073	0.268259	
0.990852	0.983636	0.990852	4.42788e-06	0.000570767	0.991144	0.993118	0.992248	0.128412	0.990852	0.990852	2.10241e-06	1.49041e-05	0.990852	0.990852	1.02418e-20	0.990064	0.000117632	1.9666e-25	6.47408e-10	0.990701	0.00630137	0.98898	0.989248	0.987975	0.98554	0.989621	0.282988	0.219417	0.282712	
0.991419	0.986016	0.991419	3.31324e-06	0.000429293	0.991637	0.993114	0.992395	0.137957	0.991419	0.991419	1.57522e-06	2.18604e-05	0.991419	0.991419	8.65644e-21	0.990809	9.02027e-05	1.47857e-25	8.88975e-10	0.991305	0.005355	0.989122	0.990215	0.989262	0.987184	0.990247	0.297348	0.234643	0.297056	
0.991842	0.987795	0.991843	2.4792e-06	0.000322877	0.992006	0.993111	0.992482	0.147569	0.991843	0.991843	1.17962e-06	4.14882e-05	0.991843	0.991843	7.2765e-21	0.99136	6.9129e-05	1.11577e-25	1.20973e-09	0.991757	0.00464305	0.988683	0.990938	0.990225	0.988251	0.99064	0.31146	0.249638	0.311134	
0.99216	0.989123	0.99216	1.85512e-06	0.000242842	0.992282	0.993109	0.992518	0.157165	0.99216	0.99216	8.83097e-07	8.95171e-05	0.99216	0.99216	6.08897e-21	0.991763	5.2956e-05	8.4748e-26	1.63273e-09	0.992096	0.00410805	0.987486	0.991478	0.990945	0.988786	0.99084	0.325327	0.264395	0.32495	
0.992397	0.990113	0.992397	1.38816e-06	0.000182654	0.992488	0.993107	0.992507	0.166718	0.992397	0.992397	6.60991e-07	0.000201644	0.992397	0.992397	5.07692e-21	0.992052	4.05551e-05	6.50962e-26	2.18717e-09	0.992349	0.00370677	0.985224	0.991881	0.991482	0.988765	0.99087	0.338808	0.278731	0.338266	
0.992574	0.990848	0.992574	1.03875e-06	0.000137396	0.992643	0.993106	0.99245	0.176109	0.992574	0.992574	4.94691e-07	0.000453974	0.992574	0.992574	4.22145e-21	0.992253	3.10553e-05	5.09446e-26	2.90611e-09	0.992538	0.00340676	0.981411	0.992182	0.991883	0.988082	0.990744	0.352193	0.293018	0.351606	
0.992707	0.991389	0.992707	7.77308e-07	0.000103363	0.992758	0.993105	0.992344	0.185488	0.992707	0.992707	3.70205e-07	0.00102149	0.992707	0.992707	3.50317e-21	0.992383	2.37799e-05	4.10951e-26	3.83894e-09	0.99268	0.00318369	0.975326	0.992405	0.992182	0.986517	0.990461	0.365466	0.307189	0.364864	
0.992807	0.99178	0.992807	5.81692e-07	7.77691e-05	0.992845	0.993104	0.992183	0.194854	0.992807	0.992807	2.77033e-07	0.00228878	0.992807	0.992807	2.90272e-21	0.992452	1.82092e-05	3.47102e-26	5.04807e-09	0.992786	0.00301944	0.965883	0.992571	0.992404	0.983686	0.990006	0.378283	0.320854	0.377537	
0.992881	0.992053	0.992881	4.35332e-07	5.85236e-05	0.99291	0.993104	0.991961	0.203914	0.992881	0.992881	2.07304e-07	0.0050098	0.992881	0.992881	2.40279e-21	0.992469	1.39467e-05	3.12044e-26	6.59342e-09	0.992865	0.00290062	0.951643	0.992692	0.992568	0.979026	0.989376	0.39092	0.334345	0.390072	
0.992937	0.992227	0.992937	3.25832e-07	4.40505e-05	0.992958	0.993103	0.991667	0.212878	0.992937	0.992937	1.55123e-07	0.0107617	0.992937	0.992937	1.9888e-21	0.992436	1.06854e-05	3.02565e-26	8.56429e-09	0.992925	0.0028174	0.930899	0.99278	0.992688	0.97172	0.988542	0.403462	0.347759	0.402577	
0.992978	0.992314	0.992978	2.43915e-07	3.31646e-05	0.992994	0.993103	0.991281	0.221762	0.992978	0.992978	1.16076e-07	0.0226764	0.992978	0.992978	1.64677e-21	0.992351	8.18964e-06	3.17736e-26	1.10788e-08	0.992969	0.00276278	0.901602	0.992843	0.992775	0.960551	0.987462	0.415898	0.361083	0.415039	
0.99301	0.992316	0.99301	1.82641e-07	2.49754e-05	0.993022	0.993103	0.990782	0.230524	0.99301	0.99301	8.68566e-08	0.0463519	0.99301	0.99301	1.36467e-21	0.992207	6.27937e-06	3.58769e-26	1.42836e-08	0.993002	0.00273204	0.86181	0.992887	0.992836	0.943874	0.98608	0.427906	0.373909	0.426945	
0.993033	0.992225	0.993033	1.36818e-07	1.88153e-05	0.993042	0.993103	0.990153	0.238911	0.993033	0.993033	6.49923e-08	0.0889606	0.993033	0.993033	1.13268e-21	0.991999	4.81765e-06	4.27954e-26	1.83128e-08	0.993027	0.0027224	0.810473	0.992915	0.992878	0.919936	0.984369	0.439565	0.38635	0.438451	
0.99305	0.992026	0.99305	1.02561e-07	1.4181e-05	0.993057	0.993103	0.98937	0.24699	0.99305	0.99305	4.86317e-08	0.156786	0.99305	0.99305	9.4275e-22	0.991716	3.69913e-06	5.2994e-26	2.33339e-08	0.993046	0.00273242	0.748236	0.992931	0.992904	0.887116	0.982286	0.451177	0.398764	0.449981	
0.993063	0.991697	0.993063	7.69632e-08	1.06935e-05	0.993068	0.993102	0.988391	0.254965	0.993063	0.993063	3.63895e-08	0.250977	0.993063	0.993063	7.8767e-22	0.991337	2.84264e-06	6.73848e-26	2.96126e-08	0.99306	0.00276198	0.677063	0.992936	0.992918	0.843877	0.979734	0.462269	0.410543	0.46083	
0.993073	0.991196	0.993073	5.78529e-08	8.06925e-06	0.993077	0.993102	0.987199	0.262392	0.993073	0.993073	2.72291e-08	0.360962	0.993073	0.993073	6.61304e-22	0.990847	2.18689e-06	8.69146e-26	3.73326e-08	0.99307	0.00281264	0.600338	0.992932	0.992922	0.790047	0.976698	0.474021	0.423161	0.472719	
0.99308	0.990492	0.99308	4.36029e-08	6.09256e-06	0.993083	0.993102	0.985676	0.270275	0.99308	0.99308	2.03746e-08	0.475864	0.99308	0.99308	5.58729e-22	0.990181	1.68368e-06	1.14293e-25	4.71331e-08	0.993078	0.00288689	0.521873	0.992921	0.992916	0.72555	0.972877	0.485036	0.4349	0.483636	
0.993086	0.989476	0.993086	3.30052e-08	4.60412e-06	0.993088	0.993102	0.983813	0.27709	0.993086	0.993086	1.52456e-08	0.581366	0.993086	0.993086	4.75248e-22	0.989314	1.29779e-06	1.51722e-25	5.9201e-08	0.993084	0.00299142	0.445219	0.992902	0.992901	0.652861	0.96831	0.495523	0.446004	0.493876	
0.99309	0.98812	0.99309	2.5147e-08	3.48339e-06	0.993092	0.993102	0.981586	0.28344	0.99309	0.99309	1.14077e-08	0.671303	0.99309	0.99309	4.08697e-22	0.988205	1.00186e-06	2.02581e-25	7.38191e-08	0.993088	0.00313372	0.374333	0.992874	0.992879	0.577091	0.962994	0.506412	0.457625	0.504782	
0.993093	0.986373	0.993093	1.93514e-08	2.63868e-06	0.993094	0.993102	0.978832	0.289869	0.993093	0.993093	8.53599e-09	0.745089	0.993093	0.993093	3.5618e-22	0.986722	7.74407e-07	2.74398e-25	9.19425e-08	0.993092	0.00332328	0.310762	0.992839	0.992848	0.501062	0.956551	0.556999	0.511192	0.554807	
0.993095	0.983622	0.993095	1.51225e-08	1.98694e-06	0.993096	0.993102	0.967625	0.340244	0.993095	0.993095	6.38717e-09	0.807183	0.993095	0.993095	3.13102e-22	0.980228	5.88459e-07	6.05588e-25	1.69759e-07	0.993094	0.00357857	0.243113	0.992791	0.992807	0.400792	0.933038	0.603042	0.560418	0.60075	
0.993097	0.952491	0.993097	1.35176e-08	1.49299e-06	0.993098	0.993102	0.939984	0.354864	0.993097	0.993097	4.77929e-09	0.853965	0.993097	0.993097	2.5927e-22	0.958304	4.43905e-07	2.13034e-24	3.80597e-07	0.993096	0.00438292	0.183506	0.992477	0.992524	0.303773	0.882884	0.645774	0.605023	0.642761	
0.993098	0.903812	0.993098	1.52421e-08	1.12184e-06	0.993099	0.993102	0.886455	0.364121	0.993098	0.993098	3.57617e-09	0.888989	0.993098	0.993098	2.48283e-22	0.887373	3.33682e-07	1.39591e-23	8.8083e-07	0.993097	0.0083614	0.137811	0.991697	0.991838	0.228501	0.801296	0.683821	0.641096	0.679025	
0.993099	0.849546	0.993099	2.94035e-08	8.46045e-07	0.9931	0.993102	0.805783	0.345527	0.993099	0.993099	2.67592e-09	0.915198	0.993099	0.993099	5.85048e-22	0.731375	2.50394e-07	2.26916e-22	1.93481e-06	0.993098	0.0437717	0.103307	0.988551	0.989261	0.171464	0.695314	0.717089	0.670673	0.71221	
0.9931	0.847145	0.9931	8.42947e-08	6.50166e-07	0.9931	0.993102	0.70434	0.308527	0.9931	0.9931	2.00229e-09	0.934809	0.9931	0.9931	1.61503e-20	0.557051	1.87727e-07	1.00263e-20	3.92934e-06	0.993099	0.236876	0.0774409	0.977952	0.980484	0.12869	0.577574	0.748491	0.69402	0.743704	
0.993101	0.876618	0.993101	2.89114e-07	5.55775e-07	0.993101	0.993102	0.593678	0.263771	0.993101	0.993101	1.49824e-09	0.949484	0.993101	0.993101	2.24995e-18	0.417656	1.40665e-07	9.16878e-19	7.59047e-06	0.9931	0.426278	0.0581029	0.943953	0.951591	0.0968061	0.461828	0.775088	0.713884	0.770422	
0.993101	0.904995	0.993101	1.06091e-06	7.87168e-07	0.993101	0.993102	0.488129	0.215679	0.993101	0.993101	1.12108e-09	0.960464	0.993101	0.993101	5.25855e-16	0.312578	1.05369e-07	1.13844e-16	1.35957e-05	0.9931	0.568957	0.0437021	0.856688	0.873349	0.0732776	0.361652	0.804384	0.735445	0.799255	
0.993101	0.927071	0.993101	3.45896e-06	2.31119e-06	0.993101	0.993102	0.391968	0.17386	0.993101	0.993101	8.38863e-10	0.96868	0.993101	0.993101	1.09527e-13	0.233896	7.89077e-08	1.19576e-14	2.43952e-05	0.9931	0.675729	0.0330265	0.720899	0.744903	0.0562575	0.278691	0.831271	0.753611	0.825366	
0.993102	0.943679	0.993102	1.04906e-05	8.72039e-06	0.993101	0.993102	0.309864	0.138806	0.993102	0.993102	6.2769e-10	0.974828	0.993102	0.993102	1.41262e-11	0.175016	5.90811e-08	8.08464e-13	4.26043e-05	0.993101	0.755624	0.0251447	0.572693	0.598074	0.0443771	0.212689	0.852925	0.773217	0.847944	
0.993102	0.956118	0.993102	2.81044e-05	2.95185e-05	0.993101	0.993102	0.242667	0.109398	0.993102	0.993102	4.69678e-10	0.979428	0.993102	0.993102	7.98017e-10	0.130958	4.42324e-08	3.2185e-11	6.94305e-05	0.993101	0.815406	0.0193901	0.443158	0.465145	0.0363032	0.161657	0.874554	0.785081	0.868557	
0.993102	0.965427	0.993102	6.41838e-05	8.04748e-05	0.9931	0.993102	0.188839	0.0867438	0.993102	0.993102	3.51443e-10	0.982871	0.993102	0.993102	2.59657e-08	0.0979914	3.31132e-08	6.126e-10	0.000109843	0.993101	0.860138	0.0151672	0.33842	0.356652	0.0315408	0.122363	0.90192	0.77998	0.889854	
0.993102	0.972394	0.993102	0.000128632	0.000172188	0.993099	0.993102	0.146088	0.0734526	0.993102	0.993102	2.62972e-10	0.985446	0.993102	0.993102	6.78956e-07	0.0733234	2.47865e-08	5.03384e-09	0.000182317	0.993101	0.89361	0.0118799	0.256144	0.271555	0.0311272	0.0921012	0.919377	0.805267	0.909438	
0.993102	0.977607	0.993102	0.000241882	0.00030699	0.993098	0.993102	0.112563	0.0607849	0.993102	0.993102	1.96772e-10	0.987374	0.993102	0.993102	4.59352e-06	0.0548652	1.85532e-08	4.56946e-08	0.000278539	0.993101	0.918656	0.009399	0.193437	0.205816	0.0292505	0.0693265	0.934574	0.817271	0.923417	
0.993102	0.981508	0.993102	0.000402937	0.000493572	0.993097	0.993102	0.0866878	0.0510468	0.993102	0.993102	1.47238e-10	0.988816	0.993102	0.993102	2.5039e-05	0.0410537	1.38875e-08	2.3788e-07	0.00040141	0.993101	0.937397	0.00750591	0.145861	0.155738	0.0279238	0.052173	0.956655	0.818836	0.940455	
0.993102	0.984426	0.993102	0.000609866	0.000685148	0.993095	0.993102	0.0666148	0.0475304	0.993102	0.993102	1.10172e-10	0.989895	0.993102	0.993102	0.000131206	0.030719	1.03945e-08	7.69362e-07	0.000601334	0.993101	0.95142	0.00595064	0.109808	0.117791	0.0279725	0.039195	0.967869	0.839298	0.952908	
0.993102	0.98661	0.993102	0.000889104	0.000881943	0.993094	0.993102	0.0512057	0.0426298	0.993102	0.993102	8.2438e-11	0.990702	0.993102	0.993102	0.000324651	0.0229859	7.78027e-09	2.56374e-06	0.000828032	0.993101	0.961913	0.00474644	0.0826702	0.0890428	0.0260156	0.0294708	0.981385	0.841556	0.961492	
0.993102	0.988245	0.993102	0.00120503	0.00108547	0.993094	0.993102	0.0394557	0.041244	0.993102	0.993102	6.16854e-11	0.991306	0.993102	0.993102	0.000830393	0.0171995	5.82355e-09	5.77713e-06	0.00111754	0.993101	0.969764	0.00377572	0.0621965	0.067361	0.0248213	0.0221578	0.987697	0.870602	0.972889	
0.993102	0.989467	0.993102	0.00157384	0.00124349	0.993094	0.993102	0.0304263	0.0364393	0.993102	0.993102	4.61569e-11	0.991758	0.993102	0.993102	0.0012449	0.0128698	4.35918e-09	1.53848e-05	0.00140458	0.993101	0.975639	0.00305007	0.0468769	0.0510002	0.0216806	0.0166998	1.00045	0.889355	0.985462	
0.993102	0.990382	0.993102	0.00191972	0.00133524	0.993094	0.993102	0.0234646	0.0331454	0.993102	0.993102	3.45375e-11	0.992097	0.993102	0.993102	0.00182007	0.00962997	3.26307e-09	3.47064e-05	0.00178947	0.993101	0.980035	0.00247336	0.0353851	0.0387099	0.0185811	0.0126014	1.01315	0.891374	0.99377	
0.993102	0.991067	0.993102	0.00224593	0.00139589	0.993095	0.993102	0.0181447	0.0334399	0.993102	0.993102	2.58432e-11	0.99235	0.993102	0.993102	0.00293456	0.00720575	2.44261e-09	5.80352e-05	0.00229682	0.993101	0.983325	0.00199576	0.0267187	0.0294748	0.0163223	0.00950804	1.02393	0.892756	0.999326	
0.993102	0.991579	0.993102	0.00259771	0.00144198	0.993095	0.993102	0.0140991	0.0364589	0.993102	0.993102	1.93375e-11	0.992539	0.993102	0.993102	0.00455576	0.0053918	1.82849e-09	8.44223e-05	0.00291346	0.993101	0.985786	0.00159808	0.0201679	0.0225104	0.0145531	0.00717942	1.0262	0.897726	1.00021	
0.993102	0.991963	0.993102	0.00301443	0.00150537	0.993095	0.993102	0.0110591	0.0371956	0.993102	0.993102	1.44696e-11	0.992681	0.993102	0.993102	0.00591911	0.00403449	1.36893e-09	0.000116728	0.00343874	0.993101	0.987628	0.00128744	0.015235	0.0172394	0.0128866	0.0054413	1.03501	0.904737	1.00499	
0.993102	0.99225	0.993102	0.00342917	0.00154165	0.993096	0.993102	0.00873426	0.0391506	0.993102	0.993102	1.0827e-11	0.992787	0.993102	0.993101	0.00737247	0.00301886	1.02494e-09	0.00015742	0.00408562	0.993101	0.989006	0.0010332	0.0115137	0.0132665	0.0113549	0.00413728	1.04431	0.919681	1.01335	
0.993102	0.992464	0.993102	0.00386512	0.00152476	0.993096	0.993102	0.0069209	0.040484	0.993102	0.993102	8.10148e-12	0.992866	0.993102	0.993101	0.0083408	0.0022589	7.67431e-10	0.00022226	0.00489139	0.993101	0.990037	0.000827849	0.00871607	0.0102636	0.00972007	0.00315925	1.04873	0.929996	1.01837	
0.993102	0.992625	0.993102	0.00429944	0.00149212	0.993097	0.993102	0.00552422	0.0405338	0.993102	0.993102	6.06204e-12	0.992926	0.993102	0.993101	0.00891641	0.00169026	5.74701e-10	0.000305608	0.00568021	0.993101	0.990809	0.000668822	0.0066188	0.00799619	0.00824352	0.00242777	1.04484	0.92419	1.01171	
0.993102	0.992745	0.993102	0.00469073	0.00153261	0.993097	0.993102	0.00452491	0.0399118	0.993102	0.993102	4.53601e-12	0.99297	0.993102	0.993101	0.00965391	0.00126476	4.3052e-10	0.000361063	0.00613639	0.993101	0.991386	0.000550903	0.00503681	0.00629055	0.00725656	0.00189078	1.05234	0.936924	1.02053	
0.993102	0.992835	0.993102	0.00501789	0.00150554	0.993097	0.993102	0.00371141	0.0398083	0.993102	0.993102	3.39413e-12	0.993003	0.993102	0.993101	0.0101021	0.000946372	3.22563e-10	0.000449139	0.00679736	0.993101	0.991818	0.000457362	0.00385703	0.00501197	0.00628474	0.00148205	1.06315	0.962893	1.03558	
0.993102	0.992902	0.993102	0.00530415	0.00139826	0.993098	0.993102	0.00301658	0.0388056	0.993102	0.993102	2.5397e-12	0.993028	0.993102	0.993101	0.00979331	0.000708135	2.41699e-10	0.000648907	0.00783654	0.993101	0.992141	0.000381884	0.00298898	0.00405097	0.00521299	0.00117087	1.07574	0.979562	1.04835	
0.993102	0.992952	0.993102	0.00552652	0.00126096	0.993099	0.993102	0.00244166	0.0396952	0.993102	0.993102	1.90037e-12	0.993047	0.993102	0.993101	0.00950847	0.000529872	1.81114e-10	0.000937759	0.00940994	0.993101	0.992383	0.00031733	0.00234066	0.00333373	0.00427397	0.000927968	1.07961	0.986102	1.05255	
0.993102	0.99299	0.993102	0.00575315	0.0011441	0.993099	0.993102	0.00199586	0.0402814	0.993102	0.993102	1.42198e-12	0.993061	0.993102	0.9931	0.00920655	0.000396484	1.3576e-10	0.00123271	0.0108856	0.993101	0.992564	0.000266343	0.00185358	0.00278833	0.00351987	0.000744314	1.07987	0.993874	1.05545	
0.993102	0.993018	0.993102	0.00597118	0.00104791	0.9931	0.993102	0.00165205	0.0391435	0.993102	0.993102	1.06401e-12	0.993071	0.993102	0.9931	0.00871414	0.000296674	1.0182e-10	0.00155795	0.0120269	0.993101	0.9927	0.000229247	0.00149792	0.00237423	0.00290612	0.000608895	1.08924	1.00875	1.06678	
0.993102	0.993039	0.993102	0.00612251	0.000938808	0.9931	0.993102	0.0013621	0.0391178	0.993102	0.993102	7.96162e-13	0.993079	0.993102	0.9931	0.00822856	0.000221991	7.63824e-11	0.00203798	0.0136859	0.993101	0.992801	0.000197958	0.0012425	0.00206898	0.00238151	0.000500086	1.08945	1.01859	1.07129	
0.993102	0.993055	0.993102	0.00625449	0.000845073	0.9931	0.993102	0.00113393	0.0374052	0.993102	0.993102	5.95739e-13	0.993085	0.993102	0.9931	0.00758999	0.000166108	5.73466e-11	0.00260411	0.0149604	0.993101	0.992877	0.000176819	0.00107319	0.00183903	0.00195209	0.000419398	1.09235	1.01465	1.07294	
0.993102	0.993067	0.993102	0.00631316	0.000771302	0.9931	0.993102	0.00095918	0.0380693	0.993102	0.993102	4.4577e-13	0.993089	0.993102	0.9931	0.00739886	0.000124292	4.30912e-11	0.00295991	0.0162029	0.993101	0.992934	0.00015964	0.000943366	0.00167572	0.00165111	0.000352928	1.09319	1.00781	1.0733	
0.993102	0.993075	0.993102	0.00638838	0.000715778	0.993101	0.993102	0.000827519	0.0401466	0.993102	0.993102	3.33553e-13	0.993092	0.993102	0.993099	0.0075285	9.30033e-05	3.24209e-11	0.00310572	0.0172217	0.993101	0.992976	0.000145717	0.000841015	0.00154855	0.00145094	0.000297714	1.08972	1.01428	1.07329	
0.993102	0.993082	0.993102	0.00652453	0.000674811	0.993101	0.993102	0.000728842	0.0386713	0.993102	0.993102	2.49586e-13	0.993095	0.993102	0.993099	0.00721369	6.9591e-05	2.44489e-11	0.00334548	0.017656	0.993101	0.993008	0.000137977	0.000777641	0.00144066	0.0012673	0.000261052	1.08267	1.03193	1.07209	
0.993102	0.993087	0.993102	0.00658856	0.000648223	0.993101	0.993102	0.000657373	0.0337094	0.993102	0.993102	1.86756e-13	0.993097	0.993102	0.993099	0.00640182	5.20724e-05	1.85117e-11	0.00396576	0.0173755	0.993101	0.993032	0.000141817	0.000774312	0.0013678	0.00107972	0.000252514	1.08183	1.03611	1.0728	
0.993102	0.99309	0.993102	0.0064824	0.000626692	0.993101	0.993102	0.000602176	0.0299047	0.993102	0.993102	1.39743e-13	0.993098	0.993102	0.993099	0.00579818	3.89639e-05	1.40724e-11	0.00456381	0.0171026	0.993101	0.993049	0.000150799	0.000805016	0.00134302	0.000941446	0.000249364	1.0797	1.03671	1.07131	
0.993102	0.993093	0.993102	0.00628538	0.000614695	0.993101	0.993102	0.000564435	0.0269547	0.993102	0.993102	1.04564e-13	0.993099	0.993102	0.993099	0.00536577	2.91553e-05	1.07606e-11	0.00503121	0.0167216	0.993101	0.993063	0.000163809	0.000851822	0.00134933	0.000846819	0.00025147	1.06507	1.02566	1.05781	
0.993102	0.993095	0.993102	0.00604664	0.000650276	0.993101	0.993102	0.000572064	0.0235551	0.993102	0.993102	7.82417e-14	0.9931	0.993102	0.993099	0.00502252	2.18158e-05	8.36214e-12	0.00505949	0.0154411	0.993101	0.993073	0.000196675	0.000913935	0.00137467	0.000821956	0.000277445	1.06272	1.0259	1.05612	
0.993102	0.993097	0.993102	0.00576807	0.000682472	0.993101	0.993102	0.000583658	0.0209135	0.993102	0.993102	5.85454e-14	0.9931	0.993102	0.9931	0.00477289	1.6324e-05	6.58414e-12	0.00507937	0.014337	0.993101	0.99308	0.000231381	0.000987948	0.00141934	0.000815627	0.000303583	1.07015	1.02671	1.06262	
0.993102	0.993098	0.993102	0.00548265	0.000681719	0.993101	0.993102	0.00057415	0.0202197	0.993102	0.993102	4.38074e-14	0.993101	0.993102	0.993099	0.00477836	1.22146e-05	5.21035e-12	0.00510642	0.0139331	0.993101	0.993086	0.000248257	0.00104838	0.00147402	0.00081839	0.000302387	1.0512	1.01413	1.04502	
0.993102	0.993099	0.993102	0.00524029	0.000751915	0.993101	0.993102	0.000626086	0.0179423	0.993102	0.993102	3.27795e-14	0.993101	0.993102	0.9931	0.00464165	9.13977e-06	4.31548e-12	0.00483209	0.0126163	0.993101	0.99309	0.000300061	0.00111521	0.0015206	0.000883644	0.000344513	1.01166	0.987041	1.00768	
0.993102	0.993099	0.993102	0.00499694	0.00106931	0.993101	0.993102	0.000884668	0.0144764	0.993102	0.993102	2.45277e-14	0.993101	0.993102	0.9931	0.0043349	6.83896e-06	4.15383e-12	0.00419996	0.0104338	0.993101	0.993093	0.000499997	0.00121335	0.00157534	0.00114886	0.000563776	0.975158	0.95385	0.971843	
0.993102	0.9931	0.993102	0.00472829	0.00182522	0.993101	0.993102	0.00151691	0.0113471	0.993102	0.993102	1.83532e-14	0.993102	0.993102	0.9931	0.00409627	5.11735e-06	5.04879e-12	0.00343744	0.00828462	0.993101	0.993095	0.00099417	0.00132968	0.00165007	0.00187263	0.00108162	0.902153	0.885693	0.899712	
0.993102	0.9931	0.9931	0.00444607	0.00557181	0.993098	0.993102	0.00473244	0.00860957	0.993102	0.993102	1.37332e-14	0.993102	0.993102	0.993101	0.00387199	3.82914e-06	1.23079e-11	0.00264422	0.00630951	0.993101	0.993097	0.00361054	0.00147292	0.00174273	0.00556274	0.00380395	0.938753	0.920359	0.935983	
0.993102	0.9931	0.9931	0.00412427	0.00608555	0.993098	0.993102	0.00530558	0.00675418	0.993102	0.993102	1.02761e-14	0.993102	0.993102	0.993101	0.00372739	2.86521e-06	1.36563e-11	0.00209557	0.00494936	0.993101	0.993098	0.00415662	0.00167462	0.00187616	0.00637718	0.00425924	0.910893	0.895026	0.908592	
0.993102	0.993101	0.9931	0.0038361	0.00779172	0.993098	0.993102	0.00702527	0.00523417	0.993102	0.993102	7.68934e-15	0.993102	0.993102	0.993101	0.00358755	2.14394e-06	1.81125e-11	0.00163581	0.00383335	0.993101	0.993099	0.00575852	0.00187166	0.00200441	0.00856245	0.00572173	0.884367	0.869175	0.882199	
0.993102	0.993101	0.993098	0.00356552	0.0110612	0.993097	0.993102	0.0104218	0.00403208	0.993102	0.993102	5.754e-15	0.993102	0.993102	0.993102	0.00345995	1.60425e-06	2.75173e-11	0.00126027	0.00294436	0.993101	0.9931	0.00892477	0.00208687	0.00214047	0.0128885	0.00859401	0.929334	0.913871	0.927141	
0.993102	0.993101	0.993099	0.00329531	0.0102814	0.993097	0.993102	0.00993824	0.00335098	0.993102	0.993102	4.30557e-15	0.993102	0.993102	0.993102	0.00332541	1.20041e-06	2.66882e-11	0.00101508	0.00238889	0.993101	0.993101	0.00862163	0.00236367	0.00230382	0.0124013	0.00819551	0.930548	0.91599	0.928564	
0.993102	0.993101	0.993099	0.00308396	0.00965039	0.993098	0.993102	0.00952798	0.00283952	0.993102	0.993102	3.22176e-15	0.993102	0.993102	0.993102	0.00321632	8.98232e-07	2.58611e-11	0.000836989	0.00197679	0.993101	0.993101	0.00838234	0.00256819	0.00242882	0.0119594	0.00787199	0.870642	0.858823	0.869068	
0.993102	0.993101	0.993097	0.00291938	0.0135653	0.993097	0.993102	0.0139028	0.00221867	0.993102	0.993102	2.41132e-15	0.993102	0.993102	0.993102	0.00309983	6.72136e-07	3.87111e-11	0.000651598	0.00153607	0.993101	0.993101	0.0126732	0.00272586	0.00252378	0.01725	0.0117806	0.854729	0.842942	0.853195	
0.993102	0.993101	0.993096	0.00273457	0.0180579	0.993096	0.993102	0.0196431	0.00174179	0.993102	0.993102	1.80543e-15	0.993102	0.993102	0.993102	0.00295221	5.02966e-07	5.78437e-11	0.000501821	0.00119064	0.993101	0.993101	0.0183108	0.00300163	0.00266883	0.0243065	0.0168341	0.803254	0.792571	0.801907	
0.993102	0.993101	0.99309	0.00252852	0.0322281	0.993092	0.993102	0.0389532	0.00133866	0.993102	0.993102	1.35964e-15	0.993102	0.993102	0.993102	0.00274855	3.76437e-07	1.32059e-10	0.000379262	0.000905598	0.993101	0.993102	0.0372214	0.00344558	0.00288032	0.0473551	0.0341072	0.792993	0.784183	0.791908	
0.993102	0.993101	0.993087	0.00221471	0.0397907	0.993093	0.993102	0.0582548	0.00105627	0.993102	0.993102	1.03005e-15	0.993102	0.993102	0.993102	0.00237556	2.81786e-07	2.44123e-10	0.000284892	0.000689535	0.9931	0.993102	0.0564582	0.00495404	0.00346325	0.0694438	0.0520561	0.819919	0.811671	0.818948	
0.993102	0.993101	0.993088	0.00187269	0.0361833	0.993094	0.993102	0.0615091	0.000949518	0.993102	0.993102	7.75022e-16	0.993102	0.993102	0.993102	0.00194599	2.10931e-07	2.8194e-10	0.000213929	0.000536233	0.9931	0.993102	0.0599059	0.00778637	0.00452173	0.0728951	0.055255	0.838739	0.830602	0.837836	
0.993102	0.993101	0.99309	0.00160003	0.0312011	0.993096	0.993102	0.058672	0.000940646	0.993102	0.993102	5.81918e-16	0.993102	0.993102	0.993102	0.00159183	1.57896e-07	2.74792e-10	0.000161109	0.000430589	0.993099	0.993102	0.0572623	0.0098969	0.00544687	0.0692983	0.0527635	0.818146	0.809748	0.817275	
0.993102	0.993101	0.993091	0.00140529	0.0298367	0.993097	0.993102	0.0625977	0.000834997	0.993102	0.993102	4.3998e-16	0.993102	0.993102	0.993102	0.00132797	1.18249e-07	2.93309e-10	0.00012139	0.000341528	0.993099	0.993102	0.0611715	0.0108999	0.00602652	0.0735831	0.0562248	0.819608	0.81097	0.818787	
0.993102	0.993101	0.993091	0.00124198	0.0281403	0.993097	0.993102	0.0650842	0.00076791	0.993102	0.993102	3.33527e-16	0.993102	0.993102	0.993102	0.00110741	8.85911e-08	3.02667e-10	9.15831e-05	0.000275384	0.993099	0.993102	0.0636578	0.0118464	0.00662267	0.0763505	0.0582602	0.833033	0.824717	0.832286	
0.993102	0.993101	0.993092	0.00110913	0.0252933	0.993098	0.993102	0.0629164	0.000763767	0.993102	0.993102	2.52063e-16	0.993102	0.993102	0.993102	0.000927019	6.63799e-08	2.88159e-10	6.94516e-05	0.000231914	0.993099	0.993102	0.0615783	0.0126285	0.0071785	0.0736622	0.0562045	0.814784	0.805954	0.814051	
0.993102	0.993101	0.993092	0.00101668	0.0252277	0.993098	0.993102	0.0670999	0.000691556	0.993102	0.993102	1.93829e-16	0.993102	0.993102	0.993102	0.000795525	4.9803e-08	2.9978e-10	5.26987e-05	0.000191434	0.993099	0.993102	0.0656899	0.0128616	0.00750106	0.0784774	0.0596484	0.802358	0.793846	0.801689	
0.993102	0.993101	0.993092	0.000931633	0.0262521	0.993098	0.993102	0.0753245	0.000618653	0.993102	0.993102	1.53557e-16	0.993102	0.993102	0.993102	0.00068059	3.74504e-08	3.32278e-10	3.99173e-05	0.00015718	0.993099	0.993102	0.0738159	0.0133392	0.00792987	0.0877749	0.0668264	0.794874	0.788427	0.794384	
0.993102	0.993101	0.993092	0.000841392	0.0268761	0.993098	0.993102	0.0850207	0.000563644	0.993102	0.993102	1.2593e-16	0.993102	0.993102	0.993102	0.000569292	2.82596e-08	3.7684e-10	3.01748e-05	0.000129591	0.993099	0.993102	0.0835553	0.0144759	0.00866443	0.097673	0.0762067	0.760124	0.754578	0.759717	
0.993102	0.993101	0.99309	0.000747887	0.0317888	0.993097	0.993102	0.115121	0.000482524	0.993102	0.993102	1.37684e-16	0.993102	0.993102	0.993102	0.00046639	2.17036e-08	5.42562e-10	2.26828e-05	0.000102936	0.993099	0.993102	0.113587	0.0163578	0.00979434	0.129156	0.105096	0.794984	0.789705	0.794636	
0.993102	0.993101	0.993092	0.00062408	0.0270737	0.993098	0.993102	0.114764	0.000605778	0.993102	0.993102	1.1374e-16	0.993102	0.993102	0.993102	0.000362258	1.66968e-08	5.4941e-10	1.70297e-05	8.89844e-05	0.993099	0.993102	0.113399	0.0231686	0.0133181	0.128005	0.105208	0.821684	0.815932	0.821323	
0.993102	0.993101	0.993093	0.00053174	0.0222055	0.993099	0.993102	0.103534	0.00083288	0.993102	0.993102	8.88074e-17	0.993102	0.993102	0.993102	0.000283344	1.27886e-08	4.87814e-10	1.28499e-05	8.69356e-05	0.993099	0.993102	0.102283	0.0272242	0.015899	0.1153	0.0948794	0.811526	0.805892	0.811192	
0.993102	0.993101	0.993095	0.000479019	0.0195829	0.993099	0.993102	0.0987953	0.000846326	0.993102	0.993102	7.19574e-17	0.993102	0.993102	0.993102	0.00022929	9.88666e-09	4.50442e-10	9.76619e-06	8.16306e-05	0.993099	0.993102	0.0974842	0.0275915	0.016638	0.109631	0.09053	0.854553	0.848283	0.854218	
0.993102	0.993101	0.993096	0.000447468	0.0160403	0.9931	0.993102	0.0834206	0.00109386	0.993102	0.993102	5.48392e-17	0.993102	0.993102	0.993102	0.000191587	7.52815e-09	3.7137e-10	7.75657e-06	0.000100239	0.9931	0.993102	0.0822518	0.0269006	0.0167686	0.0925989	0.0762873	0.762963	0.757807	0.762678	
0.993102	0.993101	0.993093	0.000456346	0.0232961	0.993097	0.993102	0.111856	0.00086774	0.993102	0.993102	7.88192e-17	0.993102	0.993102	0.993102	0.00017688	6.26064e-09	4.77684e-10	5.94979e-06	8.12722e-05	0.9931	0.993102	0.110024	0.0244349	0.015722	0.122159	0.103101	0.729455	0.723614	0.729154	
0.993102	0.993101	0.99309	0.000410008	0.0298774	0.993096	0.993102	0.164988	0.000701686	0.993102	0.993102	2.06006e-16	0.993102	0.993102	0.993102	0.000145014	6.58473e-09	8.08862e-10	4.47242e-06	6.40199e-05	0.9931	0.993102	0.162508	0.026953	0.0173413	0.178416	0.152957	0.737513	0.73356	0.737311	
0.993102	0.993101	0.993092	0.00033036	0.026139	0.993097	0.993102	0.196109	0.000721237	0.993102	0.993102	2.56964e-16	0.993102	0.993102	0.993102	0.000110172	8.87041e-09	1.04394e-09	3.34916e-06	5.16678e-05	0.9931	0.993102	0.193539	0.0468457	0.0285099	0.209768	0.183705	0.748286	0.745102	0.748138	
0.993102	0.993101	0.993094	0.000259808	0.0212052	0.993098	0.993102	0.208834	0.000953539	0.993102	0.993102	2.57948e-16	0.993102	0.993102	0.993102	8.28739e-05	1.29168e-08	1.10986e-09	2.50707e-06	4.33229e-05	0.9931	0.993102	0.206273	0.0779162	0.0487962	0.221551	0.197057	0.663891	0.661601	0.663804	
0.993102	0.993101	0.993093	0.000204201	0.0226107	0.993098	0.993102	0.316573	0.00080105	0.993102	0.993102	2.0683e-15	0.993102	0.993102	0.993102	6.22431e-05	5.70953e-08	2.4434e-09	1.87607e-06	3.32777e-05	0.9931	0.993102	0.313657	0.106898	0.0707044	0.327814	0.305509	0.593907	0.592346	0.593852	
0.993102	0.993101	0.993094	0.000153926	0.0201284	0.993099	0.993102	0.456575	0.000788728	0.993102	0.993102	3.19795e-14	0.993096	0.993102	0.993102	4.65774e-05	1.63097e-06	8.56096e-09	1.4038e-06	2.51126e-05	0.9931	0.993102	0.454015	0.250623	0.197459	0.465465	0.447594	0.544515	0.543262	0.544489	
0.993102	0.993101	0.993096	0.000115246	0.0155903	0.993099	0.993102	0.579429	0.001683	0.993102	0.993102	2.41877e-13	0.992972	0.993102	0.993102	3.48522e-05	7.4416e-05	2.36274e-08	1.05041e-06	1.88698e-05	0.9931	0.993102	0.577353	0.430326	0.387135	0.586217	0.572456	0.45536	0.454275	0.455347	
0.993102	0.993101	0.993098	8.624e-05	0.0119353	0.9931	0.993102	0.681427	0.00316993	0.993102	0.993102	7.72442e-12	0.964834	0.993102	0.993102	2.60786e-05	0.00548083	1.11303e-07	7.85985e-07	1.41328e-05	0.9931	0.993096	0.679805	0.571291	0.538716	0.686485	0.676168	0.475994	0.474931	0.475985	
0.993102	0.993101	0.993099	6.45311e-05	0.00895395	0.993101	0.993102	0.756672	0.0210405	0.993102	0.993102	8.98438e-12	0.96173	0.993102	0.993102	1.95137e-05	0.0311668	1.40915e-07	5.88124e-07	1.05951e-05	0.9931	0.992709	0.755255	0.677374	0.652972	0.760325	0.752675	0.586671	0.585515	0.586662	
0.993102	0.993101	0.9931	4.82865e-05	0.00670048	0.993101	0.993102	0.789577	0.1875	0.993102	0.993102	6.7495e-12	0.969612	0.993102	0.993102	1.46014e-05	0.0382616	1.1138e-07	4.40071e-07	8.11093e-06	0.9931	0.98516	0.776762	0.75682	0.738554	0.781305	0.786066	0.622572	0.621254	0.622563	
0.993102	0.992692	0.9931	3.61347e-05	0.00501387	0.993101	0.993102	0.791746	0.197784	0.993102	0.993102	5.05064e-12	0.975523	0.993102	0.993102	1.09257e-05	0.0434081	8.61105e-08	3.29289e-07	6.44426e-06	0.9931	0.960842	0.603197	0.815782	0.80204	0.607134	0.788116	0.668646	0.666889	0.668635	
0.993102	0.992189	0.993101	2.70426e-05	0.00375175	0.993102	0.993102	0.747381	0.243886	0.993102	0.993102	3.77924e-12	0.979948	0.993102	0.993102	8.17528e-06	0.0391112	6.54991e-08	2.46395e-07	5.76452e-06	0.993101	0.940539	0.458918	0.859789	0.84944	0.462128	0.74264	0.719624	0.717877	0.719608	
0.993102	0.988632	0.993101	2.02612e-05	0.00280734	0.993102	0.993102	0.651829	0.236467	0.993102	0.993102	2.82787e-12	0.98326	0.993102	0.993102	6.11727e-06	0.0302987	4.93855e-08	1.84369e-07	6.92551e-06	0.993101	0.94845	0.344507	0.889447	0.881407	0.346948	0.646303	0.801059	0.799065	0.801042	
0.993102	0.98696	0.993101	1.53138e-05	0.0021007	0.993102	0.993102	0.513608	0.22492	0.993102	0.993102	2.11599e-12	0.985737	0.993102	0.993102	4.57733e-06	0.0227023	3.70256e-08	1.37956e-07	1.84945e-05	0.993101	0.959572	0.258036	0.894025	0.886893	0.259874	0.50858	0.831438	0.82942	0.831419	
0.993102	0.986738	0.993102	1.33859e-05	0.00157242	0.993102	0.993102	0.399103	0.176554	0.993102	0.993102	1.58332e-12	0.987591	0.993102	0.993102	3.42505e-06	0.0169883	2.77436e-08	1.03228e-07	3.82766e-05	0.993101	0.968012	0.193254	0.782438	0.774551	0.194636	0.394798	0.846477	0.844264	0.846458	
0.993102	0.988085	0.993102	1.72498e-05	0.00118056	0.993102	0.993102	0.309752	0.135123	0.993102	0.993102	1.18474e-12	0.988979	0.993102	0.993102	2.56284e-06	0.0127118	2.0788e-08	7.72451e-08	6.16521e-05	0.993101	0.974328	0.144945	0.630396	0.623375	0.145994	0.306077	0.84331	0.841011	0.84329	
0.993102	0.9893	0.993102	3.17713e-05	0.000908665	0.993102	0.993102	0.243587	0.102195	0.993102	0.993102	8.86497e-13	0.990017	0.993102	0.993102	1.91787e-06	0.00951182	1.55849e-08	5.79199e-08	7.71199e-05	0.993101	0.979054	0.109285	0.490938	0.485284	0.110109	0.240338	0.844012	0.841594	0.843991	
0.993102	0.990244	0.993102	6.04634e-05	0.000773609	0.993102	0.993102	0.193917	0.0770352	0.993102	0.993102	6.63334e-13	0.990793	0.993102	0.993102	1.44011e-06	0.00711736	1.1691e-08	4.50654e-08	8.91408e-05	0.993101	0.982591	0.0833463	0.377577	0.373177	0.0840414	0.190972	0.876275	0.873753	0.876255	
0.993102	0.990959	0.993102	0.000105207	0.000711618	0.993102	0.993102	0.151347	0.0583036	0.993102	0.993102	4.96349e-13	0.991375	0.993102	0.993102	1.1384e-06	0.00532566	8.76336e-09	5.77446e-08	0.000126658	0.993101	0.985237	0.0637303	0.288874	0.285492	0.0643212	0.148852	0.910691	0.908162	0.91067	
0.993102	0.991496	0.993102	0.000175477	0.000688876	0.993101	0.993102	0.116422	0.0444416	0.993102	0.993102	3.714e-13	0.99181	0.993102	0.993102	1.33774e-06	0.003985	6.56502e-09	3.06215e-07	0.000214188	0.993101	0.987217	0.0486863	0.220128	0.217545	0.0491805	0.114408	0.950363	0.947781	0.950341	
0.993102	0.991899	0.993102	0.000279128	0.000657902	0.993102	0.993102	0.0885584	0.0344357	0.993102	0.993102	2.77905e-13	0.992135	0.993102	0.993102	3.60204e-06	0.00298183	4.91585e-09	2.58202e-06	0.00042451	0.993101	0.988698	0.0370274	0.167334	0.165368	0.037429	0.0869846	0.977296	0.974725	0.977276	
0.993102	0.992201	0.993102	0.000420966	0.000637696	0.993102	0.993102	0.0671078	0.0271814	0.993102	0.993102	2.07946e-13	0.992378	0.993102	0.993102	1.24122e-05	0.00223119	3.68038e-09	1.42583e-05	0.000771081	0.993101	0.989807	0.0281323	0.127049	0.125555	0.0284554	0.0658929	0.967807	0.965351	0.967787	
0.993102	0.992427	0.993102	0.000598262	0.000747778	0.993102	0.993102	0.0512297	0.0212191	0.993102	0.993102	1.55598e-13	0.992561	0.993102	0.993102	3.58598e-05	0.00166952	2.75633e-09	3.48475e-05	0.000953203	0.993101	0.990637	0.0216455	0.0964518	0.0953179	0.0219174	0.0502807	0.949404	0.947167	0.949385	
0.993102	0.992597	0.993102	0.000795427	0.00109802	0.993101	0.993102	0.0397927	0.0163768	0.993102	0.993102	1.16429e-13	0.992697	0.993102	0.993102	8.3605e-05	0.00124924	2.06599e-09	5.78354e-05	0.000974676	0.993101	0.991257	0.0171639	0.0733117	0.0724472	0.0174118	0.0390363	0.966237	0.963954	0.966218	
0.993102	0.992724	0.993102	0.000995049	0.00130703	0.993101	0.993102	0.0308152	0.0128715	0.993102	0.993102	8.71194e-14	0.992799	0.993102	0.993102	0.000162943	0.000934762	1.54843e-09	0.000113258	0.00109667	0.993101	0.991722	0.0136048	0.0558634	0.0551955	0.013826	0.0302193	0.922542	0.920517	0.922523	
0.993102	0.992818	0.993102	0.00119415	0.00237044	0.993101	0.993102	0.0255255	0.00986229	0.993102	0.993102	6.51883e-14	0.992875	0.993102	0.993102	0.000277168	0.000699448	1.16468e-09	0.000126782	0.000974652	0.993101	0.992069	0.0121284	0.0427073	0.0421849	0.0123746	0.0250306	0.759468	0.75789	0.759449	
0.993102	0.99289	0.993089	0.00136783	0.0368256	0.993083	0.993102	0.0705337	0.00738817	0.993102	0.993102	4.88125e-14	0.992932	0.993102	0.993102	0.000415255	0.000523372	1.03208e-09	9.68414e-05	0.000735228	0.993101	0.992329	0.0537589	0.0328413	0.0324102	0.0551265	0.0698643	0.612791	0.611396	0.612775	
0.993102	0.992943	0.992988	0.00120848	0.16645	0.993054	0.993102	0.26005	0.00553064	0.993102	0.993102	4.93104e-14	0.992974	0.993102	0.993102	0.000382884	0.000391626	6.76356e-09	7.24717e-05	0.000550461	0.9931	0.992524	0.243037	0.029065	0.0264234	0.245117	0.259528	0.476978	0.475333	0.476966	
0.993102	0.992983	0.99298	0.000908268	0.199191	0.993066	0.993102	0.441235	0.00423392	0.993102	0.993102	3.07754e-12	0.992986	0.993102	0.993102	0.000287008	0.000293339	1.21974e-06	5.42279e-05	0.000411911	0.992915	0.992669	0.428205	0.251313	0.0915419	0.429875	0.440813	0.499813	0.498748	0.499798	
0.993102	0.993012	0.99301	0.000679727	0.150822	0.993075	0.993102	0.57494	0.0137414	0.993102	0.993102	3.53277e-12	0.993014	0.993102	0.993102	0.000214759	0.000223148	2.40241e-06	4.05768e-05	0.000308251	0.992275	0.992778	0.564836	0.437748	0.303334	0.566198	0.574606	0.513551	0.512317	0.513533	
0.993102	0.993035	0.993033	0.000508623	0.112948	0.993082	0.993102	0.673412	0.0627632	0.993102	0.993102	3.22977e-12	0.993032	0.993102	0.993102	0.000160696	0.000273157	2.2298e-06	3.03621e-05	0.000230696	0.992384	0.992854	0.663888	0.577485	0.475635	0.665112	0.673088	0.725574	0.723655	0.725555	
0.993102	0.993049	0.993051	0.000380587	0.0845151	0.993087	0.993102	0.589118	0.28679	0.993102	0.993102	2.41677e-12	0.993049	0.993102	0.993102	0.000120243	0.000228098	1.67141e-06	2.27189e-05	0.000175591	0.992543	0.992632	0.529147	0.682059	0.6054	0.53116	0.587296	0.788269	0.785981	0.788249	
0.993102	0.973486	0.993064	0.000286268	0.0632399	0.993091	0.993102	0.473045	0.237092	0.993102	0.993102	1.80838e-12	0.993063	0.993102	0.993102	8.99735e-05	0.000172908	1.25113e-06	1.69997e-05	0.000141768	0.992676	0.992741	0.396061	0.722906	0.580908	0.397573	0.470628	0.812892	0.810588	0.812872	
0.993102	0.975561	0.993073	0.000219798	0.0473219	0.993094	0.993102	0.374734	0.184227	0.993102	0.993102	1.35314e-12	0.993073	0.993102	0.993102	6.73239e-05	0.000129585	9.36362e-07	1.27203e-05	0.000123032	0.992781	0.992832	0.296557	0.664866	0.489019	0.297697	0.372173	0.772158	0.76902	0.772138	
0.993102	0.97964	0.993081	0.00017831	0.035438	0.993096	0.993102	0.322918	0.138772	0.993102	0.993102	1.01251e-12	0.99308	0.993102	0.993102	5.0376e-05	9.70543e-05	7.00958e-07	9.51811e-06	9.95578e-05	0.99286	0.9929	0.223187	0.553421	0.391082	0.224123	0.31899	0.753018	0.748665	0.752999	
0.993102	0.982977	0.993086	0.000149118	0.0266356	0.993097	0.993102	0.29943	0.104286	0.993102	0.993102	7.57627e-13	0.993086	0.993102	0.993102	3.76947e-05	7.26834e-05	5.24862e-07	7.12206e-06	7.96042e-05	0.99292	0.992951	0.171615	0.455784	0.315062	0.172728	0.292874	0.693259	0.68947	0.693242	
0.993102	0.985513	0.99309	0.000124161	0.0205558	0.993098	0.993102	0.348691	0.0781735	0.993102	0.993102	5.6698e-13	0.99309	0.993102	0.993102	2.82065e-05	5.45353e-05	3.93737e-07	5.32918e-06	6.11102e-05	0.992965	0.992989	0.155952	0.384277	0.263093	0.158703	0.339253	0.582575	0.579176	0.582561	
0.993102	0.987418	0.993093	9.56893e-05	0.0175033	0.993097	0.993102	0.486162	0.0585552	0.993102	0.993102	4.34804e-13	0.99308	0.993102	0.993102	2.11061e-05	4.48972e-05	3.02737e-07	3.98763e-06	4.58954e-05	0.992999	0.993017	0.280765	0.401378	0.286042	0.286626	0.477604	0.472205	0.469028	0.472195	
0.993102	0.988847	0.993095	7.1721e-05	0.0143348	0.993097	0.993102	0.610793	0.0439597	0.993102	0.993102	1.6105e-12	0.982399	0.993102	0.993102	1.57929e-05	0.000647321	2.96006e-07	2.9838e-06	3.43604e-05	0.993025	0.993039	0.450725	0.53732	0.445964	0.455666	0.604203	0.457893	0.454798	0.457885	
0.993102	0.989917	0.993097	5.36736e-05	0.010863	0.993099	0.993102	0.704787	0.0345356	0.993102	0.993102	4.24903e-12	0.958408	0.993102	0.993102	1.18173e-05	0.0105944	3.08358e-07	2.23267e-06	2.57246e-05	0.993044	0.993032	0.581922	0.651157	0.582501	0.585934	0.699718	0.547002	0.542909	0.546995	
0.993102	0.990718	0.993098	4.01629e-05	0.00813193	0.993099	0.993102	0.764586	0.0829228	0.993102	0.993102	3.28552e-12	0.966975	0.993102	0.993102	8.84243e-06	0.0200168	2.44375e-07	1.67062e-06	1.93315e-05	0.993058	0.992063	0.661184	0.737115	0.685713	0.665922	0.759778	0.656771	0.651659	0.656764	
0.993102	0.991313	0.993099	3.00532e-05	0.00608495	0.9931	0.993102	0.740591	0.252906	0.993102	0.993102	2.45895e-12	0.973552	0.993102	0.993102	6.61647e-06	0.0199187	1.84295e-07	1.25007e-06	1.52084e-05	0.993069	0.981951	0.565371	0.801453	0.762973	0.574215	0.73133	0.726475	0.720535	0.726468	
0.993102	0.987186	0.9931	2.25238e-05	0.00455319	0.993101	0.993102	0.638899	0.241188	0.993102	0.993102	1.83994e-12	0.978474	0.993102	0.993102	4.95086e-06	0.0157214	1.38244e-07	9.3538e-07	1.43757e-05	0.993077	0.980682	0.423859	0.844616	0.815181	0.430579	0.625484	0.750595	0.744807	0.750586	
0.993102	0.985774	0.993101	1.70715e-05	0.00340721	0.993101	0.993102	0.538181	0.196377	0.993102	0.993102	1.37676e-12	0.982156	0.993102	0.993102	3.70455e-06	0.0118317	1.03648e-07	6.99911e-07	1.56092e-05	0.993083	0.983738	0.317793	0.853353	0.828946	0.322899	0.523045	0.828895	0.822297	0.828886	
0.993102	0.987147	0.993101	1.34402e-05	0.00254984	0.993101	0.993102	0.41821	0.170824	0.993102	0.993102	1.03018e-12	0.984912	0.993102	0.993102	2.77198e-06	0.00885524	7.75977e-08	5.23718e-07	3.49063e-05	0.993088	0.986094	0.238118	0.81647	0.79468	0.241984	0.405078	0.819327	0.813104	0.819318	
0.993102	0.988473	0.993101	1.44586e-05	0.00191262	0.993101	0.993102	0.33147	0.130999	0.993102	0.993102	7.70847e-13	0.986973	0.993102	0.993102	2.07417e-06	0.00662627	5.81134e-08	3.9188e-07	4.52995e-05	0.993091	0.987858	0.178831	0.67809	0.659328	0.18181	0.319624	0.86707	0.860597	0.867062	
0.993102	0.989604	0.993101	2.20686e-05	0.00144133	0.993102	0.993102	0.255502	0.101228	0.993102	0.993102	5.76796e-13	0.988516	0.993102	0.993102	1.55212e-06	0.00495821	4.35031e-08	2.93303e-07	8.37274e-05	0.993094	0.989178	0.134372	0.538456	0.5234	0.136679	0.245757	0.857942	0.851892	0.857934	
0.993102	0.990474	0.993102	4.48597e-05	0.00113435	0.993102	0.993102	0.200101	0.076796	0.993102	0.993102	4.31596e-13	0.989671	0.993102	0.993102	1.16486e-06	0.00371005	3.25743e-08	2.2077e-07	0.000104174	0.993095	0.990166	0.101761	0.416119	0.404501	0.103643	0.191829	0.84136	0.835975	0.841352	
0.993102	0.991131	0.993102	8.62716e-05	0.0010844	0.993101	0.993102	0.161976	0.0578628	0.993102	0.993102	3.22948e-13	0.990535	0.993102	0.993102	9.22489e-07	0.0027761	2.44053e-08	1.73941e-07	0.000107769	0.993097	0.990905	0.0788876	0.318613	0.309764	0.0806043	0.154602	0.721931	0.717691	0.721924	
0.993102	0.991625	0.993101	0.00014204	0.00620614	0.993094	0.993102	0.21104	0.043321	0.993102	0.993102	2.41711e-13	0.991181	0.993102	0.993102	1.0241e-06	0.00207726	1.86006e-08	1.33934e-07	8.3378e-05	0.993098	0.991458	0.0965483	0.243385	0.23666	0.100623	0.200806	0.580549	0.577409	0.580543	
0.993102	0.991996	0.993096	0.000128051	0.0353283	0.99307	0.993102	0.38404	0.0324211	0.993102	0.993102	2.03732e-13	0.991638	0.993102	0.993102	8.34434e-07	0.0015547	2.02606e-08	1.00247e-07	6.25509e-05	0.993099	0.991872	0.272172	0.200702	0.193649	0.277687	0.375056	0.458304	0.455717	0.458298	
0.993102	0.992274	0.993095	9.6366e-05	0.0384943	0.993075	0.993102	0.535095	0.0242935	0.993102	0.993102	3.89e-12	0.980166	0.993102	0.993102	6.24525e-07	0.00123621	1.46119e-07	7.50109e-08	4.68186e-05	0.993099	0.992182	0.449364	0.362809	0.329245	0.453702	0.528258	0.467766	0.465126	0.467759	
0.993102	0.992482	0.993097	7.21299e-05	0.0293137	0.993082	0.993102	0.647659	0.0192289	0.993102	0.993102	5.92379e-12	0.977353	0.993102	0.993102	4.6731e-07	0.00208273	2.24876e-07	5.6128e-08	3.50496e-05	0.993098	0.992412	0.581837	0.519779	0.492726	0.585304	0.642401	0.392751	0.390529	0.392746	
0.993102	0.992637	0.993098	5.39743e-05	0.0221751	0.993087	0.993102	0.734005	0.0164142	0.993102	0.993102	7.08511e-11	0.79068	0.993102	0.993102	3.49671e-07	0.0493065	5.99554e-07	4.19985e-08	2.62301e-05	0.993099	0.992485	0.684467	0.638737	0.618339	0.6871	0.730043	0.390068	0.387858	0.390064	
0.993102	0.992754	0.993099	4.03874e-05	0.016638	0.993091	0.993102	0.798647	0.0218791	0.993102	0.993102	1.31194e-10	0.633161	0.993102	0.993102	2.61646e-07	0.191303	8.43288e-07	3.1426e-08	1.96306e-05	0.993099	0.989495	0.761354	0.727906	0.712621	0.763359	0.795657	0.524316	0.521167	0.524312	
0.993102	0.992841	0.9931	3.02205e-05	0.0124505	0.993094	0.993102	0.839327	0.175231	0.993102	0.993102	9.85e-11	0.723265	0.993102	0.993102	1.9578e-07	0.22156	6.55111e-07	2.35149e-08	1.47414e-05	0.993099	0.954247	0.807117	0.794652	0.78321	0.809347	0.836576	0.569615	0.566191	0.569609	
0.993102	0.992676	0.9931	2.2614e-05	0.00931638	0.993096	0.993102	0.858527	0.204925	0.993102	0.993102	7.37065e-11	0.791153	0.993102	0.993102	1.46495e-07	0.244033	4.99158e-07	1.75953e-08	1.11605e-05	0.9931	0.848411	0.669466	0.844475	0.835876	0.674497	0.855211	0.610543	0.60711	0.610532	
0.993102	0.99203	0.993101	1.69225e-05	0.00697115	0.993097	0.993102	0.852159	0.25826	0.993102	0.993102	5.51522e-11	0.841987	0.993102	0.993102	1.09617e-07	0.242368	3.77216e-07	1.3166e-08	8.64574e-06	0.9931	0.722426	0.520842	0.881714	0.875244	0.525903	0.847325	0.704161	0.699792	0.70415	
0.993102	0.986298	0.993101	1.26668e-05	0.00521627	0.993099	0.993102	0.748865	0.338446	0.993102	0.993102	4.12684e-11	0.880028	0.993102	0.993102	8.20224e-08	0.192216	2.82802e-07	9.8516e-09	8.38603e-06	0.9931	0.643146	0.390866	0.909147	0.904215	0.394757	0.73991	0.783178	0.777971	0.783168	
0.993102	0.895469	0.993101	9.64698e-06	0.00390316	0.9931	0.993102	0.595763	0.289275	0.993102	0.993102	3.08796e-11	0.908493	0.993102	0.993102	6.13744e-08	0.14414	2.11718e-07	7.37159e-09	1.55831e-05	0.9931	0.725605	0.292519	0.907754	0.901841	0.295435	0.586025	0.839277	0.83343	0.839264	
0.993102	0.901498	0.993102	8.5681e-06	0.00292068	0.9931	0.993102	0.45854	0.231452	0.993102	0.993102	2.31061e-11	0.929792	0.993102	0.993102	4.59242e-08	0.10786	1.58456e-07	5.5159e-09	4.0241e-05	0.993101	0.792931	0.218922	0.81715	0.807914	0.221109	0.449914	0.871841	0.859452	0.871825	
0.993102	0.923041	0.993102	1.30158e-05	0.00218617	0.993101	0.993102	0.349924	0.179985	0.993102	0.993102	1.72894e-11	0.94573	0.993102	0.993102	3.43635e-08	0.0807077	1.18584e-07	4.12778e-09	8.49229e-05	0.993101	0.843322	0.16388	0.660879	0.651717	0.165536	0.342009	0.912203	0.895545	0.912188	
0.993102	0.940514	0.993102	3.04546e-05	0.00163868	0.993101	0.993102	0.264922	0.139925	0.993102	0.993102	1.29371e-11	0.957655	0.993102	0.993102	2.57336e-08	0.0603907	8.87399e-08	3.159e-09	0.000186396	0.993101	0.881027	0.122711	0.512483	0.504921	0.123983	0.258133	0.936039	0.918233	0.936023	
0.993102	0.953721	0.993102	7.37097e-05	0.00123588	0.993101	0.993102	0.200156	0.108208	0.993102	0.993102	9.68033e-12	0.966578	0.993102	0.993102	2.06488e-08	0.0451881	6.64056e-08	5.71915e-09	0.000337371	0.993101	0.90924	0.091938	0.391032	0.385142	0.0929409	0.194504	0.938826	0.920399	0.938808	
0.993102	0.963626	0.993102	0.000153926	0.00095832	0.993101	0.993102	0.151589	0.0829039	0.993102	0.993102	7.24344e-12	0.973255	0.993102	0.993102	5.07115e-08	0.0338126	4.96933e-08	5.14341e-08	0.000461856	0.993101	0.930351	0.0690043	0.296525	0.292026	0.0698486	0.146804	0.934819	0.916826	0.934802	
0.993102	0.971043	0.993102	0.000272932	0.000813247	0.993101	0.993102	0.115396	0.0631437	0.993102	0.993102	5.42e-12	0.978252	0.993102	0.993102	4.41588e-07	0.0253008	3.71885e-08	3.47012e-07	0.0005392	0.993101	0.946148	0.0520114	0.224347	0.220936	0.0528067	0.111229	0.971261	0.953556	0.971247	
0.993102	0.976595	0.993102	0.000424355	0.00070444	0.993101	0.993102	0.0872968	0.0488861	0.993102	0.993102	4.05559e-12	0.98199	0.993102	0.993102	2.86945e-06	0.0189316	2.78291e-08	3.00987e-06	0.000805368	0.993101	0.957968	0.0391892	0.169648	0.167068	0.0398993	0.0839	0.986737	0.969961	0.986725	
0.993102	0.980749	0.993102	0.000609545	0.000650925	0.993101	0.993102	0.0660171	0.0382373	0.993102	0.993102	3.03465e-12	0.984787	0.993102	0.993102	1.23857e-05	0.0141659	2.08252e-08	1.40615e-05	0.00115168	0.993101	0.966813	0.0295882	0.128289	0.12634	0.0302249	0.0632817	1.00562	0.989797	1.00561	
0.993102	0.983858	0.993102	0.000819879	0.000617437	0.993101	0.993102	0.049874	0.0305256	0.993102	0.993102	2.27072e-12	0.98688	0.993102	0.993102	3.85659e-05	0.0105998	1.55838e-08	5.18462e-05	0.0016649	0.993101	0.973431	0.0223641	0.0970827	0.095611	0.022924	0.0477026	1.00361	0.988189	1.0036	
0.993102	0.986185	0.993102	0.0010476	0.000650208	0.993101	0.993102	0.0378121	0.0243832	0.993102	0.993102	1.6991e-12	0.988447	0.993102	0.993102	9.40264e-05	0.00793144	1.1662e-08	0.000115484	0.00202058	0.993101	0.978383	0.0170067	0.0735635	0.0724514	0.0175239	0.0360627	0.996336	0.981588	0.996322	
0.993102	0.987926	0.993102	0.00127691	0.00076475	0.993101	0.993102	0.0288611	0.0194162	0.993102	0.993102	1.27137e-12	0.989619	0.993102	0.993102	0.000189276	0.00593481	8.72762e-09	0.0001957	0.00218518	0.993101	0.982088	0.0130815	0.0558629	0.0550208	0.0135906	0.0274164	1.01586	1.00207	1.01584	
0.993102	0.989229	0.993102	0.00149421	0.000798516	0.993101	0.993102	0.0219785	0.016097	0.993102	0.993102	9.51321e-13	0.990496	0.993102	0.993102	0.00032801	0.0044408	6.53148e-09	0.000382347	0.00263317	0.993101	0.984861	0.0100547	0.0425576	0.0419163	0.0105201	0.0208129	1.01862	1.00563	1.01861	
0.993102	0.990203	0.993102	0.00170155	0.00084427	0.993101	0.993102	0.0168063	0.0135654	0.993102	0.993102	7.11839e-13	0.991152	0.993102	0.993101	0.000505951	0.00332289	4.88814e-09	0.000620774	0.00302939	0.993101	0.986935	0.00779282	0.0325502	0.0320596	0.00822093	0.0158602	1.02329	1.01	1.02328	
0.993102	0.990933	0.993102	0.00189336	0.00088203	0.993101	0.993102	0.0129027	0.0117446	0.993102	0.993102	5.32643e-13	0.991643	0.993102	0.993101	0.000720649	0.0024864	3.6584e-09	0.000914965	0.00343388	0.993101	0.988488	0.00608907	0.0250265	0.0246484	0.00648792	0.0121272	1.02234	1.01034	1.02233	
0.993102	0.991479	0.993102	0.00206817	0.000936833	0.993101	0.993102	0.00998674	0.0102519	0.993102	0.993102	3.98557e-13	0.99201	0.993102	0.993101	0.000946691	0.00186048	2.73825e-09	0.00121626	0.00371903	0.993101	0.989649	0.00482892	0.01937	0.0190761	0.00520129	0.00934584	1.03414	1.02375	1.03413	
0.993102	0.991887	0.993102	0.00222242	0.000933595	0.993102	0.993102	0.00773415	0.00941586	0.993102	0.993102	2.98226e-13	0.992285	0.993102	0.993101	0.00116884	0.00139213	2.04956e-09	0.0016923	0.00424181	0.993101	0.990519	0.00383522	0.0151201	0.0148889	0.00416513	0.00721455	1.01191	1.00286	1.0119	
0.993102	0.992193	0.993102	0.00236147	0.00107905	0.993101	0.993102	0.00619349	0.00810682	0.993102	0.993102	2.23152e-13	0.992491	0.993102	0.993101	0.00137635	0.00104168	1.53459e-09	0.00183228	0.00411419	0.993101	0.991169	0.00322157	0.0119226	0.0117386	0.00353819	0.00575297	1.01464	1.00545	1.01463	
0.993102	0.992421	0.993102	0.00247265	0.00118003	0.993101	0.993102	0.00501808	0.00718756	0.993102	0.993102	1.66976e-13	0.992645	0.993102	0.993101	0.00158369	0.000779451	1.14921e-09	0.00200477	0.00407392	0.993101	0.991656	0.00275258	0.00952898	0.00937854	0.00305841	0.00463963	1.03727	1.02671	1.03726	
0.993102	0.992593	0.993102	0.0025626	0.00112624	0.993101	0.993102	0.00399847	0.00718055	0.993102	0.993102	1.24942e-13	0.99276	0.993102	0.993101	0.00179662	0.000583235	8.60503e-10	0.00251482	0.00461351	0.993101	0.99202	0.00228129	0.00773605	0.00760959	0.00256226	0.00367895	1.03085	1.02179	1.03084	
0.993102	0.992721	0.993102	0.00264706	0.00112548	0.993102	0.993102	0.00326837	0.00688028	0.993102	0.993102	9.34897e-14	0.992846	0.993102	0.993101	0.0019641	0.000436413	6.44553e-10	0.00284277	0.00483214	0.993101	0.992292	0.00195903	0.00638174	0.00627411	0.00221928	0.00299569	1.0442	1.03594	1.04419	
0.993102	0.992816	0.993102	0.00271902	0.00106228	0.993102	0.993102	0.00265699	0.00706591	0.993102	0.993102	6.9955e-14	0.992911	0.993102	0.9931	0.00210358	0.000326552	4.82807e-10	0.00344047	0.00541792	0.993101	0.992496	0.00166006	0.0053633	0.00526986	0.00188968	0.00243055	1.06041	1.05204	1.06041	
0.993102	0.992888	0.993102	0.00278685	0.000956237	0.993102	0.993102	0.00214078	0.00789283	0.993102	0.993102	5.23448e-14	0.992959	0.993102	0.9931	0.00222368	0.000244347	3.61636e-10	0.00443271	0.00654343	0.993101	0.992649	0.00138207	0.00459124	0.00450935	0.00157938	0.00195505	1.07008	1.06253	1.07007	
0.993102	0.992942	0.993102	0.00286012	0.000850106	0.993102	0.993102	0.00172753	0.00892139	0.993102	0.993102	3.91677e-14	0.992995	0.993102	0.9931	0.00230591	0.000182836	2.70902e-10	0.00566042	0.00791403	0.993101	0.992763	0.0011476	0.00399708	0.00392531	0.00131371	0.00157717	1.06355	1.05597	1.06354	
0.993102	0.992982	0.993102	0.00293987	0.00079096	0.993102	0.993102	0.00143563	0.00924749	0.993102	0.993102	2.93077e-14	0.993022	0.993102	0.993099	0.00236581	0.00013681	2.03051e-10	0.00633449	0.00857783	0.993101	0.992848	0.000985339	0.0035354	0.00347266	0.00113036	0.00131027	1.06204	1.05437	1.06204	
0.993102	0.993012	0.993102	0.00301203	0.00075261	0.993102	0.993102	0.00122133	0.00938768	0.993102	0.993102	2.19299e-14	0.993042	0.993102	0.993099	0.00241648	0.00010237	1.52289e-10	0.00680273	0.00900085	0.993101	0.992912	0.000866936	0.00318263	0.0031274	0.000996962	0.00111426	1.06947	1.06304	1.06946	
0.993102	0.993034	0.993102	0.00307415	0.000702548	0.993102	0.993102	0.00104051	0.00979152	0.993102	0.993102	1.64094e-14	0.993057	0.993102	0.993099	0.00244344	7.65994e-05	1.14257e-10	0.00756626	0.00972988	0.993101	0.99296	0.000760154	0.00291448	0.00286532	0.000872731	0.00095206	1.07203	1.06567	1.07203	
0.993102	0.993051	0.993102	0.0031323	0.000658753	0.993102	0.993102	0.000898722	0.0101984	0.993102	0.993102	1.22785e-14	0.993069	0.993102	0.993099	0.00246329	5.73166e-05	8.57825e-11	0.00829431	0.0104352	0.993101	0.992996	0.000673821	0.00270712	0.00266313	0.000772323	0.000824899	1.07174	1.06587	1.07174	
0.993102	0.993064	0.993102	0.00318692	0.000627293	0.993102	0.993102	0.000793186	0.0104259	0.993102	0.993102	9.18757e-15	0.993077	0.993102	0.993099	0.00247133	4.28879e-05	6.44774e-11	0.00886977	0.0109486	0.993101	0.993023	0.000608976	0.00254577	0.00250618	0.000695754	0.000731517	1.0733	1.06788	1.0733	
0.993102	0.993073	0.993102	0.00323525	0.000600045	0.993102	0.993102	0.000710384	0.0106379	0.993102	0.993102	6.87473e-15	0.993083	0.993102	0.993099	0.00247254	3.20915e-05	4.85262e-11	0.00942452	0.0114344	0.993101	0.993043	0.000556777	0.00242127	0.00238534	0.000633313	0.000659127	1.09134	1.08648	1.09133	
0.993102	0.99308	0.993102	0.00327808	0.000540342	0.993102	0.993102	0.000612968	0.0119382	0.993102	0.993102	5.14411e-15	0.993088	0.993102	0.993098	0.00246671	2.40129e-05	3.65054e-11	0.011095	0.0131844	0.993101	0.993058	0.000486815	0.00232483	0.00229192	0.000551257	0.000572018	1.09129	1.0865	1.09129	
0.993102	0.993085	0.993102	0.00333585	0.00049601	0.993102	0.993102	0.000540081	0.0127897	0.993102	0.993102	3.84915e-15	0.993092	0.993102	0.993098	0.00244834	1.7968e-05	2.75104e-11	0.0123706	0.0144935	0.993101	0.993069	0.000432727	0.00223795	0.00220808	0.000487834	0.000507022	1.07658	1.07256	1.07658	
0.993102	0.993089	0.993102	0.00339757	0.000494513	0.993102	0.993102	0.000513258	0.0123579	0.993102	0.993102	2.88018e-15	0.993094	0.993102	0.993098	0.00241802	1.34448e-05	2.08459e-11	0.0123621	0.0143136	0.993101	0.993077	0.000414117	0.00216339	0.00213632	0.00046293	0.000487037	1.06765	1.06372	1.06764	
0.993102	0.993092	0.993102	0.00343871	0.000517771	0.993102	0.993102	0.000514362	0.0115974	0.993102	0.993102	2.15513e-15	0.993096	0.993102	0.993098	0.00240137	1.00602e-05	1.59098e-11	0.0118638	0.0136217	0.993101	0.993084	0.000418785	0.00211155	0.00208656	0.000464231	0.000493368	1.0268	1.02351	1.0268	
0.993102	0.993094	0.993102	0.00345743	0.000721867	0.993102	0.993102	0.000679399	0.00972494	0.993102	0.993102	1.61261e-15	0.993098	0.993102	0.993099	0.00239162	7.5277e-06	1.26095e-11	0.0100539	0.0114884	0.993101	0.993088	0.000563519	0.00208051	0.0020568	0.000614591	0.000664562	1.02699	1.02393	1.02698	
0.993102	0.993096	0.993102	0.00343689	0.000872395	0.993102	0.993102	0.000801709	0.00837051	0.993102	0.993102	1.20666e-15	0.993099	0.993102	0.993099	0.00240299	5.63271e-06	1.01401e-11	0.0086974	0.00989728	0.993101	0.993092	0.000680406	0.00208019	0.00205509	0.00073498	0.000792971	1.02759	1.02435	1.02758	
0.993102	0.993097	0.993102	0.00339619	0.000980139	0.993102	0.993102	0.000889855	0.00741059	0.993102	0.993102	9.02898e-16	0.9931	0.993102	0.9931	0.00242878	4.21475e-06	8.28636e-12	0.00768259	0.00872179	0.993101	0.993094	0.000771796	0.00209721	0.00206926	0.000830212	0.000884522	1.01112	1.00794	1.01112	
0.993102	0.993098	0.993102	0.00334738	0.00118702	0.993102	0.993102	0.00106903	0.00638999	0.993102	0.993102	6.75607e-16	0.9931	0.993102	0.9931	0.00245776	3.15375e-06	7.17464e-12	0.00659015	0.00747364	0.993101	0.993096	0.000949517	0.00212255	0.00209109	0.00101775	0.00106677	1.00767	1.00478	1.00766	
0.993102	0.993099	0.993102	0.00329027	0.00137202	0.993101	0.993102	0.00123234	0.00558767	0.993102	0.993102	5.05534e-16	0.993101	0.993102	0.9931	0.0024855	2.35983e-06	6.41787e-12	0.00571176	0.00647578	0.993101	0.993098	0.00111729	0.00215726	0.00212058	0.00119257	0.00123468	0.994498	0.99176	0.994489	
0.993102	0.993099	0.993102	0.00323081	0.00165311	0.993101	0.993102	0.00148519	0.00481355	0.993102	0.993102	3.78276e-16	0.993101	0.993102	0.9931	0.00251136	1.76578e-06	6.17445e-12	0.00486921	0.0055243	0.993101	0.993099	0.00137369	0.00219644	0.00215346	0.00146029	0.00149327	0.936795	0.934307	0.936785	
0.993102	0.9931	0.993101	0.00316895	0.00320068	0.993101	0.993102	0.00289031	0.00380589	0.993102	0.993102	2.83084e-16	0.993101	0.993102	0.993101	0.00253307	1.32127e-06	9.00112e-12	0.00382927	0.00434781	0.993101	0.9931	0.00275115	0.00224112	0.00218979	0.00290355	0.00292314	0.775072	0.773308	0.77506	
0.993102	0.9931	0.993084	0.00308559	0.0432299	0.993081	0.993102	0.0406963	0.00285639	0.993102	0.993102	2.33578e-16	0.993102	0.993102	0.993101	0.00253508	9.88779e-07	1.2162e-10	0.0028721	0.00326174	0.993101	0.9931	0.0401637	0.00232363	0.00224551	0.0414377	0.0416527	0.690059	0.688444	0.690046	
0.993102	0.9931	0.993043	0.00263733	0.115795	0.993077	0.993102	0.155415	0.00214489	0.993102	0.993102	8.36448e-16	0.993102	0.993102	0.993101	0.0022153	7.40484e-07	1.4941e-09	0.00214921	0.00244218	0.9931	0.993101	0.15527	0.00483396	0.00299412	0.158232	0.15796	0.531275	0.52989	0.531257	
0.993102	0.993101	0.992947	0.00200553	0.222948	0.993082	0.993102	0.35635	0.00161843	0.993102	0.993102	3.80195e-13	0.993096	0.993102	0.993102	0.00167135	5.88267e-07	1.45814e-07	0.00160818	0.00182746	0.993076	0.993101	0.356329	0.0910978	0.0148578	0.358802	0.358489	0.463698	0.461581	0.463672	
0.993102	0.993101	0.992979	0.00150122	0.185818	0.993087	0.993102	0.514026	0.00289801	0.993102	0.993102	6.02116e-12	0.993093	0.993102	0.993102	0.00125065	1.31489e-06	4.93543e-06	0.00120334	0.00136744	0.991313	0.993101	0.514027	0.3172	0.198431	0.515985	0.51562	0.485003	0.481754	0.484967	
0.993102	0.993101	0.99301	0.00112333	0.139608	0.993091	0.993102	0.63068	0.0280698	0.993102	0.993102	6.92028e-12	0.993089	0.993102	0.993102	0.000935813	2.97404e-05	5.20813e-06	0.000900416	0.00102323	0.991361	0.993101	0.630565	0.48726	0.394866	0.632284	0.631737	0.532513	0.529495	0.532474	
0.993102	0.9931	0.993033	0.000840554	0.104484	0.993094	0.993102	0.71203	0.126975	0.993102	0.993102	5.39379e-12	0.99309	0.993102	0.993102	0.000700235	0.000309513	4.1313e-06	0.000673749	0.000765707	0.991736	0.993049	0.705326	0.614563	0.544877	0.707526	0.71246	0.593995	0.590403	0.593954	
0.993102	0.993067	0.99305	0.000628961	0.078183	0.993096	0.993102	0.752085	0.21256	0.993102	0.993102	4.03854e-12	0.993093	0.993102	0.993102	0.00052396	0.00110237	3.12543e-06	0.000504141	0.000573166	0.992064	0.991726	0.618762	0.709751	0.656879	0.624643	0.750913	0.671057	0.667341	0.671018	
0.993102	0.992039	0.993063	0.000470642	0.0585016	0.993097	0.993102	0.714173	0.283283	0.993102	0.993102	3.02191e-12	0.993095	0.993102	0.993102	0.00039206	0.00153001	2.34298e-06	0.000377231	0.00042988	0.99232	0.985603	0.468409	0.780646	0.739459	0.473221	0.709626	0.722438	0.718865	0.722401	
0.993102	0.97586	0.993073	0.000352278	0.0437747	0.993099	0.993102	0.623239	0.255602	0.993102	0.993102	2.26119e-12	0.993097	0.993102	0.993102	0.000293364	0.00131996	1.75422e-06	0.000282268	0.000324451	0.992514	0.986046	0.350973	0.828585	0.78631	0.35461	0.61635	0.77617	0.771518	0.776136	
0.993102	0.974776	0.99308	0.000264	0.0327552	0.9931	0.993102	0.506029	0.220608	0.993102	0.993102	1.69197e-12	0.993098	0.993102	0.993102	0.000219514	0.00100099	1.31288e-06	0.000211211	0.000250921	0.992661	0.987784	0.262906	0.84566	0.787012	0.265655	0.498106	0.856996	0.850978	0.856967	
0.993102	0.978106	0.993086	0.000199619	0.0245099	0.9931	0.993102	0.387687	0.189166	0.993102	0.993102	1.26604e-12	0.993099	0.993102	0.993102	0.000164254	0.000749329	9.82426e-07	0.000158041	0.000228697	0.992771	0.989122	0.196837	0.78018	0.695797	0.198909	0.380811	0.880504	0.874871	0.880478	
0.993102	0.98151	0.99309	0.000161152	0.0183424	0.993101	0.993102	0.295828	0.147705	0.993102	0.993102	9.47329e-13	0.9931	0.993102	0.993102	0.000122905	0.000560718	7.35136e-07	0.000118257	0.000236553	0.992854	0.990124	0.14742	0.627899	0.549672	0.148986	0.290107	0.89538	0.890328	0.89536	
0.993102	0.984356	0.993093	0.00015282	0.0137368	0.993101	0.993102	0.225645	0.113204	0.993102	0.993102	7.08851e-13	0.993101	0.993102	0.993102	9.19661e-05	0.000419568	5.5009e-07	8.84875e-05	0.000265029	0.992916	0.990874	0.110537	0.486002	0.422739	0.111733	0.220972	0.874493	0.869659	0.874475	
0.993102	0.986539	0.993095	0.000180125	0.0103518	0.993101	0.993102	0.175296	0.0854983	0.993102	0.993102	5.30408e-13	0.993101	0.993102	0.993102	6.88262e-05	0.000313948	4.11633e-07	6.62168e-05	0.000256276	0.992962	0.991435	0.0833989	0.37115	0.322058	0.0843639	0.171239	0.666681	0.663129	0.666666	
0.993102	0.988185	0.993096	0.00023833	0.019904	0.993082	0.993102	0.288254	0.0639824	0.993102	0.993102	3.97201e-13	0.993101	0.993102	0.993102	5.16345e-05	0.000234945	3.0924e-07	4.95482e-05	0.000192671	0.992997	0.991855	0.121085	0.282225	0.244663	0.12507	0.281264	0.562341	0.558431	0.562328	
0.993102	0.98942	0.993097	0.000185386	0.0252173	0.99308	0.993102	0.448577	0.0478918	0.993102	0.993102	3.29097e-13	0.993055	0.993102	0.993102	3.86389e-05	0.000177675	2.43376e-07	3.70751e-05	0.000144282	0.993023	0.992169	0.288533	0.27282	0.228138	0.294659	0.442135	0.556499	0.551641	0.556487	
0.993102	0.990346	0.993098	0.000138924	0.0193579	0.993085	0.993102	0.570327	0.036386	0.993102	0.993102	3.02825e-13	0.993013	0.993102	0.993102	2.89121e-05	0.000180585	1.97103e-07	2.7742e-05	0.000108061	0.993042	0.992404	0.429637	0.435482	0.391264	0.437124	0.564103	0.408273	0.40284	0.408266	
0.993102	0.991039	0.993099	0.000103966	0.0153127	0.993089	0.993102	0.675916	0.0275936	0.993102	0.993102	2.72719e-11	0.826173	0.993102	0.993102	2.16339e-05	0.0115777	4.0624e-07	2.07583e-05	8.08633e-05	0.993057	0.992575	0.569756	0.574288	0.540468	0.575535	0.671166	0.418443	0.413613	0.418437	
0.993102	0.991558	0.9931	7.77955e-05	0.0115399	0.993092	0.993102	0.754737	0.0246293	0.993102	0.993102	4.16023e-11	0.728447	0.993102	0.993102	1.61878e-05	0.0729873	4.98835e-07	1.55327e-05	6.05134e-05	0.993068	0.992396	0.674553	0.679545	0.654177	0.67904	0.751081	0.519313	0.514251	0.519307	
0.993102	0.991946	0.9931	5.82118e-05	0.00863712	0.993095	0.993102	0.807229	0.110396	0.993102	0.993102	3.1529e-11	0.794202	0.993102	0.993102	1.21128e-05	0.103242	3.97305e-07	1.16225e-05	4.53275e-05	0.993076	0.985477	0.742695	0.758443	0.739451	0.74716	0.803732	0.663494	0.658287	0.663487	
0.993102	0.992221	0.993101	4.35583e-05	0.00646289	0.993097	0.993102	0.764926	0.291356	0.993102	0.993102	2.35922e-11	0.844272	0.993102	0.993102	9.06355e-06	0.0871023	2.98559e-07	8.69673e-06	3.47674e-05	0.993082	0.939268	0.597175	0.81744	0.803215	0.604242	0.75632	0.772983	0.767489	0.772977	
0.993102	0.97213	0.993101	3.26409e-05	0.00483595	0.993098	0.993102	0.614419	0.301424	0.993102	0.993102	1.76532e-11	0.881738	0.993102	0.993102	6.78192e-06	0.0656918	2.23537e-07	6.50744e-06	3.36108e-05	0.993087	0.94231	0.446993	0.855014	0.843482	0.452299	0.604303	0.81407	0.808815	0.814064	
0.993102	0.947965	0.993101	2.56101e-05	0.00361867	0.993099	0.993102	0.480165	0.236129	0.993102	0.993102	1.32092e-11	0.909772	0.993102	0.993102	5.07467e-06	0.0491663	1.67322e-07	4.86928e-06	4.24214e-05	0.993091	0.955069	0.334522	0.786817	0.7723	0.338498	0.470721	0.836264	0.82997	0.836258	
0.993102	0.957	0.993102	2.38722e-05	0.00270868	0.9931	0.993102	0.372785	0.180935	0.993102	0.993102	9.884e-12	0.93075	0.993102	0.993102	3.79719e-06	0.0367899	1.25237e-07	3.64351e-06	5.86602e-05	0.993093	0.964643	0.250438	0.65369	0.63942	0.25343	0.364206	0.826761	0.818298	0.826756	
0.993102	0.965852	0.993102	3.12341e-05	0.00203679	0.9931	0.993102	0.295079	0.136671	0.993102	0.993102	7.39584e-12	0.946446	0.993102	0.993102	2.8413e-06	0.0275286	9.37537e-08	2.72631e-06	6.61522e-05	0.993095	0.971808	0.187855	0.516188	0.504235	0.190179	0.286292	0.692636	0.684625	0.692631	
0.993102	0.972671	0.993102	4.94781e-05	0.00221283	0.993096	0.993102	0.346347	0.10231	0.993102	0.993102	5.53408e-12	0.958191	0.993102	0.993102	2.12641e-06	0.0205989	7.0774e-08	2.04001e-06	5.10219e-05	0.993097	0.977168	0.155956	0.400694	0.391208	0.160178	0.329817	0.62993	0.622509	0.629926	
0.993102	0.977803	0.993102	4.17363e-05	0.0025213	0.993095	0.993102	0.454024	0.0766243	0.993102	0.993102	4.14201e-12	0.966978	0.993102	0.993102	1.59121e-06	0.0154158	5.51426e-08	1.52646e-06	3.86124e-05	0.993098	0.981179	0.195123	0.36343	0.354263	0.206481	0.435059	0.5254	0.520002	0.525397	
0.993102	0.98165	0.993102	3.1557e-05	0.00269935	0.993095	0.993102	0.581283	0.0574544	0.993102	0.993102	3.21068e-12	0.972683	0.993102	0.993102	1.19065e-06	0.0116925	5.90499e-08	1.1422e-06	2.8946e-05	0.993099	0.984181	0.36119	0.479886	0.471238	0.372798	0.566171	0.49096	0.486976	0.490957	
0.993102	0.984531	0.993102	2.36304e-05	0.00214713	0.993097	0.993102	0.680639	0.0440794	0.993102	0.993102	3.03217e-12	0.971332	0.993102	0.993102	8.90918e-07	0.0125616	7.97413e-08	8.54664e-07	2.16862e-05	0.993099	0.986419	0.507149	0.606416	0.599799	0.516789	0.668983	0.469929	0.466633	0.469924	
0.993102	0.986688	0.993102	1.76836e-05	0.0016332	0.993098	0.993102	0.756449	0.039483	0.993102	0.993102	4.15096e-12	0.95513	0.993102	0.993102	6.66642e-07	0.0460118	1.13231e-07	6.39514e-07	1.62447e-05	0.9931	0.987726	0.622713	0.703474	0.69851	0.630347	0.747537	0.537161	0.53397	0.537158	
0.993102	0.988301	0.993102	1.32324e-05	0.00122359	0.993099	0.993102	0.805436	0.113444	0.993102	0.993102	3.24586e-12	0.964261	0.993102	0.993102	4.98824e-07	0.0770206	9.85459e-08	4.78525e-07	1.22232e-05	0.9931	0.981504	0.693768	0.776326	0.77261	0.700737	0.798104	0.626655	0.623486	0.626652	
0.993102	0.98949	0.993102	9.9019e-06	0.000915661	0.9931	0.993102	0.800336	0.246231	0.993102	0.993102	2.42964e-12	0.97152	0.993102	0.993102	3.73251e-07	0.0787044	7.60272e-08	3.58063e-07	9.55297e-06	0.9931	0.939055	0.589346	0.8308	0.828017	0.597805	0.792191	0.696042	0.692745	0.696039	
0.993102	0.986497	0.993102	7.41877e-06	0.000685182	0.993101	0.993102	0.72018	0.263105	0.993102	0.993102	1.81802e-12	0.976953	0.993102	0.993102	2.7929e-07	0.0640175	5.74563e-08	2.67925e-07	8.77745e-06	0.993101	0.914385	0.442687	0.870143	0.868033	0.449132	0.709986	0.714106	0.710856	0.714103	
0.993102	0.980596	0.993102	5.6176e-06	0.000512788	0.993101	0.993102	0.638003	0.218446	0.993102	0.993102	1.36036e-12	0.981018	0.993102	0.993102	2.08983e-07	0.0486364	4.33864e-08	2.00479e-07	8.90608e-06	0.993101	0.932383	0.332095	0.890874	0.889161	0.336974	0.626525	0.725453	0.722141	0.72545	
0.993102	0.982447	0.993102	4.34407e-06	0.000384077	0.993101	0.993102	0.563307	0.176676	0.993102	0.993102	1.01791e-12	0.98406	0.993102	0.993102	1.56374e-07	0.0365068	3.27774e-08	1.50011e-07	9.5979e-06	0.993101	0.9476	0.250142	0.89584	0.894364	0.253904	0.55103	0.728638	0.724828	0.728635	
0.993102	0.98489	0.993102	3.52216e-06	0.000288963	0.993101	0.993102	0.50386	0.139725	0.993102	0.993102	7.61668e-13	0.986336	0.993102	0.993102	1.17009e-07	0.027341	2.48189e-08	1.12248e-07	1.03085e-05	0.993101	0.959051	0.190708	0.883003	0.881656	0.193799	0.490528	0.728689	0.724711	0.728687	
0.993102	0.986903	0.993102	3.06149e-06	0.000221377	0.993102	0.993102	0.459323	0.109414	0.993102	0.993102	5.69938e-13	0.98804	0.993102	0.993102	8.75538e-08	0.0204657	1.88631e-08	8.39909e-08	1.08434e-05	0.993101	0.967623	0.149983	0.856688	0.855439	0.152881	0.44502	0.801768	0.797626	0.801765	
0.993102	0.988447	0.993102	2.85698e-06	0.000168563	0.993102	0.993102	0.369237	0.0970162	0.993102	0.993102	4.26464e-13	0.989314	0.993102	0.993102	6.55141e-08	0.0153145	1.41822e-08	6.28475e-08	2.16115e-05	0.993101	0.974037	0.115376	0.823916	0.822769	0.117813	0.356699	0.830626	0.826611	0.830623	
0.993102	0.989609	0.993102	4.81532e-06	0.000136045	0.993102	0.993102	0.291302	0.0785007	0.993102	0.993102	3.19108e-13	0.990268	0.993102	0.993102	4.90591e-08	0.0114593	1.06499e-08	4.7035e-08	4.02093e-05	0.993101	0.978836	0.0886055	0.707838	0.706791	0.0906171	0.280827	0.835967	0.832248	0.835964	
0.993102	0.990484	0.993102	1.23909e-05	0.000144143	0.993102	0.993102	0.231546	0.0607606	0.993102	0.993102	2.38777e-13	0.990981	0.993102	0.993102	3.7921e-08	0.00857461	8.003e-09	3.54101e-08	5.68362e-05	0.993101	0.982427	0.0692515	0.566934	0.566068	0.0709819	0.222786	0.909645	0.906192	0.909642	
0.993102	0.99114	0.993102	2.96387e-05	0.000139917	0.993102	0.993102	0.176503	0.0492264	0.993102	0.993102	1.78669e-13	0.991515	0.993102	0.993102	4.71468e-08	0.00641607	5.99615e-09	3.68182e-08	0.000159257	0.993101	0.985115	0.0527902	0.441801	0.441107	0.0541542	0.169736	0.957058	0.953923	0.957056	
0.993102	0.991633	0.993102	7.08285e-05	0.000142052	0.993102	0.993102	0.133338	0.0408707	0.993102	0.993102	1.33691e-13	0.991915	0.993102	0.993102	2.47791e-07	0.00480091	4.48972e-09	2.70063e-07	0.000420348	0.993101	0.987125	0.0399762	0.338262	0.337723	0.0410275	0.128198	0.987881	0.984705	0.987879	
0.993102	0.992002	0.993102	0.000150738	0.000154146	0.993102	0.993102	0.100457	0.0343169	0.993102	0.993102	1.00036e-13	0.992214	0.993102	0.993102	1.60088e-06	0.00359235	3.36113e-09	2.7273e-06	0.000872314	0.993101	0.98863	0.0302161	0.256997	0.256583	0.0310226	0.0965699	0.991862	0.988266	0.991859	
0.993102	0.992278	0.993102	0.000278757	0.000200764	0.993102	0.993102	0.0758001	0.0281003	0.993102	0.993102	7.48535e-14	0.992437	0.993102	0.993102	7.28143e-06	0.00268802	2.51651e-09	1.21567e-05	0.00125758	0.993101	0.989756	0.022929	0.194613	0.194297	0.0235563	0.0728496	0.974218	0.968867	0.974216	
0.993102	0.992485	0.993102	0.000449731	0.000349704	0.993102	0.993102	0.0576143	0.0222526	0.993102	0.993102	5.60101e-14	0.992605	0.993102	0.993102	2.46947e-05	0.00201135	1.88515e-09	2.75268e-05	0.00136741	0.993101	0.990598	0.0176712	0.147227	0.146984	0.0181986	0.0553204	0.925031	0.915886	0.925027	
0.993102	0.99264	0.993102	0.000647186	0.00103009	0.993101	0.993102	0.0454843	0.0170398	0.993102	0.993102	4.19104e-14	0.99273	0.993102	0.993102	6.72558e-05	0.00150502	1.4163e-09	3.38245e-05	0.00118334	0.993101	0.991229	0.0147624	0.111424	0.111233	0.0154639	0.0433922	0.944043	0.934627	0.944039	
0.993102	0.992756	0.993102	0.000843787	0.00144331	0.993101	0.993102	0.0356556	0.0132549	0.993102	0.993102	3.136e-14	0.992824	0.993102	0.993102	0.000140657	0.00112615	1.06371e-09	5.6266e-05	0.00112055	0.993101	0.9917	0.0122163	0.0844865	0.0843216	0.0129823	0.0338309	0.983085	0.973944	0.983082	
0.993102	0.992843	0.993102	0.00104021	0.00145684	0.993101	0.993102	0.0274221	0.0108953	0.993102	0.993102	2.34656e-14	0.992894	0.993102	0.993102	0.000251123	0.000842658	7.97745e-10	0.000142331	0.00135321	0.993101	0.992053	0.00972043	0.0642124	0.0640609	0.0104096	0.0259435	0.997176	0.987521	0.997172	
0.993102	0.992908	0.993102	0.00124168	0.00142668	0.993101	0.993102	0.0210772	0.00931568	0.993102	0.993102	1.75584e-14	0.992946	0.993102	0.993102	0.000404369	0.00063053	5.98287e-10	0.000289898	0.0016971	0.993101	0.992317	0.00773192	0.0489325	0.0487939	0.00834507	0.0198827	0.991263	0.979963	0.991258	
0.993102	0.992956	0.993102	0.00144278	0.0014992	0.993101	0.993102	0.0163969	0.00794157	0.993102	0.993102	1.31383e-14	0.992985	0.993102	0.993102	0.000602285	0.000471803	4.49203e-10	0.000421067	0.00188069	0.993101	0.992515	0.00631795	0.0374183	0.0372923	0.00691145	0.0153894	0.976296	0.964841	0.976289	
0.993102	0.992993	0.993102	0.00163272	0.00176331	0.993101	0.993102	0.0131091	0.00661999	0.993102	0.993102	9.83095e-15	0.993015	0.993102	0.993102	0.000826741	0.000353033	3.38176e-10	0.000497482	0.00186216	0.993101	0.992663	0.00546512	0.0287525	0.0286362	0.00609851	0.0122033	0.971739	0.960566	0.971732	
0.993102	0.99302	0.993102	0.00180135	0.00207243	0.993101	0.993102	0.0107253	0.00554822	0.993102	0.993102	7.35615e-15	0.993037	0.993102	0.993102	0.00106212	0.000264162	2.55299e-10	0.000562963	0.00181031	0.993101	0.992773	0.00491868	0.022243	0.022131	0.00559954	0.00988895	0.982781	0.972146	0.982774	
0.993102	0.993041	0.993101	0.00194693	0.00218644	0.993101	0.993102	0.00875813	0.00487037	0.993102	0.993102	5.50435e-15	0.993053	0.993102	0.993102	0.00129417	0.000197662	1.92843e-10	0.000684896	0.00187609	0.993101	0.992856	0.00436028	0.0173578	0.0172452	0.00503042	0.00801399	0.990217	0.979831	0.99021	
0.993102	0.993056	0.993101	0.00207504	0.0022077	0.993101	0.993102	0.00718332	0.00445468	0.993102	0.993102	4.11871e-15	0.993066	0.993102	0.993102	0.00151765	0.000147904	1.45858e-10	0.000845227	0.00201049	0.993101	0.992918	0.0038567	0.0136858	0.013572	0.00449498	0.00652895	0.98545	0.975655	0.985444	
0.993102	0.993067	0.993101	0.00218862	0.00230236	0.993101	0.993102	0.006066	0.00404521	0.993102	0.993102	3.08188e-15	0.993075	0.993102	0.993101	0.00172172	0.000110671	1.10854e-10	0.000959138	0.00205742	0.993101	0.992964	0.00354461	0.0109225	0.0108082	0.00416441	0.00547779	0.989996	0.980829	0.98999	
0.993102	0.993076	0.993101	0.00228557	0.00233156	0.993101	0.993102	0.00516862	0.00378732	0.993102	0.993102	2.30607e-15	0.993082	0.993102	0.993101	0.00190239	8.2811e-05	8.45114e-11	0.00109662	0.00214643	0.993101	0.992999	0.00325891	0.00884658	0.00873093	0.00384447	0.00464669	0.989035	0.980207	0.989029	
0.993102	0.993082	0.993101	0.00236898	0.00237763	0.993101	0.993102	0.00450808	0.00356593	0.993102	0.993102	1.72555e-15	0.993087	0.993102	0.993101	0.00206179	6.19645e-05	6.48287e-11	0.00120899	0.00220265	0.993101	0.993025	0.00306005	0.00728508	0.00716847	0.00361796	0.0040392	0.973459	0.964925	0.973453	
0.993102	0.993087	0.993101	0.0024394	0.00265557	0.993101	0.993102	0.0042457	0.00319744	0.993102	0.993102	1.29117e-15	0.993091	0.993102	0.993101	0.00219992	4.63658e-05	5.06811e-11	0.00119877	0.00208605	0.993101	0.993044	0.00314142	0.00611148	0.00599379	0.00371684	0.00379404	0.998795	0.99122	0.998789	
0.993102	0.993091	0.993101	0.00249256	0.00251937	0.993101	0.993102	0.00370252	0.00325967	0.993102	0.993102	9.66142e-16	0.993094	0.993102	0.993101	0.00230793	3.46938e-05	3.92369e-11	0.00139741	0.00228791	0.993101	0.993059	0.00286822	0.00523841	0.00511615	0.00338331	0.00331338	0.992077	0.985008	0.992072	
0.993102	0.993093	0.993101	0.00254187	0.00250109	0.993101	0.993102	0.00337084	0.00317892	0.993102	0.993102	7.22933e-16	0.993096	0.993102	0.993101	0.00239524	2.59601e-05	3.0857e-11	0.00149909	0.00234847	0.993101	0.99307	0.00273733	0.00457536	0.00445187	0.00321234	0.00302731	0.986065	0.979285	0.98606	
0.993102	0.993095	0.993101	0.00258351	0.00257119	0.993101	0.993102	0.00319849	0.00302763	0.993102	0.993102	5.4095e-16	0.993097	0.993102	0.993101	0.00246773	1.9425e-05	2.47755e-11	0.00153215	0.00232239	0.993101	0.993078	0.00271578	0.00407572	0.0039517	0.00316793	0.00288666	0.984837	0.978494	0.984832	
0.993102	0.993097	0.993101	0.00261608	0.00264407	0.993101	0.993102	0.00308573	0.00289381	0.993102	0.993102	4.04778e-16	0.993099	0.993102	0.993101	0.00252483	1.4535e-05	2.0268e-11	0.00155303	0.00228964	0.993101	0.993084	0.0027183	0.0037025	0.00357718	0.00314918	0.00280243	1.00852	1.00263	1.00851	
0.993102	0.993098	0.993101	0.00264106	0.0024287	0.993101	0.993102	0.00274029	0.00316571	0.993102	0.993102	3.02883e-16	0.993099	0.993102	0.993101	0.00256821	1.0876e-05	1.62436e-11	0.00182263	0.00259888	0.993101	0.993089	0.00246289	0.00342446	0.0032972	0.00283889	0.00250102	0.994158	0.988665	0.994154	
0.993102	0.993099	0.993101	0.00266891	0.00242143	0.993101	0.993102	0.00262471	0.00310194	0.993102	0.993102	2.2664e-16	0.9931	0.993102	0.993101	0.00259868	8.13814e-06	1.3584e-11	0.00187314	0.0026101	0.993101	0.993092	0.00241106	0.00320565	0.00308011	0.00275826	0.00241394	0.969504	0.964474	0.969499	
0.993102	0.993099	0.993101	0.00269123	0.00280236	0.993101	0.993102	0.00290234	0.00276469	0.993102	0.993102	1.69596e-16	0.993101	0.993102	0.993101	0.00261988	6.08948e-06	1.25033e-11	0.00171748	0.00236011	0.993101	0.993095	0.00273424	0.00304115	0.00291703	0.00309214	0.00270157	0.931437	0.926391	0.931431	
0.993102	0.9931	0.993101	0.00270008	0.0041975	0.9931	0.993102	0.00417148	0.00228035	0.993102	0.993102	1.26948e-16	0.993101	0.993102	0.993101	0.00263876	4.55654e-06	1.43998e-11	0.00143004	0.00195635	0.993101	0.993097	0.00404229	0.00293091	0.00280256	0.00452046	0.00393012	0.980059	0.97544	0.980054	
0.993102	0.9931	0.993101	0.00268335	0.00391954	0.9931	0.993102	0.00388123	0.00229633	0.993102	0.993102	9.49969e-17	0.993101	0.993102	0.993101	0.00263858	3.40949e-06	1.27359e-11	0.00142706	0.00196672	0.993101	0.993098	0.00379079	0.00289094	0.00273898	0.00422253	0.00367215	0.949236	0.944322	0.94923	
0.993102	0.9931	0.993101	0.00267445	0.00437935	0.9931	0.993102	0.00430857	0.0020353	0.993102	0.993102	7.1105e-17	0.993102	0.993102	0.993102	0.00264575	2.5512e-06	1.31435e-11	0.0012628	0.00174326	0.993101	0.993099	0.00425141	0.00285291	0.00268749	0.00471982	0.00409129	0.918819	0.913449	0.918811	
0.993102	0.993101	0.9931	0.00265846	0.00589922	0.9931	0.993102	0.00579282	0.00170121	0.993102	0.993102	5.32816e-17	0.993102	0.993102	0.993102	0.0026552	1.90898e-06	1.65372e-11	0.00104735	0.0014523	0.993101	0.9931	0.00578198	0.0028404	0.00265779	0.00642426	0.00549699	0.833178	0.827963	0.833162	
0.993102	0.993101	0.993095	0.00262268	0.0179063	0.993095	0.993102	0.0179487	0.00130724	0.993102	0.993102	4.22238e-17	0.993102	0.993102	0.993102	0.00264496	1.42846e-06	5.06946e-11	0.000800637	0.00111338	0.993101	0.9931	0.0181806	0.00287934	0.00265945	0.0200951	0.0170873	0.778926	0.774094	0.778907	
0.993102	0.993101	0.993085	0.00245487	0.0426107	0.993089	0.993102	0.0498609	0.000996953	0.993102	0.993102	5.22119e-17	0.993102	0.993102	0.993102	0.00249339	1.06898e-06	1.82231e-10	0.000601876	0.000842105	0.993101	0.993101	0.050837	0.00338416	0.0028514	0.0554446	0.04787	0.531751	0.528206	0.531734	
0.993102	0.993101	0.99217	0.0020939	0.25867	0.992896	0.993102	0.277311	0.000746392	0.993102	0.993102	3.96466e-13	0.992992	0.993102	0.993102	0.00209506	8.18388e-07	3.34198e-08	0.000450365	0.00063018	0.9931	0.993101	0.278311	0.00633202	0.00376947	0.282401	0.275611	0.478441	0.474998	0.478426	
0.993102	0.993101	0.992377	0.00156946	0.250942	0.992948	0.993102	0.453992	0.00156039	0.993102	0.993102	3.62644e-12	0.993019	0.993102	0.993102	0.00156957	6.79736e-07	7.35438e-06	0.000336992	0.000471563	0.985851	0.993101	0.45483	0.252494	0.0990512	0.458103	0.452611	0.461384	0.455837	0.461325	
0.993102	0.993101	0.992558	0.00117445	0.190765	0.992987	0.993102	0.587228	0.0209752	0.993102	0.993102	9.40274e-12	0.993038	0.993102	0.993102	0.00117445	4.46226e-06	1.44289e-05	0.000252159	0.000352869	0.982319	0.993102	0.58785	0.438853	0.312797	0.590553	0.585987	0.39762	0.393654	0.397553	
0.993102	0.993101	0.992695	0.000878803	0.143489	0.993016	0.993102	0.688709	0.0316211	0.993102	0.993102	6.29171e-11	0.992108	0.993102	0.993102	0.0008788	0.000658002	2.04623e-05	0.000188681	0.000264043	0.984542	0.993093	0.688837	0.578351	0.482844	0.690938	0.687741	0.512911	0.509455	0.512835	
0.993102	0.9931	0.992797	0.000657577	0.107378	0.993038	0.993102	0.758607	0.178014	0.993102	0.993102	4.75201e-11	0.992352	0.993102	0.993102	0.000657574	0.00175502	1.56877e-05	0.000141183	0.000197616	0.986622	0.992567	0.753231	0.682748	0.611097	0.755578	0.757535	0.580906	0.577328	0.580829	
0.993102	0.992837	0.992874	0.000492047	0.0803474	0.993054	0.993102	0.793417	0.23283	0.993102	0.993102	3.55591e-11	0.992541	0.993102	0.993102	0.000492039	0.00400499	1.17857e-05	0.000105642	0.000148034	0.988236	0.984363	0.616408	0.760768	0.706351	0.621216	0.791311	0.732494	0.728684	0.732423	
0.993102	0.990601	0.992932	0.000368189	0.060121	0.993066	0.993102	0.671391	0.385067	0.993102	0.993102	2.66076e-11	0.992682	0.993102	0.993102	0.000368175	0.00345008	8.82014e-06	7.90483e-05	0.000114176	0.989455	0.956169	0.462309	0.818981	0.777181	0.465992	0.666331	0.737718	0.733962	0.737649	
0.993102	0.790344	0.992975	0.000277552	0.0449865	0.993075	0.993102	0.574728	0.292195	0.993102	0.993102	1.99095e-11	0.992788	0.993102	0.993102	0.000275492	0.0026349	6.60059e-06	5.9149e-05	8.92076e-05	0.990371	0.965205	0.345976	0.791887	0.689548	0.348735	0.567541	0.763825	0.760265	0.763761	
0.993102	0.818655	0.993007	0.000209885	0.0336624	0.993082	0.993102	0.478763	0.2233	0.993102	0.993102	1.48976e-11	0.992867	0.993102	0.993102	0.00020614	0.00197777	4.93933e-06	4.4259e-05	7.31021e-05	0.991057	0.972222	0.259057	0.750946	0.619348	0.261134	0.47089	0.791249	0.774225	0.79119	
0.993102	0.861649	0.993031	0.000160824	0.0251908	0.993087	0.993102	0.388947	0.171981	0.993102	0.993102	1.11473e-11	0.992926	0.993102	0.993102	0.000154247	0.00148075	3.69609e-06	3.31174e-05	6.56777e-05	0.991571	0.977478	0.194245	0.67322	0.536175	0.195963	0.375101	0.646988	0.625396	0.646941	
0.993102	0.894642	0.993049	0.000128475	0.0191133	0.993089	0.993102	0.469795	0.128807	0.993102	0.993102	8.34129e-12	0.99297	0.993102	0.993102	0.000115418	0.00111131	2.7681e-06	2.47805e-05	4.97568e-05	0.991956	0.981411	0.163993	0.56347	0.441118	0.174253	0.435819	0.606761	0.582296	0.606721	
0.993102	0.919412	0.993062	9.6813e-05	0.0144189	0.993092	0.993102	0.563726	0.0969781	0.993102	0.993102	6.24371e-12	0.992998	0.993102	0.993102	8.63629e-05	0.000876142	2.07613e-06	1.85424e-05	3.7505e-05	0.992244	0.984354	0.197563	0.613775	0.50362	0.23311	0.51995	0.598335	0.57391	0.598301	
0.993102	0.937958	0.993072	7.24966e-05	0.0108103	0.993094	0.993102	0.639121	0.0781256	0.993102	0.993102	4.67781e-12	0.993015	0.993102	0.993102	6.46222e-05	0.00103412	1.55873e-06	1.38746e-05	2.82948e-05	0.992459	0.986553	0.270023	0.702757	0.618242	0.326735	0.589922	0.671145	0.646906	0.671113	
0.993102	0.951838	0.99308	5.42549e-05	0.00809004	0.993096	0.993102	0.630196	0.151784	0.993102	0.993102	3.5007e-12	0.993036	0.993102	0.993102	4.83544e-05	0.00120057	1.16748e-06	1.03818e-05	2.21634e-05	0.992621	0.98813	0.263365	0.774761	0.711264	0.330867	0.563634	0.704333	0.681428	0.704305	
0.993102	0.962184	0.993085	4.06404e-05	0.00605415	0.993098	0.993102	0.582541	0.156022	0.993102	0.993102	2.61947e-12	0.993053	0.993102	0.993102	3.61819e-05	0.0010875	8.74139e-07	7.76836e-06	1.85088e-05	0.992742	0.989332	0.206301	0.823862	0.775355	0.261876	0.505717	0.717597	0.696757	0.717573	
0.993102	0.969914	0.99309	3.05322e-05	0.00453144	0.993099	0.993102	0.530854	0.136756	0.993102	0.993102	1.96007e-12	0.993065	0.993102	0.993102	2.70736e-05	0.000869665	6.54495e-07	5.81278e-06	1.63583e-05	0.992832	0.990273	0.160947	0.849976	0.811731	0.205804	0.450373	0.728649	0.709363	0.728627	
0.993102	0.975725	0.993093	2.30804e-05	0.00339372	0.9931	0.993102	0.479557	0.114994	0.993102	0.993102	1.46666e-12	0.993075	0.993102	0.993102	2.02582e-05	0.000666677	4.90053e-07	4.34949e-06	1.53692e-05	0.9929	0.990985	0.128149	0.855456	0.824347	0.165188	0.399627	0.679128	0.66202	0.67911	
0.993102	0.980088	0.993095	1.76929e-05	0.002562	0.9931	0.993102	0.501183	0.088588	0.993102	0.993102	1.09759e-12	0.993081	0.993102	0.993102	1.51584e-05	0.000513915	3.67525e-07	3.25457e-06	1.26622e-05	0.99295	0.991517	0.125151	0.838983	0.812919	0.162935	0.420152	0.664133	0.649269	0.664119	
0.993102	0.983359	0.993097	1.34006e-05	0.00193685	0.993101	0.993102	0.535244	0.0708778	0.993102	0.993102	8.21697e-13	0.993086	0.993102	0.993102	1.13425e-05	0.000415004	2.76117e-07	2.43527e-06	1.03355e-05	0.992988	0.991916	0.151841	0.855053	0.834482	0.194431	0.456931	0.651115	0.638175	0.651103	
0.993102	0.985809	0.993098	1.00846e-05	0.00146227	0.993101	0.993102	0.575105	0.0623234	0.993102	0.993102	6.15797e-13	0.99309	0.993102	0.993102	8.48719e-06	0.000386614	2.08032e-07	1.82223e-06	8.39714e-06	0.993017	0.992214	0.203463	0.881129	0.86541	0.250713	0.502253	0.678657	0.667393	0.678647	
0.993102	0.987643	0.993099	7.56775e-06	0.00109754	0.993101	0.993102	0.573263	0.0827502	0.993102	0.993102	4.61141e-13	0.993093	0.993102	0.993102	6.35065e-06	0.000384306	1.56475e-07	1.36351e-06	7.43411e-06	0.993038	0.992432	0.221574	0.905918	0.894058	0.268772	0.504817	0.696671	0.686949	0.696662	
0.993102	0.989013	0.9931	5.69669e-06	0.00082369	0.993102	0.993102	0.549494	0.0943912	0.993102	0.993102	3.45169e-13	0.993095	0.993102	0.993102	4.75196e-06	0.000349957	1.17648e-07	1.02026e-06	7.2126e-06	0.993054	0.992595	0.203552	0.922563	0.913576	0.245539	0.486241	0.702371	0.693825	0.702363	
