0.25	0.25	0.25	0.25	0.25	0.998263	0.998264	0.998263	0.998263	0.25	0.000618156	2.63265e-21	0.25	0.000618156	0.25	0.25	2.63265e-21	0.25	0.25	1.27727e-12	2.63265e-21	0.000618156	1.27727e-12	2.63265e-21	0.000618156	0.25	0.25	0	0	0	
0.25	0.25	0.25	0.25	0.25	0.998263	0.998264	0.998263	0.998263	0.25	0.000618156	2.63265e-21	0.25	0.000618156	0.25	0.25	2.63265e-21	0.25	0.25	1.27727e-12	2.63265e-21	0.000618156	1.27727e-12	2.63265e-21	0.000618156	0.25	0.25	0	0	0	
0.437066	0.437066	0.437066	0.437066	0.437066	0.996964	0.996964	0.996964	0.996964	0.437066	0.0010807	4.20795e-19	0.187066	0.250462	0.437066	0.254301	4.79195e-21	0.437066	0.437034	9.55736e-13	4.79195e-21	0.0676977	0.0672354	2.9128e-08	0.0676979	0.437066	0.437066	0.00461775	0.00461776	0.00461776	
0.57704	0.57704	0.57704	0.57704	0.57704	0.995992	0.995992	0.995992	0.995992	0.57704	0.00148645	1.89116e-17	0.139974	0.437412	0.57704	0.426401	6.55823e-21	0.57704	0.575642	7.15143e-13	6.84583e-21	0.285511	0.283797	4.84469e-05	0.284143	0.57704	0.57704	0.0126512	0.0126512	0.0126512	
0.681778	0.681778	0.681778	0.681778	0.681778	0.995264	0.995265	0.995264	0.995264	0.681778	0.00190782	3.31934e-16	0.104738	0.577299	0.681778	0.568301	7.99776e-21	0.681778	0.659535	5.35115e-13	9.10271e-21	0.46266	0.461098	0.0109037	0.461357	0.681778	0.681778	0.0231407	0.0231407	0.0231407	
0.76015	0.76015	0.76015	0.76015	0.76015	0.99472	0.99472	0.99472	0.99472	0.76015	0.00240808	2.9061e-15	0.0783715	0.681971	0.76015	0.675163	9.16616e-21	0.76015	0.635261	4.00407e-13	1.18655e-20	0.596071	0.594831	0.186052	0.595025	0.760149	0.76015	0.0348999	0.0348999	0.0348999	
0.818792	0.818792	0.818792	0.818792	0.818792	0.994313	0.994313	0.994312	0.994313	0.818792	0.00304109	1.5197e-14	0.0586425	0.760293	0.818792	0.755188	1.01105e-20	0.818792	0.528522	2.9961e-13	1.54136e-20	0.695993	0.69504	0.383818	0.695185	0.818791	0.818792	0.0483857	0.0483857	0.0483857	
0.862673	0.862673	0.862673	0.862673	0.862673	0.994008	0.994008	0.994007	0.994008	0.862673	0.00389592	5.41405e-14	0.0438801	0.818898	0.862673	0.815076	1.08705e-20	0.862672	0.414621	2.24187e-13	2.02323e-20	0.770779	0.770052	0.536512	0.770161	0.862671	0.862673	0.0636509	0.0636509	0.0636509	
0.895506	0.895506	0.895506	0.895506	0.895506	0.99378	0.99378	0.993779	0.99378	0.895506	0.005109	1.44638e-13	0.0328339	0.862749	0.895506	0.859891	1.14797e-20	0.895506	0.318531	1.67751e-13	2.70886e-20	0.826742	0.826191	0.651293	0.826272	0.895505	0.895506	0.0789048	0.0789048	0.0789048	
0.920075	0.920075	0.920075	0.920075	0.920075	0.993609	0.993609	0.993609	0.993609	0.920075	0.00679003	3.10863e-13	0.0245684	0.895558	0.920075	0.893425	1.19662e-20	0.920075	0.242692	1.25522e-13	3.66302e-20	0.868619	0.8682	0.73728	0.868261	0.920072	0.920075	0.0934274	0.0934274	0.0934274	
0.938458	0.938459	0.938459	0.938459	0.938459	0.993482	0.993482	0.993481	0.993482	0.938459	0.0090321	5.66095e-13	0.0183836	0.920103	0.938459	0.918517	1.23534e-20	0.938458	0.184265	9.39236e-14	4.94337e-20	0.899955	0.899636	0.801651	0.899681	0.938455	0.938459	0.107842	0.107842	0.107842	
0.952214	0.952214	0.952214	0.952214	0.952214	0.993386	0.993386	0.993385	0.993386	0.952214	0.0120024	9.07733e-13	0.0137558	0.938462	0.952214	0.937293	1.26605e-20	0.952214	0.139728	7.02796e-14	6.65244e-20	0.923403	0.923159	0.849828	0.923193	0.95221	0.952214	0.122156	0.122156	0.122156	
0.962507	0.962507	0.962507	0.962507	0.962507	0.993315	0.993315	0.993314	0.993315	0.962507	0.015915	1.31913e-12	0.010293	0.952186	0.962507	0.951342	1.29034e-20	0.962507	0.105957	5.25877e-14	8.92528e-20	0.940948	0.94076	0.885881	0.940785	0.962501	0.962507	0.135793	0.135793	0.135793	
0.970209	0.970209	0.970209	0.970209	0.970209	0.993261	0.993261	0.99326	0.993261	0.970209	0.0209383	1.77548e-12	0.00770185	0.962432	0.970209	0.961855	1.3095e-20	0.970209	0.080426	3.93495e-14	1.18786e-19	0.954077	0.95393	0.91286	0.953949	0.970201	0.970209	0.149866	0.149866	0.149866	
0.975972	0.975972	0.975972	0.975972	0.975972	0.993221	0.993221	0.99322	0.993221	0.975972	0.0274933	2.25023e-12	0.00576301	0.970057	0.975972	0.969721	1.32457e-20	0.975972	0.0611587	2.94438e-14	1.57935e-19	0.963901	0.963783	0.933048	0.963797	0.975961	0.975972	0.164053	0.164053	0.164053	
0.980284	0.980284	0.980284	0.980284	0.980284	0.993191	0.993191	0.99319	0.993191	0.980284	0.0360383	2.71972e-12	0.00431225	0.97569	0.980284	0.975607	1.3364e-20	0.980284	0.0466347	2.20317e-14	2.10032e-19	0.971251	0.971155	0.948153	0.971166	0.98027	0.980284	0.17757	0.17757	0.17757	
0.983511	0.983511	0.983511	0.983511	0.983511	0.993169	0.993169	0.993168	0.993169	0.983511	0.0468511	3.16569e-12	0.0032267	0.979784	0.983511	0.980011	1.34567e-20	0.983511	0.0356946	1.64855e-14	2.77671e-19	0.976752	0.976669	0.959455	0.976677	0.983492	0.983511	0.190834	0.190834	0.190834	
0.985926	0.985926	0.985926	0.985926	0.985926	0.993152	0.993152	0.993151	0.993152	0.985926	0.060371	3.57584e-12	0.00241442	0.982645	0.985926	0.983306	1.35291e-20	0.985926	0.0274584	1.23355e-14	3.65033e-19	0.980867	0.980793	0.967909	0.980799	0.9859	0.985926	0.203438	0.203438	0.203438	
0.987732	0.987732	0.987732	0.987732	0.987732	0.993139	0.993139	0.993139	0.993139	0.987732	0.0768265	3.94331e-12	0.00180662	0.984465	0.987732	0.985772	1.35856e-20	0.987732	0.0212601	9.23021e-15	4.75629e-19	0.983947	0.983875	0.974232	0.98388	0.987699	0.987732	0.216577	0.216577	0.216577	
0.989084	0.989084	0.989084	0.989084	0.989084	0.99313	0.99313	0.993129	0.99313	0.989084	0.0971433	4.26557e-12	0.00135183	0.985267	0.989084	0.987618	1.36297e-20	0.989084	0.0165967	6.90663e-15	6.19371e-19	0.986251	0.986178	0.97896	0.986181	0.989041	0.989084	0.229053	0.229053	0.229053	
0.990096	0.990096	0.990096	0.990096	0.990096	0.993123	0.993123	0.993122	0.993123	0.990096	0.121395	4.54326e-12	0.00101153	0.984987	0.990096	0.988998	1.36639e-20	0.990096	0.0130888	5.16798e-15	8.01727e-19	0.987976	0.987896	0.982493	0.987898	0.99004	0.990096	0.241268	0.241268	0.241268	
0.990852	0.990852	0.990852	0.990852	0.990852	0.993118	0.993118	0.993117	0.993118	0.990852	0.149839	4.77905e-12	0.000756888	0.983379	0.990852	0.990031	1.36905e-20	0.990852	0.0104505	3.86701e-15	1.03191e-18	0.989266	0.989175	0.98513	0.989177	0.990781	0.990852	0.253224	0.253224	0.253224	
0.991419	0.991419	0.991419	0.991419	0.991419	0.993114	0.993114	0.993113	0.993114	0.991419	0.18257	4.97681e-12	0.000566352	0.979989	0.991419	0.990804	1.37111e-20	0.991419	0.00846643	2.89354e-15	1.32096e-18	0.990231	0.990124	0.987096	0.990125	0.991328	0.991419	0.264927	0.264927	0.264927	
0.991843	0.991843	0.991843	0.991843	0.991843	0.993111	0.993111	0.99311	0.993111	0.991843	0.219482	5.14097e-12	0.00042378	0.974094	0.991843	0.991383	1.37271e-20	0.991843	0.00697452	2.16513e-15	1.68208e-18	0.990954	0.990824	0.988557	0.990825	0.991727	0.991843	0.276381	0.276381	0.276381	
0.99216	0.99216	0.99216	0.99216	0.99216	0.993109	0.993109	0.993108	0.993109	0.99216	0.260243	5.27604e-12	0.000317099	0.964642	0.99216	0.991816	1.37395e-20	0.99216	0.00585275	1.62009e-15	2.13098e-18	0.991494	0.991336	0.989638	0.991337	0.992013	0.99216	0.286836	0.286836	0.286836	
0.992397	0.992397	0.992397	0.992397	0.992397	0.993107	0.993107	0.993106	0.993107	0.992397	0.303369	5.38633e-12	0.000237274	0.950798	0.992397	0.99214	1.37491e-20	0.992397	0.00500935	1.21226e-15	2.66985e-18	0.991899	0.991705	0.990433	0.991706	0.992213	0.992397	0.298567	0.298567	0.298567	
0.992574	0.992574	0.992574	0.992574	0.992574	0.993106	0.993106	0.993105	0.993106	0.992574	0.350207	5.47578e-12	0.000177543	0.929467	0.992574	0.992382	1.37564e-20	0.992574	0.00437527	9.07087e-16	3.35749e-18	0.992202	0.991962	0.991009	0.991963	0.992344	0.992574	0.308451	0.308451	0.308451	
0.992707	0.992707	0.992707	0.992707	0.992707	0.993105	0.993105	0.993104	0.993105	0.992707	0.397585	5.54794e-12	0.000132849	0.900771	0.992707	0.992563	1.37621e-20	0.992707	0.00389857	6.78741e-16	4.16932e-18	0.992428	0.992134	0.991419	0.992134	0.992421	0.992707	0.319828	0.319828	0.319828	
0.992807	0.992807	0.992807	0.992807	0.992807	0.993104	0.993104	0.993103	0.993104	0.992807	0.446963	5.60584e-12	9.94063e-05	0.860116	0.992807	0.992699	1.37665e-20	0.992807	0.00354022	5.07879e-16	5.20024e-18	0.992598	0.992234	0.991698	0.992234	0.992449	0.992807	0.330127	0.330127	0.330127	
0.992881	0.992881	0.992881	0.992881	0.992881	0.993104	0.993104	0.993103	0.993104	0.992881	0.496004	5.6521e-12	7.43821e-05	0.808242	0.992881	0.9928	1.37699e-20	0.992881	0.00327083	3.80031e-16	6.44755e-18	0.992724	0.992275	0.991873	0.992276	0.992438	0.992881	0.340212	0.340212	0.340212	
0.992937	0.992937	0.992937	0.992937	0.992937	0.993103	0.993103	0.993102	0.993103	0.992937	0.54386	5.68892e-12	5.56574e-05	0.745546	0.992937	0.992876	1.37725e-20	0.992937	0.00306833	2.84369e-16	7.95224e-18	0.992819	0.992268	0.991966	0.992268	0.99239	0.992937	0.350088	0.350088	0.350088	
0.992978	0.992978	0.992978	0.992978	0.992978	0.993103	0.993103	0.993102	0.993103	0.992978	0.589801	5.71811e-12	4.16464e-05	0.674039	0.992978	0.992933	1.37745e-20	0.992978	0.00291611	2.12794e-16	9.76128e-18	0.99289	0.992215	0.991988	0.992215	0.992307	0.992978	0.359762	0.359762	0.359762	
0.99301	0.99301	0.99301	0.99301	0.99301	0.993103	0.993103	0.993102	0.993103	0.99301	0.633245	5.74119e-12	3.11625e-05	0.597081	0.99301	0.992976	1.3776e-20	0.99301	0.00280169	1.59245e-16	1.19285e-17	0.992943	0.99212	0.991949	0.99212	0.99219	0.99301	0.369238	0.369238	0.369238	
0.993033	0.993033	0.993033	0.993033	0.993033	0.993103	0.993103	0.993102	0.993103	0.993033	0.673773	5.75939e-12	2.33178e-05	0.518654	0.993033	0.993008	1.37772e-20	0.993033	0.00271568	1.19192e-16	1.45152e-17	0.992983	0.991982	0.991854	0.991983	0.992036	0.993033	0.378522	0.378522	0.378522	
0.99305	0.99305	0.99305	0.99305	0.99305	0.993103	0.993103	0.993102	0.993103	0.99305	0.711121	5.77369e-12	1.74478e-05	0.442528	0.99305	0.993031	1.37781e-20	0.99305	0.00265104	8.92468e-17	1.75912e-17	0.993013	0.991802	0.991705	0.991802	0.991842	0.99305	0.387618	0.387618	0.387618	
0.993063	0.993063	0.993063	0.993063	0.993063	0.993102	0.993102	0.993102	0.993102	0.993063	0.745168	5.78492e-12	1.30556e-05	0.371653	0.993063	0.993049	1.37788e-20	0.993063	0.00260246	6.68836e-17	2.12357e-17	0.993035	0.991574	0.991501	0.991574	0.991605	0.993063	0.396532	0.396532	0.396532	
0.993073	0.993073	0.993073	0.993073	0.993073	0.993102	0.993102	0.993101	0.993102	0.993073	0.775911	5.7937e-12	9.76901e-06	0.307916	0.993073	0.993063	1.37794e-20	0.993073	0.00256594	5.02231e-17	2.55381e-17	0.993052	0.991297	0.991241	0.991297	0.99132	0.993073	0.405267	0.405267	0.405267	
0.99308	0.99308	0.99308	0.99308	0.99308	0.993102	0.993102	0.993101	0.993102	0.99308	0.803441	5.80057e-12	7.3098e-06	0.252197	0.99308	0.993073	1.37798e-20	0.99308	0.00253849	3.78784e-17	3.05992e-17	0.993064	0.990963	0.990921	0.990963	0.990981	0.99308	0.413828	0.413828	0.413828	
0.993086	0.993086	0.993086	0.993086	0.993086	0.993102	0.993102	0.993101	0.993102	0.993086	0.827914	5.80592e-12	5.46965e-06	0.204586	0.993086	0.99308	1.37801e-20	0.993086	0.00251786	2.88415e-17	3.65321e-17	0.993074	0.990566	0.990535	0.990566	0.99058	0.993086	0.42079	0.42079	0.42079	
0.99309	0.99309	0.99309	0.99309	0.99309	0.993102	0.993102	0.993101	0.993102	0.99309	0.849004	5.81009e-12	4.09274e-06	0.165289	0.99309	0.993086	1.37803e-20	0.99309	0.00250236	2.2338e-17	4.30087e-17	0.99308	0.990131	0.990107	0.990131	0.990142	0.99309	0.430445	0.430445	0.430445	
0.993093	0.993093	0.993093	0.993093	0.993093	0.993102	0.993102	0.993101	0.993102	0.993093	0.868136	5.81333e-12	3.06245e-06	0.132107	0.993093	0.99309	1.37805e-20	0.993093	0.00249071	1.80657e-17	5.11934e-17	0.993086	0.989578	0.989559	0.989578	0.989586	0.993093	0.464953	0.464954	0.464954	
0.993095	0.993095	0.993095	0.993095	0.993095	0.993102	0.993102	0.993101	0.993102	0.993095	0.890694	5.81585e-12	2.29152e-06	0.101025	0.993095	0.993093	1.37806e-20	0.993095	0.00248195	2.42297e-17	7.62163e-17	0.99309	0.987884	0.987869	0.987884	0.98789	0.993095	0.491324	0.491324	0.491324	
0.993097	0.993097	0.993097	0.993097	0.993097	0.993102	0.993102	0.993101	0.993102	0.993097	0.911143	5.8178e-12	1.71466e-06	0.0763548	0.993097	0.993095	1.37807e-20	0.993097	0.00247537	7.02531e-17	1.2127e-16	0.993093	0.984855	0.984843	0.984855	0.98486	0.993097	0.52798	0.52798	0.52798	
0.993098	0.993098	0.993098	0.993098	0.993098	0.993102	0.993102	0.993101	0.993102	0.993098	0.929186	5.81931e-12	1.28302e-06	0.0573097	0.993098	0.993097	1.37808e-20	0.993098	0.00247043	5.22653e-16	2.24461e-16	0.993095	0.978058	0.978049	0.978058	0.978063	0.993098	0.553328	0.553328	0.553328	
0.993099	0.993099	0.993099	0.993099	0.993099	0.993102	0.993102	0.993101	0.993102	0.993099	0.94371	5.82048e-12	9.60036e-07	0.0429467	0.993099	0.993098	1.37809e-20	0.993099	0.00246671	2.54243e-15	3.89965e-16	0.993096	0.967452	0.967444	0.967452	0.967457	0.993099	0.576928	0.576928	0.576928	
0.9931	0.9931	0.9931	0.9931	0.9931	0.993102	0.993102	0.993101	0.993102	0.9931	0.955164	5.82138e-12	7.1836e-07	0.0321603	0.9931	0.993099	1.37809e-20	0.9931	0.00246392	1.07672e-14	6.47721e-16	0.993098	0.951609	0.951601	0.951609	0.951613	0.9931	0.615861	0.615861	0.615861	
0.993101	0.993101	0.993101	0.993101	0.993101	0.993102	0.993102	0.993101	0.993102	0.993101	0.964264	5.82208e-12	5.37523e-07	0.0240696	0.993101	0.9931	1.3781e-20	0.993101	0.00246182	9.97131e-14	1.26006e-15	0.993099	0.918094	0.918087	0.918094	0.918099	0.993101	0.622714	0.622714	0.622714	
0.993101	0.993101	0.993101	0.993101	0.993101	0.993102	0.993102	0.993101	0.993102	0.993101	0.971131	5.82261e-12	4.02209e-07	0.0180144	0.993101	0.993101	1.3781e-20	0.993101	0.00246024	2.12888e-13	1.83216e-15	0.993099	0.887828	0.887821	0.887828	0.887833	0.993101	0.638594	0.638594	0.638594	
0.993101	0.993101	0.993101	0.993101	0.993101	0.993102	0.993102	0.993101	0.993102	0.993101	0.976376	5.82303e-12	3.00958e-07	0.0134816	0.993101	0.993101	1.3781e-20	0.993101	0.00245906	5.17829e-13	2.59267e-15	0.9931	0.851431	0.851425	0.851431	0.851436	0.993101	0.660668	0.660668	0.660668	
0.993102	0.993102	0.993102	0.993102	0.993102	0.993102	0.993102	0.993101	0.993102	0.993102	0.980402	5.82335e-12	2.25196e-07	0.0100887	0.993102	0.993101	1.3781e-20	0.993102	0.00245817	1.73559e-12	3.83981e-15	0.9931	0.801273	0.801267	0.801273	0.801277	0.993102	0.659788	0.659788	0.659788	
0.993102	0.993102	0.993102	0.993102	0.993102	0.993102	0.993102	0.993101	0.993102	0.993102	0.983412	5.82359e-12	1.68506e-07	0.00754991	0.993102	0.993101	1.3781e-20	0.993102	0.0024575	2.57747e-12	4.73986e-15	0.9931	0.76473	0.764725	0.76473	0.764734	0.993102	0.681168	0.681168	0.681168	
0.993102	0.993102	0.993102	0.993102	0.993102	0.993102	0.993102	0.993101	0.993102	0.993102	0.985729	5.82378e-12	1.26087e-07	0.0056497	0.993102	0.993102	1.37811e-20	0.993102	0.00245699	6.54086e-12	6.40933e-15	0.993101	0.712066	0.712062	0.712066	0.71207	0.993102	0.699931	0.699931	0.699931	
0.993102	0.993102	0.993102	0.993102	0.993102	0.993102	0.993102	0.993101	0.993102	0.993102	0.987501	5.82392e-12	9.43462e-08	0.00422765	0.993102	0.993102	1.37811e-20	0.993102	0.00245662	1.91119e-11	8.9621e-15	0.993101	0.64929	0.649287	0.64929	0.649294	0.993102	0.712762	0.712762	0.712762	
0.993102	0.993102	0.993102	0.993102	0.993102	0.993102	0.993102	0.993101	0.993102	0.993102	0.988846	5.82404e-12	7.05958e-08	0.0031635	0.993102	0.993102	1.37811e-20	0.993102	0.00245633	4.50038e-11	1.20911e-14	0.993101	0.586577	0.586574	0.586577	0.58658	0.993102	0.726569	0.726569	0.726569	
0.993102	0.993102	0.993102	0.993102	0.993102	0.993102	0.993102	0.993101	0.993102	0.993102	0.989868	5.82412e-12	5.28243e-08	0.0023672	0.993102	0.993102	1.37811e-20	0.993102	0.00245612	1.03976e-10	1.61451e-14	0.993101	0.523575	0.523572	0.523575	0.523577	0.993102	0.787905	0.787905	0.787905	
0.993102	0.993102	0.993102	0.993102	0.993102	0.993102	0.993102	0.993101	0.993102	0.993102	0.990668	5.82419e-12	3.95265e-08	0.00177129	0.993102	0.993102	1.37811e-20	0.993102	0.00245596	2.86541e-09	3.62843e-14	0.993101	0.424411	0.424409	0.424411	0.424412	0.993102	0.740942	0.740942	0.740942	
0.993102	0.993102	0.993102	0.993102	0.993102	0.993102	0.993102	0.993101	0.993102	0.993102	0.991244	5.82424e-12	2.95762e-08	0.00132543	0.993102	0.993102	1.37811e-20	0.993102	0.00245584	2.31061e-09	3.66117e-14	0.993101	0.386951	0.38695	0.386951	0.386953	0.993102	0.713598	0.713598	0.713598	
0.993102	0.993102	0.993102	0.993102	0.993102	0.993102	0.993102	0.993101	0.993102	0.993102	0.991648	5.82427e-12	2.21308e-08	0.000991876	0.993102	0.993102	1.37811e-20	0.993102	0.00245575	1.76122e-09	3.28711e-14	0.993101	0.389274	0.389273	0.389274	0.389276	0.993102	0.705493	0.705493	0.705493	
0.993102	0.993102	0.993102	0.993102	0.993102	0.993102	0.993102	0.993101	0.993102	0.993102	0.991939	5.8243e-12	1.65597e-08	0.00074233	0.993102	0.993102	1.37811e-20	0.993102	0.00245568	1.33771e-09	2.92527e-14	0.993101	0.40087	0.400869	0.40087	0.400871	0.993102	0.682279	0.682279	0.682279	
0.993102	0.993102	0.993102	0.993102	0.993102	0.993102	0.993102	0.993101	0.993102	0.993102	0.992112	5.82433e-12	1.2391e-08	0.000555826	0.993102	0.993102	1.37811e-20	0.993102	0.00245563	1.00589e-09	2.48158e-14	0.993101	0.438432	0.438431	0.438432	0.438433	0.993102	0.635065	0.635065	0.635065	
0.993102	0.993102	0.993102	0.993102	0.993102	0.993102	0.993102	0.993101	0.993102	0.993102	0.992054	5.82434e-12	9.27174e-09	0.000418336	0.993102	0.993102	1.37811e-20	0.993102	0.00245559	7.52961e-10	1.97072e-14	0.993101	0.51843	0.518429	0.51843	0.51843	0.993102	0.549758	0.549758	0.549758	
0.993102	0.993102	0.993102	0.993102	0.993102	0.993102	0.993102	0.993101	0.993102	0.993102	0.990637	5.82436e-12	6.9377e-09	0.000386775	0.993102	0.993102	1.37811e-20	0.993102	0.00245556	5.63415e-10	1.49529e-14	0.993101	0.624468	0.624468	0.624468	0.624469	0.993102	0.631159	0.631159	0.631159	
0.993102	0.993102	0.993102	0.993102	0.993102	0.993102	0.993102	0.993101	0.993102	0.993102	0.990926	5.82437e-12	5.19123e-09	0.000292252	0.993102	0.993102	1.37811e-20	0.993102	0.00245554	4.21812e-10	1.22416e-14	0.993101	0.661108	0.661107	0.661108	0.661108	0.993102	0.747945	0.747945	0.747945	
0.993102	0.993102	0.993102	0.993102	0.993102	0.993102	0.993102	0.993101	0.993102	0.993102	0.991441	5.82437e-12	3.88441e-09	0.000218708	0.993102	0.993102	1.37811e-20	0.993102	0.00245552	5.69118e-10	2.0044e-14	0.993101	0.557265	0.557265	0.557265	0.557266	0.993102	0.764915	0.764915	0.764915	
0.993102	0.993102	0.993102	0.993102	0.993102	0.993102	0.993102	0.993101	0.993102	0.993102	0.991837	5.82438e-12	2.90656e-09	0.000163665	0.993102	0.993102	1.37811e-20	0.993102	0.00245551	1.12758e-09	3.02806e-14	0.993101	0.465013	0.465012	0.465013	0.465013	0.993102	0.808304	0.808304	0.808304	
0.993102	0.993102	0.993102	0.993102	0.993102	0.993102	0.993102	0.993101	0.993102	0.993102	0.992146	5.82439e-12	2.17487e-09	0.000122467	0.993102	0.993102	1.37811e-20	0.993102	0.0024555	1.03232e-08	5.90545e-14	0.993101	0.370649	0.370649	0.370649	0.370649	0.993102	0.794274	0.794274	0.794274	
0.993102	0.993102	0.993102	0.993102	0.993102	0.993102	0.993102	0.993101	0.993102	0.993102	0.992374	5.82439e-12	1.62738e-09	9.16418e-05	0.993102	0.993102	1.37811e-20	0.993102	0.0024555	1.18094e-08	7.16796e-14	0.993101	0.306535	0.306534	0.306535	0.306535	0.993102	0.831558	0.831558	0.831558	
0.993102	0.993102	0.993102	0.993102	0.993102	0.993102	0.993102	0.993101	0.993102	0.993102	0.992551	5.82439e-12	1.21771e-09	6.85731e-05	0.993102	0.993102	1.37811e-20	0.993102	0.00245549	4.70948e-08	1.11584e-13	0.993101	0.244123	0.244122	0.244123	0.244123	0.993102	0.88926	0.88926	0.88926	
0.993102	0.993102	0.993102	0.993102	0.993102	0.993102	0.993102	0.993101	0.993102	0.993102	0.992688	5.82439e-12	9.11167e-10	5.13109e-05	0.993102	0.993102	1.37811e-20	0.993102	0.00245549	1.25507e-06	2.67247e-13	0.993101	0.187517	0.187517	0.187517	0.187517	0.993102	0.923658	0.923658	0.923658	
0.993102	0.993102	0.993102	0.993102	0.993102	0.993102	0.993102	0.993101	0.993102	0.993102	0.992791	5.8244e-12	6.81793e-10	3.83941e-05	0.993102	0.993102	1.37811e-20	0.993102	0.00245548	1.05469e-05	5.65578e-13	0.993101	0.142773	0.142773	0.142773	0.142773	0.993102	0.958999	0.958999	0.958999	
0.993102	0.993102	0.993102	0.993102	0.993102	0.993102	0.993102	0.993101	0.993102	0.993102	0.992869	5.8244e-12	5.10161e-10	2.87289e-05	0.993102	0.993102	1.37811e-20	0.993102	0.00245548	8.79512e-05	1.16449e-12	0.993101	0.108051	0.108051	0.108051	0.108051	0.993102	0.990911	0.990911	0.990911	
0.993102	0.993102	0.993102	0.993102	0.993102	0.993102	0.993102	0.993101	0.993102	0.993102	0.992927	5.8244e-12	3.81735e-10	2.14968e-05	0.993102	0.993102	1.37811e-20	0.993102	0.00245548	0.000608012	2.27471e-12	0.993101	0.0814967	0.0814966	0.0814967	0.0814967	0.993102	1.00809	1.00809	1.00809	
0.993102	0.993102	0.993102	0.993102	0.993102	0.993102	0.993102	0.993101	0.993102	0.993102	0.992971	5.82441e-12	2.85638e-10	1.60853e-05	0.993102	0.993102	1.37811e-20	0.993102	0.00245548	0.00196847	3.68064e-12	0.993101	0.0614394	0.0614393	0.0614394	0.0614394	0.993102	1.00916	1.00916	1.00916	
0.993102	0.993102	0.993102	0.993102	0.993102	0.993102	0.993102	0.993101	0.993101	0.993102	0.993004	5.82443e-12	2.13733e-10	1.2036e-05	0.993102	0.993102	1.37811e-20	0.993102	0.00245548	0.00308642	4.77557e-12	0.993101	0.0464215	0.0464215	0.0464215	0.0464215	0.993102	1.01465	1.01465	1.01465	
0.993102	0.993102	0.993102	0.993102	0.993102	0.993102	0.993102	0.993101	0.993101	0.993102	0.993029	5.82444e-12	1.59928e-10	9.00611e-06	0.993102	0.993102	1.37811e-20	0.993102	0.00245548	0.00454759	5.82976e-12	0.993101	0.0351376	0.0351376	0.0351376	0.0351376	0.993102	1.01975	1.01975	1.01975	
0.993102	0.993102	0.993102	0.993102	0.993102	0.993102	0.993102	0.993101	0.993101	0.993102	0.993047	5.82446e-12	1.19669e-10	6.73895e-06	0.993102	0.993102	1.37811e-20	0.993102	0.00245548	0.00643176	6.8607e-12	0.993101	0.0266553	0.0266553	0.0266553	0.0266553	0.993102	1.00631	1.00631	1.00631	
0.993102	0.993102	0.993102	0.993102	0.993102	0.993102	0.993102	0.993101	0.993101	0.993102	0.993061	5.82448e-12	8.95436e-11	5.04251e-06	0.993102	0.993102	1.37811e-20	0.993102	0.00245548	0.00617423	7.04328e-12	0.993101	0.0204201	0.0204201	0.0204201	0.0204201	0.993102	0.986065	0.986065	0.986065	
0.993102	0.993102	0.993102	0.993102	0.993102	0.993102	0.993102	0.993101	0.993101	0.993102	0.993071	5.82449e-12	6.70022e-11	3.77313e-06	0.993102	0.993102	1.37811e-20	0.993102	0.00245548	0.00502556	6.544e-12	0.993101	0.0159909	0.0159909	0.0159909	0.0159909	0.993102	1.00259	1.00259	1.00259	
0.993102	0.993102	0.993102	0.993102	0.993102	0.993102	0.993102	0.993101	0.993101	0.993102	0.993079	5.8245e-12	5.01353e-11	2.8233e-06	0.993102	0.993102	1.37811e-20	0.993102	0.00245548	0.00485056	6.66923e-12	0.993101	0.012477	0.012477	0.012477	0.012477	0.993102	0.979358	0.979358	0.979358	
0.993102	0.993102	0.993102	0.993102	0.993102	0.993102	0.993102	0.993101	0.993101	0.993102	0.993084	5.82451e-12	3.75144e-11	2.11257e-06	0.993102	0.993102	1.37811e-20	0.993102	0.00245548	0.00390088	6.10422e-12	0.993101	0.0101492	0.0101492	0.0101492	0.0101492	0.993102	0.958548	0.958548	0.958548	
0.993102	0.993102	0.993102	0.993102	0.993102	0.993102	0.993102	0.993101	0.993101	0.993102	0.993088	5.82451e-12	2.80707e-11	1.58077e-06	0.993102	0.993102	1.37811e-20	0.993102	0.00245547	0.0029968	5.30222e-12	0.993101	0.00882497	0.00882497	0.00882497	0.00882498	0.993102	0.947163	0.947163	0.947163	
0.993102	0.993102	0.993102	0.993102	0.993102	0.993102	0.993102	0.993101	0.993101	0.993102	0.993091	5.82451e-12	2.10043e-11	1.18284e-06	0.993102	0.993102	1.37811e-20	0.993102	0.00245547	0.00228176	4.5525e-12	0.993101	0.0081469	0.0081469	0.0081469	0.00814691	0.993102	0.865786	0.865786	0.865786	
0.993102	0.993102	0.993102	0.993102	0.993102	0.993102	0.993102	0.993101	0.993102	0.993102	0.993091	5.8245e-12	1.57167e-11	8.85314e-07	0.993102	0.993102	1.37811e-20	0.993102	0.00245547	0.00170766	3.52138e-12	0.993101	0.0137609	0.0137609	0.0137609	0.0137609	0.993102	0.896341	0.896341	0.896341	
0.993102	0.993102	0.993102	0.993102	0.993102	0.993102	0.993102	0.993101	0.993102	0.993102	0.993092	5.82449e-12	1.17603e-11	6.62519e-07	0.993102	0.993102	1.37811e-20	0.993102	0.00245547	0.00127964	2.84663e-12	0.993101	0.0145161	0.0145161	0.0145161	0.0145161	0.993102	0.909701	0.909701	0.909701	
0.993102	0.993102	0.993102	0.993102	0.993102	0.993102	0.993102	0.993101	0.993102	0.993102	0.993093	5.82448e-12	8.79977e-12	4.9578e-07	0.993102	0.993102	1.37811e-20	0.993102	0.00245547	0.000961668	2.40659e-12	0.993101	0.0141047	0.0141047	0.0141047	0.0141047	0.993102	0.770392	0.770392	0.770392	
0.993102	0.993102	0.993102	0.993102	0.993102	0.993102	0.993102	0.993101	0.993102	0.993102	0.993075	5.82447e-12	6.58455e-12	3.81815e-07	0.993102	0.993102	1.37811e-20	0.993102	0.00245547	0.000719582	1.81782e-12	0.993101	0.0544777	0.0544777	0.0544777	0.0544777	0.993102	0.735237	0.735237	0.735237	
0.993102	0.993102	0.993102	0.993102	0.993102	0.993102	0.993102	0.993101	0.993102	0.993102	0.99304	5.82446e-12	4.92698e-12	3.29935e-07	0.993102	0.993102	1.37811e-20	0.993102	0.00245547	0.000538437	1.36865e-12	0.993101	0.116006	0.116006	0.116006	0.116006	0.993102	0.738734	0.738734	0.738734	
0.993102	0.993102	0.993102	0.993102	0.993102	0.993102	0.993102	0.993101	0.993102	0.993102	0.993017	5.82445e-12	3.68668e-12	2.85341e-07	0.993102	0.993102	1.37811e-20	0.993102	0.00245547	0.000402893	1.03316e-12	0.993101	0.158418	0.158418	0.158418	0.158418	0.993102	0.629304	0.629304	0.629304	
0.993102	0.993102	0.993102	0.993102	0.993102	0.993102	0.993102	0.993101	0.993102	0.993102	0.992694	5.82444e-12	2.75861e-12	3.27557e-06	0.993102	0.993102	1.37811e-20	0.993102	0.00245547	0.00030147	7.74092e-13	0.993101	0.313979	0.313979	0.313979	0.313979	0.993102	0.600542	0.600542	0.600542	
0.993102	0.993102	0.993102	0.993102	0.993102	0.993102	0.993102	0.993101	0.993102	0.993102	0.992185	5.82444e-12	2.06417e-12	1.21262e-05	0.993102	0.993102	1.37811e-20	0.993102	0.00245547	0.000225579	5.79795e-13	0.993101	0.451006	0.451006	0.451006	0.451006	0.993102	0.596034	0.596034	0.596034	
0.993102	0.993102	0.993102	0.993102	0.993102	0.993102	0.993102	0.993101	0.993102	0.993102	0.991747	5.82443e-12	1.54454e-12	2.06605e-05	0.993102	0.993102	1.37811e-20	0.993102	0.00245547	0.000168793	4.34361e-13	0.993101	0.556097	0.556097	0.556097	0.556097	0.993102	0.592795	0.592795	0.592795	
0.993102	0.993102	0.993102	0.993102	0.993102	0.993102	0.993102	0.993101	0.993102	0.993102	0.991375	5.82442e-12	1.15572e-12	2.86491e-05	0.993102	0.993102	1.37811e-20	0.993102	0.00245547	0.000126301	3.25506e-13	0.993101	0.636467	0.636467	0.636467	0.636467	0.993102	0.676202	0.676202	0.676202	
0.993102	0.993102	0.993102	0.993102	0.993102	0.993102	0.993102	0.993101	0.993102	0.993102	0.991675	5.82442e-12	8.64785e-13	2.19063e-05	0.993102	0.993102	1.37811e-20	0.993102	0.00245547	9.45068e-05	2.46156e-13	0.993101	0.622171	0.622171	0.622171	0.622171	0.993102	0.755376	0.755376	0.755376	
0.993102	0.993102	0.993102	0.993102	0.993102	0.993102	0.993102	0.993101	0.993102	0.993102	0.992006	5.82442e-12	6.47087e-13	1.64114e-05	0.993102	0.993102	1.37811e-20	0.993102	0.00245547	7.07164e-05	1.96818e-13	0.993101	0.521419	0.521419	0.521419	0.521419	0.993102	0.793009	0.793009	0.793009	
0.993102	0.993102	0.993102	0.993102	0.993102	0.993102	0.993102	0.993101	0.993102	0.993102	0.992269	5.82441e-12	4.84192e-13	1.22845e-05	0.993102	0.993102	1.37811e-20	0.993102	0.00245547	5.29183e-05	1.74076e-13	0.993101	0.420008	0.420008	0.420008	0.420008	0.993102	0.828462	0.828462	0.828462	
0.993102	0.993102	0.993102	0.993102	0.993102	0.993102	0.993102	0.993101	0.993102	0.993102	0.992472	5.82441e-12	3.62303e-13	9.19307e-06	0.993102	0.993102	1.37811e-20	0.993102	0.00245547	3.96286e-05	1.84725e-13	0.993101	0.329914	0.329914	0.329914	0.329914	0.993102	0.755479	0.755479	0.755479	
0.993102	0.993102	0.993102	0.993102	0.993102	0.993102	0.993102	0.993101	0.993102	0.993102	0.992603	5.82441e-12	2.71098e-13	6.89853e-06	0.993102	0.993102	1.37811e-20	0.993102	0.00245547	2.9653e-05	1.50877e-13	0.993101	0.302645	0.302645	0.302645	0.302645	0.993102	0.698207	0.698207	0.698207	
0.993102	0.993102	0.993102	0.993102	0.993102	0.993102	0.993102	0.993101	0.993102	0.993102	0.992642	5.82441e-12	2.02853e-13	5.35648e-06	0.993102	0.993102	1.37811e-20	0.993102	0.00245547	2.21883e-05	1.16921e-13	0.993101	0.345082	0.345082	0.345082	0.345082	0.993102	0.677663	0.677663	0.677663	
0.993102	0.993102	0.993102	0.993102	0.993102	0.993102	0.993102	0.993101	0.993102	0.993102	0.992627	5.8244e-12	1.51787e-13	4.45059e-06	0.993102	0.993102	1.37811e-20	0.993102	0.00245547	1.66027e-05	9.01563e-14	0.993101	0.40236	0.40236	0.40236	0.40236	0.993102	0.705501	0.705501	0.705501	
0.993102	0.993102	0.993102	0.993102	0.993102	0.993102	0.993102	0.993101	0.993102	0.993102	0.992671	5.8244e-12	1.13577e-13	3.47554e-06	0.993102	0.993102	1.37811e-20	0.993102	0.00245547	1.24232e-05	7.21179e-14	0.993101	0.410651	0.410651	0.410651	0.410651	0.993102	0.739993	0.739993	0.739993	
0.993102	0.993102	0.993102	0.993102	0.993102	0.993102	0.993102	0.993101	0.993102	0.993102	0.992742	5.8244e-12	8.49856e-14	2.63719e-06	0.993102	0.993102	1.37811e-20	0.993102	0.00245547	9.29599e-06	6.32469e-14	0.993101	0.377611	0.377611	0.377611	0.377611	0.993102	0.718261	0.718261	0.718261	
0.993102	0.993102	0.993102	0.993102	0.993102	0.993102	0.993102	0.993101	0.993102	0.993102	0.992775	5.8244e-12	6.35916e-14	2.06055e-06	0.993102	0.993102	1.37811e-20	0.993102	0.00245547	6.9559e-06	5.33365e-14	0.993101	0.376751	0.376751	0.376751	0.376751	0.993102	0.7236	0.7236	0.7236	
0.993102	0.993102	0.993102	0.993102	0.993102	0.993102	0.993102	0.993101	0.993102	0.993102	0.992805	5.8244e-12	4.75833e-14	1.61229e-06	0.993102	0.993102	1.37811e-20	0.993102	0.00245547	5.2049e-06	4.65983e-14	0.993101	0.369926	0.369926	0.369926	0.369926	0.993102	0.720755	0.720755	0.720755	
0.993102	0.993102	0.993102	0.993102	0.993102	0.993102	0.993102	0.993101	0.993102	0.993102	0.992824	5.8244e-12	3.56048e-14	1.28537e-06	0.993102	0.993102	1.37811e-20	0.993102	0.00245547	3.89469e-06	4.11865e-14	0.993101	0.368091	0.368091	0.368091	0.368091	0.993102	0.709515	0.709515	0.709515	
0.993102	0.993102	0.993102	0.993102	0.993102	0.993102	0.993102	0.993101	0.993102	0.993102	0.992825	5.8244e-12	2.66418e-14	1.08557e-06	0.993102	0.993102	1.37811e-20	0.993102	0.00245547	2.91428e-06	3.58648e-14	0.993101	0.380095	0.380095	0.380095	0.380095	0.993102	0.730661	0.730661	0.730661	
0.993102	0.993102	0.993102	0.993102	0.993102	0.993102	0.993102	0.993101	0.993102	0.993102	0.992849	5.8244e-12	1.99351e-14	8.65414e-07	0.993102	0.993102	1.37811e-20	0.993102	0.00245547	2.18074e-06	3.45393e-14	0.993101	0.364553	0.364553	0.364553	0.364553	0.993102	0.742184	0.742184	0.742184	
0.993102	0.993102	0.993102	0.993102	0.993102	0.993102	0.993102	0.993101	0.993102	0.993102	0.992877	5.8244e-12	1.49167e-14	6.81062e-07	0.993102	0.993102	1.37811e-20	0.993102	0.00245547	1.63195e-06	3.5544e-14	0.993101	0.340924	0.340924	0.340924	0.340924	0.993102	0.711459	0.711459	0.711459	
0.993102	0.993102	0.993102	0.993102	0.993102	0.993102	0.993102	0.993101	0.993102	0.993102	0.992867	5.8244e-12	1.11616e-14	6.24127e-07	0.993102	0.993102	1.37811e-20	0.993102	0.00245547	1.22115e-06	3.18428e-14	0.993101	0.357409	0.357409	0.357409	0.357409	0.993102	0.708095	0.708095	0.708095	
0.993102	0.993102	0.993102	0.993102	0.993102	0.993102	0.993102	0.993101	0.993102	0.993102	0.992855	5.8244e-12	8.35185e-15	5.98015e-07	0.993102	0.993102	1.37811e-20	0.993102	0.00245547	9.13769e-07	2.8732e-14	0.993101	0.373834	0.373834	0.373834	0.373834	0.993102	0.722001	0.722001	0.722001	
0.993102	0.993102	0.993102	0.993102	0.993102	0.993102	0.993102	0.993101	0.993102	0.993102	0.992863	5.8244e-12	6.24939e-15	5.22587e-07	0.993102	0.993102	1.37811e-20	0.993102	0.00245547	6.83793e-07	2.79771e-14	0.993101	0.369577	0.369577	0.369577	0.369577	0.993102	0.702736	0.702736	0.702736	
0.993102	0.993102	0.993102	0.993102	0.993102	0.993102	0.993102	0.993101	0.993102	0.993102	0.992844	5.8244e-12	4.67619e-15	5.53355e-07	0.993102	0.993102	1.37811e-20	0.993102	0.00245547	5.11674e-07	2.53409e-14	0.993101	0.389535	0.389535	0.389535	0.389535	0.993102	0.76471	0.76471	0.76471	
0.993102	0.993102	0.993102	0.993102	0.993102	0.993102	0.993102	0.993101	0.993102	0.993102	0.992886	5.8244e-12	3.49903e-15	4.27663e-07	0.993102	0.993102	1.37811e-20	0.993102	0.00245547	3.8356e-07	3.41813e-14	0.993101	0.339666	0.339666	0.339666	0.339666	0.993102	0.766771	0.766771	0.766771	
0.993102	0.993102	0.993102	0.993102	0.993102	0.993102	0.993102	0.993101	0.993102	0.993102	0.992918	5.8244e-12	2.6182e-15	3.32536e-07	0.993102	0.993102	1.37811e-20	0.993102	0.00245547	2.87789e-07	4.14367e-14	0.993101	0.300768	0.300768	0.300768	0.300768	0.993102	0.737839	0.737839	0.737839	
0.993102	0.993102	0.993102	0.993102	0.993102	0.993102	0.993102	0.993101	0.993102	0.993102	0.992925	5.8244e-12	1.95911e-15	2.88689e-07	0.993102	0.993102	1.37811e-20	0.993102	0.00245547	2.1548e-07	3.98978e-14	0.993101	0.297587	0.297587	0.297587	0.297587	0.993102	0.749905	0.749905	0.749905	
0.993102	0.993102	0.993102	0.993102	0.993102	0.993102	0.993102	0.993101	0.993102	0.993102	0.992939	5.8244e-12	1.46593e-15	2.40618e-07	0.993102	0.993102	1.37811e-20	0.993102	0.00245547	1.61521e-07	4.11732e-14	0.993101	0.283435	0.283435	0.283435	0.283435	0.993102	0.755226	0.755226	0.755226	
0.993102	0.993102	0.993102	0.993102	0.993102	0.993102	0.993102	0.993101	0.993102	0.993102	0.992952	5.8244e-12	1.09691e-15	1.99931e-07	0.993102	0.993102	1.37811e-20	0.993102	0.00245547	1.21253e-07	4.33987e-14	0.993101	0.268085	0.268085	0.268085	0.268085	0.993102	0.734319	0.734319	0.734319	
0.993102	0.993102	0.993102	0.993102	0.993102	0.993102	0.993102	0.993101	0.993102	0.993102	0.992948	5.8244e-12	8.20779e-16	1.95491e-07	0.993102	0.993102	1.37811e-20	0.993102	0.00245547	9.08408e-08	4.07614e-14	0.993101	0.276809	0.276809	0.276809	0.276809	0.993102	0.721977	0.721977	0.721977	
0.993102	0.993102	0.993102	0.993102	0.993102	0.993102	0.993102	0.993101	0.993102	0.993102	0.992933	5.8244e-12	6.14162e-16	2.21464e-07	0.993102	0.993102	1.37811e-20	0.993102	0.00245547	6.80263e-08	3.69752e-14	0.993101	0.297003	0.297003	0.297003	0.297003	0.993102	0.764979	0.764979	0.764979	
0.993102	0.993102	0.993102	0.993102	0.993102	0.993102	0.993102	0.993101	0.993102	0.993102	0.992952	5.8244e-12	4.59559e-16	1.79176e-07	0.993102	0.993102	1.37811e-20	0.993102	0.00245547	5.1606e-08	4.2969e-14	0.993101	0.270219	0.270219	0.270219	0.270219	0.993102	0.717642	0.717642	0.717642	
0.993102	0.993102	0.993102	0.993102	0.993102	0.993102	0.993102	0.993101	0.993102	0.993102	0.992931	5.8244e-12	3.43874e-16	2.23493e-07	0.993102	0.993102	1.37811e-20	0.993102	0.00245547	3.8656e-08	3.80893e-14	0.993101	0.297122	0.297122	0.297122	0.297122	0.993102	0.762034	0.762034	0.762034	
0.993102	0.993102	0.993102	0.993102	0.993102	0.993102	0.993102	0.993101	0.993102	0.993102	0.99295	5.8244e-12	2.57312e-16	1.82377e-07	0.993102	0.993102	1.37811e-20	0.993102	0.00245547	2.95152e-08	4.29273e-14	0.993101	0.272633	0.272633	0.272633	0.272633	0.993102	0.747584	0.747584	0.747584	
0.993102	0.993102	0.993102	0.993102	0.993102	0.993102	0.993102	0.993101	0.993102	0.993102	0.992956	5.8244e-12	1.92541e-16	1.63462e-07	0.993102	0.993102	1.37811e-20	0.993102	0.00245547	2.23332e-08	4.29266e-14	0.993101	0.266923	0.266923	0.266923	0.266923	0.993102	0.77345	0.77345	0.77345	
0.993102	0.993102	0.993102	0.993102	0.993102	0.993102	0.993102	0.993101	0.993102	0.993102	0.992973	5.8244e-12	1.44075e-16	1.31906e-07	0.993102	0.993102	1.37811e-20	0.993102	0.00245547	1.78821e-08	5.02472e-14	0.993101	0.241482	0.241482	0.241482	0.241482	0.993102	0.755342	0.755342	0.755342	
0.993102	0.993102	0.993102	0.993102	0.993102	0.993102	0.993102	0.993101	0.993102	0.993102	0.992978	5.8244e-12	1.07809e-16	1.18494e-07	0.993102	0.993102	1.37811e-20	0.993102	0.00245547	1.37756e-08	5.02174e-14	0.993101	0.236593	0.236593	0.236593	0.236593	0.993102	0.732353	0.732353	0.732353	
0.993102	0.993102	0.993102	0.993102	0.993102	0.993102	0.993102	0.993101	0.993102	0.993102	0.992965	5.8244e-12	8.06733e-17	1.38311e-07	0.993102	0.993102	1.37811e-20	0.993102	0.00245547	1.04073e-08	4.5544e-14	0.993101	0.255344	0.255344	0.255344	0.255344	0.993102	0.711606	0.711606	0.711606	
0.993102	0.993102	0.993102	0.993102	0.993102	0.993102	0.993102	0.993101	0.993102	0.993102	0.992933	5.8244e-12	6.03683e-17	2.17335e-07	0.993102	0.993102	1.37811e-20	0.993102	0.00245547	7.81603e-09	3.93409e-14	0.993101	0.293196	0.293196	0.293196	0.293196	0.993102	0.759577	0.759577	0.759577	
0.993102	0.993102	0.993102	0.993102	0.993102	0.993102	0.993102	0.993101	0.993102	0.993102	0.99295	5.8244e-12	4.51749e-17	1.79333e-07	0.993102	0.993102	1.37811e-20	0.993102	0.00245547	6.35786e-09	4.31722e-14	0.993101	0.271698	0.271698	0.271698	0.271698	0.993102	0.764067	0.764067	0.764067	
0.993102	0.993102	0.993102	0.993102	0.993102	0.993102	0.993102	0.993101	0.993102	0.993102	0.992965	5.8244e-12	3.38062e-17	1.4815e-07	0.993102	0.993102	1.37811e-20	0.993102	0.00245547	5.42427e-09	4.73295e-14	0.993101	0.251995	0.251995	0.251995	0.251995	0.993102	0.736702	0.736702	0.736702	
0.993102	0.993102	0.993102	0.993102	0.993102	0.993102	0.993102	0.993101	0.993102	0.993102	0.99296	5.8244e-12	2.52994e-17	1.52575e-07	0.993102	0.993102	1.37811e-20	0.993102	0.00245547	4.1879e-09	4.41072e-14	0.993101	0.262269	0.262269	0.262269	0.262269	0.993102	0.751028	0.751028	0.751028	
0.993102	0.993102	0.993102	0.993102	0.993102	0.993102	0.993102	0.993101	0.993102	0.993102	0.992965	5.8244e-12	1.89341e-17	1.37687e-07	0.993102	0.993102	1.37811e-20	0.993102	0.00245547	3.43866e-09	4.45801e-14	0.993101	0.25598	0.25598	0.25598	0.25598	0.993102	0.753984	0.753984	0.753984	
0.993102	0.993102	0.993102	0.993102	0.993102	0.993102	0.993102	0.993101	0.993102	0.993102	0.992971	5.8244e-12	1.41712e-17	1.23925e-07	0.993102	0.993102	1.37811e-20	0.993102	0.00245547	2.9372e-09	4.56388e-14	0.993101	0.248629	0.248629	0.248629	0.248629	0.993102	0.73317	0.73317	0.73317	
0.993102	0.993102	0.993102	0.993102	0.993102	0.993102	0.993102	0.993101	0.993102	0.993102	0.992961	5.8244e-12	1.06072e-17	1.40779e-07	0.993102	0.993102	1.37811e-20	0.993102	0.00245547	2.30226e-09	4.22493e-14	0.993101	0.263474	0.263474	0.263474	0.263474	0.993102	0.73536	0.73536	0.73536	
0.993102	0.993102	0.993102	0.993102	0.993102	0.993102	0.993102	0.993101	0.993102	0.993102	0.992955	5.8244e-12	7.94048e-18	1.49359e-07	0.993102	0.993102	1.37811e-20	0.993102	0.00245547	1.84183e-09	4.00756e-14	0.993101	0.272261	0.272261	0.272261	0.272261	0.993102	0.75749	0.75749	0.75749	
0.993102	0.993102	0.993102	0.993102	0.993102	0.993102	0.993102	0.993101	0.993102	0.993102	0.992966	5.8244e-12	5.94504e-18	1.29924e-07	0.993102	0.993102	1.37811e-20	0.993102	0.00245547	1.82762e-09	4.31604e-14	0.993101	0.257781	0.257781	0.257781	0.257781	0.993102	0.762317	0.762317	0.762317	
0.993102	0.993102	0.993102	0.993102	0.993102	0.993102	0.993102	0.993101	0.993102	0.993102	0.992976	5.8244e-12	4.45193e-18	1.12192e-07	0.993102	0.993102	1.37811e-20	0.993102	0.00245547	1.96798e-09	4.68039e-14	0.993101	0.242968	0.242968	0.242968	0.242968	0.993102	0.759796	0.759796	0.759796	
0.993102	0.993102	0.993102	0.993102	0.993102	0.993102	0.993102	0.993101	0.993102	0.993102	0.992982	5.8244e-12	3.33468e-18	1.00513e-07	0.993102	0.993102	1.37811e-20	0.993102	0.00245547	1.98871e-09	4.88168e-14	0.993101	0.233934	0.233934	0.233934	0.233934	0.993102	0.764524	0.764524	0.764524	
0.993102	0.993102	0.993102	0.993102	0.993102	0.993102	0.993102	0.993101	0.993102	0.993102	0.992989	5.8244e-12	2.49869e-18	8.89192e-08	0.993102	0.993102	1.37811e-20	0.993102	0.00245547	2.17354e-09	5.16911e-14	0.993101	0.22338	0.22338	0.22338	0.22338	0.993102	0.776164	0.776164	0.776164	
0.993102	0.993102	0.993102	0.993102	0.993102	0.993102	0.993102	0.993101	0.993102	0.993102	0.993	5.8244e-12	1.87315e-18	7.51412e-08	0.993102	0.993102	1.37811e-20	0.993102	0.00245547	3.00448e-09	5.78165e-14	0.993101	0.207046	0.207046	0.207046	0.207046	0.993102	0.775256	0.775256	0.775256	
0.993102	0.993102	0.993102	0.993102	0.993102	0.993102	0.993102	0.993101	0.993102	0.993102	0.993007	5.8244e-12	1.40508e-18	6.51498e-08	0.993102	0.993102	1.37811e-20	0.993102	0.00245547	3.55321e-09	6.20556e-14	0.993101	0.195437	0.195437	0.195437	0.195437	0.993102	0.76514	0.76514	0.76514	
0.993102	0.993102	0.993102	0.993102	0.993102	0.993102	0.993102	0.993101	0.993102	0.993102	0.993008	5.8244e-12	1.05484e-18	6.21251e-08	0.993102	0.993102	1.37811e-20	0.993102	0.00245547	3.36997e-09	6.1785e-14	0.993101	0.194096	0.194096	0.194096	0.194096	0.993102	0.769291	0.769291	0.769291	
0.993102	0.993102	0.993102	0.993102	0.993102	0.993102	0.993102	0.993101	0.993102	0.993102	0.993011	5.8244e-12	7.92766e-19	5.78153e-08	0.993102	0.993102	1.37811e-20	0.993102	0.00245547	3.43403e-09	6.29115e-14	0.993101	0.189961	0.189961	0.189961	0.189961	0.993102	0.758937	0.758937	0.758937	
0.993102	0.993102	0.993102	0.993102	0.993102	0.993102	0.993102	0.993101	0.993102	0.993102	0.993008	5.8244e-12	5.96667e-19	6.04034e-08	0.993102	0.993102	1.37811e-20	0.993102	0.00245547	3.05979e-09	6.06346e-14	0.993101	0.194983	0.194983	0.194983	0.194983	0.993102	0.732615	0.732615	0.732615	
0.993102	0.993102	0.993102	0.993102	0.993102	0.993102	0.993102	0.993101	0.993102	0.993102	0.992988	5.8244e-12	4.49933e-19	9.43264e-08	0.993102	0.993102	1.37811e-20	0.993102	0.00245547	2.39057e-09	5.33806e-14	0.993101	0.223927	0.223927	0.223927	0.223927	0.993102	0.729836	0.729836	0.729836	
0.993102	0.993102	0.993102	0.993102	0.993102	0.993102	0.993102	0.993101	0.993102	0.993102	0.992971	5.8244e-12	3.40138e-19	1.25485e-07	0.993102	0.993102	1.37811e-20	0.993102	0.00245547	1.8743e-09	4.75198e-14	0.993101	0.248599	0.248599	0.248599	0.248599	0.993102	0.745297	0.745297	0.745297	
0.993102	0.993102	0.993102	0.993102	0.993102	0.993102	0.993102	0.993101	0.993102	0.993102	0.99297	5.8244e-12	2.57982e-19	1.23478e-07	0.993102	0.993102	1.37811e-20	0.993102	0.00245547	1.61872e-09	4.58798e-14	0.993101	0.251118	0.251118	0.251118	0.251118	0.993102	0.740513	0.740513	0.740513	
0.993102	0.993102	0.993102	0.993102	0.993102	0.993102	0.993102	0.993101	0.993102	0.993102	0.992966	5.8244e-12	1.96508e-19	1.28214e-07	0.993102	0.993102	1.37811e-20	0.993102	0.00245547	1.37352e-09	4.3711e-14	0.993101	0.257713	0.257713	0.257713	0.257713	0.993102	0.773252	0.773252	0.773252	
0.993102	0.993102	0.993102	0.993102	0.993102	0.993102	0.993102	0.993101	0.993102	0.993102	0.992981	5.8244e-12	1.50509e-19	1.05607e-07	0.993102	0.993102	1.37811e-20	0.993102	0.00245547	2.18493e-09	5.07624e-14	0.993101	0.234728	0.234728	0.234728	0.234728	0.993102	0.760933	0.760933	0.760933	
0.993102	0.993102	0.993102	0.993102	0.993102	0.993102	0.993102	0.993101	0.993102	0.993102	0.992987	5.8244e-12	1.16089e-19	9.48492e-08	0.993102	0.993102	1.37811e-20	0.993102	0.00245547	2.18749e-09	5.20961e-14	0.993101	0.226836	0.226836	0.226836	0.226836	0.993102	0.723211	0.723211	0.723211	
0.993102	0.993102	0.993102	0.993102	0.993102	0.993102	0.993102	0.993101	0.993102	0.993102	0.992963	5.8244e-12	9.03345e-20	1.42536e-07	0.993102	0.993102	1.37811e-20	0.993102	0.00245547	1.69429e-09	4.56183e-14	0.993101	0.258195	0.258195	0.258195	0.258195	0.993102	0.73204	0.73204	0.73204	
0.993102	0.993102	0.993102	0.993102	0.993102	0.993102	0.993102	0.993101	0.993102	0.993102	0.992954	5.8244e-12	7.10631e-20	1.56926e-07	0.993102	0.993102	1.37811e-20	0.993102	0.00245547	1.36539e-09	4.20529e-14	0.993101	0.271845	0.271845	0.271845	0.271845	0.993102	0.779699	0.779699	0.779699	
0.993102	0.993102	0.993102	0.993102	0.993102	0.993102	0.993102	0.993101	0.993102	0.993102	0.992974	5.8244e-12	5.66431e-20	1.24894e-07	0.993102	0.993102	1.37811e-20	0.993102	0.00245547	2.72536e-09	5.20065e-14	0.993101	0.240997	0.240997	0.240997	0.240997	0.993102	0.79204	0.79204	0.79204	
0.993102	0.993102	0.993102	0.993102	0.993102	0.993102	0.993102	0.993101	0.993102	0.993102	0.992993	5.8244e-12	4.58531e-20	9.80139e-08	0.993102	0.993102	1.37811e-20	0.993102	0.00245547	5.61175e-09	6.52045e-14	0.993101	0.210692	0.210692	0.210692	0.210692	0.993102	0.774996	0.774996	0.774996	
0.993102	0.993102	0.993102	0.993102	0.993102	0.993102	0.993102	0.993101	0.993102	0.993102	0.993002	5.8244e-12	3.77793e-20	8.23579e-08	0.993102	0.993102	1.37811e-20	0.993102	0.00245547	5.48394e-09	6.74864e-14	0.993101	0.198342	0.198342	0.198342	0.198342	0.993102	0.771038	0.771038	0.771038	
0.993102	0.993102	0.993102	0.993102	0.993102	0.993102	0.993102	0.993101	0.993102	0.993102	0.993007	5.8244e-12	3.1738e-20	7.21901e-08	0.993102	0.993102	1.37811e-20	0.993102	0.00245547	5.11667e-09	6.77708e-14	0.993101	0.19187	0.19187	0.19187	0.19187	0.993102	0.745551	0.745551	0.745551	
0.993102	0.993102	0.993102	0.993102	0.993102	0.993102	0.993102	0.993101	0.993102	0.993102	0.992997	5.8244e-12	2.72176e-20	8.32996e-08	0.993102	0.993102	1.37811e-20	0.993102	0.00245547	4.0482e-09	6.10856e-14	0.993101	0.208424	0.208424	0.208424	0.208424	0.993102	0.783789	0.783789	0.783789	
0.993102	0.993102	0.993102	0.993102	0.993102	0.993102	0.993102	0.993101	0.993102	0.993102	0.993008	5.8244e-12	2.3835e-20	6.86739e-08	0.993102	0.993102	1.37811e-20	0.993102	0.00245547	5.20666e-09	6.79988e-14	0.993101	0.191003	0.191003	0.191003	0.191003	0.993102	0.826497	0.826497	0.826497	
0.993102	0.993102	0.993102	0.993102	0.993102	0.993102	0.993102	0.993101	0.993102	0.993102	0.993025	5.8244e-12	2.1304e-20	5.25355e-08	0.993102	0.993102	1.37811e-20	0.993102	0.00245547	3.21353e-08	1.03251e-13	0.993101	0.159144	0.159144	0.159144	0.159144	0.993102	0.846473	0.846473	0.846473	
0.993102	0.993102	0.993102	0.993102	0.993102	0.993102	0.993102	0.993101	0.993102	0.993102	0.99304	5.8244e-12	1.94102e-20	3.98273e-08	0.993102	0.993102	1.37811e-20	0.993102	0.00245547	1.17668e-07	1.55349e-13	0.993101	0.1302	0.1302	0.1302	0.1302	0.993102	0.821146	0.821146	0.821146	
0.993102	0.993102	0.993102	0.993102	0.993102	0.993102	0.993102	0.993101	0.993102	0.993102	0.993048	5.8244e-12	1.79931e-20	3.12249e-08	0.993102	0.993102	1.37811e-20	0.993102	0.00245547	1.08531e-07	1.63297e-13	0.993101	0.115348	0.115348	0.115348	0.115348	0.993102	0.812831	0.812831	0.812831	
0.993102	0.993102	0.993102	0.993102	0.993102	0.993102	0.993102	0.993101	0.993102	0.993102	0.993053	5.8244e-12	1.69327e-20	2.53498e-08	0.993102	0.993102	1.37811e-20	0.993102	0.00245547	9.3647e-08	1.62035e-13	0.993101	0.107208	0.107208	0.107208	0.107208	0.993102	0.818307	0.818307	0.818307	
0.993102	0.993102	0.993102	0.993102	0.993102	0.993102	0.993102	0.993101	0.993102	0.993102	0.993057	5.8244e-12	1.61392e-20	2.05632e-08	0.993102	0.993102	1.37811e-20	0.993102	0.00245547	8.73482e-08	1.65702e-13	0.993101	0.0991127	0.0991127	0.0991127	0.0991127	0.993102	0.827699	0.827699	0.827699	
0.993102	0.993102	0.993102	0.993102	0.993102	0.993102	0.993102	0.993101	0.993102	0.993102	0.993062	5.8244e-12	1.55455e-20	1.6482e-08	0.993102	0.993102	1.37811e-20	0.993102	0.00245547	9.57105e-08	1.77634e-13	0.993101	0.0900251	0.0900251	0.0900251	0.0900251	0.993102	0.834445	0.834445	0.834445	
0.993102	0.993102	0.993102	0.993102	0.993102	0.993102	0.993102	0.993101	0.993102	0.993102	0.993067	5.8244e-12	1.51013e-20	1.31692e-08	0.993102	0.993102	1.37811e-20	0.993102	0.00245547	1.1711e-07	1.9431e-13	0.993101	0.081335	0.081335	0.081335	0.081335	0.993102	0.821483	0.821483	0.821483	
0.993102	0.993102	0.993102	0.993102	0.993102	0.993102	0.993102	0.993101	0.993102	0.993102	0.993068	5.8244e-12	1.47689e-20	1.12586e-08	0.993102	0.993102	1.37811e-20	0.993102	0.00245547	1.08532e-07	1.92768e-13	0.993101	0.0786731	0.0786731	0.0786731	0.0786731	0.993102	0.818958	0.818958	0.818958	
0.993102	0.993102	0.993102	0.993102	0.993102	0.993102	0.993102	0.993101	0.993102	0.993102	0.993069	5.8244e-12	1.45202e-20	9.97823e-09	0.993102	0.993102	1.37811e-20	0.993102	0.00245547	9.91735e-08	1.89281e-13	0.993101	0.0775351	0.0775351	0.0775351	0.0775351	0.993102	0.855054	0.855054	0.855054	
0.993102	0.993102	0.993102	0.993102	0.993102	0.993102	0.993102	0.993101	0.993102	0.993102	0.993074	5.8244e-12	1.4334e-20	7.83307e-09	0.993102	0.993102	1.37811e-20	0.993102	0.00245547	2.30877e-07	2.34343e-13	0.993101	0.0674473	0.0674473	0.0674473	0.0674473	0.993102	0.841288	0.841288	0.841288	
0.993102	0.993102	0.993102	0.993102	0.993102	0.993102	0.993102	0.993101	0.993102	0.993102	0.993076	5.8244e-12	1.41948e-20	6.49724e-09	0.993102	0.993102	1.37811e-20	0.993102	0.00245547	2.41349e-07	2.45748e-13	0.993101	0.0627414	0.0627414	0.0627414	0.0627414	0.993102	0.810373	0.810373	0.810373	
0.993102	0.993102	0.993102	0.993102	0.993102	0.993102	0.993102	0.993101	0.993102	0.993102	0.993073	5.8244e-12	1.40906e-20	7.05212e-09	0.993102	0.993102	1.37811e-20	0.993102	0.00245547	1.91325e-07	2.21818e-13	0.993101	0.0688048	0.0688048	0.0688048	0.0688048	0.993102	0.783643	0.783643	0.783643	
0.993102	0.993102	0.993102	0.993102	0.993102	0.993102	0.993102	0.993101	0.993102	0.993102	0.993065	5.8244e-12	1.40126e-20	1.16579e-08	0.993102	0.993102	1.37811e-20	0.993102	0.00245547	1.4532e-07	1.88204e-13	0.993101	0.0866193	0.0866193	0.0866193	0.0866193	0.993102	0.767003	0.767003	0.767003	
0.993102	0.993102	0.993102	0.993102	0.993102	0.993102	0.993102	0.993101	0.993102	0.993102	0.993052	5.8244e-12	1.39542e-20	2.11383e-08	0.993102	0.993102	1.37811e-20	0.993102	0.00245547	1.09533e-07	1.5676e-13	0.993101	0.111246	0.111246	0.111246	0.111246	0.993102	0.801649	0.801649	0.801649	
0.993102	0.993102	0.993102	0.993102	0.993102	0.993102	0.993102	0.993101	0.993102	0.993102	0.993054	5.8244e-12	1.39106e-20	1.89223e-08	0.993102	0.993102	1.37811e-20	0.993102	0.00245547	8.8318e-08	1.49159e-13	0.993101	0.108839	0.108839	0.108839	0.108839	0.993102	0.800839	0.800839	0.800839	
0.993102	0.993102	0.993102	0.993102	0.993102	0.993102	0.993102	0.993101	0.993102	0.993102	0.993055	5.8244e-12	1.38779e-20	1.73663e-08	0.993102	0.993102	1.37811e-20	0.993102	0.00245547	7.21421e-08	1.42959e-13	0.993101	0.107413	0.107413	0.107413	0.107413	0.993102	0.811169	0.811169	0.811169	
0.993102	0.993102	0.993102	0.993102	0.993102	0.993102	0.993102	0.993101	0.993102	0.993102	0.993058	5.8244e-12	1.38535e-20	1.51164e-08	0.993102	0.993102	1.37811e-20	0.993102	0.00245547	6.52387e-08	1.45514e-13	0.993101	0.101915	0.101915	0.101915	0.101915	0.993102	0.813951	0.813951	0.813951	
0.993102	0.993102	0.993102	0.993102	0.993102	0.993102	0.993102	0.993101	0.993102	0.993102	0.99306	5.8244e-12	1.38352e-20	1.32094e-08	0.993102	0.993102	1.37811e-20	0.993102	0.00245547	6.21178e-08	1.49631e-13	0.993101	0.0967315	0.0967315	0.0967315	0.0967315	0.993102	0.852779	0.852779	0.852779	
0.993102	0.993102	0.993102	0.993102	0.993102	0.993102	0.993102	0.993101	0.993102	0.993102	0.993067	5.8244e-12	1.38215e-20	1.02858e-08	0.993102	0.993102	1.37811e-20	0.993102	0.00245547	1.83154e-07	2.00549e-13	0.993101	0.0822331	0.0822331	0.0822331	0.0822331	0.993102	0.811968	0.811968	0.811968	
0.993102	0.993102	0.993102	0.993102	0.993102	0.993102	0.993102	0.993101	0.993102	0.993102	0.993067	5.8244e-12	1.38113e-20	9.75155e-09	0.993102	0.993102	1.37811e-20	0.993102	0.00245547	1.48858e-07	1.89228e-13	0.993101	0.0827616	0.0827616	0.0827616	0.0827616	0.993102	0.797806	0.797806	0.797806	
0.993102	0.993102	0.993102	0.993102	0.993102	0.993102	0.993102	0.993101	0.993102	0.993102	0.993064	5.8244e-12	1.38036e-20	1.0918e-08	0.993102	0.993102	1.37811e-20	0.993102	0.00245547	1.16434e-07	1.71096e-13	0.993101	0.0893462	0.0893462	0.0893462	0.0893462	0.993102	0.821522	0.821522	0.821522	
0.993102	0.993102	0.993102	0.993102	0.993102	0.993102	0.993102	0.993101	0.993102	0.993102	0.993066	5.8244e-12	1.37979e-20	9.57185e-09	0.993102	0.993102	1.37811e-20	0.993102	0.00245547	1.08075e-07	1.75435e-13	0.993101	0.0846545	0.0846545	0.0846545	0.0846545	0.993102	0.773901	0.773901	0.773901	
0.993102	0.993102	0.993102	0.993102	0.993102	0.993102	0.993102	0.993101	0.993102	0.993102	0.993056	5.8244e-12	1.37936e-20	1.65837e-08	0.993102	0.993102	1.37811e-20	0.993102	0.00245547	8.20719e-08	1.49563e-13	0.993101	0.104784	0.104784	0.104784	0.104784	0.993102	0.761803	0.761803	0.761803	
0.993102	0.993102	0.993102	0.993102	0.993102	0.993102	0.993102	0.993101	0.993102	0.993102	0.993043	5.8244e-12	1.37904e-20	2.76946e-08	0.993102	0.993102	1.37811e-20	0.993102	0.00245547	6.19936e-08	1.26273e-13	0.993101	0.128899	0.128899	0.128899	0.128899	0.993102	0.751332	0.751332	0.751332	
0.993102	0.993102	0.993102	0.993102	0.993102	0.993102	0.993102	0.993101	0.993102	0.993102	0.993028	5.8244e-12	1.3788e-20	4.39603e-08	0.993102	0.993102	1.37811e-20	0.993102	0.00245547	4.66982e-08	1.06132e-13	0.993101	0.155909	0.155909	0.155909	0.155909	0.993102	0.739985	0.739985	0.739985	
0.993102	0.993102	0.993102	0.993102	0.993102	0.993102	0.993102	0.993101	0.993102	0.993102	0.993009	5.8244e-12	1.37862e-20	6.94794e-08	0.993102	0.993102	1.37811e-20	0.993102	0.00245547	3.50998e-08	8.86968e-14	0.993101	0.187005	0.187005	0.187005	0.187005	0.993102	0.727554	0.727554	0.727554	
0.993102	0.993102	0.993102	0.993102	0.993102	0.993102	0.993102	0.993101	0.993102	0.993102	0.992984	5.8244e-12	1.37848e-20	1.1214e-07	0.993102	0.993102	1.37811e-20	0.993102	0.00245547	2.63385e-08	7.36075e-14	0.993101	0.223491	0.223491	0.223491	0.223491	0.993102	0.708937	0.708937	0.708937	
0.993102	0.993102	0.993102	0.993102	0.993102	0.993102	0.993102	0.993101	0.993102	0.993102	0.992944	5.8244e-12	1.37838e-20	2.10577e-07	0.993102	0.993102	1.37811e-20	0.993102	0.00245547	1.97325e-08	6.00663e-14	0.993101	0.2726	0.2726	0.2726	0.2726	0.993102	0.685459	0.685459	0.685459	
0.993102	0.993102	0.993102	0.993102	0.993102	0.993102	0.993102	0.993101	0.993102	0.993102	0.992872	5.8244e-12	1.37831e-20	4.81544e-07	0.993102	0.993102	1.37811e-20	0.993102	0.00245547	1.47711e-08	4.80646e-14	0.993101	0.338512	0.338512	0.338512	0.338512	0.993102	0.710105	0.710105	0.710105	
0.993102	0.993102	0.993102	0.993102	0.993102	0.993102	0.993102	0.993101	0.993102	0.993102	0.992861	5.8244e-12	1.37825e-20	4.81208e-07	0.993102	0.993102	1.37811e-20	0.993102	0.00245547	1.10789e-08	4.10714e-14	0.993101	0.357246	0.357246	0.357246	0.357246	0.993102	0.694513	0.694513	0.694513	
0.993102	0.993102	0.993102	0.993102	0.993102	0.993102	0.993102	0.993101	0.993102	0.993102	0.992828	5.8244e-12	1.37821e-20	5.85613e-07	0.993102	0.993102	1.37811e-20	0.993102	0.00245547	8.30017e-09	3.44706e-14	0.993101	0.39055	0.39055	0.39055	0.39055	0.993102	0.733666	0.733666	0.733666	
0.993102	0.993102	0.993102	0.993102	0.993102	0.993102	0.993102	0.993101	0.993102	0.993102	0.992854	5.8244e-12	1.37818e-20	4.85299e-07	0.993102	0.993102	1.37811e-20	0.993102	0.00245547	6.31833e-09	3.39732e-14	0.993101	0.36914	0.36914	0.36914	0.36914	0.993102	0.736423	0.736423	0.736423	
0.993102	0.993102	0.993102	0.993102	0.993102	0.993102	0.993102	0.993101	0.993102	0.993102	0.992876	5.8244e-12	1.37815e-20	4.05319e-07	0.993102	0.993102	1.37811e-20	0.993102	0.00245547	4.85476e-09	3.40649e-14	0.993101	0.350214	0.350214	0.350214	0.350214	0.993102	0.702911	0.702911	0.702911	
0.993102	0.993102	0.993102	0.993102	0.993102	0.993102	0.993102	0.993101	0.993102	0.993102	0.992854	5.8244e-12	1.37813e-20	4.64475e-07	0.993102	0.993102	1.37811e-20	0.993102	0.00245547	3.64964e-09	2.99116e-14	0.993101	0.37483	0.37483	0.37483	0.37483	0.993102	0.728141	0.728141	0.728141	
0.993102	0.993102	0.993102	0.993102	0.993102	0.993102	0.993102	0.993101	0.993102	0.993102	0.992869	5.8244e-12	1.37812e-20	4.06307e-07	0.993102	0.993102	1.37811e-20	0.993102	0.00245547	2.80814e-09	2.97061e-14	0.993101	0.363382	0.363382	0.363382	0.363382	0.993102	0.767631	0.767631	0.767631	
0.993102	0.993102	0.993102	0.993102	0.993102	0.993102	0.993102	0.993101	0.993102	0.993102	0.992906	5.8244e-12	1.37811e-20	3.16132e-07	0.993102	0.993102	1.37811e-20	0.993102	0.00245547	2.92715e-09	3.83634e-14	0.993101	0.317864	0.317864	0.317864	0.317864	0.993102	0.769961	0.769961	0.769961	
0.993102	0.993102	0.993102	0.993102	0.993102	0.993102	0.993102	0.993101	0.993102	0.993102	0.992935	5.8244e-12	1.3781e-20	2.47579e-07	0.993102	0.993102	1.37811e-20	0.993102	0.00245547	3.14014e-09	4.56112e-14	0.993101	0.282083	0.282083	0.282083	0.282083	0.993102	0.763272	0.763272	0.763272	
0.993102	0.993102	0.993102	0.993102	0.993102	0.993102	0.993102	0.993101	0.993102	0.993102	0.992953	5.8244e-12	1.3781e-20	1.99668e-07	0.993102	0.993102	1.37811e-20	0.993102	0.00245547	2.98549e-09	4.89174e-14	0.993101	0.260392	0.260392	0.260392	0.260392	0.993102	0.761511	0.761511	0.761511	
0.993102	0.993102	0.993102	0.993102	0.993102	0.993102	0.993102	0.993101	0.993102	0.993102	0.992966	5.8244e-12	1.37809e-20	1.6487e-07	0.993102	0.993102	1.37811e-20	0.993102	0.00245547	2.80602e-09	5.08796e-14	0.993101	0.24557	0.24557	0.24557	0.24557	0.993102	0.787085	0.787085	0.787085	
0.993102	0.993102	0.993102	0.993102	0.993102	0.993102	0.993102	0.993101	0.993102	0.993102	0.992986	5.8244e-12	1.37809e-20	1.28926e-07	0.993102	0.993102	1.37811e-20	0.993102	0.00245547	4.75336e-09	6.1881e-14	0.993101	0.216859	0.216859	0.216859	0.216859	0.993102	0.778486	0.778486	0.778486	
0.993102	0.993102	0.993102	0.993102	0.993102	0.993102	0.993102	0.993101	0.993102	0.993102	0.992998	5.8244e-12	1.37809e-20	1.04313e-07	0.993102	0.993102	1.37811e-20	0.993102	0.00245547	5.14095e-09	6.63512e-14	0.993101	0.200633	0.200633	0.200633	0.200633	0.993102	0.746511	0.746511	0.746511	
0.993102	0.993102	0.993102	0.993102	0.993102	0.993102	0.993102	0.993101	0.993102	0.993102	0.992991	5.8244e-12	1.37809e-20	1.06233e-07	0.993102	0.993102	1.37811e-20	0.993102	0.00245547	4.07938e-09	6.02245e-14	0.993101	0.214064	0.214064	0.214064	0.214064	0.993102	0.765199	0.765199	0.765199	
0.993102	0.993102	0.993102	0.993102	0.993102	0.993102	0.993102	0.993101	0.993102	0.993102	0.992996	5.8244e-12	1.37809e-20	9.28343e-08	0.993102	0.993102	1.37811e-20	0.993102	0.00245547	3.76625e-09	6.04333e-14	0.993101	0.207987	0.207987	0.207987	0.207987	0.993102	0.759617	0.759617	0.759617	
0.993102	0.993102	0.993102	0.993102	0.993102	0.993102	0.993102	0.993101	0.993102	0.993102	0.992997	5.8244e-12	1.37809e-20	8.6147e-08	0.993102	0.993102	1.37811e-20	0.993102	0.00245547	3.32878e-09	5.89658e-14	0.993101	0.207907	0.207907	0.207907	0.207907	0.993102	0.735227	0.735227	0.735227	
0.993102	0.993102	0.993102	0.993102	0.993102	0.993102	0.993102	0.993101	0.993102	0.993102	0.992982	5.8244e-12	1.37808e-20	1.08715e-07	0.993102	0.993102	1.37811e-20	0.993102	0.00245547	2.60899e-09	5.25616e-14	0.993101	0.230822	0.230822	0.230822	0.230822	0.993102	0.749823	0.749823	0.749823	
0.993102	0.993102	0.993102	0.993102	0.993102	0.993102	0.993102	0.993101	0.993102	0.993102	0.992982	5.8244e-12	1.37808e-20	1.06031e-07	0.993102	0.993102	1.37811e-20	0.993102	0.00245547	2.23593e-09	5.06304e-14	0.993101	0.233552	0.233552	0.233552	0.233552	0.993102	0.737481	0.737481	0.737481	
0.993102	0.993102	0.993102	0.993102	0.993102	0.993102	0.993102	0.993101	0.993102	0.993102	0.992972	5.8244e-12	1.37808e-20	1.19778e-07	0.993102	0.993102	1.37811e-20	0.993102	0.00245547	1.80837e-09	4.67136e-14	0.993101	0.247662	0.247662	0.247662	0.247662	0.993102	0.778448	0.778448	0.778448	
0.993102	0.993102	0.993102	0.993102	0.993102	0.993102	0.993102	0.993101	0.993102	0.993102	0.992988	5.8244e-12	1.37808e-20	9.74804e-08	0.993102	0.993102	1.37811e-20	0.993102	0.00245547	2.93365e-09	5.49865e-14	0.993101	0.223707	0.223707	0.223707	0.223707	0.993102	0.824098	0.824098	0.824098	
0.993102	0.993102	0.993102	0.993102	0.993102	0.993102	0.993102	0.993101	0.993102	0.993102	0.993009	5.8244e-12	1.37808e-20	7.42061e-08	0.993102	0.993102	1.37811e-20	0.993102	0.00245547	2.66488e-08	9.10615e-14	0.993101	0.184359	0.184359	0.184359	0.184359	0.993102	0.824028	0.824028	0.824028	
0.993102	0.993102	0.993102	0.993102	0.993102	0.993102	0.993102	0.993101	0.993102	0.993102	0.993026	5.8244e-12	1.37808e-20	5.67943e-08	0.993102	0.993102	1.37811e-20	0.993102	0.00245547	4.42916e-08	1.17985e-13	0.993101	0.154938	0.154938	0.154938	0.154938	0.993102	0.78547	0.78547	0.78547	
0.993102	0.993102	0.993102	0.993102	0.993102	0.993102	0.993102	0.993101	0.993102	0.993102	0.99303	5.8244e-12	1.37808e-20	4.84283e-08	0.993102	0.993102	1.37811e-20	0.993102	0.00245547	3.55505e-08	1.11337e-13	0.993101	0.14998	0.14998	0.14998	0.14998	0.993102	0.784878	0.784878	0.784878	
0.993102	0.993102	0.993102	0.993102	0.993102	0.993102	0.993102	0.993101	0.993102	0.993102	0.993033	5.8244e-12	1.37808e-20	4.23105e-08	0.993102	0.993102	1.37811e-20	0.993102	0.00245547	2.89258e-08	1.06091e-13	0.993101	0.14662	0.14662	0.14662	0.14662	0.993102	0.770691	0.770691	0.770691	
0.993102	0.993102	0.993102	0.993102	0.993102	0.993102	0.993102	0.993101	0.993102	0.993102	0.99303	5.8244e-12	1.37808e-20	4.23718e-08	0.993102	0.993102	1.37811e-20	0.993102	0.00245547	2.26365e-08	9.65379e-14	0.993101	0.153418	0.153418	0.153418	0.153418	0.993102	0.783659	0.783659	0.783659	
0.993102	0.993102	0.993102	0.993102	0.993102	0.993102	0.993102	0.993101	0.993102	0.993102	0.993032	5.8244e-12	1.37808e-20	3.80821e-08	0.993102	0.993102	1.37811e-20	0.993102	0.00245547	1.90987e-08	9.44687e-14	0.993101	0.149922	0.149922	0.149922	0.149922	0.993102	0.754454	0.754454	0.754454	
0.993102	0.993102	0.993102	0.993102	0.993102	0.993102	0.993102	0.993101	0.993102	0.993102	0.993022	5.8244e-12	1.37808e-20	4.90043e-08	0.993102	0.993102	1.37811e-20	0.993102	0.00245547	1.46655e-08	8.30849e-14	0.993101	0.168856	0.168856	0.168856	0.168856	0.993102	0.760122	0.760122	0.760122	
0.993102	0.993102	0.993102	0.993102	0.993102	0.993102	0.993102	0.993101	0.993102	0.993102	0.993017	5.8244e-12	1.37808e-20	5.30168e-08	0.993102	0.993102	1.37811e-20	0.993102	0.00245547	1.15e-08	7.60548e-14	0.993101	0.17821	0.17821	0.17821	0.17821	0.993102	0.776476	0.776476	0.776476	
0.993102	0.993102	0.993102	0.993102	0.993102	0.993102	0.993102	0.993101	0.993102	0.993102	0.99302	5.8244e-12	1.37808e-20	4.817e-08	0.993102	0.993102	1.37811e-20	0.993102	0.00245547	1.00092e-08	7.61668e-14	0.993101	0.173038	0.173038	0.173038	0.173038	0.993102	0.773502	0.773502	0.773502	
0.993102	0.993102	0.993102	0.993102	0.993102	0.993102	0.993102	0.993101	0.993102	0.993102	0.993021	5.8244e-12	1.37808e-20	4.56171e-08	0.993102	0.993102	1.37811e-20	0.993102	0.00245547	8.66416e-09	7.51384e-14	0.993101	0.171195	0.171195	0.171195	0.171195	0.993102	0.786887	0.786887	0.786887	
0.993102	0.993102	0.993102	0.993102	0.993102	0.993102	0.993102	0.993101	0.993102	0.993102	0.993027	5.8244e-12	1.37808e-20	3.97381e-08	0.993102	0.993102	1.37811e-20	0.993102	0.00245547	9.10545e-09	7.99388e-14	0.993101	0.16132	0.16132	0.16132	0.16132	0.993102	0.789115	0.789115	0.789115	
0.993102	0.993102	0.993102	0.993102	0.993102	0.993102	0.993102	0.993101	0.993102	0.993102	0.993032	5.8244e-12	1.37808e-20	3.48612e-08	0.993102	0.993102	1.37811e-20	0.993102	0.00245547	9.81069e-09	8.46114e-14	0.993101	0.152669	0.152669	0.152669	0.152669	0.993102	0.790291	0.790291	0.790291	
0.993102	0.993102	0.993102	0.993102	0.993102	0.993102	0.993102	0.993101	0.993102	0.993102	0.993036	5.8244e-12	1.37808e-20	3.09763e-08	0.993102	0.993102	1.37811e-20	0.993102	0.00245547	1.05577e-08	8.86982e-14	0.993101	0.145545	0.145545	0.145545	0.145545	0.993102	0.795949	0.795949	0.795949	
0.993102	0.993102	0.993102	0.993102	0.993102	0.993102	0.993102	0.993101	0.993102	0.993102	0.99304	5.8244e-12	1.37808e-20	2.70788e-08	0.993102	0.993102	1.37811e-20	0.993102	0.00245547	1.24169e-08	9.47978e-14	0.993101	0.137244	0.137244	0.137244	0.137244	0.993102	0.832857	0.832857	0.832857	
0.993102	0.993102	0.993102	0.993102	0.993102	0.993102	0.993102	0.993101	0.993102	0.993102	0.99305	5.8244e-12	1.37808e-20	2.11532e-08	0.993102	0.993102	1.37811e-20	0.993102	0.00245547	5.06512e-08	1.30408e-13	0.993101	0.117092	0.117092	0.117092	0.117092	0.993102	0.866293	0.866293	0.866293	
0.993102	0.993102	0.993102	0.993102	0.993102	0.993102	0.993102	0.993101	0.993102	0.993102	0.99306	5.8244e-12	1.37808e-20	1.60621e-08	0.993102	0.993102	1.37811e-20	0.993102	0.00245547	3.45391e-07	2.13656e-13	0.993101	0.0952056	0.0952056	0.0952056	0.0952056	0.993102	0.846305	0.846305	0.846305	
0.993102	0.993102	0.993102	0.993102	0.993102	0.993102	0.993102	0.993101	0.993102	0.993102	0.993066	5.8244e-12	1.37808e-20	1.25391e-08	0.993102	0.993102	1.37811e-20	0.993102	0.00245547	3.51126e-07	2.37699e-13	0.993101	0.0823925	0.0823925	0.0823925	0.0823925	0.993102	0.867678	0.867678	0.867678	
0.993102	0.993102	0.993102	0.993102	0.993102	0.993102	0.993102	0.993101	0.993102	0.993102	0.993072	5.8244e-12	1.37808e-20	9.60388e-09	0.993102	0.993102	1.37811e-20	0.993102	0.00245547	5.96872e-07	2.97199e-13	0.993101	0.06904	0.06904	0.06904	0.06904	0.993102	0.824753	0.824753	0.824753	
0.993102	0.993102	0.993102	0.993102	0.993102	0.993102	0.993102	0.993101	0.993102	0.993102	0.993073	5.8244e-12	1.37808e-20	8.41859e-09	0.993102	0.993102	1.37811e-20	0.993102	0.00245547	4.7205e-07	2.72957e-13	0.993101	0.0684211	0.0684211	0.0684211	0.0684211	0.993102	0.834721	0.834721	0.834721	
0.993102	0.993102	0.993102	0.993102	0.993102	0.993102	0.993102	0.993101	0.993102	0.993102	0.993075	5.8244e-12	1.37808e-20	7.12644e-09	0.993102	0.993102	1.37811e-20	0.993102	0.00245547	3.99472e-07	2.65977e-13	0.993101	0.0650969	0.0650969	0.0650969	0.0650969	0.993102	0.835572	0.835572	0.835572	
0.993102	0.993102	0.993102	0.993102	0.993102	0.993102	0.993102	0.993101	0.993102	0.993102	0.993076	5.8244e-12	1.37808e-20	6.13188e-09	0.993102	0.993102	1.37811e-20	0.993102	0.00245547	3.47588e-07	2.61814e-13	0.993101	0.0623876	0.0623876	0.0623876	0.0623876	0.993102	0.823032	0.823032	0.823032	
0.993102	0.993102	0.993102	0.993102	0.993102	0.993102	0.993102	0.993101	0.993102	0.993102	0.993075	5.8244e-12	1.37808e-20	5.90842e-09	0.993102	0.993102	1.37811e-20	0.993102	0.00245547	2.83026e-07	2.4477e-13	0.993101	0.0639895	0.0639895	0.0639895	0.0639895	0.993102	0.843562	0.843562	0.843562	
0.993102	0.993102	0.993102	0.993102	0.993102	0.993102	0.993102	0.993101	0.993102	0.993102	0.993077	5.8244e-12	1.37808e-20	5.0018e-09	0.993102	0.993102	1.37811e-20	0.993102	0.00245547	2.90395e-07	2.56825e-13	0.993101	0.0596341	0.0596341	0.0596341	0.0596341	0.993102	0.815727	0.815727	0.815727	
0.993102	0.993102	0.993102	0.993102	0.993102	0.993102	0.993102	0.993101	0.993102	0.993102	0.993075	5.8244e-12	1.37808e-20	5.51085e-09	0.993102	0.993102	1.37811e-20	0.993102	0.00245547	2.3209e-07	2.34395e-13	0.993101	0.0644361	0.0644361	0.0644361	0.0644361	0.993102	0.833776	0.833776	0.833776	
0.993102	0.993102	0.993102	0.993102	0.993102	0.993102	0.993102	0.993101	0.993102	0.993102	0.993076	5.8244e-12	1.37808e-20	4.98254e-09	0.993102	0.993102	1.37811e-20	0.993102	0.00245547	2.17369e-07	2.35967e-13	0.993101	0.0623651	0.0623651	0.0623651	0.0623651	0.993102	0.768002	0.768002	0.768002	
0.993102	0.993102	0.993102	0.993102	0.993102	0.993102	0.993102	0.993101	0.993102	0.993102	0.993061	5.8244e-12	1.37808e-20	1.56572e-08	0.993102	0.993102	1.37811e-20	0.993102	0.00245547	1.63494e-07	1.92821e-13	0.993101	0.0923469	0.0923469	0.0923469	0.0923469	0.993102	0.764988	0.764988	0.764988	
0.993102	0.993102	0.993102	0.993102	0.993102	0.993102	0.993102	0.993101	0.993102	0.993102	0.993049	5.8244e-12	1.37808e-20	2.5173e-08	0.993102	0.993102	1.37811e-20	0.993102	0.00245547	1.23041e-07	1.59585e-13	0.993101	0.117075	0.117075	0.117075	0.117075	0.993102	0.794767	0.794767	0.794767	
0.993102	0.993102	0.993102	0.993102	0.993102	0.993102	0.993102	0.993101	0.993102	0.993102	0.99305	5.8244e-12	1.37808e-20	2.29252e-08	0.993102	0.993102	1.37811e-20	0.993102	0.00245547	9.62751e-08	1.47176e-13	0.993101	0.116541	0.116541	0.116541	0.116541	0.993102	0.8032	0.8032	0.8032	
0.993102	0.993102	0.993102	0.993102	0.993102	0.993102	0.993102	0.993101	0.993102	0.993102	0.993052	5.8244e-12	1.37808e-20	2.00725e-08	0.993102	0.993102	1.37811e-20	0.993102	0.00245547	7.90179e-08	1.42991e-13	0.993101	0.112097	0.112097	0.112097	0.112097	0.993102	0.817693	0.817693	0.817693	
0.993102	0.993102	0.993102	0.993102	0.993102	0.993102	0.993102	0.993101	0.993102	0.993102	0.993057	5.8244e-12	1.37808e-20	1.6654e-08	0.993102	0.993102	1.37811e-20	0.993102	0.00245547	7.57769e-08	1.5091e-13	0.993101	0.102986	0.102986	0.102986	0.102986	0.993102	0.809288	0.809288	0.809288	
0.993102	0.993102	0.993102	0.993102	0.993102	0.993102	0.993102	0.993101	0.993102	0.993102	0.993059	5.8244e-12	1.37808e-20	1.47492e-08	0.993102	0.993102	1.37811e-20	0.993102	0.00245547	6.67571e-08	1.5004e-13	0.993101	0.0993554	0.0993554	0.0993554	0.0993554	0.993102	0.797515	0.797515	0.797515	
0.993102	0.993102	0.993102	0.993102	0.993102	0.993102	0.993102	0.993101	0.993102	0.993102	0.993058	5.8244e-12	1.37808e-20	1.46999e-08	0.993102	0.993102	1.37811e-20	0.993102	0.00245547	5.49137e-08	1.41602e-13	0.993101	0.101905	0.101905	0.101905	0.101905	0.993102	0.770452	0.770452	0.770452	
0.993102	0.993102	0.993102	0.993102	0.993102	0.993102	0.993102	0.993101	0.993102	0.993102	0.993048	5.8244e-12	1.37808e-20	2.18146e-08	0.993102	0.993102	1.37811e-20	0.993102	0.00245547	4.20681e-08	1.23028e-13	0.993101	0.120132	0.120132	0.120132	0.120132	0.993102	0.812206	0.812206	0.812206	
0.993102	0.993102	0.993102	0.993102	0.993102	0.993102	0.993102	0.993101	0.993102	0.993102	0.993053	5.8244e-12	1.37808e-20	1.83587e-08	0.993102	0.993102	1.37811e-20	0.993102	0.00245547	4.3458e-08	1.31408e-13	0.993101	0.111028	0.111028	0.111028	0.111028	0.993102	0.829309	0.829309	0.829309	
0.993102	0.993102	0.993102	0.993102	0.993102	0.993102	0.993102	0.993101	0.993102	0.993102	0.993059	5.8244e-12	1.37808e-20	1.47642e-08	0.993102	0.993102	1.37811e-20	0.993102	0.00245547	6.59471e-08	1.53728e-13	0.993101	0.098469	0.098469	0.098469	0.098469	0.993102	0.84018	0.84018	0.84018	
0.993102	0.993102	0.993102	0.993102	0.993102	0.993102	0.993102	0.993101	0.993102	0.993102	0.993065	5.8244e-12	1.37808e-20	1.17124e-08	0.993102	0.993102	1.37811e-20	0.993102	0.00245547	1.13524e-07	1.83883e-13	0.993101	0.0862151	0.0862151	0.0862151	0.0862151	0.993102	0.849909	0.849909	0.849909	
0.993102	0.993102	0.993102	0.993102	0.993102	0.993102	0.993102	0.993101	0.993102	0.993102	0.99307	5.8244e-12	1.37808e-20	9.21446e-09	0.993102	0.993102	1.37811e-20	0.993102	0.00245547	2.00003e-07	2.21238e-13	0.993101	0.0749219	0.0749219	0.0749219	0.0749219	0.993102	0.836275	0.836275	0.836275	
0.993102	0.993102	0.993102	0.993102	0.993102	0.993102	0.993102	0.993101	0.993102	0.993102	0.993073	5.8244e-12	1.37808e-20	7.67211e-09	0.993102	0.993102	1.37811e-20	0.993102	0.00245547	2.00429e-07	2.29226e-13	0.993101	0.0695587	0.0695587	0.0695587	0.0695587	0.993102	0.825908	0.825908	0.825908	
0.993102	0.993102	0.993102	0.993102	0.993102	0.993102	0.993102	0.993101	0.993102	0.993102	0.993073	5.8244e-12	1.37808e-20	6.91746e-09	0.993102	0.993102	1.37811e-20	0.993102	0.00245547	1.77232e-07	2.23278e-13	0.993101	0.0684515	0.0684515	0.0684515	0.0684515	0.993102	0.835582	0.835582	0.835582	
0.993102	0.993102	0.993102	0.993102	0.993102	0.993102	0.993102	0.993101	0.993102	0.993102	0.993075	5.8244e-12	1.37808e-20	5.97522e-09	0.993102	0.993102	1.37811e-20	0.993102	0.00245547	1.81321e-07	2.29876e-13	0.993101	0.0648954	0.0648954	0.0648954	0.0648954	0.993102	0.830574	0.830574	0.830574	
0.993102	0.993102	0.993102	0.993102	0.993102	0.993102	0.993102	0.993101	0.993102	0.993102	0.993076	5.8244e-12	1.37808e-20	5.44738e-09	0.993102	0.993102	1.37811e-20	0.993102	0.00245547	1.71741e-07	2.28827e-13	0.993101	0.0635884	0.0635884	0.0635884	0.0635884	0.993102	0.843855	0.843855	0.843855	
0.993102	0.993102	0.993102	0.993102	0.993102	0.993102	0.993102	0.993101	0.993102	0.993102	0.993078	5.8244e-12	1.37808e-20	4.65005e-09	0.993102	0.993102	1.37811e-20	0.993102	0.00245547	2.08521e-07	2.4533e-13	0.993101	0.0592684	0.0592684	0.0592684	0.0592684	0.993102	0.840894	0.840894	0.840894	
0.993102	0.993102	0.993102	0.993102	0.993102	0.993102	0.993102	0.993101	0.993102	0.993102	0.993079	5.8244e-12	1.37808e-20	4.1256e-09	0.993102	0.993102	1.37811e-20	0.993102	0.00245547	2.23019e-07	2.53417e-13	0.993101	0.0567136	0.0567136	0.0567136	0.0567136	0.993102	0.833215	0.833215	0.833215	
0.993102	0.993102	0.993102	0.993102	0.993102	0.993102	0.993102	0.993101	0.993102	0.993102	0.993079	5.8244e-12	1.37808e-20	3.9655e-09	0.993102	0.993102	1.37811e-20	0.993102	0.00245547	2.09135e-07	2.49524e-13	0.993101	0.0567372	0.0567372	0.0567372	0.0567372	0.993102	0.818344	0.818344	0.818344	
0.993102	0.993102	0.993102	0.993102	0.993102	0.993102	0.993102	0.993101	0.993102	0.993102	0.993077	5.8244e-12	1.37808e-20	4.55966e-09	0.993102	0.993102	1.37811e-20	0.993102	0.00245547	1.73803e-07	2.31201e-13	0.993101	0.0613342	0.0613342	0.0613342	0.0613342	0.993102	0.804622	0.804622	0.804622	
0.993102	0.993102	0.993102	0.993102	0.993102	0.993102	0.993102	0.993101	0.993102	0.993102	0.993073	5.8244e-12	1.37808e-20	6.16881e-09	0.993102	0.993102	1.37811e-20	0.993102	0.00245547	1.37651e-07	2.06812e-13	0.993101	0.0701574	0.0701574	0.0701574	0.0701574	0.993102	0.796937	0.796937	0.796937	
0.993102	0.993102	0.993102	0.993102	0.993102	0.993102	0.993102	0.993101	0.993102	0.993102	0.993068	5.8244e-12	1.37808e-20	8.36513e-09	0.993102	0.993102	1.37811e-20	0.993102	0.00245547	1.07792e-07	1.83745e-13	0.993101	0.0803419	0.0803419	0.0803419	0.0803419	0.993102	0.825475	0.825475	0.825475	
0.993102	0.993102	0.993102	0.993102	0.993102	0.993102	0.993102	0.993101	0.993102	0.993102	0.99307	5.8244e-12	1.37808e-20	7.45658e-09	0.993102	0.993102	1.37811e-20	0.993102	0.00245547	1.07216e-07	1.88801e-13	0.993101	0.0766534	0.0766534	0.0766534	0.0766534	0.993102	0.836559	0.836559	0.836559	
0.993102	0.993102	0.993102	0.993102	0.993102	0.993102	0.993102	0.993101	0.993102	0.993102	0.993073	5.8244e-12	1.37808e-20	6.34799e-09	0.993102	0.993102	1.37811e-20	0.993102	0.00245547	1.31872e-07	2.05317e-13	0.993101	0.0707821	0.0707821	0.0707821	0.0707821	0.993102	0.825809	0.825809	0.825809	
0.993102	0.993102	0.993102	0.993102	0.993102	0.993102	0.993102	0.993101	0.993102	0.993102	0.993073	5.8244e-12	1.37808e-20	5.93131e-09	0.993102	0.993102	1.37811e-20	0.993102	0.00245547	1.25772e-07	2.05286e-13	0.993101	0.0693971	0.0693971	0.0693971	0.0693971	0.993102	0.849153	0.849153	0.849153	
0.993102	0.993102	0.993102	0.993102	0.993102	0.993102	0.993102	0.993101	0.993102	0.993102	0.993076	5.8244e-12	1.37808e-20	4.90255e-09	0.993102	0.993102	1.37811e-20	0.993102	0.00245547	2.04063e-07	2.35997e-13	0.993101	0.0624896	0.0624896	0.0624896	0.0624896	0.993102	0.88977	0.88977	0.88977	
0.993102	0.993102	0.993102	0.993102	0.993102	0.993102	0.993102	0.993101	0.993102	0.993102	0.993081	5.8244e-12	1.37808e-20	3.75987e-09	0.993102	0.993102	1.37811e-20	0.993102	0.00245547	1.41043e-06	3.62225e-13	0.993101	0.0515592	0.0515592	0.0515592	0.0515592	0.993102	0.897907	0.897907	0.897907	
0.993102	0.993102	0.993102	0.993102	0.993102	0.993102	0.993102	0.993101	0.993102	0.993102	0.993085	5.8244e-12	1.37808e-20	2.87943e-09	0.993102	0.993102	1.37811e-20	0.993102	0.00245547	3.10478e-06	4.89487e-13	0.993101	0.0426711	0.0426711	0.0426711	0.0426711	0.993102	0.897117	0.897117	0.897117	
0.993102	0.993102	0.993102	0.993102	0.993102	0.993102	0.993102	0.993101	0.993102	0.993102	0.993087	5.8244e-12	1.37808e-20	2.22275e-09	0.993102	0.993102	1.37811e-20	0.993102	0.00245547	4.27771e-06	5.81287e-13	0.993101	0.0360846	0.0360846	0.0360846	0.0360846	0.993102	0.929441	0.929441	0.929441	
0.993102	0.993102	0.993102	0.993102	0.993102	0.993102	0.993102	0.993101	0.993102	0.993102	0.99309	5.82441e-12	1.37808e-20	1.68191e-09	0.993102	0.993102	1.37811e-20	0.993102	0.00245547	1.67937e-05	8.45394e-13	0.993101	0.0291951	0.0291951	0.0291951	0.0291951	0.993102	0.861287	0.861287	0.861287	
0.993102	0.993102	0.993102	0.993102	0.993102	0.993102	0.993102	0.993101	0.993102	0.993102	0.99309	5.82441e-12	1.37808e-20	1.54432e-09	0.993102	0.993102	1.37811e-20	0.993102	0.00245547	1.27939e-05	7.37596e-13	0.993101	0.030208	0.030208	0.030208	0.030208	0.993102	0.89875	0.89875	0.89875	
0.993102	0.993102	0.993102	0.993102	0.993102	0.993102	0.993102	0.993101	0.993102	0.993102	0.993091	5.82441e-12	1.37808e-20	1.21943e-09	0.993102	0.993102	1.37811e-20	0.993102	0.00245547	1.17289e-05	7.74079e-13	0.993101	0.0266275	0.0266275	0.0266275	0.0266275	0.993102	0.917669	0.917669	0.917669	
0.993102	0.993102	0.993102	0.993102	0.993102	0.993102	0.993102	0.993101	0.993102	0.993102	0.993093	5.82441e-12	1.37808e-20	9.42416e-10	0.993102	0.993102	1.37811e-20	0.993102	0.00245547	1.54841e-05	9.03553e-13	0.993101	0.0226948	0.0226948	0.0226948	0.0226948	0.993102	0.911168	0.911168	0.911168	
0.993102	0.993102	0.993102	0.993102	0.993102	0.993102	0.993102	0.993101	0.993102	0.993102	0.993094	5.82441e-12	1.37808e-20	7.4404e-10	0.993102	0.993102	1.37811e-20	0.993102	0.00245547	1.61272e-05	9.60886e-13	0.993101	0.0201319	0.0201319	0.0201319	0.0201319	0.993102	0.912161	0.912161	0.912161	
0.993102	0.993102	0.993102	0.993102	0.993102	0.993102	0.993102	0.993101	0.993102	0.993102	0.993095	5.82441e-12	1.37808e-20	5.94089e-10	0.993102	0.993102	1.37811e-20	0.993102	0.00245547	1.68874e-05	1.0095e-12	0.993101	0.018153	0.018153	0.018153	0.018153	0.993102	0.91757	0.91757	0.91757	
0.993102	0.993102	0.993102	0.993102	0.993102	0.993102	0.993102	0.993101	0.993102	0.993102	0.993096	5.82441e-12	1.37808e-20	4.74618e-10	0.993102	0.993102	1.37811e-20	0.993102	0.00245547	1.93043e-05	1.07907e-12	0.993101	0.016359	0.016359	0.016359	0.016359	0.993102	0.837398	0.837398	0.837398	
0.993102	0.993102	0.993102	0.993102	0.993102	0.993102	0.993102	0.993101	0.993102	0.993102	0.993092	5.82442e-12	1.37808e-20	1.09828e-09	0.993102	0.993102	1.37811e-20	0.993102	0.00245547	1.4499e-05	8.72558e-13	0.993101	0.0254545	0.0254545	0.0254545	0.0254545	0.993102	0.854086	0.854086	0.854086	
0.993102	0.993102	0.993102	0.993102	0.993102	0.993102	0.993102	0.993101	0.993102	0.993102	0.993091	5.82442e-12	1.37808e-20	1.20302e-09	0.993102	0.993102	1.37811e-20	0.993102	0.00245547	1.09969e-05	7.43836e-13	0.993101	0.0286547	0.0286547	0.0286547	0.0286547	0.993102	0.892733	0.892733	0.892733	
0.993102	0.993102	0.993102	0.993102	0.993102	0.993102	0.993102	0.993101	0.993102	0.993102	0.993092	5.82441e-12	1.37808e-20	9.81419e-10	0.993102	0.993102	1.37811e-20	0.993102	0.00245547	9.731e-06	7.53556e-13	0.993101	0.0259705	0.0259705	0.0259705	0.0259705	0.993102	0.867757	0.867757	0.867757	
0.993102	0.993102	0.993102	0.993102	0.993102	0.993102	0.993102	0.993101	0.993102	0.993102	0.993091	5.82441e-12	1.37808e-20	9.54992e-10	0.993102	0.993102	1.37811e-20	0.993102	0.00245547	7.61709e-06	6.83386e-13	0.993101	0.0268101	0.0268101	0.0268101	0.0268101	0.993102	0.854345	0.854345	0.854345	
0.993102	0.993102	0.993102	0.993102	0.993102	0.993102	0.993102	0.993101	0.993102	0.993102	0.99309	5.82441e-12	1.37808e-20	1.09186e-09	0.993102	0.993102	1.37811e-20	0.993102	0.00245547	5.84973e-06	6.02758e-13	0.993101	0.0296212	0.0296212	0.0296212	0.0296212	0.993102	0.809182	0.809182	0.809182	
0.993102	0.993102	0.993102	0.993102	0.993102	0.993102	0.993102	0.993101	0.993102	0.993102	0.993084	5.82441e-12	1.37808e-20	3.1143e-09	0.993102	0.993102	1.37811e-20	0.993102	0.00245547	4.38713e-06	4.88064e-13	0.993101	0.0445018	0.0445018	0.0445018	0.0445018	0.993102	0.837089	0.837089	0.837089	
0.993102	0.993102	0.993102	0.993102	0.993102	0.993102	0.993102	0.993101	0.993102	0.993102	0.993083	5.82441e-12	1.37808e-20	3.0827e-09	0.993102	0.993102	1.37811e-20	0.993102	0.00245547	3.33605e-06	4.29927e-13	0.993101	0.0465903	0.0465903	0.0465903	0.0465903	0.993102	0.857089	0.857089	0.857089	
0.993102	0.993102	0.993102	0.993102	0.993102	0.993102	0.993102	0.993101	0.993102	0.993102	0.993084	5.82441e-12	1.37808e-20	2.64473e-09	0.993102	0.993102	1.37811e-20	0.993102	0.00245547	2.67326e-06	4.1826e-13	0.993101	0.04393	0.04393	0.04393	0.04393	0.993102	0.888833	0.888833	0.888833	
0.993102	0.993102	0.993102	0.993102	0.993102	0.993102	0.993102	0.993101	0.993102	0.993102	0.993087	5.82441e-12	1.37808e-20	2.07392e-09	0.993102	0.993102	1.37811e-20	0.993102	0.00245547	3.18926e-06	4.95159e-13	0.993101	0.0377608	0.0377608	0.0377608	0.0377608	0.993102	0.894025	0.894025	0.894025	
0.993102	0.993102	0.993102	0.993102	0.993102	0.993102	0.993102	0.993101	0.993102	0.993102	0.993089	5.82441e-12	1.37808e-20	1.62899e-09	0.993102	0.993102	1.37811e-20	0.993102	0.00245547	4.00992e-06	5.72635e-13	0.993101	0.0326708	0.0326708	0.0326708	0.0326708	0.993102	0.838482	0.838482	0.838482	
0.993102	0.993102	0.993102	0.993102	0.993102	0.993102	0.993102	0.993101	0.993102	0.993102	0.993087	5.82441e-12	1.37808e-20	1.93052e-09	0.993102	0.993102	1.37811e-20	0.993102	0.00245547	3.05844e-06	4.95037e-13	0.993101	0.0373913	0.0373913	0.0373913	0.0373913	0.993102	0.864656	0.864656	0.864656	
0.993102	0.993102	0.993102	0.993102	0.993102	0.993102	0.993102	0.993101	0.993102	0.993102	0.993088	5.82441e-12	1.37808e-20	1.69432e-09	0.993102	0.993102	1.37811e-20	0.993102	0.00245547	2.56725e-06	4.82757e-13	0.993101	0.0358131	0.0358131	0.0358131	0.0358131	0.993102	0.852501	0.852501	0.852501	
0.993102	0.993102	0.993102	0.993102	0.993102	0.993102	0.993102	0.993101	0.993102	0.993102	0.993087	5.82441e-12	1.37808e-20	1.67396e-09	0.993102	0.993102	1.37811e-20	0.993102	0.00245547	2.05539e-06	4.49324e-13	0.993101	0.0367029	0.0367029	0.0367029	0.0367029	0.993102	0.850645	0.850645	0.850645	
0.993102	0.993102	0.993102	0.993102	0.993102	0.993102	0.993102	0.993101	0.993102	0.993102	0.993087	5.82441e-12	1.37808e-20	1.69002e-09	0.993102	0.993102	1.37811e-20	0.993102	0.00245547	1.65822e-06	4.21098e-13	0.993101	0.0377278	0.0377278	0.0377278	0.0377278	0.993102	0.870708	0.870708	0.870708	
0.993102	0.993102	0.993102	0.993102	0.993102	0.993102	0.993102	0.993101	0.993102	0.993102	0.993088	5.82441e-12	1.37808e-20	1.46065e-09	0.993102	0.993102	1.37811e-20	0.993102	0.00245547	1.64155e-06	4.41885e-13	0.993101	0.0351966	0.0351966	0.0351966	0.0351966	0.993102	0.829199	0.829199	0.829199	
0.993102	0.993102	0.993102	0.993102	0.993102	0.993102	0.993102	0.993101	0.993102	0.993102	0.993085	5.82441e-12	1.37808e-20	2.12451e-09	0.993102	0.993102	1.37811e-20	0.993102	0.00245547	1.26152e-06	3.85925e-13	0.993101	0.0417591	0.0417591	0.0417591	0.0417591	0.993102	0.837664	0.837664	0.837664	
0.993102	0.993102	0.993102	0.993102	0.993102	0.993102	0.993102	0.993101	0.993102	0.993102	0.993084	5.82441e-12	1.37808e-20	2.32495e-09	0.993102	0.993102	1.37811e-20	0.993102	0.00245547	9.99135e-07	3.54249e-13	0.993101	0.0443939	0.0443939	0.0443939	0.0443939	0.993102	0.835341	0.835341	0.835341	
0.993102	0.993102	0.993102	0.993102	0.993102	0.993102	0.993102	0.993101	0.993102	0.993102	0.993083	5.82441e-12	1.37808e-20	2.54655e-09	0.993102	0.993102	1.37811e-20	0.993102	0.00245547	7.95622e-07	3.27575e-13	0.993101	0.0469564	0.0469564	0.0469564	0.0469564	0.993102	0.837197	0.837197	0.837197	
0.993102	0.993102	0.993102	0.993102	0.993102	0.993102	0.993102	0.993101	0.993102	0.993102	0.993083	5.82441e-12	1.37808e-20	2.65461e-09	0.993102	0.993102	1.37811e-20	0.993102	0.00245547	6.48997e-07	3.09979e-13	0.993101	0.0483997	0.0483997	0.0483997	0.0483997	0.993102	0.8342	0.8342	0.8342	
0.993102	0.993102	0.993102	0.993102	0.993102	0.993102	0.993102	0.993101	0.993102	0.993102	0.993082	5.82441e-12	1.37808e-20	2.83087e-09	0.993102	0.993102	1.37811e-20	0.993102	0.00245547	5.30452e-07	2.9304e-13	0.993101	0.0502529	0.0502529	0.0502529	0.0502529	0.993102	0.847647	0.847647	0.847647	
0.993102	0.993102	0.993102	0.993102	0.993102	0.993102	0.993102	0.993101	0.993102	0.993102	0.993083	5.82441e-12	1.37808e-20	2.61143e-09	0.993102	0.993102	1.37811e-20	0.993102	0.00245547	4.97371e-07	2.99216e-13	0.993101	0.0484735	0.0484735	0.0484735	0.0484735	0.993102	0.852623	0.852623	0.852623	
0.993102	0.993102	0.993102	0.993102	0.993102	0.993102	0.993102	0.993101	0.993102	0.993102	0.993084	5.82441e-12	1.37808e-20	2.35823e-09	0.993102	0.993102	1.37811e-20	0.993102	0.00245547	5.07565e-07	3.12202e-13	0.993101	0.046153	0.046153	0.046153	0.046153	0.993102	0.850063	0.850063	0.850063	
0.993102	0.993102	0.993102	0.993102	0.993102	0.993102	0.993102	0.993101	0.993102	0.993102	0.993084	5.82441e-12	1.37808e-20	2.21234e-09	0.993102	0.993102	1.37811e-20	0.993102	0.00245547	4.95917e-07	3.17512e-13	0.993101	0.0449142	0.0449142	0.0449142	0.0449142	0.993102	0.877357	0.877357	0.877357	
0.993102	0.993102	0.993102	0.993102	0.993102	0.993102	0.993102	0.993101	0.993102	0.993102	0.993086	5.82441e-12	1.37808e-20	1.8057e-09	0.993102	0.993102	1.37811e-20	0.993102	0.00245547	9.68313e-07	3.8241e-13	0.993101	0.0397277	0.0397277	0.0397277	0.0397277	0.993102	0.87282	0.87282	0.87282	
0.993102	0.993102	0.993102	0.993102	0.993102	0.993102	0.993102	0.993101	0.993102	0.993102	0.993088	5.82441e-12	1.37808e-20	1.53133e-09	0.993102	0.993102	1.37811e-20	0.993102	0.00245547	1.17944e-06	4.18406e-13	0.993101	0.0364127	0.0364127	0.0364127	0.0364127	0.993102	0.871806	0.871806	0.871806	
0.993102	0.993102	0.993102	0.993102	0.993102	0.993102	0.993102	0.993101	0.993102	0.993102	0.993089	5.82441e-12	1.37808e-20	1.33348e-09	0.993102	0.993102	1.37811e-20	0.993102	0.00245547	1.31059e-06	4.42687e-13	0.993101	0.0340654	0.0340654	0.0340654	0.0340654	0.993102	0.853591	0.853591	0.853591	
0.993102	0.993102	0.993102	0.993102	0.993102	0.993102	0.993102	0.993101	0.993102	0.993102	0.993088	5.82441e-12	1.37808e-20	1.38663e-09	0.993102	0.993102	1.37811e-20	0.993102	0.00245547	1.12416e-06	4.21283e-13	0.993101	0.0351898	0.0351898	0.0351898	0.0351898	0.993102	0.819617	0.819617	0.819617	
0.993102	0.993102	0.993102	0.993102	0.993102	0.993102	0.993102	0.993101	0.993102	0.993102	0.993084	5.82441e-12	1.37808e-20	2.55097e-09	0.993102	0.993102	1.37811e-20	0.993102	0.00245547	8.59857e-07	3.60868e-13	0.993101	0.0447717	0.0447717	0.0447717	0.0447717	0.993102	0.807724	0.807724	0.807724	
0.993102	0.993102	0.993102	0.993102	0.993102	0.993102	0.993102	0.993101	0.993102	0.993102	0.993079	5.82441e-12	1.37808e-20	4.3441e-09	0.993102	0.993102	1.37811e-20	0.993102	0.00245547	6.52555e-07	3.06001e-13	0.993101	0.0564388	0.0564388	0.0564388	0.0564388	0.993102	0.830344	0.830344	0.830344	
0.993102	0.993102	0.993102	0.993102	0.993102	0.993102	0.993102	0.993101	0.993102	0.993102	0.993079	5.82441e-12	1.37808e-20	4.23592e-09	0.993102	0.993102	1.37811e-20	0.993102	0.00245547	5.23854e-07	2.85528e-13	0.993101	0.0573259	0.0573259	0.0573259	0.0573259	0.993102	0.797578	0.797578	0.797578	
0.993102	0.993102	0.993102	0.993102	0.993102	0.993102	0.993102	0.993101	0.993102	0.993102	0.993073	5.82441e-12	1.37808e-20	6.82393e-09	0.993102	0.993102	1.37811e-20	0.993102	0.00245547	3.96961e-07	2.4302e-13	0.993101	0.0704249	0.0704249	0.0704249	0.0704249	0.993102	0.814269	0.814269	0.814269	
0.993102	0.993102	0.993102	0.993102	0.993102	0.993102	0.993102	0.993101	0.993102	0.993102	0.993071	5.8244e-12	1.37808e-20	6.98046e-09	0.993102	0.993102	1.37811e-20	0.993102	0.00245547	3.1059e-07	2.22851e-13	0.993101	0.0730489	0.0730489	0.0730489	0.0730489	0.993102	0.802541	0.802541	0.802541	
0.993102	0.993102	0.993102	0.993102	0.993102	0.993102	0.993102	0.993101	0.993102	0.993102	0.993068	5.8244e-12	1.37808e-20	8.21959e-09	0.993102	0.993102	1.37811e-20	0.993102	0.00245547	2.39112e-07	1.99186e-13	0.993101	0.0798506	0.0798506	0.0798506	0.0798506	0.993102	0.788639	0.788639	0.788639	
0.993102	0.993102	0.993102	0.993102	0.993102	0.993102	0.993102	0.993101	0.993102	0.993102	0.993063	5.8244e-12	1.37808e-20	1.13754e-08	0.993102	0.993102	1.37811e-20	0.993102	0.00245547	1.81832e-07	1.73605e-13	0.993101	0.0919737	0.0919737	0.0919737	0.0919737	0.993102	0.810047	0.810047	0.810047	
0.993102	0.993102	0.993102	0.993102	0.993102	0.993102	0.993102	0.993101	0.993102	0.993102	0.993063	5.8244e-12	1.37808e-20	1.07311e-08	0.993102	0.993102	1.37811e-20	0.993102	0.00245547	1.46582e-07	1.6759e-13	0.993101	0.0908088	0.0908088	0.0908088	0.0908088	0.993102	0.830844	0.830844	0.830844	
0.993102	0.993102	0.993102	0.993102	0.993102	0.993102	0.993102	0.993101	0.993102	0.993102	0.993067	5.8244e-12	1.37808e-20	8.99556e-09	0.993102	0.993102	1.37811e-20	0.993102	0.00245547	1.46335e-07	1.82528e-13	0.993101	0.0829025	0.0829025	0.0829025	0.0829025	0.993102	0.854054	0.854054	0.854054	
0.993102	0.993102	0.993102	0.993102	0.993102	0.993102	0.993102	0.993101	0.993102	0.993102	0.993072	5.8244e-12	1.37808e-20	7.11275e-09	0.993102	0.993102	1.37811e-20	0.993102	0.00245547	2.5704e-07	2.27453e-13	0.993101	0.0716468	0.0716468	0.0716468	0.0716468	0.993102	0.864426	0.864426	0.864426	
